Factories	2
Families	40
Machines	4
SetupType	3

Number of Jobs in each Family
9	1	1	3	7	7	5	5	1	4	5	6	3	5	4	2	10	7	7	6	8	5	5	8	9	5	5	10	10	6	9	2	4	1	3	6	2	5	5	4	

Jobs in each Family
0	1	2	3	4	5	6	7	8	
9	
10	
11	12	13	
14	15	16	17	18	19	20	
21	22	23	24	25	26	27	
28	29	30	31	32	
33	34	35	36	37	
38	
39	40	41	42	
43	44	45	46	47	
48	49	50	51	52	53	
54	55	56	
57	58	59	60	61	
62	63	64	65	
66	67	
68	69	70	71	72	73	74	75	76	77	
78	79	80	81	82	83	84	
85	86	87	88	89	90	91	
92	93	94	95	96	97	
98	99	100	101	102	103	104	105	
106	107	108	109	110	
111	112	113	114	115	
116	117	118	119	120	121	122	123	
124	125	126	127	128	129	130	131	132	
133	134	135	136	137	
138	139	140	141	142	
143	144	145	146	147	148	149	150	151	152	
153	154	155	156	157	158	159	160	161	162	
163	164	165	166	167	168	
169	170	171	172	173	174	175	176	177	
178	179	
180	181	182	183	
184	
185	186	187	
188	189	190	191	192	193	
194	195	
196	197	198	199	200	
201	202	203	204	205	
206	207	208	209	

Total number of jobs
210

Processing times of jobs
5	2	3	8	
5	9	2	6	
7	7	6	9	
5	9	9	10	
6	8	3	6	
9	5	10	3	
5	6	3	8	
4	10	6	7	
3	9	7	5	
2	6	8	3	
5	10	1	8	
10	8	5	8	
3	8	9	7	
4	3	2	10	
6	1	2	7	
9	4	7	10	
9	6	8	7	
6	10	7	6	
8	6	7	4	
9	5	6	10	
4	3	2	1	
3	4	4	10	
3	1	2	6	
6	1	5	9	
4	4	5	10	
5	10	6	5	
2	2	7	6	
5	3	9	8	
8	8	6	1	
9	2	5	9	
2	8	1	3	
5	9	8	4	
4	4	3	3	
2	9	1	8	
7	9	1	4	
8	1	4	4	
9	5	1	7	
8	2	1	2	
2	7	9	9	
10	7	4	5	
5	9	4	10	
6	6	8	8	
3	10	8	5	
10	10	6	2	
1	9	1	4	
1	4	7	2	
7	6	6	3	
2	9	8	6	
8	5	6	5	
9	4	1	7	
5	6	4	1	
8	9	7	8	
7	2	1	6	
4	1	10	5	
7	10	2	5	
9	5	3	1	
1	3	3	4	
1	5	6	9	
5	10	6	4	
9	6	10	9	
10	8	10	3	
9	10	4	1	
7	7	1	3	
1	7	6	3	
9	1	3	5	
6	9	5	8	
5	7	9	10	
2	6	10	3	
6	2	8	9	
1	6	2	8	
6	6	5	8	
5	10	3	10	
10	1	4	10	
3	5	2	6	
9	9	1	4	
1	10	10	1	
7	8	3	1	
4	2	1	4	
2	6	4	9	
7	6	6	1	
2	2	7	5	
8	5	1	6	
8	1	3	2	
4	7	6	4	
10	1	7	3	
4	7	3	4	
5	3	2	4	
9	10	3	5	
6	3	3	7	
1	6	2	3	
6	4	3	7	
9	4	8	6	
7	3	5	2	
6	8	9	9	
10	2	1	2	
8	10	6	4	
4	10	1	4	
7	9	10	7	
9	5	4	8	
4	6	2	1	
6	5	3	5	
7	3	8	9	
1	9	9	5	
9	1	7	4	
2	9	7	10	
5	7	4	3	
2	9	7	5	
8	4	6	5	
1	7	1	2	
2	1	2	7	
4	9	3	7	
8	6	10	6	
5	5	8	3	
5	5	7	3	
4	1	10	3	
9	8	6	10	
9	3	8	9	
4	3	10	3	
9	4	10	2	
3	10	9	7	
10	2	10	1	
5	10	3	9	
7	10	10	9	
7	3	7	1	
5	7	1	8	
4	4	10	5	
9	7	2	4	
10	4	6	7	
3	5	9	6	
2	5	1	3	
1	2	2	8	
10	2	8	2	
5	9	6	5	
9	1	4	7	
10	1	2	3	
5	1	4	3	
10	6	1	6	
2	4	3	9	
3	6	8	9	
9	10	10	3	
9	4	2	9	
4	3	8	9	
6	5	3	9	
6	2	2	5	
1	7	1	9	
7	10	1	7	
1	4	7	2	
3	10	9	10	
3	3	3	7	
6	1	7	2	
5	8	7	1	
9	7	1	1	
10	5	1	6	
5	8	5	1	
9	10	8	10	
1	1	8	1	
2	6	6	3	
5	4	5	4	
1	8	5	1	
5	1	7	9	
6	3	5	5	
9	3	8	6	
5	9	3	3	
6	8	3	8	
6	8	4	6	
7	9	10	8	
7	6	1	4	
1	7	10	9	
6	9	8	5	
4	2	8	4	
2	2	2	9	
7	8	2	5	
1	3	5	4	
2	4	3	1	
10	4	4	5	
2	6	3	5	
10	1	1	5	
10	8	7	7	
1	1	10	2	
7	10	3	10	
10	7	2	7	
9	4	1	7	
5	2	1	2	
2	1	1	8	
6	6	6	5	
9	4	4	3	
8	6	10	2	
5	4	5	7	
6	4	4	7	
6	6	6	6	
6	3	8	3	
7	1	6	8	
2	8	8	1	
3	6	6	2	
1	6	7	5	
6	5	8	7	
1	10	1	8	
3	3	1	2	
3	2	8	7	
8	5	5	6	
7	4	4	2	
3	9	3	6	
8	9	8	5	
10	10	4	6	
5	10	10	4	
9	10	7	1	
9	8	4	7	
4	2	7	7	
10	7	6	1	
1	7	5	1	

Stepup times between Families, where [f][f] represents initial setup time
On machine	1
56	24	83	4	21	16	86	21	27	18	36	34	5	88	98	12	12	38	80	27	46	77	61	15	4	90	95	48	11	60	75	82	26	86	92	97	58	64	97	13	
47	7	49	44	61	18	35	58	82	52	68	30	12	40	31	16	96	96	47	58	36	45	85	22	7	22	94	56	99	99	93	8	43	76	80	55	37	14	95	47	
2	88	21	76	56	54	3	100	37	95	95	37	58	1	85	65	4	5	68	31	54	42	39	40	79	49	9	88	2	31	34	26	20	88	42	17	96	72	56	25	
50	98	56	21	92	94	97	98	12	10	42	100	8	37	94	20	74	64	29	25	24	50	8	91	39	97	48	29	46	29	95	94	14	93	96	10	31	48	40	25	
78	22	21	45	13	83	78	76	1	59	7	52	47	38	66	54	85	73	30	28	28	90	91	26	30	41	86	72	100	12	27	66	33	68	84	44	56	8	43	19	
20	14	59	84	78	56	19	75	100	76	92	90	100	43	4	23	50	46	50	71	93	26	64	57	66	82	59	75	31	94	98	11	11	54	78	68	35	23	4	98	
13	10	50	27	86	99	63	72	78	47	17	72	42	85	58	47	49	33	19	81	64	46	14	59	2	38	98	86	96	48	55	16	40	85	1	16	52	90	83	69	
73	61	30	5	49	9	34	2	6	71	47	37	56	63	28	87	48	8	70	85	18	94	66	99	16	52	80	95	96	13	80	66	81	47	78	31	84	44	54	71	
52	84	35	53	39	99	31	3	87	69	19	41	89	86	61	40	67	37	7	41	56	84	30	59	32	34	91	47	25	24	5	55	85	68	91	100	20	30	15	63	
41	43	19	66	68	4	91	44	63	37	75	27	70	6	38	97	11	94	15	79	46	41	35	28	23	89	100	86	5	29	64	4	23	86	17	4	53	19	100	65	
37	27	91	91	47	48	67	74	90	6	38	85	27	12	53	23	71	26	89	47	4	88	91	80	96	66	74	63	74	24	96	73	69	84	7	3	66	61	45	67	
24	22	26	91	90	8	98	85	21	29	67	55	66	54	35	92	46	53	65	83	100	6	16	54	59	31	20	2	77	94	93	72	59	36	57	55	18	30	34	5	
84	54	84	47	39	72	68	61	75	30	70	72	71	42	54	42	30	97	69	87	62	83	94	98	57	49	23	32	2	98	58	58	26	3	39	21	79	5	19	85	
41	83	21	3	95	63	5	87	56	81	74	28	46	51	61	35	3	36	54	10	3	23	25	6	29	45	37	14	42	42	79	50	53	41	23	10	15	62	18	23	
31	28	32	92	53	86	64	93	33	11	100	8	49	42	51	20	98	27	100	59	51	62	68	82	74	7	63	66	81	19	11	97	36	86	18	43	43	62	37	26	
3	62	84	16	40	14	80	56	89	70	59	18	39	70	3	35	23	89	1	8	75	5	91	73	3	14	20	13	48	76	11	72	56	22	7	85	79	92	89	86	
82	1	22	93	38	58	91	67	99	5	14	2	54	85	31	31	87	8	34	66	67	87	75	22	21	27	83	31	72	80	45	30	4	22	10	42	16	45	4	92	
59	45	21	82	6	42	62	31	30	10	73	98	73	4	48	8	15	88	39	38	93	13	9	24	73	73	22	99	45	39	75	5	48	41	18	46	26	57	76	85	
54	61	88	37	6	2	42	17	39	89	8	23	23	11	8	88	59	7	34	54	68	41	31	82	91	98	50	96	79	61	97	85	8	84	48	11	74	7	34	51	
16	24	8	96	41	55	58	54	83	44	70	37	62	39	92	47	71	95	68	59	30	15	42	7	24	37	27	45	93	71	90	93	53	90	62	42	1	17	75	74	
89	83	27	39	11	81	78	76	58	54	4	67	81	35	54	44	54	56	51	97	10	36	77	75	13	98	10	70	89	88	36	13	72	29	85	84	63	37	66	57	
38	32	2	80	40	24	74	98	37	82	84	92	47	35	20	46	9	26	33	26	99	21	8	49	82	25	66	96	42	38	63	66	21	99	51	26	49	46	100	26	
34	31	72	87	26	26	73	100	45	62	26	87	89	60	91	47	53	92	4	63	3	34	70	87	100	31	50	65	55	58	98	1	54	58	73	68	72	57	83	50	
73	3	93	62	24	67	46	88	74	90	10	9	76	2	82	61	54	76	76	21	5	4	92	41	62	28	87	93	80	32	62	60	1	85	19	26	71	69	92	30	
53	18	44	18	23	9	23	70	89	56	52	54	20	19	96	16	45	44	92	13	84	46	15	39	88	83	31	18	68	80	45	19	17	84	39	46	77	79	13	51	
87	70	78	52	20	28	96	77	74	51	82	79	50	19	41	45	83	50	1	80	21	37	86	46	16	37	42	41	9	94	33	21	58	56	66	71	96	83	63	23	
4	100	25	77	19	96	100	55	55	41	50	15	7	67	50	19	16	33	46	24	61	59	90	46	59	23	41	100	46	23	2	72	80	84	67	58	31	9	49	26	
85	57	37	95	38	59	73	61	38	67	85	9	71	5	88	8	5	58	2	25	64	12	76	87	2	39	34	70	30	85	7	97	16	37	70	88	98	88	16	46	
90	44	41	78	57	50	60	69	31	53	65	31	55	75	45	16	50	68	29	61	32	37	50	55	75	26	69	98	38	55	69	29	64	7	74	13	65	38	28	11	
52	78	19	71	87	88	98	55	64	88	69	11	52	72	19	6	5	80	31	57	16	51	51	46	7	41	54	92	47	38	51	29	77	71	35	60	68	22	81	16	
99	86	44	32	47	55	17	37	75	26	31	33	22	25	7	17	20	6	95	61	61	42	42	67	99	80	25	49	42	6	73	59	64	59	28	4	37	37	40	48	
1	65	22	90	85	49	47	78	24	65	61	98	29	33	79	17	59	94	18	52	56	87	79	60	23	10	69	3	86	31	13	59	91	72	34	28	5	18	70	45	
21	95	86	14	17	16	1	23	60	8	13	84	59	10	65	11	92	48	94	6	22	5	86	34	68	32	77	75	49	21	76	19	39	7	88	17	19	22	9	41	
84	96	62	57	71	7	58	21	75	92	75	87	44	18	78	57	78	100	75	28	55	69	90	14	92	58	30	46	72	40	30	79	73	31	57	82	84	33	50	12	
23	99	96	88	22	55	94	92	19	41	23	81	65	95	99	27	42	7	49	79	79	82	20	25	81	31	71	37	54	68	90	21	50	37	54	47	30	19	40	87	
8	95	33	28	88	26	52	75	10	59	64	19	50	15	31	51	21	24	51	33	12	17	25	73	82	41	52	38	9	79	47	2	17	37	93	27	8	11	23	16	
69	57	3	70	59	99	76	77	56	42	94	78	23	76	27	34	100	96	10	95	70	86	75	17	1	23	3	4	4	58	18	64	8	50	74	73	55	52	62	40	
72	55	71	13	56	28	1	26	71	53	25	60	99	21	13	25	42	79	76	50	2	30	4	9	6	30	94	26	22	47	25	90	3	46	98	76	16	18	42	16	
21	41	4	63	78	87	44	36	66	70	68	52	88	47	74	65	93	28	62	66	12	51	62	28	43	69	71	76	78	46	74	19	20	28	31	42	96	77	12	8	
58	75	45	100	23	90	51	87	55	17	51	61	16	17	64	71	65	84	99	81	89	99	86	37	98	25	38	96	77	43	90	47	54	72	21	49	3	95	19	15	
On machine	2
62	76	15	44	60	60	19	49	68	29	65	64	92	29	57	17	32	12	34	25	85	24	77	79	78	85	19	51	96	54	23	5	3	26	84	77	74	82	8	44	
35	45	33	91	76	73	63	55	61	82	6	25	48	53	37	38	73	11	44	90	69	17	2	97	57	94	34	62	55	43	6	19	33	51	76	32	25	27	8	99	
68	67	51	28	33	53	95	82	100	85	39	86	96	27	24	11	54	81	87	25	7	96	53	18	87	68	49	21	67	78	93	9	60	70	80	62	81	5	66	46	
44	89	32	87	51	82	21	15	76	31	73	32	69	17	46	36	6	63	80	56	57	35	9	97	99	4	45	23	28	13	98	82	70	4	23	41	47	2	82	61	
60	91	3	74	83	69	80	83	83	74	82	4	65	33	81	55	95	56	82	72	54	36	100	58	37	25	97	32	100	5	94	85	62	17	34	78	59	77	43	86	
1	13	70	92	85	65	55	91	48	19	32	99	71	26	38	90	52	49	45	5	25	56	38	35	58	43	97	70	14	88	19	49	30	1	80	86	90	47	46	66	
12	61	86	65	62	60	15	78	42	19	71	38	80	86	20	43	44	38	36	77	32	7	53	32	56	66	20	81	20	82	91	14	26	89	44	95	80	6	20	34	
24	13	92	77	55	44	46	58	67	81	8	19	1	62	52	7	21	7	79	69	82	2	92	28	13	19	51	75	81	51	7	58	66	55	99	32	43	9	48	42	
64	58	48	20	76	4	17	27	54	1	56	46	90	29	12	13	86	76	62	63	57	12	91	94	20	6	100	13	44	11	84	41	91	61	68	68	54	77	42	30	
66	95	96	68	26	72	39	19	45	20	13	45	72	92	16	71	62	70	12	26	90	42	44	49	88	59	56	51	32	82	21	1	95	82	54	59	43	70	62	84	
6	59	85	43	90	88	55	99	83	22	94	13	84	47	76	76	83	92	17	53	7	43	38	77	59	90	30	80	29	12	92	58	40	67	33	40	78	20	39	3	
100	79	86	81	35	34	58	17	23	75	30	95	54	7	40	40	32	90	4	81	8	85	37	75	73	99	93	55	77	63	96	60	14	68	9	65	51	62	96	75	
45	96	19	91	76	15	3	24	39	26	33	19	75	27	69	18	15	13	82	6	27	85	83	92	6	86	22	39	80	52	89	12	34	21	89	26	16	95	95	75	
31	88	52	15	96	2	17	19	63	41	55	8	72	12	83	73	87	72	33	6	70	79	34	31	31	84	19	49	55	34	48	59	3	29	5	87	37	67	8	90	
1	92	16	41	27	25	8	58	84	7	62	98	41	12	54	88	63	29	1	6	9	8	91	22	10	56	53	21	3	2	63	27	32	14	81	53	78	31	67	50	
72	11	6	19	80	42	33	87	77	9	8	79	62	54	76	26	57	70	63	31	33	74	97	10	14	94	43	56	75	92	59	3	52	11	72	1	16	50	83	80	
72	15	87	10	38	96	85	82	37	58	51	3	41	12	86	99	89	29	73	62	11	96	48	20	12	76	49	77	9	76	49	3	69	48	98	45	60	49	96	82	
95	6	42	16	5	67	70	70	86	54	20	16	46	20	26	17	20	81	32	9	91	47	62	72	40	80	14	95	57	22	16	70	30	42	71	85	75	48	82	15	
89	14	10	92	76	68	46	62	3	11	65	30	97	88	91	56	45	58	18	36	29	10	42	70	93	71	90	24	37	19	17	42	33	93	85	99	100	63	55	3	
75	53	68	100	65	6	23	1	95	3	70	39	76	2	5	54	55	5	56	44	47	3	64	8	8	82	61	78	55	89	30	72	62	8	42	16	69	70	82	72	
56	46	11	14	70	9	61	46	9	59	75	89	67	48	73	15	88	14	64	3	81	56	6	81	53	12	62	68	22	7	48	50	14	20	23	100	82	68	26	82	
31	26	30	67	23	92	58	89	2	28	36	12	54	57	83	94	84	12	52	86	68	66	98	61	6	37	36	2	94	71	81	19	21	5	14	90	17	28	59	28	
98	36	29	7	18	83	53	56	46	24	45	93	27	87	3	87	92	12	26	54	16	1	33	23	26	37	69	62	15	43	78	90	12	28	37	62	89	80	73	25	
49	46	84	44	50	33	95	18	15	37	8	29	1	67	18	79	19	34	10	27	90	78	45	5	63	30	70	76	18	16	58	46	91	43	93	65	30	92	70	100	
41	77	14	59	1	32	33	56	57	51	65	54	49	68	20	59	61	78	79	84	62	52	20	44	53	90	40	43	92	46	49	20	20	72	52	48	71	53	69	36	
50	16	43	49	6	3	85	83	32	49	61	88	45	72	64	57	75	100	38	66	65	60	84	22	89	33	7	93	40	9	14	17	58	99	95	81	7	31	26	93	
57	59	59	51	27	83	57	79	45	100	10	85	84	97	85	25	72	81	46	60	37	37	49	13	35	73	49	87	37	58	50	53	4	63	25	73	39	54	95	77	
6	16	61	54	84	7	26	3	81	12	41	47	60	65	49	22	47	93	82	33	84	45	94	75	24	61	92	50	51	36	3	74	87	20	34	25	36	62	42	11	
43	57	17	16	45	76	54	87	20	12	45	57	4	46	25	87	27	59	2	46	97	46	64	40	37	58	21	44	49	63	62	49	44	60	69	29	98	79	61	36	
60	65	2	54	25	5	35	33	3	34	9	53	18	19	26	94	25	79	94	28	71	66	12	38	18	38	77	49	94	41	64	13	95	22	98	23	10	90	80	73	
33	73	49	68	26	52	29	36	74	10	2	93	14	82	43	76	22	15	26	99	12	51	54	10	11	95	16	30	60	23	45	83	17	70	29	49	100	29	10	50	
91	16	100	51	66	15	36	48	100	18	19	9	65	56	12	35	39	5	24	70	11	91	5	19	39	25	5	53	90	25	100	68	39	40	97	15	78	63	1	86	
79	88	32	34	5	61	84	76	70	80	31	71	35	32	100	90	6	47	45	73	14	73	92	38	31	60	71	95	43	40	73	71	9	36	21	66	87	61	77	41	
77	87	91	61	76	75	67	14	43	20	94	31	29	32	73	56	3	32	20	37	89	22	84	97	92	47	87	25	37	41	92	18	20	67	39	32	45	7	33	33	
95	63	43	17	95	15	23	3	75	85	80	47	12	10	95	14	49	48	77	35	45	13	23	75	83	71	84	44	59	8	54	97	27	9	24	49	40	25	86	5	
55	55	1	35	48	59	93	12	88	8	48	48	44	8	64	69	97	20	16	21	2	80	51	76	58	93	18	17	63	95	35	39	70	53	45	75	32	86	94	37	
4	99	67	84	34	51	99	30	51	14	2	19	98	81	71	88	91	96	16	4	66	76	69	34	33	28	19	73	6	27	11	15	79	36	14	96	19	57	74	43	
86	20	86	94	71	95	86	35	85	1	54	61	19	78	16	28	13	71	40	100	12	77	47	52	47	76	81	98	71	31	99	77	92	86	61	35	49	63	69	64	
17	1	12	74	31	34	65	47	27	15	71	60	63	57	2	75	61	14	5	75	33	4	78	10	17	30	94	60	95	17	83	75	83	64	15	90	82	38	99	29	
50	67	52	57	74	74	40	20	61	55	65	44	18	61	41	8	63	77	97	23	78	44	88	12	3	29	34	57	15	70	98	32	41	4	4	59	67	65	18	43	
On machine	3
43	74	89	15	42	14	14	18	12	30	63	74	70	56	36	7	77	77	50	55	20	37	3	91	79	50	53	66	28	54	51	48	18	92	82	38	57	30	53	100	
74	26	27	31	11	26	44	72	64	31	90	32	79	68	49	25	97	96	77	46	18	88	56	55	55	33	23	23	18	34	72	65	39	84	69	44	76	78	23	31	
73	52	58	64	85	19	64	72	79	47	64	63	65	7	72	64	39	96	72	16	19	77	49	75	51	90	50	59	15	32	46	64	100	11	2	96	98	33	40	15	
33	42	9	49	1	40	35	95	8	22	38	92	86	63	23	37	44	72	5	59	10	27	76	27	29	17	19	70	13	10	30	54	14	66	56	69	62	75	41	12	
22	58	99	27	20	58	95	75	37	3	50	56	46	31	9	96	28	89	12	95	32	79	49	5	4	42	25	81	83	55	51	100	63	25	22	97	85	16	91	65	
33	59	46	62	15	33	69	28	52	84	65	80	89	56	6	32	65	67	49	50	73	17	52	53	25	50	8	74	89	49	70	59	57	91	96	53	8	13	73	25	
11	2	7	27	93	80	4	15	82	81	39	1	12	85	56	52	98	6	43	30	71	58	81	66	21	92	84	73	55	74	100	44	99	82	45	46	16	16	43	51	
27	95	83	28	44	41	76	94	84	32	90	5	9	3	38	36	89	25	70	98	54	13	58	22	33	37	63	71	74	19	47	50	23	61	82	89	89	28	83	90	
7	81	90	67	49	3	48	6	76	99	27	68	42	81	48	78	44	22	58	8	46	2	73	73	48	40	47	39	98	40	73	31	49	77	25	88	44	63	79	61	
55	94	6	23	23	55	33	43	58	30	37	24	18	33	4	97	32	32	66	69	97	34	79	63	4	51	61	68	9	82	64	35	51	97	35	3	73	66	73	39	
45	32	84	54	80	7	84	44	24	81	8	69	44	89	52	41	58	76	6	75	74	17	26	78	70	36	55	13	35	7	52	29	35	1	100	64	21	40	86	24	
96	97	19	90	36	6	44	72	81	31	79	42	93	11	53	20	76	49	17	87	58	26	87	29	42	57	24	89	68	42	77	59	4	7	58	20	4	12	68	82	
98	69	44	99	31	37	26	43	55	41	50	62	27	26	54	66	98	55	44	57	23	42	85	55	55	73	58	11	22	24	62	6	84	85	45	80	20	55	20	9	
73	99	96	7	28	71	55	58	57	60	56	100	84	67	35	31	14	31	33	79	24	17	97	32	5	48	67	79	96	48	7	64	88	12	9	89	53	15	56	96	
61	75	73	14	21	59	78	91	98	95	42	76	55	24	66	96	75	66	45	26	99	60	20	3	42	15	84	39	96	99	52	61	68	17	82	27	76	58	94	54	
72	46	21	82	59	65	63	50	31	54	19	48	68	57	85	2	95	42	98	91	51	62	63	75	24	1	48	100	58	93	91	54	27	78	19	46	20	55	71	63	
97	68	13	4	85	92	25	85	65	73	38	40	55	58	42	83	62	24	81	91	46	80	6	74	6	59	95	82	86	31	6	49	81	10	28	88	28	84	57	28	
19	65	36	49	76	3	96	73	1	86	39	93	26	62	2	14	68	61	86	67	48	52	77	41	79	45	39	91	17	35	59	87	12	42	1	48	86	6	2	22	
47	94	54	63	16	39	72	22	62	99	74	14	96	71	19	19	6	56	3	69	6	5	70	2	85	39	56	64	97	63	58	16	58	64	36	91	37	69	3	27	
56	93	53	65	24	63	33	48	99	60	23	46	86	15	26	93	66	65	65	89	52	93	62	92	47	53	79	99	17	97	43	75	38	40	31	98	96	61	9	6	
78	52	75	42	84	9	56	65	3	35	40	83	69	77	70	7	46	57	83	73	84	66	36	27	16	76	54	19	14	57	37	87	19	98	83	77	97	86	83	36	
95	6	70	71	66	14	100	60	71	47	58	35	37	34	55	28	81	76	52	70	13	62	100	2	82	71	84	39	25	2	28	75	31	10	90	39	64	65	66	2	
61	68	98	4	77	21	31	36	51	93	33	90	68	16	75	42	82	22	57	45	40	75	69	99	52	82	45	80	54	13	12	3	74	72	38	95	45	40	92	60	
88	50	11	51	20	80	1	17	20	3	95	45	45	75	16	6	48	34	57	46	66	67	36	10	88	18	91	94	79	23	27	57	48	80	84	56	85	74	10	82	
85	48	64	56	54	98	73	14	67	20	96	26	30	23	8	54	64	6	84	16	91	61	55	34	37	54	27	75	11	74	35	45	14	58	82	95	77	65	2	17	
43	97	74	38	15	4	83	17	90	9	85	41	63	71	20	78	82	53	57	11	49	14	95	26	70	44	73	40	63	87	65	97	94	68	49	100	57	86	18	94	
65	43	11	85	45	24	31	95	94	65	72	96	24	53	10	29	100	24	75	5	32	66	81	49	62	38	91	94	32	11	60	97	83	27	52	60	59	85	87	4	
74	17	47	99	61	5	92	42	35	90	2	69	71	91	3	17	69	90	48	6	48	68	21	54	18	94	50	10	59	73	52	73	38	10	35	18	54	42	50	97	
96	43	50	43	42	80	38	61	27	78	10	83	20	12	37	74	67	11	85	80	41	33	50	86	94	87	34	82	35	62	19	46	23	55	89	37	71	73	58	21	
38	66	83	4	97	81	77	47	46	23	84	44	35	69	70	79	33	97	19	23	74	82	64	57	40	73	69	26	23	34	100	25	85	23	46	83	67	43	68	50	
90	14	87	79	40	36	91	64	33	31	78	38	73	85	75	11	94	18	17	86	66	81	54	77	39	61	96	99	18	87	66	71	57	7	10	58	91	55	22	41	
92	86	12	85	10	100	42	70	51	53	42	89	72	97	14	1	93	95	36	96	10	93	24	51	85	2	50	55	29	29	33	22	27	2	64	93	59	58	45	51	
29	47	59	75	80	16	96	1	23	54	14	82	6	64	17	76	7	41	78	8	30	91	59	39	78	54	54	55	37	37	26	47	33	76	64	48	3	62	47	29	
93	33	26	1	3	65	89	16	35	33	14	55	6	96	21	100	100	98	83	94	91	81	91	4	87	91	97	12	53	89	39	58	22	9	45	61	5	11	9	89	
37	37	19	98	4	89	13	2	39	59	98	1	11	51	40	48	71	48	11	71	14	2	76	70	79	26	54	67	84	47	4	65	37	43	36	8	77	74	82	51	
89	73	19	34	19	71	99	54	48	48	69	25	74	68	23	66	89	7	82	25	48	72	2	27	6	55	81	85	14	10	72	9	3	47	15	12	76	52	58	81	
35	95	79	43	89	72	3	63	94	12	67	72	8	43	20	75	73	50	54	60	72	81	56	46	17	62	65	91	78	95	68	3	4	68	62	55	50	65	36	23	
90	11	31	81	46	44	9	20	86	75	96	3	46	96	69	88	87	74	93	23	57	63	6	75	79	88	13	62	54	13	71	32	95	13	2	50	44	10	9	96	
77	92	26	77	67	55	39	37	88	14	35	60	16	37	79	37	36	51	9	29	69	12	51	49	11	69	54	85	59	6	24	82	1	26	45	78	2	77	23	51	
17	18	4	18	61	60	23	73	38	88	4	82	95	47	12	86	28	68	41	16	47	83	55	6	64	87	28	2	88	11	39	97	91	31	59	17	34	97	66	55	
On machine	4
71	43	64	87	4	26	22	38	20	77	59	13	35	86	61	12	92	19	95	46	33	29	2	95	44	5	37	69	48	36	1	35	1	33	32	3	39	48	74	83	
15	66	18	70	21	50	31	93	98	42	46	68	81	22	85	45	64	99	84	58	83	24	79	45	85	14	29	90	45	70	23	12	31	15	4	53	3	32	48	23	
50	15	26	29	44	78	90	31	29	78	94	29	90	66	81	70	35	49	90	7	38	39	54	65	3	45	16	25	86	15	56	27	64	6	22	85	5	38	84	17	
97	18	71	28	27	53	50	8	10	43	91	12	66	92	78	66	50	16	31	14	42	40	95	45	15	92	2	65	18	2	24	87	85	98	66	32	48	6	54	72	
60	75	57	96	53	93	67	55	81	95	4	48	46	35	34	66	92	53	79	19	37	61	64	69	93	38	35	54	50	100	61	95	87	98	18	15	22	25	89	21	
24	59	67	19	80	55	100	28	44	80	8	41	23	96	87	43	77	71	54	32	29	68	28	19	80	71	25	21	35	32	41	30	27	87	64	19	90	45	85	17	
33	34	57	49	3	78	2	38	9	97	3	12	20	66	46	74	47	27	31	38	86	47	14	39	89	72	52	40	97	40	74	67	11	22	7	65	79	36	15	96	
84	59	15	33	25	9	27	2	15	42	6	51	12	30	92	13	31	78	30	38	89	33	46	32	16	53	13	72	49	90	57	10	16	42	26	66	86	33	19	65	
66	31	97	42	48	60	24	38	30	40	79	70	90	7	77	79	74	14	47	90	54	51	24	89	71	5	86	53	44	4	59	2	34	15	28	32	100	78	85	80	
8	70	53	22	95	71	72	87	26	30	54	66	34	84	5	23	1	45	61	61	47	3	83	69	40	89	36	69	46	44	43	85	45	89	90	47	69	21	57	26	
72	1	92	86	1	16	51	86	16	1	90	94	79	45	49	74	24	94	36	70	32	81	31	19	11	21	2	66	13	12	63	39	28	34	36	29	3	27	74	65	
7	54	58	88	55	60	51	4	46	37	84	45	72	97	76	28	88	1	11	29	64	93	75	90	98	77	95	43	55	59	47	63	85	24	64	11	69	40	4	97	
53	71	21	12	86	61	30	42	86	70	23	54	97	63	75	23	37	20	31	8	46	74	4	70	83	38	80	95	43	34	57	72	47	56	62	46	96	33	78	36	
27	76	86	24	23	51	42	34	22	56	83	1	100	92	80	53	89	33	94	72	74	82	48	66	78	23	31	26	28	28	95	38	91	6	54	18	85	8	13	99	
85	24	99	32	77	58	60	96	39	16	71	7	26	79	84	93	19	44	69	30	44	51	21	24	44	56	69	54	4	43	54	75	6	66	40	78	41	8	34	99	
92	4	54	30	2	45	90	54	97	37	91	65	6	1	56	50	37	31	10	7	32	55	27	4	89	98	77	47	23	33	81	10	62	88	63	70	72	26	64	33	
58	19	93	39	19	99	61	24	41	75	6	93	57	65	56	7	21	81	63	48	61	49	78	29	43	97	31	88	78	56	21	59	32	89	79	60	18	57	27	34	
49	71	60	52	7	89	24	61	12	15	24	51	93	66	27	68	56	39	1	78	97	59	45	78	41	13	2	68	45	10	39	20	37	12	88	64	9	30	11	48	
92	35	2	98	28	13	30	23	37	57	29	66	9	88	81	88	55	3	57	31	78	82	8	67	69	97	18	69	97	49	89	42	6	58	13	91	13	45	11	7	
9	3	16	42	33	46	64	63	30	8	17	89	62	94	42	45	96	31	23	75	73	33	94	93	57	3	87	100	62	8	93	10	86	6	37	32	23	66	94	1	
48	20	69	10	17	86	9	71	23	30	86	22	41	23	59	3	67	99	66	28	61	70	24	45	30	98	52	23	33	4	100	40	71	2	73	30	27	21	42	82	
7	13	4	82	11	87	40	91	10	81	1	43	99	28	16	37	90	22	26	6	24	35	37	42	85	63	41	50	83	56	64	56	22	76	15	28	26	47	55	52	
80	58	57	76	32	30	42	56	70	27	74	99	28	32	21	46	92	46	90	100	11	71	95	63	32	20	73	94	69	54	54	4	91	14	9	29	56	83	1	96	
94	1	84	25	41	18	64	40	49	8	51	81	41	1	52	13	23	57	6	86	89	78	80	10	75	72	77	33	3	56	25	60	37	39	60	32	35	46	75	96	
35	72	68	58	38	6	41	72	61	34	89	34	42	48	2	82	54	97	25	16	4	36	34	67	28	81	15	8	81	24	53	2	12	43	94	26	6	7	37	51	
4	12	73	8	52	51	55	16	2	60	30	10	32	4	49	91	84	36	40	33	20	83	63	26	30	28	96	80	48	12	69	10	26	87	93	6	10	64	63	88	
77	74	15	76	59	63	50	15	7	24	8	24	100	11	60	88	26	45	14	14	74	84	99	25	55	30	54	62	50	22	14	26	93	26	77	72	97	74	43	7	
17	36	30	95	1	89	32	56	88	15	41	91	62	16	50	24	77	21	78	71	70	82	29	71	15	41	27	27	26	57	66	83	92	73	66	27	42	21	59	10	
60	4	40	98	61	87	71	79	23	81	64	97	39	28	15	13	30	22	21	97	93	87	14	75	58	75	88	64	45	34	18	87	38	48	55	65	55	70	41	82	
16	38	21	68	65	99	81	93	76	11	59	43	19	97	84	99	32	88	45	19	32	13	76	29	69	26	78	47	32	56	32	37	97	91	36	43	23	23	93	100	
79	53	54	51	29	10	58	51	46	35	64	66	32	34	1	70	90	59	10	32	47	2	12	32	94	49	45	53	27	57	13	4	16	42	61	79	12	75	54	44	
56	10	49	51	77	95	18	52	21	39	62	8	65	48	46	39	87	95	89	51	23	13	1	59	55	6	48	45	99	63	16	72	2	18	85	49	99	55	82	73	
6	65	91	63	15	29	89	43	11	18	58	66	32	90	39	99	44	48	96	71	21	3	47	12	11	34	67	63	69	60	41	7	5	45	31	18	63	2	93	78	
19	50	22	18	42	17	9	46	90	49	27	76	13	15	15	25	65	43	99	3	60	15	76	16	97	97	65	55	45	82	7	29	20	94	89	31	45	10	86	63	
83	25	12	44	48	42	80	49	62	36	1	72	16	15	90	39	88	6	82	59	35	42	6	29	4	62	86	26	68	8	39	65	1	3	64	58	66	84	31	46	
22	10	2	42	17	13	83	67	60	39	20	15	11	9	58	24	19	39	45	89	77	43	99	22	73	15	77	100	79	34	87	18	19	40	41	81	79	52	52	6	
89	61	26	1	50	72	64	48	99	85	14	73	6	72	26	9	19	38	18	53	34	40	92	23	80	71	7	25	86	33	19	11	69	55	92	66	68	75	47	12	
62	67	18	31	24	39	41	26	6	16	4	29	49	9	86	64	16	91	27	10	29	47	71	86	47	35	55	91	53	85	31	12	14	58	92	77	74	47	58	49	
60	40	26	8	10	2	38	92	60	27	77	32	33	75	17	83	22	61	66	55	93	95	97	91	49	42	16	29	66	25	56	6	55	39	24	3	10	75	80	81	
64	48	9	27	26	25	35	38	47	34	49	33	11	52	88	43	75	38	50	34	46	88	72	73	88	80	46	88	73	39	34	10	100	29	24	23	8	24	60	68	
