Factories	2
Families	40
Machines	6
SetupType	3

Number of Jobs in each Family
9	6	2	3	10	8	9	2	3	10	9	7	9	5	3	7	6	2	8	10	9	6	2	10	10	5	8	4	2	1	7	5	6	2	8	6	7	6	5	5	

Jobs in each Family
0	1	2	3	4	5	6	7	8	
9	10	11	12	13	14	
15	16	
17	18	19	
20	21	22	23	24	25	26	27	28	29	
30	31	32	33	34	35	36	37	
38	39	40	41	42	43	44	45	46	
47	48	
49	50	51	
52	53	54	55	56	57	58	59	60	61	
62	63	64	65	66	67	68	69	70	
71	72	73	74	75	76	77	
78	79	80	81	82	83	84	85	86	
87	88	89	90	91	
92	93	94	
95	96	97	98	99	100	101	
102	103	104	105	106	107	
108	109	
110	111	112	113	114	115	116	117	
118	119	120	121	122	123	124	125	126	127	
128	129	130	131	132	133	134	135	136	
137	138	139	140	141	142	
143	144	
145	146	147	148	149	150	151	152	153	154	
155	156	157	158	159	160	161	162	163	164	
165	166	167	168	169	
170	171	172	173	174	175	176	177	
178	179	180	181	
182	183	
184	
185	186	187	188	189	190	191	
192	193	194	195	196	
197	198	199	200	201	202	
203	204	
205	206	207	208	209	210	211	212	
213	214	215	216	217	218	
219	220	221	222	223	224	225	
226	227	228	229	230	231	
232	233	234	235	236	
237	238	239	240	241	

Total number of jobs
242

Processing times of jobs
2	4	4	9	5	10	
2	7	6	10	8	3	
3	1	4	8	2	10	
7	2	2	8	3	5	
9	10	10	9	7	5	
8	3	7	2	2	2	
3	2	1	2	5	6	
10	8	2	10	1	1	
8	1	7	4	4	6	
6	1	3	10	4	4	
7	5	3	5	1	8	
9	7	8	1	2	10	
8	2	1	6	1	1	
9	10	2	10	2	1	
3	3	8	4	9	5	
5	6	4	1	1	1	
7	6	3	1	4	10	
7	10	8	1	9	2	
3	5	4	7	3	3	
3	10	10	7	2	6	
5	1	8	5	2	7	
10	4	1	2	3	6	
3	3	3	3	9	1	
10	5	7	8	1	9	
9	4	8	10	3	10	
2	1	7	4	8	2	
7	1	8	3	4	10	
7	3	7	8	8	7	
2	10	1	7	7	2	
9	2	7	2	5	6	
4	10	4	6	1	10	
2	6	5	1	3	1	
9	4	4	2	10	2	
7	6	6	2	2	5	
5	1	2	9	8	3	
3	7	4	5	9	2	
5	7	9	10	6	7	
9	5	8	3	4	7	
8	4	6	3	3	5	
6	1	10	10	10	10	
7	8	2	2	8	9	
5	6	3	9	8	7	
8	4	9	5	2	3	
3	1	4	6	5	8	
8	7	7	10	9	9	
7	2	2	2	2	8	
8	6	4	7	1	4	
2	6	2	10	10	4	
1	6	6	9	3	7	
9	8	6	10	1	10	
9	5	5	2	9	3	
10	5	3	9	3	1	
3	1	6	2	1	5	
8	5	10	4	9	1	
6	5	10	4	1	5	
7	4	2	1	7	2	
6	1	10	8	6	4	
8	2	3	10	6	5	
6	10	5	7	2	7	
4	9	5	4	2	1	
4	6	5	1	10	3	
6	1	3	9	1	6	
10	2	5	7	4	3	
4	2	1	7	2	8	
9	1	2	2	3	2	
7	10	10	7	5	1	
1	5	8	3	2	6	
5	8	5	10	9	10	
3	2	6	4	4	5	
1	2	2	4	4	2	
2	5	2	5	9	6	
4	8	9	1	3	9	
2	2	10	5	1	9	
7	2	9	3	7	4	
8	5	10	9	5	5	
3	6	3	7	6	9	
3	1	5	3	2	9	
1	1	8	8	1	2	
5	4	5	6	2	4	
10	3	2	9	8	1	
9	10	6	10	1	6	
7	4	1	10	9	10	
2	7	9	2	5	4	
8	8	10	5	3	2	
8	1	5	2	5	10	
1	1	1	1	10	4	
4	8	1	9	10	9	
6	6	7	3	8	3	
3	10	5	9	9	1	
7	10	6	6	4	10	
4	6	5	5	5	10	
4	9	3	7	9	2	
3	6	4	10	5	4	
10	1	4	8	3	8	
8	3	5	1	3	5	
5	8	3	6	9	6	
10	5	1	4	2	2	
1	6	8	8	9	3	
3	6	3	1	5	6	
3	2	10	1	3	9	
7	9	5	2	4	4	
2	8	1	6	6	9	
8	7	1	10	1	1	
1	10	4	1	3	7	
1	2	3	2	6	2	
3	7	9	4	2	7	
6	3	2	1	2	5	
1	10	8	4	4	3	
6	2	1	6	9	9	
3	6	7	8	1	3	
10	10	9	4	2	1	
10	1	8	6	7	8	
8	6	10	6	8	3	
8	2	9	10	3	8	
8	2	3	6	10	6	
5	2	4	1	7	10	
6	7	8	10	4	8	
7	8	4	6	7	9	
9	8	9	7	4	6	
9	1	5	6	7	4	
2	1	7	4	9	6	
1	1	6	1	3	1	
1	8	1	1	2	9	
5	10	2	2	4	3	
1	3	3	9	7	7	
4	8	9	3	2	4	
8	1	2	7	7	10	
7	7	5	10	3	3	
5	6	9	6	5	2	
10	7	6	5	6	1	
9	1	10	9	4	6	
3	5	6	1	9	8	
3	2	4	4	9	7	
5	5	7	6	4	6	
3	6	7	10	1	5	
4	2	5	9	4	8	
10	2	8	3	7	10	
4	3	3	6	5	3	
4	1	4	9	9	1	
5	9	10	1	9	9	
5	4	1	1	8	9	
3	3	9	5	9	1	
9	9	7	5	6	10	
8	6	2	3	6	2	
2	5	9	6	9	9	
8	3	5	6	8	9	
3	7	8	6	6	3	
3	10	2	8	1	2	
8	9	5	2	10	7	
6	1	10	9	9	8	
5	2	10	9	8	6	
4	3	2	3	5	2	
8	4	8	3	10	3	
4	3	1	3	2	7	
3	6	4	5	7	4	
2	7	10	2	6	2	
2	2	1	10	8	5	
10	1	7	7	8	3	
9	4	10	2	10	1	
2	2	4	9	10	1	
8	6	5	6	7	7	
3	7	1	8	5	2	
2	7	1	8	5	4	
8	1	7	1	7	5	
4	6	5	10	9	10	
9	6	3	4	4	6	
9	3	3	8	2	10	
1	10	6	1	10	8	
3	6	8	4	4	9	
2	8	8	8	9	10	
4	10	1	5	8	10	
9	2	6	8	2	8	
6	5	7	8	1	6	
1	4	8	7	4	10	
10	9	6	4	9	6	
8	3	2	1	9	6	
1	6	3	1	6	1	
6	8	10	9	7	6	
6	2	10	5	1	8	
3	8	4	9	1	9	
9	2	2	7	6	2	
7	6	3	4	6	6	
7	4	10	9	8	1	
7	1	5	2	4	6	
9	9	2	9	5	6	
9	4	8	7	4	9	
10	1	5	6	9	4	
4	2	1	10	9	4	
2	5	6	10	1	2	
6	2	8	5	1	2	
8	10	8	5	5	7	
3	5	5	9	2	9	
5	8	8	1	10	6	
1	10	8	2	9	1	
4	9	6	6	8	2	
8	2	5	7	5	9	
7	7	4	3	4	7	
6	6	9	10	4	6	
6	7	8	4	1	4	
4	6	9	9	6	6	
8	7	1	4	10	5	
1	9	10	6	9	6	
7	4	7	6	7	9	
3	5	3	8	4	5	
4	1	1	4	7	5	
7	7	7	8	10	9	
8	2	4	2	3	3	
10	9	5	5	2	10	
10	5	3	2	7	1	
8	1	8	8	4	3	
4	3	5	4	9	4	
4	6	8	7	4	1	
7	5	8	5	1	6	
5	6	10	1	4	10	
4	5	4	3	2	2	
4	10	3	6	4	6	
3	1	10	2	3	4	
3	7	8	8	3	5	
9	10	2	9	5	8	
5	6	2	5	6	1	
2	7	8	2	6	2	
7	4	6	7	2	7	
7	4	8	1	5	5	
3	1	4	1	6	7	
10	4	6	8	9	3	
3	3	6	6	9	6	
8	4	8	3	2	2	
10	6	10	6	3	7	
6	9	5	3	2	6	
7	5	10	5	1	8	
4	6	10	4	8	7	
10	5	6	10	9	4	
8	8	1	6	8	8	
6	10	8	2	1	10	
2	1	4	7	5	4	
5	7	10	10	3	7	
6	10	4	4	4	10	
3	1	1	8	9	8	
7	8	2	2	6	5	
8	10	9	9	3	8	
7	6	3	5	10	3	
4	2	1	9	2	4	

Stepup times between Families, where [f][f] represents initial setup time
On machine	1
65	40	26	63	29	65	84	71	13	56	87	11	88	16	30	30	75	89	70	79	63	5	86	47	82	77	96	78	18	74	83	18	86	6	51	99	61	15	69	84	
56	90	28	22	27	19	83	39	51	53	52	22	39	24	23	85	4	74	7	93	49	23	86	78	87	30	24	78	98	69	54	62	24	28	3	92	38	5	22	51	
7	68	17	68	55	67	81	53	73	77	99	78	24	38	43	63	9	26	39	9	44	35	3	65	55	20	90	27	87	100	63	8	40	46	92	85	33	66	19	28	
64	80	40	57	7	83	46	91	99	33	29	55	99	41	35	32	32	45	46	59	36	77	73	97	21	28	47	66	52	5	48	73	33	48	69	37	89	75	6	14	
53	59	26	37	28	23	87	72	80	15	27	81	41	60	78	8	35	20	84	63	89	48	33	82	13	74	59	55	90	12	25	63	75	12	38	34	50	73	19	36	
70	6	56	37	52	22	16	6	8	95	40	79	78	75	58	27	79	52	22	3	26	39	85	39	86	32	36	47	86	27	7	85	86	30	99	66	51	81	52	30	
82	94	27	15	89	15	27	21	19	8	38	96	74	53	27	86	13	55	66	72	46	74	83	14	88	59	54	61	10	79	66	28	41	20	89	59	46	46	32	16	
70	100	91	42	37	96	75	19	97	85	74	88	73	48	63	32	49	37	22	9	63	62	94	22	47	8	41	53	4	61	16	71	75	18	68	38	15	98	72	30	
21	26	45	40	68	34	18	86	20	4	75	87	8	36	55	38	42	96	37	72	79	5	76	23	22	53	27	40	37	34	52	53	85	46	30	91	29	69	73	97	
30	97	89	58	5	84	27	44	77	51	63	38	83	100	29	11	48	25	94	91	90	27	97	57	61	46	55	30	47	63	36	93	85	22	75	83	4	70	100	85	
85	5	44	72	89	56	44	84	96	21	30	28	58	19	12	56	70	56	10	36	42	54	71	9	3	80	46	42	55	41	23	9	73	26	7	13	96	27	80	97	
26	95	2	78	21	65	89	38	11	46	60	14	62	53	93	22	48	44	91	6	33	31	64	75	61	9	54	62	68	87	44	15	6	66	48	58	84	37	68	63	
56	42	37	24	84	55	40	15	26	12	92	39	43	51	42	11	13	21	47	6	61	55	99	42	49	18	38	75	50	23	48	66	30	78	9	17	80	74	34	13	
59	54	9	27	16	29	31	59	42	55	28	26	60	34	94	21	14	68	49	30	48	91	47	55	96	12	84	33	80	5	84	79	43	1	36	79	80	77	57	28	
99	8	67	25	13	78	65	37	38	62	93	43	69	93	31	79	30	42	33	42	46	56	18	86	20	16	35	66	55	20	33	9	53	40	9	100	58	86	68	49	
35	17	50	93	65	29	25	98	89	59	5	65	33	19	52	82	12	33	7	10	94	100	91	24	78	75	33	35	1	42	10	58	64	13	8	53	16	52	5	71	
39	91	81	49	26	70	53	50	14	79	88	27	72	74	19	77	33	42	57	37	5	46	21	3	30	95	18	82	67	24	98	7	91	25	10	32	68	97	78	19	
7	18	86	58	97	82	52	41	15	63	99	42	62	10	47	65	15	73	73	33	53	94	90	81	34	55	15	42	99	8	67	24	10	42	9	99	70	49	19	100	
38	60	16	40	61	67	57	100	46	61	2	13	38	59	47	82	70	36	87	32	19	23	80	6	23	11	68	5	86	9	65	9	25	23	68	76	49	27	39	35	
27	97	98	23	51	29	90	2	10	88	85	78	61	46	1	80	22	53	81	53	69	16	19	65	76	6	15	93	3	19	32	74	11	59	100	87	79	2	95	40	
79	68	74	47	80	30	94	71	32	88	66	46	72	40	68	39	71	95	56	49	93	87	66	27	24	85	43	84	70	84	57	4	43	58	54	64	96	9	14	74	
52	76	44	9	74	99	15	76	3	76	60	32	90	92	19	43	41	17	66	86	69	5	90	11	84	11	29	76	22	33	2	30	63	5	74	93	83	60	19	59	
40	68	68	51	83	72	92	17	43	26	46	23	83	36	28	81	62	79	70	56	33	36	50	47	51	96	86	71	4	70	57	17	60	19	50	10	97	53	5	42	
96	48	63	12	44	37	60	45	44	11	91	67	65	100	6	12	55	3	74	43	32	63	93	50	57	45	86	96	17	41	30	97	39	87	1	32	48	12	90	40	
78	53	66	94	19	87	1	18	52	44	75	96	95	86	11	29	2	62	58	62	55	58	94	24	25	11	43	81	52	48	82	9	56	91	48	17	86	11	57	32	
36	37	25	75	45	99	15	3	76	82	48	43	49	75	10	11	49	56	14	19	7	19	79	37	83	99	89	35	86	3	44	27	73	100	100	19	67	50	92	95	
38	85	46	40	69	12	11	88	55	86	39	59	26	77	50	52	74	27	8	40	36	3	23	86	46	15	75	53	4	99	55	66	60	83	6	36	78	68	14	20	
95	33	80	77	84	88	48	49	57	18	35	18	79	74	70	30	12	32	100	28	61	54	32	19	22	20	56	12	69	65	58	18	34	97	33	32	49	5	11	5	
68	47	28	38	23	90	21	55	45	62	21	53	37	44	39	31	89	4	94	4	25	34	70	31	15	75	4	12	85	60	31	31	92	24	20	99	64	42	23	64	
57	53	59	95	60	71	80	21	64	12	19	67	62	91	93	50	58	93	27	31	53	1	58	84	56	24	79	55	67	38	17	70	42	17	38	75	86	28	42	46	
63	50	98	22	56	1	92	5	96	48	12	86	4	29	86	59	1	87	8	18	55	67	27	20	38	29	18	41	68	88	3	6	51	92	40	72	76	10	51	68	
40	33	37	40	54	86	69	57	10	85	17	25	45	99	65	43	28	35	26	96	49	37	21	72	31	8	21	50	89	47	10	84	10	6	46	7	80	38	13	21	
11	58	48	100	15	55	95	2	41	11	95	69	5	13	81	25	23	72	16	11	56	24	25	41	75	61	61	27	85	27	6	36	12	6	50	94	7	3	33	38	
79	95	61	79	5	66	14	20	24	50	79	68	27	2	71	62	46	53	33	97	37	47	30	94	66	69	71	15	25	64	82	98	64	28	96	35	44	66	46	50	
73	48	24	57	24	55	49	52	79	5	17	41	97	9	15	58	68	80	99	29	63	36	35	3	56	82	40	4	14	96	15	51	90	33	76	69	55	76	40	82	
7	39	10	2	52	100	11	1	27	5	58	90	15	69	100	81	94	62	40	43	36	55	83	65	72	69	91	24	94	6	13	69	45	10	40	49	54	66	56	2	
61	13	39	10	1	61	41	35	30	38	10	100	56	25	96	11	61	92	97	95	7	68	95	68	49	70	39	77	48	58	39	50	36	1	71	94	67	94	41	74	
28	79	100	14	85	69	54	11	44	30	94	50	90	65	25	44	87	71	10	3	73	84	39	36	96	67	90	1	59	31	2	81	97	54	31	14	60	67	47	62	
86	83	45	77	1	87	66	33	8	29	27	67	65	96	86	97	91	41	96	85	13	15	14	81	20	29	95	51	79	47	45	3	29	11	91	22	90	69	3	46	
35	64	96	68	20	98	94	9	23	49	61	19	27	76	18	37	97	70	83	6	69	53	10	15	96	78	4	56	4	31	68	68	41	88	98	94	95	42	36	19	
On machine	2
68	57	60	37	63	57	78	90	68	76	28	10	87	77	20	81	83	8	28	73	20	5	53	90	37	18	80	94	77	28	32	51	12	88	38	95	76	82	42	20	
22	43	31	24	47	64	7	98	39	97	43	93	5	43	65	81	51	32	28	36	46	72	94	3	93	2	79	72	83	27	77	10	91	34	58	95	95	68	93	98	
15	70	32	57	23	77	98	80	19	11	97	15	11	7	82	80	18	23	31	41	62	80	72	57	49	79	50	64	39	30	81	24	48	81	81	33	66	87	2	68	
26	32	10	16	43	47	79	93	12	74	18	98	88	49	35	60	54	5	50	27	10	7	98	56	12	24	80	76	91	5	42	33	63	37	28	82	39	54	54	28	
74	13	95	26	26	86	62	28	69	4	72	39	40	1	21	19	69	17	86	35	77	75	42	70	70	4	15	78	25	42	27	45	52	28	24	69	74	32	65	12	
75	68	62	77	17	34	50	9	51	50	30	50	37	25	41	15	32	7	6	28	91	5	42	45	66	37	3	29	55	69	44	33	58	89	73	44	94	72	69	29	
36	9	78	11	5	68	1	14	8	20	39	79	53	85	27	68	89	61	29	27	21	66	22	22	88	56	29	33	17	37	81	60	18	80	96	45	83	94	100	80	
38	50	84	36	53	44	93	29	32	52	41	82	21	76	4	16	9	59	86	59	97	60	80	18	64	46	57	22	67	13	7	76	6	33	54	94	97	53	77	16	
88	58	81	95	62	29	50	63	44	51	7	31	35	56	8	30	55	59	69	15	43	47	74	95	9	8	93	74	88	71	68	95	23	32	87	65	80	7	8	78	
29	21	21	81	29	59	30	28	50	99	76	11	65	38	41	48	23	77	53	83	19	72	35	68	55	88	77	78	76	9	9	22	76	19	64	28	38	48	62	21	
85	50	94	63	9	72	67	45	62	11	17	90	81	43	9	11	76	40	29	78	73	46	75	62	10	31	8	53	51	19	7	89	76	24	38	6	17	55	65	74	
28	74	43	86	58	20	69	77	88	66	31	66	27	48	76	39	34	7	25	59	15	84	91	87	16	1	97	73	23	74	36	97	92	2	89	20	30	23	14	25	
41	48	5	2	87	26	5	68	96	97	59	7	74	71	88	44	8	25	27	83	58	61	29	47	74	60	16	64	38	88	97	20	62	61	9	1	63	72	42	70	
53	48	57	48	100	88	95	31	37	40	56	81	79	4	51	34	43	78	92	13	85	100	26	70	56	16	5	68	62	30	83	41	43	75	36	55	94	27	28	57	
61	22	80	3	73	67	29	42	70	53	48	56	68	57	25	54	6	55	91	2	81	88	15	52	17	24	16	64	83	65	22	74	54	16	98	8	20	34	70	95	
80	14	26	36	45	40	73	61	40	21	36	92	18	22	43	80	96	6	53	94	24	88	35	5	100	24	48	44	96	1	75	88	35	23	64	90	38	82	4	18	
31	86	43	14	96	88	91	8	90	33	7	93	99	38	73	50	26	56	100	53	6	84	28	93	81	5	75	73	27	29	68	30	61	54	54	71	63	22	3	97	
14	81	5	34	22	33	33	51	72	82	31	33	13	43	1	91	74	89	71	38	90	42	70	73	97	33	11	55	36	44	43	10	61	58	80	77	69	78	95	49	
90	8	20	4	14	59	50	66	44	98	71	56	97	2	70	62	40	59	31	51	86	27	31	56	69	72	37	41	38	26	63	71	8	36	85	47	59	22	18	13	
73	87	61	61	48	100	12	89	48	68	94	67	18	85	66	14	93	63	77	67	63	12	89	7	3	36	72	29	34	77	38	65	16	50	31	38	69	11	59	87	
80	61	24	34	26	88	9	5	90	4	11	59	99	15	80	61	27	75	74	47	51	49	59	29	6	6	42	33	86	61	96	28	44	72	40	41	4	50	68	25	
70	65	18	4	35	73	33	42	42	53	15	49	80	12	82	22	58	75	90	50	47	57	95	55	97	34	72	68	72	37	7	41	84	83	9	50	50	65	28	33	
90	2	55	10	91	88	34	99	60	45	7	80	62	55	12	93	66	80	14	50	76	63	41	30	60	95	37	38	20	23	97	92	26	54	26	63	44	16	22	57	
17	100	96	76	41	59	91	34	95	40	31	47	94	58	76	43	43	67	90	96	86	23	95	16	15	73	27	63	97	15	9	100	39	92	63	78	51	57	95	45	
73	44	95	80	29	1	30	37	16	1	92	43	42	97	28	44	31	87	31	91	68	59	44	39	21	69	50	85	89	85	74	2	95	86	9	57	50	84	48	43	
43	96	2	24	51	53	22	53	33	24	42	51	4	63	63	91	32	15	2	17	77	95	98	22	41	28	83	9	48	18	26	66	1	15	18	38	34	19	58	34	
14	80	40	70	46	95	22	83	86	10	67	23	37	55	56	61	32	65	27	93	79	97	44	54	76	92	6	14	9	35	100	9	56	47	5	100	97	7	60	48	
42	2	64	39	81	45	24	50	67	53	90	56	60	60	5	58	67	54	3	64	19	62	36	14	14	50	16	50	21	63	75	25	72	36	15	60	20	2	97	94	
90	52	24	71	1	31	62	7	51	97	49	63	72	2	37	58	20	11	30	88	10	11	81	63	93	22	10	71	22	36	25	36	25	86	17	98	12	83	59	68	
82	49	19	39	33	80	28	57	87	56	68	69	53	47	11	50	28	6	10	80	19	44	10	65	73	75	92	56	25	2	88	82	59	34	27	81	33	1	22	98	
38	71	55	42	97	19	53	81	53	94	47	54	72	75	73	4	45	75	10	89	71	61	65	32	63	80	19	69	96	83	16	14	73	14	22	78	19	88	82	92	
49	64	21	81	68	19	22	90	34	6	36	62	6	76	90	75	45	11	84	34	7	96	29	40	41	67	100	6	89	96	60	60	79	23	67	78	23	22	52	63	
39	88	67	35	82	52	50	74	9	15	74	73	45	23	100	89	65	52	56	14	9	36	97	69	15	6	26	81	82	11	45	70	8	73	10	55	80	3	50	34	
31	17	17	2	86	99	84	12	13	52	31	9	75	85	62	11	42	23	10	53	83	57	67	68	33	46	4	95	43	99	54	67	4	3	72	92	67	74	26	2	
65	51	97	59	37	97	75	48	54	77	63	47	29	86	39	52	15	53	56	82	39	50	6	24	95	26	5	43	19	79	58	27	50	65	34	58	85	82	76	91	
62	36	69	38	77	37	37	27	37	11	83	5	1	58	37	98	84	7	50	76	66	26	96	58	68	42	21	19	63	59	56	50	15	36	48	95	89	66	85	36	
23	69	97	8	88	66	5	56	28	96	44	7	96	79	44	44	1	94	12	17	41	99	96	45	11	45	87	41	12	41	98	32	46	5	86	26	88	37	44	7	
30	43	94	67	94	50	57	8	11	69	25	45	25	24	61	6	25	63	79	93	63	50	42	39	53	65	6	16	49	17	83	30	38	98	78	21	35	67	80	43	
33	11	17	94	10	1	37	66	78	54	52	55	81	93	71	24	4	28	80	61	16	97	66	82	45	11	10	84	24	70	9	88	83	96	48	6	21	14	28	35	
32	50	74	58	34	90	22	92	72	33	37	2	61	53	25	91	86	93	40	65	59	87	92	52	58	36	50	17	45	63	28	29	65	48	8	87	54	74	90	26	
On machine	3
40	94	9	34	50	77	11	28	77	24	86	32	7	59	33	86	61	72	54	21	26	64	47	40	65	10	32	21	34	91	53	78	68	50	64	14	13	41	97	38	
78	84	4	4	85	40	87	83	77	42	29	31	44	81	50	63	30	98	48	29	93	6	77	78	96	73	74	85	5	1	7	36	94	17	56	97	47	3	96	7	
32	56	51	57	100	62	21	70	70	70	69	2	47	68	80	96	9	39	11	84	10	29	85	15	8	31	37	49	72	37	22	65	68	84	92	63	61	4	32	6	
9	88	11	57	5	35	68	40	34	16	54	71	77	46	63	42	81	2	78	85	32	12	46	2	4	32	100	37	19	81	75	27	77	42	22	34	38	89	97	95	
48	44	16	61	77	18	57	22	52	38	48	28	32	78	3	41	1	67	91	58	63	90	57	56	56	90	21	96	78	88	81	85	66	23	81	31	47	66	38	2	
5	79	87	83	99	6	15	75	34	60	80	94	76	72	44	62	34	87	69	31	22	42	50	41	20	58	69	76	49	91	95	71	100	97	2	21	93	43	56	7	
87	45	24	6	3	53	86	52	77	88	91	53	57	42	22	4	50	79	3	21	45	7	40	89	14	65	39	64	66	59	20	46	61	89	15	46	82	7	51	43	
67	47	80	63	67	60	67	17	45	87	77	77	19	48	69	27	30	17	76	92	35	65	21	8	95	56	13	89	15	88	65	22	27	19	7	56	64	88	42	69	
100	83	85	81	85	25	97	26	44	23	2	78	39	25	91	84	9	46	17	32	29	38	3	54	58	20	39	14	89	30	90	87	91	61	28	29	89	37	62	69	
65	17	1	86	19	55	20	7	35	23	93	98	17	76	60	43	43	70	47	77	41	38	77	40	75	19	73	36	66	94	18	49	12	69	33	67	38	79	78	44	
50	47	79	100	94	37	85	32	70	49	76	14	53	84	17	4	47	20	62	79	17	59	74	29	49	41	90	66	92	45	95	12	9	82	16	77	76	75	50	74	
11	9	70	45	80	52	15	58	19	23	2	57	69	40	94	14	85	35	35	50	33	9	81	62	77	88	12	22	4	25	39	60	15	63	77	49	10	10	91	62	
11	90	36	27	42	97	26	20	39	78	1	44	46	15	37	55	64	58	82	55	81	35	31	23	73	89	49	98	87	6	25	45	60	12	81	68	88	70	69	62	
79	70	28	32	10	88	14	59	28	82	76	83	35	37	52	38	89	36	41	86	56	40	9	47	74	13	89	53	52	51	48	4	45	2	52	85	30	66	86	81	
1	85	80	75	94	15	84	18	48	81	10	30	20	61	26	12	43	85	79	41	73	76	3	80	94	4	17	67	40	38	43	69	93	24	15	86	79	29	28	19	
41	66	84	41	11	63	45	58	1	16	77	21	20	69	94	31	93	35	2	100	2	9	66	48	30	21	9	97	5	28	40	68	40	69	27	49	22	60	22	80	
27	94	9	1	88	98	37	40	51	56	88	93	76	65	51	14	80	30	90	47	48	38	91	69	30	64	7	46	40	46	65	76	14	7	40	48	1	52	32	97	
91	21	63	17	44	76	18	70	53	70	89	65	13	4	11	99	6	57	27	81	81	63	34	90	92	39	2	87	11	97	98	98	13	55	15	97	56	92	2	97	
43	60	76	38	67	51	78	42	72	23	93	22	58	6	76	36	79	78	67	65	67	83	76	48	97	46	100	84	83	15	65	11	86	86	89	75	71	53	93	21	
49	98	83	100	74	14	29	67	31	73	7	87	76	44	94	59	32	50	50	52	66	92	13	71	92	63	1	76	47	4	44	37	96	22	42	100	97	45	43	50	
19	38	97	52	42	62	32	50	21	20	92	97	32	23	47	45	91	75	60	68	45	6	3	94	89	94	85	65	24	6	26	86	55	26	86	77	30	99	53	46	
76	74	95	77	9	88	83	6	82	2	9	32	12	85	61	39	80	20	2	96	9	17	8	86	67	82	54	42	31	37	47	14	22	66	99	1	86	15	56	2	
50	92	70	7	89	8	67	60	66	99	79	85	39	82	100	36	24	52	89	78	1	71	84	63	94	42	8	75	41	16	92	56	53	89	61	90	43	31	86	50	
22	64	9	79	59	21	1	60	76	82	78	81	88	77	57	72	40	56	1	59	21	87	33	61	30	41	7	69	70	53	36	45	69	81	20	18	11	2	32	59	
50	51	47	65	37	82	78	98	21	87	24	5	63	36	8	56	62	88	100	87	95	96	21	20	1	47	12	31	62	77	65	5	83	67	90	35	87	28	79	5	
4	15	95	51	69	87	1	50	79	11	3	12	4	23	3	60	33	26	85	6	12	11	28	45	93	5	40	26	39	74	11	60	5	87	31	100	30	84	79	95	
16	80	18	73	48	50	56	53	14	15	10	86	86	86	64	36	7	43	65	88	52	60	47	75	52	17	92	6	38	48	100	82	93	72	47	50	64	9	49	30	
14	72	96	40	3	67	7	37	98	52	1	1	50	75	11	68	82	12	33	50	78	85	70	75	71	60	95	18	26	49	30	63	40	95	55	27	80	67	7	85	
17	4	23	34	85	89	47	96	46	84	88	3	29	49	54	16	57	14	38	42	97	28	39	65	16	38	31	96	23	48	37	56	92	39	77	47	2	55	87	94	
37	41	19	93	95	10	64	82	35	40	56	9	73	59	32	88	75	63	12	55	74	56	89	69	31	93	73	23	44	77	47	68	94	91	63	6	49	22	4	64	
34	9	96	32	7	39	20	91	27	92	81	67	65	81	75	12	87	3	64	71	43	8	30	62	1	75	24	16	18	83	94	87	29	52	12	47	50	6	33	43	
99	15	64	21	54	69	22	18	87	35	69	54	100	46	61	33	54	63	46	91	94	79	41	90	40	75	90	81	78	53	21	51	20	55	87	60	99	75	19	27	
76	58	46	61	38	9	16	77	26	60	4	56	66	9	74	11	95	77	23	50	32	57	52	64	40	64	79	89	51	43	34	18	36	73	53	39	9	59	59	93	
36	71	48	59	45	21	5	2	71	22	39	32	11	37	20	5	82	62	39	67	55	24	59	44	69	42	19	25	98	14	73	26	12	30	96	3	43	11	70	89	
55	42	33	56	79	32	100	3	15	1	5	79	50	28	38	33	15	30	12	79	12	1	60	91	63	7	33	84	28	27	20	33	80	1	43	13	93	32	19	62	
18	33	47	64	4	6	98	19	28	2	32	52	55	99	42	49	76	32	18	92	69	61	65	40	85	95	3	48	36	72	94	93	83	6	11	55	13	94	25	45	
42	53	87	20	96	2	96	27	47	75	13	100	57	61	27	90	94	84	22	68	56	36	93	49	46	36	71	76	38	13	21	93	33	42	16	16	58	21	50	34	
53	67	12	79	81	83	23	71	39	64	76	31	94	60	40	21	92	39	11	70	94	93	43	88	87	63	1	96	33	48	52	14	45	3	16	51	92	3	17	5	
65	28	12	57	52	60	42	74	76	60	49	10	98	87	99	25	6	43	20	40	69	23	5	22	91	81	29	100	34	13	61	31	91	66	12	56	97	36	29	51	
70	45	7	23	56	59	52	9	69	6	57	18	79	38	62	82	100	28	23	99	79	54	94	55	21	3	30	25	18	100	79	65	59	39	43	26	74	58	84	19	
On machine	4
97	8	38	29	2	29	67	32	58	40	42	12	64	44	77	26	32	28	55	90	37	52	29	71	66	19	15	30	84	78	97	76	57	73	50	55	7	20	12	77	
36	9	29	26	48	25	87	67	47	63	47	99	37	68	67	31	67	27	23	32	76	33	12	3	29	21	88	41	56	48	45	4	7	27	70	18	23	47	54	75	
34	98	66	56	26	12	32	14	43	5	1	92	40	17	5	69	37	72	49	86	40	63	2	99	29	18	47	91	42	48	98	21	74	16	79	56	77	93	86	30	
21	60	52	21	60	8	3	50	82	14	33	14	44	34	66	94	69	6	17	38	84	78	57	82	22	4	88	19	89	37	7	99	77	31	83	59	78	96	56	57	
11	63	12	43	82	14	14	26	39	48	3	42	57	71	21	77	82	80	31	22	90	54	32	8	28	56	3	67	68	91	62	83	16	72	89	75	29	33	6	7	
28	94	71	44	65	10	35	67	35	95	81	1	37	98	45	58	1	74	92	65	29	84	10	55	66	23	10	6	89	41	86	56	7	1	47	76	5	59	63	16	
72	29	85	11	13	79	54	89	72	53	34	28	58	11	40	10	76	29	53	25	59	1	89	98	52	22	68	25	5	98	21	99	97	98	89	69	62	15	50	80	
93	29	80	93	10	64	12	59	71	75	67	75	33	60	1	68	92	39	6	3	15	91	13	64	90	50	11	46	93	80	46	83	61	70	87	48	69	43	73	55	
89	72	72	57	66	80	60	7	26	38	33	84	21	82	62	33	12	29	73	75	41	93	43	95	83	8	80	44	52	4	25	90	44	31	55	31	71	4	59	94	
2	34	93	89	66	31	45	99	2	15	97	75	2	22	59	84	48	75	21	17	61	15	50	27	99	30	78	12	62	60	10	54	81	74	33	41	86	50	58	37	
41	16	75	23	1	51	30	57	19	4	74	33	70	92	57	42	23	48	99	73	42	56	45	15	98	8	2	78	18	63	85	53	23	45	41	23	56	80	18	99	
4	57	9	77	75	35	5	49	67	24	51	77	12	84	15	80	1	47	88	68	21	10	26	31	54	8	26	98	50	93	33	34	27	95	96	95	67	61	72	33	
91	68	70	13	35	16	93	25	87	71	15	100	52	48	72	32	18	78	65	33	24	86	40	56	85	15	45	55	34	32	24	61	4	87	92	93	31	8	35	72	
22	88	7	54	93	83	97	88	9	32	31	35	16	39	23	8	89	43	98	81	24	29	15	31	20	85	24	52	20	32	21	42	61	10	59	33	94	68	63	2	
69	4	68	1	57	16	54	32	95	5	36	24	14	81	47	55	38	2	11	50	47	8	47	2	61	45	72	34	59	76	19	91	14	68	20	54	75	61	57	17	
68	59	42	56	7	67	12	82	95	74	1	37	55	73	97	26	96	1	46	8	58	90	33	74	74	27	70	71	91	35	7	86	55	95	6	10	71	10	56	4	
45	6	10	54	76	9	42	94	49	50	89	32	53	77	24	12	23	48	3	55	88	12	38	76	44	4	82	38	99	24	10	20	51	28	58	32	11	86	71	59	
84	32	9	37	72	23	37	8	49	1	8	35	42	86	96	26	35	38	31	55	13	64	57	66	53	45	69	60	83	86	96	85	6	52	81	16	65	27	97	71	
46	17	75	27	30	95	53	21	77	20	17	94	32	69	34	60	8	90	34	53	44	7	45	39	34	80	55	17	14	69	18	17	24	64	64	6	15	33	67	80	
94	4	4	50	65	65	1	84	75	57	50	45	79	95	69	98	64	18	49	43	62	12	100	37	70	6	77	37	61	67	13	36	84	73	95	40	22	55	65	2	
34	16	85	64	95	16	70	45	5	32	84	58	46	6	33	96	49	39	76	75	25	20	18	57	65	11	64	71	70	27	92	79	70	25	71	95	64	13	70	37	
8	60	16	16	33	42	19	65	35	27	70	37	58	62	67	22	92	70	85	76	38	17	64	26	50	50	84	14	51	14	46	73	5	64	72	26	15	1	88	89	
87	30	64	23	8	44	96	84	37	31	71	11	17	9	50	61	82	49	95	52	51	62	26	26	5	78	18	23	80	5	50	55	34	44	99	96	47	34	25	66	
81	8	2	87	59	72	74	69	91	52	53	34	84	51	58	40	27	65	84	33	13	99	74	92	22	94	58	8	48	16	29	69	51	82	65	9	12	88	12	84	
40	82	70	71	2	20	77	2	71	89	43	68	25	39	75	31	38	70	23	100	6	22	38	32	16	98	14	72	85	90	92	78	9	31	98	4	50	93	72	40	
14	10	99	5	88	66	31	49	50	65	48	40	14	32	66	72	58	66	39	93	49	90	97	26	86	55	93	93	67	43	51	88	75	56	27	40	3	34	96	94	
71	68	55	19	27	78	46	8	39	31	69	15	68	21	28	17	8	78	78	25	22	24	42	55	22	87	77	60	1	48	83	89	56	1	69	82	25	4	2	70	
99	70	68	3	35	93	73	43	50	20	47	40	77	5	25	56	31	95	27	42	70	29	92	31	73	18	85	36	52	7	5	27	84	90	35	49	5	68	76	71	
73	69	30	75	22	74	100	49	27	4	98	89	63	11	7	23	35	74	37	10	81	29	85	89	92	30	76	32	94	57	97	41	76	77	28	86	77	32	22	62	
9	38	46	62	95	80	63	78	1	84	59	56	43	63	20	40	62	32	29	24	47	83	83	71	39	64	45	88	56	29	32	100	89	85	27	8	38	35	22	48	
71	2	56	85	34	50	79	71	79	99	39	55	67	56	36	14	22	79	52	54	33	99	54	43	92	2	36	4	97	60	26	24	93	11	36	97	43	48	46	15	
70	3	50	42	58	67	42	100	26	72	26	80	12	88	4	42	85	71	6	46	3	18	72	6	60	27	11	50	85	31	97	44	11	80	14	64	12	20	10	33	
34	25	16	85	91	30	45	90	81	49	70	57	16	23	44	3	75	98	61	93	76	86	87	5	87	98	82	19	22	39	31	57	70	84	100	45	96	68	67	86	
38	85	33	82	20	74	13	95	87	36	37	1	21	16	33	50	60	25	44	99	71	92	87	91	7	31	66	65	83	65	40	39	58	30	2	24	68	79	1	37	
55	21	60	100	55	11	100	8	9	61	58	21	72	99	12	91	92	44	4	1	66	99	57	64	56	67	20	12	35	66	86	58	15	33	54	46	74	70	6	15	
83	70	53	89	68	64	23	94	17	1	4	36	55	97	62	82	25	10	2	93	94	48	29	61	51	80	11	16	70	77	55	78	16	52	61	98	91	35	96	36	
91	77	96	11	57	67	23	89	68	74	29	80	44	79	14	23	92	7	63	14	96	68	9	14	15	35	49	4	41	12	55	100	60	16	42	89	5	1	23	88	
33	71	57	36	45	68	8	96	9	88	41	63	99	23	42	14	36	84	23	85	11	79	11	39	55	25	47	91	93	71	67	23	13	12	74	18	89	39	5	71	
50	96	83	47	24	74	55	43	12	25	25	74	52	33	66	16	13	78	78	96	80	1	47	48	47	43	40	6	93	97	75	44	48	40	27	8	38	69	32	37	
86	84	64	98	48	20	70	68	52	14	13	6	15	27	7	84	51	39	82	71	68	96	15	92	6	22	82	75	41	69	77	43	46	55	88	39	8	2	28	35	
On machine	5
35	5	94	46	12	38	11	66	85	44	2	42	90	74	41	27	76	16	27	71	25	84	14	46	93	64	80	69	35	89	32	4	3	88	2	2	10	68	11	32	
90	31	34	2	60	81	53	37	55	89	12	74	15	11	86	73	70	66	62	89	97	11	94	95	6	65	53	14	45	70	42	30	49	38	83	64	73	87	7	48	
18	12	87	88	90	91	59	93	69	16	24	19	55	7	77	45	43	37	35	13	50	45	61	49	91	74	24	91	57	75	10	31	49	19	9	38	30	14	47	77	
23	72	91	2	64	4	66	22	19	72	71	88	80	39	80	49	54	7	3	76	97	77	55	92	45	77	34	44	76	58	54	78	78	21	95	11	8	8	65	9	
24	71	87	18	91	54	27	65	92	10	66	99	7	40	90	51	17	18	58	45	91	9	6	15	93	47	100	69	32	42	98	23	85	64	45	8	96	37	85	42	
69	17	98	67	98	30	83	97	49	6	45	74	7	73	42	85	1	70	42	97	74	78	41	27	14	49	46	18	6	15	92	27	23	30	87	41	39	26	54	62	
41	73	62	54	81	5	93	28	84	42	28	67	41	36	25	22	32	88	90	99	57	70	2	81	8	83	57	40	96	56	42	49	2	79	46	98	96	40	8	19	
65	11	99	10	90	84	100	84	70	79	84	60	50	61	24	99	24	74	35	77	96	64	40	7	87	88	37	9	100	32	55	11	17	93	35	50	15	10	36	60	
4	48	38	32	43	64	22	22	9	70	51	51	96	11	28	19	61	92	47	84	33	80	58	95	18	36	16	32	35	46	54	43	22	89	26	40	63	39	76	62	
53	98	71	55	42	35	6	14	2	20	56	39	100	36	56	72	30	53	29	96	30	77	98	28	93	93	1	31	87	94	53	38	19	92	100	36	16	97	26	60	
32	26	11	85	64	64	47	81	57	90	60	33	77	65	63	20	61	20	11	42	65	17	78	78	20	11	42	3	22	1	59	96	87	72	33	87	18	12	77	71	
13	93	35	64	11	27	99	66	48	58	12	68	68	16	23	84	75	51	8	84	94	72	67	7	41	44	47	36	81	44	47	29	60	68	47	28	65	92	40	83	
20	31	27	62	64	11	84	61	16	36	76	2	62	12	92	48	20	100	74	81	37	73	45	84	70	29	28	94	65	6	75	98	92	59	85	68	50	6	41	64	
23	26	96	66	18	43	99	15	60	26	13	57	94	25	46	40	57	82	10	86	65	31	12	12	52	98	83	17	49	22	62	11	85	45	53	47	44	31	7	14	
3	8	95	29	25	45	76	72	19	33	32	15	49	41	46	33	5	32	19	2	14	57	66	34	1	50	35	2	22	98	22	87	43	100	55	16	29	94	17	65	
28	25	99	54	59	30	91	8	94	14	65	38	91	96	94	38	52	63	2	51	28	7	66	22	15	52	66	96	34	78	34	10	2	25	23	98	37	41	81	94	
80	26	27	62	90	8	6	35	24	37	13	64	96	9	84	76	68	15	68	66	29	55	47	72	3	7	48	100	82	62	37	86	97	85	15	5	47	4	50	8	
23	29	34	8	60	2	8	85	57	37	5	88	65	31	64	59	38	6	26	3	55	32	67	89	95	76	74	52	92	51	89	86	61	89	99	5	43	33	86	20	
54	66	93	42	54	28	8	14	60	58	41	40	15	41	31	78	66	41	88	51	87	27	45	68	60	35	13	68	2	98	90	29	76	50	15	35	5	17	97	25	
100	63	16	38	10	60	40	74	44	98	9	65	19	27	24	27	26	85	16	32	16	9	75	70	45	33	24	96	49	18	57	21	30	21	76	10	56	5	64	69	
83	89	25	23	37	30	83	46	71	21	51	58	97	94	18	68	35	95	80	81	86	98	45	38	6	33	17	96	94	49	21	26	7	60	27	72	84	94	2	14	
21	57	99	29	17	93	83	30	62	81	7	65	4	43	64	83	93	93	3	59	91	74	16	21	86	22	80	52	32	30	81	59	14	43	77	90	77	35	18	98	
85	97	69	52	60	20	40	73	98	66	38	52	80	77	76	68	74	15	13	29	50	62	35	52	65	22	71	5	36	26	27	88	12	20	33	67	65	77	51	31	
77	48	57	86	51	78	15	52	62	14	27	21	64	62	37	1	99	42	69	29	18	87	97	61	91	59	68	26	64	78	62	22	95	68	69	30	58	38	63	72	
91	93	29	76	33	87	79	96	23	11	1	42	8	27	38	13	51	16	14	4	24	4	57	18	63	84	86	43	85	39	6	62	12	59	90	95	38	75	5	22	
17	41	26	17	17	64	44	19	67	1	79	30	13	85	40	62	69	90	88	74	6	75	50	98	53	48	89	70	61	11	47	18	45	40	11	82	54	4	32	60	
55	48	43	95	91	30	71	43	14	76	59	63	27	24	83	65	22	33	7	20	9	99	53	18	44	48	57	88	85	97	2	19	12	63	54	76	11	68	89	20	
41	68	18	41	80	48	87	19	4	80	60	18	50	92	62	6	33	5	4	12	76	13	41	29	45	13	63	9	92	41	96	93	74	21	23	28	91	85	25	27	
62	26	68	63	49	20	63	35	73	20	59	54	18	67	58	21	6	33	27	89	42	74	6	4	82	91	68	5	86	65	48	93	5	39	86	76	97	37	100	1	
70	59	68	69	64	58	82	8	27	57	70	33	70	8	56	35	76	62	14	40	80	59	93	99	83	84	12	4	14	37	37	71	10	95	45	41	61	36	23	38	
49	16	52	48	7	66	69	42	48	57	60	60	18	23	84	94	98	59	36	16	49	38	89	90	57	97	7	7	85	64	17	2	27	42	72	66	85	51	55	54	
98	26	12	82	7	29	64	77	90	30	95	8	77	67	94	41	17	99	10	31	41	22	86	65	58	67	64	13	93	21	76	75	75	89	40	82	15	97	31	14	
13	91	89	63	70	3	38	13	76	3	10	64	27	70	32	30	17	83	30	31	14	75	81	84	2	60	21	55	39	31	67	13	33	40	57	89	92	8	66	5	
34	40	67	19	37	20	53	78	28	22	47	60	64	1	74	97	52	56	31	93	69	47	77	91	93	4	9	56	40	25	38	90	97	73	12	95	95	64	59	28	
87	77	55	61	83	67	75	76	3	89	54	42	91	49	81	72	50	74	23	81	2	78	38	48	87	4	78	85	48	79	83	73	7	6	70	86	8	20	59	51	
50	75	42	71	21	17	23	19	67	12	12	83	92	43	33	62	35	60	1	5	40	87	44	16	11	2	7	42	70	95	56	98	30	27	14	74	66	52	99	69	
24	41	96	64	24	8	12	96	86	69	89	26	47	29	16	30	63	90	19	65	94	73	12	30	25	19	95	39	62	100	24	69	78	85	94	20	5	49	15	84	
59	59	50	12	2	94	89	31	44	56	30	77	67	83	64	34	94	65	81	6	9	59	67	72	28	100	32	36	67	50	38	99	54	90	63	52	100	84	8	42	
77	26	96	59	37	37	64	75	45	39	36	74	32	7	16	2	54	6	4	88	75	84	61	60	83	86	77	90	65	57	41	60	62	18	17	18	16	99	19	21	
27	83	92	67	22	38	79	94	12	91	7	11	20	69	52	21	35	7	45	61	50	43	36	56	12	54	20	80	41	10	59	15	34	71	20	34	91	62	84	88	
On machine	6
71	43	73	62	87	74	62	46	77	73	20	26	34	64	32	7	86	85	11	33	79	64	62	42	41	9	94	11	20	41	46	69	78	11	74	88	54	16	68	40	
22	76	97	33	93	87	87	64	52	62	60	86	90	3	29	25	97	68	56	93	11	46	67	89	25	13	50	30	99	93	62	15	24	37	35	57	64	91	79	56	
91	3	8	75	31	17	80	97	32	20	55	69	35	68	65	79	81	98	8	15	26	55	24	22	53	74	65	62	42	10	37	15	62	23	67	23	85	12	55	98	
53	33	70	78	85	81	81	76	93	83	97	32	29	65	53	54	25	9	56	37	55	59	13	80	33	70	16	47	32	42	13	7	81	11	23	57	19	40	10	24	
21	14	65	24	6	70	3	46	58	56	12	62	23	98	42	100	20	24	9	18	45	81	100	44	43	86	36	97	20	81	66	74	70	37	64	93	8	32	12	71	
94	69	41	72	63	39	50	30	52	97	64	33	58	80	14	70	83	26	34	11	37	92	79	18	87	66	50	96	52	62	5	76	45	62	50	96	18	78	11	67	
96	69	6	47	70	75	76	21	85	95	45	75	41	5	6	57	32	11	82	83	81	52	30	18	69	85	57	49	93	23	90	78	5	17	27	37	70	82	89	72	
50	25	69	48	4	41	83	63	78	15	53	62	35	46	83	93	4	17	76	8	86	66	67	8	69	15	58	39	80	37	47	40	53	81	74	87	22	30	38	83	
8	86	63	29	14	100	83	4	65	38	28	5	27	16	46	9	30	72	1	44	79	20	60	48	14	89	31	67	20	21	83	6	82	68	80	70	79	22	35	27	
45	60	1	63	40	27	50	4	72	65	54	37	76	63	93	93	66	78	13	57	53	47	17	59	41	32	76	100	53	100	31	48	83	59	22	62	8	72	52	93	
21	96	94	89	41	46	98	15	20	77	33	84	1	86	57	79	67	84	22	85	21	6	15	24	27	47	89	40	43	40	16	49	51	7	61	1	9	65	79	25	
64	8	4	29	9	35	43	9	58	32	32	21	30	60	19	58	6	32	96	90	85	33	58	52	82	68	35	92	37	64	60	8	31	33	77	68	48	71	99	66	
54	42	84	90	52	99	91	52	58	54	16	67	71	37	10	21	40	81	63	75	15	40	84	59	100	7	38	28	82	21	37	42	6	19	95	65	23	5	2	86	
1	53	85	44	63	87	28	53	3	17	99	54	90	31	17	78	27	85	45	33	8	60	88	100	10	31	20	81	8	15	77	85	31	69	47	24	88	66	51	84	
54	7	97	88	10	31	73	7	81	25	24	29	13	14	69	13	42	46	49	23	66	10	92	9	87	7	45	29	63	40	76	53	58	21	82	61	12	14	89	28	
5	46	72	49	81	22	84	28	23	29	40	74	81	89	43	25	21	1	61	7	38	24	83	12	58	58	14	82	31	70	56	61	91	68	21	56	92	8	25	98	
48	78	91	68	70	99	13	77	97	56	45	31	88	82	4	18	38	14	92	83	27	70	84	39	75	75	6	32	51	76	68	18	93	27	32	65	76	70	40	83	
88	73	86	29	50	58	95	3	99	21	50	19	61	33	67	98	38	87	68	85	93	46	77	21	15	34	67	86	35	81	78	33	13	19	7	88	91	84	59	38	
15	7	58	71	47	65	54	49	3	84	16	80	83	22	99	51	9	33	2	39	47	91	36	91	4	25	2	53	71	100	93	68	8	68	89	43	36	85	49	76	
75	18	60	41	44	56	7	55	87	15	11	55	73	78	42	30	37	25	1	23	10	2	41	80	46	65	23	62	65	57	8	41	1	2	16	79	28	80	89	26	
38	75	40	59	68	1	48	30	65	14	38	91	93	30	3	35	4	88	35	12	40	1	2	73	41	82	70	98	15	46	21	59	61	71	3	62	49	68	17	42	
20	23	15	73	31	77	99	1	38	30	79	38	24	49	97	15	99	3	40	28	82	19	66	26	100	94	85	5	27	35	42	94	44	46	72	40	65	81	32	17	
48	84	73	40	10	81	39	81	24	14	56	18	32	77	6	73	11	68	5	16	10	75	95	55	95	46	19	56	25	31	96	67	47	4	6	73	16	93	29	91	
75	53	40	11	97	21	75	18	63	49	25	78	98	42	4	33	68	47	34	79	45	32	37	41	58	12	70	86	28	33	23	42	60	66	92	41	38	28	62	21	
35	25	3	35	20	5	85	44	12	9	35	14	13	2	84	100	13	30	29	50	86	62	92	70	28	59	14	28	6	24	43	83	16	84	36	56	35	52	70	11	
45	57	72	36	47	79	24	51	29	44	14	94	97	22	66	18	6	42	73	57	21	55	45	44	41	10	24	65	27	52	14	62	5	45	66	67	29	14	27	3	
29	73	27	6	93	74	91	3	34	86	12	64	24	12	50	87	58	24	39	41	77	19	22	38	68	30	44	91	66	6	51	11	13	100	38	93	2	59	100	16	
64	95	72	44	90	70	24	1	91	40	52	57	60	55	22	83	93	100	100	17	63	73	41	65	97	11	24	24	13	67	81	90	25	8	33	50	51	87	88	13	
9	75	41	45	80	6	94	48	12	8	32	8	15	10	93	97	6	21	28	90	77	40	6	65	93	27	47	25	4	2	18	96	95	14	16	56	2	6	37	93	
73	8	41	54	50	33	91	85	43	10	32	7	6	97	66	52	82	55	29	70	3	35	38	93	73	67	30	66	85	66	73	20	1	50	31	32	21	38	7	74	
57	26	86	49	40	9	11	71	26	24	5	77	35	90	63	89	48	84	99	80	49	13	36	35	31	16	10	80	78	69	60	18	7	81	12	10	16	98	71	19	
32	70	33	93	13	55	27	76	35	7	46	54	11	29	23	86	79	60	54	58	64	54	31	17	65	87	32	78	62	31	31	96	20	58	74	90	43	98	48	21	
94	50	65	39	82	69	10	94	1	93	10	86	16	69	80	3	79	21	7	66	68	92	30	45	55	50	59	33	96	35	99	28	98	56	14	40	66	45	65	90	
70	62	95	34	4	6	91	55	78	93	100	74	56	49	94	83	80	11	26	42	68	35	39	14	61	65	94	88	63	81	3	44	34	49	97	73	19	6	100	57	
65	44	77	61	73	50	1	65	16	38	78	60	52	76	82	99	46	53	5	4	70	49	97	65	51	65	36	57	53	91	63	34	60	15	8	43	96	27	16	24	
93	89	22	88	67	59	58	79	26	28	19	100	42	73	72	39	27	86	40	99	23	34	19	18	56	12	66	98	91	92	23	64	25	93	3	21	98	29	89	20	
51	26	75	79	32	89	5	90	13	24	4	2	8	24	33	16	60	41	27	51	28	10	26	96	32	11	69	40	83	16	9	37	16	55	86	65	82	86	95	86	
2	19	93	30	16	63	85	73	24	72	35	61	31	55	17	40	80	98	35	85	64	30	78	76	30	51	65	11	71	66	57	97	64	47	11	69	48	69	11	44	
45	43	73	6	91	24	71	58	15	77	91	87	72	65	42	29	43	82	61	57	32	46	30	6	22	81	62	93	67	13	98	90	94	89	26	54	88	94	54	15	
60	42	91	35	36	63	32	30	53	52	29	34	95	27	3	99	33	91	54	2	65	74	87	14	27	9	51	34	34	19	48	86	84	44	64	40	43	83	63	48	
