Factories	2
Families	60
Machines	2
SetupType	3

Number of Jobs in each Family
3	10	2	8	8	9	3	2	5	4	8	8	6	3	4	9	6	3	4	8	10	4	1	10	7	4	9	7	1	2	9	9	2	7	9	3	10	7	2	5	2	2	10	8	6	6	3	7	10	6	5	2	8	8	6	5	3	4	10	7	

Jobs in each Family
0	1	2	
3	4	5	6	7	8	9	10	11	12	
13	14	
15	16	17	18	19	20	21	22	
23	24	25	26	27	28	29	30	
31	32	33	34	35	36	37	38	39	
40	41	42	
43	44	
45	46	47	48	49	
50	51	52	53	
54	55	56	57	58	59	60	61	
62	63	64	65	66	67	68	69	
70	71	72	73	74	75	
76	77	78	
79	80	81	82	
83	84	85	86	87	88	89	90	91	
92	93	94	95	96	97	
98	99	100	
101	102	103	104	
105	106	107	108	109	110	111	112	
113	114	115	116	117	118	119	120	121	122	
123	124	125	126	
127	
128	129	130	131	132	133	134	135	136	137	
138	139	140	141	142	143	144	
145	146	147	148	
149	150	151	152	153	154	155	156	157	
158	159	160	161	162	163	164	
165	
166	167	
168	169	170	171	172	173	174	175	176	
177	178	179	180	181	182	183	184	185	
186	187	
188	189	190	191	192	193	194	
195	196	197	198	199	200	201	202	203	
204	205	206	
207	208	209	210	211	212	213	214	215	216	
217	218	219	220	221	222	223	
224	225	
226	227	228	229	230	
231	232	
233	234	
235	236	237	238	239	240	241	242	243	244	
245	246	247	248	249	250	251	252	
253	254	255	256	257	258	
259	260	261	262	263	264	
265	266	267	
268	269	270	271	272	273	274	
275	276	277	278	279	280	281	282	283	284	
285	286	287	288	289	290	
291	292	293	294	295	
296	297	
298	299	300	301	302	303	304	305	
306	307	308	309	310	311	312	313	
314	315	316	317	318	319	
320	321	322	323	324	
325	326	327	
328	329	330	331	
332	333	334	335	336	337	338	339	340	341	
342	343	344	345	346	347	348	

Total number of jobs
349

Processing times of jobs
1	1	
9	2	
5	1	
10	9	
3	9	
4	9	
6	4	
7	7	
10	2	
7	4	
8	5	
2	6	
4	4	
8	10	
1	1	
9	1	
4	1	
7	2	
1	6	
7	9	
2	6	
10	6	
10	5	
3	6	
2	9	
7	2	
9	5	
8	8	
7	1	
1	5	
7	2	
2	6	
4	5	
8	1	
4	1	
9	5	
7	3	
2	3	
9	10	
6	1	
4	1	
6	6	
5	1	
5	4	
3	1	
5	6	
10	3	
7	10	
6	8	
1	6	
10	4	
10	2	
6	8	
7	4	
9	10	
10	4	
8	9	
8	7	
4	6	
1	4	
6	8	
3	7	
2	6	
3	7	
7	1	
1	2	
6	6	
1	3	
2	2	
10	9	
6	9	
3	8	
4	1	
5	3	
1	7	
4	10	
5	1	
2	4	
3	2	
5	10	
7	7	
4	5	
10	5	
9	6	
9	5	
6	8	
3	8	
3	2	
2	6	
8	3	
6	9	
2	5	
8	5	
3	5	
2	2	
10	1	
10	3	
3	8	
4	4	
8	8	
1	2	
1	2	
8	3	
4	4	
2	1	
8	5	
2	2	
5	1	
1	6	
8	10	
3	8	
5	5	
6	7	
1	3	
2	10	
5	1	
6	5	
3	1	
5	8	
10	1	
2	5	
8	9	
3	5	
6	5	
3	6	
3	10	
2	2	
10	2	
2	6	
2	2	
7	8	
6	4	
5	3	
1	4	
6	8	
10	9	
3	3	
3	9	
9	8	
10	5	
10	10	
4	9	
8	9	
1	9	
4	9	
8	3	
10	1	
6	3	
7	9	
4	3	
8	2	
7	10	
8	9	
7	7	
3	1	
4	10	
1	10	
6	10	
4	9	
9	8	
4	5	
8	4	
3	5	
6	10	
8	1	
10	1	
6	4	
10	4	
7	6	
6	2	
1	7	
6	6	
6	7	
9	10	
3	5	
9	1	
9	5	
9	2	
4	7	
4	3	
6	4	
6	2	
4	2	
9	5	
2	8	
1	8	
5	7	
6	3	
5	10	
3	5	
8	6	
5	10	
8	10	
7	7	
5	10	
3	8	
3	10	
5	10	
2	9	
2	5	
2	10	
1	2	
8	3	
5	7	
5	10	
5	5	
8	9	
6	1	
1	9	
1	2	
9	3	
2	7	
8	4	
3	6	
6	9	
2	2	
5	8	
9	10	
8	1	
4	9	
8	4	
8	1	
2	5	
6	1	
8	9	
8	2	
1	7	
7	8	
1	10	
5	5	
5	3	
4	4	
7	7	
3	9	
7	4	
4	9	
10	1	
6	6	
5	7	
10	8	
8	9	
9	7	
5	9	
9	6	
8	3	
6	9	
6	3	
6	8	
5	2	
3	3	
8	6	
3	2	
6	6	
9	10	
2	6	
1	1	
3	5	
6	1	
9	6	
5	3	
6	10	
8	9	
4	3	
7	6	
9	5	
1	8	
1	6	
3	3	
3	7	
6	2	
7	4	
5	4	
3	2	
7	4	
5	5	
1	7	
2	8	
3	3	
10	9	
2	1	
5	1	
3	3	
7	9	
10	6	
8	5	
4	8	
2	6	
5	8	
10	1	
1	2	
2	9	
5	10	
10	2	
4	9	
9	9	
8	6	
6	8	
7	9	
6	8	
2	1	
3	6	
4	6	
5	5	
10	9	
1	3	
1	4	
4	4	
6	6	
4	1	
6	9	
8	4	
1	6	
6	9	
2	4	
2	10	
1	8	
6	4	
9	4	
7	4	
7	1	
5	3	
10	4	
7	3	
5	3	
3	8	
6	9	
2	9	
5	6	
8	2	
5	1	
2	4	
1	7	
7	8	
1	8	
9	4	
4	3	
6	7	
8	3	
8	9	
1	5	
1	7	
9	1	
4	1	
5	8	
8	6	
3	10	
2	5	
6	1	
10	1	

Stepup times between Families, where [f][f] represents initial setup time
On machine	1
82	26	1	56	63	93	74	44	52	53	6	93	76	30	14	41	53	53	2	14	8	41	60	90	80	99	79	55	78	23	44	83	71	28	73	89	35	34	65	36	49	55	27	56	6	61	14	95	86	41	32	61	73	34	61	19	34	100	75	61	
98	59	7	10	51	37	79	60	31	46	66	96	83	73	7	47	63	76	38	74	19	40	59	19	54	23	45	60	98	65	70	43	81	68	75	23	31	91	58	78	87	86	66	20	14	55	96	15	61	88	43	63	55	32	1	67	40	63	68	9	
79	66	69	39	46	78	20	50	9	79	72	23	48	76	86	99	63	66	92	15	94	6	26	69	26	78	56	26	65	78	85	17	78	91	36	18	93	49	57	14	15	74	95	86	69	6	51	82	45	84	83	40	70	72	48	61	93	27	49	88	
12	88	57	28	90	76	83	35	34	73	68	92	41	94	28	64	54	62	92	40	36	2	47	30	67	96	12	27	43	37	20	52	66	81	85	75	7	42	45	76	90	42	71	51	5	41	54	60	48	98	40	2	9	100	6	24	19	17	21	82	
24	54	97	26	65	10	30	50	45	55	76	73	64	44	55	88	85	2	79	87	74	1	62	88	63	3	78	43	62	74	14	30	17	69	95	27	88	93	99	100	89	1	82	63	33	36	11	82	92	40	61	28	36	87	99	73	58	17	61	10	
14	41	68	69	93	21	15	43	27	79	99	98	10	10	56	58	19	4	69	78	63	9	10	44	47	39	23	25	51	4	8	90	5	53	63	80	16	72	77	69	19	21	5	40	48	68	46	77	60	37	91	4	93	36	56	35	65	7	82	38	
93	66	58	23	10	14	83	78	19	25	89	78	43	97	62	12	32	1	51	45	36	88	14	15	42	5	83	40	97	6	19	25	28	93	41	88	46	92	11	92	56	68	11	78	27	24	54	25	57	59	57	97	1	39	6	60	99	76	97	76	
20	16	24	93	65	56	99	5	44	23	4	85	14	5	22	56	40	47	1	81	75	1	2	74	61	8	43	38	78	29	84	94	96	17	79	3	71	75	65	71	80	71	23	35	2	24	24	68	33	13	23	5	2	7	47	55	96	46	68	46	
90	24	90	27	96	86	9	46	42	18	59	18	38	36	94	83	66	25	67	15	30	97	47	80	51	68	36	65	96	64	95	67	40	37	9	10	36	33	10	64	39	36	21	57	19	83	49	24	5	92	60	5	4	45	66	11	25	62	68	32	
35	48	74	10	62	60	25	20	9	35	42	93	44	63	7	5	30	74	58	78	51	26	95	49	6	64	80	29	61	44	29	59	60	73	58	74	83	2	40	41	22	1	40	59	8	14	28	49	59	38	91	59	29	41	15	72	28	30	89	23	
82	91	89	22	64	87	35	48	59	17	45	64	92	37	5	43	4	54	17	22	7	72	22	64	94	34	90	65	78	83	65	36	16	89	73	43	18	98	1	12	75	78	79	89	45	84	45	55	6	29	26	64	49	66	97	24	59	54	2	1	
73	27	15	73	43	43	25	75	6	18	15	5	10	74	71	89	91	47	36	59	9	36	91	50	41	50	29	85	34	95	56	19	8	70	85	26	80	73	45	89	88	55	10	88	4	7	5	76	46	97	22	43	41	51	4	69	84	78	33	19	
25	3	12	40	92	12	53	78	66	83	12	55	37	17	58	44	94	63	13	5	72	1	87	50	91	71	40	12	21	76	67	27	32	68	13	88	8	25	36	70	69	90	36	53	36	76	27	86	75	76	18	5	79	33	46	52	74	2	64	15	
76	67	85	29	45	36	93	58	88	77	22	33	22	96	35	72	50	73	61	45	39	32	94	76	18	24	56	10	2	38	60	52	50	39	80	4	58	30	66	59	4	69	66	24	80	83	90	8	81	10	3	78	7	94	67	29	86	42	77	40	
48	85	32	5	22	11	84	21	86	58	37	2	45	31	62	54	99	81	61	28	51	92	3	69	58	10	86	44	26	18	1	49	79	33	68	62	84	73	61	71	74	8	98	8	74	65	40	96	60	40	31	9	56	56	43	21	36	80	19	82	
90	86	91	6	91	52	43	88	68	40	46	75	29	51	25	72	67	33	65	74	38	55	6	66	2	100	12	31	77	48	49	7	78	73	53	30	73	100	91	87	59	64	49	73	51	9	13	27	45	1	4	75	5	37	72	60	11	94	34	18	
50	42	86	22	31	12	85	2	44	44	22	2	44	29	40	96	72	85	16	17	7	59	67	40	26	48	6	18	79	36	68	59	78	6	56	8	72	61	32	93	16	4	9	17	64	84	36	32	49	32	100	89	61	41	61	100	64	99	36	17	
80	24	80	21	86	68	4	16	66	49	34	32	34	12	72	94	97	75	49	62	1	80	22	68	32	2	61	48	71	14	77	33	4	57	68	65	89	68	30	75	24	68	6	3	96	88	54	31	38	15	30	58	9	82	57	17	19	37	52	63	
99	1	67	53	14	95	1	38	31	98	85	53	2	11	98	81	37	28	48	68	56	53	37	79	47	2	71	9	98	36	18	82	93	84	56	37	87	70	55	13	52	31	11	89	32	100	28	35	46	48	71	54	1	31	92	10	21	89	42	87	
25	90	46	68	60	67	89	23	46	6	37	54	21	89	98	99	27	92	21	52	81	44	57	8	32	58	56	26	95	37	76	72	37	55	62	6	33	7	26	48	55	31	93	16	65	42	59	9	10	44	1	49	53	96	58	27	57	47	61	28	
27	28	23	23	77	19	24	40	42	6	15	31	26	37	73	8	76	44	90	12	49	43	64	29	74	64	52	15	25	5	6	40	7	20	95	73	38	35	97	1	45	17	87	94	48	48	62	1	7	33	79	47	25	8	41	89	49	29	30	47	
63	3	29	41	51	59	86	98	86	89	49	50	62	40	100	1	56	88	48	88	69	55	62	60	92	25	70	48	77	45	39	8	11	83	36	36	1	4	42	45	36	66	48	34	4	96	92	89	27	45	23	84	38	16	62	99	57	77	53	51	
86	58	80	21	21	16	4	20	67	26	1	71	77	50	70	90	47	47	24	38	19	8	82	30	50	95	92	61	29	84	99	30	33	54	73	19	22	6	81	13	12	87	13	3	15	26	54	49	95	11	40	99	67	95	22	58	70	24	48	9	
38	57	20	44	1	11	57	42	53	57	47	93	33	90	87	14	97	72	49	32	12	51	43	97	48	59	11	23	26	51	82	21	83	82	95	74	2	47	26	69	3	69	21	58	53	91	82	47	47	6	71	15	59	46	83	67	24	21	21	38	
100	4	29	6	17	38	78	95	45	68	58	20	67	78	29	32	24	94	48	19	38	38	4	33	24	58	34	50	62	96	92	6	14	63	47	90	63	70	19	68	61	61	54	56	85	48	93	100	59	51	15	58	17	82	71	78	53	66	89	93	
10	99	68	52	7	20	78	69	25	56	79	49	50	26	30	81	45	47	10	66	96	30	36	95	44	48	98	32	92	62	24	53	60	12	28	63	51	87	19	43	87	73	82	81	69	15	94	34	80	39	12	93	9	83	19	70	59	46	11	36	
80	54	74	58	49	50	89	80	83	20	86	91	78	65	91	100	4	60	70	68	29	20	98	2	94	10	56	64	11	87	11	53	18	2	89	11	93	25	39	34	94	95	15	97	1	41	76	31	70	13	69	70	17	19	10	36	74	92	59	65	
28	43	98	5	33	10	7	56	50	48	66	51	77	69	93	18	40	7	35	58	40	2	56	73	74	30	86	64	5	59	59	1	16	22	44	68	13	70	53	78	94	65	30	8	78	44	97	22	24	68	77	20	88	43	83	49	10	83	39	45	
67	61	77	74	25	96	20	47	46	50	39	69	40	19	26	11	47	46	24	80	60	33	78	82	77	64	86	9	49	100	81	96	5	56	17	63	86	37	8	2	9	74	61	29	49	50	88	88	24	41	51	5	32	37	82	67	35	10	25	37	
89	7	63	88	22	58	3	50	3	81	18	80	45	43	70	29	91	35	50	90	75	83	17	52	37	83	72	52	83	7	75	31	76	63	75	55	50	25	47	92	65	32	3	26	86	39	4	17	88	44	16	94	66	6	9	50	14	41	66	9	
4	64	33	88	65	55	35	82	54	35	80	88	99	58	14	35	33	68	85	14	32	18	64	100	21	60	66	98	51	46	86	29	10	10	51	51	93	73	8	83	84	79	87	10	14	60	9	96	9	8	58	16	98	61	5	99	94	80	17	41	
77	62	57	96	6	47	97	2	71	36	54	26	63	28	5	40	64	68	14	24	34	93	19	90	70	10	18	3	31	10	42	63	34	25	39	88	59	1	95	61	55	32	41	38	64	8	23	27	11	52	58	88	25	69	83	12	12	67	88	21	
43	18	9	19	45	62	63	66	97	43	88	61	49	13	36	4	97	22	20	2	35	6	73	16	89	34	56	68	65	2	3	81	67	80	38	73	3	76	98	57	81	60	38	6	66	27	13	64	97	58	59	99	18	28	31	23	30	99	56	80	
80	13	55	2	2	92	100	67	22	24	81	71	58	90	27	71	65	94	14	17	93	52	55	26	62	44	68	21	49	92	28	80	89	66	35	61	8	66	92	43	21	3	18	12	44	84	92	76	83	94	84	51	7	88	13	100	11	20	59	76	
73	88	68	73	68	28	9	25	73	26	90	89	100	41	86	77	79	10	21	47	99	43	39	47	62	3	21	45	51	79	18	41	90	81	55	7	38	94	43	55	14	16	62	66	4	62	64	18	100	16	21	49	73	54	62	9	3	43	23	56	
84	81	91	67	16	78	95	33	31	94	6	99	42	92	28	73	20	27	38	74	38	70	21	57	45	37	43	96	40	9	46	6	53	81	62	56	32	4	6	11	53	59	38	96	65	95	23	19	17	58	58	13	86	52	6	17	28	74	72	61	
76	82	8	38	15	41	89	4	9	29	97	10	30	13	14	42	16	47	77	88	5	13	49	61	95	94	38	85	17	71	10	80	75	24	75	41	37	48	27	64	16	74	96	74	93	16	48	26	90	17	100	67	74	78	35	95	17	72	41	90	
16	74	21	52	66	80	4	7	31	22	3	12	47	79	83	83	87	96	22	92	11	62	89	21	28	43	12	58	92	51	89	68	78	21	41	65	68	47	35	3	89	20	82	47	96	60	25	59	66	9	21	43	100	81	63	53	9	94	11	8	
61	37	77	62	62	90	69	36	97	68	64	1	44	24	64	61	79	54	12	1	33	12	1	4	68	93	28	76	11	17	70	33	23	28	16	89	40	84	82	69	66	66	38	86	11	87	85	36	78	43	82	47	65	59	54	27	23	32	6	73	
1	95	91	10	38	94	75	8	32	42	56	59	46	51	58	46	15	61	52	10	35	61	28	74	52	39	71	83	38	81	43	37	28	80	83	7	31	29	38	16	35	2	71	59	37	14	12	76	90	95	75	79	86	90	30	1	97	73	22	72	
40	36	1	4	51	52	57	47	17	3	80	21	21	99	43	44	67	27	40	49	86	71	32	96	29	60	55	20	12	79	5	15	57	12	32	77	70	95	63	47	76	74	95	34	40	37	24	51	29	78	70	73	95	35	8	40	90	18	89	1	
90	43	57	92	77	39	6	41	37	53	15	46	81	45	93	43	94	48	1	35	38	3	13	67	87	1	87	45	25	91	70	82	98	79	53	6	81	96	45	15	77	42	3	73	67	67	75	77	54	100	3	45	43	90	71	55	44	83	24	36	
48	93	59	11	84	73	71	50	48	8	95	64	61	70	49	83	98	46	25	36	8	26	58	21	83	7	62	6	61	56	45	95	37	47	100	13	41	72	89	75	47	53	50	55	6	17	45	21	98	97	83	63	21	88	30	26	94	38	27	92	
75	63	12	30	63	97	24	79	39	23	93	58	13	88	59	65	70	23	25	55	20	88	41	7	68	83	55	13	40	15	58	60	37	50	90	36	95	67	85	51	93	72	33	63	74	89	57	81	96	1	20	76	11	67	42	59	38	75	36	93	
14	55	66	99	39	88	79	70	59	97	53	70	96	66	33	13	18	45	70	93	29	53	33	69	16	98	19	84	29	57	82	35	3	88	53	68	90	85	51	76	14	11	53	86	54	13	55	20	66	94	36	66	3	57	1	73	2	29	56	86	
51	23	37	30	87	27	1	40	73	13	13	57	9	78	97	27	82	57	26	25	93	25	20	6	21	47	4	21	69	89	57	76	28	67	49	95	11	69	51	22	16	44	10	69	58	52	81	25	9	74	77	88	75	7	34	61	35	97	18	32	
45	56	46	74	90	79	2	70	46	24	59	31	27	82	22	2	100	70	56	50	5	72	45	60	81	26	82	18	41	41	26	87	83	23	34	42	19	49	47	86	24	86	36	95	91	95	65	57	39	48	60	53	57	23	2	18	74	84	51	38	
48	85	45	21	66	67	86	45	2	68	77	63	74	30	84	41	39	88	95	37	72	23	47	20	58	68	55	30	78	64	15	57	8	60	100	96	74	78	82	26	8	24	85	83	83	79	49	78	11	91	32	95	58	9	98	12	82	41	50	51	
82	98	68	50	83	2	44	93	44	98	62	99	16	37	32	11	35	11	4	49	28	5	3	46	81	72	73	32	48	15	69	29	96	1	91	33	51	75	44	90	11	17	14	20	82	58	53	10	43	13	5	11	53	95	73	24	26	59	23	88	
52	27	61	5	35	3	52	31	63	43	27	83	3	73	81	86	11	9	83	30	13	89	32	23	30	59	38	57	100	65	50	66	35	75	82	39	32	19	2	76	20	38	28	31	45	53	93	1	13	42	93	43	48	27	44	54	12	95	70	98	
7	4	44	56	16	61	88	18	21	41	51	71	29	88	52	11	88	93	32	8	51	35	28	18	41	63	27	12	30	61	73	55	16	3	46	22	27	52	7	87	61	81	21	97	78	89	71	63	12	12	99	27	90	73	32	43	54	17	51	12	
96	23	22	27	17	38	20	69	9	11	34	13	77	100	29	5	35	1	29	46	57	12	18	84	80	72	53	29	2	21	37	78	99	36	62	3	69	1	13	44	17	36	38	21	15	4	39	24	9	84	74	12	28	76	96	76	48	8	43	80	
69	92	60	44	2	96	41	30	53	100	27	1	15	58	87	27	21	86	70	22	23	63	21	38	88	68	62	46	30	98	89	26	28	96	86	43	53	59	79	81	15	59	84	65	79	69	89	2	71	50	96	38	77	60	56	24	98	72	97	8	
11	16	84	16	18	78	61	90	41	16	28	84	94	50	57	38	66	33	20	46	27	21	7	88	16	1	69	25	9	17	3	14	14	8	20	29	36	39	23	3	64	89	47	58	58	93	10	96	7	74	23	45	23	1	16	30	31	72	53	90	
37	13	32	29	15	16	97	27	8	21	90	74	4	34	62	43	4	60	55	23	15	52	83	76	47	44	55	25	54	63	67	58	26	25	94	89	95	14	15	2	24	54	6	72	85	69	39	76	23	72	59	37	77	91	84	10	85	20	8	80	
34	92	81	90	81	61	16	37	49	76	41	3	31	12	65	37	6	15	75	81	100	59	12	73	61	47	50	4	83	79	79	36	94	45	61	74	1	82	77	90	17	76	53	66	42	25	82	52	83	24	9	5	81	75	16	33	11	76	37	77	
85	56	27	16	70	41	12	17	14	94	10	71	84	85	25	86	28	64	56	38	72	12	15	89	76	18	36	98	20	67	41	35	25	99	61	10	43	96	42	24	77	91	3	81	13	39	70	16	57	53	44	58	10	64	67	93	21	38	16	83	
55	6	25	10	1	39	13	50	3	58	63	82	73	75	95	59	76	10	71	67	90	100	18	49	80	26	79	4	14	29	87	16	28	11	58	23	40	90	67	13	57	75	23	75	46	72	80	50	25	98	82	40	18	25	37	22	38	80	33	34	
49	9	7	31	32	100	12	54	63	83	26	79	82	63	37	45	73	85	36	10	93	71	89	91	57	32	51	62	57	72	49	84	45	69	10	2	2	59	59	6	85	62	80	35	8	66	62	18	21	98	96	98	87	29	21	3	23	41	90	60	
52	16	81	46	19	89	25	77	18	2	42	72	82	87	71	78	38	28	18	50	86	15	12	51	60	4	38	80	21	20	43	18	15	87	55	35	82	92	96	77	73	11	11	71	26	35	64	44	88	29	69	18	24	19	56	8	42	28	40	87	
On machine	2
90	53	82	5	87	96	1	60	6	92	54	33	6	1	80	44	18	64	39	43	87	9	11	90	92	80	20	90	79	30	59	44	91	40	31	39	15	85	81	48	24	76	53	47	61	84	70	91	53	15	68	94	38	13	7	61	69	9	15	16	
23	40	2	62	50	97	6	72	95	97	64	56	30	21	63	96	2	4	37	99	19	12	38	87	94	11	31	11	64	75	6	87	72	83	10	42	21	21	2	35	67	4	21	96	82	45	41	66	66	73	40	17	69	60	26	55	13	13	85	50	
48	88	45	7	72	24	27	43	88	58	72	61	80	78	94	67	32	89	35	49	68	67	9	16	14	45	93	37	5	21	14	39	85	45	68	87	79	85	33	14	89	70	56	30	65	91	93	65	91	73	5	9	5	62	42	88	94	73	53	46	
53	9	29	69	35	58	67	79	23	60	12	31	34	3	78	89	95	47	31	7	67	65	70	52	80	98	8	23	46	62	74	37	54	11	80	86	55	20	85	13	50	4	19	21	19	83	82	30	21	82	92	33	28	18	68	61	77	83	47	95	
65	46	46	39	15	65	17	90	60	73	87	54	20	40	76	41	6	53	67	19	75	65	64	42	39	98	89	22	92	21	99	68	43	8	7	51	88	70	97	10	94	10	89	77	95	58	77	70	17	68	83	93	29	62	34	55	91	55	74	64	
34	85	7	3	69	15	54	86	6	94	76	30	30	72	27	64	25	45	51	9	3	6	100	35	4	38	32	51	72	19	23	54	18	9	57	47	54	49	67	24	8	69	50	57	3	14	25	71	65	85	97	85	9	54	10	94	99	62	84	3	
95	8	83	36	76	98	63	38	42	73	46	24	82	59	51	24	73	7	58	95	52	66	53	83	42	84	23	1	54	28	91	3	71	49	24	96	81	53	46	5	38	99	11	82	92	28	42	54	33	41	24	72	33	72	89	10	2	16	2	90	
58	2	89	34	4	85	36	88	20	73	65	2	72	91	1	72	51	72	32	92	65	51	69	13	32	51	83	31	53	54	62	69	10	10	49	41	26	82	60	44	57	25	46	73	74	89	77	71	42	87	25	77	52	21	98	38	85	19	45	70	
20	82	76	55	86	82	81	55	98	79	60	37	1	7	19	18	64	57	19	34	2	65	33	70	67	55	99	5	9	25	23	38	22	100	64	4	7	9	95	33	75	4	15	78	71	50	86	28	25	68	59	87	37	34	68	55	12	33	79	79	
95	15	71	40	72	61	38	47	7	19	72	22	74	97	63	25	67	49	81	87	1	12	49	98	41	51	13	43	54	23	35	71	47	66	75	35	13	27	57	21	33	68	100	27	74	82	90	99	65	34	44	68	100	30	96	40	78	6	21	99	
50	73	80	91	82	27	29	44	81	79	39	5	2	48	31	75	47	63	73	38	86	32	85	67	23	11	90	65	27	25	49	46	86	11	84	27	59	4	23	6	76	50	18	20	20	79	88	19	29	65	4	50	65	3	50	71	65	25	45	28	
44	94	54	33	13	85	31	12	18	43	21	90	23	82	15	90	98	85	68	3	81	54	31	50	11	71	89	93	82	94	58	58	97	35	67	99	40	87	31	78	8	82	29	19	77	5	74	82	25	18	100	26	94	51	21	95	47	61	84	68	
63	84	13	58	66	66	19	5	73	98	79	4	92	31	46	7	54	29	55	72	71	30	50	13	89	24	64	17	73	63	60	21	51	49	49	77	44	9	13	71	43	8	86	7	74	61	47	91	98	12	5	41	14	9	22	79	44	58	30	51	
1	66	72	3	22	88	91	62	31	47	18	40	46	27	53	10	7	12	41	33	82	29	93	45	82	3	58	29	69	51	48	9	56	58	86	55	13	16	16	10	73	64	78	12	71	9	68	14	86	19	8	53	74	4	39	79	42	97	64	58	
100	53	30	45	5	60	64	41	54	99	54	85	64	40	37	48	1	96	2	22	19	20	32	62	100	76	83	48	10	37	89	55	35	59	7	16	28	22	39	16	40	52	21	94	7	59	43	28	16	10	49	51	90	50	96	25	86	67	53	95	
10	73	13	96	100	84	37	25	50	98	19	92	56	35	23	86	19	33	11	91	89	21	87	85	32	9	94	2	47	80	28	5	15	83	24	84	50	22	54	77	6	2	8	7	20	28	82	16	54	42	30	34	22	16	17	87	16	65	80	72	
100	3	42	6	3	13	10	8	2	52	19	55	44	20	18	54	39	23	8	45	23	98	24	13	46	31	23	58	67	51	51	43	15	37	81	93	73	42	62	19	31	98	12	81	57	31	60	84	22	100	63	44	71	77	53	3	50	82	45	5	
11	61	6	12	99	64	18	43	26	9	77	58	9	72	96	15	48	50	55	39	99	48	32	90	28	23	13	40	88	69	7	81	95	28	79	63	13	53	45	67	80	28	52	20	4	62	57	98	97	23	19	51	32	41	14	34	97	77	3	17	
75	76	88	41	4	13	76	43	83	84	41	22	30	38	20	94	45	44	1	70	100	29	44	77	13	4	35	33	30	13	28	18	20	99	85	82	72	78	71	53	96	90	40	67	81	79	88	23	87	6	17	18	62	12	54	29	57	42	1	87	
56	5	60	14	57	18	50	12	42	16	6	53	100	49	92	75	84	91	63	80	83	52	17	67	30	48	80	46	44	41	41	3	46	23	7	6	57	65	55	6	2	20	66	22	40	59	2	53	35	78	88	89	76	70	33	80	1	45	19	89	
46	39	71	26	20	41	49	13	41	49	88	52	53	49	30	36	51	94	62	18	74	44	44	33	10	29	80	34	46	79	75	77	36	54	59	43	7	25	2	48	67	64	28	44	6	58	56	60	69	84	83	98	54	25	15	21	85	79	32	41	
81	23	20	19	72	56	24	83	14	13	81	15	18	19	72	47	17	5	98	14	19	3	31	20	70	58	21	16	66	90	75	20	70	47	94	82	85	28	44	50	61	40	11	5	70	7	36	4	54	77	17	77	24	77	56	25	99	73	17	75	
44	76	22	35	54	24	8	23	56	33	77	83	44	38	16	39	32	34	24	96	30	62	9	18	68	13	27	92	91	71	65	77	39	3	1	56	48	91	80	90	3	89	4	34	72	7	24	88	35	58	60	82	36	80	74	64	63	99	4	10	
80	53	59	59	68	17	63	56	84	82	24	22	33	59	93	92	33	43	98	20	75	82	51	88	41	15	79	100	82	75	95	70	6	13	100	49	38	16	10	54	71	35	97	47	19	55	95	57	57	46	8	57	76	93	95	18	24	19	34	97	
60	93	31	9	91	49	88	98	53	11	64	39	92	80	87	87	92	73	88	100	22	76	88	13	91	97	74	86	77	76	45	24	62	89	30	35	1	24	98	46	13	30	2	46	79	19	89	15	12	89	94	66	47	29	47	56	100	77	89	41	
36	66	57	69	75	83	58	31	12	97	36	95	47	48	20	9	9	82	1	38	67	63	62	74	100	65	29	83	41	69	96	78	18	37	86	43	87	43	8	53	78	98	16	98	42	59	29	44	1	35	53	10	42	71	56	53	90	45	46	46	
20	21	70	26	14	37	15	19	46	49	87	99	33	82	51	74	15	38	3	36	87	5	86	15	80	38	63	3	8	59	13	20	100	33	41	28	61	11	70	56	93	70	25	6	56	9	93	57	45	73	60	13	44	88	36	58	90	34	89	31	
18	64	19	37	74	53	55	66	9	37	37	7	99	84	4	21	36	35	29	75	4	5	41	42	58	12	46	71	2	84	24	21	69	85	20	23	28	45	81	92	52	93	13	47	28	88	94	94	72	84	85	17	60	20	42	100	32	69	98	73	
82	57	49	62	80	76	40	23	12	53	39	3	94	53	62	41	41	63	81	53	12	8	87	23	10	23	11	66	75	19	38	77	86	75	60	50	55	59	75	12	70	74	36	35	53	59	83	49	25	36	73	99	44	31	32	28	77	98	79	1	
77	86	19	18	64	72	77	24	7	53	24	16	5	50	34	31	23	86	82	82	96	14	68	40	5	69	88	89	81	50	4	33	37	58	29	21	34	35	72	93	59	77	57	23	17	75	79	8	11	37	97	44	67	27	77	55	42	42	91	53	
35	93	56	65	67	28	96	37	99	27	32	13	47	81	76	42	34	55	72	25	2	22	5	69	41	82	3	100	79	35	81	29	14	61	64	9	60	46	43	7	100	66	38	71	52	84	90	41	13	16	65	47	91	40	86	2	86	66	99	41	
85	62	33	76	22	36	72	87	15	1	71	95	100	51	86	71	33	34	11	11	69	64	65	13	18	31	24	94	99	89	5	80	43	72	28	83	92	48	15	88	12	46	49	24	23	62	60	18	58	11	86	69	50	21	66	36	35	95	2	7	
66	38	48	93	10	82	82	62	47	44	79	83	44	31	78	71	26	27	64	96	11	31	1	18	28	90	46	4	75	100	46	33	42	17	78	33	24	34	47	44	75	51	2	41	78	42	1	7	55	26	53	24	17	38	74	91	72	58	70	76	
77	78	78	21	72	78	57	91	67	10	11	89	29	83	9	81	30	58	61	93	57	51	4	99	15	12	62	7	46	27	26	57	62	97	95	11	98	89	74	68	66	53	33	46	48	63	48	89	25	30	5	80	1	14	81	56	54	61	61	11	
40	48	50	86	61	85	29	66	87	71	1	36	94	39	42	91	40	3	50	29	66	4	14	9	21	39	100	40	92	98	98	39	8	89	70	48	50	43	47	70	39	18	30	10	66	11	2	52	5	91	33	70	1	27	12	11	12	67	29	3	
39	61	75	82	29	30	61	66	17	29	23	5	11	83	9	43	10	11	49	15	4	3	67	92	59	11	19	79	30	20	91	100	43	59	94	57	48	3	56	37	27	73	95	36	90	62	33	98	99	46	19	63	28	59	45	42	42	32	95	25	
60	39	28	100	98	33	28	3	99	88	39	1	91	1	76	90	93	36	91	44	83	20	87	62	94	67	79	81	69	34	3	52	81	77	34	6	78	53	85	21	84	50	82	69	97	39	46	17	26	99	19	25	93	73	31	5	80	44	65	8	
33	93	9	89	65	36	26	66	71	25	45	62	95	63	9	25	46	13	89	21	31	97	9	24	66	73	97	43	96	60	86	96	72	81	79	55	17	38	3	2	67	84	23	75	19	88	95	66	81	13	24	3	39	89	41	97	24	93	2	16	
78	68	48	25	37	74	22	27	32	50	55	8	12	65	5	96	40	38	73	24	94	94	44	83	43	50	10	77	30	99	65	58	53	1	41	50	24	76	9	36	34	87	56	84	90	38	77	16	70	35	59	7	85	79	5	72	34	74	2	72	
56	24	80	23	49	73	6	31	74	60	22	75	12	83	99	75	31	2	32	87	14	53	89	97	67	54	7	7	28	32	19	25	91	68	69	55	18	86	75	6	38	60	7	24	45	53	32	97	45	89	66	50	39	82	87	85	64	74	82	15	
38	48	54	57	98	100	98	27	8	19	63	48	45	14	81	54	9	61	23	41	83	31	6	73	41	28	60	65	10	55	98	45	3	94	82	96	53	78	29	98	96	35	8	44	37	88	100	30	76	51	24	35	46	24	90	75	76	10	42	41	
87	17	94	73	91	22	1	77	45	4	34	53	54	12	64	47	32	52	20	3	11	87	42	89	8	64	20	5	65	99	43	27	86	8	79	30	98	4	93	8	37	37	51	36	12	45	40	28	29	68	100	18	41	45	70	12	60	47	37	67	
19	13	4	4	43	13	33	4	17	56	63	38	73	4	54	10	32	10	100	53	37	38	42	42	55	53	88	59	31	33	17	20	47	55	77	66	7	42	4	44	99	46	31	59	10	67	25	100	69	67	23	38	75	25	40	100	35	83	96	88	
35	83	39	84	84	5	37	81	37	44	75	86	25	58	9	66	79	85	42	85	8	56	47	36	75	57	67	75	28	96	78	35	91	19	57	36	62	31	14	21	38	31	4	89	69	24	25	32	92	14	90	38	92	33	90	7	82	30	63	40	
3	30	41	41	35	66	53	8	5	81	54	33	24	16	45	42	37	25	94	68	37	46	24	87	29	38	97	18	15	71	36	91	98	6	11	22	44	49	84	23	70	84	94	73	57	73	95	16	93	23	17	59	51	69	70	83	51	27	60	46	
42	74	97	83	8	65	30	33	9	86	10	62	36	86	54	70	9	80	50	80	63	32	18	100	77	39	86	2	91	68	95	38	7	31	31	61	21	89	99	39	30	3	59	65	48	48	73	92	94	12	46	90	69	10	37	24	8	76	37	14	
36	82	33	19	99	32	90	92	26	52	70	43	88	83	30	26	76	14	13	50	10	40	50	93	95	71	70	71	11	64	23	40	74	35	32	53	85	34	94	37	34	69	78	90	74	13	93	32	54	45	88	61	96	74	71	62	15	38	96	24	
98	91	80	31	86	13	94	75	9	93	3	79	21	7	16	31	56	43	50	93	78	47	31	16	69	49	86	24	71	54	84	72	29	6	83	88	79	14	16	65	32	30	44	59	55	16	29	27	14	24	78	10	2	46	30	48	92	5	72	32	
62	41	22	10	41	59	74	46	89	88	10	77	85	99	83	41	37	95	79	78	41	72	52	6	76	12	88	96	73	10	48	29	17	74	82	43	13	31	31	23	17	97	75	100	49	17	86	48	90	88	50	23	8	67	90	66	48	3	67	5	
29	31	65	16	59	5	60	14	5	71	39	27	54	55	33	37	14	37	26	25	3	27	80	43	96	57	74	61	56	22	13	31	90	7	46	84	8	74	100	8	54	58	82	63	20	25	86	93	86	9	7	7	59	24	91	61	96	54	26	88	
70	89	91	1	35	67	16	82	40	65	37	85	43	71	83	55	32	83	95	19	77	51	8	91	66	71	61	6	48	70	36	66	85	72	53	16	13	44	71	50	100	14	24	8	64	20	100	18	1	88	72	69	77	42	10	92	96	12	52	13	
68	81	29	76	94	54	39	51	58	70	43	47	55	5	65	54	58	16	95	93	31	18	16	39	60	30	62	19	18	71	45	27	49	100	68	18	16	5	73	59	77	41	32	98	70	71	56	2	72	34	33	43	90	96	45	98	73	26	50	39	
59	24	79	99	30	97	23	51	31	72	66	59	26	86	77	78	36	94	40	73	34	16	82	57	7	30	29	26	77	12	98	74	8	28	40	86	95	17	28	59	15	88	83	52	70	67	19	56	73	39	51	62	52	69	46	47	37	41	29	38	
75	63	64	37	15	53	6	88	73	97	88	48	73	31	44	42	20	78	70	91	97	51	39	6	43	97	32	12	33	67	53	27	51	91	47	66	94	21	70	44	35	43	47	84	68	30	17	40	64	9	42	32	85	60	77	12	2	40	85	48	
37	61	1	24	65	68	74	89	85	34	48	35	69	61	17	19	97	65	62	66	35	54	87	86	8	44	89	1	70	34	54	72	95	27	88	38	90	39	18	93	90	14	8	80	36	86	13	34	10	61	54	81	80	67	92	51	30	29	54	29	
97	84	84	24	39	50	52	49	45	6	83	51	7	59	5	8	43	85	20	32	61	96	90	85	19	42	47	48	47	25	70	27	50	88	66	35	67	96	51	76	23	78	44	67	92	55	13	54	10	96	27	6	26	59	22	86	89	98	10	55	
16	23	19	68	66	15	23	62	5	15	94	47	30	91	79	28	99	33	58	95	34	18	24	8	11	27	86	66	100	23	14	8	53	63	74	31	35	66	78	85	73	5	45	68	20	18	2	82	10	9	89	47	58	15	7	45	50	55	38	80	
79	69	22	2	68	100	59	37	20	3	64	71	85	48	51	44	57	57	98	70	68	79	74	65	66	87	6	82	39	46	53	26	59	56	72	86	3	40	50	13	29	60	13	16	83	39	18	30	79	46	55	88	42	23	96	18	58	30	23	74	
100	58	29	40	22	100	2	68	25	38	42	60	19	31	25	37	7	89	100	11	40	51	97	87	31	1	33	73	79	72	28	38	87	58	80	67	91	85	21	47	99	62	89	22	85	14	76	78	87	28	74	90	72	6	16	44	63	93	7	79	
80	77	27	41	79	98	43	59	39	59	9	11	47	65	57	46	39	67	37	70	53	99	100	37	81	74	43	62	26	91	35	87	62	5	96	12	17	14	6	7	44	38	46	41	24	45	3	88	37	52	21	70	24	58	61	64	57	18	79	66	
