Factories	2
Families	20
Machines	4
SetupType	3

Number of Jobs in each Family
7	7	7	6	5	4	2	1	4	2	4	5	8	6	3	9	5	9	1	6	

Jobs in each Family
0	1	2	3	4	5	6	
7	8	9	10	11	12	13	
14	15	16	17	18	19	20	
21	22	23	24	25	26	
27	28	29	30	31	
32	33	34	35	
36	37	
38	
39	40	41	42	
43	44	
45	46	47	48	
49	50	51	52	53	
54	55	56	57	58	59	60	61	
62	63	64	65	66	67	
68	69	70	
71	72	73	74	75	76	77	78	79	
80	81	82	83	84	
85	86	87	88	89	90	91	92	93	
94	
95	96	97	98	99	100	

Total number of jobs
101

Processing times of jobs
2	6	5	9	
6	10	1	10	
3	10	8	10	
10	7	6	9	
9	7	1	7	
7	4	3	4	
10	3	7	5	
2	10	3	1	
4	10	10	4	
9	1	5	2	
4	1	1	4	
3	2	3	10	
8	6	7	9	
6	2	4	4	
2	7	4	4	
9	4	8	3	
2	2	4	8	
9	7	6	6	
8	1	3	3	
10	3	4	7	
1	7	8	4	
6	3	8	10	
1	10	6	5	
3	9	8	10	
9	10	10	4	
7	2	9	4	
10	10	6	1	
10	10	8	3	
9	8	7	4	
6	10	9	8	
5	3	5	5	
8	7	2	3	
4	9	2	5	
9	10	8	5	
1	5	2	5	
4	5	3	7	
4	8	2	10	
8	9	5	8	
3	3	3	9	
3	2	6	8	
9	5	2	10	
5	9	3	10	
1	5	10	10	
2	10	1	4	
8	5	4	4	
7	8	10	5	
2	5	2	10	
7	4	8	4	
3	7	5	4	
4	9	5	10	
5	1	9	1	
1	3	9	5	
10	2	7	3	
10	8	5	1	
8	4	6	4	
8	5	1	4	
10	6	6	1	
3	6	4	2	
8	6	7	9	
2	9	7	8	
1	6	7	1	
9	4	4	3	
6	2	7	10	
6	7	4	9	
9	2	10	4	
6	6	6	5	
2	10	2	7	
1	5	5	2	
7	5	7	2	
7	8	7	4	
5	10	9	3	
9	2	9	6	
7	1	1	7	
4	2	6	4	
1	2	4	4	
9	3	4	9	
9	3	5	4	
8	3	9	1	
9	5	8	10	
4	3	8	4	
8	5	3	10	
10	4	3	5	
10	10	9	6	
7	6	5	9	
6	4	3	4	
5	5	1	1	
9	7	7	6	
5	6	4	2	
1	2	6	4	
1	3	8	1	
5	9	9	6	
9	2	8	1	
4	8	8	8	
7	4	9	1	
5	5	9	4	
10	1	3	6	
7	10	10	10	
1	6	1	8	
2	9	6	5	
3	1	5	6	
10	6	5	6	

Stepup times between Families, where [f][f] represents initial setup time
On machine	1
86	92	77	18	78	41	82	25	68	48	45	29	12	1	17	37	2	14	34	68	
81	77	94	88	70	95	70	8	83	64	55	68	87	77	8	25	79	9	8	75	
50	47	60	37	37	40	39	100	61	12	1	44	33	70	49	18	75	84	29	95	
35	83	89	71	42	55	96	50	92	51	4	11	80	37	25	14	62	87	44	71	
43	60	32	15	52	96	69	10	21	17	99	66	52	91	88	7	32	75	89	40	
32	100	26	57	46	77	54	45	82	70	50	30	67	57	60	3	87	32	55	89	
18	84	91	41	3	3	27	40	84	83	7	32	83	6	50	47	81	97	93	17	
74	29	56	98	65	30	89	24	49	34	58	91	88	46	91	95	51	51	33	78	
35	24	1	21	18	2	4	14	64	84	94	64	88	88	17	3	82	77	91	19	
79	79	52	55	67	60	85	92	25	83	87	68	31	43	33	24	76	100	71	41	
84	98	79	14	27	19	42	44	37	89	10	52	75	17	95	65	97	80	94	94	
76	96	25	98	38	50	61	16	22	33	20	9	8	59	71	20	27	42	59	98	
30	62	57	74	3	89	32	78	36	64	78	78	52	100	67	97	24	55	49	98	
14	43	71	49	48	23	65	94	85	30	48	12	73	20	82	66	51	48	95	22	
20	98	33	83	65	60	89	69	39	32	99	94	74	28	68	27	96	10	90	99	
24	1	76	11	55	88	3	95	5	97	68	36	59	4	22	39	20	53	14	89	
81	55	82	83	53	31	71	16	85	72	14	95	97	88	96	59	75	88	9	22	
79	51	22	97	79	65	50	98	16	1	60	74	86	31	37	37	60	7	27	31	
30	30	41	64	82	12	85	91	14	9	91	62	81	80	83	57	15	32	22	5	
13	49	25	51	8	64	73	85	34	2	5	60	56	98	10	44	57	35	1	87	
On machine	2
94	39	79	24	13	99	61	43	16	91	76	92	68	22	61	49	41	57	70	79	
43	71	26	37	97	61	31	63	58	75	88	1	17	67	67	72	41	71	53	87	
5	89	92	18	32	23	78	43	92	16	12	31	16	54	95	95	3	68	82	10	
15	62	16	22	63	75	60	61	24	46	75	30	86	42	52	100	17	75	67	78	
82	40	18	3	8	39	7	13	66	97	80	28	90	74	3	21	22	17	94	3	
83	19	98	88	8	30	38	41	64	16	39	10	5	65	9	26	39	62	9	41	
56	30	45	87	2	42	55	35	32	43	77	4	33	34	48	12	97	97	72	6	
72	33	95	30	40	24	46	78	53	11	100	39	55	46	64	8	68	10	98	15	
73	35	85	53	50	19	31	3	91	23	44	82	41	26	87	43	4	47	55	99	
27	86	1	40	59	88	31	9	63	2	8	47	35	76	65	5	74	51	44	92	
6	53	46	46	59	47	87	88	95	67	36	19	28	39	84	16	2	66	72	66	
63	30	87	95	92	77	34	66	38	20	71	28	69	93	44	70	15	96	18	18	
56	48	91	91	89	70	41	50	70	91	52	39	65	82	54	64	91	88	12	36	
69	67	79	91	52	88	69	9	56	57	62	20	75	51	58	26	32	28	51	27	
58	35	75	50	31	34	76	62	25	84	87	72	91	84	26	8	39	11	92	48	
23	58	81	95	85	38	11	93	47	75	48	10	71	6	77	46	51	74	14	8	
65	45	55	54	89	76	54	11	91	100	50	94	54	47	28	79	29	34	60	83	
82	92	14	36	60	44	97	93	45	6	80	27	95	79	75	85	6	29	56	6	
83	97	55	44	16	88	71	51	95	68	54	14	79	8	58	13	53	85	48	19	
24	18	70	50	7	62	48	94	86	81	48	38	99	36	51	53	98	57	37	31	
On machine	3
84	63	8	90	76	1	68	60	58	1	78	10	28	79	99	86	10	34	42	32	
62	82	66	98	68	23	53	34	26	83	36	12	7	42	12	12	41	65	92	65	
60	28	35	35	93	7	8	15	87	72	29	76	65	70	62	44	97	93	14	91	
47	40	30	94	20	31	20	32	32	43	57	29	90	66	7	97	84	35	54	56	
99	10	17	93	19	28	79	80	6	46	55	15	41	22	4	20	60	81	93	29	
7	22	84	24	88	52	50	81	92	48	11	5	52	21	85	40	45	20	78	47	
59	81	33	90	45	67	62	71	2	16	95	8	81	48	9	29	75	16	91	70	
69	8	75	32	100	10	47	33	58	61	71	96	97	100	11	93	94	33	92	3	
6	20	90	92	35	40	24	65	82	91	91	98	100	33	100	78	39	11	21	75	
98	49	94	53	75	34	20	56	84	90	37	79	8	45	49	66	8	38	37	92	
50	42	18	93	24	82	84	62	75	26	60	95	37	63	98	11	58	11	59	66	
4	28	26	35	53	43	78	73	100	62	79	45	33	31	72	8	13	3	53	5	
62	21	24	48	8	99	93	44	53	95	33	72	40	82	44	84	100	30	51	10	
75	48	100	32	65	20	29	83	67	87	13	74	32	98	36	11	38	33	69	100	
84	83	82	10	39	4	57	10	54	22	13	33	58	80	70	70	21	4	92	17	
15	48	60	75	91	19	30	83	16	26	7	63	15	97	50	75	74	62	21	40	
93	99	48	21	68	94	78	15	90	43	78	3	8	9	12	52	61	50	4	57	
57	84	39	60	91	34	17	51	83	72	46	39	79	10	39	47	54	7	100	98	
7	28	99	84	67	46	68	26	41	86	95	16	5	100	85	91	35	18	66	83	
97	66	58	47	16	97	76	2	87	81	31	92	12	85	7	1	3	47	51	57	
On machine	4
8	55	43	65	68	14	16	33	11	6	83	35	73	60	6	79	19	41	13	39	
75	65	21	72	66	37	22	14	52	84	34	80	81	53	55	36	47	47	25	34	
68	88	22	66	33	50	58	23	48	51	15	33	46	92	4	59	67	40	3	42	
86	82	13	4	28	4	81	48	37	37	57	17	61	86	12	21	92	16	2	40	
43	69	78	17	29	36	37	80	62	82	12	29	66	75	100	44	93	68	99	46	
62	70	78	79	90	54	80	75	27	51	78	2	52	5	1	83	79	95	60	68	
72	83	43	40	51	16	98	57	65	37	98	33	75	16	36	23	36	46	60	21	
76	33	13	84	72	98	90	42	76	43	100	99	3	64	97	3	57	74	92	39	
11	99	98	2	55	61	73	94	90	13	18	47	38	55	89	3	75	87	83	34	
100	42	7	52	66	7	45	29	33	31	59	29	44	11	23	68	10	36	11	11	
20	7	59	28	41	26	4	18	79	78	25	21	56	99	15	84	85	65	61	59	
22	21	89	3	86	27	36	40	77	56	95	67	7	43	27	33	42	100	78	94	
46	42	96	88	44	70	77	58	65	86	19	89	24	26	62	82	7	32	2	50	
54	55	89	62	9	39	98	53	24	87	53	2	51	47	76	46	26	63	33	43	
53	55	33	38	8	44	80	26	87	83	22	17	100	80	9	35	65	42	20	68	
99	74	20	91	79	97	20	61	60	29	79	18	73	82	53	50	97	85	93	34	
80	26	97	22	36	27	27	2	88	100	44	88	76	64	58	13	93	92	50	25	
29	42	58	68	66	17	95	94	79	15	43	47	60	15	38	68	44	72	30	85	
72	57	55	7	53	11	68	31	69	64	24	87	14	21	8	17	11	3	85	30	
71	9	52	13	39	33	88	48	67	79	31	77	20	94	81	13	97	18	66	78	
