Factories	2
Families	40
Machines	2
SetupType	3

Number of Jobs in each Family
8	7	5	5	2	5	10	3	3	3	9	3	1	9	5	7	9	6	2	5	1	8	9	4	6	8	8	6	6	3	1	7	1	5	7	4	10	1	3	10	

Jobs in each Family
0	1	2	3	4	5	6	7	
8	9	10	11	12	13	14	
15	16	17	18	19	
20	21	22	23	24	
25	26	
27	28	29	30	31	
32	33	34	35	36	37	38	39	40	41	
42	43	44	
45	46	47	
48	49	50	
51	52	53	54	55	56	57	58	59	
60	61	62	
63	
64	65	66	67	68	69	70	71	72	
73	74	75	76	77	
78	79	80	81	82	83	84	
85	86	87	88	89	90	91	92	93	
94	95	96	97	98	99	
100	101	
102	103	104	105	106	
107	
108	109	110	111	112	113	114	115	
116	117	118	119	120	121	122	123	124	
125	126	127	128	
129	130	131	132	133	134	
135	136	137	138	139	140	141	142	
143	144	145	146	147	148	149	150	
151	152	153	154	155	156	
157	158	159	160	161	162	
163	164	165	
166	
167	168	169	170	171	172	173	
174	
175	176	177	178	179	
180	181	182	183	184	185	186	
187	188	189	190	
191	192	193	194	195	196	197	198	199	200	
201	
202	203	204	
205	206	207	208	209	210	211	212	213	214	

Total number of jobs
215

Processing times of jobs
3	8	
1	1	
6	9	
2	6	
10	2	
2	7	
10	2	
1	2	
2	2	
5	4	
10	1	
6	7	
8	9	
9	3	
6	6	
8	10	
2	10	
1	7	
8	1	
7	6	
2	3	
8	7	
3	4	
1	8	
8	4	
9	2	
6	9	
8	8	
4	1	
10	6	
6	8	
6	3	
9	4	
5	8	
5	6	
5	5	
5	9	
1	3	
1	7	
1	6	
10	4	
2	10	
10	5	
1	4	
5	2	
3	1	
9	10	
1	10	
10	5	
3	4	
3	2	
9	10	
4	5	
5	7	
10	8	
3	3	
3	1	
7	7	
8	2	
6	5	
3	3	
10	10	
10	9	
3	9	
4	4	
1	8	
1	6	
4	1	
1	7	
4	3	
10	8	
6	10	
10	2	
3	1	
7	9	
10	6	
10	6	
4	9	
7	4	
4	3	
8	5	
2	9	
10	4	
6	4	
10	4	
7	1	
6	5	
7	9	
2	8	
1	10	
4	2	
10	5	
5	8	
10	2	
2	2	
3	6	
4	7	
6	7	
3	5	
3	7	
2	5	
9	9	
2	4	
8	2	
1	4	
9	2	
7	5	
10	10	
2	5	
4	6	
1	10	
3	6	
8	3	
7	2	
4	1	
5	10	
6	6	
9	5	
7	9	
6	1	
6	2	
7	7	
4	3	
2	9	
1	9	
3	1	
4	1	
10	3	
1	10	
4	2	
5	7	
10	1	
4	1	
3	6	
3	10	
8	8	
3	3	
3	1	
1	2	
5	5	
5	1	
5	6	
10	2	
6	4	
1	9	
9	1	
7	6	
2	2	
10	1	
7	10	
8	8	
2	4	
2	8	
5	4	
7	1	
8	8	
5	2	
3	4	
8	6	
3	3	
2	3	
1	8	
8	10	
8	8	
9	10	
9	7	
3	6	
4	1	
6	4	
1	3	
1	4	
4	2	
5	9	
2	5	
10	7	
2	1	
9	5	
3	6	
6	8	
9	3	
1	7	
3	9	
6	7	
1	4	
7	4	
4	5	
4	9	
9	6	
9	1	
6	1	
4	4	
3	7	
5	5	
9	3	
10	4	
4	1	
4	7	
3	8	
7	2	
1	7	
1	3	
7	8	
3	10	
1	4	
9	10	
10	1	
1	8	
4	1	
10	10	
10	4	
4	3	
7	4	
2	5	
3	10	
9	1	

Stepup times between Families, where [f][f] represents initial setup time
On machine	1
34	67	69	38	93	43	97	19	72	88	37	94	13	66	3	50	2	27	40	93	87	47	79	9	68	88	34	22	89	11	53	82	56	94	39	34	2	24	9	61	
24	94	99	66	15	56	40	19	50	99	69	99	83	16	15	83	80	77	21	73	43	50	60	97	76	18	29	68	6	99	6	17	17	56	1	86	23	22	5	40	
68	85	47	15	74	7	32	16	80	81	79	67	26	93	89	39	50	72	68	80	46	36	9	88	78	49	65	1	47	56	10	34	49	100	89	88	32	96	91	11	
49	76	68	49	63	56	47	86	75	86	88	29	57	52	90	46	12	84	89	20	94	2	55	65	95	23	80	63	58	7	44	13	13	38	20	55	5	75	93	86	
26	57	56	40	40	13	9	6	70	3	3	38	29	48	23	68	25	68	4	72	11	49	58	6	46	44	98	76	68	62	70	31	92	82	78	20	81	68	9	89	
76	81	76	44	82	70	19	88	96	14	85	70	84	44	23	13	64	32	76	96	92	85	11	16	71	87	60	74	6	82	92	22	75	26	43	50	40	24	3	8	
46	37	83	37	91	98	13	66	30	44	56	57	50	88	100	81	73	65	47	25	27	33	76	10	45	74	82	91	23	46	51	89	26	81	25	78	14	65	25	75	
84	50	15	21	73	3	9	3	90	45	55	90	54	18	98	61	53	33	67	59	44	56	95	94	29	54	12	21	25	14	7	17	42	56	32	76	54	39	94	38	
84	50	99	76	93	82	50	26	4	39	47	39	10	27	51	32	61	32	13	85	26	34	27	47	100	64	57	35	15	58	98	77	69	3	1	81	76	84	12	29	
52	60	38	39	90	73	90	82	9	19	97	79	15	24	73	59	3	76	72	69	6	1	54	21	68	62	15	58	97	67	11	35	24	33	28	90	46	64	1	65	
62	56	75	71	83	99	84	21	99	95	2	3	71	61	11	77	82	14	70	21	78	89	68	84	96	24	72	81	72	14	96	77	66	13	26	16	51	29	89	78	
54	53	3	89	48	44	70	62	90	47	62	38	71	89	19	55	21	66	32	24	56	57	71	85	4	95	61	30	98	25	36	77	10	82	71	34	7	76	58	99	
16	13	23	36	18	59	56	1	98	92	34	90	8	3	9	34	4	3	1	18	100	87	25	80	86	46	2	3	76	92	82	49	29	64	56	32	29	67	87	50	
67	64	47	39	74	86	12	39	43	71	98	76	30	59	75	12	15	45	31	87	77	79	5	84	75	52	35	34	71	37	43	37	17	80	71	88	25	17	2	25	
72	1	44	91	18	37	28	16	71	39	95	67	64	11	76	47	81	93	98	41	73	37	42	70	47	2	13	49	94	88	56	23	23	92	98	72	27	65	74	1	
45	56	2	11	48	3	31	59	48	35	62	41	93	51	18	98	33	92	47	85	40	78	70	6	5	75	58	54	42	35	62	22	34	92	28	46	38	23	58	43	
26	94	71	47	85	15	28	13	96	41	19	53	87	77	24	86	36	48	58	30	81	23	92	73	16	71	53	60	5	23	100	100	6	82	80	31	61	77	16	78	
71	9	10	100	16	28	21	82	51	6	99	48	23	54	80	54	14	86	92	94	77	67	51	69	60	12	75	52	32	38	41	30	2	88	72	99	73	87	14	23	
91	13	89	47	40	66	33	74	60	95	66	16	14	3	25	67	37	94	14	63	98	76	89	48	77	34	93	10	32	27	47	8	46	61	3	23	1	16	76	81	
67	20	32	81	5	27	91	46	96	74	26	40	27	24	26	85	65	3	28	52	61	2	12	82	47	10	55	33	33	41	90	66	58	15	47	38	97	87	37	69	
77	26	39	14	12	91	9	100	45	83	74	1	55	81	25	24	7	52	59	21	60	27	36	90	1	70	74	58	35	44	2	72	97	92	57	9	40	7	10	62	
6	94	60	58	38	84	86	59	13	79	68	54	3	44	69	92	9	3	80	70	53	40	48	32	83	47	47	6	27	82	60	43	19	56	19	15	62	48	14	50	
33	47	2	93	73	11	92	49	5	100	64	94	89	68	21	33	43	94	18	77	18	75	5	26	28	21	90	19	76	55	18	70	79	45	89	22	46	91	28	48	
93	80	99	73	3	5	90	67	26	7	46	49	83	93	47	32	25	6	12	75	87	71	90	95	76	27	88	80	59	38	90	14	53	59	93	7	81	5	39	64	
62	57	11	43	61	26	39	92	15	93	92	14	31	78	78	44	23	46	33	31	75	47	42	47	10	53	58	90	77	78	8	99	26	12	61	2	41	49	21	43	
9	31	79	21	9	6	13	10	68	23	22	32	54	66	32	86	36	42	73	35	3	11	24	50	3	76	84	59	85	82	89	28	3	69	21	8	44	70	49	28	
36	8	60	95	16	23	32	16	9	42	92	49	97	39	100	37	23	81	67	73	40	29	54	32	66	17	38	42	92	29	92	3	62	19	54	23	46	66	65	20	
59	29	65	61	29	84	1	90	93	95	3	25	23	42	18	15	13	57	18	16	1	29	99	18	26	70	50	45	51	87	40	99	21	83	17	94	62	49	13	42	
70	82	88	87	5	25	99	8	4	32	52	45	84	97	18	62	57	79	26	8	72	62	89	52	11	16	44	90	89	50	40	3	80	74	86	90	90	26	70	20	
12	85	37	70	45	9	13	31	54	57	100	57	7	83	24	92	26	68	6	85	93	87	76	57	37	36	32	87	42	14	90	62	20	58	37	86	82	53	35	60	
69	52	90	24	19	59	85	2	69	84	38	73	90	76	31	60	61	94	100	89	54	35	73	22	88	26	20	50	93	5	57	62	94	76	52	96	29	12	91	7	
25	34	41	67	56	49	2	75	82	78	60	97	45	22	49	66	56	97	90	5	33	53	3	52	66	37	16	89	23	47	20	7	20	28	23	77	28	18	77	6	
46	14	93	70	63	88	72	92	9	75	23	88	54	69	17	91	4	47	41	9	12	53	98	73	64	36	92	67	37	80	24	2	41	28	11	25	53	27	12	44	
74	32	26	91	1	74	31	42	1	82	26	45	72	64	42	86	72	96	28	25	43	45	35	15	33	78	66	70	18	53	61	75	28	40	16	33	17	2	61	14	
28	14	8	88	36	70	51	33	9	11	79	62	3	42	53	36	68	22	77	32	90	56	97	41	86	99	9	19	35	38	78	54	37	19	91	11	35	2	83	43	
82	84	96	82	64	80	44	34	70	83	69	35	66	82	18	5	80	46	25	48	53	51	71	15	56	33	82	17	61	11	76	51	43	81	68	46	7	81	54	84	
37	80	35	57	33	86	10	44	18	47	19	77	97	55	52	25	94	97	63	92	66	63	92	98	57	5	19	70	34	23	55	67	83	3	36	67	75	76	7	33	
85	35	21	17	19	16	17	55	66	45	12	88	99	41	13	36	31	52	13	29	15	60	5	38	99	71	7	28	4	8	2	61	48	11	57	5	1	49	13	46	
4	47	82	42	3	73	35	88	85	22	77	56	77	30	79	62	22	68	83	86	93	54	2	87	79	1	60	37	53	81	14	81	49	5	93	50	47	7	16	19	
51	11	81	6	13	56	72	43	63	14	3	17	77	2	9	16	35	7	33	28	46	94	6	53	52	53	1	31	66	3	94	100	74	83	95	92	6	5	1	24	
On machine	2
14	57	8	54	21	52	1	88	15	20	82	55	45	47	66	25	45	21	2	98	16	73	31	76	5	30	92	53	4	99	34	58	11	45	46	85	80	24	51	18	
27	3	50	17	45	16	22	70	5	11	91	82	89	9	37	2	81	16	16	82	80	69	27	36	39	63	65	57	74	86	15	98	59	82	12	3	66	61	22	68	
83	18	37	44	2	87	45	3	8	98	14	99	37	67	87	59	53	53	81	6	83	54	33	57	48	84	85	28	60	22	69	2	79	6	40	32	30	64	74	83	
44	2	36	11	7	25	44	66	93	28	17	94	52	60	37	67	2	65	53	97	40	23	16	36	69	34	8	53	82	46	66	13	57	85	100	19	82	23	12	38	
8	37	30	38	80	53	74	8	11	17	71	69	9	4	7	72	42	100	85	35	24	90	75	77	57	4	63	14	15	93	92	31	25	18	16	17	3	59	45	62	
9	28	97	33	4	85	34	47	97	27	46	68	18	33	50	64	34	13	17	9	89	80	40	40	48	85	3	93	78	28	42	92	43	86	89	97	88	2	13	16	
79	44	44	61	24	93	55	6	24	2	26	43	80	78	27	65	62	8	27	58	28	18	69	32	2	11	48	28	49	44	44	65	75	73	31	53	24	76	74	38	
37	22	85	45	61	64	15	87	94	65	91	25	1	7	58	54	88	23	38	51	75	77	46	58	21	3	59	33	100	96	78	73	67	92	100	2	63	67	18	22	
84	27	69	34	10	54	20	8	15	74	63	45	79	51	60	100	61	90	56	88	27	23	93	63	50	98	41	55	83	57	37	61	17	66	35	12	58	66	25	15	
7	49	31	19	4	100	14	71	20	90	50	56	74	72	61	99	96	55	81	8	7	96	24	69	88	18	6	12	13	69	59	74	35	62	49	100	18	6	88	86	
33	24	36	1	72	75	47	81	35	79	100	84	21	86	51	18	37	54	93	45	72	34	62	18	11	62	66	9	54	31	45	74	44	74	51	49	81	44	3	18	
34	86	77	32	36	85	13	23	52	76	54	44	21	17	96	62	63	98	62	58	3	57	75	2	46	62	31	73	22	75	28	90	42	56	66	23	61	64	87	68	
94	51	75	33	83	86	40	20	28	80	57	78	21	79	80	43	42	34	52	15	9	48	84	52	85	33	85	90	63	75	42	50	74	80	49	27	35	97	93	20	
52	90	6	97	24	73	89	44	12	44	89	99	21	23	77	33	2	97	91	53	38	85	28	5	77	93	72	66	19	50	44	27	66	39	3	33	89	66	46	62	
49	71	56	45	95	44	72	4	74	24	12	55	79	48	49	72	33	23	8	47	2	29	97	49	39	35	74	87	87	100	51	61	56	63	71	59	65	67	17	74	
63	27	43	64	4	63	67	4	21	98	25	22	84	35	12	65	57	53	52	94	87	34	19	8	81	99	19	8	26	68	47	27	8	76	86	41	28	46	24	89	
26	83	62	2	22	14	100	64	43	3	37	40	48	8	91	15	84	57	24	82	66	4	20	22	25	80	75	70	60	93	85	26	82	36	92	24	71	67	95	73	
42	92	1	37	62	11	91	68	38	16	9	26	38	45	10	91	43	48	51	22	70	53	70	51	32	55	27	11	80	39	15	97	1	24	51	54	45	13	63	88	
58	84	8	47	53	81	46	8	69	82	22	62	57	88	47	77	32	94	83	48	55	24	65	44	16	39	65	51	78	67	71	78	73	5	51	69	51	46	44	50	
87	88	100	13	13	7	76	60	47	83	40	75	38	36	69	65	95	5	57	11	100	45	67	44	54	51	39	50	69	30	36	8	26	69	68	20	63	75	100	55	
23	8	53	87	93	65	7	84	91	95	8	43	15	96	86	30	17	31	44	28	70	95	46	39	29	60	12	19	54	30	49	99	51	95	48	41	14	25	42	66	
31	7	41	42	20	22	53	61	94	15	10	3	46	63	45	50	12	95	18	37	30	65	73	99	96	63	15	48	59	3	91	51	60	10	46	1	6	73	44	29	
22	76	12	36	82	65	30	47	7	77	11	90	100	57	40	72	40	68	51	77	75	75	58	50	60	37	13	63	93	11	91	37	88	83	68	39	93	81	81	14	
91	34	55	56	95	25	44	37	38	30	55	23	11	28	3	52	33	86	7	65	30	54	73	30	88	38	92	83	23	43	98	9	15	34	77	96	11	8	60	27	
27	65	65	67	70	36	34	49	87	54	60	71	60	29	96	87	63	11	41	32	40	95	68	29	12	73	47	5	73	96	47	46	54	93	19	20	56	18	46	11	
40	6	76	28	51	15	14	37	100	100	70	40	45	69	65	12	25	79	35	56	64	24	58	69	43	30	27	79	65	78	93	13	94	69	91	12	40	6	4	7	
27	39	9	48	65	5	47	38	74	16	82	60	32	76	61	17	30	56	31	32	54	1	9	69	57	38	48	92	18	81	94	6	89	27	52	95	89	99	95	59	
59	76	64	7	86	88	44	81	32	55	15	94	42	21	83	40	19	39	93	88	41	28	32	46	73	59	68	35	32	91	41	69	57	20	60	17	92	76	82	94	
40	40	65	2	78	19	91	85	78	99	40	84	25	59	21	78	75	33	25	84	38	73	5	71	59	70	88	100	53	40	37	63	58	21	99	15	68	95	96	45	
81	42	5	46	83	94	14	30	40	44	63	83	15	18	58	3	61	19	34	53	22	92	91	69	3	11	79	86	50	66	48	31	49	24	14	41	22	73	87	40	
22	52	26	64	64	80	25	50	12	92	19	2	57	32	77	99	34	55	63	22	92	90	13	96	49	1	54	51	43	52	68	77	24	17	57	10	80	65	55	67	
35	7	39	27	5	36	83	19	91	59	15	60	16	17	48	99	61	61	52	53	72	68	5	96	51	99	42	70	87	59	42	51	62	54	86	68	42	68	84	94	
23	33	5	20	12	73	61	41	9	60	41	82	72	71	30	51	97	86	31	11	38	64	38	5	74	52	59	52	9	37	74	70	93	52	100	49	64	68	11	30	
94	14	53	94	24	98	98	70	93	70	45	58	12	98	17	42	30	52	96	99	69	69	99	63	5	51	75	87	14	28	16	81	31	43	92	7	10	98	82	94	
19	8	43	30	17	63	33	13	30	76	99	54	18	74	92	64	12	40	39	63	68	27	42	15	8	32	97	23	73	5	42	35	100	18	87	32	89	6	99	11	
23	3	45	49	13	6	41	74	9	54	40	61	61	24	42	95	66	95	78	38	81	1	26	76	35	21	75	64	61	27	79	36	100	17	9	43	37	75	86	97	
4	97	26	92	22	23	92	26	48	49	49	41	67	17	97	10	4	38	40	81	93	70	57	95	97	66	41	85	2	99	18	80	81	69	16	57	6	80	84	51	
51	75	91	75	89	96	45	72	100	19	22	59	35	35	69	68	98	30	91	46	49	20	50	75	5	6	67	80	97	31	97	23	41	84	56	41	70	4	40	3	
90	14	93	40	73	30	70	13	60	89	13	59	45	53	83	79	51	40	4	8	44	64	1	66	4	55	67	99	91	16	75	50	90	6	97	13	82	19	73	55	
90	55	65	75	54	70	35	60	40	3	89	49	53	79	46	79	31	2	18	96	30	60	62	2	93	10	81	65	2	42	38	1	69	36	71	7	1	87	42	25	
