Factories	2
Families	40
Machines	2
SetupType	3

Number of Jobs in each Family
8	4	1	7	8	5	5	7	5	1	2	3	9	8	1	6	6	7	3	9	1	8	1	9	5	9	4	9	4	9	1	6	8	8	10	2	8	1	9	1	

Jobs in each Family
0	1	2	3	4	5	6	7	
8	9	10	11	
12	
13	14	15	16	17	18	19	
20	21	22	23	24	25	26	27	
28	29	30	31	32	
33	34	35	36	37	
38	39	40	41	42	43	44	
45	46	47	48	49	
50	
51	52	
53	54	55	
56	57	58	59	60	61	62	63	64	
65	66	67	68	69	70	71	72	
73	
74	75	76	77	78	79	
80	81	82	83	84	85	
86	87	88	89	90	91	92	
93	94	95	
96	97	98	99	100	101	102	103	104	
105	
106	107	108	109	110	111	112	113	
114	
115	116	117	118	119	120	121	122	123	
124	125	126	127	128	
129	130	131	132	133	134	135	136	137	
138	139	140	141	
142	143	144	145	146	147	148	149	150	
151	152	153	154	
155	156	157	158	159	160	161	162	163	
164	
165	166	167	168	169	170	
171	172	173	174	175	176	177	178	
179	180	181	182	183	184	185	186	
187	188	189	190	191	192	193	194	195	196	
197	198	
199	200	201	202	203	204	205	206	
207	
208	209	210	211	212	213	214	215	216	
217	

Total number of jobs
218

Processing times of jobs
10	10	
1	6	
10	9	
7	1	
6	4	
7	9	
4	9	
7	4	
6	4	
8	3	
7	10	
3	4	
3	5	
9	6	
8	6	
9	10	
10	1	
3	8	
1	4	
8	10	
10	8	
3	6	
3	7	
1	3	
5	8	
1	4	
8	2	
5	7	
3	9	
6	5	
6	6	
1	6	
3	3	
3	10	
6	2	
3	7	
2	10	
7	9	
5	6	
5	8	
9	7	
9	8	
7	8	
1	9	
1	5	
2	1	
3	6	
9	1	
6	3	
8	8	
1	2	
2	6	
3	3	
7	3	
6	1	
2	9	
4	10	
8	6	
5	1	
10	2	
7	8	
4	3	
1	8	
6	9	
5	6	
6	8	
7	1	
2	1	
1	5	
4	2	
10	5	
9	2	
6	5	
9	4	
4	6	
8	4	
3	7	
5	4	
10	9	
1	4	
10	7	
3	10	
6	4	
6	8	
5	7	
1	1	
6	2	
2	5	
2	2	
1	6	
10	2	
5	1	
10	7	
3	8	
1	9	
1	2	
6	10	
4	10	
6	3	
8	8	
5	5	
7	10	
10	3	
7	5	
10	1	
3	5	
6	10	
1	6	
2	8	
7	4	
10	9	
3	6	
1	6	
8	6	
8	5	
7	10	
3	5	
8	7	
9	8	
5	6	
8	5	
8	7	
4	9	
1	5	
1	8	
2	6	
2	2	
9	2	
8	2	
6	3	
3	10	
2	4	
4	3	
8	2	
1	10	
6	7	
1	6	
10	3	
4	10	
1	3	
10	7	
4	8	
9	8	
3	1	
3	1	
4	3	
5	10	
5	7	
6	1	
2	9	
4	7	
4	4	
1	1	
7	7	
5	8	
9	5	
10	4	
1	4	
7	1	
10	8	
10	2	
5	5	
4	6	
2	9	
3	2	
9	2	
3	6	
1	4	
3	10	
2	6	
4	1	
8	1	
9	3	
6	3	
3	4	
9	7	
8	8	
4	4	
2	9	
4	10	
8	2	
6	5	
2	4	
4	1	
9	4	
10	10	
9	4	
5	5	
5	2	
4	3	
7	1	
4	6	
3	10	
9	2	
3	1	
2	4	
4	10	
2	4	
5	10	
10	3	
3	6	
3	3	
6	2	
6	3	
8	7	
9	3	
6	9	
10	9	
10	3	
1	7	
4	9	
9	5	
5	3	
9	4	
3	7	
1	6	
10	1	
4	7	

Stepup times between Families, where [f][f] represents initial setup time
On machine	1
97	60	44	43	90	21	26	77	32	21	62	78	85	97	52	51	56	83	14	91	17	45	7	77	66	11	39	35	48	100	94	100	32	1	40	60	66	84	62	58	
1	54	74	82	40	63	38	72	97	63	15	97	48	18	97	41	50	75	66	76	55	20	39	17	48	45	80	35	29	95	60	90	66	47	64	26	88	91	52	31	
35	60	56	33	98	37	68	24	70	39	95	78	74	98	8	8	58	15	76	54	87	90	42	31	47	97	25	52	41	69	30	48	27	73	42	16	10	33	60	76	
74	88	26	30	74	30	67	4	26	11	89	32	84	60	26	19	84	11	33	27	83	4	62	31	45	67	52	27	97	24	2	59	61	14	7	14	56	39	75	23	
36	10	54	49	67	86	59	44	4	2	38	87	97	33	10	67	17	25	78	80	7	54	21	87	85	52	63	52	22	69	17	24	92	24	88	85	54	7	14	77	
84	58	38	100	77	12	21	62	54	29	93	89	28	60	5	23	84	43	97	58	12	26	79	19	81	76	82	88	99	88	58	70	92	6	76	30	77	88	12	36	
25	71	12	32	48	66	2	43	83	67	53	50	40	35	36	4	16	27	8	34	59	16	55	58	80	47	36	14	94	69	21	87	83	84	59	87	90	87	25	6	
62	79	28	75	16	15	93	19	25	48	14	4	62	68	98	27	20	56	19	78	60	84	19	100	65	8	43	65	19	64	9	58	20	43	88	12	57	40	16	93	
24	48	97	36	67	80	37	44	36	86	64	87	10	21	3	11	34	58	10	6	31	60	59	86	7	28	52	11	19	42	67	96	49	47	60	7	80	43	55	89	
39	56	96	5	50	23	31	32	33	55	59	54	62	64	66	66	29	46	77	15	22	78	38	21	23	100	87	58	99	42	93	95	62	35	77	25	18	91	90	64	
61	58	91	12	48	20	22	87	11	12	37	36	94	96	75	73	88	7	7	63	65	16	89	8	57	58	53	41	27	53	96	17	3	40	28	90	32	31	43	51	
29	55	79	14	30	99	29	70	70	9	27	92	54	30	74	89	60	38	80	79	57	56	26	21	99	77	29	24	24	89	10	47	15	38	100	61	28	48	37	86	
54	86	31	83	78	39	76	86	95	95	88	98	60	8	15	54	73	16	3	52	2	12	30	11	20	2	2	17	58	62	68	71	39	90	48	74	52	88	16	24	
5	20	59	85	87	6	31	78	37	85	68	75	87	73	71	28	14	27	40	54	25	18	87	27	15	83	21	32	62	80	77	13	23	18	80	34	63	38	3	32	
86	13	86	29	62	6	98	64	87	100	39	13	36	15	86	5	88	68	66	92	62	76	3	10	97	92	20	64	48	83	18	75	42	76	69	14	53	31	2	69	
16	49	41	96	5	78	15	68	19	87	16	56	77	28	35	24	99	95	58	63	38	78	60	49	39	49	100	99	18	28	71	41	97	11	65	76	10	87	24	34	
56	56	78	87	35	7	72	78	49	47	18	51	1	14	73	9	2	89	43	78	55	100	18	62	13	30	71	86	72	49	56	66	99	100	40	85	67	14	42	75	
27	79	69	12	37	76	34	59	6	55	42	53	94	75	54	27	2	53	4	96	43	24	48	76	36	83	66	78	7	72	38	37	92	27	89	98	85	39	74	87	
85	16	50	18	71	38	83	15	50	5	15	40	15	34	31	92	70	76	1	98	93	94	43	35	61	36	41	25	54	100	26	97	85	48	34	35	60	97	70	20	
34	86	100	49	48	88	33	26	98	92	96	5	30	84	5	53	70	58	58	9	92	51	13	5	79	98	2	99	67	51	10	53	50	99	4	54	37	89	42	2	
65	18	20	60	98	69	97	59	7	84	22	30	11	35	19	79	87	59	10	69	74	57	23	38	13	92	46	21	51	27	43	65	36	47	15	21	40	1	89	69	
15	83	92	68	99	57	60	3	53	58	59	71	59	94	29	83	25	82	90	13	26	18	79	37	98	47	39	81	42	89	80	15	88	58	40	72	39	12	77	10	
73	4	92	32	75	3	37	12	40	33	48	90	34	35	90	91	90	93	24	33	54	1	59	81	40	94	15	48	60	85	9	46	62	72	66	72	9	44	22	97	
99	12	41	80	19	42	77	84	3	66	80	95	69	60	84	27	40	11	44	78	22	83	52	41	21	15	48	15	87	68	85	26	30	92	100	43	92	58	35	86	
82	89	1	93	43	47	2	33	76	4	31	100	21	7	67	73	6	28	18	49	67	19	52	4	49	24	6	39	70	64	89	51	27	26	19	45	40	65	21	95	
87	42	61	92	93	13	41	72	25	44	64	62	14	66	86	81	87	65	78	56	37	27	57	13	22	83	80	41	23	47	82	58	35	36	29	60	5	16	58	80	
74	3	23	38	96	97	36	26	34	11	52	86	49	40	53	58	70	34	42	64	30	9	84	44	34	3	39	10	34	20	95	23	64	20	42	98	49	27	16	92	
28	65	72	18	66	54	84	53	65	67	8	65	99	62	87	31	49	34	12	81	21	23	59	76	32	20	78	56	44	97	1	41	30	7	63	6	79	74	55	13	
81	7	59	62	3	74	16	41	68	94	6	9	79	6	14	63	66	62	1	97	95	3	27	91	20	22	92	3	22	68	97	4	19	22	86	38	54	71	86	48	
63	90	100	66	59	16	57	87	38	19	25	70	44	96	94	5	29	38	7	62	29	55	34	5	58	51	93	5	99	66	9	74	61	67	43	84	80	19	78	74	
76	66	78	21	76	88	95	30	79	18	97	1	37	48	55	80	40	42	61	79	24	66	94	89	75	81	1	67	97	71	96	91	92	24	94	32	75	80	50	60	
8	7	33	70	54	18	74	73	52	17	48	72	47	1	40	48	69	59	13	79	35	25	56	94	21	85	91	45	64	32	73	74	9	17	95	19	23	58	70	12	
5	37	28	28	93	91	47	51	31	34	68	20	90	49	100	15	48	12	29	74	69	91	78	64	94	71	44	62	58	51	48	73	60	9	17	92	90	49	4	82	
65	17	28	54	26	42	63	75	13	13	10	94	84	66	68	38	26	65	47	82	41	42	6	81	1	39	42	6	33	42	29	9	63	25	71	46	15	56	9	36	
8	38	88	81	6	52	12	24	27	68	88	55	61	94	7	78	31	47	39	11	56	96	41	80	68	45	85	90	56	5	31	83	12	4	54	43	39	38	37	58	
99	92	91	61	38	64	7	85	72	90	28	84	93	60	45	27	81	78	100	47	94	86	48	13	27	10	17	88	87	35	99	32	67	20	65	12	99	100	23	75	
98	68	38	95	53	77	79	30	86	27	62	78	73	62	76	72	67	22	60	52	89	80	82	82	43	45	57	48	42	37	2	70	38	20	40	18	44	8	10	85	
19	5	27	9	73	79	92	22	5	84	11	43	22	65	67	28	91	66	28	81	97	72	16	40	8	59	18	55	78	12	62	37	72	64	25	98	78	13	67	9	
1	81	78	97	71	41	29	43	62	56	85	51	33	24	2	35	76	72	5	44	70	63	92	44	88	31	70	68	7	61	65	59	98	37	46	50	13	81	100	41	
26	95	76	30	90	34	23	93	29	88	40	88	6	1	83	51	64	75	18	43	86	11	83	46	62	83	46	70	7	16	81	24	5	38	65	90	8	69	3	28	
On machine	2
77	42	75	86	40	51	11	83	84	67	3	10	73	74	8	64	75	91	50	57	40	71	27	74	44	45	93	72	98	54	63	74	10	11	74	40	97	65	17	46	
52	92	71	91	65	87	92	52	10	43	15	80	39	57	94	25	7	53	43	10	9	37	50	46	45	43	46	49	4	50	100	30	24	6	13	5	93	9	12	34	
55	57	68	1	33	43	63	55	41	38	79	73	94	89	40	40	82	29	78	77	95	7	24	42	76	36	98	72	63	25	43	46	90	93	22	86	22	93	9	62	
52	51	10	98	2	7	5	36	72	2	35	20	68	55	46	65	3	54	5	40	45	43	85	44	42	20	95	97	74	54	4	57	94	81	19	84	28	42	42	62	
93	65	92	74	61	43	17	41	54	73	94	93	16	94	2	28	97	81	53	64	29	39	13	36	8	28	6	62	99	7	14	30	67	63	5	3	48	74	49	85	
33	9	33	15	20	98	51	86	89	25	39	46	94	43	31	38	58	95	12	66	42	1	6	64	43	51	6	100	5	77	50	65	28	21	39	87	73	40	19	18	
75	8	42	38	82	27	46	93	59	62	92	59	94	17	4	40	85	90	72	55	46	4	93	65	46	10	35	19	59	20	19	72	31	29	29	66	41	34	42	40	
13	50	10	37	55	70	18	51	81	11	26	29	22	62	5	17	17	15	61	60	33	33	25	17	52	57	44	21	55	37	96	71	6	87	42	95	33	33	88	67	
34	59	68	47	16	20	15	37	55	17	66	87	20	64	43	63	55	71	44	91	80	31	83	23	15	72	45	95	72	70	49	45	5	14	43	95	53	33	74	85	
61	40	77	10	80	56	73	43	41	92	27	68	72	69	4	50	68	14	82	96	47	68	29	90	38	67	42	99	25	50	98	77	23	75	98	39	45	74	69	34	
32	44	76	72	90	27	53	57	77	64	2	22	12	72	84	20	65	47	97	77	60	42	31	74	80	63	14	80	47	42	57	98	69	30	44	23	35	4	56	96	
77	43	56	34	81	85	3	73	38	57	57	51	25	38	78	18	30	43	84	43	25	7	53	45	79	54	37	9	39	93	33	36	22	15	48	18	78	32	28	32	
61	78	45	72	53	57	38	34	83	67	84	99	85	42	99	2	80	1	98	47	38	73	94	27	18	51	54	31	29	28	6	64	57	93	29	23	85	45	39	35	
40	29	31	20	69	6	1	9	70	27	87	19	39	85	17	35	94	63	99	29	29	18	2	19	39	95	26	90	27	99	38	8	89	59	52	9	26	88	94	21	
70	59	73	78	52	24	6	42	94	4	18	97	73	30	18	60	3	52	90	88	23	13	50	24	34	61	23	4	35	63	39	80	20	34	71	37	55	11	23	78	
17	66	23	89	30	87	9	71	33	3	96	65	23	35	23	77	2	84	96	40	86	32	27	41	16	100	73	78	65	90	62	58	53	48	7	55	72	34	100	44	
33	29	89	1	9	72	30	34	74	48	68	17	65	86	42	8	69	36	16	47	2	28	47	73	4	27	5	45	7	42	70	59	58	85	31	8	2	53	38	14	
46	12	14	36	34	6	96	65	12	38	83	23	53	49	88	5	31	15	97	77	42	4	63	44	53	68	57	99	95	66	11	55	74	80	87	95	51	100	66	16	
2	71	34	49	44	7	67	13	78	3	44	98	27	71	19	75	46	81	20	16	77	54	73	8	26	62	85	91	16	95	19	77	73	43	74	71	69	3	55	37	
44	51	81	87	76	52	71	44	89	33	42	4	15	85	45	37	98	40	51	88	99	80	20	49	21	65	18	96	29	72	85	69	83	96	24	94	78	79	46	24	
14	76	33	35	39	88	74	94	97	2	38	83	70	98	27	78	24	62	62	32	56	32	83	17	97	18	65	94	89	75	1	73	12	1	77	54	55	11	37	7	
24	81	80	2	3	18	95	65	80	25	46	19	21	95	44	69	11	100	45	99	32	20	86	60	93	72	32	63	1	61	69	92	31	80	20	7	44	99	37	55	
10	27	19	97	34	66	49	97	37	99	11	53	41	51	15	78	83	98	8	4	18	35	2	78	86	48	46	56	37	90	31	10	50	75	12	70	69	69	44	54	
71	50	92	64	10	64	28	25	99	59	89	79	53	56	96	75	49	69	59	7	36	98	48	8	60	54	98	42	43	55	4	42	32	90	27	72	12	10	59	91	
40	74	69	26	88	69	8	44	95	2	38	50	60	21	20	76	16	88	28	49	4	65	65	46	90	3	32	18	83	66	6	75	96	4	58	80	41	78	85	62	
21	16	3	43	32	12	75	89	17	76	66	59	40	30	24	35	35	40	35	40	31	100	28	60	41	21	7	9	33	74	7	19	47	18	58	41	45	85	70	73	
49	91	52	41	7	39	4	23	44	29	13	43	35	99	10	12	68	96	81	44	24	9	79	57	73	57	48	96	63	76	21	35	46	76	43	93	64	71	61	76	
13	75	49	32	45	79	67	82	93	49	55	55	42	93	36	30	91	57	64	28	86	76	38	63	33	88	66	80	8	31	76	9	57	86	39	41	75	13	75	30	
48	37	81	37	15	87	38	80	9	45	7	57	81	70	31	29	53	86	97	67	39	79	24	81	82	45	24	4	14	65	71	4	53	56	59	22	46	86	10	58	
22	25	92	99	90	34	99	53	72	39	93	16	57	98	77	42	74	45	91	23	53	50	21	32	83	13	98	70	72	32	71	35	47	10	43	38	19	31	7	39	
4	23	17	57	70	32	100	51	78	82	4	64	86	17	20	58	96	53	53	46	33	97	33	97	88	52	64	90	81	17	77	39	86	85	13	85	17	47	87	52	
54	95	72	57	75	29	53	74	6	95	57	8	73	10	36	43	97	74	68	35	91	73	32	85	42	50	70	24	79	64	29	1	17	96	14	68	90	15	74	24	
77	68	53	17	4	55	21	25	85	13	50	54	35	3	81	29	80	81	87	1	36	66	7	42	5	74	30	24	97	55	58	97	31	4	29	29	77	75	47	75	
46	4	46	25	67	66	70	35	96	51	8	74	40	23	99	31	36	53	97	57	36	56	45	67	7	46	21	5	78	2	43	73	94	100	73	93	45	15	34	84	
37	71	57	34	79	63	80	40	19	4	33	91	85	82	4	55	60	74	38	99	97	62	96	84	30	85	90	35	95	58	5	74	8	26	35	69	76	39	50	57	
50	100	9	54	23	86	30	34	39	82	7	33	91	100	18	86	10	90	70	93	50	62	44	15	29	43	53	35	61	27	6	86	9	24	66	70	97	80	79	22	
40	95	92	61	23	23	89	40	41	84	95	77	9	83	70	37	76	55	4	84	28	94	71	80	95	1	94	99	60	67	40	57	83	20	42	37	27	93	14	58	
49	10	95	26	10	2	35	82	9	6	86	37	78	64	98	5	30	58	28	29	36	72	56	22	3	35	79	48	69	62	24	65	48	84	9	11	59	91	48	9	
43	7	82	44	14	87	1	15	88	1	12	17	12	47	35	16	94	56	74	42	54	7	47	3	39	68	22	74	33	45	16	93	11	51	49	22	46	33	54	72	
94	75	3	49	22	95	18	57	66	12	40	70	26	96	8	62	42	24	61	50	44	17	71	92	37	97	57	23	12	98	61	94	64	66	36	46	92	84	64	8	
