Factories	2
Families	40
Machines	4
SetupType	3

Number of Jobs in each Family
9	2	4	3	6	5	1	7	3	10	7	10	2	10	9	10	1	6	5	4	4	6	8	6	2	4	1	3	4	1	6	1	2	4	2	3	6	4	5	6	

Jobs in each Family
0	1	2	3	4	5	6	7	8	
9	10	
11	12	13	14	
15	16	17	
18	19	20	21	22	23	
24	25	26	27	28	
29	
30	31	32	33	34	35	36	
37	38	39	
40	41	42	43	44	45	46	47	48	49	
50	51	52	53	54	55	56	
57	58	59	60	61	62	63	64	65	66	
67	68	
69	70	71	72	73	74	75	76	77	78	
79	80	81	82	83	84	85	86	87	
88	89	90	91	92	93	94	95	96	97	
98	
99	100	101	102	103	104	
105	106	107	108	109	
110	111	112	113	
114	115	116	117	
118	119	120	121	122	123	
124	125	126	127	128	129	130	131	
132	133	134	135	136	137	
138	139	
140	141	142	143	
144	
145	146	147	
148	149	150	151	
152	
153	154	155	156	157	158	
159	
160	161	
162	163	164	165	
166	167	
168	169	170	
171	172	173	174	175	176	
177	178	179	180	
181	182	183	184	185	
186	187	188	189	190	191	

Total number of jobs
192

Processing times of jobs
1	2	3	4	
8	6	6	3	
8	1	5	3	
1	4	7	1	
9	6	4	8	
2	9	7	3	
3	9	8	5	
5	10	3	9	
10	10	9	1	
9	4	6	6	
2	8	5	10	
3	10	2	4	
1	3	9	4	
8	9	10	7	
4	2	2	7	
8	4	2	5	
8	3	5	4	
3	3	1	5	
8	10	3	7	
8	6	7	3	
10	8	8	2	
10	4	5	5	
5	10	4	8	
7	7	1	8	
9	4	7	9	
6	7	8	2	
8	10	2	9	
6	7	2	2	
5	8	5	2	
8	9	1	3	
2	9	9	6	
2	8	10	9	
2	10	8	7	
4	2	3	1	
3	7	1	10	
9	4	1	3	
10	4	3	7	
2	5	1	3	
2	6	7	8	
8	1	1	8	
10	4	5	10	
8	2	1	4	
7	2	7	7	
4	6	7	1	
2	5	2	5	
1	1	8	7	
1	2	6	2	
9	7	6	3	
1	7	6	7	
4	8	1	7	
2	3	10	6	
4	6	4	10	
9	6	10	8	
10	10	10	1	
1	2	8	9	
4	8	9	1	
1	3	8	6	
2	3	5	10	
1	6	6	1	
9	1	4	1	
7	6	5	6	
7	9	9	7	
7	9	8	3	
3	8	2	4	
9	1	8	1	
1	8	8	7	
8	2	3	8	
3	2	2	9	
9	8	10	1	
4	6	8	5	
10	2	9	4	
6	4	5	6	
1	2	2	2	
8	4	4	2	
6	3	7	5	
6	5	1	8	
3	7	6	9	
2	8	4	4	
8	2	7	10	
8	9	2	9	
7	5	5	9	
3	9	10	6	
1	6	4	2	
9	3	1	10	
6	7	5	6	
7	2	3	2	
1	10	8	10	
5	6	3	9	
2	7	4	7	
8	9	1	3	
7	4	9	7	
6	6	1	8	
6	9	1	8	
7	3	10	10	
6	5	2	6	
1	10	6	3	
8	5	3	2	
10	7	1	7	
9	2	1	5	
9	8	5	7	
3	6	4	4	
7	4	10	7	
9	3	4	1	
9	9	3	3	
1	6	5	7	
3	3	1	6	
9	7	1	10	
1	10	2	7	
2	9	1	6	
9	10	7	9	
2	1	10	10	
1	5	2	2	
10	4	6	2	
5	8	8	8	
6	6	1	8	
4	7	3	1	
9	7	10	7	
7	2	6	2	
5	4	2	9	
5	9	8	10	
7	4	9	10	
8	3	2	1	
6	6	10	3	
5	1	6	5	
8	7	3	8	
4	4	8	7	
9	7	3	8	
4	9	8	4	
9	1	3	5	
1	1	4	7	
3	9	4	7	
3	10	8	7	
10	10	1	7	
6	3	7	8	
3	5	10	3	
9	2	3	4	
8	4	6	5	
1	5	1	1	
4	10	2	8	
9	7	8	3	
7	2	6	8	
4	10	6	10	
5	9	7	8	
2	5	9	2	
4	6	5	7	
4	8	9	3	
5	10	3	2	
1	6	9	3	
9	8	3	2	
6	6	2	3	
9	4	5	4	
7	5	6	1	
6	8	10	9	
6	1	7	5	
6	10	7	5	
7	2	9	9	
5	2	9	9	
4	4	3	8	
3	8	6	4	
4	5	9	5	
8	9	8	2	
9	2	1	9	
1	3	7	10	
1	5	8	8	
8	10	4	10	
7	5	3	1	
4	2	9	8	
7	1	9	1	
8	7	4	8	
6	10	6	7	
9	6	3	7	
1	7	5	6	
8	5	1	7	
5	2	7	10	
4	7	7	9	
8	4	10	7	
1	1	7	4	
9	6	1	9	
7	8	4	9	
9	8	5	6	
9	8	7	5	
10	10	2	3	
5	8	6	7	
3	1	9	2	
4	5	9	2	
4	1	8	7	
5	1	9	1	
5	6	6	1	
1	2	9	2	
3	6	9	1	
8	4	9	4	
2	5	1	6	

Stepup times between Families, where [f][f] represents initial setup time
On machine	1
25	30	96	12	69	76	52	35	49	16	100	9	81	62	23	65	78	6	41	4	94	40	2	26	30	32	59	80	3	54	12	63	74	96	38	68	66	2	59	10	
1	9	42	41	9	39	61	16	80	78	95	1	29	95	15	39	5	5	10	69	66	74	53	17	33	68	91	96	94	28	92	96	48	11	22	78	90	18	26	56	
5	81	30	26	75	74	30	33	47	70	65	67	50	83	5	2	38	59	13	83	20	41	18	54	71	10	80	95	27	71	95	79	100	98	93	29	35	92	57	26	
97	100	33	31	78	29	44	17	48	53	39	77	17	50	61	93	38	62	1	62	65	25	7	92	64	17	73	63	15	54	42	52	47	7	72	79	16	89	39	78	
40	9	86	97	25	91	82	35	69	97	11	18	52	33	30	19	86	4	8	77	57	55	21	57	77	42	85	68	58	26	57	48	46	27	9	93	24	19	28	90	
68	90	89	31	36	6	24	64	38	92	80	85	74	84	56	75	55	66	84	83	73	30	54	9	14	48	12	44	26	19	79	9	62	87	84	37	36	77	82	50	
83	28	13	68	18	17	9	48	64	10	26	74	33	10	86	24	16	20	43	98	50	62	8	63	33	8	94	36	42	38	19	83	99	94	45	7	5	89	68	42	
45	83	82	27	10	72	2	5	7	98	31	35	49	13	18	74	43	15	26	96	12	4	84	47	20	50	58	81	91	24	47	32	90	100	32	89	16	44	45	12	
64	11	11	100	47	24	5	77	45	41	69	49	75	79	84	76	99	97	12	65	35	40	92	46	79	50	69	75	30	42	20	54	51	62	68	35	4	74	93	56	
47	64	85	92	62	28	87	55	8	7	13	5	98	42	6	24	76	61	28	67	69	41	62	57	84	28	61	17	84	31	35	43	36	32	84	55	11	71	25	52	
75	27	43	8	81	29	58	94	32	4	25	76	53	73	63	94	31	93	30	54	86	20	46	22	30	5	90	99	88	51	55	79	44	46	29	18	13	55	75	92	
21	88	88	50	38	63	79	57	47	16	23	23	47	93	35	57	87	42	97	89	39	5	100	5	46	23	48	39	5	28	13	10	97	100	54	97	84	23	31	83	
10	61	37	26	71	89	73	28	96	19	19	15	6	57	72	72	2	31	79	11	60	89	24	52	41	97	6	29	86	24	30	26	46	2	79	37	70	73	56	31	
61	13	44	39	70	57	16	46	16	78	54	6	57	62	89	71	16	78	5	86	9	27	48	92	4	52	65	94	88	32	80	11	69	76	38	83	82	12	71	1	
12	15	45	28	9	30	47	69	40	16	58	76	57	51	90	63	19	66	28	99	73	79	98	26	2	3	79	41	28	52	33	67	70	98	73	45	100	34	66	99	
15	58	13	39	34	73	83	77	45	38	38	23	44	18	29	90	54	95	91	32	98	66	99	51	53	60	65	93	18	73	79	94	34	93	66	15	16	92	87	49	
24	68	50	66	90	8	81	89	10	91	8	80	21	33	24	12	79	73	65	73	50	36	9	4	5	49	26	9	46	33	23	78	17	69	61	59	35	65	63	69	
6	40	8	36	57	54	92	24	18	84	58	83	26	2	76	27	92	93	76	55	74	44	69	46	36	88	45	4	75	67	6	16	97	33	50	58	74	56	80	42	
95	78	75	57	72	8	97	9	43	70	80	91	50	28	4	84	17	51	25	32	5	11	74	36	29	99	3	61	7	24	31	38	53	19	92	57	89	14	79	16	
29	95	79	51	27	49	29	4	12	87	30	39	95	20	24	84	28	10	14	97	62	65	77	32	22	6	30	81	45	39	94	91	39	61	92	69	97	29	46	34	
28	70	3	90	79	40	7	95	11	73	39	82	81	44	14	28	52	47	88	23	79	23	75	30	49	63	15	43	87	41	14	86	58	44	32	43	34	75	3	55	
14	77	82	65	77	17	3	10	12	27	42	13	69	36	48	73	87	42	61	7	27	56	22	84	82	97	17	59	36	86	20	99	93	13	60	28	30	31	27	46	
26	2	81	42	89	95	72	16	69	78	13	24	51	64	84	73	32	20	3	34	65	61	95	43	88	14	64	48	59	23	34	21	70	35	4	69	56	87	92	31	
94	22	71	22	60	13	82	7	28	49	77	57	36	39	91	87	62	19	98	42	86	52	33	29	72	31	23	20	54	46	22	74	88	3	79	65	30	12	20	95	
42	25	7	18	2	20	69	43	28	77	79	84	69	39	95	87	47	69	27	18	38	100	69	53	89	88	90	45	100	57	33	26	65	32	38	10	87	30	80	43	
22	76	98	19	1	23	85	92	32	34	50	19	34	70	2	88	26	86	39	22	20	35	49	2	10	57	25	86	83	14	8	68	32	11	63	56	46	73	61	22	
47	53	39	43	32	32	79	83	78	12	3	24	68	91	92	13	9	65	72	1	86	47	29	8	98	86	91	38	39	13	45	39	36	27	15	46	65	53	62	59	
15	55	37	39	33	92	82	57	46	59	24	6	27	55	48	44	79	42	9	36	50	54	21	85	91	64	16	13	33	21	3	14	55	14	41	91	35	35	32	56	
24	52	4	23	76	58	64	1	24	99	89	92	85	68	99	54	27	11	21	62	40	22	80	33	7	94	95	36	34	99	50	41	36	27	16	35	35	1	73	85	
33	80	84	9	21	20	17	21	45	57	54	10	58	26	3	17	31	71	56	95	89	93	38	95	27	45	41	26	49	84	64	90	26	50	21	59	38	26	78	74	
33	65	52	74	62	29	76	12	71	64	91	22	65	17	62	84	59	6	1	43	26	98	20	54	75	17	76	78	20	98	75	20	99	40	30	68	1	52	61	52	
63	34	48	2	99	22	81	87	16	49	71	4	49	92	53	99	7	60	1	34	82	2	99	81	35	57	80	42	23	70	20	80	90	80	84	20	93	24	16	68	
36	22	96	20	68	5	4	28	68	63	25	63	86	97	34	28	89	37	39	6	80	21	8	60	93	43	34	27	87	25	82	71	41	83	70	40	37	34	8	96	
56	91	91	29	18	29	92	13	92	4	22	42	96	94	6	35	32	38	14	38	59	18	23	24	9	89	96	38	81	66	29	37	24	44	52	32	11	6	18	4	
65	89	89	24	26	7	57	99	51	54	49	35	23	90	43	35	34	83	58	59	92	46	23	70	12	65	38	36	61	58	11	54	48	68	81	66	67	32	1	27	
14	87	42	65	28	79	11	33	33	3	85	15	65	10	11	27	75	71	27	5	3	70	4	93	33	87	45	7	51	100	39	11	8	72	9	7	62	53	86	88	
9	69	12	47	70	49	40	56	95	50	39	68	11	89	19	38	99	67	77	23	46	32	65	23	39	21	42	75	13	1	93	57	84	74	60	93	41	80	87	25	
34	69	41	19	55	80	46	54	80	39	81	54	56	8	2	19	61	52	14	44	41	71	46	49	100	14	87	94	51	42	55	79	45	96	73	20	84	6	1	19	
58	69	78	72	20	27	67	72	55	90	40	58	41	98	95	14	86	96	3	91	76	36	8	12	64	12	27	61	42	13	22	63	6	33	27	49	20	17	42	100	
16	34	17	93	47	79	12	58	22	1	24	19	96	13	6	37	50	37	35	68	81	41	19	96	16	52	37	89	98	96	66	72	30	90	80	90	93	65	31	31	
On machine	2
44	16	80	81	90	22	74	14	13	30	10	32	88	55	56	48	99	14	27	28	7	37	7	77	67	6	81	87	52	33	18	71	7	2	45	15	80	30	91	88	
15	92	40	40	52	79	27	57	21	18	25	66	66	39	98	77	84	35	84	57	31	82	64	92	85	94	38	20	84	99	37	13	9	98	27	18	1	88	54	17	
96	37	39	40	33	55	62	58	57	73	94	72	76	37	54	96	4	69	24	64	63	78	85	67	63	29	49	49	63	19	88	35	65	50	58	80	66	36	19	82	
50	55	62	69	33	46	71	94	13	43	10	10	45	77	34	36	100	40	65	89	6	99	74	67	84	10	77	20	31	48	86	67	79	90	20	50	55	80	23	86	
12	7	84	60	57	28	80	62	98	64	44	22	66	13	87	49	29	44	40	22	22	19	70	7	79	97	41	49	62	68	47	84	88	58	10	41	5	18	48	64	
51	37	65	32	46	100	59	5	63	89	68	84	11	34	43	48	7	97	44	100	46	97	9	16	47	35	65	86	23	96	21	78	8	34	52	35	23	25	55	35	
72	53	92	68	36	37	5	17	39	57	61	37	98	12	72	26	15	83	36	85	52	66	47	55	73	44	77	15	77	80	97	59	90	51	88	68	7	23	49	90	
35	82	1	91	84	44	53	74	73	89	92	35	36	55	66	33	66	90	21	84	56	76	7	9	6	7	13	11	2	53	31	27	47	52	83	57	70	22	6	68	
53	46	40	28	54	47	15	59	31	73	43	59	43	50	65	5	31	18	33	21	67	38	33	36	6	18	39	1	25	25	6	1	75	89	36	57	24	19	93	65	
27	32	79	14	28	29	46	76	27	56	59	25	55	83	69	5	38	76	13	50	89	62	61	75	42	60	48	44	64	71	57	36	71	16	82	99	1	66	54	4	
8	33	12	45	21	84	10	42	13	60	26	64	6	29	40	15	15	40	21	46	63	94	94	30	95	45	75	52	23	36	85	18	12	99	30	4	55	92	24	67	
28	11	45	71	19	13	2	26	38	19	46	20	49	1	88	64	23	82	66	87	26	72	36	99	57	17	88	90	51	51	8	85	30	12	47	95	45	59	39	94	
11	61	55	85	82	31	47	30	27	63	4	42	42	98	26	73	87	53	47	24	6	94	53	46	53	53	55	28	4	2	4	21	50	69	96	60	61	45	76	73	
2	65	84	27	42	93	71	18	64	79	37	24	88	13	12	87	51	98	69	27	16	3	76	58	95	88	94	99	24	99	10	51	93	72	78	81	67	29	16	25	
35	81	77	75	33	55	63	25	97	16	33	46	41	9	31	72	1	38	17	21	5	100	41	41	36	75	39	39	26	36	99	70	67	12	88	29	80	93	16	58	
51	55	40	74	6	97	38	13	81	10	11	6	81	17	94	100	83	39	94	75	32	31	23	40	13	35	8	3	7	55	75	36	61	66	57	64	77	31	28	44	
99	36	70	6	95	41	84	99	74	4	19	92	68	61	13	13	49	87	84	43	24	96	2	89	59	74	96	34	52	66	93	81	71	93	29	100	65	20	91	61	
100	49	98	90	53	56	27	40	35	79	8	31	84	60	59	63	96	46	50	38	72	47	21	20	1	61	5	71	37	28	56	24	11	62	96	5	10	8	84	61	
82	29	53	13	3	80	33	21	13	91	54	90	41	77	29	37	44	27	57	28	69	95	45	7	69	36	20	69	64	34	65	92	59	29	98	35	4	84	41	7	
2	56	56	76	38	85	92	60	45	88	21	52	15	73	25	78	95	7	91	14	11	6	41	37	87	12	71	8	13	51	58	13	43	30	81	74	45	54	51	1	
100	47	49	87	4	43	17	89	93	18	40	73	15	51	16	81	67	86	44	75	24	58	24	15	32	9	100	34	8	25	68	48	25	81	66	41	31	37	43	8	
22	18	43	40	12	25	86	22	30	62	34	78	2	32	39	5	88	96	61	35	16	65	10	46	56	42	79	23	30	50	82	47	60	31	20	12	5	6	80	9	
87	97	69	60	83	30	32	55	85	67	57	89	25	31	30	49	48	85	4	7	3	30	11	74	5	19	72	18	3	28	49	6	1	18	19	25	3	64	26	89	
45	44	26	4	26	35	78	62	43	78	38	67	23	19	100	1	10	57	74	16	18	83	41	94	93	62	6	81	69	1	38	43	13	80	19	60	17	80	69	42	
3	27	52	5	34	78	16	56	43	55	82	100	62	88	1	99	35	5	21	32	94	33	47	5	20	46	29	97	96	31	75	55	9	45	98	63	80	34	48	19	
63	66	97	60	87	82	32	71	51	30	40	82	59	81	29	12	16	12	62	91	32	71	33	91	96	19	73	7	8	61	22	51	48	49	30	90	12	30	66	65	
85	29	16	67	9	17	84	46	39	58	1	46	97	9	38	49	54	78	84	43	39	31	53	58	92	41	69	9	63	20	100	24	36	67	44	88	3	72	77	44	
46	73	10	3	99	80	50	44	21	57	51	70	30	37	17	2	16	81	18	41	30	31	89	42	54	16	1	47	96	3	67	87	13	85	62	32	49	41	53	46	
26	98	3	20	67	31	23	21	20	18	54	38	10	64	81	58	77	55	69	41	47	22	6	73	4	29	8	38	28	40	64	34	49	17	14	61	14	52	2	73	
27	7	68	87	70	14	56	28	62	5	82	39	17	31	11	84	35	50	44	22	88	48	58	72	26	7	75	57	69	1	18	60	83	13	97	74	48	98	55	56	
52	61	84	35	42	93	89	83	41	95	79	18	17	94	40	40	41	64	15	72	66	33	28	8	14	40	88	50	78	56	45	30	45	56	25	27	90	58	12	14	
79	57	32	96	39	33	73	98	33	27	44	34	43	61	82	16	37	63	29	64	73	87	23	54	23	66	39	77	65	35	12	72	57	99	99	19	46	6	53	26	
99	41	49	39	38	88	63	4	88	3	60	98	77	47	80	44	55	74	38	79	42	23	18	67	71	94	25	54	69	84	68	80	84	26	30	47	27	11	76	72	
23	51	62	1	38	49	68	68	33	37	40	60	2	79	17	90	37	90	61	63	9	56	35	72	17	76	32	18	28	14	59	72	82	8	94	85	76	65	67	10	
65	18	15	80	57	50	26	17	22	70	7	77	34	5	97	59	89	58	10	77	88	40	75	68	92	13	93	63	10	86	54	2	79	90	6	94	27	73	92	4	
16	62	40	24	52	5	95	79	3	14	97	14	26	54	85	8	38	47	41	13	65	65	32	25	58	28	2	28	100	11	51	91	57	4	46	32	71	85	63	21	
50	61	71	19	99	15	39	88	52	65	100	45	69	46	65	41	71	89	38	37	31	49	7	31	10	33	28	25	70	67	63	26	43	18	90	14	31	36	24	56	
22	29	74	1	86	91	82	64	6	96	26	9	50	31	57	62	18	68	27	99	67	95	87	76	82	85	54	21	54	88	45	41	24	76	13	23	52	95	2	20	
71	50	22	33	19	56	56	1	87	31	33	74	44	4	17	9	83	32	77	58	63	68	44	49	49	48	47	85	66	36	9	87	62	95	63	91	39	49	56	21	
67	86	81	10	25	87	71	44	17	37	49	79	63	96	20	41	78	97	47	61	6	19	12	24	90	42	28	4	14	57	6	68	99	70	15	27	68	96	20	44	
On machine	3
10	52	73	67	59	47	65	62	47	46	66	54	46	39	86	38	92	16	42	56	83	53	81	76	43	95	92	82	36	2	37	63	72	2	98	6	88	89	72	98	
40	28	31	68	99	17	63	87	56	44	75	64	56	100	49	27	47	80	15	93	56	5	17	96	100	55	79	12	33	47	88	91	97	51	50	7	48	60	72	10	
54	99	41	6	11	51	11	87	75	86	97	46	33	26	20	59	77	50	20	65	73	37	61	96	78	90	76	39	47	5	35	95	14	24	32	68	65	18	58	98	
14	76	60	59	3	77	35	12	41	35	5	81	91	98	63	16	62	69	71	32	50	75	7	46	84	36	86	92	5	100	78	26	69	27	42	50	74	29	76	35	
82	100	59	36	76	27	31	5	82	49	45	86	51	51	65	83	59	63	85	60	85	58	20	46	68	54	90	1	21	43	54	88	10	6	53	78	84	12	61	66	
90	30	86	65	43	41	83	74	64	36	88	15	64	39	95	86	55	78	65	94	94	34	74	15	87	24	4	83	75	28	43	15	90	55	21	1	93	40	32	3	
35	27	36	32	69	52	75	54	62	95	34	76	7	47	2	40	62	96	38	27	81	79	31	52	9	41	30	59	68	1	40	71	68	54	76	57	33	24	92	42	
40	8	13	59	81	78	1	71	38	74	62	19	65	90	72	93	25	11	97	65	7	35	36	24	38	66	72	61	24	80	11	22	95	61	31	23	72	86	59	65	
5	15	57	65	33	45	43	70	68	30	91	16	84	79	71	95	47	30	61	20	13	63	19	50	17	40	23	11	39	15	93	60	37	87	21	7	55	83	78	95	
91	2	55	5	77	56	94	97	45	80	62	6	74	42	69	98	51	34	73	34	12	38	18	78	95	61	25	47	8	37	79	64	30	6	9	22	98	51	15	24	
37	24	35	55	17	77	71	87	60	46	41	65	89	83	6	53	31	50	89	59	71	26	38	58	76	95	22	29	1	36	72	90	83	15	56	7	23	19	36	51	
98	46	36	13	7	1	26	75	9	9	41	45	94	99	10	67	7	28	5	49	37	42	65	85	26	77	10	62	76	41	29	43	99	82	73	86	2	69	41	74	
52	99	22	7	59	56	11	68	53	74	46	69	97	57	20	55	32	73	60	25	96	42	84	96	88	75	80	20	86	55	43	4	2	55	20	80	91	92	53	54	
31	40	82	79	74	94	27	55	83	43	14	94	39	43	92	92	73	53	98	56	66	46	53	96	17	54	29	96	46	24	41	64	77	7	55	34	64	21	69	61	
52	69	25	34	64	59	5	33	54	51	46	28	60	26	50	98	14	12	27	23	52	59	10	21	47	66	28	86	35	66	59	92	95	1	24	14	36	91	72	61	
11	14	53	73	18	32	78	74	25	20	65	57	41	97	20	99	52	46	98	19	86	11	4	58	56	35	87	96	19	35	67	10	15	57	93	60	93	96	41	36	
69	7	44	62	12	28	31	49	53	19	83	85	26	99	36	42	98	72	35	10	49	74	33	23	87	37	20	87	76	1	4	80	56	48	71	2	70	30	92	42	
34	60	70	68	64	28	55	16	71	19	99	18	97	84	63	96	71	53	97	56	97	60	94	82	76	52	2	37	23	75	87	64	63	22	100	48	10	18	50	65	
45	29	23	14	41	99	23	37	27	78	1	30	82	72	68	70	78	42	69	95	79	92	18	50	28	64	83	10	12	87	40	55	9	90	64	93	91	40	64	6	
39	24	83	73	1	98	73	84	58	75	17	68	54	97	59	48	73	19	49	96	24	100	74	3	71	33	85	11	28	22	39	43	74	10	11	48	88	18	89	16	
72	22	33	49	27	33	73	58	57	94	2	87	64	88	58	73	62	63	98	96	72	83	59	72	22	96	94	85	83	39	20	7	55	88	85	28	56	68	53	60	
29	38	88	28	62	68	98	50	31	23	95	36	75	83	96	33	89	20	19	11	64	57	71	11	36	25	86	95	59	92	49	86	57	2	37	29	40	83	26	92	
79	34	41	19	96	43	86	46	36	19	86	50	42	62	33	98	91	20	91	4	65	50	15	81	97	51	21	32	31	99	32	49	28	24	15	37	29	71	90	15	
78	80	7	30	32	63	34	90	88	38	36	77	1	17	59	39	53	89	54	79	2	72	74	11	19	56	10	6	4	2	35	93	49	89	71	8	87	31	23	89	
75	82	66	100	33	55	52	5	20	23	66	12	23	83	68	60	47	74	25	82	54	61	69	14	3	46	77	6	95	55	83	77	92	97	72	27	63	80	94	72	
47	38	65	34	68	4	88	50	94	59	8	49	50	27	77	95	13	20	6	81	15	90	86	92	62	35	22	41	28	73	13	46	98	93	65	85	14	30	76	27	
26	67	83	23	98	41	98	37	39	91	80	53	9	6	68	13	30	23	32	58	72	34	98	53	29	53	64	68	73	14	99	78	64	61	87	89	8	30	36	54	
61	42	33	43	39	3	98	72	60	25	27	62	71	86	100	31	12	22	69	89	61	31	18	43	84	10	67	61	93	83	56	76	79	2	81	37	42	2	32	85	
68	50	11	33	73	46	63	70	39	83	1	79	65	50	24	78	10	26	83	53	1	12	85	18	44	70	46	53	54	83	24	12	26	46	30	51	29	85	95	73	
21	20	87	42	7	62	33	19	89	60	40	79	20	48	75	40	97	19	98	73	83	81	24	33	89	68	78	64	92	68	33	27	95	62	3	10	45	48	62	86	
90	4	17	17	70	83	43	53	30	32	53	15	73	25	7	40	34	45	94	48	86	14	4	34	9	45	69	16	8	48	13	15	98	23	10	78	10	70	68	19	
55	30	33	94	3	98	81	45	57	12	58	15	39	36	1	45	71	76	50	90	28	57	60	54	50	93	56	5	2	13	86	45	4	77	44	21	58	9	11	72	
74	14	67	41	47	2	43	60	72	8	89	61	40	96	99	39	9	93	6	8	44	44	65	55	28	8	33	46	90	58	92	29	89	35	92	35	9	3	10	27	
90	60	38	94	50	44	89	19	54	44	20	62	4	81	34	89	33	35	97	12	55	32	13	73	21	34	50	35	62	24	46	46	55	33	66	15	96	34	82	88	
80	41	38	39	20	39	48	71	9	8	3	31	13	79	92	74	16	7	35	83	79	72	88	62	88	99	16	17	59	25	94	96	76	21	45	11	99	52	60	6	
1	52	3	11	59	5	75	22	100	31	89	17	33	76	99	5	25	1	8	29	83	34	2	69	78	59	68	18	52	81	80	12	72	2	89	28	94	35	70	51	
54	50	27	75	7	59	76	52	21	92	11	74	87	69	77	21	46	41	16	96	60	41	86	26	8	28	70	90	50	24	43	83	81	51	50	59	80	34	37	63	
58	67	68	7	93	25	51	10	24	56	8	81	39	8	78	33	79	78	61	38	3	13	60	84	3	31	61	39	39	37	68	51	62	91	3	22	87	90	53	46	
75	2	4	10	9	80	19	99	74	73	59	42	25	69	13	72	58	58	80	50	37	27	45	70	86	75	17	70	66	46	69	88	53	87	48	13	61	11	68	42	
37	9	2	75	96	50	52	46	43	39	40	24	34	88	74	30	66	32	89	7	58	58	54	7	92	22	93	59	21	81	80	92	32	53	44	6	27	36	27	86	
On machine	4
70	26	80	61	90	29	89	85	58	85	75	85	63	89	49	61	85	28	70	81	83	95	100	99	75	50	13	37	7	100	81	23	75	76	56	25	36	82	54	9	
37	31	47	56	48	21	64	89	7	32	87	5	16	12	74	89	1	15	51	37	20	6	51	39	42	53	96	80	42	70	91	21	100	74	50	72	23	30	98	75	
24	35	33	33	88	17	6	76	99	73	76	75	26	37	68	93	46	96	81	22	74	6	18	93	63	57	75	81	94	13	16	59	50	81	71	24	2	54	58	87	
13	55	56	14	16	38	60	30	81	50	62	79	9	94	82	40	62	32	27	67	6	94	41	57	22	17	13	73	36	86	96	66	71	34	61	85	24	45	83	8	
25	34	40	11	23	61	92	100	17	61	52	42	43	52	93	38	64	68	48	6	68	70	39	5	21	22	81	54	12	48	86	4	42	77	57	46	96	27	83	88	
40	74	44	22	20	23	84	16	16	65	6	50	79	21	4	44	98	38	15	84	53	30	12	74	22	47	71	41	43	33	19	36	22	11	75	20	95	69	59	24	
10	77	70	29	21	76	70	75	92	10	40	3	19	97	37	27	36	83	82	86	85	47	92	61	12	21	92	10	22	76	53	10	93	51	57	99	14	31	9	34	
41	40	75	3	85	14	94	49	75	1	1	39	78	24	91	89	46	91	23	6	66	84	98	71	34	72	73	16	49	37	57	45	42	1	88	80	33	32	78	45	
84	59	84	54	82	13	31	69	12	50	72	14	23	26	55	53	89	99	93	36	87	38	43	45	42	80	55	58	9	31	81	4	63	18	67	85	57	54	21	61	
82	70	91	12	92	61	43	82	98	69	10	79	92	68	90	52	75	95	1	29	66	49	20	25	28	85	94	54	3	5	99	10	51	90	41	71	11	34	14	69	
89	54	90	29	64	16	18	67	27	78	25	81	60	8	10	95	18	2	58	11	55	89	67	6	32	31	62	98	54	85	77	73	77	69	15	74	7	33	8	75	
39	34	40	39	15	92	91	80	91	89	95	75	50	16	17	26	25	16	36	67	30	41	39	36	31	3	77	31	61	88	35	74	71	75	68	21	26	10	36	95	
57	71	51	62	32	19	71	95	18	10	61	45	87	23	32	81	3	19	11	46	33	12	67	82	3	84	11	48	59	93	72	40	81	16	52	56	77	89	83	52	
51	21	44	72	5	6	52	48	1	54	65	72	72	27	37	93	3	58	17	41	12	63	27	26	10	63	33	69	32	43	29	16	48	92	6	80	40	91	24	57	
85	19	31	54	94	73	4	89	86	60	8	50	58	97	21	19	86	60	79	17	51	52	83	93	56	79	6	37	11	70	31	80	35	99	14	38	15	87	24	65	
61	99	22	25	4	33	71	62	64	97	12	44	84	13	15	38	40	43	56	11	11	90	54	69	18	18	60	6	27	29	78	97	20	90	7	16	28	99	52	83	
51	35	75	30	24	81	20	51	20	52	40	34	4	91	32	92	87	11	68	65	53	78	8	13	75	22	85	5	8	79	5	91	80	45	13	83	63	1	23	16	
68	49	59	2	54	70	69	1	14	82	71	26	90	11	57	21	58	23	30	39	29	48	29	12	31	1	88	84	64	73	11	33	75	83	52	48	28	47	61	96	
59	49	55	67	34	23	22	45	52	64	89	30	44	70	84	19	7	91	39	35	29	56	64	18	87	77	43	30	32	97	37	58	33	61	79	27	89	35	33	93	
99	21	23	90	74	70	26	36	66	4	50	81	92	34	90	3	34	96	97	14	40	93	12	17	70	85	20	14	23	59	13	21	21	48	35	63	82	60	8	36	
46	40	50	95	94	49	62	68	69	80	57	90	97	91	38	22	88	86	57	32	79	98	79	65	63	34	9	93	26	79	9	5	80	38	10	47	43	31	43	41	
60	4	79	20	83	73	92	34	92	11	22	21	35	44	9	13	20	46	5	88	76	88	1	81	12	11	50	43	51	32	62	34	34	57	96	26	82	14	9	63	
74	74	55	17	1	82	81	2	14	90	64	56	98	38	21	82	14	14	99	18	33	1	5	8	33	30	87	34	13	12	57	71	77	68	41	25	98	52	95	82	
79	46	69	69	65	6	64	42	37	8	32	75	43	73	90	5	55	59	40	99	69	20	97	33	67	24	43	43	78	85	13	54	40	35	81	35	84	59	90	80	
59	28	65	48	67	9	61	51	17	86	24	76	74	17	84	40	94	46	70	40	64	38	97	35	5	53	74	91	1	54	52	28	38	51	66	72	98	25	56	84	
55	57	18	87	92	8	34	66	63	84	72	16	81	23	99	87	6	35	3	71	98	39	96	65	55	93	8	11	96	64	77	62	93	96	78	83	23	16	28	34	
30	87	51	36	62	43	65	28	59	58	25	49	24	53	1	57	10	77	10	97	92	91	20	91	38	32	8	84	35	94	4	48	7	54	15	30	69	26	41	53	
99	37	18	55	67	56	36	51	58	36	41	26	56	61	7	57	87	5	89	74	35	81	65	96	89	15	82	96	38	89	31	6	15	65	68	59	19	6	99	39	
73	73	40	62	54	55	24	31	92	22	76	69	64	78	40	46	94	82	54	29	11	8	65	14	51	37	6	59	40	8	85	1	45	1	63	65	63	76	18	97	
85	3	10	18	2	73	87	86	56	4	39	88	94	50	5	23	35	94	5	53	25	1	83	62	55	7	10	31	59	53	30	23	90	42	2	35	29	13	57	80	
100	69	27	35	1	36	74	56	15	16	23	40	43	7	7	64	71	84	90	85	21	38	95	93	47	37	12	1	65	67	66	81	2	44	16	29	10	81	21	89	
58	54	88	16	62	42	3	64	9	99	94	85	35	6	45	39	19	28	12	60	97	30	55	19	89	98	85	26	42	90	24	78	90	4	78	40	90	47	47	70	
76	29	86	88	83	90	72	41	87	96	51	93	82	87	95	75	79	42	91	86	48	23	26	63	81	99	83	42	35	86	1	3	65	22	47	19	58	13	65	31	
19	64	88	74	16	13	83	46	38	65	33	61	90	35	56	97	60	15	66	81	76	10	31	1	52	33	100	64	16	92	3	21	35	25	63	13	63	41	13	78	
23	59	23	43	26	66	48	18	42	68	40	50	30	68	29	50	5	27	45	13	89	62	99	72	11	51	93	84	23	63	7	97	74	23	53	16	53	85	57	11	
61	13	91	71	81	91	9	20	40	7	31	85	40	88	87	94	38	17	5	97	31	90	49	49	54	65	92	100	39	16	3	13	71	14	25	37	85	76	21	61	
29	18	45	31	39	22	37	80	33	76	39	23	64	62	45	24	77	34	19	15	20	6	67	38	77	44	50	100	34	70	41	76	63	11	91	37	56	39	77	39	
60	15	79	66	63	40	5	33	9	86	90	78	3	96	56	56	7	47	25	84	87	14	35	77	51	47	18	86	100	75	61	61	7	3	22	98	42	44	60	96	
39	16	46	3	30	13	74	77	9	74	82	42	46	8	37	31	61	26	49	94	83	24	39	52	14	12	75	54	81	18	75	21	75	29	98	39	15	78	54	3	
47	17	37	24	9	39	38	84	73	19	56	41	84	95	27	35	41	53	91	4	38	28	5	63	9	69	39	3	7	71	19	44	40	14	47	52	49	19	27	67	
