Factories	2
Families	20
Machines	2
SetupType	1

Number of Jobs in each Family
7	8	5	9	3	2	5	3	8	1	9	4	1	4	4	1	1	9	2	1	

Jobs in each Family
0	1	2	3	4	5	6	
7	8	9	10	11	12	13	14	
15	16	17	18	19	
20	21	22	23	24	25	26	27	28	
29	30	31	
32	33	
34	35	36	37	38	
39	40	41	
42	43	44	45	46	47	48	49	
50	
51	52	53	54	55	56	57	58	59	
60	61	62	63	
64	
65	66	67	68	
69	70	71	72	
73	
74	
75	76	77	78	79	80	81	82	83	
84	85	
86	

Total number of jobs
87

Processing times of jobs
4	2	
1	10	
4	7	
4	10	
4	9	
2	3	
3	2	
3	4	
3	10	
10	6	
1	2	
5	8	
3	8	
1	9	
9	2	
5	7	
1	9	
2	4	
6	4	
8	7	
8	7	
7	9	
4	7	
10	2	
2	5	
3	5	
9	2	
1	6	
2	4	
5	5	
7	6	
9	9	
1	1	
6	2	
3	10	
7	2	
10	6	
8	1	
4	7	
6	3	
4	8	
6	10	
10	3	
10	3	
6	5	
10	10	
6	6	
2	2	
9	9	
7	4	
1	8	
3	8	
5	5	
4	6	
9	4	
7	7	
7	10	
2	7	
9	2	
1	7	
3	1	
3	8	
5	2	
8	1	
6	6	
10	2	
9	10	
8	10	
9	4	
1	8	
9	6	
3	4	
2	1	
6	10	
8	6	
6	10	
10	7	
3	5	
10	7	
1	4	
8	3	
4	8	
9	1	
4	4	
6	10	
8	1	
10	8	

Stepup times between Families, where [f][f] represents initial setup time
On machine	1
15	6	13	14	4	18	15	10	15	2	8	1	12	19	1	19	9	11	10	9	
6	10	14	17	15	8	8	19	14	1	8	6	16	1	2	11	3	9	7	1	
9	1	6	10	11	8	14	9	4	9	4	13	16	3	8	5	9	11	18	12	
13	4	3	10	16	11	18	16	11	12	8	5	13	17	3	17	13	14	9	10	
8	9	16	5	4	7	9	6	18	2	6	11	20	20	4	18	13	8	5	16	
9	20	12	1	4	11	2	18	2	19	1	18	17	9	11	20	2	12	6	3	
4	7	6	11	6	19	18	15	19	17	14	12	4	15	20	5	20	17	18	20	
7	6	3	8	13	12	5	6	12	20	19	1	1	17	19	5	11	16	14	8	
12	20	2	11	12	15	16	19	3	16	6	3	19	11	19	4	14	2	2	16	
20	1	19	19	12	20	20	8	11	11	20	10	18	19	10	2	6	3	7	20	
5	13	15	20	18	10	5	7	19	19	10	18	6	13	8	18	18	20	3	17	
3	20	20	16	13	8	12	1	13	18	15	3	4	6	17	11	16	11	5	1	
13	11	12	4	12	2	16	6	10	9	2	19	6	19	9	20	3	13	20	3	
5	10	2	13	18	13	4	7	18	18	2	5	6	2	1	16	16	15	4	14	
20	7	10	19	17	8	20	10	2	20	12	1	19	2	9	9	19	17	7	13	
7	7	5	16	5	4	17	5	9	12	4	7	16	14	3	9	7	3	5	11	
18	7	11	2	17	2	8	17	5	9	8	8	20	14	6	9	11	9	12	13	
8	13	20	12	11	3	5	4	8	12	20	3	1	17	12	7	10	10	10	5	
2	15	1	1	12	11	13	9	6	14	2	8	12	2	20	6	20	12	12	13	
20	11	1	1	17	5	8	7	11	6	9	18	17	18	7	4	11	10	14	8	
On machine	2
13	17	14	11	9	11	19	12	3	14	7	11	8	13	16	18	17	13	19	3	
14	14	7	8	19	10	10	4	17	4	12	1	12	15	18	18	7	8	2	15	
13	18	19	15	19	4	8	17	10	8	16	18	6	6	17	10	3	3	13	5	
11	3	17	8	4	1	20	8	19	9	17	15	1	6	13	16	1	18	10	7	
19	2	9	5	11	18	3	5	13	13	2	8	4	9	3	11	8	5	1	14	
8	2	4	7	7	16	2	19	11	13	14	12	20	7	12	20	10	18	9	16	
17	8	7	17	4	4	11	19	8	13	20	4	15	12	3	11	8	14	9	8	
20	19	12	7	5	20	14	2	10	3	18	20	8	8	5	4	12	2	16	11	
9	20	7	1	14	13	17	16	19	2	17	2	20	18	16	4	15	15	11	12	
8	15	4	13	1	9	20	3	11	9	8	4	18	9	20	17	15	6	3	10	
16	15	13	1	20	8	1	8	5	9	11	13	10	16	13	6	1	8	20	9	
1	11	5	9	19	10	8	5	18	12	5	4	16	13	6	7	7	8	13	19	
12	2	9	10	6	8	10	11	6	11	4	12	14	19	16	16	4	6	7	9	
5	9	11	15	18	3	4	5	13	9	10	8	6	3	7	6	8	17	11	13	
2	19	6	12	11	1	9	5	10	5	1	4	14	3	1	7	10	7	7	18	
3	9	1	4	13	18	11	6	2	17	7	20	13	17	12	10	16	1	4	18	
20	11	6	15	5	9	14	15	8	16	18	8	3	7	9	7	9	17	10	18	
6	18	20	3	17	11	7	2	19	18	13	20	15	20	1	5	20	10	16	15	
9	6	2	3	16	7	8	3	20	6	4	5	11	3	12	19	16	3	2	19	
18	3	3	1	10	4	7	7	1	8	13	8	8	10	16	4	3	9	16	3	
