Factories	3
Families	60
Machines	4
SetupType	2

Number of Jobs in each Family
7	3	1	7	1	2	7	9	10	1	3	6	7	1	9	1	9	7	4	8	8	7	8	8	6	2	9	10	7	3	3	7	2	1	2	8	2	7	1	5	1	8	7	9	6	3	2	4	8	10	10	6	2	7	3	6	8	9	10	9	

Jobs in each Family
0	1	2	3	4	5	6	
7	8	9	
10	
11	12	13	14	15	16	17	
18	
19	20	
21	22	23	24	25	26	27	
28	29	30	31	32	33	34	35	36	
37	38	39	40	41	42	43	44	45	46	
47	
48	49	50	
51	52	53	54	55	56	
57	58	59	60	61	62	63	
64	
65	66	67	68	69	70	71	72	73	
74	
75	76	77	78	79	80	81	82	83	
84	85	86	87	88	89	90	
91	92	93	94	
95	96	97	98	99	100	101	102	
103	104	105	106	107	108	109	110	
111	112	113	114	115	116	117	
118	119	120	121	122	123	124	125	
126	127	128	129	130	131	132	133	
134	135	136	137	138	139	
140	141	
142	143	144	145	146	147	148	149	150	
151	152	153	154	155	156	157	158	159	160	
161	162	163	164	165	166	167	
168	169	170	
171	172	173	
174	175	176	177	178	179	180	
181	182	
183	
184	185	
186	187	188	189	190	191	192	193	
194	195	
196	197	198	199	200	201	202	
203	
204	205	206	207	208	
209	
210	211	212	213	214	215	216	217	
218	219	220	221	222	223	224	
225	226	227	228	229	230	231	232	233	
234	235	236	237	238	239	
240	241	242	
243	244	
245	246	247	248	
249	250	251	252	253	254	255	256	
257	258	259	260	261	262	263	264	265	266	
267	268	269	270	271	272	273	274	275	276	
277	278	279	280	281	282	
283	284	
285	286	287	288	289	290	291	
292	293	294	
295	296	297	298	299	300	
301	302	303	304	305	306	307	308	
309	310	311	312	313	314	315	316	317	
318	319	320	321	322	323	324	325	326	327	
328	329	330	331	332	333	334	335	336	

Total number of jobs
337

Processing times of jobs
3	3	2	9	
9	7	4	6	
3	6	10	5	
7	6	6	8	
10	3	7	3	
4	9	7	7	
6	8	2	6	
3	6	4	4	
9	2	2	7	
1	9	8	4	
1	7	8	5	
3	5	6	7	
3	1	7	5	
2	2	10	6	
4	7	1	10	
3	10	10	4	
2	4	8	2	
2	1	10	5	
9	1	8	10	
2	5	4	3	
9	1	6	5	
5	7	3	4	
2	8	5	3	
1	7	6	2	
7	7	9	10	
3	2	10	8	
8	9	1	9	
10	10	8	8	
10	7	6	10	
10	9	9	5	
10	3	1	3	
10	3	2	3	
5	1	1	2	
3	6	5	8	
5	7	9	9	
6	2	8	1	
8	1	6	3	
5	2	4	4	
1	5	9	9	
2	6	10	3	
7	8	10	10	
9	8	6	9	
8	4	10	1	
3	7	8	1	
7	3	7	7	
6	7	8	2	
5	1	3	5	
6	4	3	1	
7	9	6	1	
3	7	4	2	
3	4	2	4	
5	3	7	4	
6	10	6	3	
9	3	10	6	
2	9	2	4	
7	8	6	10	
3	10	5	2	
9	9	7	5	
9	9	10	1	
2	9	6	3	
8	2	7	5	
2	2	4	7	
10	6	2	3	
9	8	3	9	
8	2	4	1	
9	6	3	5	
7	6	10	10	
3	3	5	8	
2	1	8	2	
5	8	4	7	
10	4	7	9	
7	9	8	1	
5	10	4	3	
7	4	8	6	
7	9	4	2	
6	1	10	10	
8	9	1	3	
4	4	7	3	
1	5	8	9	
9	7	7	3	
6	4	1	10	
9	5	8	3	
4	6	5	7	
9	3	5	5	
6	10	8	7	
5	7	1	7	
8	3	9	2	
4	7	2	2	
6	2	5	1	
2	6	1	3	
9	7	5	3	
8	5	5	2	
5	2	1	1	
8	5	10	6	
9	2	8	7	
3	9	10	6	
2	8	8	8	
5	9	9	6	
6	4	1	1	
2	1	3	6	
10	1	8	3	
6	9	9	2	
4	10	4	4	
6	4	6	10	
2	4	5	8	
7	6	2	3	
4	8	1	6	
7	5	9	4	
6	7	7	8	
6	7	9	4	
6	6	7	10	
10	8	6	1	
3	9	9	6	
4	8	6	6	
8	3	5	6	
8	1	7	9	
3	2	6	8	
3	3	4	3	
2	8	8	2	
5	8	6	10	
1	3	8	5	
5	10	10	6	
4	6	6	9	
10	5	5	7	
10	7	1	10	
1	1	4	10	
8	9	7	9	
8	8	3	4	
7	2	6	6	
6	9	9	1	
4	5	6	4	
4	6	4	7	
4	6	4	8	
2	9	6	4	
9	2	4	10	
4	5	3	10	
10	5	1	5	
1	2	4	10	
1	7	10	9	
4	10	8	3	
1	3	7	1	
5	9	8	1	
6	9	10	6	
5	5	4	5	
2	6	6	7	
10	3	3	2	
10	2	2	9	
2	1	9	7	
2	8	7	10	
5	6	8	8	
9	10	9	4	
2	8	3	4	
2	7	1	4	
6	10	4	10	
8	4	4	1	
10	1	10	6	
9	9	5	6	
10	4	8	2	
3	1	10	2	
2	4	8	10	
9	10	8	7	
3	1	4	1	
10	7	3	6	
8	4	2	1	
10	4	9	8	
3	10	3	8	
9	2	7	7	
1	7	4	1	
5	6	8	10	
3	7	6	9	
4	4	3	1	
8	2	9	10	
10	7	9	6	
1	7	5	8	
3	2	10	1	
4	7	5	4	
4	5	7	10	
7	10	7	7	
4	1	6	5	
8	9	5	5	
5	9	4	5	
5	7	4	8	
2	6	4	6	
10	4	5	6	
8	5	4	10	
10	2	9	9	
5	7	3	3	
10	8	5	1	
3	8	10	1	
1	8	7	8	
1	6	9	5	
9	3	5	10	
10	9	4	4	
8	9	10	6	
2	5	3	3	
2	5	9	5	
10	8	9	10	
1	10	9	10	
8	9	3	1	
2	4	5	3	
2	5	2	2	
4	7	4	10	
9	3	9	6	
1	4	7	9	
5	9	1	7	
10	1	8	3	
5	1	5	7	
10	5	1	10	
2	1	8	1	
9	5	7	8	
5	5	1	10	
8	4	9	8	
1	9	7	5	
5	4	4	7	
7	2	1	2	
5	10	6	10	
7	7	6	7	
9	10	5	1	
9	3	9	5	
10	10	2	3	
5	8	10	7	
3	8	2	3	
3	2	5	8	
1	7	2	9	
10	7	6	1	
2	8	8	5	
9	7	9	5	
1	7	1	5	
1	10	2	4	
10	1	10	3	
10	2	4	9	
3	8	5	6	
5	4	6	8	
5	6	4	9	
8	2	9	6	
3	2	2	5	
7	1	3	8	
1	8	4	9	
5	4	8	1	
10	5	8	1	
2	1	4	3	
5	2	3	9	
9	7	6	5	
5	7	1	5	
10	3	1	5	
5	7	1	3	
10	5	4	1	
5	8	10	3	
6	6	6	7	
5	10	10	8	
8	6	8	3	
6	10	6	7	
1	9	1	9	
8	4	9	1	
5	1	10	6	
10	6	7	10	
8	8	5	7	
10	10	2	2	
6	8	1	5	
4	10	8	8	
6	1	3	3	
10	5	8	6	
3	1	8	1	
3	9	7	10	
5	5	8	8	
8	6	10	4	
7	7	7	5	
8	5	1	6	
2	5	7	7	
6	8	1	9	
5	3	7	9	
4	8	6	9	
4	9	3	7	
1	5	10	5	
8	9	1	2	
3	4	9	2	
10	9	8	5	
5	2	4	7	
1	1	3	4	
7	2	10	2	
1	4	4	2	
10	3	2	6	
2	2	7	5	
7	2	7	9	
10	1	9	5	
9	5	8	8	
2	4	10	8	
6	4	7	3	
2	2	8	10	
2	9	3	10	
5	4	9	7	
7	4	7	2	
1	3	8	8	
5	10	9	9	
7	9	9	2	
9	1	9	7	
4	1	5	6	
8	4	6	6	
2	5	2	3	
6	3	6	2	
2	1	3	10	
8	2	1	3	
4	10	5	8	
8	3	9	3	
8	8	9	7	
6	6	8	2	
5	6	9	2	
10	5	1	4	
1	6	7	10	
3	1	7	7	
9	6	6	5	
9	1	8	7	
7	1	9	8	
4	4	1	3	
9	1	8	9	
8	3	3	7	
5	8	10	2	
10	1	7	8	
7	5	10	10	
3	2	5	7	
5	1	3	8	
1	9	9	7	
3	3	5	4	
7	5	8	3	
8	5	10	5	
7	6	1	2	
7	9	7	2	
7	8	10	2	
8	1	9	4	
2	10	2	4	
3	1	1	6	
3	2	8	5	
5	3	3	10	
1	6	8	4	
2	8	3	8	
10	6	9	5	
6	5	8	4	

Stepup times between Families, where [f][f] represents initial setup time
On machine	1
6	12	34	33	20	1	50	12	32	50	23	31	13	6	44	42	17	2	34	28	17	46	39	14	16	50	19	8	23	37	26	3	13	47	1	49	1	15	32	5	35	22	31	21	32	50	10	2	48	20	13	39	16	41	10	41	13	2	31	21	
33	5	14	26	48	6	29	48	22	32	46	46	1	45	16	15	37	11	9	23	4	17	24	19	13	15	2	39	6	36	35	1	2	17	20	4	6	1	46	50	10	33	22	2	37	27	24	15	10	31	17	16	44	9	22	27	7	12	31	25	
14	21	23	22	34	14	36	44	39	24	38	6	2	16	44	12	8	27	38	50	46	38	14	1	20	15	17	46	39	48	16	35	36	21	3	47	31	6	11	43	35	47	4	34	44	44	49	45	8	37	41	19	50	7	33	35	31	49	35	15	
32	36	11	28	10	19	3	49	18	17	47	6	3	30	31	27	49	45	9	38	27	29	43	31	5	42	28	19	34	41	43	1	14	50	6	7	10	45	6	3	38	3	32	10	32	9	46	20	3	47	50	41	34	42	34	20	39	5	3	26	
19	42	41	6	1	22	48	47	18	32	31	16	22	6	39	26	27	8	9	4	9	42	1	5	24	14	9	23	28	46	1	5	15	26	17	43	11	40	15	31	7	22	48	12	50	28	30	30	47	13	18	30	22	22	11	43	21	49	32	5	
3	5	17	27	16	40	11	48	12	50	43	1	1	45	1	40	28	7	17	21	34	9	22	19	4	29	50	40	10	31	41	1	13	36	3	21	13	29	50	49	16	5	17	18	48	44	18	44	11	45	19	42	40	48	10	2	18	19	6	39	
20	46	3	42	49	39	7	38	19	1	16	27	12	12	28	23	42	10	10	37	10	12	3	4	14	16	23	3	44	49	3	23	45	11	12	11	11	1	2	9	12	47	25	27	35	45	3	25	42	3	33	25	50	6	29	34	45	25	19	45	
39	37	36	1	36	24	28	19	48	20	46	48	17	42	30	29	48	39	37	44	12	46	19	21	33	48	39	23	37	43	10	50	38	22	3	19	9	16	48	16	19	30	1	14	49	43	2	5	23	48	49	26	46	11	45	30	9	48	10	46	
23	32	16	28	21	7	6	32	23	19	6	41	42	43	47	6	38	19	21	36	13	40	22	19	20	4	20	28	20	6	12	11	43	24	19	28	13	42	32	21	31	46	5	43	33	43	35	13	25	44	15	42	16	33	29	47	35	11	44	16	
18	18	11	3	6	46	29	41	31	45	21	21	33	23	3	27	3	6	18	32	27	19	31	50	6	27	13	27	4	2	11	4	3	30	13	14	7	10	36	14	41	48	34	43	22	46	24	4	5	12	38	33	8	30	7	46	21	36	2	31	
1	45	46	7	20	35	27	44	42	8	34	22	36	33	34	20	21	42	33	45	6	37	5	45	25	11	15	8	6	10	28	4	29	42	3	15	38	26	14	48	32	15	25	25	1	47	6	47	28	1	46	27	14	25	15	18	14	29	28	13	
23	28	27	35	17	25	24	43	26	49	7	25	28	25	42	26	2	20	50	19	23	14	31	34	39	35	17	13	26	17	10	24	42	2	34	17	9	42	39	12	26	7	21	29	7	10	6	38	50	46	9	29	12	5	11	7	11	5	48	46	
48	4	23	35	46	25	26	1	24	26	29	17	47	44	31	36	11	24	42	44	16	19	6	39	9	29	27	28	11	45	48	24	22	39	38	18	46	12	47	14	28	23	47	27	3	14	26	1	38	22	12	19	30	1	39	20	32	40	25	38	
43	7	25	44	43	50	41	36	44	18	27	5	48	27	15	17	43	39	49	34	37	42	30	12	6	32	6	33	35	26	3	17	9	47	9	11	7	49	37	9	27	2	18	31	37	16	7	40	4	5	49	50	15	20	29	14	17	2	26	15	
20	37	47	34	23	17	48	38	17	15	8	28	38	40	21	21	45	20	35	20	8	48	24	8	22	9	47	36	28	37	21	7	35	43	27	36	26	37	43	29	24	36	48	30	1	1	12	17	33	10	12	20	50	23	30	39	9	39	24	3	
3	41	17	27	22	27	18	23	20	42	33	25	22	24	24	4	49	26	49	44	24	31	41	31	38	10	22	32	31	46	19	7	47	37	39	29	31	39	13	38	35	14	10	10	34	17	40	49	46	19	29	39	34	21	8	32	43	42	26	48	
26	42	13	1	47	9	36	50	12	40	10	47	13	35	2	12	27	23	20	39	33	31	1	11	7	21	37	26	10	38	22	10	25	45	6	12	14	44	28	24	8	32	9	43	41	5	4	10	29	30	3	1	43	50	3	13	20	35	22	8	
1	42	43	28	39	32	32	5	40	11	35	16	24	26	48	22	2	20	4	45	15	10	23	7	8	24	5	35	22	1	27	11	1	34	7	3	36	14	17	5	11	9	13	27	23	32	16	5	2	8	36	13	36	48	26	20	37	5	34	26	
10	37	17	47	27	45	3	25	3	21	17	11	8	37	40	20	33	30	6	23	50	15	9	18	4	46	31	6	48	41	2	6	43	13	29	45	5	16	41	45	13	46	11	10	8	11	29	44	42	44	30	27	25	19	49	21	14	22	11	24	
8	31	39	6	37	11	19	47	24	27	31	37	40	13	32	50	12	12	13	24	35	19	24	46	23	44	4	23	14	42	8	25	8	3	15	48	40	34	13	19	1	19	22	31	50	48	14	50	2	36	46	44	5	41	4	30	49	19	21	2	
7	6	16	48	21	20	17	41	47	44	6	44	12	16	48	47	6	39	29	3	41	42	18	43	42	19	9	36	3	30	21	23	46	12	34	42	25	27	20	38	43	8	16	5	31	42	46	48	47	26	36	44	48	28	37	17	15	28	33	48	
48	3	10	27	7	6	30	45	18	16	2	47	42	37	9	34	41	35	10	2	24	16	27	50	5	35	32	37	1	34	36	6	39	24	48	45	19	50	24	34	4	33	27	17	23	45	24	27	7	19	30	4	49	25	36	50	24	5	20	15	
24	9	1	3	44	1	45	48	8	40	6	45	15	16	27	22	5	8	37	17	50	28	7	17	48	42	26	37	12	31	4	36	5	23	11	32	44	35	19	48	15	3	21	42	49	7	41	43	22	4	7	30	41	50	5	19	23	18	5	38	
36	17	19	11	5	44	40	48	30	27	37	15	21	47	1	20	10	13	43	2	1	9	34	27	24	37	46	24	3	35	11	12	23	20	42	38	50	21	42	42	2	31	4	44	4	32	26	42	48	20	7	44	31	30	2	33	41	6	2	20	
14	44	5	17	31	10	36	42	9	19	48	4	26	12	10	17	21	30	35	20	11	17	14	4	30	9	14	11	47	21	48	3	10	44	48	22	44	26	46	37	31	4	36	34	9	36	3	43	5	15	17	44	6	6	29	25	8	49	10	30	
21	17	33	44	37	48	10	38	28	50	41	12	8	41	26	6	41	1	44	21	18	10	48	45	18	8	24	8	40	40	36	19	5	39	5	36	6	35	41	14	37	4	43	29	11	8	18	1	50	37	37	22	1	50	24	43	27	37	3	12	
28	21	3	45	40	19	16	16	23	35	47	9	9	20	24	9	4	17	21	41	48	6	32	29	39	7	10	15	26	30	41	18	32	8	13	49	37	17	4	40	16	9	22	2	42	48	45	45	15	28	26	22	20	38	22	43	28	48	44	29	
50	31	34	16	30	6	34	1	42	30	46	41	17	17	43	50	8	35	38	38	2	35	16	30	18	9	17	27	10	25	12	13	15	41	32	33	39	47	39	20	10	48	3	10	29	49	41	17	49	28	17	29	28	13	4	7	3	46	12	49	
20	38	23	30	46	24	17	26	23	32	19	38	6	32	39	10	3	47	38	20	44	41	3	36	21	18	43	8	46	23	9	18	41	35	41	7	13	41	28	20	43	41	24	11	26	6	8	12	16	19	18	22	22	3	2	46	5	7	6	37	
13	31	10	33	14	48	10	24	35	18	6	34	50	7	16	16	24	27	28	46	42	3	42	38	18	40	23	39	33	39	18	13	1	11	20	19	42	39	1	49	37	3	14	45	42	8	49	40	21	35	24	11	15	21	4	29	48	46	14	6	
30	46	8	39	49	33	15	41	25	40	18	49	7	18	47	34	32	10	43	41	26	16	24	3	34	43	50	44	26	47	37	39	22	2	6	14	41	35	25	18	5	28	16	8	46	7	6	9	5	19	40	38	16	42	42	22	2	38	31	38	
39	15	47	7	46	7	16	25	24	38	15	49	39	11	9	35	15	42	46	33	29	15	36	37	5	50	27	41	23	6	35	8	6	9	48	19	29	31	39	15	23	27	3	33	42	34	41	49	20	31	4	44	47	22	44	40	28	6	16	9	
12	35	2	11	38	49	16	11	31	7	20	5	40	36	11	50	8	22	47	7	48	43	9	24	32	34	47	30	40	11	17	47	10	3	41	39	23	8	44	38	37	16	34	36	4	32	46	49	28	49	13	8	42	2	25	20	50	40	18	8	
45	15	38	38	37	12	33	13	33	23	32	30	47	8	13	42	26	47	4	40	1	37	13	7	26	24	16	13	14	28	31	9	6	19	27	30	24	40	28	24	46	10	12	46	36	46	21	14	40	13	16	37	23	7	4	19	4	47	17	34	
13	20	12	28	17	49	14	5	14	35	10	23	18	25	23	46	23	42	16	48	46	44	48	45	19	32	2	30	39	5	37	44	33	22	6	31	49	39	35	44	29	26	37	17	39	48	38	49	10	42	18	18	21	18	38	13	22	14	21	1	
22	46	17	23	20	34	16	12	33	16	14	9	34	23	1	5	5	13	19	18	6	40	39	1	2	31	27	27	12	4	30	35	40	4	35	9	31	26	11	38	45	39	25	31	6	2	13	42	22	19	46	2	32	46	39	2	22	25	41	14	
47	38	16	23	7	41	21	34	3	48	44	47	9	6	14	17	33	4	20	8	48	29	35	44	38	1	37	29	23	29	9	44	32	32	25	48	17	24	47	49	17	34	12	38	40	22	45	46	17	7	46	4	28	5	38	10	20	45	16	18	
13	33	17	26	12	36	47	49	24	13	31	35	29	49	42	30	50	47	3	23	3	17	23	27	25	28	45	21	50	19	18	10	42	44	15	42	48	12	18	43	25	35	35	23	45	7	31	20	11	19	7	12	12	4	46	8	8	40	34	9	
13	12	33	21	20	37	28	1	27	42	36	18	34	21	31	42	47	38	34	43	7	30	19	46	49	7	7	42	45	1	33	28	37	44	6	24	23	48	12	48	29	39	39	1	19	41	38	40	43	20	39	27	35	50	29	19	4	30	40	26	
44	3	24	37	46	19	37	48	1	49	49	40	48	29	19	10	32	41	19	23	5	33	36	3	34	49	2	14	7	25	26	35	48	38	43	25	43	39	10	14	32	45	20	6	7	7	34	27	20	28	48	40	17	1	3	47	6	29	38	41	
42	29	37	46	38	44	43	49	6	40	10	17	42	1	9	48	5	16	2	47	19	5	13	45	21	36	5	40	15	10	9	11	37	38	29	18	45	46	1	10	14	20	17	26	17	39	22	27	2	30	3	33	15	46	41	33	41	27	44	6	
3	27	36	33	2	40	45	27	41	30	47	50	32	47	37	16	3	6	18	25	23	7	8	29	38	4	12	7	44	15	6	40	4	44	29	35	9	13	50	24	10	49	25	47	44	34	3	5	26	36	23	4	33	3	6	11	27	33	42	10	
41	6	32	29	19	42	2	36	20	23	42	20	18	24	4	8	9	29	31	32	39	27	2	41	12	40	41	6	3	1	50	11	23	23	31	16	37	38	36	48	29	49	7	14	37	37	24	13	48	28	24	46	41	41	22	47	1	21	41	38	
11	26	26	16	24	2	3	22	13	11	33	22	24	18	37	15	37	42	39	47	8	43	8	34	40	26	22	16	49	1	39	48	9	40	10	22	6	45	28	3	14	4	16	18	19	44	4	20	16	18	11	39	19	34	7	43	11	26	24	18	
38	14	37	22	35	43	17	37	14	20	9	26	50	31	29	15	28	18	21	18	32	48	19	4	49	27	50	26	49	17	21	16	10	11	25	20	36	32	43	8	29	48	4	32	41	17	30	40	36	16	37	23	41	14	48	37	35	14	39	42	
16	44	44	10	32	10	44	41	23	37	23	37	2	9	23	32	5	5	20	38	30	12	38	2	4	27	50	34	36	4	24	10	19	31	27	45	5	9	22	26	48	37	13	35	23	34	42	1	19	19	31	48	18	14	26	18	36	49	49	36	
9	19	28	5	6	1	4	1	2	4	39	37	12	29	19	21	46	24	28	48	6	34	21	32	9	10	12	4	4	42	19	23	22	46	28	41	24	13	16	38	44	29	48	14	8	3	4	4	37	7	48	28	17	4	43	7	20	23	40	3	
10	14	41	1	3	10	16	43	12	19	39	35	13	27	3	20	24	3	48	33	39	44	10	48	48	1	28	33	15	3	6	14	46	9	30	27	28	27	26	6	22	43	17	15	19	44	45	7	11	37	34	16	37	16	38	43	21	11	39	45	
33	5	11	42	21	49	4	24	45	19	26	17	33	20	33	6	1	5	34	16	30	13	34	48	2	14	26	5	7	7	25	1	10	32	43	2	18	42	3	16	38	3	4	5	20	35	4	44	42	23	50	2	37	36	20	36	23	31	5	15	
1	37	23	14	11	14	42	33	48	28	35	21	48	44	49	24	17	40	5	40	18	2	10	18	1	11	35	23	44	25	42	28	12	2	42	41	9	4	17	27	17	26	44	28	10	44	40	13	38	2	8	28	38	20	18	17	1	42	11	31	
13	3	9	41	8	21	5	11	42	49	31	37	11	24	45	2	7	50	25	6	28	3	41	33	33	13	30	36	43	34	44	18	40	21	30	7	5	6	9	43	9	46	20	8	12	24	5	17	29	26	36	28	38	7	2	2	17	23	21	22	
45	3	5	2	35	1	31	3	29	22	4	33	35	40	50	5	40	10	30	16	49	34	11	11	33	46	25	44	29	19	7	29	24	1	18	41	15	13	26	16	16	16	26	32	24	13	11	35	35	34	26	21	47	2	39	8	6	30	16	36	
6	19	16	18	3	44	39	50	27	43	30	4	50	1	47	13	9	24	13	47	43	44	2	8	4	42	31	32	13	23	45	49	42	10	3	24	19	49	31	17	25	43	48	14	39	36	6	11	34	49	17	46	6	6	42	45	5	46	49	20	
50	17	24	30	13	44	5	38	37	12	10	7	17	13	18	20	5	15	2	15	22	48	6	12	10	1	8	40	50	40	43	15	48	41	17	13	6	4	32	29	31	46	27	39	47	37	34	6	50	15	47	4	4	11	14	14	22	39	41	26	
18	31	15	35	44	17	39	23	34	4	28	18	23	31	36	40	8	16	23	23	49	42	11	19	44	12	45	13	19	2	27	41	49	25	4	5	38	20	27	43	40	42	25	4	30	30	13	13	36	42	21	18	45	38	32	19	31	41	26	44	
38	14	27	18	44	11	36	5	43	7	20	14	11	1	7	25	29	49	33	33	13	16	8	9	1	23	16	25	33	50	17	48	43	21	37	26	30	12	21	28	32	14	28	17	45	41	12	26	6	34	46	33	18	33	9	24	33	21	40	13	
29	11	48	40	32	47	39	9	17	28	42	20	5	17	29	23	36	23	14	43	14	10	1	36	2	19	32	28	29	34	19	14	10	45	4	13	26	16	50	5	22	47	50	16	11	49	4	29	39	41	39	22	30	48	4	23	49	2	4	47	
8	32	35	39	29	50	39	26	42	2	12	4	42	20	1	47	5	11	40	5	21	6	19	26	44	22	25	16	22	41	25	28	35	49	28	35	32	12	41	38	43	43	31	8	35	46	17	29	5	7	42	8	24	42	20	50	22	39	9	10	
5	43	43	45	16	6	1	7	11	29	7	25	2	46	2	40	6	25	11	7	46	20	33	24	23	39	13	5	29	17	18	8	5	34	29	10	6	31	32	18	20	1	12	38	37	11	40	32	50	6	11	45	33	48	42	28	1	4	19	2	
4	10	4	17	11	35	9	43	2	42	17	21	39	8	44	6	10	9	46	39	45	1	37	2	20	39	34	36	38	24	50	1	18	4	1	42	35	34	43	6	28	35	5	28	12	46	3	10	14	25	8	5	43	24	25	26	5	41	42	19	
On machine	2
39	23	16	40	16	31	14	39	24	3	24	48	25	42	48	6	44	28	13	27	34	10	48	4	29	19	30	4	17	48	19	24	7	34	50	31	6	27	36	5	27	26	8	46	4	5	1	30	34	30	14	18	18	43	12	25	28	14	29	1	
41	40	7	7	6	11	40	39	8	38	13	30	19	39	9	33	11	6	8	33	7	30	19	8	8	42	28	23	31	35	37	16	44	11	34	11	24	37	22	11	5	14	9	11	50	44	36	17	19	2	13	6	21	17	27	25	41	22	31	4	
50	42	17	12	2	20	10	36	18	46	5	10	22	1	27	36	34	6	31	41	25	18	13	44	9	3	24	22	33	8	41	50	2	40	40	41	7	41	20	11	17	22	35	27	48	28	37	30	32	7	23	48	25	14	44	36	47	28	30	12	
42	50	14	36	4	37	29	26	7	15	34	34	30	27	42	28	45	39	31	30	31	44	27	29	42	47	9	11	11	28	20	42	42	23	42	24	28	38	23	32	46	1	22	12	28	24	11	31	27	28	18	10	43	34	46	21	8	21	18	20	
3	8	38	41	30	3	20	3	35	32	19	16	16	33	47	28	25	45	14	17	14	21	32	21	31	17	18	36	22	8	45	23	16	6	16	22	3	16	50	16	15	3	33	8	19	3	34	1	31	48	6	24	40	26	21	35	48	25	18	39	
39	12	7	21	8	8	37	44	13	39	48	50	5	23	15	30	49	46	1	44	3	48	1	25	1	34	22	17	44	16	39	4	45	38	20	5	15	17	39	18	14	24	37	46	50	41	20	8	48	29	16	11	6	33	25	39	2	32	10	5	
30	50	15	14	35	16	36	6	2	13	44	1	34	44	24	39	42	40	22	28	18	40	50	11	2	47	49	23	44	46	27	28	11	18	28	41	3	1	47	45	10	32	47	3	12	39	5	18	33	22	15	17	39	42	45	47	46	14	23	12	
24	27	37	37	21	28	15	14	34	40	26	37	41	4	43	9	18	46	44	17	8	34	48	23	39	3	11	40	5	6	39	7	30	45	22	27	4	18	36	4	41	49	6	1	12	11	32	14	12	49	44	39	6	22	2	5	1	37	48	40	
25	11	22	9	35	2	18	15	37	9	49	21	36	44	1	15	48	48	34	33	39	50	39	12	32	16	49	9	44	8	37	23	13	1	2	4	49	32	46	8	1	23	17	18	4	1	47	12	21	44	39	41	50	33	7	44	3	44	46	9	
6	12	1	49	37	47	11	35	48	19	1	21	11	46	25	17	12	18	34	18	27	43	21	1	41	14	22	22	11	18	2	32	14	27	30	22	12	15	50	5	4	11	27	46	8	46	42	21	36	39	1	17	31	24	27	4	6	24	15	21	
44	12	12	33	29	13	50	3	11	23	42	5	46	6	40	8	26	24	40	18	47	40	11	30	2	25	36	12	16	26	19	27	37	20	44	38	47	31	41	30	36	23	47	36	16	35	6	48	31	28	45	7	30	48	30	40	43	8	36	12	
35	18	38	24	33	16	49	29	41	3	36	42	4	11	41	37	4	26	48	7	32	26	37	7	11	37	10	17	29	43	13	47	23	45	44	3	41	23	1	1	43	22	7	7	22	21	24	7	41	7	23	6	14	49	48	15	14	13	3	21	
18	20	44	34	34	35	31	10	41	27	22	2	16	45	40	1	26	49	12	34	4	20	9	20	9	41	29	16	40	32	50	23	28	28	21	50	35	12	10	32	49	20	11	37	15	26	28	33	35	39	25	45	15	11	38	14	46	16	36	19	
50	32	31	17	6	37	28	10	39	36	30	14	39	20	32	21	44	37	34	46	22	5	41	44	9	36	42	12	44	50	9	43	19	1	40	16	7	14	28	21	14	49	11	9	43	29	19	39	30	47	24	34	11	24	18	8	45	19	24	29	
19	7	12	46	32	41	46	49	2	32	11	28	49	40	9	42	11	15	25	22	50	7	14	49	1	36	20	39	31	49	43	1	34	42	24	7	1	36	34	27	37	19	33	4	35	13	30	46	33	12	12	35	36	3	45	36	2	19	13	43	
34	15	8	26	42	48	47	33	18	7	46	41	4	44	5	11	48	25	19	30	29	35	4	25	4	36	25	45	21	27	18	50	16	5	14	3	11	15	17	37	38	32	6	36	25	24	38	50	5	29	42	8	47	34	48	6	47	36	30	17	
9	2	24	3	38	4	30	29	20	50	43	6	40	47	45	33	44	36	34	32	36	25	15	35	46	21	46	35	50	37	26	19	28	49	25	48	13	48	7	19	10	41	16	1	16	30	11	44	23	45	11	38	34	35	11	6	15	10	1	11	
12	33	46	22	1	21	49	19	43	37	50	50	29	24	36	39	39	13	42	50	17	13	43	27	16	23	2	42	1	27	21	21	42	40	43	23	30	40	11	32	49	21	2	50	43	19	1	48	6	38	8	11	25	33	20	46	30	39	49	36	
48	36	30	12	12	16	27	27	46	5	49	34	37	50	41	27	11	44	46	41	27	37	50	44	40	33	5	2	19	15	16	39	28	27	25	19	38	23	22	11	38	18	35	3	4	39	17	29	32	1	47	9	25	17	16	39	16	39	47	41	
35	33	35	28	42	10	22	37	31	6	10	43	10	47	24	5	11	32	30	5	20	22	28	17	14	22	36	10	39	39	32	48	29	36	45	16	49	25	25	49	44	3	22	50	27	40	48	14	43	26	1	38	4	24	1	18	43	41	10	43	
38	9	12	18	26	22	16	10	41	47	21	48	47	24	13	31	48	11	19	43	16	50	7	25	35	19	33	25	13	16	12	17	50	37	48	2	14	17	43	8	17	46	19	16	1	7	38	43	25	8	40	32	26	12	6	11	30	39	41	7	
28	36	31	2	28	45	16	25	44	47	38	13	42	12	15	42	45	26	38	1	42	9	15	8	43	6	14	46	45	10	47	7	33	23	10	41	1	35	48	36	9	38	31	4	20	11	7	39	31	33	10	10	41	27	17	41	33	40	47	16	
22	46	43	42	19	46	48	49	27	30	9	26	47	48	27	50	38	33	13	12	6	16	37	47	45	20	42	8	10	4	42	40	43	5	41	36	18	25	11	2	6	44	5	6	45	49	30	42	27	26	21	4	9	10	20	2	2	15	34	10	
30	39	7	20	48	15	4	38	14	11	37	16	21	47	8	33	46	50	16	15	43	44	38	36	10	32	12	48	24	5	28	4	9	15	18	3	49	17	17	21	47	22	31	26	13	35	13	17	42	17	10	26	25	32	25	49	6	34	41	37	
34	46	28	7	43	2	4	40	25	14	34	46	4	9	37	15	34	28	15	11	16	23	47	23	2	24	30	27	40	47	17	28	49	28	40	38	41	5	14	40	7	18	47	34	31	34	49	35	1	18	32	42	14	5	44	27	50	16	3	43	
32	3	36	3	47	22	39	48	4	42	36	24	34	46	14	12	4	13	36	14	39	39	48	25	13	11	18	35	41	6	32	12	28	16	33	49	2	15	23	5	28	46	40	46	42	4	49	17	12	26	48	19	20	2	21	35	32	29	32	48	
8	36	20	5	23	46	13	33	17	13	38	20	8	2	21	41	9	28	17	39	36	17	24	26	40	49	25	3	49	4	27	47	42	18	14	3	22	25	16	41	22	49	39	28	27	24	5	11	10	2	41	11	2	17	42	34	14	42	39	2	
9	3	48	13	50	12	26	7	40	28	18	50	23	41	13	6	35	11	26	5	14	13	9	39	16	31	26	32	11	4	28	44	49	24	14	39	33	26	20	46	19	31	17	44	40	5	20	19	41	25	50	45	20	39	29	6	29	21	11	3	
34	13	12	48	15	12	29	40	49	34	34	2	35	9	10	18	4	41	4	24	31	29	32	4	2	17	14	48	35	46	13	16	8	25	27	43	19	45	47	39	6	45	39	18	38	37	36	4	26	47	47	2	40	1	15	21	12	42	32	27	
38	44	20	17	41	10	32	46	32	19	12	18	23	27	29	42	2	37	33	25	6	19	33	27	27	1	9	35	36	44	31	29	40	21	41	7	1	25	5	16	21	8	35	46	27	3	46	31	39	49	11	48	30	19	14	40	46	21	10	15	
46	19	18	31	38	33	1	30	35	38	44	18	13	22	34	36	10	44	41	49	31	9	48	8	6	12	36	13	50	21	4	17	32	11	19	17	20	32	32	20	48	19	30	9	13	3	27	5	7	35	47	31	24	39	44	2	23	36	21	5	
16	39	26	20	28	48	25	10	23	6	2	34	10	5	21	2	39	39	17	46	47	9	20	40	26	22	48	50	45	39	37	36	16	17	36	15	8	38	22	43	44	40	29	4	20	28	37	2	35	36	31	10	6	36	32	46	40	27	1	13	
36	9	46	43	35	26	22	11	32	5	40	36	40	48	3	2	17	4	7	3	44	33	13	20	2	45	14	22	29	4	43	6	35	4	23	45	36	2	19	28	14	26	36	5	13	33	35	24	5	47	42	42	33	16	29	26	36	4	44	36	
2	36	36	38	7	48	3	14	9	49	6	12	16	19	32	1	13	26	20	7	17	41	44	12	14	21	12	47	50	24	6	11	45	21	27	26	50	13	16	11	6	17	37	43	46	26	6	21	32	41	24	27	12	47	31	44	12	48	16	14	
12	35	22	31	25	21	34	23	36	2	40	42	42	10	2	31	5	15	19	47	22	24	49	3	42	42	9	15	48	33	49	30	40	34	29	47	50	34	11	12	34	34	22	32	24	10	9	25	24	24	9	39	1	3	19	45	10	22	4	4	
34	40	4	38	9	14	23	42	8	36	47	12	26	29	18	3	23	31	20	29	23	3	8	30	29	42	39	50	41	14	29	18	13	19	31	7	9	17	48	15	15	40	20	18	48	38	14	12	1	5	31	24	26	4	7	42	8	48	24	9	
39	26	29	21	38	49	8	10	41	36	20	47	16	20	44	16	26	29	1	26	4	47	48	13	29	27	48	40	24	15	38	3	40	50	26	12	43	28	42	14	14	43	27	4	15	35	50	29	35	14	11	1	2	33	23	7	23	21	28	13	
4	1	49	35	5	8	40	22	2	32	21	26	3	31	24	9	46	44	43	9	6	11	38	36	44	10	16	25	46	48	45	20	21	9	11	35	7	6	46	34	38	40	4	8	40	20	18	12	38	17	27	48	37	14	3	17	6	21	1	8	
28	39	17	16	26	17	31	20	49	17	6	23	16	44	39	49	7	31	38	5	48	46	14	39	16	38	42	7	44	24	44	41	32	23	49	27	47	11	5	18	5	9	16	38	33	6	6	10	8	19	50	15	10	15	30	41	49	43	28	44	
40	13	13	27	43	28	1	36	42	11	11	28	39	19	9	20	42	46	42	24	13	35	22	47	3	30	40	32	27	40	7	1	25	43	45	18	11	16	16	17	46	36	16	44	33	32	41	48	45	23	1	22	20	46	23	12	2	26	16	30	
30	38	9	33	5	19	45	31	47	26	10	35	22	4	26	43	18	14	2	11	2	41	9	50	3	38	31	31	9	20	26	14	20	27	33	11	28	17	6	48	41	18	15	48	29	1	46	18	18	32	1	37	22	41	27	17	48	42	4	10	
38	46	13	18	38	35	33	2	44	20	10	37	26	13	36	17	35	42	1	45	21	19	1	43	6	39	37	3	19	6	23	33	16	3	5	31	32	30	15	29	40	16	39	7	47	5	47	45	6	7	6	13	25	4	2	24	18	22	21	31	
27	43	24	26	26	5	33	4	1	4	22	21	3	7	28	11	28	29	10	28	18	48	9	32	7	32	24	13	31	45	18	47	9	35	40	50	37	34	31	42	16	44	34	32	48	45	1	39	36	23	2	15	39	23	28	19	21	35	7	17	
14	20	19	20	46	9	31	29	6	50	1	8	13	36	33	5	31	10	14	4	36	5	40	50	21	48	5	36	15	22	25	17	49	49	18	45	16	41	5	43	21	17	20	41	21	13	20	11	6	4	16	48	1	13	47	32	39	50	28	28	
33	19	39	4	13	13	27	21	7	10	25	44	32	28	46	34	49	13	50	41	22	40	18	16	33	29	9	35	32	2	29	20	48	36	50	22	39	26	48	9	36	22	41	41	34	41	8	39	50	1	19	28	20	32	42	12	30	38	2	4	
49	2	4	9	27	31	42	40	13	33	33	39	14	2	4	20	14	17	10	17	20	9	17	29	22	7	24	13	1	2	6	30	2	37	20	50	31	42	19	36	25	32	36	36	31	40	6	4	40	45	34	15	19	3	12	7	27	46	40	22	
17	38	21	38	48	49	50	38	50	27	8	30	32	32	21	10	38	25	19	45	7	15	37	24	18	12	20	4	12	23	16	47	24	25	30	17	35	26	2	8	2	38	1	45	15	25	31	36	30	27	24	12	38	49	29	43	32	14	11	11	
49	16	49	5	1	41	39	8	46	24	2	4	16	15	14	14	37	21	49	8	31	18	17	6	33	1	38	43	38	6	13	32	5	31	24	34	17	16	24	30	34	13	47	25	33	43	28	27	3	45	10	25	44	32	18	26	9	25	13	35	
6	46	16	12	25	28	11	33	6	43	45	23	19	45	5	14	5	6	1	30	13	19	2	34	16	37	48	21	3	40	24	25	38	13	20	17	31	46	34	6	31	45	49	2	16	23	12	50	13	22	3	28	29	14	34	33	19	18	47	24	
1	11	23	20	44	13	5	38	8	21	2	16	27	50	24	6	31	47	7	24	32	39	13	1	26	4	36	29	44	5	43	46	20	42	19	38	28	4	10	26	1	24	45	16	12	31	2	30	1	16	36	13	48	7	42	14	3	42	2	36	
18	47	1	19	15	30	42	22	44	25	24	17	36	43	47	31	50	42	28	47	41	29	41	6	26	38	24	14	26	28	19	43	19	26	19	50	8	41	3	38	36	31	41	26	29	45	41	12	12	39	25	14	43	50	7	29	43	32	13	14	
34	34	41	48	49	37	18	37	29	19	6	40	10	28	21	23	13	16	3	50	35	44	43	20	44	25	4	35	37	30	47	9	48	6	8	18	11	42	24	20	7	30	19	40	4	17	33	19	45	38	5	44	32	41	30	39	9	50	33	31	
39	30	2	42	30	30	14	32	12	1	43	24	27	50	17	11	27	2	43	50	46	12	12	34	42	16	7	2	16	3	42	32	10	6	5	24	9	35	6	23	25	41	22	24	42	24	28	31	8	48	9	23	29	14	20	15	1	3	46	49	
20	45	21	15	40	33	23	47	34	36	33	50	17	2	13	44	24	44	11	18	30	7	5	23	20	45	32	8	41	2	7	30	4	16	21	39	43	37	42	32	7	15	33	13	48	11	16	18	33	19	4	47	9	44	24	6	25	34	36	6	
37	11	2	48	28	24	42	29	34	26	14	5	21	29	12	17	24	6	36	21	3	40	41	2	35	24	49	2	9	39	6	46	26	13	12	48	32	27	6	28	18	36	32	20	46	26	12	42	48	10	50	21	24	13	27	40	49	43	32	36	
15	39	19	1	6	18	22	50	19	47	20	23	12	40	8	16	33	14	28	43	31	9	5	21	24	26	6	8	46	48	9	32	49	27	41	6	4	24	40	12	48	6	11	6	30	8	38	46	25	19	43	48	13	9	10	2	37	17	8	30	
23	15	40	47	12	12	19	1	41	23	22	19	28	40	28	28	28	26	5	12	46	49	44	8	49	10	22	19	7	6	44	30	30	41	14	4	47	31	11	49	17	45	30	13	10	3	35	12	28	29	15	30	11	9	18	18	48	32	28	15	
44	28	4	33	21	14	50	40	10	10	21	38	25	15	27	7	8	45	20	7	6	33	8	3	34	5	40	10	38	40	17	11	49	18	24	29	22	14	28	44	37	36	10	32	38	38	16	42	30	2	23	20	42	6	25	45	38	10	39	7	
22	33	50	48	37	10	11	21	39	11	20	33	41	47	24	14	22	24	34	29	29	7	20	44	2	28	16	5	24	42	44	25	46	29	43	10	15	3	28	48	6	31	32	12	27	45	13	47	8	46	20	39	36	22	8	34	36	31	10	46	
38	38	26	19	39	37	28	2	21	43	5	11	37	26	21	10	50	32	44	44	34	40	3	17	9	31	19	36	36	28	13	15	7	14	19	35	34	41	25	25	20	12	44	15	36	36	21	17	39	10	9	34	3	44	28	46	37	28	39	15	
On machine	3
42	44	47	5	32	8	1	42	1	33	9	32	4	6	15	23	39	46	10	8	50	45	14	47	26	12	28	19	1	11	40	29	16	13	3	29	9	15	45	17	31	7	37	4	27	3	24	6	11	26	25	4	23	35	8	22	29	28	8	4	
45	39	29	48	38	6	27	28	1	2	17	13	31	41	25	24	25	14	16	25	7	26	21	10	39	28	3	6	31	42	6	4	8	39	19	25	45	1	16	46	41	49	33	37	15	26	37	39	5	47	2	50	16	12	8	13	21	4	50	17	
44	39	48	35	39	5	27	43	40	6	26	20	11	19	30	5	29	20	43	48	41	27	18	38	34	34	12	34	28	44	7	3	13	49	29	1	32	10	16	4	47	27	7	10	24	8	12	38	31	28	32	11	33	47	32	39	3	40	1	22	
20	40	46	45	41	21	17	31	11	10	45	4	45	36	4	36	48	8	8	36	19	7	12	41	26	11	33	29	12	26	23	14	13	38	46	22	25	2	28	28	9	29	19	46	13	22	9	21	4	47	46	35	42	27	29	46	43	27	31	36	
8	22	16	40	43	26	3	14	9	2	1	2	23	5	33	6	49	37	20	16	47	17	8	12	21	42	30	40	2	45	4	50	18	6	40	19	42	18	35	13	47	1	12	2	42	8	34	1	12	34	22	25	3	24	29	6	41	4	16	8	
34	23	1	50	30	37	35	43	40	35	45	32	41	41	20	18	19	8	22	38	18	49	1	30	39	10	15	38	1	31	29	13	12	26	41	5	46	9	19	32	26	48	6	11	47	16	43	36	16	22	33	32	16	17	31	36	49	14	8	13	
9	40	5	7	4	23	29	42	8	14	22	9	35	31	30	27	25	15	29	23	43	18	42	6	49	50	5	19	8	22	35	19	17	46	8	49	8	32	39	29	20	42	15	39	30	5	29	33	6	48	49	46	1	13	41	37	17	34	21	34	
1	5	12	20	23	33	49	21	17	18	47	39	4	49	19	30	1	38	19	4	5	50	11	6	5	38	26	32	21	14	42	38	22	34	5	23	4	12	33	32	34	29	39	7	4	40	32	25	33	34	20	27	9	47	43	32	15	7	46	17	
20	1	8	48	32	23	37	40	13	29	9	30	8	45	11	36	8	18	28	30	6	7	19	8	20	42	38	42	18	16	21	9	16	29	39	41	16	26	11	6	33	32	36	2	30	46	21	41	4	23	26	6	30	11	9	12	36	19	34	10	
29	30	38	18	12	5	10	28	4	39	27	18	40	45	6	45	22	8	23	42	37	4	28	21	7	42	36	11	30	15	31	5	8	38	41	26	32	39	19	34	39	30	9	23	24	12	17	44	50	12	9	17	32	13	38	18	36	32	32	2	
5	30	2	31	28	22	6	20	33	25	29	19	24	46	29	16	50	44	31	26	25	14	31	19	8	50	48	46	25	28	14	23	8	47	39	35	3	39	34	3	48	19	44	22	7	31	37	29	13	11	22	11	36	23	33	38	13	13	19	29	
12	24	38	17	47	14	39	24	14	29	25	25	39	29	16	19	17	33	39	49	19	6	27	4	49	48	39	27	23	2	34	47	30	18	28	3	44	14	36	7	48	50	14	16	29	25	38	46	6	10	29	43	21	16	3	23	43	27	19	39	
25	11	27	39	22	50	11	40	47	25	44	39	23	42	47	45	2	15	22	42	25	6	19	46	30	45	47	6	43	34	50	43	50	4	2	33	44	14	35	9	48	27	4	46	2	41	48	4	39	1	46	42	35	47	25	36	19	49	7	34	
47	3	43	40	27	44	33	50	29	18	34	4	3	30	8	11	26	1	16	12	29	2	29	34	42	23	49	17	8	28	1	44	20	8	16	11	24	21	13	49	6	20	27	34	44	46	17	8	27	44	49	23	9	36	9	16	29	24	46	31	
9	34	34	29	37	16	1	42	45	48	7	31	13	43	39	42	15	31	11	2	39	2	35	7	41	5	8	9	42	40	23	10	49	50	30	28	14	45	37	42	48	14	49	3	18	6	31	3	38	47	8	1	2	12	48	32	1	23	3	41	
4	26	44	47	13	25	33	15	2	44	34	13	39	11	7	14	2	49	28	3	14	47	13	48	35	36	29	28	27	6	8	15	34	16	5	21	16	9	6	38	39	29	34	47	20	11	23	37	21	23	1	22	6	41	50	32	2	43	25	50	
15	18	38	22	11	16	41	24	16	15	35	40	48	17	37	41	37	21	4	19	27	16	17	24	3	47	27	12	29	12	36	7	43	7	31	31	27	24	40	13	36	37	21	3	26	18	42	36	12	42	48	46	34	26	15	35	23	3	43	25	
5	23	30	3	46	16	23	31	50	42	26	46	6	39	6	12	1	32	36	27	31	30	19	47	1	37	22	20	45	13	47	29	10	38	29	43	11	23	9	21	29	36	9	49	39	47	48	16	42	34	45	3	23	36	4	39	46	15	14	17	
45	29	26	39	23	20	26	29	11	3	17	24	23	4	34	22	38	39	28	17	49	36	27	40	47	10	8	31	36	9	43	23	23	33	34	30	29	25	48	17	20	18	12	34	1	27	38	23	3	38	28	23	17	13	30	8	6	4	5	24	
12	29	7	43	13	27	15	15	48	48	11	37	37	25	14	38	45	1	21	3	13	20	17	5	1	7	1	49	46	14	25	7	29	6	29	36	22	8	49	31	23	47	17	9	8	31	41	14	32	3	41	50	40	40	19	37	34	43	48	46	
27	24	32	29	19	3	34	5	4	8	18	25	11	45	18	14	7	6	20	14	35	13	24	11	35	37	6	50	44	43	21	39	20	30	10	9	26	26	32	25	23	6	6	14	11	48	23	2	34	39	29	11	50	40	13	41	11	17	9	17	
39	15	17	44	40	44	29	12	40	39	5	11	22	33	35	43	21	26	44	17	2	34	48	6	7	9	11	34	42	48	10	2	37	9	45	15	14	45	17	24	7	12	35	4	42	30	45	13	11	35	25	11	17	11	44	21	13	10	2	10	
13	50	25	43	16	47	39	29	12	25	46	2	43	23	43	4	45	26	2	46	4	28	35	37	17	21	39	2	49	50	6	27	21	41	43	50	2	16	1	42	18	46	34	49	19	43	3	12	44	47	16	25	11	37	9	32	15	46	39	40	
45	35	1	1	24	37	40	25	30	14	18	45	28	46	29	6	2	44	25	8	45	50	7	7	7	47	39	47	18	6	19	43	8	3	47	9	9	38	40	29	31	42	16	24	28	19	2	38	23	12	4	44	15	26	11	19	12	42	17	31	
48	29	45	16	41	7	25	47	39	25	26	44	46	18	39	20	22	3	6	35	22	50	23	31	47	13	19	48	22	21	7	20	2	31	30	34	21	33	18	20	24	46	32	27	11	21	17	32	3	20	39	26	34	46	4	20	17	2	40	23	
33	12	23	40	39	41	14	46	24	17	34	40	2	47	43	26	10	49	19	31	30	41	43	13	21	31	33	35	26	11	24	29	29	15	17	10	15	4	17	11	2	41	27	45	22	4	17	31	18	14	30	14	20	17	37	11	30	42	3	23	
37	10	1	8	10	23	47	40	28	48	32	26	21	5	8	28	27	31	46	17	6	29	10	4	19	4	37	20	24	23	42	24	7	35	42	41	4	47	35	45	23	50	21	48	3	6	41	8	40	18	27	9	41	18	1	10	38	17	15	47	
23	25	50	35	22	3	19	18	13	15	47	30	21	18	15	23	22	10	44	41	41	25	44	13	50	26	17	18	10	6	49	45	2	26	45	26	28	12	10	39	23	2	27	26	23	26	50	18	25	28	34	27	28	11	47	31	37	29	39	19	
33	37	14	19	13	9	48	8	4	47	9	39	11	16	44	40	6	32	14	13	5	6	35	23	25	30	9	6	4	50	5	16	33	42	11	16	7	46	32	32	1	36	47	17	50	47	37	48	44	24	32	26	1	5	24	9	29	37	39	20	
12	27	21	12	15	1	38	44	9	3	9	8	17	28	45	21	23	17	30	35	21	25	48	46	11	1	13	6	38	39	34	44	18	2	28	8	10	43	35	28	11	34	45	1	47	17	7	45	44	48	15	29	18	3	26	26	13	2	50	25	
24	38	21	27	6	27	23	23	28	10	26	39	28	1	38	1	44	49	25	42	17	44	9	47	24	45	49	36	48	34	22	17	10	20	39	38	41	22	38	6	8	49	36	4	3	26	25	41	26	33	43	18	49	41	10	29	26	3	41	24	
31	20	1	27	5	2	25	6	43	40	41	6	33	37	48	6	28	17	14	23	18	44	24	22	49	7	6	24	36	10	38	11	27	30	9	36	1	17	36	48	3	31	3	2	30	28	10	20	22	43	31	44	11	8	39	8	25	43	34	3	
30	16	3	43	38	37	11	37	4	17	15	9	14	12	16	46	37	50	44	13	10	10	23	23	21	32	7	8	34	47	42	14	46	19	14	37	4	46	2	10	9	31	28	5	4	17	26	9	24	39	6	22	20	20	21	1	42	22	17	40	
3	20	38	42	30	16	36	38	35	5	3	44	27	41	25	41	24	9	29	10	18	37	3	44	34	25	13	49	1	32	16	50	27	41	23	15	10	20	43	43	23	20	32	17	13	41	26	18	25	2	24	4	12	13	1	1	19	9	37	6	
47	32	31	21	42	41	1	18	21	45	21	13	4	39	13	19	12	45	20	21	14	42	2	4	21	3	46	18	48	6	2	37	27	44	13	46	14	47	7	9	50	50	29	43	42	28	8	5	38	29	18	49	47	26	17	14	25	26	25	16	
26	14	20	16	32	34	31	24	18	39	37	37	20	11	45	24	47	36	29	14	11	35	32	3	24	26	49	11	19	16	43	36	31	31	39	4	14	20	9	47	29	26	33	27	5	38	20	36	37	26	45	18	16	7	12	44	4	39	24	47	
2	42	28	11	25	38	29	6	3	18	23	42	28	31	44	40	3	21	38	12	29	28	24	1	28	2	10	7	10	39	11	49	6	50	20	48	12	45	9	49	26	47	50	50	27	34	22	17	13	2	3	48	50	5	38	36	24	26	15	15	
42	1	13	17	41	6	37	28	6	15	4	36	36	49	8	32	15	4	5	50	6	17	24	14	37	49	49	37	34	50	3	2	45	29	19	6	10	7	13	6	37	25	11	6	15	7	31	23	8	15	16	44	33	40	11	47	40	38	50	5	
6	47	34	23	10	13	36	33	28	31	50	11	9	17	5	46	6	16	40	1	21	5	16	39	39	25	30	34	3	46	27	39	32	3	9	43	37	25	45	1	39	7	26	29	4	33	25	26	14	38	11	15	43	44	20	22	34	39	12	47	
15	15	44	6	44	20	43	47	7	33	45	39	16	11	49	3	2	30	24	29	37	15	40	23	44	3	43	49	34	34	47	46	43	1	26	31	24	17	28	48	43	24	3	35	22	4	33	50	25	29	23	41	20	24	20	6	35	32	24	17	
6	46	41	40	18	11	14	15	47	25	18	47	31	14	42	14	3	42	12	29	41	22	17	10	2	22	24	38	8	48	34	17	39	37	37	23	44	13	2	49	50	12	9	37	2	4	20	26	34	19	21	37	30	26	36	35	1	17	36	32	
18	36	16	27	5	43	47	28	23	14	6	47	28	9	13	36	46	44	13	33	12	37	35	50	31	13	28	31	28	30	14	39	44	10	1	33	1	8	6	34	3	31	9	32	27	14	32	33	38	31	4	12	17	22	30	43	15	1	12	9	
5	35	36	39	28	15	37	32	4	14	50	40	24	32	33	49	50	5	4	9	37	13	43	6	40	9	16	40	27	40	45	50	37	50	31	33	43	36	44	40	16	6	17	37	6	3	36	33	11	26	33	19	23	34	34	44	16	18	12	34	
25	30	38	14	33	13	33	45	36	48	28	32	39	10	32	22	29	41	25	31	39	41	47	10	49	25	16	13	41	35	20	43	47	21	31	42	21	24	10	8	35	12	44	41	50	3	43	2	19	11	50	8	21	40	8	17	31	10	35	41	
8	43	44	28	8	10	10	47	50	3	3	48	27	6	7	8	2	45	45	23	46	27	11	23	9	33	32	35	30	34	37	46	49	26	8	20	33	27	41	49	20	15	4	8	13	5	31	28	32	9	10	20	43	4	25	25	12	11	7	48	
3	38	3	40	33	17	9	10	10	1	30	44	6	24	42	13	3	35	2	40	49	22	8	37	3	18	34	39	4	28	20	29	49	46	38	18	33	49	12	13	22	43	19	15	27	45	33	40	37	50	6	5	27	34	46	28	29	13	48	9	
2	25	28	28	12	31	14	40	37	14	33	33	44	47	50	21	50	27	45	8	50	8	50	10	50	36	36	14	5	1	26	24	3	41	46	36	34	48	39	20	44	27	44	31	50	39	4	30	17	28	33	10	37	13	30	15	49	16	10	16	
9	22	37	13	47	10	22	15	31	36	11	14	46	50	19	28	23	9	32	28	48	30	39	31	39	19	24	35	13	24	15	18	14	34	49	9	35	36	38	2	1	30	28	15	32	26	1	1	6	33	6	34	29	23	24	27	39	12	35	29	
10	13	43	4	35	27	16	39	16	35	35	26	50	50	23	27	3	47	5	32	9	34	30	50	50	35	36	15	37	10	15	10	41	17	30	27	37	42	32	20	46	43	19	5	15	13	3	11	17	7	47	31	47	14	15	23	37	7	43	32	
37	32	19	3	11	36	39	33	40	13	22	27	46	41	34	32	43	19	42	1	33	44	31	30	49	46	7	36	5	29	14	25	46	8	9	19	8	32	48	7	16	45	36	40	13	27	29	23	9	49	18	4	18	16	13	49	7	16	24	2	
17	7	9	47	9	22	47	45	31	23	22	8	43	43	24	48	23	33	36	35	33	5	44	3	32	25	18	21	39	25	33	20	30	44	36	43	20	36	16	41	37	4	35	19	45	5	25	48	30	3	42	18	29	14	8	21	50	47	44	32	
26	25	8	48	26	48	8	14	50	16	33	44	48	18	5	33	8	33	45	23	35	33	21	7	10	41	26	3	41	31	5	25	9	32	23	35	5	18	11	4	12	38	40	27	15	45	9	13	32	25	43	4	29	17	49	1	9	44	7	38	
17	47	38	2	43	13	9	19	6	25	11	42	18	32	44	39	47	10	11	14	5	47	3	22	19	15	21	1	13	20	45	37	5	13	31	25	38	46	28	31	16	35	33	21	7	25	38	23	50	41	40	34	17	30	23	38	38	35	23	18	
15	11	19	34	3	45	41	24	43	12	49	7	48	47	20	4	28	22	7	22	40	10	34	24	49	20	22	49	12	1	20	20	35	42	47	22	14	25	15	7	41	42	30	42	26	29	16	28	25	35	17	9	12	41	11	30	28	45	40	14	
49	36	22	14	41	35	47	2	27	19	34	37	50	28	7	21	24	26	21	40	4	19	5	47	23	6	48	18	9	15	2	11	50	30	33	16	46	33	8	47	14	5	32	37	29	15	45	1	38	36	5	7	34	30	47	3	42	12	23	47	
6	40	8	45	28	3	2	34	5	7	40	20	40	31	29	36	50	30	22	1	44	5	36	24	8	6	37	39	45	25	48	18	49	30	18	11	21	41	43	11	4	44	39	10	31	7	35	2	48	30	23	27	32	41	8	24	37	36	4	36	
44	34	26	35	27	9	39	26	50	32	22	4	6	13	18	14	42	28	9	46	50	4	36	8	50	8	15	15	19	2	16	37	5	7	43	12	39	33	23	1	12	8	47	41	15	18	15	33	8	34	48	35	46	26	17	17	8	47	39	12	
37	43	9	21	25	11	5	4	34	40	30	37	29	21	23	38	6	42	50	12	3	3	35	10	2	35	25	49	30	47	14	4	30	7	41	29	30	44	41	41	30	37	19	39	41	36	45	24	38	37	32	1	20	7	8	4	33	35	40	6	
33	2	26	36	36	29	37	24	6	24	13	38	16	42	41	7	27	35	9	48	23	32	5	41	42	38	38	7	46	44	46	16	28	1	34	13	2	5	42	41	35	46	2	24	37	40	28	28	15	48	35	34	28	45	16	49	13	14	19	12	
26	48	44	45	6	46	29	28	20	35	8	10	10	39	48	48	19	20	20	15	5	21	40	27	38	5	1	46	24	41	47	25	36	15	24	35	1	9	11	34	45	47	1	12	37	33	3	1	29	11	39	21	1	48	50	3	26	25	28	47	
On machine	4
28	24	5	7	2	45	12	17	26	10	28	23	42	5	12	25	44	39	28	48	15	14	29	7	10	25	7	22	32	33	40	4	3	13	45	44	26	20	19	31	5	35	33	26	3	33	49	49	45	17	35	28	19	29	37	24	4	28	40	38	
4	38	29	46	10	42	21	43	23	4	9	22	8	32	16	33	36	45	24	3	11	25	5	19	14	17	30	13	34	31	15	44	3	2	40	41	13	11	43	21	4	43	3	11	17	19	37	43	22	16	34	22	11	37	24	10	30	26	28	41	
45	42	36	24	36	16	43	32	49	4	4	19	22	2	21	9	5	13	40	44	7	18	15	42	4	11	30	9	43	17	19	30	26	18	22	21	1	36	22	35	23	17	37	34	25	39	37	35	10	8	24	14	29	27	21	7	46	3	30	1	
9	18	49	43	9	47	18	49	45	3	50	25	41	48	26	6	9	34	46	30	12	4	42	19	24	47	41	22	7	49	4	46	43	22	9	18	44	1	3	15	7	22	3	31	34	25	43	10	44	9	28	29	24	9	48	42	1	18	7	11	
32	37	30	26	24	37	19	1	3	14	22	14	39	14	43	8	44	29	44	34	14	26	16	35	49	23	34	11	4	26	11	25	28	4	27	48	22	22	13	25	20	26	14	19	2	32	17	37	46	32	40	40	15	8	50	50	19	18	12	19	
50	39	6	5	49	50	15	6	23	15	27	35	43	35	30	41	7	28	47	4	37	47	28	43	2	42	34	41	13	22	45	15	2	29	43	32	24	27	34	7	41	7	39	31	32	9	45	15	2	37	19	50	29	49	24	18	44	18	47	22	
17	44	18	3	19	43	16	13	44	49	11	11	29	34	28	18	37	47	38	32	38	9	26	45	45	26	50	47	34	41	49	29	36	37	4	33	19	33	15	9	15	32	10	39	39	1	5	12	40	15	39	12	21	26	10	13	34	4	44	36	
50	13	26	39	29	45	38	36	18	29	19	7	50	40	28	49	3	42	23	36	34	41	30	42	24	19	20	1	10	4	49	32	24	18	27	19	20	3	3	11	42	29	46	3	42	21	21	9	44	27	38	18	24	23	35	4	26	37	7	18	
30	45	13	21	5	26	44	27	26	17	8	24	27	31	14	30	45	18	43	41	31	22	20	27	41	21	39	40	5	23	26	10	27	15	14	32	34	35	1	44	12	5	4	1	39	11	45	46	42	9	3	45	46	43	32	26	13	47	39	24	
30	24	15	45	49	15	25	49	48	11	11	26	18	37	46	41	22	49	46	35	28	37	47	26	47	39	4	14	10	11	29	44	19	50	1	20	4	31	16	48	12	2	22	36	31	46	4	36	30	22	49	36	23	46	22	46	23	5	2	16	
17	3	9	29	49	43	49	19	29	11	12	12	50	21	35	28	46	14	22	13	47	36	32	14	11	25	16	42	20	7	13	16	45	15	17	28	25	46	9	3	37	5	42	16	34	14	22	29	23	24	45	45	34	50	15	21	5	49	47	24	
48	4	9	35	16	38	38	32	48	31	31	18	21	11	5	6	31	9	41	42	33	25	41	11	48	40	2	21	44	6	42	11	47	42	1	19	49	26	34	25	28	24	40	26	50	43	35	2	18	16	35	25	40	11	8	14	38	43	34	49	
29	17	29	11	48	13	17	43	39	16	47	12	23	11	28	4	8	45	16	19	31	27	4	45	5	45	3	46	16	47	20	49	22	36	38	40	14	27	39	15	10	29	28	8	19	32	41	9	3	46	44	43	23	34	12	22	47	6	2	24	
24	41	43	2	31	15	18	20	49	40	2	38	47	18	28	48	44	37	42	3	26	24	28	49	3	11	30	41	18	37	15	6	31	25	35	50	44	41	9	50	38	27	30	5	15	16	17	45	38	48	19	38	8	37	29	22	29	15	17	38	
27	47	39	23	16	2	50	11	21	46	49	32	8	42	47	18	36	25	21	32	4	48	10	9	27	27	34	35	35	31	31	26	31	10	43	17	22	6	45	37	22	46	49	47	35	6	30	30	33	42	50	6	41	21	38	16	22	2	27	39	
18	33	2	40	12	17	47	47	47	36	12	24	19	23	7	10	18	8	45	41	1	35	34	13	40	15	14	50	12	50	15	6	50	24	46	23	34	8	41	18	45	24	47	43	6	43	18	17	5	30	26	40	18	29	39	28	19	28	38	10	
23	11	42	15	17	4	33	26	36	3	21	42	22	20	49	5	45	49	40	2	21	12	10	39	36	26	21	50	12	8	10	35	32	6	36	36	17	41	18	8	19	6	30	2	48	48	38	12	42	4	43	3	1	32	4	9	40	1	20	16	
12	35	16	22	38	36	48	48	25	35	26	32	14	37	6	40	23	26	19	21	43	4	2	4	43	44	36	43	5	1	28	5	22	35	14	26	5	21	44	19	25	37	21	6	28	32	13	25	24	29	18	32	26	40	47	8	22	27	2	24	
4	32	7	20	9	2	46	6	25	12	14	42	36	23	49	25	47	7	28	43	6	50	29	35	48	38	9	46	8	28	20	29	36	19	24	6	49	48	28	34	1	27	18	48	47	44	14	10	17	12	43	45	2	49	17	43	42	40	42	38	
2	11	26	40	29	6	32	46	35	46	9	15	12	46	31	46	47	28	1	4	49	14	1	16	22	33	50	13	34	36	48	43	43	5	8	12	39	32	3	16	12	20	6	2	3	1	4	15	34	4	37	26	12	7	22	19	25	10	50	3	
1	14	2	47	23	36	10	43	1	17	11	13	28	12	28	16	9	22	3	13	4	12	48	35	4	8	20	23	8	2	38	2	24	47	16	42	7	48	13	20	44	50	3	11	22	24	33	40	30	6	18	15	27	32	50	48	2	28	36	21	
3	13	13	16	17	3	4	10	6	49	12	21	26	36	9	8	46	12	33	11	8	45	37	9	37	18	9	5	45	9	44	30	32	47	1	17	5	19	17	39	40	47	44	33	48	7	33	23	28	28	25	10	50	36	21	39	12	32	44	1	
47	49	5	10	48	40	22	24	6	29	25	12	14	32	49	47	23	1	26	17	27	10	30	36	3	20	17	38	43	43	30	42	37	37	3	6	46	29	46	40	17	20	50	33	3	27	34	31	43	33	16	44	31	7	37	5	47	5	27	31	
13	7	28	10	20	32	34	9	20	12	43	32	47	38	5	45	17	2	45	8	29	21	11	29	48	19	35	12	37	33	19	32	1	12	31	2	12	8	39	30	5	22	26	1	16	49	18	19	21	44	10	26	9	26	42	20	42	14	19	35	
40	8	35	15	31	9	42	49	12	20	42	8	14	10	38	31	5	18	22	45	47	22	18	40	30	14	45	42	14	20	38	6	2	4	14	27	40	20	28	33	22	8	1	2	41	20	15	50	7	22	37	45	18	20	3	14	43	32	3	45	
47	37	41	30	48	40	22	4	6	11	28	44	31	24	47	49	25	36	7	25	26	43	35	5	39	8	7	49	14	8	26	32	16	25	33	20	11	38	23	7	6	14	19	33	32	4	30	7	11	16	4	18	13	8	25	7	38	49	40	40	
20	18	40	16	41	48	22	16	21	31	36	20	9	28	13	38	19	18	20	41	11	40	13	24	26	7	3	42	42	42	33	22	18	23	22	48	40	48	16	9	36	21	35	23	47	1	40	38	25	34	6	7	32	17	47	18	6	36	16	21	
6	35	1	2	22	29	8	25	8	35	13	1	11	41	9	27	29	13	20	37	48	33	31	21	37	7	4	15	34	17	2	48	8	23	16	14	28	47	31	47	14	2	28	37	41	41	37	43	41	45	40	47	15	31	7	20	6	16	18	34	
42	24	29	48	28	20	32	29	26	13	15	21	44	21	33	49	37	1	18	17	18	39	7	35	29	41	48	33	28	35	45	39	33	47	24	9	37	50	11	11	32	20	18	45	43	50	14	28	18	36	36	19	19	41	17	12	5	14	10	46	
19	22	40	13	25	6	15	21	34	9	28	50	26	20	35	13	34	43	50	37	32	6	11	46	16	7	16	8	1	6	11	33	43	47	1	18	33	5	14	18	14	21	36	19	50	17	16	32	17	22	50	47	41	8	3	2	44	47	40	47	
7	33	27	31	42	28	4	19	30	15	6	36	14	10	19	43	36	45	27	45	23	5	34	23	50	18	21	44	12	35	24	28	6	37	2	30	47	4	18	26	19	34	45	10	20	50	33	43	34	40	40	43	43	14	32	17	40	29	44	25	
10	27	42	5	7	26	37	27	42	9	46	18	28	16	5	24	26	47	34	6	2	19	46	31	45	14	35	4	39	15	23	36	41	12	36	23	35	43	45	29	15	27	12	36	17	41	29	41	7	22	36	20	24	48	22	49	10	7	1	3	
22	2	46	42	50	26	5	35	4	44	15	49	39	25	8	8	8	9	29	30	30	11	2	17	16	8	50	47	46	41	24	5	4	10	34	14	9	5	28	16	11	1	23	6	43	17	48	39	45	32	22	33	25	50	33	36	37	45	46	34	
10	46	20	8	15	47	49	1	6	35	45	3	29	38	42	29	19	35	46	37	8	10	12	20	17	7	1	39	26	8	45	8	11	6	36	4	28	16	33	23	38	34	10	2	10	23	40	35	22	7	4	21	16	2	37	11	9	50	46	47	
30	5	41	38	47	29	29	5	46	37	23	7	12	34	48	28	16	26	29	33	35	47	48	19	36	20	22	40	31	43	29	3	43	50	8	39	3	31	5	13	47	28	35	4	49	35	5	3	6	33	48	7	50	48	32	10	43	23	47	10	
8	36	46	40	19	34	25	47	13	2	24	41	23	22	41	25	11	1	45	24	47	10	37	44	22	3	22	3	45	21	43	2	29	44	29	35	45	33	26	4	38	4	18	7	27	39	1	1	44	29	22	29	40	25	20	44	2	22	12	43	
25	37	14	22	24	43	17	38	12	20	47	29	31	46	50	20	24	26	26	23	36	31	21	43	39	26	45	27	50	30	39	19	9	30	44	7	3	31	16	36	44	19	25	30	13	16	26	14	23	48	13	6	49	50	19	21	2	28	7	6	
6	17	24	43	23	4	44	15	39	34	17	10	26	3	37	40	42	6	16	13	9	1	14	22	29	33	42	36	9	9	45	32	37	5	41	50	1	46	8	34	47	46	18	31	19	8	30	30	10	36	47	46	32	32	33	46	32	20	20	5	
34	49	45	17	6	48	50	50	22	44	50	14	38	25	31	9	49	22	32	31	50	12	30	36	20	35	12	2	24	37	23	36	19	26	17	8	4	50	14	10	8	2	35	11	19	11	29	34	49	13	11	30	45	18	33	29	26	21	26	48	
15	7	2	24	46	34	5	15	32	15	3	38	31	37	5	8	38	30	16	44	18	33	25	6	48	10	6	43	1	14	40	17	15	35	33	8	23	48	40	4	36	44	19	15	38	15	46	5	9	18	32	7	12	33	12	26	15	37	38	39	
21	25	38	2	4	29	24	17	8	41	40	12	24	21	17	30	2	4	3	17	23	16	6	48	20	8	1	35	25	49	3	37	27	27	38	35	14	8	4	38	2	23	7	36	35	11	41	12	43	34	22	29	45	8	20	14	21	12	22	31	
21	28	47	40	36	43	32	4	18	24	40	12	32	49	33	11	14	15	21	48	46	37	36	31	25	31	24	11	9	22	43	5	37	24	16	17	44	26	45	6	35	47	2	24	5	41	46	36	37	27	22	16	50	44	15	27	36	36	39	50	
3	18	16	21	41	47	27	23	40	16	7	13	30	11	28	31	39	1	9	41	43	31	48	49	27	12	31	7	47	8	38	3	37	28	48	3	24	47	35	39	42	16	32	50	9	50	46	34	48	15	37	2	45	35	34	42	27	7	43	17	
22	10	1	46	37	46	50	10	9	16	30	50	33	28	7	19	26	44	30	3	39	21	17	4	5	19	26	40	11	4	47	30	38	26	22	47	9	50	16	15	11	32	6	3	50	34	20	32	30	42	32	35	31	1	5	3	12	10	34	4	
16	27	40	43	14	37	21	47	36	13	14	26	40	5	11	32	49	36	46	18	30	40	20	17	23	40	45	12	46	50	39	27	27	2	42	42	32	20	14	12	12	11	14	11	36	28	24	30	43	34	14	38	12	1	30	44	4	50	14	36	
22	13	11	50	5	35	7	20	18	5	41	15	27	31	1	11	49	5	34	12	43	40	23	20	11	38	6	33	14	30	30	36	43	5	2	32	40	48	44	29	29	37	48	20	32	48	5	28	8	12	48	19	49	18	21	2	18	7	6	27	
49	45	9	33	29	50	3	12	50	48	45	45	28	8	27	14	40	32	18	31	1	35	5	50	30	48	14	49	41	4	12	9	20	5	40	37	41	18	43	48	14	19	44	33	14	10	46	42	39	37	5	35	14	14	4	26	27	8	12	11	
29	3	8	34	32	22	49	29	4	47	19	39	5	32	22	32	38	18	23	39	18	29	36	11	9	35	26	8	46	43	38	49	9	10	33	20	33	6	14	35	16	7	47	28	12	37	19	24	36	4	47	48	6	30	14	4	29	16	38	34	
36	43	25	30	21	50	22	18	17	1	14	36	45	32	13	12	45	19	23	12	20	25	41	2	43	39	14	47	42	8	45	47	25	18	38	13	18	9	6	8	25	46	18	24	47	6	9	14	32	44	45	40	47	33	3	10	16	3	31	19	
44	13	41	29	20	40	15	45	45	8	47	42	25	33	14	40	25	46	9	11	41	44	47	30	34	3	45	18	23	6	27	2	29	11	2	41	4	19	27	33	24	35	43	31	25	15	42	43	27	16	44	10	20	50	46	39	29	49	36	49	
9	27	36	3	32	18	26	31	39	23	4	40	25	25	31	26	1	50	12	22	45	16	30	37	31	5	46	34	7	25	30	47	41	30	46	3	2	46	46	38	16	8	38	36	13	10	1	33	4	9	3	16	34	38	1	9	43	43	35	6	
35	13	17	36	19	9	47	7	47	11	1	9	1	43	48	16	13	8	11	35	47	8	35	49	40	32	31	19	5	21	38	6	11	31	41	37	22	24	49	12	42	21	47	14	11	14	50	49	10	2	22	36	36	20	40	20	12	23	11	32	
46	49	35	34	46	44	49	41	37	19	46	35	50	38	12	14	35	5	34	42	34	22	33	19	28	9	27	2	15	4	2	21	20	21	39	40	25	13	8	18	12	37	23	39	33	38	24	45	27	16	10	30	32	47	46	18	48	8	38	42	
21	3	37	35	9	11	22	25	14	20	20	36	45	34	47	7	12	48	50	32	34	13	3	18	21	42	49	12	26	1	34	47	21	9	49	27	28	41	36	19	23	44	9	34	24	49	26	14	21	6	27	9	15	42	46	39	3	33	34	20	
13	17	17	26	24	30	45	26	32	35	6	37	39	11	35	10	18	23	34	10	39	36	45	15	22	19	23	47	3	13	43	34	25	38	1	16	45	6	14	33	6	29	12	40	13	47	25	49	3	24	50	16	23	8	44	33	8	22	24	21	
9	43	25	1	39	8	45	10	48	23	49	44	11	29	32	41	6	28	30	48	5	26	4	31	39	14	22	50	12	14	37	45	8	14	45	29	8	5	23	25	5	35	49	6	23	4	17	31	39	12	50	8	11	43	50	6	2	20	9	29	
42	35	23	49	25	31	11	33	32	23	10	21	19	46	48	46	42	36	5	8	14	40	43	6	47	31	25	38	19	46	42	6	13	48	29	30	16	20	9	19	40	36	26	43	3	7	30	9	19	45	36	9	41	32	31	41	8	5	3	45	
42	45	24	40	19	10	39	17	17	18	18	12	37	38	49	14	16	2	4	38	9	13	37	44	29	43	11	38	29	14	10	20	17	31	15	16	33	27	7	5	23	13	16	35	21	18	38	31	26	14	46	8	32	38	4	19	47	10	47	27	
24	22	13	29	39	4	25	9	22	7	21	35	43	39	21	11	40	32	31	15	49	8	50	42	5	34	20	39	5	3	39	15	4	28	26	29	10	46	17	1	50	21	42	37	28	34	50	11	17	2	40	25	43	32	35	50	3	31	5	41	
30	6	26	12	6	44	22	2	10	3	29	32	37	6	32	29	25	14	27	6	19	48	42	30	12	48	1	33	30	8	31	46	23	35	32	8	11	48	39	1	17	21	45	30	22	50	23	43	8	45	44	47	11	6	41	6	40	37	37	49	
