Factories	3
Families	20
Machines	6
SetupType	2

Number of Jobs in each Family
1	6	4	5	1	1	7	2	8	6	9	6	3	6	3	10	4	6	7	4	

Jobs in each Family
0	
1	2	3	4	5	6	
7	8	9	10	
11	12	13	14	15	
16	
17	
18	19	20	21	22	23	24	
25	26	
27	28	29	30	31	32	33	34	
35	36	37	38	39	40	
41	42	43	44	45	46	47	48	49	
50	51	52	53	54	55	
56	57	58	
59	60	61	62	63	64	
65	66	67	
68	69	70	71	72	73	74	75	76	77	
78	79	80	81	
82	83	84	85	86	87	
88	89	90	91	92	93	94	
95	96	97	98	

Total number of jobs
99

Processing times of jobs
3	3	2	10	1	6	
4	5	8	7	2	1	
4	8	1	10	5	6	
3	9	9	9	10	10	
1	2	4	5	10	8	
4	4	7	8	1	8	
6	5	10	5	3	7	
9	9	6	1	6	4	
3	9	4	7	7	10	
6	4	5	10	7	8	
10	9	4	10	7	10	
8	2	2	2	1	8	
4	9	3	1	3	3	
7	10	3	5	5	7	
4	7	3	7	5	2	
9	6	1	4	10	3	
8	3	6	4	8	7	
2	9	1	7	7	8	
8	1	10	4	6	5	
6	8	4	1	6	2	
1	9	10	4	6	7	
5	4	1	10	8	7	
9	4	9	5	8	9	
8	5	7	1	7	8	
9	5	1	1	6	8	
1	6	2	1	3	2	
6	10	9	4	2	7	
5	4	10	1	2	5	
8	8	2	3	2	9	
7	3	8	8	3	8	
1	9	6	2	9	3	
2	7	9	5	6	6	
1	7	8	6	1	8	
1	8	3	2	3	3	
9	3	5	9	2	4	
4	10	9	10	4	3	
4	5	9	6	3	10	
10	1	7	3	5	2	
4	6	7	3	1	3	
7	5	7	1	6	1	
5	9	5	1	9	4	
2	9	8	6	7	6	
9	1	1	5	7	1	
10	3	7	7	3	3	
6	3	1	6	10	5	
7	10	4	7	6	4	
10	7	2	3	10	3	
4	6	2	7	3	9	
5	3	1	6	2	7	
3	5	3	10	1	8	
3	6	1	7	6	6	
5	5	2	5	8	2	
2	3	8	7	1	10	
4	3	4	1	2	9	
3	10	9	4	7	4	
5	4	1	6	5	5	
1	4	1	7	2	8	
8	9	1	5	8	6	
2	7	4	9	5	3	
6	7	2	4	3	4	
2	7	6	2	3	2	
4	2	4	1	6	7	
3	8	10	7	6	5	
6	6	3	9	1	2	
2	2	4	8	7	8	
8	4	10	9	7	7	
1	3	7	5	5	10	
8	5	9	6	5	7	
5	10	10	6	6	4	
7	5	7	4	7	3	
6	3	9	9	5	9	
2	6	9	3	4	4	
9	1	6	2	1	4	
8	4	5	2	3	2	
3	4	7	1	9	10	
1	8	2	9	8	8	
9	5	1	7	7	6	
3	5	1	1	4	8	
6	9	1	2	4	10	
3	1	2	3	8	9	
4	10	8	4	8	1	
3	2	6	3	10	7	
1	1	10	1	7	7	
10	4	10	9	2	6	
9	10	1	6	10	5	
6	3	4	7	1	6	
1	3	6	6	2	3	
1	2	9	1	8	3	
4	7	7	10	7	1	
1	1	5	5	9	10	
4	7	5	5	5	5	
3	2	3	5	1	3	
3	3	8	9	4	10	
6	6	5	7	4	1	
10	5	9	6	6	10	
1	6	1	4	2	5	
4	9	5	1	6	1	
5	9	5	7	7	4	
5	7	10	1	10	3	

Stepup times between Families, where [f][f] represents initial setup time
On machine	1
47	26	28	13	45	4	3	15	6	6	5	20	15	48	39	13	31	33	37	5	
43	5	22	7	22	16	45	16	48	8	48	43	46	20	38	47	39	6	12	37	
36	29	15	12	42	28	27	38	3	48	3	43	11	41	48	32	29	42	16	39	
14	33	40	46	33	48	15	36	45	21	32	48	26	37	44	36	6	47	1	4	
5	29	47	34	45	11	19	22	20	21	46	16	27	23	34	14	42	44	21	38	
33	49	36	41	48	39	38	24	19	45	2	42	41	6	44	8	40	34	32	32	
12	8	48	21	44	42	21	25	45	11	28	8	42	15	7	38	34	21	25	42	
27	19	8	44	19	49	48	32	14	7	8	6	42	17	11	44	6	21	42	7	
6	31	23	3	48	17	23	46	9	20	8	18	49	7	17	37	33	30	23	17	
15	48	32	49	36	31	36	5	38	37	43	2	50	25	15	25	11	12	42	22	
47	3	20	1	41	6	1	16	30	34	48	27	50	49	48	31	20	26	4	26	
41	5	36	34	28	37	46	32	14	14	14	35	30	23	1	17	6	2	38	38	
27	49	10	6	27	29	30	41	9	21	21	42	14	32	46	31	7	20	1	4	
40	26	35	22	35	9	10	25	10	20	12	24	30	42	7	46	41	46	15	47	
3	40	39	19	44	50	4	13	11	17	45	13	31	11	31	19	36	49	28	22	
13	13	44	2	9	49	33	41	24	47	32	16	38	12	7	10	22	26	40	4	
45	44	18	8	41	3	19	27	17	18	16	28	16	4	1	39	27	33	47	16	
24	38	24	50	3	46	14	16	40	40	11	25	25	8	7	36	15	11	16	12	
5	34	46	37	39	8	46	25	28	29	13	27	48	49	7	34	44	38	32	48	
46	14	2	12	45	41	42	49	17	35	27	40	44	23	4	19	22	32	37	46	
On machine	2
46	30	43	13	36	49	31	46	3	20	26	23	40	19	8	19	42	14	18	8	
31	16	6	26	31	48	33	32	6	21	9	20	32	5	13	46	30	17	6	4	
33	25	5	19	5	26	5	28	2	7	20	27	11	20	37	35	2	34	10	29	
41	49	42	47	12	45	38	15	27	3	34	50	18	1	39	49	50	22	45	43	
1	23	48	18	12	48	27	26	25	42	34	30	39	39	29	45	8	13	49	36	
29	17	15	34	13	9	12	6	17	26	25	42	29	23	13	23	30	33	33	30	
43	45	1	20	3	46	37	28	17	17	20	14	4	42	27	30	44	28	33	34	
32	24	6	11	19	40	20	4	41	42	36	41	30	3	22	49	22	45	50	46	
3	2	22	31	25	50	22	34	5	35	9	26	31	12	23	29	20	33	17	18	
29	38	12	17	17	34	48	20	22	17	43	28	1	39	16	38	34	38	18	21	
29	25	23	6	29	27	24	8	20	2	34	7	14	37	4	17	6	32	9	45	
13	39	4	18	17	21	14	15	10	13	10	31	34	19	20	46	31	31	38	27	
7	2	27	42	1	30	25	15	13	28	49	24	29	22	48	45	25	3	17	13	
36	34	21	4	6	46	6	3	48	7	18	14	23	13	29	14	15	49	23	34	
29	14	5	38	34	24	4	38	34	22	23	24	15	6	34	48	38	43	33	15	
21	30	48	12	49	41	20	9	3	36	19	47	30	22	40	13	18	20	24	37	
28	49	45	32	17	5	27	49	21	2	46	35	49	49	20	12	32	29	8	33	
27	18	15	25	28	22	18	30	39	16	45	50	4	6	18	43	17	46	26	29	
40	38	20	49	1	5	43	6	26	46	43	18	41	18	7	35	38	25	24	31	
39	37	42	4	20	38	42	5	26	21	34	6	41	28	23	42	26	28	32	17	
On machine	3
3	1	40	34	14	30	4	15	46	35	9	43	16	19	7	50	12	19	46	24	
10	45	10	17	12	35	20	48	35	5	16	49	3	47	9	32	6	4	8	32	
6	31	35	24	20	34	23	14	41	45	35	26	1	26	16	10	11	16	2	49	
4	14	19	42	6	38	32	25	43	3	31	36	43	11	39	48	38	32	36	15	
21	49	7	36	22	7	19	18	46	50	39	11	29	43	9	1	41	22	9	49	
38	24	33	27	2	18	24	38	25	18	5	23	34	26	10	24	29	27	36	10	
46	6	30	48	44	47	50	24	43	40	1	13	44	43	1	19	13	17	50	47	
27	40	13	40	33	44	35	12	16	46	7	12	29	30	50	23	48	31	48	31	
50	20	27	33	29	21	50	26	28	13	42	33	2	34	42	32	24	43	13	38	
28	31	21	40	45	5	21	29	34	48	25	6	4	31	36	19	18	18	23	26	
17	37	1	13	3	46	33	1	49	38	45	6	50	26	9	38	2	8	8	14	
10	1	9	33	46	18	38	15	20	42	40	15	36	10	25	7	30	25	41	27	
35	35	18	32	37	12	15	36	39	2	6	35	22	24	10	25	24	48	21	31	
30	49	33	3	47	25	37	14	7	47	26	26	16	31	2	34	25	31	28	7	
37	12	35	20	50	33	32	46	22	46	38	44	16	48	33	50	46	20	7	20	
23	48	36	29	43	44	13	46	22	46	47	47	26	35	47	41	47	45	24	9	
27	28	46	8	29	39	9	49	48	34	34	6	26	50	39	46	20	40	24	1	
12	44	16	11	8	26	37	22	34	24	45	26	43	33	22	32	25	49	29	4	
8	36	7	3	44	50	35	23	5	14	24	27	23	4	42	7	3	30	44	35	
38	19	50	42	31	25	14	37	30	26	38	41	47	49	16	41	14	18	50	20	
On machine	4
9	31	9	22	10	47	41	8	3	32	37	36	48	39	21	49	37	26	2	11	
21	25	27	46	25	36	26	33	6	37	42	29	46	21	8	32	25	46	46	34	
35	26	42	30	1	49	20	39	25	45	28	8	16	29	28	27	38	4	13	7	
45	39	7	24	1	22	8	1	12	38	42	42	46	43	22	31	10	6	4	36	
48	3	42	12	13	5	40	16	49	14	32	8	7	3	43	15	26	19	25	39	
49	13	35	14	36	44	8	12	48	42	4	15	12	8	8	27	1	16	36	3	
45	35	50	8	6	46	40	23	45	48	36	40	47	18	4	3	27	26	50	22	
2	42	19	30	41	44	1	33	6	31	34	3	49	30	9	21	43	41	12	1	
35	36	48	43	12	10	5	11	22	44	37	9	36	18	35	2	30	34	8	48	
20	43	1	32	17	31	20	15	20	39	25	41	8	22	43	39	44	2	43	37	
17	43	41	41	44	24	40	2	27	27	42	21	8	34	41	42	43	29	12	18	
45	11	36	42	48	31	50	34	2	13	33	27	22	12	27	13	44	35	46	16	
34	13	31	14	36	29	47	13	9	23	15	30	9	38	12	8	7	14	27	1	
45	22	49	49	22	45	3	22	19	18	11	44	20	1	28	23	25	8	10	7	
33	20	38	11	26	40	2	21	40	45	25	8	5	46	46	31	19	41	42	30	
28	46	37	4	42	47	47	28	15	11	46	22	18	17	48	26	26	26	46	17	
8	7	39	43	30	45	39	1	50	10	7	48	45	20	8	46	46	11	35	21	
16	32	22	2	39	16	41	47	48	19	32	11	21	4	11	24	41	50	38	38	
27	2	44	18	50	26	10	17	28	27	11	46	7	25	22	41	21	46	10	22	
45	40	7	15	11	33	44	36	10	2	16	17	8	22	42	34	7	10	3	14	
On machine	5
38	1	27	45	22	17	25	33	45	25	23	37	43	24	14	44	13	32	34	27	
47	48	38	16	26	37	34	20	17	27	48	1	12	36	10	27	11	41	34	1	
27	46	45	22	20	12	23	44	33	26	42	46	14	26	50	24	17	47	15	48	
3	21	42	39	38	4	16	28	47	8	2	37	37	43	17	27	42	33	3	26	
27	20	19	25	42	16	38	49	48	32	41	42	8	7	2	40	46	50	12	39	
7	14	37	47	13	37	45	46	41	27	43	16	40	5	50	27	34	34	41	31	
15	29	46	6	5	46	48	12	44	45	13	49	1	16	31	19	50	29	42	11	
21	5	35	8	2	30	23	46	12	42	18	6	10	48	11	42	11	37	4	31	
2	35	23	24	13	45	4	9	23	38	36	48	26	37	12	43	15	35	48	28	
50	7	28	46	28	4	43	23	45	3	47	23	36	24	29	22	25	38	32	1	
18	27	16	4	48	16	17	26	48	1	38	50	28	21	22	19	39	38	10	31	
24	6	24	24	19	18	12	6	11	6	25	33	35	18	47	17	35	10	42	1	
26	17	4	37	41	29	46	12	45	49	27	17	23	19	32	11	8	17	46	27	
42	34	34	22	13	34	41	49	19	26	20	19	23	26	37	47	24	40	8	23	
20	44	35	48	36	2	27	18	49	14	16	37	47	31	24	50	8	27	3	38	
37	13	48	36	21	33	35	37	49	15	29	3	37	16	4	5	9	42	27	50	
6	39	23	33	24	49	20	35	34	7	18	42	44	27	14	36	20	29	11	13	
22	7	22	35	47	20	15	17	8	15	14	44	14	31	39	43	41	43	24	23	
37	3	14	50	4	49	40	25	20	17	22	47	5	29	31	31	46	34	29	18	
18	4	26	16	43	18	4	33	32	46	36	46	2	24	16	13	25	29	21	33	
On machine	6
28	36	36	9	26	32	9	7	20	9	50	33	14	16	17	50	17	22	1	45	
22	11	15	32	48	48	7	37	24	16	16	12	35	37	49	35	18	24	5	21	
9	35	43	39	36	1	37	31	14	2	21	9	36	19	48	9	33	29	35	23	
5	26	30	10	39	40	18	45	36	20	13	21	38	14	35	32	16	12	24	36	
47	43	39	49	22	21	4	5	1	46	41	7	38	18	23	25	20	10	30	21	
18	12	4	48	34	17	32	35	16	29	18	17	49	35	1	41	30	28	7	30	
32	50	27	19	49	43	43	37	30	48	34	29	40	29	26	12	13	27	18	42	
21	23	32	1	6	12	40	28	26	26	48	9	41	19	9	27	15	23	8	27	
6	17	50	38	47	11	44	5	9	14	20	41	20	4	11	16	26	47	7	30	
35	22	42	14	32	32	11	11	3	23	1	19	23	2	20	8	7	2	29	14	
28	38	13	5	40	39	10	8	17	36	40	4	15	46	3	21	45	16	6	3	
45	31	32	27	9	28	26	22	36	2	15	15	25	20	30	20	38	37	43	19	
8	34	16	5	44	41	36	48	37	16	6	29	47	26	5	25	28	28	40	7	
41	42	13	46	30	36	1	9	15	31	22	23	16	36	27	33	37	3	9	21	
21	7	5	4	17	44	41	37	48	26	20	25	30	20	16	25	5	35	16	24	
2	10	22	30	25	9	8	12	45	35	34	22	13	33	44	20	46	28	30	5	
4	1	32	36	12	44	8	5	33	9	13	16	4	6	6	46	41	14	38	39	
24	32	22	5	15	46	36	2	33	13	15	35	38	25	18	17	37	46	35	6	
3	8	2	17	12	4	23	9	38	34	43	17	14	46	23	39	14	23	27	27	
28	22	45	48	42	45	2	39	21	47	7	44	3	34	29	47	36	34	27	26	
