Factories	3
Families	20
Machines	2
SetupType	1

Number of Jobs in each Family
1	1	3	8	1	3	10	1	1	10	1	1	9	1	9	10	6	5	10	6	

Jobs in each Family
0	
1	
2	3	4	
5	6	7	8	9	10	11	12	
13	
14	15	16	
17	18	19	20	21	22	23	24	25	26	
27	
28	
29	30	31	32	33	34	35	36	37	38	
39	
40	
41	42	43	44	45	46	47	48	49	
50	
51	52	53	54	55	56	57	58	59	
60	61	62	63	64	65	66	67	68	69	
70	71	72	73	74	75	
76	77	78	79	80	
81	82	83	84	85	86	87	88	89	90	
91	92	93	94	95	96	

Total number of jobs
97

Processing times of jobs
10	2	
10	9	
2	6	
10	1	
1	2	
5	6	
9	1	
4	8	
6	8	
7	3	
8	1	
9	9	
5	4	
10	6	
2	9	
8	4	
1	2	
7	8	
8	4	
2	7	
1	1	
2	7	
7	9	
3	7	
5	1	
2	9	
6	10	
9	8	
9	6	
2	9	
4	4	
1	4	
4	1	
7	5	
3	2	
3	2	
6	6	
9	7	
9	8	
1	5	
9	7	
8	6	
10	10	
4	10	
5	3	
6	5	
8	9	
5	2	
3	6	
9	7	
3	3	
6	7	
7	6	
5	3	
9	2	
9	10	
2	3	
5	8	
3	9	
9	9	
4	9	
1	9	
2	5	
8	4	
10	9	
8	8	
2	3	
5	2	
1	2	
1	10	
8	4	
1	1	
6	2	
6	10	
2	6	
7	4	
5	6	
5	4	
7	5	
3	7	
4	1	
4	4	
2	9	
1	4	
4	7	
10	2	
9	5	
5	4	
3	3	
4	3	
9	7	
10	1	
10	5	
7	6	
8	6	
1	5	
7	6	

Stepup times between Families, where [f][f] represents initial setup time
On machine	1
2	3	2	20	3	9	16	4	18	10	20	4	12	10	16	3	9	8	10	19	
20	9	19	16	14	18	17	6	13	6	7	2	9	11	5	14	17	11	5	14	
10	20	13	14	17	4	10	9	18	10	13	20	13	5	3	20	12	8	14	16	
17	2	10	18	1	19	17	4	9	2	7	2	1	12	12	10	14	8	15	11	
16	1	11	13	7	5	4	5	5	16	17	13	5	1	11	15	7	6	4	2	
8	14	5	15	11	6	13	13	4	8	11	12	7	8	13	3	12	19	2	1	
14	18	5	4	14	19	7	19	14	10	15	5	5	11	4	6	16	10	19	19	
18	10	6	16	4	10	3	10	4	18	9	9	2	18	11	14	19	20	6	6	
14	10	2	5	9	13	16	3	9	4	19	3	20	12	19	17	6	5	17	9	
17	13	20	4	14	8	15	14	17	16	4	5	16	14	17	13	14	16	1	5	
1	20	17	1	19	17	3	8	17	4	7	20	13	2	12	12	4	4	17	1	
6	7	9	15	14	10	4	18	14	12	19	5	13	18	9	6	1	13	14	12	
13	15	16	12	3	8	5	1	7	3	9	15	5	6	8	6	14	18	2	12	
13	10	9	14	7	7	10	2	17	16	16	19	7	10	13	17	12	7	15	4	
20	11	2	3	15	15	3	15	16	6	8	14	6	16	4	13	13	9	10	13	
16	17	17	17	10	6	7	10	19	11	2	13	17	17	10	13	6	4	16	9	
19	18	10	8	1	4	4	1	11	13	3	17	8	14	12	7	11	17	3	20	
12	20	13	19	1	14	11	10	5	3	4	5	11	18	8	3	10	16	1	15	
11	20	10	5	8	19	19	17	12	8	16	2	7	2	9	15	16	20	2	10	
8	18	6	6	16	3	10	7	2	6	15	3	11	16	15	7	9	6	12	14	
On machine	2
11	11	1	13	1	17	18	4	15	17	14	4	15	15	12	10	7	15	15	11	
19	8	9	4	19	11	17	11	13	16	20	2	8	15	17	17	9	13	20	11	
17	12	9	17	15	16	4	5	15	15	4	12	16	8	5	6	5	12	18	7	
18	5	18	19	1	2	13	17	8	2	7	19	2	8	13	13	20	16	7	16	
8	16	5	1	6	5	9	2	15	6	20	8	12	5	20	19	8	14	13	17	
8	13	6	17	2	11	7	19	8	19	9	15	3	16	18	3	3	3	18	12	
4	11	8	1	2	13	16	14	17	17	13	6	11	20	11	9	2	4	19	7	
5	9	2	1	11	17	15	5	6	18	19	8	1	18	18	11	16	15	12	5	
6	17	17	8	5	9	8	2	13	15	9	6	2	18	6	15	16	10	7	20	
20	18	6	12	13	11	10	1	14	1	9	7	9	5	4	18	12	2	14	16	
4	20	5	4	12	14	12	12	19	14	4	8	8	11	13	15	20	18	3	5	
13	17	14	9	14	4	3	1	10	13	17	9	10	3	10	20	9	17	1	13	
15	3	16	16	14	17	1	7	2	19	11	3	8	1	10	11	15	12	10	1	
19	16	20	6	19	12	2	11	20	19	17	5	8	12	8	1	2	8	10	8	
20	10	12	20	19	4	20	20	10	16	5	5	9	13	5	6	19	3	3	8	
10	8	12	9	14	13	7	10	5	8	8	12	9	15	15	20	18	9	2	5	
18	16	20	9	2	19	14	11	15	8	1	20	9	16	18	17	2	10	11	20	
18	2	7	20	14	7	4	18	10	14	18	1	8	12	18	10	9	18	12	5	
10	16	2	19	8	4	18	16	3	7	10	2	9	16	18	6	13	8	18	7	
6	18	5	17	11	8	1	12	11	2	19	13	13	1	13	16	11	18	6	3	
