Factories	3
Families	60
Machines	6
SetupType	3

Number of Jobs in each Family
7	1	9	1	5	9	5	6	7	10	2	2	7	9	6	3	2	7	1	6	4	10	10	2	9	3	6	8	5	10	4	7	6	9	6	4	6	9	2	8	3	1	4	3	1	8	2	2	10	1	10	1	3	3	9	6	8	7	10	4	

Jobs in each Family
0	1	2	3	4	5	6	
7	
8	9	10	11	12	13	14	15	16	
17	
18	19	20	21	22	
23	24	25	26	27	28	29	30	31	
32	33	34	35	36	
37	38	39	40	41	42	
43	44	45	46	47	48	49	
50	51	52	53	54	55	56	57	58	59	
60	61	
62	63	
64	65	66	67	68	69	70	
71	72	73	74	75	76	77	78	79	
80	81	82	83	84	85	
86	87	88	
89	90	
91	92	93	94	95	96	97	
98	
99	100	101	102	103	104	
105	106	107	108	
109	110	111	112	113	114	115	116	117	118	
119	120	121	122	123	124	125	126	127	128	
129	130	
131	132	133	134	135	136	137	138	139	
140	141	142	
143	144	145	146	147	148	
149	150	151	152	153	154	155	156	
157	158	159	160	161	
162	163	164	165	166	167	168	169	170	171	
172	173	174	175	
176	177	178	179	180	181	182	
183	184	185	186	187	188	
189	190	191	192	193	194	195	196	197	
198	199	200	201	202	203	
204	205	206	207	
208	209	210	211	212	213	
214	215	216	217	218	219	220	221	222	
223	224	
225	226	227	228	229	230	231	232	
233	234	235	
236	
237	238	239	240	
241	242	243	
244	
245	246	247	248	249	250	251	252	
253	254	
255	256	
257	258	259	260	261	262	263	264	265	266	
267	
268	269	270	271	272	273	274	275	276	277	
278	
279	280	281	
282	283	284	
285	286	287	288	289	290	291	292	293	
294	295	296	297	298	299	
300	301	302	303	304	305	306	307	
308	309	310	311	312	313	314	
315	316	317	318	319	320	321	322	323	324	
325	326	327	328	

Total number of jobs
329

Processing times of jobs
3	3	7	6	5	1	
1	8	2	4	4	7	
8	1	4	4	5	10	
9	8	3	7	9	7	
2	4	5	6	5	10	
9	3	3	8	7	2	
1	5	1	4	4	6	
5	9	2	10	7	8	
4	5	1	8	2	2	
6	4	7	7	10	10	
9	7	9	2	10	3	
4	3	9	7	8	6	
3	1	10	10	6	8	
1	1	8	7	9	7	
8	2	2	9	5	6	
10	1	8	9	4	6	
9	8	2	1	10	9	
9	8	5	5	6	10	
2	10	10	4	1	2	
10	2	2	7	4	6	
3	9	7	7	2	8	
4	4	10	5	1	5	
2	5	7	1	9	6	
5	1	3	6	3	2	
7	6	6	5	1	5	
7	8	9	2	10	10	
2	7	2	1	3	5	
2	10	3	1	3	4	
4	10	7	2	6	6	
3	4	3	9	7	7	
3	5	9	3	6	9	
8	5	3	8	9	9	
5	1	10	4	10	9	
5	9	6	4	4	7	
7	6	2	1	1	10	
3	3	10	5	2	10	
3	9	1	9	8	9	
9	3	10	3	7	5	
2	1	6	2	2	4	
1	1	9	6	6	4	
3	1	3	2	7	7	
6	10	2	6	3	8	
4	4	2	8	10	6	
7	4	6	8	10	2	
10	7	10	4	3	4	
3	2	10	4	8	9	
1	8	7	4	7	4	
10	6	7	7	7	9	
7	8	2	5	2	6	
5	7	3	8	7	2	
9	6	1	1	5	5	
10	5	10	2	2	5	
3	9	7	8	7	5	
10	5	8	9	5	5	
4	9	4	10	6	3	
1	2	6	4	8	8	
6	8	1	5	9	3	
7	4	5	1	4	8	
1	10	1	9	10	3	
3	1	4	5	1	8	
5	4	1	7	5	4	
4	9	4	3	1	3	
3	9	10	8	2	6	
3	5	10	7	7	10	
7	4	8	6	10	4	
8	4	5	10	7	3	
10	3	7	9	8	8	
5	8	8	4	3	9	
7	8	5	4	9	3	
10	1	8	5	6	1	
8	4	10	1	7	8	
9	10	4	9	7	4	
10	6	10	2	9	1	
7	10	4	9	3	2	
6	10	10	7	6	2	
1	3	2	1	7	10	
9	8	8	5	1	10	
4	4	1	4	5	3	
9	5	8	10	3	2	
9	2	7	1	4	8	
5	6	8	1	6	8	
7	4	7	1	10	6	
10	2	9	3	7	4	
7	10	4	4	2	6	
1	3	9	7	8	3	
3	7	4	4	5	9	
8	7	9	3	6	3	
3	6	6	3	9	2	
9	5	5	2	3	5	
6	9	7	10	4	8	
1	1	1	5	1	10	
6	10	5	8	3	6	
9	4	1	10	9	4	
10	1	6	7	8	4	
9	10	1	6	9	9	
8	1	10	2	6	9	
1	6	6	9	8	9	
8	10	5	4	9	1	
8	6	8	8	6	8	
3	3	8	1	9	10	
6	4	5	1	8	6	
10	4	1	4	5	1	
2	10	6	4	5	1	
8	4	9	9	8	3	
6	10	1	3	8	8	
8	1	1	5	1	2	
6	6	3	1	5	4	
8	3	1	9	5	3	
9	1	10	6	3	2	
10	3	2	1	10	6	
8	9	1	8	4	6	
7	9	7	2	10	1	
2	2	3	8	1	4	
6	2	7	6	7	4	
7	7	6	4	3	10	
2	10	5	8	6	6	
10	2	3	4	1	10	
8	10	8	6	4	9	
9	7	1	8	6	3	
3	2	5	6	9	2	
2	5	7	2	3	7	
5	2	1	1	9	1	
8	6	5	1	8	9	
4	1	2	6	10	4	
7	10	7	3	4	3	
3	3	6	7	4	7	
3	1	10	1	10	6	
3	6	7	6	1	1	
7	1	7	3	10	8	
8	1	6	5	6	10	
3	2	8	8	9	5	
2	10	4	4	2	6	
2	3	9	4	5	10	
9	9	1	6	4	3	
2	3	2	1	2	6	
3	4	2	3	7	1	
3	5	7	6	7	6	
2	8	3	9	8	9	
1	10	5	2	3	2	
3	8	3	9	8	7	
10	1	1	10	7	2	
8	3	8	1	7	9	
2	5	6	4	2	8	
3	4	8	4	9	7	
4	3	4	3	9	2	
6	6	6	6	5	3	
6	4	10	8	2	3	
6	9	5	3	4	1	
6	7	9	10	6	1	
8	7	4	9	4	9	
9	4	2	9	7	3	
8	6	8	5	9	1	
7	9	1	1	8	8	
10	9	7	8	8	9	
9	1	4	1	8	8	
5	3	8	1	6	3	
10	7	5	5	7	4	
1	5	1	4	2	1	
7	10	7	1	1	10	
4	3	4	6	3	8	
1	7	5	6	6	1	
3	5	7	3	3	9	
7	2	7	7	2	2	
5	2	10	2	8	2	
6	3	4	9	10	10	
10	6	3	4	7	1	
8	3	6	10	1	5	
6	10	9	7	7	2	
8	5	7	1	2	9	
7	7	1	8	10	8	
1	5	10	10	9	4	
8	8	7	3	1	6	
1	10	10	9	10	7	
3	9	6	4	9	5	
4	3	10	1	2	5	
6	2	2	9	9	5	
3	8	5	4	3	1	
10	6	5	6	1	8	
10	5	2	3	3	9	
7	1	7	1	1	9	
1	10	3	3	10	2	
1	8	4	8	1	2	
8	1	1	3	5	5	
4	10	3	6	2	6	
5	5	1	9	7	7	
4	10	3	5	9	2	
7	1	6	2	1	8	
5	7	5	7	3	8	
10	3	8	6	10	8	
5	3	9	7	10	6	
10	3	2	2	5	2	
5	9	5	8	6	10	
8	7	4	6	1	7	
7	4	5	8	9	2	
3	4	10	7	8	3	
4	2	1	5	6	10	
3	4	9	3	3	9	
2	5	4	6	3	6	
7	7	7	2	3	9	
3	5	6	10	4	9	
10	8	3	6	1	8	
8	8	5	4	3	9	
10	1	9	5	8	3	
3	10	4	1	9	1	
6	6	10	5	1	10	
5	8	6	6	7	4	
7	10	4	3	10	6	
4	8	9	6	5	3	
8	3	6	5	8	3	
9	9	4	4	5	3	
5	10	9	5	8	8	
5	5	7	2	3	5	
4	7	6	1	1	8	
6	6	4	10	8	2	
7	4	4	3	3	6	
9	7	5	6	6	9	
7	2	10	8	5	5	
9	8	1	7	5	6	
8	9	3	5	3	6	
1	5	4	10	10	1	
5	4	8	8	7	10	
2	8	8	10	10	2	
7	9	2	2	9	10	
8	6	8	8	2	5	
6	9	8	1	10	6	
7	8	8	10	4	1	
9	8	5	7	5	2	
1	10	7	10	5	10	
1	6	2	5	8	5	
5	1	4	3	5	7	
3	1	8	10	10	10	
3	3	7	7	9	2	
3	10	1	4	9	4	
2	6	1	9	3	3	
1	6	7	2	4	10	
4	4	4	2	6	10	
9	4	7	5	2	7	
8	10	9	10	5	1	
7	9	4	5	6	7	
9	3	7	8	10	1	
8	6	2	9	2	2	
5	1	1	5	3	3	
4	6	4	5	3	6	
1	10	1	3	5	10	
5	7	6	3	7	5	
2	9	4	9	10	3	
5	9	5	7	1	6	
4	6	3	4	5	6	
10	9	7	2	7	4	
1	7	5	5	4	7	
8	5	4	4	9	6	
10	5	7	2	5	5	
10	1	8	1	6	1	
2	10	5	3	2	9	
5	9	1	6	4	8	
6	9	6	10	7	3	
10	5	10	1	5	1	
5	7	9	7	9	1	
4	5	6	7	8	4	
1	1	7	8	5	8	
8	3	7	8	2	10	
1	7	9	10	3	6	
9	7	1	4	10	2	
2	1	9	4	9	6	
9	8	6	2	3	9	
1	10	3	6	1	8	
9	8	4	9	7	3	
9	1	5	6	9	4	
6	6	5	6	3	1	
7	5	5	5	3	6	
4	4	2	2	7	9	
10	8	1	9	2	4	
1	8	10	1	1	1	
2	2	3	9	6	7	
1	7	7	5	1	5	
6	2	9	7	6	4	
4	4	10	10	9	9	
5	3	9	1	9	7	
2	9	6	7	7	5	
8	5	3	10	9	4	
8	8	9	2	8	2	
3	3	6	5	4	1	
6	7	4	1	4	10	
6	2	10	8	7	2	
2	7	3	3	5	1	
5	5	10	8	6	9	
7	5	4	3	1	7	
9	8	2	9	10	4	
9	4	7	3	6	7	
9	2	9	1	5	1	
1	2	4	7	1	4	
3	2	2	6	3	7	
1	6	9	10	9	1	
7	9	2	5	9	1	
7	8	2	3	8	6	
3	4	10	9	4	2	
3	8	4	8	10	2	
7	2	7	10	10	10	
2	9	9	9	3	3	
2	3	8	6	9	6	
5	9	4	2	1	6	
5	7	5	7	9	2	
5	7	2	5	8	8	
8	6	8	3	5	5	
5	3	3	7	5	1	
9	1	7	2	10	5	
2	3	10	10	1	6	
10	7	3	10	8	1	
1	4	8	1	2	4	
3	4	3	1	2	8	
6	2	9	4	1	5	
7	4	9	5	5	6	
9	3	5	8	9	10	
6	8	4	8	6	5	
2	4	7	3	8	5	
7	3	5	4	7	8	
5	2	5	6	4	4	
9	5	7	10	10	4	
6	7	2	9	7	6	
2	3	6	4	6	5	
7	9	7	5	2	10	
1	6	2	1	1	7	
10	9	2	8	2	2	
4	1	4	5	5	6	
3	3	1	5	6	3	
8	7	8	8	4	9	
9	5	6	5	1	7	
1	7	5	1	4	2	
6	6	10	6	4	7	

Stepup times between Families, where [f][f] represents initial setup time
On machine	1
93	2	87	87	1	4	81	97	57	30	75	100	6	95	64	67	66	24	74	85	87	49	61	98	42	18	87	18	41	29	62	45	6	91	48	18	97	15	23	11	68	70	71	22	4	36	19	37	23	5	33	71	76	15	11	10	62	99	19	19	
1	50	51	32	69	2	92	45	12	30	66	10	46	6	97	44	28	30	2	69	42	96	57	72	36	56	53	93	98	96	33	97	2	36	74	82	38	56	85	30	11	84	94	41	77	51	17	67	60	82	20	90	91	23	97	52	98	41	54	89	
25	10	30	36	47	72	41	98	25	49	35	39	24	73	16	99	95	20	72	28	21	56	14	14	57	15	54	7	64	57	67	49	41	77	25	88	42	66	19	100	25	80	28	34	19	14	36	98	90	38	49	93	2	3	79	72	14	46	3	1	
4	85	46	45	60	72	42	69	29	81	5	24	55	57	98	77	6	83	20	97	36	36	76	96	33	68	43	4	88	28	32	62	91	96	70	60	51	84	85	27	85	73	90	90	20	65	20	31	23	11	62	8	62	19	98	100	72	18	94	7	
24	13	73	83	69	51	80	64	69	36	35	11	61	23	58	98	6	60	51	19	84	23	17	87	51	67	34	69	25	14	85	19	90	28	71	90	49	34	79	40	24	61	83	67	7	35	57	65	57	73	90	71	35	66	70	78	73	99	16	66	
90	68	91	65	37	41	81	76	53	56	31	52	10	34	69	40	45	36	32	21	3	41	81	42	29	77	32	1	46	75	20	21	75	55	52	53	71	93	3	98	95	82	96	16	9	68	42	11	33	43	50	15	58	43	49	56	85	51	7	32	
79	33	3	93	90	71	37	72	50	68	50	78	100	3	27	97	87	19	61	86	65	68	43	12	59	64	24	69	97	41	99	23	68	78	28	10	82	37	73	24	55	21	77	74	60	68	39	37	32	82	66	11	38	74	72	86	26	99	89	69	
23	91	37	46	93	61	76	96	30	33	52	99	14	81	20	36	71	12	77	33	54	25	6	24	51	85	92	3	35	13	65	76	28	32	44	54	53	4	2	76	55	58	59	95	15	87	24	54	64	100	43	61	11	93	76	3	78	50	83	38	
82	82	90	78	80	57	72	45	38	71	70	40	45	41	9	34	61	16	48	79	9	84	7	82	85	38	48	51	57	73	94	82	10	53	7	92	47	13	38	41	18	67	28	9	91	30	74	15	10	87	60	62	44	75	61	2	74	15	43	40	
97	49	92	13	25	83	44	100	36	73	13	4	90	36	1	71	23	100	59	86	72	93	41	53	42	5	27	47	67	57	20	41	46	31	81	18	45	67	2	55	57	32	69	84	65	97	88	15	71	15	27	78	12	34	50	35	83	67	59	24	
35	4	55	92	20	62	21	5	79	10	64	70	56	11	39	79	77	43	69	91	68	96	6	41	14	17	55	56	46	77	33	84	72	35	100	60	70	75	37	94	18	87	54	59	82	22	46	67	44	41	37	53	54	59	48	2	13	54	40	28	
17	7	23	1	56	70	84	45	54	29	12	57	44	19	9	4	55	64	46	79	40	32	59	15	69	3	70	73	35	71	98	99	82	51	31	62	88	38	50	15	30	73	27	46	23	30	80	15	62	30	88	91	23	63	51	95	57	57	15	82	
86	61	32	13	66	68	20	67	52	75	51	3	59	79	57	29	40	87	59	70	97	35	83	63	6	91	38	8	29	40	56	6	99	95	59	15	61	100	15	67	88	20	86	71	73	42	2	58	71	94	51	80	86	20	3	2	52	44	23	65	
70	57	92	35	22	83	5	79	30	15	3	64	88	58	95	16	7	83	62	65	40	1	39	53	30	48	80	70	83	93	22	16	68	44	51	10	59	41	44	14	7	38	64	5	27	81	66	3	67	81	94	66	59	61	51	97	61	8	11	71	
1	46	28	4	43	56	89	55	29	62	92	29	62	89	6	91	6	15	68	22	59	69	53	26	27	5	27	52	19	43	51	27	31	25	11	41	91	5	23	75	9	46	11	62	100	71	34	64	9	71	8	38	96	74	19	23	29	99	84	58	
75	58	53	11	85	19	58	35	71	96	68	92	96	64	7	19	65	85	47	89	8	23	42	8	90	45	69	87	37	87	85	19	10	45	27	75	27	95	58	30	84	25	28	8	35	97	100	70	1	51	38	78	91	92	39	23	24	22	42	96	
11	54	71	39	69	19	83	55	40	91	21	98	67	43	40	9	97	64	84	53	23	47	61	24	37	5	74	74	56	36	70	76	27	24	25	54	70	57	89	4	62	23	62	16	21	27	35	65	1	62	33	3	17	44	34	69	43	63	39	51	
4	7	82	70	16	28	11	32	65	22	75	88	83	76	77	18	57	9	69	23	90	26	2	87	5	36	1	39	25	5	66	9	33	17	97	69	95	39	37	41	12	71	67	57	80	82	7	45	86	48	31	50	89	97	52	39	44	72	32	8	
87	16	4	100	35	31	35	47	5	68	24	14	69	15	85	41	49	40	35	33	23	56	99	28	82	27	94	26	29	95	65	98	53	83	8	80	46	80	73	27	99	72	35	81	1	59	75	90	5	27	25	19	85	74	20	88	33	71	80	44	
26	2	28	47	62	71	15	65	33	9	85	13	56	42	14	76	72	31	15	99	54	94	86	69	60	30	27	74	30	62	75	57	65	84	75	45	16	84	4	75	38	65	6	93	39	47	46	25	18	46	77	79	50	30	37	85	72	11	54	50	
80	3	21	61	88	54	60	27	25	97	99	90	99	78	65	35	31	30	66	94	79	48	59	92	34	2	74	66	80	62	96	24	8	75	76	52	33	15	30	77	94	31	40	62	65	69	88	59	1	41	14	42	94	3	87	49	70	47	6	43	
50	14	6	92	62	97	36	23	9	96	26	31	10	9	72	3	16	17	26	65	41	33	15	60	44	100	52	74	73	45	56	46	80	96	34	27	74	30	80	100	31	49	83	5	51	100	22	61	3	94	59	38	91	40	68	78	78	54	3	7	
77	83	52	6	7	88	94	87	96	73	96	8	49	49	33	99	43	43	63	49	16	62	64	40	46	34	49	51	45	35	18	40	4	21	7	51	39	29	90	45	67	4	84	72	13	28	100	25	36	87	73	9	77	70	44	20	92	90	82	71	
100	71	72	45	63	93	7	41	15	83	56	58	81	36	57	46	16	80	41	15	28	51	82	55	15	29	32	43	27	29	36	26	2	83	30	11	14	8	55	36	17	40	23	28	80	91	70	88	82	15	35	49	75	33	62	25	62	5	18	51	
8	79	54	4	42	47	90	72	37	17	24	96	59	9	12	77	65	69	59	84	7	41	95	87	19	66	95	65	50	86	92	42	11	39	61	93	53	94	43	49	67	74	72	77	62	93	44	71	51	5	37	56	90	19	55	6	18	96	11	46	
82	21	38	90	27	81	60	77	67	85	73	10	26	75	34	35	46	49	32	32	12	12	95	87	64	68	85	32	22	7	81	7	67	82	98	57	74	91	95	45	56	99	29	40	84	61	86	63	3	32	84	59	38	74	33	28	38	33	13	75	
29	22	58	22	13	64	78	82	18	22	26	43	91	9	18	69	38	8	21	43	60	44	70	31	75	50	67	97	82	82	25	57	92	42	37	94	68	52	13	89	80	5	90	56	50	78	76	15	32	3	6	100	51	53	20	18	16	40	90	77	
76	70	7	84	18	71	58	59	80	89	64	17	100	73	66	33	79	59	4	41	65	71	53	51	42	80	29	63	48	53	37	16	70	50	39	47	33	88	74	85	37	44	54	56	6	77	14	20	59	64	93	58	59	79	55	46	38	5	50	98	
74	69	57	58	10	57	91	13	51	49	15	40	58	41	35	9	77	63	39	67	10	60	63	32	52	68	15	39	10	95	30	67	17	75	9	19	22	24	69	72	69	79	23	92	4	27	19	28	47	23	88	81	87	71	99	70	69	85	45	76	
72	47	49	98	55	36	97	43	24	3	100	91	7	50	18	37	71	42	83	50	34	94	21	9	84	15	75	68	90	55	38	7	70	44	43	99	14	19	5	7	80	40	77	54	37	69	63	75	55	83	94	89	47	12	79	29	59	97	34	66	
46	38	33	79	54	27	13	63	78	69	26	85	52	70	19	61	51	53	70	3	27	70	17	14	10	60	76	48	13	16	73	56	23	37	42	4	42	64	54	64	85	38	67	22	74	51	6	96	60	58	91	47	57	46	42	73	34	91	75	6	
14	58	54	78	91	64	94	94	58	42	22	59	90	17	76	91	48	68	14	55	29	14	59	73	19	48	91	99	21	68	13	47	97	35	68	88	75	5	91	61	96	10	34	53	32	2	18	98	80	92	48	86	42	28	53	3	58	67	48	2	
21	92	44	7	40	84	31	90	87	81	20	81	50	3	37	32	76	71	96	81	79	56	71	49	71	78	25	99	54	52	51	12	39	43	27	58	85	97	24	4	23	95	6	94	54	17	72	70	2	33	30	78	24	15	80	93	72	17	44	51	
59	79	42	7	35	100	39	72	45	57	54	35	2	17	55	44	42	6	37	81	46	11	17	27	65	14	93	76	56	4	21	17	92	75	53	81	84	23	62	49	72	72	58	65	94	63	18	35	19	44	66	71	95	30	96	95	52	57	28	39	
88	8	12	88	10	65	42	8	20	77	62	93	18	76	30	96	89	86	23	7	28	31	50	87	91	97	87	18	6	3	97	43	16	68	85	15	74	24	35	82	25	34	79	5	7	87	64	10	96	82	11	33	79	92	42	96	60	18	55	27	
55	68	70	94	12	69	85	56	77	24	15	74	72	41	100	15	98	21	80	73	79	86	33	79	22	6	57	80	83	9	38	24	91	98	17	82	64	30	72	62	22	59	59	76	49	51	89	56	88	79	92	31	21	75	86	19	38	83	35	2	
28	63	95	72	78	86	66	46	83	84	12	53	44	11	42	24	68	91	54	61	9	56	42	82	92	96	44	83	19	80	49	74	46	76	19	67	51	59	39	5	31	67	87	77	82	20	64	6	92	30	52	24	29	38	37	37	14	78	93	41	
85	87	97	60	15	87	56	41	47	62	22	97	22	22	20	54	77	87	90	58	70	44	45	43	56	98	74	56	96	48	64	91	32	80	74	68	57	9	61	87	74	66	30	41	61	70	83	96	9	100	74	64	7	80	12	9	29	38	48	50	
66	47	66	99	55	95	1	26	53	94	98	99	8	65	36	69	35	34	57	88	26	6	6	28	57	31	74	18	61	78	47	45	39	55	54	28	55	86	60	43	3	68	12	70	29	11	43	1	86	83	1	40	80	42	66	30	96	92	65	25	
68	2	56	80	53	23	56	42	36	40	98	41	58	2	58	92	52	14	15	33	76	88	52	65	58	67	61	3	54	68	28	60	66	44	17	48	58	79	53	68	70	95	19	61	92	34	5	22	67	39	12	13	87	98	92	76	85	2	95	61	
13	70	20	10	11	35	72	19	67	25	64	100	1	80	92	60	63	81	95	50	92	44	87	73	85	100	83	15	89	86	100	1	43	87	76	99	26	61	89	82	4	2	89	33	72	18	80	72	48	66	54	98	56	77	55	25	26	59	97	92	
34	56	69	36	30	42	72	79	73	62	31	73	53	61	72	92	100	17	71	87	15	85	82	52	86	42	61	30	16	75	16	13	88	31	57	25	82	4	68	74	14	8	86	12	77	56	2	99	5	51	54	39	80	12	57	2	16	2	7	98	
17	59	2	56	18	97	80	47	29	13	33	1	18	56	10	68	34	19	14	79	7	42	72	46	82	53	73	63	12	9	95	23	75	28	62	24	34	87	83	92	85	52	78	46	52	53	48	23	62	19	20	20	66	74	69	42	11	96	97	23	
47	8	21	11	24	73	13	89	78	99	68	71	84	10	96	58	26	72	75	79	22	4	9	78	10	56	82	77	45	34	78	61	97	99	3	88	49	95	18	55	63	85	74	71	12	14	21	89	14	76	27	14	26	89	16	6	34	84	74	82	
13	35	39	31	38	73	95	60	25	30	17	25	72	20	26	34	78	37	3	20	98	51	5	62	41	71	90	22	43	81	37	69	35	2	84	44	18	79	8	81	78	93	63	1	91	41	50	47	41	22	2	97	56	41	100	2	53	13	17	12	
5	59	59	70	46	19	29	16	88	56	83	22	86	36	18	18	42	72	61	82	83	54	20	2	44	15	100	93	68	92	71	58	96	88	89	61	36	8	67	59	69	69	55	70	50	88	93	77	18	60	8	23	34	25	39	46	84	65	53	17	
79	55	32	78	91	61	6	70	15	62	69	50	17	69	20	27	54	53	5	40	47	9	30	6	83	34	87	72	66	38	4	65	62	91	90	87	72	65	79	41	12	88	84	67	92	37	3	12	70	2	88	40	61	52	31	16	2	21	2	26	
20	11	92	45	52	28	19	97	89	6	42	66	79	60	39	19	26	73	91	89	90	56	17	73	96	9	75	51	51	68	66	15	44	43	18	17	67	5	30	87	27	16	57	18	48	30	6	82	50	36	96	74	93	34	12	36	87	23	19	60	
74	28	42	15	71	27	41	85	9	30	20	39	42	20	48	87	10	23	69	97	2	11	62	67	76	5	6	55	11	31	86	7	38	64	3	98	40	71	53	41	39	89	24	60	29	30	30	78	6	71	57	2	52	69	26	12	91	37	10	60	
44	89	88	9	60	78	64	4	93	46	70	54	33	7	26	30	82	17	83	80	33	13	9	71	45	43	19	42	42	9	12	73	2	48	38	56	80	46	89	37	72	76	41	78	91	83	54	21	67	10	47	95	4	30	77	6	24	20	69	31	
53	10	13	88	1	80	71	30	22	85	18	69	26	14	37	50	60	91	49	9	53	60	27	77	22	9	58	45	75	13	65	8	67	63	56	27	60	86	55	22	98	55	4	68	71	32	63	86	46	75	58	35	12	44	50	93	74	11	58	23	
12	25	54	82	49	37	65	16	73	50	83	75	71	51	42	2	59	97	45	23	39	60	78	1	52	61	8	58	67	71	64	76	60	17	17	11	15	7	9	74	62	87	46	15	26	13	8	40	81	30	81	7	16	38	83	48	84	36	21	42	
30	66	5	67	75	5	56	37	69	22	99	21	60	98	24	13	36	23	87	80	99	11	87	40	5	80	23	13	89	17	38	56	43	80	91	66	53	64	41	14	35	69	59	13	30	42	33	61	54	31	78	55	71	75	77	33	57	27	30	62	
88	75	66	32	6	68	41	68	90	27	67	16	52	13	57	66	78	40	10	63	27	33	90	62	34	18	97	17	42	30	10	1	31	38	46	50	7	95	88	5	21	81	59	30	54	58	42	32	74	95	26	39	50	30	9	64	88	57	82	70	
82	46	17	92	42	64	41	70	17	100	7	73	83	43	100	24	19	15	5	27	95	76	42	25	74	65	69	56	4	68	1	55	18	74	15	37	19	90	11	4	97	96	54	33	84	81	70	85	20	1	83	99	85	3	49	73	100	19	13	100	
60	50	45	12	14	19	78	35	88	91	12	44	27	2	93	11	100	90	78	47	8	43	22	64	28	91	67	51	20	52	62	55	66	60	70	1	17	93	28	81	50	53	93	66	7	11	69	68	11	54	27	93	29	74	84	3	40	9	76	75	
74	23	15	80	71	9	92	98	65	51	28	41	77	60	1	95	21	90	5	28	100	18	13	55	9	33	5	58	8	84	85	78	93	41	52	1	27	6	92	91	8	17	59	6	73	85	41	1	76	16	33	84	20	14	96	49	30	1	67	42	
93	69	65	6	59	49	94	73	86	43	41	52	91	29	72	40	14	60	79	9	30	5	34	22	60	65	97	4	26	1	32	68	88	39	80	56	6	100	43	20	7	39	76	5	74	60	99	35	79	36	45	24	61	44	95	68	13	20	31	66	
17	62	4	74	90	95	23	41	23	54	78	62	83	38	56	18	5	61	88	83	86	94	99	96	2	98	52	72	74	82	74	96	13	52	33	38	66	25	17	87	86	10	88	87	15	41	41	12	83	86	92	8	85	1	55	63	36	70	86	24	
42	16	99	38	40	14	49	67	87	76	42	40	55	44	43	48	64	4	15	53	30	67	14	34	65	50	63	76	37	5	84	43	52	6	37	85	44	33	56	64	92	20	79	91	77	37	22	63	37	42	27	27	52	41	63	50	49	92	30	2	
On machine	2
59	22	86	77	9	63	84	11	27	100	72	71	58	55	31	79	21	13	17	81	41	28	84	64	10	20	65	10	3	100	93	55	84	14	37	77	21	87	29	42	74	48	95	91	65	30	98	66	75	31	65	55	83	26	22	82	16	23	86	99	
21	6	51	70	38	81	27	61	100	72	23	48	24	49	64	92	97	24	45	55	11	32	45	63	12	18	42	43	37	43	42	6	72	97	60	91	73	62	31	76	25	63	10	87	39	14	64	78	37	2	58	34	25	92	85	22	8	87	35	29	
59	79	55	81	60	22	77	82	27	6	94	34	50	3	31	62	97	99	94	81	10	91	92	75	60	94	22	77	59	31	21	67	88	72	63	74	93	80	16	87	22	100	10	83	25	85	89	25	63	65	26	37	41	37	92	30	54	66	3	75	
85	11	84	33	49	5	46	36	46	68	56	2	36	9	82	68	43	100	80	80	57	48	16	42	24	49	32	67	89	73	56	91	45	6	69	22	22	31	94	78	69	69	66	67	31	68	94	31	64	22	61	42	19	87	61	29	91	86	15	70	
74	55	54	71	68	93	11	44	70	50	81	18	76	92	80	10	87	86	7	81	84	23	18	13	37	35	36	60	12	4	37	40	33	59	44	22	86	99	15	54	47	93	86	35	56	36	61	72	78	83	92	63	2	61	34	8	26	47	97	32	
57	81	59	91	45	6	22	20	99	81	72	29	23	8	38	5	29	90	97	39	91	50	2	47	55	17	82	60	15	88	9	6	68	50	100	88	44	59	28	5	47	50	74	87	23	13	40	40	23	34	41	20	33	83	27	42	83	1	68	47	
56	30	15	8	55	6	9	44	80	87	79	49	1	75	37	69	59	29	8	84	33	7	36	36	33	59	45	21	94	9	23	30	21	84	39	64	99	63	28	21	26	65	70	56	7	16	42	27	95	27	38	45	24	2	90	21	75	22	40	19	
100	97	7	57	66	3	46	100	15	29	95	65	74	78	10	30	79	56	96	65	46	77	35	63	100	6	40	97	59	27	6	7	85	44	9	89	2	14	47	38	29	33	78	66	67	18	82	75	66	36	35	68	86	59	82	46	65	60	81	30	
4	35	85	87	32	50	44	64	26	17	66	37	91	99	3	70	71	48	18	59	56	55	88	34	69	30	76	67	95	99	5	38	88	82	96	94	30	80	24	44	22	22	72	49	66	70	92	68	68	41	90	83	36	34	82	49	72	82	55	28	
65	80	33	20	37	11	4	60	71	14	22	35	94	75	8	61	82	83	96	64	31	76	87	45	4	52	69	75	27	86	73	34	61	51	12	56	64	2	84	52	15	63	5	95	62	100	66	63	71	97	28	50	16	42	72	11	86	82	98	62	
81	51	26	54	97	83	50	78	37	16	20	68	93	24	1	26	5	94	82	70	36	97	27	97	35	30	21	11	47	16	12	37	72	60	20	22	94	73	51	66	75	17	80	71	75	52	35	18	85	93	37	2	83	59	93	91	15	45	55	43	
58	37	47	47	54	70	9	40	12	72	84	80	88	8	73	58	95	64	58	6	16	8	54	7	54	78	90	3	42	27	73	1	25	90	4	54	4	80	25	38	42	93	72	64	98	2	54	23	62	59	50	10	3	91	38	2	62	10	11	86	
50	59	83	47	55	6	10	33	18	63	6	50	82	3	40	78	54	86	20	59	52	70	52	30	66	36	35	33	87	4	7	38	64	30	78	8	27	42	53	8	75	63	78	7	66	59	3	98	88	21	18	26	44	45	66	50	80	41	40	81	
48	64	91	76	91	39	53	7	22	45	49	23	81	67	36	69	95	12	5	80	19	75	68	85	56	63	59	2	74	78	22	59	67	81	73	32	29	23	88	6	92	20	79	34	54	35	57	100	45	67	86	33	53	87	70	22	74	21	20	66	
97	32	31	77	34	8	23	55	92	93	71	92	56	94	14	45	3	5	96	60	55	88	15	43	48	73	5	30	87	10	39	74	83	86	94	12	10	88	41	39	50	38	39	89	76	20	23	13	56	14	53	9	7	30	87	84	17	91	28	98	
87	11	63	70	84	73	83	41	27	54	49	66	57	81	3	17	42	42	100	40	61	49	72	39	83	2	58	38	56	70	39	13	38	63	36	50	10	29	15	39	84	62	73	94	53	23	52	33	19	59	71	11	17	96	42	74	100	75	49	79	
53	81	55	58	35	95	63	59	88	61	85	77	87	59	61	37	68	8	56	51	7	96	56	30	46	87	30	70	82	42	71	89	44	2	94	91	52	26	43	19	97	90	97	65	6	18	55	50	16	47	62	28	78	68	66	14	54	59	49	51	
53	18	100	2	52	85	31	59	55	33	4	76	38	3	71	38	86	98	97	76	99	65	59	44	36	12	45	93	2	92	21	70	40	44	72	33	90	55	43	14	89	84	3	84	31	69	36	36	7	87	18	73	3	57	53	84	92	27	61	85	
2	37	17	81	76	52	20	82	22	79	24	3	30	2	23	85	15	60	99	27	53	31	83	80	69	60	91	30	91	98	14	53	21	19	14	37	61	97	68	29	64	67	77	44	93	72	76	33	84	87	13	79	39	92	47	17	88	85	97	96	
49	69	29	8	45	73	38	23	67	92	70	2	51	28	15	80	96	97	3	98	16	6	41	28	59	30	94	56	46	17	44	60	86	75	62	48	12	40	56	54	66	72	76	13	45	88	1	28	25	42	39	35	44	10	23	6	3	62	73	49	
37	48	79	36	57	8	27	84	83	35	52	13	38	66	97	90	84	75	3	30	5	95	12	12	20	35	15	45	32	24	54	64	50	77	62	34	88	18	2	8	2	11	82	18	94	57	1	9	33	93	5	63	28	99	51	45	84	56	46	77	
46	15	43	53	57	44	33	64	5	42	58	28	100	100	19	12	51	54	93	62	8	17	68	3	25	22	70	2	92	90	95	98	44	20	4	16	86	30	41	37	9	15	64	36	99	37	11	11	29	88	32	57	45	31	63	95	30	57	20	99	
91	60	47	5	36	50	96	34	13	91	14	25	100	55	47	40	33	66	16	58	52	85	7	83	31	28	74	9	77	56	10	100	78	31	100	56	24	42	3	5	5	87	58	36	50	6	63	60	95	40	40	99	12	22	36	46	43	8	98	86	
39	90	10	85	37	7	68	49	21	87	41	75	47	52	23	42	30	41	64	36	97	15	34	9	36	5	97	100	78	74	74	99	60	24	51	50	8	67	71	6	43	34	23	6	79	33	72	15	22	16	63	20	3	59	23	64	94	94	34	47	
13	43	18	19	52	13	93	40	47	63	75	21	37	22	84	12	89	12	13	91	36	50	99	17	28	43	81	5	84	76	13	9	87	98	95	13	62	38	61	49	29	25	26	17	61	53	56	15	25	14	63	74	25	84	76	41	46	15	58	38	
46	60	64	84	87	72	12	87	44	99	66	18	87	82	47	49	1	76	36	61	50	2	21	32	72	81	59	98	43	96	50	36	90	14	47	26	52	96	21	40	84	23	24	8	5	13	39	7	18	73	10	41	81	84	92	66	71	98	3	98	
100	82	64	3	59	25	12	98	11	15	87	72	75	62	4	89	51	64	81	78	44	80	65	26	91	38	30	74	80	14	64	79	77	40	84	76	68	77	77	48	44	45	84	83	45	26	9	55	49	91	97	14	43	56	10	42	33	85	1	22	
28	66	55	15	57	46	6	57	66	75	49	8	19	77	99	36	57	76	67	9	74	59	55	35	50	18	87	60	22	20	13	8	15	82	55	76	46	86	7	16	45	47	33	90	56	7	65	98	12	71	35	70	24	4	36	57	7	42	63	32	
53	9	20	62	9	45	64	69	30	50	70	83	25	48	28	22	94	77	56	62	15	57	32	44	13	37	99	64	20	91	3	62	73	96	20	78	50	63	19	22	18	34	27	60	1	87	94	48	26	29	95	57	40	70	2	82	78	42	81	72	
2	21	61	2	23	62	25	18	45	6	11	46	74	11	54	46	71	99	51	28	32	51	46	75	28	7	89	52	39	81	29	93	69	81	60	85	55	99	21	9	8	27	96	67	45	29	4	68	33	41	20	70	80	36	90	12	94	52	62	70	
39	83	67	44	4	39	77	29	49	2	42	43	85	41	58	92	1	39	77	60	24	65	76	66	86	19	78	93	88	80	52	36	39	59	3	35	97	90	58	31	96	44	67	43	60	86	42	46	28	1	15	81	52	42	91	89	57	9	15	72	
96	91	84	30	56	87	50	12	38	51	70	40	50	36	53	35	91	22	55	99	35	84	40	59	24	68	2	93	19	86	75	43	7	43	13	48	56	23	71	49	56	34	13	18	41	99	31	6	33	70	30	72	50	32	83	86	54	32	36	83	
82	41	84	56	13	49	19	38	91	28	34	92	79	2	80	10	62	57	81	80	13	6	29	37	21	25	25	22	24	78	85	80	47	71	10	37	78	16	46	61	7	74	60	47	43	79	26	81	85	45	27	42	96	29	46	46	47	85	84	59	
19	9	34	19	29	79	63	4	97	38	67	59	27	68	8	56	51	46	99	70	38	35	6	78	14	31	33	68	50	79	99	86	27	50	62	51	34	10	37	75	76	35	81	94	66	63	18	90	44	43	44	4	4	80	29	41	7	94	100	85	
36	41	79	57	8	53	77	10	88	83	67	69	85	84	48	4	57	82	74	88	30	29	68	93	16	32	89	47	10	24	25	99	98	52	14	93	89	89	52	11	33	23	34	2	65	53	93	51	88	58	41	56	57	25	35	92	94	22	20	13	
37	81	44	88	84	63	7	19	68	58	14	86	99	66	29	90	59	65	31	69	30	31	91	61	41	74	9	41	14	19	72	53	66	54	55	86	25	34	70	81	79	81	59	82	38	15	88	81	85	69	74	52	77	44	42	39	34	77	47	28	
68	3	37	17	78	18	52	72	75	99	28	69	27	38	39	29	20	55	27	55	25	40	31	67	75	21	60	90	91	57	100	89	35	89	85	15	61	79	55	73	40	64	84	29	19	64	3	70	35	5	7	92	33	39	69	1	57	55	84	50	
5	31	81	12	85	37	98	29	2	58	46	35	45	45	50	47	65	56	62	70	25	62	63	36	67	53	52	24	7	82	2	16	72	71	65	65	68	80	71	34	27	5	71	85	2	63	55	70	79	61	89	67	88	29	48	31	51	63	36	87	
65	9	79	18	56	72	20	32	57	26	41	73	98	28	65	63	42	81	1	77	11	56	15	22	5	83	84	53	51	1	78	22	55	21	58	53	93	23	42	13	80	86	91	24	12	90	33	61	87	37	3	50	15	41	36	75	79	7	82	79	
66	94	21	45	56	41	92	85	86	99	60	89	12	17	17	94	73	12	65	19	71	72	54	100	11	71	8	51	32	95	23	47	99	59	10	20	65	66	47	75	44	37	93	58	91	46	24	23	49	6	88	93	55	40	92	71	61	26	48	20	
74	76	69	99	55	35	16	63	2	68	1	81	79	96	53	1	63	42	95	51	15	75	19	88	15	65	68	39	60	11	35	3	98	92	59	5	78	87	35	67	3	26	42	65	3	57	21	79	37	84	94	14	48	43	36	90	15	79	43	80	
7	86	45	5	88	91	13	3	80	70	95	78	60	92	68	17	100	96	100	2	37	53	61	84	64	96	14	36	6	56	19	2	71	38	11	44	44	56	91	63	8	97	85	57	80	28	61	95	25	8	54	100	6	41	49	29	79	7	21	42	
26	43	19	9	56	44	64	54	21	52	38	55	15	35	20	45	64	31	8	54	67	49	48	80	78	47	53	54	45	75	90	45	97	94	68	78	5	68	28	54	93	47	70	46	90	82	12	68	28	80	46	50	87	65	33	33	35	76	81	21	
86	21	76	59	64	70	40	75	96	69	92	8	54	48	85	36	22	51	34	100	40	53	18	3	46	57	29	1	14	7	54	67	29	60	35	50	23	74	86	73	43	27	66	63	85	7	25	25	42	52	53	95	60	42	16	32	79	52	81	39	
7	61	35	57	35	94	48	97	21	14	38	41	31	83	65	85	54	49	77	9	13	85	97	63	59	8	41	23	89	68	27	51	58	65	100	53	4	15	58	31	32	44	69	13	48	97	22	53	12	2	6	52	34	37	91	87	71	91	75	96	
11	13	6	93	62	88	38	21	40	44	33	98	42	18	98	23	82	56	71	95	69	73	55	18	78	89	86	39	42	66	77	97	58	84	43	65	37	38	80	19	47	89	10	25	28	100	89	38	97	5	39	55	15	75	44	35	17	13	62	2	
77	85	80	75	74	5	32	55	85	98	2	13	100	49	47	88	18	99	19	53	20	11	47	94	63	59	5	95	63	100	59	14	28	10	2	14	7	87	24	95	95	24	93	58	76	81	67	79	27	90	75	70	20	99	45	18	49	54	19	26	
28	38	82	22	6	2	34	58	77	2	67	2	78	82	20	50	27	96	19	6	25	99	53	48	65	85	79	52	88	60	73	53	95	36	94	26	4	40	80	88	35	12	70	42	28	73	27	13	1	3	17	93	98	79	65	83	95	40	89	36	
22	52	99	66	18	26	88	74	7	2	25	46	42	98	4	28	95	12	3	34	22	94	64	44	55	4	100	71	54	96	5	59	41	10	78	23	19	99	51	63	45	76	60	46	58	7	66	25	81	17	50	39	77	88	64	83	56	46	89	36	
53	43	61	59	58	96	65	42	23	36	31	71	74	59	57	26	47	69	14	43	40	48	46	16	64	29	46	78	85	57	77	70	9	86	13	22	5	67	28	49	25	8	72	27	36	87	69	32	9	8	6	12	80	38	15	83	77	50	33	50	
5	55	87	33	6	68	43	50	66	30	80	26	59	12	11	7	58	35	87	34	15	37	57	6	31	63	60	29	85	11	78	65	74	75	19	13	100	42	69	29	45	30	80	95	59	68	51	40	51	88	87	74	39	64	12	55	72	70	25	2	
55	23	27	9	62	87	17	66	83	95	31	26	33	18	28	39	98	83	48	96	84	37	18	23	23	80	42	30	38	16	70	22	65	27	90	80	98	68	74	81	83	33	31	21	43	88	41	42	16	94	63	37	45	15	11	85	80	42	47	23	
50	28	32	6	21	87	71	28	94	37	89	76	95	20	67	13	3	4	73	20	57	24	11	33	69	93	38	96	93	89	24	6	16	11	90	100	37	86	32	47	49	54	10	5	24	13	66	52	65	43	99	53	37	89	4	42	54	52	19	24	
16	58	28	67	27	44	72	86	95	4	35	87	85	21	62	18	6	92	49	97	32	17	64	89	39	63	15	31	10	12	51	5	3	73	11	10	65	76	47	10	15	42	67	43	4	76	12	1	49	56	31	28	94	49	30	8	84	8	15	56	
2	68	9	3	47	81	53	55	96	66	30	86	51	60	77	23	35	35	76	100	28	70	88	73	93	68	32	86	28	44	64	85	18	21	46	86	76	22	63	70	73	16	17	89	29	37	8	22	22	19	79	33	93	81	92	41	94	10	22	35	
99	84	22	33	62	46	60	82	90	25	40	7	36	63	77	30	79	50	100	82	64	59	92	47	58	34	12	90	45	85	93	31	61	96	42	38	26	28	93	92	89	46	85	30	45	89	29	19	95	26	54	94	79	57	63	86	44	61	7	61	
82	44	84	83	45	71	3	79	21	22	69	42	44	60	88	55	76	82	65	95	50	22	28	67	5	58	84	30	39	49	33	10	60	13	12	97	89	93	18	89	12	61	82	93	64	36	3	83	64	37	25	34	11	50	48	19	67	44	96	23	
38	47	43	10	88	57	3	47	31	36	86	14	83	81	14	74	93	33	46	56	26	23	62	40	88	77	34	91	77	11	46	41	3	26	48	15	63	15	35	71	80	97	75	15	6	29	17	75	11	68	91	72	34	16	35	53	23	31	61	3	
31	55	63	60	64	78	88	63	31	100	55	7	15	99	77	72	5	89	25	90	70	81	12	73	48	35	89	41	65	61	5	55	12	82	86	20	26	93	100	4	60	67	96	25	54	20	49	46	23	23	52	74	21	35	9	89	44	68	71	8	
30	75	34	36	94	43	31	61	93	45	79	8	40	45	29	27	11	96	38	43	25	64	18	18	58	19	72	95	53	17	13	23	6	72	81	44	63	20	94	23	41	98	85	90	77	33	42	48	11	88	24	92	59	23	57	76	71	44	27	14	
On machine	3
61	83	23	84	80	73	69	29	32	46	16	11	45	13	71	17	32	76	32	20	78	12	12	98	97	10	51	3	57	79	89	88	70	17	22	60	82	25	18	89	97	88	48	59	23	37	16	3	53	90	74	43	40	11	37	84	95	85	23	51	
15	19	39	72	36	36	5	16	38	97	77	38	73	54	54	4	25	8	64	47	40	98	88	49	61	50	59	89	28	9	42	72	83	81	48	38	41	3	16	14	49	85	21	7	98	98	7	83	4	55	20	93	13	32	70	34	40	84	71	67	
26	54	87	18	99	4	52	74	12	84	44	20	51	72	22	71	26	74	26	27	51	32	82	37	11	66	1	94	50	62	55	21	39	63	50	37	5	89	79	80	64	55	84	60	15	67	12	96	66	14	11	35	28	15	76	55	95	73	32	57	
63	51	94	3	100	88	67	45	79	24	90	44	2	33	16	96	83	37	52	21	82	91	35	9	97	40	26	75	45	80	64	51	59	16	93	81	1	55	55	59	37	88	68	66	82	74	61	23	1	3	65	74	21	84	21	8	60	98	47	6	
93	9	39	100	14	73	58	71	81	97	5	89	97	86	62	63	80	9	17	65	50	80	100	95	85	47	97	31	83	37	51	70	91	28	15	33	79	65	84	5	69	89	89	48	13	45	47	65	23	43	31	46	14	73	68	40	96	5	43	40	
42	30	10	40	46	46	92	4	75	93	32	99	82	77	88	49	11	50	59	21	97	87	24	58	49	9	9	17	27	28	12	62	79	77	93	41	16	47	13	39	23	12	20	49	18	81	97	66	85	76	30	60	100	26	98	21	10	41	59	79	
42	24	71	89	72	61	95	75	11	18	70	56	16	71	99	67	65	66	52	45	63	24	21	96	57	56	64	59	94	13	47	96	53	76	65	81	39	63	40	96	32	24	63	45	49	41	78	81	65	100	74	24	15	49	51	55	40	8	15	56	
30	92	96	21	59	5	49	95	30	50	13	6	95	68	4	60	89	19	95	4	13	26	22	81	12	1	72	47	13	90	49	68	84	67	59	22	18	11	23	21	2	51	61	23	39	95	54	51	3	89	85	58	20	97	68	51	57	13	92	34	
87	51	48	79	60	21	82	84	68	29	99	48	10	45	92	82	89	56	13	37	96	30	72	53	87	68	33	42	31	19	20	87	99	47	72	5	100	59	75	5	34	71	34	96	20	77	11	30	22	12	95	2	76	74	49	47	34	72	76	89	
10	3	56	66	37	41	56	31	10	44	42	67	100	91	31	22	26	43	12	33	68	63	26	94	23	14	31	46	100	48	73	98	46	8	58	6	73	2	12	3	71	29	45	69	61	46	2	8	97	98	58	38	43	48	9	29	81	66	98	4	
47	77	8	68	90	35	88	1	67	41	68	71	67	58	46	54	39	7	4	40	5	54	34	41	21	16	25	51	37	1	23	27	85	79	14	35	32	8	93	50	34	11	29	13	82	34	64	20	40	75	8	68	90	49	58	86	20	22	68	76	
76	16	8	66	15	81	30	31	98	42	22	9	40	4	73	75	72	14	84	78	89	5	94	10	96	76	5	69	22	27	9	80	58	67	16	25	21	20	45	57	81	9	81	79	3	83	99	36	28	13	81	52	30	47	55	45	34	86	80	30	
85	2	97	75	7	29	72	20	43	35	53	7	48	74	9	42	64	25	8	35	79	40	95	54	98	33	26	20	57	21	17	98	62	24	26	69	55	70	30	19	5	11	69	14	1	57	99	67	83	9	18	86	58	90	26	72	43	32	91	85	
17	13	78	11	52	76	35	39	33	19	1	70	18	39	42	7	42	33	13	34	71	56	24	28	30	52	35	82	35	56	74	47	70	19	51	94	81	51	40	23	78	24	98	5	15	48	74	12	49	39	2	44	94	61	31	69	70	37	45	72	
35	88	84	54	44	51	23	84	55	81	38	31	30	60	87	36	80	78	8	90	64	35	50	39	70	61	58	13	49	82	9	46	51	21	100	14	98	48	2	3	3	5	68	65	65	56	71	59	17	40	32	2	36	68	66	17	72	31	97	32	
10	79	38	24	83	18	51	35	33	71	32	21	41	4	14	31	27	67	7	55	18	86	47	71	12	46	89	56	24	56	92	30	70	11	40	11	14	56	44	25	85	39	82	56	37	97	41	63	100	74	53	14	90	46	64	20	50	66	15	82	
69	28	28	43	45	87	83	57	82	47	27	93	58	61	46	10	10	81	88	67	67	13	88	81	34	49	7	7	72	84	9	37	9	42	68	40	55	70	100	96	41	78	64	73	28	36	51	34	38	56	39	10	85	75	92	81	98	74	8	87	
3	43	58	15	58	7	85	87	55	85	46	42	4	77	28	74	38	57	50	59	79	65	62	56	10	13	6	52	86	34	16	12	7	48	46	87	21	34	33	17	7	75	77	97	67	82	70	65	38	4	57	35	14	92	30	73	6	2	93	20	
22	20	86	70	84	90	17	9	22	76	78	31	5	13	74	39	45	66	54	80	78	16	47	57	11	26	31	25	100	38	85	88	45	26	55	13	69	22	80	21	5	96	28	23	82	91	12	66	76	48	21	57	79	21	93	73	89	67	27	76	
30	47	6	11	89	24	2	57	36	83	2	75	33	27	1	59	42	60	63	89	46	17	90	26	65	41	26	43	90	18	64	22	98	7	5	59	68	60	19	54	91	6	80	75	56	13	67	66	88	64	91	68	100	8	25	89	63	17	6	79	
4	60	29	23	77	22	66	51	83	15	10	84	83	47	37	5	76	1	34	71	98	1	93	14	34	55	3	8	3	20	21	73	80	44	54	75	79	21	59	87	90	20	56	63	24	85	93	33	50	15	56	36	14	60	24	21	27	74	43	85	
19	72	56	1	82	31	84	71	16	56	90	83	64	68	16	3	33	57	28	43	21	21	67	52	53	24	65	60	17	50	9	79	12	89	22	20	97	57	74	33	39	34	22	7	35	6	95	85	32	58	19	100	51	20	46	11	99	95	63	23	
90	11	14	86	58	12	24	36	31	29	24	54	65	23	48	71	81	44	39	51	79	5	1	50	54	27	82	37	39	1	90	83	55	24	76	66	64	5	64	38	74	27	47	91	86	81	54	7	7	70	46	47	67	41	74	90	68	60	74	50	
99	31	82	26	72	66	98	47	12	87	36	99	7	44	98	30	26	53	90	27	97	49	88	47	28	67	63	69	47	11	70	74	5	25	100	89	57	84	21	21	80	71	68	69	26	8	45	29	49	46	32	92	94	81	43	93	61	71	91	10	
31	49	58	61	54	18	3	60	9	35	3	44	57	92	6	86	51	58	37	71	86	22	19	80	92	45	45	60	72	100	6	92	50	82	75	99	14	67	75	40	50	51	11	8	31	75	36	1	54	3	61	43	71	33	83	49	37	90	97	19	
99	26	53	41	51	89	68	4	53	87	65	43	18	35	89	34	58	71	29	13	22	31	89	63	78	24	52	73	30	75	20	44	87	47	71	32	1	94	61	29	47	51	12	7	42	63	30	76	1	21	90	72	36	33	66	14	80	95	15	46	
23	97	5	70	80	44	60	52	21	95	23	88	71	54	56	42	34	25	33	55	93	89	82	77	92	41	19	80	89	37	91	38	23	63	64	1	30	32	49	79	87	26	37	30	70	49	26	82	93	10	78	24	99	30	33	40	74	32	84	73	
84	99	56	7	24	54	45	5	20	41	60	64	54	31	60	4	28	48	17	6	73	89	90	65	24	25	96	25	86	18	77	41	19	20	86	20	36	90	49	50	76	31	80	11	8	63	30	56	29	86	81	41	12	31	72	32	75	41	85	76	
83	22	55	64	12	65	82	32	60	30	15	36	20	83	86	8	79	81	29	96	65	19	35	1	3	55	72	40	31	7	47	21	10	5	93	86	88	53	8	13	16	11	32	27	17	69	88	23	88	50	84	71	91	32	90	9	26	47	47	68	
3	74	51	4	95	38	4	51	7	61	54	46	40	8	95	23	63	20	21	41	39	78	68	57	36	97	18	9	76	71	36	66	76	15	31	81	22	98	82	36	32	61	74	31	92	70	48	21	61	88	49	24	60	76	96	61	100	14	51	93	
43	64	19	13	2	65	50	29	59	37	1	15	97	8	47	16	83	56	79	47	81	19	65	25	63	69	96	93	51	65	86	65	93	2	25	53	5	13	28	2	61	10	77	61	36	55	18	33	10	95	53	99	33	14	88	40	79	16	41	60	
25	1	78	17	55	4	56	98	77	71	18	73	74	18	72	51	90	73	21	30	61	59	81	67	26	32	35	18	61	22	13	66	97	88	12	85	5	27	31	24	13	46	99	63	88	100	92	19	35	95	90	36	4	27	19	13	8	55	12	49	
81	95	79	51	45	87	34	90	7	38	7	7	47	63	43	10	88	36	57	39	15	76	53	93	63	51	32	27	63	23	93	83	63	86	76	83	47	13	18	2	44	10	94	19	13	9	55	64	73	48	93	14	13	61	29	98	49	92	99	67	
78	1	77	79	19	19	90	35	24	74	68	70	90	23	75	36	52	93	30	96	33	30	10	11	83	86	70	92	27	18	76	56	42	77	93	76	12	59	84	73	91	72	79	31	99	32	10	62	35	82	92	85	42	82	28	32	75	10	84	33	
45	69	31	13	83	30	60	36	96	78	34	30	42	57	43	31	80	97	40	2	76	1	30	1	93	49	41	12	18	53	80	63	75	27	77	96	97	61	98	30	5	23	25	74	35	45	80	72	33	56	52	26	89	30	23	91	2	47	27	47	
72	88	57	36	73	15	38	56	84	65	84	50	64	15	88	70	68	5	38	33	37	82	7	4	59	8	15	51	33	99	5	37	100	15	11	26	46	95	16	45	12	59	93	64	84	14	99	80	3	64	62	9	98	62	79	2	74	96	74	61	
10	37	8	46	4	89	98	20	28	39	57	47	20	83	57	96	27	87	47	38	12	75	88	14	38	17	22	22	90	49	37	17	36	67	42	2	54	91	71	53	29	25	20	78	85	4	8	14	11	10	95	3	33	46	82	75	30	14	99	62	
66	44	27	95	72	98	34	1	91	25	77	79	22	70	41	23	51	42	3	2	5	100	87	2	40	8	70	36	6	91	55	56	36	48	1	87	98	21	77	35	59	50	57	65	95	100	37	92	34	78	29	96	65	13	80	97	15	86	43	53	
45	60	41	99	30	86	41	5	14	26	53	33	69	86	46	27	55	15	31	34	17	16	99	44	35	12	5	47	36	27	50	70	85	42	89	55	53	41	94	70	4	81	49	85	7	42	8	97	32	23	64	29	58	83	19	46	75	38	6	76	
88	68	70	75	12	97	76	52	77	86	97	56	75	63	65	80	23	18	71	91	72	3	14	54	11	32	31	83	68	66	75	40	26	37	7	8	35	92	25	17	46	17	52	52	85	20	14	79	42	5	20	6	12	43	11	51	73	2	31	17	
83	17	45	95	76	89	65	57	82	4	32	76	3	89	54	31	80	7	51	32	88	16	38	52	4	40	27	66	8	30	77	62	76	82	27	97	28	96	73	26	33	48	45	25	33	47	95	75	57	89	12	97	25	91	2	58	23	30	44	38	
16	4	27	76	87	98	14	98	83	96	54	68	87	13	17	82	20	58	60	90	36	1	10	93	16	56	82	36	63	56	24	6	32	3	29	73	44	5	73	86	73	10	60	49	2	63	51	8	20	83	28	27	52	24	68	71	99	34	12	11	
38	35	74	80	65	36	93	44	62	18	16	77	2	89	8	23	48	37	23	91	25	5	75	85	98	41	22	17	44	67	88	25	81	90	11	63	92	94	25	28	74	58	3	92	41	2	69	84	86	11	26	52	94	65	69	14	19	13	20	46	
92	88	96	68	12	90	66	59	90	98	60	19	36	88	71	9	36	16	15	86	64	39	27	77	29	27	11	45	77	40	87	42	54	24	90	78	70	38	43	4	46	59	59	88	88	13	99	81	65	13	11	23	45	46	39	19	28	14	24	58	
56	93	26	53	80	88	14	81	49	15	31	33	75	10	45	55	90	44	79	53	9	73	48	9	19	35	52	63	96	3	65	17	94	57	86	91	84	55	6	44	95	9	56	49	68	74	70	60	90	30	52	72	24	97	50	7	88	75	4	59	
73	33	13	66	13	51	26	4	24	86	72	55	5	79	65	49	50	68	46	87	51	99	97	49	61	77	98	93	81	85	43	57	70	29	80	65	91	4	18	68	86	4	39	82	35	62	75	66	17	32	82	72	62	82	74	98	82	28	35	26	
42	19	91	72	100	10	38	26	90	87	42	95	67	18	100	76	53	65	16	100	1	61	81	99	95	88	56	26	81	59	1	84	34	73	22	84	48	85	20	5	59	77	63	62	94	32	74	39	87	5	67	11	70	8	72	69	78	28	26	76	
23	97	28	90	79	84	83	4	32	17	21	78	33	25	84	43	69	37	41	50	80	73	80	64	27	84	82	28	86	91	12	90	76	99	13	84	47	28	67	14	8	100	30	34	70	88	21	43	94	49	9	78	97	34	88	85	81	26	63	9	
21	72	86	7	44	77	79	23	63	24	13	89	70	75	97	11	76	66	71	7	42	10	19	65	90	92	2	68	44	57	31	25	1	8	33	35	34	98	43	77	3	97	37	73	81	84	36	99	16	98	41	1	21	50	66	8	31	90	10	7	
96	94	95	70	63	74	80	10	91	22	83	99	67	46	31	74	72	55	55	32	2	97	47	35	79	57	47	87	8	84	13	92	53	12	94	90	67	55	4	36	96	66	41	93	38	44	72	1	44	71	20	64	70	18	86	8	95	44	12	95	
100	99	22	13	70	41	28	11	56	43	55	18	30	74	21	44	86	39	7	60	5	77	29	29	7	22	33	23	22	14	47	74	36	71	93	28	37	66	21	43	64	33	96	54	16	73	85	18	1	50	33	88	94	5	42	45	91	44	72	82	
17	60	32	49	68	40	27	92	80	37	66	77	5	66	36	13	77	56	91	65	60	5	88	25	25	46	9	43	44	93	36	52	2	66	1	61	64	20	2	57	28	54	47	53	52	89	61	96	4	99	27	83	27	10	26	8	44	80	48	71	
83	21	32	65	37	7	92	33	16	2	45	43	48	44	38	26	61	87	2	65	26	41	7	86	17	70	43	71	36	48	98	61	76	83	80	85	24	16	33	36	31	16	57	70	78	92	17	70	76	55	67	54	79	74	41	5	100	40	45	52	
21	46	32	57	6	44	12	44	61	48	46	92	7	30	84	54	20	70	83	4	60	62	45	57	63	83	33	83	66	5	54	13	91	25	49	23	51	75	37	2	54	16	85	36	58	57	17	79	51	13	1	64	99	16	35	72	50	80	49	50	
56	68	34	24	74	62	41	67	1	57	78	55	73	23	29	88	53	17	29	61	51	73	25	3	91	32	45	57	15	60	83	49	98	99	91	16	97	60	64	85	69	41	100	31	30	34	19	16	16	33	98	80	100	99	78	87	29	34	31	74	
3	48	90	36	43	10	15	84	61	76	35	49	23	88	45	91	7	97	58	68	54	38	86	17	18	95	73	65	88	87	94	82	98	91	87	55	25	22	69	94	38	94	65	19	47	34	39	89	51	23	10	44	29	8	29	50	56	88	84	5	
30	95	46	37	48	94	52	94	98	63	66	73	32	85	94	68	80	18	46	18	49	45	67	92	55	22	9	24	43	95	50	20	37	70	73	99	77	84	60	93	3	32	57	81	87	13	23	50	47	56	12	35	90	86	50	8	33	68	88	16	
3	60	67	72	47	30	45	88	40	15	76	8	4	6	10	78	14	99	79	3	96	5	95	94	34	95	42	40	19	75	38	68	4	82	64	75	78	70	73	92	99	28	98	8	45	100	69	56	62	55	22	81	55	29	27	85	76	75	20	80	
84	47	73	90	42	49	60	55	6	56	82	99	84	93	49	11	61	3	91	75	20	48	37	86	12	31	22	59	82	23	18	41	26	59	91	21	24	78	39	58	93	28	38	29	96	98	49	86	42	15	75	55	37	7	3	36	3	56	6	67	
86	91	74	13	55	96	64	32	56	73	46	74	54	4	91	66	71	26	11	18	90	3	34	53	44	48	28	65	51	56	79	31	93	90	48	74	40	49	42	65	12	61	52	13	88	69	65	95	16	82	10	5	2	47	58	23	100	10	17	88	
On machine	4
69	90	23	30	79	20	26	10	1	51	55	23	9	31	57	98	16	90	62	30	72	29	50	97	90	1	81	86	68	57	65	37	21	90	28	16	88	74	62	99	9	5	78	74	26	90	57	33	14	100	96	89	56	20	64	57	85	54	51	95	
17	46	100	92	23	33	33	69	68	100	36	27	58	28	28	54	53	7	9	42	74	14	95	50	46	67	75	64	77	77	58	32	19	57	42	17	47	31	19	69	34	70	50	64	94	4	4	63	76	5	64	61	75	46	93	95	30	69	71	48	
36	7	4	83	14	25	8	88	80	7	12	96	43	46	10	65	50	96	78	37	20	1	3	78	86	24	8	34	30	87	37	52	87	63	73	31	77	43	73	1	99	22	83	62	51	19	11	98	78	5	6	72	17	99	65	25	91	13	100	81	
5	68	15	36	78	63	87	55	58	98	10	64	36	47	81	43	18	31	78	47	50	6	85	1	63	30	54	54	66	21	39	43	82	21	44	76	4	71	52	5	39	95	18	37	39	59	68	84	40	50	30	12	90	16	90	18	94	47	66	33	
67	59	43	63	26	41	25	64	87	92	15	92	5	70	93	60	76	74	15	23	84	37	15	9	77	26	77	88	13	61	94	43	74	52	39	51	73	17	52	4	97	34	37	96	48	10	23	58	38	19	6	37	20	8	9	2	8	33	79	72	
29	41	25	14	18	59	68	78	58	28	48	88	91	16	21	93	59	95	61	33	99	58	70	31	86	2	49	71	3	41	71	28	87	78	39	60	20	17	13	52	59	7	65	52	81	31	19	59	68	98	50	43	21	65	14	11	59	84	66	12	
66	97	41	18	32	89	49	43	84	70	2	9	18	50	16	84	99	42	23	38	73	47	66	54	85	85	54	15	50	78	21	38	53	17	26	32	83	14	58	9	2	33	11	54	16	40	8	53	92	58	42	70	11	26	78	56	26	41	87	46	
77	59	68	7	7	66	1	28	95	84	98	48	18	98	57	89	1	50	10	77	2	59	23	95	86	9	81	47	34	26	88	71	22	99	25	28	61	8	22	61	55	19	98	38	63	30	3	83	97	79	52	90	83	64	31	86	74	35	67	45	
15	43	9	60	74	91	36	30	31	86	94	87	24	33	45	38	55	69	58	36	23	48	92	74	44	69	36	45	18	90	56	17	62	34	46	80	93	19	71	15	53	81	92	25	66	59	91	87	64	26	8	81	77	72	86	95	17	43	60	45	
68	22	97	43	91	15	44	27	39	58	68	77	83	49	8	29	13	28	81	7	15	90	51	84	49	52	44	67	17	98	31	87	74	40	66	19	34	12	86	69	76	73	87	19	64	53	78	86	100	54	21	37	83	21	63	75	76	52	80	52	
82	13	55	5	89	4	97	60	47	86	41	2	3	87	18	28	94	97	83	44	68	45	14	65	34	85	30	16	26	19	97	97	98	49	22	69	72	33	60	61	33	79	48	54	61	13	47	42	19	58	46	56	26	34	21	27	82	61	18	5	
70	66	60	62	10	2	28	41	49	72	78	31	89	67	31	21	54	22	53	12	76	56	72	100	84	77	68	39	32	95	39	68	18	88	64	54	78	79	79	55	18	56	43	31	92	74	54	31	62	75	45	38	21	50	7	93	90	85	74	6	
40	80	79	99	80	78	97	71	85	24	65	42	13	42	36	69	7	55	30	9	61	24	26	72	61	37	14	15	66	62	51	74	14	11	72	89	73	15	76	16	1	58	85	30	68	46	36	1	57	14	78	45	70	44	92	46	26	61	26	79	
62	38	44	8	50	61	29	98	81	72	79	81	12	9	48	15	23	75	84	4	45	92	2	100	75	4	3	40	62	1	29	27	40	62	88	93	63	73	7	82	24	40	80	39	59	44	41	57	56	25	10	96	62	5	11	95	98	91	80	18	
38	77	14	73	58	13	15	55	90	68	73	29	93	76	47	76	38	4	64	84	77	18	80	50	89	8	96	53	64	54	70	92	74	86	89	55	81	53	86	75	51	73	71	95	50	88	75	97	61	40	29	20	4	63	18	19	90	66	25	25	
36	32	18	59	45	64	35	19	76	74	88	46	90	53	93	100	57	75	88	54	31	41	57	89	55	99	6	6	49	14	11	69	48	86	62	25	13	22	15	35	81	89	37	47	99	84	8	96	15	30	6	16	2	71	51	47	51	15	94	94	
37	33	77	67	98	71	100	87	56	9	1	45	2	6	10	1	93	13	63	3	95	32	42	65	44	65	88	86	83	98	58	53	47	6	27	5	27	28	64	86	7	84	45	20	48	84	14	18	73	97	14	38	3	22	71	3	54	71	90	59	
81	86	96	62	56	94	42	34	43	93	4	77	22	12	76	96	67	76	49	21	27	99	98	15	81	95	97	76	44	74	96	84	43	11	10	21	26	29	45	34	90	57	42	67	72	32	1	45	7	25	76	50	95	88	98	52	42	4	85	50	
45	34	15	83	2	62	59	41	9	18	40	21	48	1	22	46	83	57	73	67	87	100	86	25	5	7	70	27	70	29	94	4	47	82	73	6	62	19	96	56	75	9	43	75	36	32	50	17	69	75	55	30	33	57	31	50	69	45	55	90	
17	69	44	65	20	95	72	3	99	49	36	9	46	92	47	8	39	47	96	99	95	13	55	34	99	79	55	13	86	90	32	83	71	48	19	79	89	21	63	24	89	49	91	93	68	60	55	100	17	66	55	62	13	8	93	11	50	70	35	14	
45	77	61	20	23	52	64	5	34	79	67	51	11	35	97	18	35	52	52	28	62	100	88	89	95	31	34	93	50	95	38	5	50	78	51	8	3	18	14	87	86	33	90	31	82	81	91	77	96	10	64	98	70	17	10	48	1	3	53	77	
66	74	97	18	29	75	81	59	9	13	74	13	99	88	48	76	90	22	64	42	54	18	29	23	8	78	5	55	6	79	6	89	40	18	2	70	25	53	79	44	73	55	35	59	75	20	31	97	91	80	8	5	99	69	99	8	13	31	81	6	
11	24	58	58	42	28	7	23	72	79	54	73	37	56	21	13	7	80	81	8	9	100	40	71	5	95	68	59	90	51	43	49	100	41	52	81	53	95	28	90	88	51	88	17	40	21	84	79	71	61	45	84	75	21	71	26	1	35	10	50	
80	35	22	13	9	12	45	80	17	4	7	4	46	13	44	48	25	74	37	46	67	94	84	66	54	71	77	76	3	2	9	15	66	70	10	76	30	86	35	81	21	95	50	71	2	50	95	3	41	98	19	48	10	52	4	28	14	4	59	71	
11	51	95	28	27	5	64	31	74	25	68	43	51	31	57	21	67	86	95	84	36	70	35	70	6	83	91	11	95	26	48	13	12	75	42	56	14	40	67	23	70	97	99	85	29	1	18	29	43	52	71	60	66	85	79	13	9	42	5	87	
73	5	100	53	16	45	1	66	84	70	64	74	2	9	33	65	84	48	27	86	76	89	67	99	18	68	13	59	32	21	53	28	56	66	4	23	49	2	73	92	61	11	57	26	74	42	77	2	44	45	31	66	39	72	100	66	54	30	21	42	
3	25	87	3	27	56	39	70	60	30	97	1	41	73	84	69	42	88	59	84	9	15	11	92	56	26	37	59	36	76	17	41	37	30	3	14	71	49	49	60	13	52	93	89	51	85	72	41	81	42	47	95	14	79	38	68	71	10	86	44	
29	97	47	51	8	51	42	31	76	70	70	4	63	33	94	88	97	74	46	29	89	72	86	19	33	40	48	14	79	25	68	15	37	83	46	86	34	81	91	52	30	41	71	98	52	44	74	26	45	49	57	36	80	27	71	40	40	35	37	2	
98	46	14	70	63	3	15	73	92	84	14	79	28	74	75	86	38	66	23	31	4	17	85	48	23	55	3	6	48	16	98	48	30	59	36	36	85	27	81	88	78	63	51	75	68	1	7	93	66	50	41	100	18	72	71	100	42	51	97	66	
5	98	14	20	32	49	55	72	13	43	32	91	7	34	59	4	16	49	14	29	4	57	71	87	67	30	18	8	76	12	45	66	62	50	2	35	11	50	2	4	96	67	84	22	81	82	2	61	41	98	76	83	36	22	1	21	66	5	22	36	
55	82	19	83	9	35	100	91	33	66	25	91	18	1	50	37	54	35	22	12	51	57	65	63	69	86	31	27	68	58	79	68	93	3	68	66	36	2	15	69	44	8	44	21	67	8	37	44	35	60	9	80	85	54	82	58	28	97	42	91	
29	83	6	33	91	2	19	21	36	94	44	34	82	97	28	18	34	74	78	63	84	66	94	93	61	44	90	38	25	46	89	3	77	60	54	9	5	5	44	26	41	12	81	28	65	25	56	70	12	8	4	30	49	36	90	11	57	72	45	57	
24	30	72	85	72	29	31	25	6	49	60	55	50	11	13	49	38	91	17	65	33	9	71	34	29	91	83	90	26	73	68	17	45	84	40	23	14	49	78	57	92	77	94	50	37	73	56	71	60	71	82	87	97	37	31	5	82	31	11	87	
24	40	38	36	92	21	48	36	70	40	58	34	5	6	86	82	72	35	54	56	13	47	95	89	8	6	33	65	10	59	50	24	75	24	95	81	20	93	100	75	45	47	36	62	50	95	20	22	32	59	48	43	31	40	16	21	70	21	84	44	
10	51	91	22	42	30	44	68	10	59	8	22	15	38	30	31	43	41	61	44	65	33	38	56	35	49	14	32	94	13	88	92	94	96	2	70	54	58	15	28	90	19	1	96	92	4	94	15	60	51	81	15	19	64	50	3	33	39	36	39	
93	100	42	3	93	18	95	50	48	63	35	75	80	46	78	9	87	26	39	4	92	38	66	71	45	89	10	67	17	93	42	88	51	26	41	95	29	52	31	84	26	89	57	72	48	56	24	41	54	43	6	65	52	90	78	12	37	96	1	58	
66	25	37	93	84	60	37	59	40	71	9	18	96	42	31	63	49	4	98	40	11	20	30	54	72	66	28	6	17	36	4	60	17	63	100	64	16	62	14	75	19	91	45	6	36	79	100	76	96	51	36	82	83	76	7	38	72	3	68	18	
46	13	25	7	87	72	27	83	38	79	81	2	78	99	32	27	24	55	37	55	85	68	22	80	98	24	62	3	24	8	63	78	92	56	3	84	49	60	91	89	79	52	13	82	80	59	72	28	45	76	72	57	96	64	17	8	83	32	13	16	
20	66	88	51	54	89	99	23	30	38	70	94	3	44	75	6	15	40	48	55	19	74	3	24	1	91	60	75	8	91	43	57	3	100	32	97	6	87	39	40	41	63	31	70	46	76	94	82	49	54	53	55	2	74	86	77	87	40	99	90	
7	86	61	59	38	7	25	13	54	51	78	68	81	30	43	24	12	96	62	99	43	16	25	72	86	20	3	25	64	11	99	55	85	56	69	100	45	26	81	25	75	9	96	17	3	8	92	98	8	35	63	59	73	55	79	46	34	19	69	18	
26	41	31	48	86	66	34	45	60	2	20	59	85	8	38	17	11	73	5	28	12	89	42	51	39	34	12	89	12	64	89	30	90	46	47	35	90	71	48	70	75	55	8	74	100	88	7	46	65	76	59	84	70	8	74	43	56	26	94	73	
54	74	100	11	87	14	44	22	76	16	100	72	65	76	91	57	39	82	3	98	41	73	36	3	67	65	95	56	30	47	44	6	33	26	31	63	75	35	29	76	66	4	41	89	95	70	24	2	95	10	87	16	70	65	34	53	22	94	34	88	
15	16	23	61	24	51	42	69	60	84	86	32	78	96	79	82	81	40	44	28	92	51	14	55	38	56	29	2	25	47	18	89	56	61	37	8	5	10	83	96	71	31	16	24	5	76	23	92	95	39	94	23	62	42	68	57	47	25	72	15	
2	8	99	57	17	19	73	16	90	83	72	58	20	96	90	51	43	51	40	42	25	87	66	39	69	74	61	13	22	61	27	58	51	76	26	74	45	34	59	22	64	73	16	18	43	36	32	45	87	54	22	67	15	15	29	96	85	32	34	59	
6	23	6	61	70	79	74	35	46	85	72	28	15	44	20	24	92	15	70	34	7	8	98	93	92	91	29	78	45	23	54	83	97	12	94	54	59	38	15	51	74	1	95	100	99	50	83	36	6	4	17	50	5	58	15	87	41	96	61	1	
94	48	18	21	77	40	90	67	28	93	82	52	70	78	92	5	44	100	65	98	46	16	92	85	22	44	89	33	62	14	90	13	44	27	17	25	83	86	70	27	47	43	34	81	66	87	76	6	13	97	86	38	25	38	28	36	34	25	61	35	
79	36	66	30	43	7	35	63	71	43	58	93	34	45	27	62	41	8	30	37	39	31	99	97	8	63	3	61	56	53	65	41	99	63	16	32	43	25	88	83	49	38	19	59	31	78	77	3	65	62	54	57	26	50	15	97	50	59	71	17	
70	37	68	83	84	2	76	64	63	76	53	86	81	80	64	48	27	83	65	28	92	9	24	30	14	63	70	47	54	33	36	97	62	45	27	77	16	34	31	36	96	77	29	50	82	76	18	84	73	52	62	9	31	16	29	16	11	66	37	4	
79	2	72	55	89	100	64	19	96	47	72	62	70	71	52	41	53	83	12	23	63	40	37	34	42	92	100	75	96	78	7	34	38	21	37	49	75	83	94	89	44	68	71	80	49	91	79	69	18	92	94	53	23	87	52	40	73	20	18	99	
86	80	41	95	95	54	35	97	84	97	93	47	67	2	81	68	33	61	33	64	17	36	52	94	82	62	98	13	23	89	70	80	33	39	21	53	70	7	8	89	47	7	34	38	95	92	61	64	57	60	62	100	10	91	91	34	44	89	60	22	
82	31	56	38	25	48	97	94	30	54	50	8	34	33	48	20	38	55	83	78	98	60	79	7	80	72	22	22	9	15	52	16	56	81	56	34	86	90	40	85	37	83	96	5	15	82	63	3	33	14	68	77	65	91	87	88	28	100	38	44	
16	81	49	61	70	19	59	50	79	74	91	73	33	19	59	98	31	22	4	9	64	38	42	69	3	2	22	71	74	38	73	13	79	83	55	7	72	30	68	43	2	96	45	60	83	30	98	2	94	15	86	12	39	62	16	54	95	76	45	91	
58	91	77	50	8	72	34	17	61	42	95	98	21	79	94	57	2	87	17	65	19	6	89	66	49	3	71	68	28	7	78	74	8	34	42	29	52	92	47	70	91	18	65	33	9	68	27	28	96	74	97	35	56	2	86	45	75	13	41	47	
57	23	76	87	4	88	38	36	31	80	82	96	32	3	13	98	38	34	26	17	88	45	64	56	59	33	12	32	49	19	33	55	7	5	48	86	45	77	47	77	32	28	85	6	45	9	55	75	19	2	2	52	85	61	24	8	85	19	31	31	
23	90	100	92	42	93	4	3	52	100	97	2	49	83	2	92	42	59	48	82	66	59	24	41	20	29	25	68	94	73	100	58	37	69	72	22	58	14	79	91	29	97	58	18	76	54	72	30	54	81	31	30	29	78	62	13	41	55	62	78	
49	94	5	81	47	5	95	10	91	24	5	16	4	18	48	1	46	36	28	44	67	80	84	99	61	26	43	38	83	91	39	47	84	44	97	48	32	89	21	82	12	69	39	91	20	80	26	59	91	18	65	74	51	100	67	1	18	92	55	41	
36	30	40	48	1	4	13	91	57	18	16	35	30	46	36	17	47	14	69	100	51	11	39	76	99	24	53	48	91	24	83	95	74	4	62	55	73	17	27	90	74	95	90	62	21	50	76	72	99	90	24	60	65	52	2	22	55	45	57	80	
14	57	74	18	94	52	76	74	76	44	2	73	19	69	67	21	33	31	72	18	17	48	87	47	78	33	67	32	15	62	8	9	81	88	68	84	44	87	34	7	90	76	34	21	52	24	77	6	50	61	91	1	93	41	66	97	39	37	73	75	
98	48	77	7	29	36	66	75	24	96	1	92	94	91	76	24	80	87	2	40	59	37	69	79	2	93	14	78	61	73	24	69	74	83	48	82	98	42	99	29	89	8	48	32	42	57	79	27	36	27	30	11	18	83	99	62	78	35	26	94	
67	4	17	48	33	54	49	6	96	73	59	92	49	58	95	26	56	71	87	55	36	15	27	6	17	42	4	44	71	71	10	45	12	55	43	94	52	57	89	84	98	54	31	34	62	55	6	76	25	81	5	14	16	36	7	83	21	51	100	28	
On machine	5
18	19	87	96	23	69	22	41	27	61	19	50	89	33	98	2	9	83	58	13	12	62	68	94	100	78	61	93	29	69	100	38	43	61	20	13	97	19	3	67	73	42	67	9	86	81	68	92	58	33	2	37	15	47	4	34	64	72	26	88	
11	81	43	46	90	93	86	94	98	97	29	70	64	51	10	30	6	27	45	84	28	34	71	76	100	91	6	21	3	86	45	20	73	95	65	40	54	84	71	33	62	22	36	61	50	77	99	12	12	58	94	6	61	25	8	26	73	75	21	25	
34	33	46	69	56	74	26	20	21	73	41	96	97	35	25	68	44	52	98	86	95	19	78	2	15	87	33	51	72	2	33	65	25	65	65	87	72	42	55	74	93	13	7	42	74	35	55	66	74	15	84	86	18	9	50	32	3	71	46	76	
9	1	14	41	32	73	83	87	37	12	35	34	91	60	90	30	74	15	82	17	87	78	76	75	14	53	60	72	25	38	92	95	62	56	69	37	30	90	59	83	3	88	15	52	27	9	89	86	13	50	90	60	53	30	6	49	55	2	86	11	
33	23	26	97	50	10	61	85	13	91	97	52	89	97	33	25	60	33	84	37	39	17	24	19	26	95	18	35	13	61	36	23	66	99	80	11	24	64	83	33	63	57	82	75	88	24	31	67	75	43	96	3	76	7	91	67	47	76	33	31	
96	94	9	97	49	18	35	55	73	73	54	45	49	8	5	94	28	44	5	43	41	92	91	76	48	73	24	90	12	14	50	28	51	88	1	38	94	99	78	55	57	86	58	33	23	7	38	19	5	58	81	30	44	8	52	76	46	27	85	93	
1	92	82	50	28	88	36	64	1	75	13	29	72	6	3	58	60	23	66	56	87	22	49	90	93	22	100	23	3	100	68	28	13	67	48	90	77	97	67	13	86	81	85	31	49	98	62	98	22	99	16	47	77	51	57	33	83	10	5	37	
19	85	57	64	70	3	52	38	86	72	72	68	21	98	53	48	89	13	2	78	55	19	28	99	17	14	15	86	96	53	78	71	98	61	30	51	46	35	38	47	17	32	62	28	97	9	49	95	1	97	15	7	24	77	87	16	13	42	97	21	
98	7	79	7	11	69	33	55	34	43	95	73	29	50	38	79	91	7	58	58	55	47	26	8	85	35	88	1	82	52	2	29	78	67	45	94	36	4	34	58	46	12	94	5	85	26	66	84	67	92	2	52	31	57	18	88	10	33	39	92	
71	23	27	52	8	6	55	17	19	19	63	90	49	70	11	25	22	11	37	23	77	39	88	25	43	75	3	69	90	52	24	24	34	88	27	9	16	100	37	86	41	94	82	98	97	48	75	87	44	22	72	92	89	61	93	89	41	8	22	22	
74	12	8	97	93	70	54	4	81	100	60	51	58	28	79	77	28	23	85	73	23	58	22	3	26	13	47	92	14	85	10	98	26	40	34	12	6	86	88	57	4	98	39	23	53	45	100	37	67	7	89	1	38	16	95	84	1	92	53	47	
19	26	95	3	66	36	19	99	3	76	70	36	6	27	2	45	24	99	91	41	94	23	16	50	35	79	63	11	6	33	60	60	81	10	37	84	98	14	29	91	48	67	35	93	57	27	54	95	29	91	91	61	72	67	65	3	64	56	27	8	
61	81	62	76	31	5	21	9	82	20	7	52	43	48	16	61	49	45	78	16	1	88	33	89	23	76	20	38	46	79	14	52	66	20	33	71	35	36	30	62	61	78	74	43	26	62	35	54	32	38	2	48	40	12	79	33	49	94	41	34	
1	71	49	29	44	41	89	18	63	55	5	71	100	53	28	90	39	78	83	69	68	97	30	31	85	71	52	81	43	4	33	35	24	44	14	80	37	8	24	23	21	1	49	52	19	16	80	91	92	55	37	55	10	27	83	5	10	70	69	37	
81	99	11	85	45	71	55	26	39	30	12	60	50	71	94	34	54	12	86	68	97	42	11	6	62	71	88	6	25	37	76	90	95	46	72	24	94	80	80	69	67	87	5	31	97	88	68	27	29	29	79	83	76	78	40	100	84	46	54	74	
11	51	16	74	68	82	19	28	8	22	23	31	88	30	97	74	12	97	92	24	87	58	70	22	12	65	24	64	20	44	96	77	84	57	89	74	6	23	36	38	91	74	50	43	56	24	66	24	77	34	49	38	93	68	15	11	96	52	59	73	
33	28	46	51	100	18	60	59	63	56	19	56	19	36	84	24	13	69	27	81	49	26	83	91	31	66	82	37	89	53	66	53	77	71	12	29	79	23	20	43	84	41	9	55	3	31	46	40	20	8	81	80	20	57	35	25	69	1	84	88	
87	72	29	43	54	52	15	9	16	51	89	92	65	83	57	72	57	75	15	38	57	89	67	19	82	37	4	94	99	29	12	16	22	68	26	67	53	60	50	92	72	7	16	53	89	90	27	77	67	5	35	82	24	73	73	97	35	27	18	40	
97	13	35	41	29	26	31	29	53	54	61	75	15	83	44	89	26	45	92	36	86	85	11	52	9	56	63	10	78	54	70	14	90	89	32	79	50	86	79	49	84	3	69	20	13	66	9	46	98	41	71	51	37	66	73	76	51	41	82	22	
84	64	43	19	27	70	63	14	91	79	99	31	96	15	73	57	38	28	12	51	14	74	96	88	82	61	84	98	44	77	49	94	57	57	17	77	80	8	28	62	33	61	81	59	90	73	81	13	97	39	11	80	2	15	76	9	51	37	97	10	
66	15	65	52	9	66	100	19	69	26	80	35	23	13	48	69	58	34	18	16	71	52	33	25	45	80	98	16	10	51	30	88	17	16	73	89	20	7	97	97	69	93	74	50	79	71	77	41	8	61	47	21	8	50	55	62	45	86	26	36	
97	55	26	25	83	16	29	65	5	23	35	43	42	48	82	17	23	30	78	43	4	27	48	58	92	3	27	47	88	29	5	97	48	52	93	23	71	86	65	69	86	46	11	37	2	72	21	81	81	75	22	56	25	75	9	46	43	71	88	52	
51	8	21	27	77	6	64	7	4	78	30	59	17	2	76	44	18	21	18	19	11	14	5	74	8	26	99	77	52	43	70	65	94	100	9	18	27	6	2	82	95	14	43	89	23	36	78	42	78	54	10	73	78	14	56	11	41	39	97	71	
49	95	38	22	65	20	46	98	81	96	31	66	8	23	8	13	35	55	61	92	21	44	15	53	49	63	62	29	100	15	60	16	28	90	83	12	31	25	54	55	56	79	4	97	63	44	70	85	51	21	98	38	41	66	27	30	62	78	39	70	
13	94	54	65	58	56	22	33	46	78	32	81	44	80	32	90	63	87	19	24	5	18	88	9	20	36	53	79	91	63	32	93	59	91	30	68	74	75	37	39	16	85	28	65	100	83	59	80	34	72	62	14	70	59	23	75	23	16	78	70	
77	13	12	73	7	31	9	10	18	17	2	92	2	87	99	93	22	95	86	17	18	24	40	38	54	44	64	30	38	100	97	10	68	13	79	100	45	73	29	39	96	78	89	10	16	74	12	86	4	80	12	32	80	42	15	14	1	64	90	12	
5	64	50	31	12	74	97	49	45	22	37	40	25	79	28	23	25	70	79	65	51	27	97	37	36	36	90	53	59	68	49	11	15	85	57	5	96	97	55	72	3	89	93	91	85	31	45	77	83	42	61	12	31	16	93	64	57	51	14	39	
79	95	14	30	81	87	15	32	10	5	4	73	31	27	2	74	96	68	27	67	60	31	25	45	20	50	17	89	69	9	46	48	46	10	88	89	3	61	31	44	12	47	25	40	28	60	43	100	14	15	59	5	17	85	51	47	94	22	12	8	
10	42	22	61	20	64	99	55	33	43	94	73	63	63	25	73	15	19	44	12	62	90	16	82	66	58	100	65	32	15	19	29	13	18	94	20	61	70	71	82	43	11	67	20	95	16	72	24	64	80	45	88	70	97	38	44	70	49	75	81	
19	74	1	12	26	12	55	34	97	96	61	69	25	10	58	11	11	59	98	94	3	56	95	71	36	68	58	78	83	60	24	74	75	31	54	97	84	76	44	47	95	69	12	64	22	35	91	11	81	35	28	61	7	35	22	1	60	89	70	60	
43	100	8	56	88	73	2	41	13	3	77	32	92	70	69	32	35	48	63	13	47	81	49	58	46	13	96	86	16	75	32	79	7	88	97	71	86	80	94	82	83	25	51	27	61	74	35	87	80	21	17	11	18	88	9	34	34	56	39	30	
43	92	96	5	19	17	10	95	96	94	45	42	27	13	5	74	75	46	42	90	29	31	77	99	78	73	53	47	80	11	10	73	52	100	5	91	79	18	36	4	19	4	59	55	25	16	23	7	49	73	50	21	38	34	76	67	74	76	16	11	
8	60	18	51	88	85	3	41	34	64	53	38	56	1	41	11	45	53	2	100	98	68	48	73	18	21	25	5	96	28	66	84	93	27	13	100	39	84	22	8	58	2	76	5	12	90	86	40	74	53	17	84	73	67	51	88	34	93	80	4	
66	49	32	44	37	78	61	88	21	32	63	22	5	53	65	9	62	74	18	64	22	83	84	63	95	97	3	91	34	25	9	83	77	53	33	82	22	18	2	52	25	50	49	69	20	81	97	23	85	75	93	78	15	88	4	36	24	74	13	91	
90	66	25	100	25	73	53	70	53	94	86	54	13	17	100	11	99	85	23	49	28	41	24	98	66	16	15	69	20	75	12	43	90	72	20	38	78	40	72	31	86	91	84	27	11	71	65	66	25	10	3	57	76	45	87	88	43	26	76	93	
15	32	96	50	46	6	92	17	3	100	31	39	65	72	65	4	20	4	19	61	68	71	82	13	17	83	52	28	33	46	12	40	8	32	90	70	17	36	91	21	42	97	98	45	53	71	54	80	76	69	34	7	82	93	11	87	39	74	53	78	
10	86	5	70	4	24	45	70	20	43	76	34	33	96	67	53	68	96	48	82	82	74	42	34	12	7	54	77	5	63	81	50	32	87	6	48	43	12	41	38	59	11	15	37	25	85	96	48	12	64	59	8	84	18	4	85	18	54	20	81	
45	49	60	4	80	72	15	64	69	55	18	38	22	31	57	44	98	43	40	64	74	99	5	49	24	26	76	84	15	10	96	30	25	25	7	80	86	99	77	11	62	5	81	90	16	72	61	68	71	42	11	50	98	96	56	96	83	9	40	39	
73	30	14	20	82	7	65	70	70	36	47	17	37	7	25	90	71	73	32	57	98	76	18	6	11	28	55	43	49	40	74	42	46	75	19	79	88	66	75	15	35	92	26	39	15	93	79	22	33	47	16	20	37	62	32	13	63	6	27	13	
6	47	53	29	43	12	62	35	18	34	3	1	10	83	56	31	52	86	61	14	71	18	11	35	49	79	17	33	56	83	3	94	13	49	77	56	56	50	11	48	54	33	79	2	72	64	31	83	72	67	54	14	41	45	21	12	98	89	34	80	
79	87	95	74	31	54	43	96	1	36	78	42	10	4	95	36	50	32	19	49	7	75	67	14	46	32	28	58	51	84	70	12	72	49	63	41	92	99	74	63	45	63	84	9	39	54	33	73	67	58	62	83	53	39	74	27	52	25	94	80	
46	77	41	43	98	77	8	16	60	72	91	62	42	26	64	73	61	4	75	95	58	87	54	36	13	79	38	11	69	37	26	84	21	76	60	95	3	20	41	13	39	56	4	10	98	30	30	54	4	41	97	40	14	70	30	60	24	70	55	8	
98	63	41	77	89	72	30	46	89	2	91	53	5	24	91	5	6	55	71	77	59	71	1	55	12	100	71	39	30	81	82	40	59	33	70	27	26	54	51	51	77	50	56	17	97	4	56	97	82	16	90	24	28	26	17	4	84	45	36	52	
39	3	2	17	92	87	85	38	52	97	88	82	7	69	22	87	96	15	61	49	21	42	100	84	9	59	40	35	14	44	93	85	34	84	59	57	88	70	39	46	83	2	96	63	39	3	45	45	18	37	100	40	81	32	23	42	39	86	55	44	
70	78	58	81	33	98	30	34	28	38	94	83	10	61	59	30	52	2	95	37	83	35	28	100	64	27	65	13	61	74	13	75	11	2	92	57	54	7	13	99	13	50	61	85	90	21	57	35	15	61	58	41	79	5	62	40	63	42	5	80	
85	52	90	56	78	13	66	87	90	99	75	56	24	42	25	16	87	22	99	14	81	10	90	67	29	58	77	52	58	66	36	93	57	36	58	31	3	78	61	16	33	19	5	53	4	24	84	40	33	93	20	51	88	90	65	29	98	39	45	12	
81	95	29	63	27	68	50	24	66	78	72	88	47	3	89	26	76	77	81	21	59	90	17	46	60	48	65	66	50	7	34	12	15	32	96	5	49	83	61	43	39	60	71	44	31	74	42	55	51	60	4	88	75	20	16	48	47	73	85	86	
53	87	73	56	65	54	2	65	11	67	79	45	41	54	74	90	22	16	41	40	94	3	18	3	19	88	3	19	11	92	66	97	11	55	49	36	91	12	14	18	75	1	25	100	50	85	46	35	92	71	20	93	25	10	34	92	36	17	62	40	
73	42	23	71	31	82	83	56	37	31	16	76	67	24	42	97	60	99	90	16	17	68	14	78	12	26	40	13	6	92	99	8	37	66	52	12	91	24	54	68	99	78	36	79	89	96	38	41	52	72	58	4	9	98	80	72	47	7	37	60	
81	53	56	34	27	13	61	92	5	2	34	77	97	58	47	36	7	71	82	15	29	27	15	70	83	3	76	1	41	76	36	56	12	63	97	9	23	43	35	79	22	56	59	33	30	86	100	53	94	23	37	54	45	25	99	48	93	55	17	10	
23	70	93	88	92	43	16	11	88	19	5	41	98	49	94	70	59	15	56	35	25	20	27	44	74	34	65	73	25	47	79	56	46	28	9	82	13	72	3	31	8	82	43	15	52	38	98	70	60	9	53	54	78	51	41	48	77	97	42	45	
4	31	39	13	43	67	30	89	71	87	73	8	17	75	38	63	81	3	55	67	29	67	81	47	35	99	58	82	34	62	40	63	26	46	60	71	73	74	47	29	34	47	75	100	8	55	53	87	14	78	50	71	81	34	100	16	13	70	22	9	
13	22	10	93	86	25	6	1	11	14	29	54	2	37	12	78	24	81	64	49	81	94	22	16	22	93	16	63	100	57	69	43	34	9	53	30	54	91	33	90	52	59	90	16	82	96	88	94	95	22	92	79	18	33	79	13	38	1	19	86	
20	82	32	79	4	58	44	39	100	25	62	76	13	16	53	63	83	25	63	20	71	86	36	7	67	72	17	54	6	89	5	55	65	89	38	94	49	50	3	78	29	62	37	78	30	6	23	11	49	12	98	40	21	56	72	59	66	10	33	50	
54	30	16	65	34	78	8	46	47	72	98	44	21	99	100	28	91	88	14	76	64	68	44	55	37	20	89	30	97	68	46	27	98	72	38	47	92	40	61	12	98	49	6	61	87	52	21	78	71	27	20	71	12	34	50	47	59	80	54	12	
38	29	9	60	73	30	38	99	11	91	5	48	24	85	82	90	45	32	63	60	32	98	77	6	12	1	54	49	83	69	43	60	10	30	65	5	100	69	25	48	95	72	16	31	28	19	26	53	45	72	87	54	88	14	67	26	25	22	30	41	
24	70	81	36	32	98	22	67	87	88	86	22	88	47	59	11	69	99	83	39	80	27	11	24	40	99	52	12	11	72	42	88	19	65	66	59	62	22	12	68	30	96	89	81	1	67	65	61	92	19	12	5	74	14	53	50	44	12	4	35	
34	52	17	100	88	82	81	17	62	42	68	45	41	8	78	81	51	13	90	70	29	36	77	6	55	36	21	93	39	89	37	6	94	49	74	75	75	22	79	99	93	93	77	82	88	49	42	50	90	20	87	5	32	93	95	25	90	90	22	63	
87	44	49	31	94	81	100	20	72	93	98	23	59	100	27	52	58	46	80	77	74	13	3	17	36	99	53	84	13	96	20	85	34	90	80	49	44	17	100	26	94	74	49	74	60	42	99	33	24	8	41	16	59	75	10	8	71	73	23	34	
30	29	43	4	13	54	44	99	50	19	52	39	10	90	92	36	71	92	32	95	82	43	11	56	8	15	49	25	75	73	18	91	14	57	48	74	12	34	39	19	93	7	20	46	73	36	64	26	34	81	98	52	76	38	28	50	19	97	14	99	
On machine	6
17	67	96	2	45	5	86	69	3	2	40	44	56	56	66	87	56	49	44	58	63	94	30	34	5	86	4	84	26	76	100	80	77	96	28	85	2	89	1	44	45	39	32	10	93	3	48	50	54	40	24	14	39	11	51	56	91	86	29	76	
66	64	92	63	26	40	27	19	71	80	1	70	51	65	78	85	58	4	17	7	14	94	77	72	82	63	49	77	4	79	41	76	47	67	76	92	90	54	23	17	38	11	55	33	22	7	54	1	76	74	86	42	35	70	18	14	47	79	9	43	
5	80	20	2	12	74	59	95	75	35	51	57	28	34	59	36	7	1	44	90	11	17	61	59	2	34	39	14	28	38	6	81	38	46	24	32	43	40	14	49	78	19	27	48	65	92	3	63	81	89	49	53	27	66	80	6	23	91	13	18	
83	49	80	31	3	5	91	84	22	71	7	44	51	80	12	34	48	89	41	46	35	20	76	48	92	41	7	19	58	23	23	1	45	7	63	53	83	60	4	1	34	67	100	21	93	41	13	92	43	50	88	69	12	53	81	8	77	17	1	79	
50	18	29	3	50	69	52	87	83	88	20	63	71	85	17	4	30	56	79	92	52	27	85	28	45	50	97	26	23	99	46	48	1	71	71	32	2	46	2	53	63	40	14	46	24	5	72	34	100	58	4	11	16	23	70	39	18	83	99	96	
42	43	26	43	93	19	34	60	40	39	66	59	67	9	66	62	91	62	15	61	68	54	98	18	43	39	41	63	3	65	75	12	82	100	18	57	67	70	13	91	78	76	86	90	91	94	36	51	2	21	18	59	14	24	9	20	45	95	58	78	
24	48	62	28	59	42	93	68	79	75	49	97	26	72	41	48	87	100	1	21	26	33	15	10	6	22	67	84	37	69	44	77	88	91	35	6	60	34	15	38	8	58	61	14	69	4	64	18	90	42	8	12	3	39	72	84	99	10	82	80	
73	100	47	5	64	31	86	33	43	32	81	74	20	85	9	42	94	35	53	69	93	41	54	65	41	74	13	32	3	20	37	43	39	14	79	84	33	7	80	97	98	79	78	67	97	93	5	18	59	54	31	15	4	25	77	14	83	95	56	18	
8	33	97	73	60	60	45	24	96	68	32	85	58	80	58	27	44	64	34	4	54	40	54	22	87	29	31	32	78	50	51	57	63	29	37	70	31	81	48	79	80	69	98	51	54	26	97	73	85	50	27	2	44	30	2	5	25	30	12	88	
79	78	73	47	36	31	45	61	50	42	80	23	92	75	46	82	24	2	72	13	64	47	92	74	61	20	52	91	88	11	26	16	4	39	27	35	78	39	17	49	51	66	33	75	95	90	93	26	70	83	14	31	76	22	18	18	41	25	8	94	
30	97	95	82	77	91	12	13	99	59	98	59	4	66	60	38	6	57	94	68	5	66	24	67	39	15	36	28	56	89	36	41	28	51	83	21	28	39	20	61	57	100	75	20	83	45	41	98	25	61	54	54	5	43	89	69	55	11	90	34	
45	78	30	76	10	46	28	28	83	22	39	72	65	17	81	28	33	100	14	90	76	61	19	1	86	57	29	73	81	34	69	27	57	45	45	23	60	62	56	37	79	30	22	52	55	4	58	39	97	47	85	30	34	58	52	89	100	13	92	64	
93	79	3	67	73	9	98	58	9	86	62	43	84	43	12	94	47	61	65	82	61	97	49	50	93	91	86	63	34	38	87	36	18	19	75	77	42	72	100	37	82	43	23	74	6	70	81	70	80	97	67	11	43	14	34	66	67	41	7	1	
45	85	17	6	42	65	38	15	55	62	59	64	19	68	62	90	85	75	98	69	11	28	10	84	100	92	93	7	93	64	74	13	98	29	46	39	63	70	26	72	99	64	7	63	48	38	43	19	68	77	58	29	89	41	49	55	92	8	9	51	
23	87	91	41	18	35	71	9	38	62	18	100	5	58	77	70	17	68	46	85	5	21	53	72	7	69	52	14	79	37	91	27	32	14	11	63	76	95	75	82	75	4	39	88	34	7	24	38	26	47	92	80	46	10	100	96	88	47	67	11	
60	73	9	79	14	55	60	81	43	56	78	32	69	40	23	54	54	36	100	33	94	38	48	60	48	37	46	55	35	56	51	68	72	68	66	100	15	59	13	5	22	54	89	53	34	51	84	83	69	28	54	9	30	14	27	81	34	17	99	16	
71	11	40	68	52	35	87	64	36	21	51	6	26	87	79	52	4	93	14	59	50	88	93	28	94	87	19	64	2	91	64	94	73	73	80	95	42	6	29	29	97	2	40	20	67	72	52	53	100	61	16	67	11	11	53	76	98	40	59	63	
14	59	36	87	41	10	97	97	18	72	9	1	38	77	19	19	61	88	100	28	62	28	2	85	26	18	67	47	9	34	92	96	71	8	43	10	91	61	94	22	30	50	75	2	18	92	73	35	27	1	48	32	86	1	32	31	48	21	94	55	
13	36	44	81	13	51	5	91	59	7	88	18	60	79	29	3	82	67	1	4	54	35	47	3	15	1	79	15	29	19	22	31	48	19	17	4	44	91	71	10	68	35	2	97	98	88	77	24	31	32	43	94	3	39	10	61	50	20	90	19	
56	4	100	15	75	66	26	11	43	21	52	59	63	78	76	71	98	64	14	64	82	52	51	1	100	85	12	40	80	89	25	18	55	94	71	2	38	98	96	20	24	60	53	82	72	3	58	16	88	20	65	45	42	38	94	57	77	4	21	57	
75	49	88	55	88	94	75	2	37	11	97	42	1	81	73	4	11	87	77	76	66	24	17	30	2	39	43	59	4	80	69	12	27	47	32	8	20	35	44	6	87	8	13	93	63	19	40	99	84	81	72	60	31	35	14	71	73	46	22	37	
51	95	81	21	86	72	16	84	19	71	75	18	97	2	66	81	66	95	78	24	78	10	23	6	18	2	36	65	20	57	64	16	60	14	76	49	78	83	13	23	56	14	23	31	55	40	98	53	2	25	4	84	3	42	63	24	100	32	84	58	
95	40	76	61	41	64	70	74	61	53	74	97	5	33	41	47	9	51	24	51	34	76	97	33	53	12	63	48	53	90	25	79	2	12	50	26	74	27	40	26	69	89	95	78	76	88	39	87	19	98	73	19	59	13	97	9	45	37	75	88	
56	31	52	72	65	89	51	73	45	43	57	15	94	76	48	2	18	62	59	19	73	22	47	95	49	19	41	30	10	36	28	42	59	100	51	34	27	66	90	57	41	77	53	3	50	38	54	73	79	95	5	64	70	70	68	52	40	71	24	30	
74	38	97	16	44	69	8	71	53	76	59	1	49	17	57	65	67	74	76	60	47	89	3	52	71	63	96	66	76	36	38	28	7	11	66	9	36	61	35	76	60	94	91	95	98	74	24	24	95	21	87	61	46	62	83	37	52	29	70	38	
32	71	72	87	7	29	68	21	91	28	34	90	81	37	97	58	52	85	70	90	4	94	41	77	67	62	97	13	41	71	42	74	58	92	68	57	52	47	9	52	37	47	7	36	11	24	37	10	75	9	8	50	87	46	36	41	7	26	91	30	
89	98	76	7	72	2	9	69	42	51	12	66	74	14	86	17	57	88	11	35	2	31	45	76	51	4	48	15	98	13	43	83	66	93	81	74	27	98	28	67	67	74	6	27	65	21	57	23	46	65	68	53	43	91	81	56	30	69	95	65	
44	77	57	51	26	81	40	41	47	99	91	47	97	87	69	31	51	78	74	89	31	98	31	80	68	88	12	58	70	85	79	49	49	91	99	96	46	93	53	74	59	50	25	21	26	3	20	6	4	92	16	67	12	8	73	96	94	78	99	2	
76	67	44	65	88	21	63	61	54	34	60	72	28	50	55	13	68	73	95	80	68	57	92	93	45	86	5	86	32	74	25	88	72	3	8	72	74	59	36	70	66	84	50	99	87	28	59	100	87	62	35	77	91	89	37	15	5	65	55	92	
4	12	38	100	98	95	41	62	87	16	39	31	17	62	55	82	70	95	51	4	5	66	31	26	52	33	83	65	54	52	59	95	29	87	15	35	86	8	18	59	47	65	78	36	60	97	49	19	86	60	39	34	25	96	16	13	9	21	22	59	
38	60	2	8	66	52	23	75	47	93	32	18	74	2	32	21	39	88	22	69	10	19	22	11	74	100	100	64	80	44	7	61	94	81	75	73	40	14	31	50	54	100	14	33	91	10	30	10	46	12	41	60	88	27	28	5	29	67	9	65	
94	83	21	15	10	6	18	32	19	6	61	38	59	21	44	24	60	65	6	72	97	16	83	84	2	29	49	38	22	29	11	74	78	10	41	49	57	39	48	27	66	52	71	69	6	25	78	41	79	5	15	93	60	25	2	97	37	92	38	44	
73	21	48	9	98	19	37	76	65	26	60	100	55	67	77	49	55	20	53	41	13	83	9	74	18	2	100	24	49	77	5	9	17	56	50	88	24	65	43	86	12	80	26	54	24	20	21	8	53	85	16	40	65	50	69	68	16	52	57	51	
30	99	97	100	48	86	48	30	25	90	55	89	67	96	30	97	50	42	77	85	69	44	24	22	77	43	38	37	10	19	28	3	7	35	11	96	8	2	59	19	77	95	91	7	50	71	37	64	13	50	12	71	92	95	11	72	91	93	84	67	
84	22	49	65	45	13	17	99	94	72	6	35	24	71	41	82	65	12	19	25	29	23	87	72	91	72	63	36	53	86	40	53	33	22	32	87	12	24	70	56	58	69	61	94	82	35	13	100	7	97	62	51	17	94	93	43	29	87	36	96	
13	98	65	74	47	50	2	59	12	13	27	95	35	41	4	44	66	58	81	67	21	46	96	74	67	86	14	20	21	25	100	98	87	34	47	60	96	15	62	27	85	15	35	60	51	11	64	29	65	5	15	2	40	57	96	94	69	16	30	91	
98	77	73	56	69	82	35	54	41	64	60	9	43	59	38	47	80	40	8	29	3	27	10	73	81	95	82	44	88	56	50	24	13	76	46	45	45	93	71	84	26	54	53	20	65	96	76	64	51	31	57	20	72	5	27	100	19	38	19	54	
20	1	41	36	6	98	60	8	49	8	98	26	83	81	79	71	100	67	14	71	16	29	33	78	36	7	81	47	77	34	82	21	100	8	68	93	37	86	30	23	75	22	45	68	63	80	21	12	4	72	47	77	42	50	78	80	94	92	56	30	
34	7	28	74	34	84	57	76	17	65	16	65	60	24	10	86	39	96	4	54	97	98	32	100	87	53	76	64	16	40	60	49	87	56	19	75	28	34	26	86	80	94	59	38	7	26	48	68	35	12	34	73	75	61	51	50	57	70	22	4	
76	97	30	48	56	49	1	49	63	13	27	33	76	10	9	82	58	95	43	86	63	89	26	13	29	98	86	13	81	7	20	6	47	57	65	91	9	35	30	25	83	42	34	14	10	25	97	37	55	59	44	60	19	90	9	82	28	37	77	58	
43	45	58	8	44	40	26	91	74	98	36	26	39	56	85	74	42	18	60	71	15	35	22	59	87	24	21	88	9	97	58	74	75	71	96	44	81	63	99	38	58	33	1	75	53	57	48	72	48	17	20	88	86	31	14	1	38	70	13	39	
5	87	59	92	33	79	43	20	76	25	2	77	26	73	12	30	47	30	13	83	27	19	4	57	88	78	50	88	29	49	46	72	63	7	39	31	56	37	87	67	18	55	47	33	95	25	6	10	14	89	74	1	96	64	88	44	12	65	88	34	
4	89	62	25	26	16	19	89	41	22	54	21	31	37	4	12	34	6	26	39	18	2	79	65	27	31	93	82	84	4	84	5	91	61	12	35	41	58	46	81	100	85	22	46	79	78	75	72	34	71	32	1	59	96	6	63	76	73	82	4	
98	98	48	15	41	38	92	39	25	42	28	39	69	16	10	6	22	43	56	84	70	17	57	48	4	88	29	67	87	18	31	72	23	43	94	94	56	39	43	3	2	96	70	7	31	44	19	1	31	23	37	35	73	48	15	32	95	86	83	33	
55	1	61	84	27	56	25	53	26	21	52	29	60	7	70	81	96	44	87	23	7	31	68	95	56	75	1	69	38	89	65	61	66	62	3	2	13	45	6	88	60	15	15	16	94	84	91	5	22	57	41	4	26	71	32	83	23	15	80	7	
14	17	97	39	22	54	1	20	95	77	64	6	18	26	9	27	34	62	86	71	90	42	42	68	64	70	2	99	30	95	70	94	3	19	1	31	12	97	44	65	79	41	23	1	52	2	20	96	46	34	5	55	64	89	4	43	69	12	81	95	
84	48	30	78	24	99	57	57	44	58	31	97	82	84	32	48	61	94	47	18	99	80	59	82	32	66	14	22	20	10	65	35	47	13	96	4	31	16	40	46	49	6	74	4	24	11	1	3	34	31	67	53	69	75	88	90	97	14	72	59	
74	60	82	99	1	39	85	82	50	23	86	48	77	20	61	46	57	18	72	39	79	12	34	97	95	47	61	68	20	85	59	80	52	21	53	87	79	14	24	58	74	96	27	24	26	53	29	11	4	56	81	42	56	82	47	42	59	53	5	89	
46	98	62	71	79	74	57	43	37	33	17	6	67	98	24	87	21	64	21	19	62	1	87	17	49	20	87	80	43	37	12	71	72	18	17	54	86	22	7	28	82	32	49	68	97	89	32	99	2	54	62	94	28	22	82	84	22	51	5	35	
64	66	67	84	17	16	37	83	4	30	5	20	8	88	15	51	67	82	31	70	96	31	87	84	67	7	86	44	30	38	5	99	78	1	17	79	52	69	13	44	68	50	53	44	93	85	87	94	50	49	34	59	21	10	8	45	50	7	12	79	
46	86	63	93	77	58	2	23	68	64	81	20	15	25	79	77	74	15	50	71	90	17	79	5	75	12	85	26	84	59	3	91	98	7	72	71	88	12	27	98	42	58	53	95	89	55	69	73	35	8	98	49	67	7	69	2	47	68	87	9	
76	26	59	26	98	52	99	86	45	59	23	3	6	87	22	17	66	34	77	42	84	71	42	68	97	62	29	53	9	15	61	43	43	29	49	18	45	14	56	59	14	56	14	18	76	90	60	2	93	75	83	3	12	18	63	60	32	15	85	82	
89	96	67	77	97	12	64	10	61	60	36	40	64	15	56	71	88	48	13	30	24	85	89	27	100	1	63	61	27	57	52	25	66	96	42	21	94	42	24	65	48	99	42	47	38	39	98	10	33	48	75	81	77	93	1	36	81	18	13	3	
43	5	47	34	10	75	1	57	86	12	13	29	35	10	86	94	46	89	83	59	88	23	49	31	9	22	46	29	5	98	34	54	40	31	9	45	3	64	72	28	100	37	8	93	34	50	61	31	34	16	16	30	49	72	19	92	80	14	85	26	
12	55	24	42	18	62	74	42	86	4	60	9	97	58	81	33	41	47	38	73	20	61	63	15	64	8	46	8	22	37	69	59	60	5	61	32	76	55	38	26	86	42	80	78	9	70	98	73	43	40	65	64	90	56	55	87	37	46	1	52	
66	21	46	44	27	36	97	86	56	53	30	11	81	98	60	10	72	62	21	21	77	70	2	16	32	92	77	68	55	47	37	98	49	11	24	45	78	47	30	66	96	57	33	26	69	70	8	9	54	13	41	65	35	56	54	73	8	81	83	99	
64	43	12	88	43	17	8	10	65	42	6	98	41	26	63	88	72	60	73	83	99	92	74	77	29	23	4	79	45	29	52	1	54	5	68	92	92	3	29	36	92	34	81	8	39	77	65	23	24	8	18	36	82	59	1	78	55	38	81	10	
10	61	24	8	10	14	88	48	40	57	15	97	15	75	53	54	6	50	10	45	85	67	84	72	84	29	61	34	97	6	20	38	4	100	100	42	99	57	5	59	3	90	87	22	13	92	100	94	97	8	94	44	1	29	22	27	89	11	59	66	
26	74	9	71	99	19	79	38	43	63	90	60	32	6	28	56	48	86	14	83	1	7	50	98	2	57	28	70	17	36	89	75	99	31	40	81	70	53	17	75	48	99	63	21	84	98	83	53	38	32	93	76	79	93	29	98	6	24	78	67	
91	61	45	75	92	5	90	41	63	92	34	91	44	10	89	73	15	18	22	91	19	43	19	95	92	31	83	84	15	41	25	51	5	97	15	32	69	63	42	85	92	16	47	97	77	44	43	16	53	73	15	56	81	78	15	59	75	20	24	80	
