Factories	3
Families	60
Machines	4
SetupType	2

Number of Jobs in each Family
5	5	7	5	8	6	1	1	10	1	5	9	9	2	6	7	4	10	8	5	8	3	5	7	7	9	7	8	7	6	5	4	8	7	2	5	2	8	9	4	1	8	3	6	4	1	4	8	3	5	4	2	6	5	1	6	5	8	6	4	

Jobs in each Family
0	1	2	3	4	
5	6	7	8	9	
10	11	12	13	14	15	16	
17	18	19	20	21	
22	23	24	25	26	27	28	29	
30	31	32	33	34	35	
36	
37	
38	39	40	41	42	43	44	45	46	47	
48	
49	50	51	52	53	
54	55	56	57	58	59	60	61	62	
63	64	65	66	67	68	69	70	71	
72	73	
74	75	76	77	78	79	
80	81	82	83	84	85	86	
87	88	89	90	
91	92	93	94	95	96	97	98	99	100	
101	102	103	104	105	106	107	108	
109	110	111	112	113	
114	115	116	117	118	119	120	121	
122	123	124	
125	126	127	128	129	
130	131	132	133	134	135	136	
137	138	139	140	141	142	143	
144	145	146	147	148	149	150	151	152	
153	154	155	156	157	158	159	
160	161	162	163	164	165	166	167	
168	169	170	171	172	173	174	
175	176	177	178	179	180	
181	182	183	184	185	
186	187	188	189	
190	191	192	193	194	195	196	197	
198	199	200	201	202	203	204	
205	206	
207	208	209	210	211	
212	213	
214	215	216	217	218	219	220	221	
222	223	224	225	226	227	228	229	230	
231	232	233	234	
235	
236	237	238	239	240	241	242	243	
244	245	246	
247	248	249	250	251	252	
253	254	255	256	
257	
258	259	260	261	
262	263	264	265	266	267	268	269	
270	271	272	
273	274	275	276	277	
278	279	280	281	
282	283	
284	285	286	287	288	289	
290	291	292	293	294	
295	
296	297	298	299	300	301	
302	303	304	305	306	
307	308	309	310	311	312	313	314	
315	316	317	318	319	320	
321	322	323	324	

Total number of jobs
325

Processing times of jobs
7	5	9	4	
1	7	6	9	
5	8	4	5	
3	1	4	2	
2	1	2	10	
10	1	4	9	
5	2	7	4	
8	1	4	6	
2	6	9	10	
2	2	5	6	
3	5	9	9	
7	10	8	4	
2	2	3	7	
10	8	7	3	
6	2	1	2	
5	4	1	6	
1	1	7	6	
5	10	2	1	
5	10	7	5	
4	5	7	1	
8	8	9	7	
9	3	7	10	
8	9	8	10	
5	3	4	9	
4	2	3	5	
8	6	1	3	
4	3	7	6	
9	3	6	4	
4	3	2	3	
3	8	4	9	
3	5	6	1	
4	10	7	1	
2	8	5	10	
10	8	4	8	
3	3	4	9	
9	2	3	10	
1	2	8	5	
9	5	2	5	
8	6	8	7	
8	7	2	3	
9	1	5	4	
10	10	10	9	
8	2	8	7	
4	5	1	3	
10	1	4	2	
8	2	3	1	
1	9	8	2	
6	2	6	4	
8	2	10	6	
8	4	4	2	
2	9	7	7	
10	6	2	4	
5	1	8	8	
5	7	8	2	
5	10	6	1	
9	8	5	7	
4	9	5	9	
9	2	10	1	
4	10	9	5	
8	8	10	5	
5	5	10	7	
5	4	5	2	
1	1	3	9	
3	3	9	3	
5	5	10	7	
2	2	10	7	
4	2	1	6	
3	7	10	7	
9	9	7	6	
10	10	2	8	
9	10	1	8	
7	7	1	6	
6	2	7	3	
5	1	8	1	
6	9	7	1	
1	9	2	2	
9	1	10	10	
10	5	7	7	
8	5	1	2	
10	10	3	9	
8	3	5	9	
1	3	10	5	
7	4	1	5	
3	6	6	6	
4	4	7	5	
2	8	3	6	
1	5	5	10	
4	6	1	6	
1	8	10	7	
10	5	7	7	
6	1	6	1	
8	6	6	9	
9	5	8	9	
3	8	4	2	
2	9	7	6	
10	6	2	10	
10	8	2	6	
5	4	6	6	
2	3	9	4	
4	4	3	6	
6	4	4	1	
3	7	4	6	
2	3	8	7	
1	7	7	3	
4	9	4	7	
7	4	1	8	
5	8	4	1	
8	10	4	5	
10	10	5	5	
9	1	9	5	
1	8	2	10	
5	7	4	4	
3	8	8	7	
8	1	8	2	
7	7	9	8	
8	3	9	10	
10	3	1	10	
4	10	5	2	
2	2	9	6	
1	3	3	4	
2	7	2	3	
7	4	10	3	
4	4	5	10	
5	5	10	6	
2	9	6	5	
6	4	7	6	
4	7	9	10	
9	5	4	10	
3	10	3	3	
5	4	9	6	
4	3	6	10	
6	1	3	5	
10	10	7	9	
2	10	2	1	
3	9	9	10	
2	7	2	3	
1	5	1	10	
10	9	5	4	
7	10	2	9	
9	5	7	2	
3	2	7	1	
3	7	5	8	
6	2	8	5	
7	1	5	7	
3	4	5	1	
1	2	7	10	
9	5	2	4	
7	3	7	6	
4	5	10	4	
9	5	4	2	
4	2	8	5	
4	9	7	9	
5	9	5	9	
8	3	1	7	
2	3	2	10	
5	6	1	6	
6	5	6	7	
8	3	5	2	
7	9	7	9	
2	1	3	6	
5	2	1	7	
8	2	5	5	
2	7	4	10	
9	8	1	7	
5	7	9	4	
7	5	7	9	
7	4	6	3	
9	6	1	7	
4	10	2	4	
6	5	6	5	
6	3	9	3	
1	6	9	3	
5	9	2	8	
7	3	6	4	
6	5	5	4	
4	10	6	1	
6	7	2	5	
2	10	3	5	
3	8	1	6	
5	8	2	3	
6	7	6	2	
3	7	10	6	
10	8	4	5	
2	4	6	5	
3	9	7	5	
9	9	4	3	
8	10	5	9	
3	3	8	2	
10	7	8	9	
2	9	8	10	
9	5	4	3	
2	5	5	4	
7	2	2	9	
5	6	5	8	
1	1	3	5	
1	3	5	9	
5	7	7	8	
10	4	8	5	
7	6	9	7	
6	1	6	7	
7	6	6	1	
5	9	8	5	
8	3	9	9	
3	8	8	6	
7	1	4	2	
3	6	7	7	
4	3	9	5	
4	4	1	3	
1	5	4	10	
2	9	9	10	
6	8	8	8	
9	6	8	1	
6	3	6	6	
6	2	9	9	
4	2	5	4	
10	6	1	10	
2	5	4	1	
1	2	9	7	
10	3	6	3	
1	9	1	2	
6	5	4	1	
6	1	10	8	
3	10	10	7	
8	1	4	7	
5	7	10	7	
8	3	7	9	
7	4	5	10	
7	6	7	3	
4	9	9	5	
3	1	9	5	
7	8	8	9	
8	4	8	1	
9	3	6	7	
1	5	5	10	
7	8	2	5	
9	4	1	5	
9	10	9	3	
4	10	10	3	
10	4	1	5	
3	1	4	5	
8	2	6	10	
6	3	9	1	
2	6	3	3	
5	5	7	10	
2	4	6	7	
10	2	1	2	
1	1	3	8	
6	3	8	6	
6	9	9	1	
5	10	4	3	
10	8	4	2	
4	10	1	5	
9	1	2	9	
5	9	1	3	
5	7	6	7	
6	10	2	7	
1	2	3	2	
8	8	8	5	
3	10	10	3	
3	3	7	8	
9	7	8	6	
10	4	4	4	
3	10	7	5	
1	1	5	9	
5	5	10	10	
6	6	5	6	
9	2	9	9	
1	10	10	9	
8	6	3	3	
8	5	2	6	
3	2	5	1	
5	2	9	8	
8	6	4	10	
2	3	4	3	
6	4	6	1	
2	5	3	1	
4	2	3	2	
9	1	2	3	
7	4	10	7	
7	8	10	1	
10	1	10	5	
3	3	7	5	
6	10	10	2	
8	8	6	3	
1	6	6	2	
1	6	1	6	
6	6	2	4	
2	1	3	10	
3	5	5	5	
9	3	8	8	
5	4	8	1	
8	8	3	7	
10	4	10	3	
9	9	9	6	
7	9	3	5	
3	4	7	3	
9	2	2	6	
1	3	8	5	
6	3	8	8	
3	5	8	5	
9	3	2	8	
10	8	8	10	
10	3	10	3	
2	3	6	9	
1	3	6	8	
5	7	10	2	
4	1	8	8	
5	4	10	4	
4	6	9	7	
3	5	3	3	
4	3	4	5	
1	5	8	5	
6	6	4	9	
8	8	8	1	
8	10	6	3	
9	10	7	4	
2	9	3	5	
7	9	6	5	
4	3	1	4	
6	4	9	9	
1	2	3	10	
3	2	4	5	
6	6	1	4	
8	5	5	4	
6	8	10	3	

Stepup times between Families, where [f][f] represents initial setup time
On machine	1
48	8	1	49	48	47	17	5	1	50	9	41	50	5	18	37	20	26	32	15	44	37	34	31	31	1	39	27	26	11	22	26	4	33	42	14	45	27	6	8	30	7	32	2	33	30	16	29	6	36	8	23	37	31	40	43	12	44	41	40	
39	40	5	41	4	35	40	23	8	47	49	34	25	23	10	2	13	33	15	21	1	49	3	35	36	8	13	39	19	44	28	20	12	6	20	10	13	20	25	44	43	44	22	35	12	36	6	22	35	37	3	8	20	49	24	22	20	41	10	19	
11	16	45	16	47	40	6	24	43	49	29	5	37	24	1	42	31	8	3	16	8	38	3	47	22	4	15	12	27	50	45	24	23	41	17	23	40	12	19	36	49	13	7	2	33	7	47	41	33	28	38	34	18	41	41	35	27	26	4	40	
11	4	14	34	20	19	8	7	36	3	41	3	16	17	14	41	5	44	45	9	13	34	3	25	31	22	29	41	16	47	42	1	18	26	20	40	10	31	50	41	36	45	31	39	40	32	28	19	7	25	15	45	10	48	23	20	37	33	18	43	
32	48	17	24	4	14	15	2	34	39	1	40	23	16	45	20	10	48	11	40	20	16	27	25	10	8	14	35	8	18	26	24	29	22	47	38	41	20	41	25	36	21	13	25	22	16	17	24	27	32	44	15	49	31	8	12	42	50	8	46	
42	7	24	10	39	31	45	38	43	43	8	36	46	21	16	27	21	19	38	37	7	4	31	10	17	37	20	30	46	26	24	2	50	27	40	3	23	36	21	47	16	46	11	34	20	49	20	47	20	40	2	6	4	32	10	5	20	14	11	43	
44	36	18	45	21	37	16	38	23	43	23	13	50	45	37	30	23	32	44	46	14	33	39	33	9	31	6	48	3	28	15	2	48	46	2	20	4	31	19	16	17	46	4	19	8	3	36	4	49	6	3	41	40	27	14	7	49	4	31	43	
17	24	5	37	1	7	18	50	25	50	15	7	37	33	3	43	35	48	16	31	6	48	7	9	48	29	48	14	35	10	49	7	48	44	38	32	39	47	17	28	27	18	27	39	4	44	42	5	36	8	3	7	27	47	46	48	19	11	47	12	
4	50	11	45	37	34	24	13	44	32	50	25	41	5	13	15	4	17	35	28	25	7	8	35	25	5	47	45	40	13	3	28	4	18	5	18	6	18	13	29	9	4	23	1	15	35	31	11	16	7	44	13	14	23	48	45	6	44	28	1	
15	3	44	5	11	42	6	48	40	24	37	36	7	11	26	5	37	28	14	26	31	46	5	32	10	12	26	22	41	48	5	33	39	21	19	19	48	17	8	24	15	22	49	33	18	27	23	45	44	18	44	21	2	21	19	31	12	16	27	9	
9	3	17	4	35	50	16	40	32	33	39	17	24	4	41	24	5	14	25	20	33	44	25	7	7	35	27	33	33	37	46	22	18	8	22	15	7	9	19	45	5	18	50	32	16	41	37	4	38	11	2	18	10	2	47	25	6	32	7	32	
45	18	10	18	5	46	12	27	36	48	5	2	42	44	29	38	3	37	36	26	20	9	8	20	30	27	3	20	3	16	39	47	36	41	50	29	33	33	2	22	45	50	36	2	8	3	16	21	10	28	3	33	12	14	48	45	40	36	38	13	
28	32	4	21	50	10	17	26	12	48	44	7	6	45	41	26	1	13	34	46	22	32	24	26	4	49	17	23	50	39	36	47	25	41	24	3	27	11	15	7	30	37	5	31	17	13	38	49	26	48	33	15	20	35	21	46	29	32	47	1	
29	4	49	10	31	41	19	2	23	26	20	39	4	30	29	49	21	2	49	32	35	9	25	7	44	19	19	42	4	1	18	7	10	5	15	5	13	25	32	15	18	5	39	1	41	19	22	22	21	38	45	30	27	50	31	8	32	16	32	18	
50	6	1	24	3	6	43	36	46	3	43	31	2	30	22	44	32	48	49	3	2	34	22	6	23	37	22	25	49	40	24	23	21	50	36	42	31	50	44	7	38	1	16	14	31	48	33	41	25	41	8	37	40	14	25	42	45	38	42	25	
20	6	13	42	13	31	15	8	41	13	18	18	3	43	2	49	2	21	11	28	50	25	3	8	23	37	6	15	22	1	33	49	33	26	20	36	37	48	50	25	47	17	15	19	38	37	24	30	26	29	26	42	13	36	39	7	21	44	31	42	
49	40	10	44	21	25	36	24	44	34	40	24	4	37	7	25	16	3	24	43	24	48	23	45	47	15	7	16	42	41	9	30	10	35	43	32	27	18	24	47	18	31	38	6	44	47	33	38	22	13	10	27	12	22	32	29	32	33	3	8	
46	34	48	26	40	18	36	24	39	27	29	40	18	22	30	14	33	1	39	32	35	5	50	17	1	9	15	1	8	10	43	31	17	25	10	35	46	47	45	41	26	46	20	43	47	34	44	33	43	1	39	29	27	48	42	19	47	49	45	34	
44	14	27	4	31	20	10	20	36	1	13	24	13	30	15	1	23	26	6	37	43	2	14	30	20	42	39	45	50	18	40	33	2	48	11	24	16	4	2	17	25	22	24	9	42	20	40	2	7	23	47	7	29	4	19	6	43	6	34	34	
24	20	44	19	27	27	34	41	23	26	4	3	39	36	42	38	14	20	3	46	4	19	2	16	9	25	44	24	37	39	35	32	40	10	18	46	18	35	7	30	17	6	27	44	37	31	36	7	40	35	19	12	48	3	25	43	4	48	15	17	
40	40	6	6	18	40	44	30	43	19	46	43	23	7	31	49	18	33	47	40	12	35	2	17	15	31	40	41	27	21	30	5	33	38	30	50	36	47	4	26	9	11	33	19	43	29	47	18	28	13	3	34	30	36	5	7	50	7	23	5	
36	42	1	12	9	13	9	14	21	50	37	30	39	5	38	8	10	50	27	6	24	22	30	43	29	8	1	40	34	37	6	4	6	23	50	27	22	12	33	38	24	48	16	11	46	47	36	45	48	2	41	26	6	34	13	42	46	17	49	49	
32	21	36	46	14	12	47	22	22	26	43	4	9	40	21	32	26	31	34	29	15	27	44	32	7	50	20	19	4	11	45	8	17	47	50	46	40	18	20	14	2	19	3	17	34	42	46	24	31	49	48	29	25	22	48	19	32	2	39	50	
32	39	1	10	9	47	40	29	23	50	29	28	17	46	11	7	6	35	43	48	32	45	42	20	39	27	50	21	19	42	45	14	40	47	39	27	38	37	46	40	26	2	38	25	20	1	34	11	39	46	46	2	36	26	36	6	13	35	32	33	
49	20	18	40	32	30	45	21	31	36	31	19	47	33	50	10	36	22	29	3	7	5	45	25	2	30	19	26	29	3	48	19	47	30	4	38	43	1	27	41	5	4	27	44	6	31	2	47	5	50	18	6	50	7	18	13	46	46	49	46	
50	21	19	20	49	40	40	14	46	34	29	48	28	38	4	1	22	2	2	19	13	21	47	24	35	44	43	24	16	47	4	6	17	29	5	35	23	8	28	15	49	25	15	8	43	37	15	32	24	34	26	20	7	40	14	27	21	8	20	49	
50	1	35	3	30	27	20	17	27	17	25	9	19	12	37	9	37	9	4	6	37	33	39	1	42	41	19	34	48	42	31	9	34	46	39	8	2	23	9	45	18	23	11	39	33	5	48	18	26	32	12	13	10	15	41	18	38	29	49	27	
18	32	19	12	50	15	8	30	6	50	10	25	42	5	46	40	13	43	37	39	5	15	7	18	41	19	18	4	26	50	27	43	25	3	39	42	37	7	14	24	14	9	43	14	13	36	17	3	29	30	31	17	13	15	5	42	4	41	45	14	
13	24	13	30	10	25	21	40	50	40	20	48	20	18	17	13	20	24	8	43	42	37	28	37	32	40	27	34	22	34	14	12	21	47	5	3	23	37	45	37	2	45	4	34	35	10	43	31	14	43	45	50	28	34	8	42	9	47	13	45	
38	29	3	49	47	35	34	22	44	39	30	5	3	2	18	42	12	47	3	16	21	30	33	3	19	6	8	19	16	6	41	4	30	22	47	19	50	49	22	7	16	49	30	39	42	7	48	17	32	45	29	42	35	38	40	22	31	3	36	6	
8	3	40	28	3	13	30	9	18	34	39	46	24	35	17	9	47	22	35	49	22	48	43	21	39	7	10	36	39	43	14	36	26	44	44	45	22	26	7	11	18	4	46	37	48	15	21	43	33	7	20	34	36	36	35	41	47	36	32	13	
13	41	39	31	48	29	39	18	29	25	22	4	25	50	19	37	30	50	3	43	19	6	35	8	22	18	48	47	49	27	9	28	50	45	10	20	9	24	30	37	47	21	1	15	47	30	26	23	25	5	48	47	39	43	46	14	27	22	45	39	
17	30	35	48	43	16	11	9	5	16	44	1	40	4	45	39	48	36	18	19	17	12	8	8	38	27	3	36	4	21	28	44	30	11	20	46	31	37	13	41	15	33	45	48	7	32	36	15	43	26	14	48	10	46	7	30	22	12	48	49	
5	24	31	46	47	16	29	37	44	16	9	17	22	8	45	6	35	13	46	5	19	20	43	46	14	37	37	44	26	39	20	21	41	19	27	1	38	11	14	43	10	14	40	14	43	4	16	27	24	1	32	44	29	8	46	5	26	11	43	21	
11	47	16	5	1	30	10	6	37	25	29	25	3	42	40	13	20	15	10	4	37	4	7	6	1	43	22	25	25	8	8	21	17	2	34	32	5	9	6	34	4	50	30	35	3	23	24	22	27	5	19	5	33	22	16	12	10	27	4	26	
49	22	18	16	49	26	42	7	14	12	16	13	8	15	46	3	24	30	14	22	9	14	7	4	26	27	8	34	25	45	13	27	17	8	45	12	2	36	27	23	21	6	7	47	1	47	7	8	21	39	32	34	31	38	37	17	18	19	6	21	
26	48	6	10	4	4	47	27	50	47	48	1	42	8	4	11	9	36	45	29	13	19	39	19	30	50	10	13	13	35	33	12	4	18	9	8	38	33	36	18	14	29	16	14	28	20	43	25	41	24	15	30	11	8	13	14	40	40	45	43	
34	37	12	19	47	39	4	2	34	14	41	1	9	11	45	32	18	23	6	28	10	47	22	49	39	26	40	28	24	32	34	6	9	26	26	45	36	22	21	4	6	49	15	29	43	39	49	10	32	49	23	3	48	15	44	33	2	7	1	46	
3	11	21	33	32	49	39	18	13	30	31	50	13	8	28	16	20	11	36	12	20	12	10	23	43	29	25	4	10	3	24	43	31	17	19	40	6	36	37	41	35	27	5	26	24	39	22	16	23	5	26	44	41	40	23	1	34	42	32	5	
40	30	47	16	18	4	27	3	47	49	10	36	49	40	5	32	17	44	38	20	29	15	31	19	50	29	50	8	47	26	33	20	11	4	1	21	25	4	50	21	34	15	47	38	49	45	41	41	5	35	42	49	27	33	11	6	12	8	3	37	
42	12	34	11	23	23	16	5	3	36	41	18	2	11	29	36	40	2	11	32	6	28	50	25	49	17	35	49	5	31	28	26	3	34	42	25	49	49	11	23	33	48	11	25	35	13	4	27	25	33	18	41	19	18	49	32	24	27	4	30	
1	45	26	32	47	24	5	37	11	13	8	16	39	8	41	29	12	30	6	16	29	30	33	11	21	1	11	43	7	18	24	44	50	39	48	6	49	48	19	11	26	7	47	37	27	47	10	9	22	50	23	48	42	15	15	12	16	37	11	4	
50	12	3	39	30	17	1	3	27	34	35	17	21	27	7	29	43	41	5	50	32	29	28	8	50	26	39	34	21	36	31	20	16	15	4	20	17	5	9	22	49	31	41	20	32	47	34	7	49	40	46	30	22	23	33	8	50	49	38	29	
13	8	17	36	11	27	41	34	43	21	3	2	9	47	26	38	12	27	45	13	31	20	27	48	30	2	18	11	47	5	29	15	15	41	40	37	20	36	34	2	4	37	49	4	9	45	38	46	38	24	46	26	41	41	8	12	11	18	34	28	
11	28	49	27	27	27	38	48	8	42	50	19	26	36	13	16	34	50	37	15	32	41	7	50	35	12	4	21	44	42	17	38	23	17	21	35	11	23	3	38	15	15	19	36	44	38	50	13	45	18	42	32	15	20	41	50	41	40	49	31	
36	38	6	32	40	41	23	16	24	47	44	12	45	34	47	46	21	8	4	13	14	11	37	16	45	14	42	10	40	1	29	37	7	5	28	5	16	47	17	39	19	20	44	20	13	49	49	17	34	14	19	41	41	13	48	20	33	41	12	5	
11	16	3	26	21	46	32	10	34	48	3	46	40	13	40	49	11	22	45	38	1	35	7	45	41	18	16	43	46	5	34	40	9	41	12	10	6	21	46	27	35	8	50	25	30	26	48	29	43	35	34	40	38	37	37	32	33	43	5	37	
32	6	16	35	22	12	24	21	14	12	40	37	7	22	31	28	24	9	44	30	41	14	10	46	6	46	12	49	23	44	45	15	48	44	16	41	26	49	1	22	27	30	4	1	17	1	38	39	20	45	6	27	16	37	47	17	40	11	24	16	
6	2	7	10	33	33	45	30	16	38	32	25	23	18	15	16	40	39	33	47	43	49	30	25	22	30	42	24	43	38	15	44	25	39	12	15	31	23	3	32	9	45	39	39	40	40	14	41	16	43	16	47	14	35	15	12	28	35	11	26	
6	40	49	33	13	36	36	47	38	11	7	32	2	21	14	11	10	35	34	39	13	23	20	27	31	32	17	38	25	28	22	24	1	7	25	12	18	27	7	11	42	23	13	26	22	30	37	12	46	11	11	31	24	1	50	28	4	20	6	28	
24	30	16	12	30	48	31	47	34	8	22	40	5	7	45	32	21	19	39	37	3	44	48	28	40	16	49	4	6	7	10	26	21	47	34	19	4	33	5	27	48	10	1	6	41	3	30	10	47	5	23	5	32	20	37	17	46	6	26	47	
34	5	6	21	48	1	4	19	48	4	6	17	9	45	12	2	38	41	16	7	45	28	11	9	11	29	38	40	2	42	30	21	35	22	46	42	45	26	42	10	10	45	45	23	42	8	15	48	44	25	19	31	36	38	27	34	16	25	14	48	
36	42	12	32	12	16	46	22	14	44	16	43	5	30	40	37	19	27	3	6	23	49	44	47	34	25	15	4	14	26	17	32	48	9	7	13	17	27	47	6	17	21	46	33	39	26	23	16	8	11	6	41	31	50	30	43	35	49	24	50	
18	50	49	23	18	41	40	50	28	9	20	43	50	25	7	48	35	33	19	18	3	50	24	14	34	33	5	12	28	19	21	27	4	34	34	10	22	42	37	4	36	35	47	40	27	5	10	45	36	36	2	28	24	36	44	3	46	38	15	9	
47	7	28	50	25	8	31	22	48	38	30	28	10	25	24	13	16	9	3	40	2	33	32	21	41	10	21	32	40	16	42	43	2	18	33	4	44	37	19	46	24	15	49	48	10	31	4	15	42	1	18	44	20	5	23	44	32	39	1	16	
3	1	40	49	35	44	16	16	38	22	48	10	46	32	47	32	31	37	21	10	10	43	11	3	5	34	10	38	37	49	28	41	14	13	12	16	31	36	5	23	43	21	22	15	50	36	49	20	24	27	3	2	1	13	35	38	50	48	30	16	
42	7	33	18	15	18	35	45	1	48	33	1	43	50	26	19	20	21	45	8	3	17	42	33	43	23	19	12	25	44	23	31	26	33	38	13	42	47	39	6	21	14	37	29	13	36	38	6	14	48	31	5	27	41	33	39	6	15	43	44	
48	12	1	30	16	26	45	24	44	32	4	14	10	3	23	49	10	21	36	29	41	41	41	36	33	26	45	9	25	47	21	45	28	13	8	29	11	22	15	44	30	18	49	38	31	47	17	9	15	14	33	7	32	8	6	27	35	4	46	12	
11	29	41	1	38	7	45	21	43	35	42	2	4	3	28	23	12	11	32	46	40	9	17	42	15	5	33	49	45	35	12	35	4	48	6	1	28	1	16	38	22	47	8	44	15	14	17	4	20	44	32	39	42	25	40	44	15	40	31	40	
16	46	33	28	37	44	28	43	11	49	7	24	19	19	46	22	8	11	41	38	37	40	37	24	37	22	43	34	15	15	25	8	33	49	38	24	41	23	49	3	42	9	47	25	49	17	12	1	37	4	18	44	42	31	18	43	40	2	38	6	
On machine	2
45	3	16	19	23	36	44	22	4	17	2	42	39	17	13	27	21	33	45	35	19	17	44	28	22	25	33	47	4	3	37	41	46	4	35	27	23	47	35	39	47	50	20	17	15	27	39	45	23	30	7	13	49	24	8	37	25	36	27	12	
17	46	41	14	2	37	37	17	19	3	35	18	49	4	45	1	29	8	41	30	7	16	44	6	49	32	1	7	46	36	32	17	8	13	3	8	30	37	45	5	5	14	18	24	18	13	31	17	31	44	42	27	33	15	7	37	22	27	50	22	
42	35	46	18	19	7	47	10	19	2	19	40	24	15	11	34	9	10	41	23	38	50	18	36	5	35	16	39	13	49	14	45	27	6	44	31	37	27	33	1	23	14	7	5	7	10	30	44	17	27	21	19	22	12	45	16	9	32	43	1	
44	15	48	41	33	39	30	40	9	19	6	34	7	22	41	42	20	34	9	27	2	8	5	28	22	9	21	48	7	28	15	18	3	13	17	8	31	22	32	39	9	50	32	3	48	19	40	39	20	40	35	28	20	2	47	16	19	39	29	21	
5	29	28	46	37	43	12	20	40	41	29	13	28	1	31	25	48	3	9	15	42	28	48	32	2	37	2	20	39	14	8	50	23	18	30	12	21	3	40	26	41	16	23	39	45	47	41	42	10	17	26	39	34	30	27	36	41	23	15	19	
3	29	14	4	6	17	24	17	40	44	33	34	23	1	14	33	38	17	3	22	40	39	35	29	7	11	18	23	10	20	33	35	45	44	25	46	47	24	49	36	42	12	19	21	22	44	11	32	12	7	47	2	31	9	18	17	28	19	3	34	
8	3	1	24	40	36	5	26	15	7	13	4	6	39	20	7	20	45	5	36	50	6	21	49	30	37	26	22	31	15	21	18	31	12	26	9	13	45	49	21	22	32	44	44	49	36	21	6	42	21	10	33	12	22	7	49	17	27	14	6	
8	13	10	50	49	22	45	44	13	48	48	30	12	13	8	35	23	47	13	33	7	34	38	50	24	31	47	46	47	21	43	2	32	6	11	24	33	21	33	30	34	33	25	10	40	30	37	35	3	2	26	33	13	33	29	6	17	37	30	27	
41	5	36	35	18	20	8	47	44	12	19	38	50	38	17	26	37	47	21	5	45	23	40	38	23	29	35	31	22	12	49	2	41	49	10	22	45	49	45	12	22	50	19	48	31	1	43	33	46	22	50	29	50	4	21	2	40	32	31	4	
12	42	35	4	7	8	48	18	16	47	9	20	4	4	33	18	3	10	14	26	21	20	34	19	28	49	6	26	28	22	28	35	38	31	22	23	7	14	21	21	1	9	40	34	35	41	16	6	26	32	49	9	30	47	21	8	38	2	21	48	
2	38	42	40	14	29	30	43	39	36	36	36	28	19	46	17	7	11	10	30	1	3	37	23	35	29	11	7	27	50	6	43	31	40	23	6	48	23	14	18	43	23	19	5	20	18	20	12	23	49	23	35	11	4	20	38	6	22	23	43	
27	45	8	34	49	17	26	47	11	43	4	10	43	24	34	34	28	25	11	49	15	49	22	19	45	37	8	28	45	34	12	43	29	7	44	30	19	9	39	33	16	22	26	24	31	50	47	14	16	24	3	17	26	28	38	41	41	47	32	8	
48	4	42	1	34	6	34	30	47	5	42	42	39	25	13	19	39	35	43	28	43	21	2	13	7	14	11	29	31	34	44	1	5	33	21	21	39	8	48	28	36	25	30	41	1	15	19	49	34	22	29	33	10	28	46	38	28	2	30	43	
24	26	46	20	16	27	34	49	36	15	13	37	47	37	2	38	33	1	47	37	35	38	31	14	31	47	13	5	30	4	36	24	25	34	47	36	46	37	17	16	43	7	9	45	38	29	31	18	29	31	25	49	33	43	9	23	33	27	34	45	
2	13	10	27	17	2	41	11	4	31	40	21	45	32	16	1	46	15	2	37	46	46	13	9	2	14	15	22	35	45	24	19	26	35	34	46	43	23	22	11	7	25	28	7	33	39	36	41	1	16	12	8	15	5	10	46	41	9	30	50	
19	35	5	42	16	13	45	31	9	39	23	32	5	1	29	35	43	20	6	42	12	8	20	4	30	2	50	1	28	48	11	17	12	6	49	37	26	19	49	9	15	7	33	21	4	25	21	19	10	38	1	7	32	26	27	18	15	42	21	16	
6	8	35	40	18	36	14	18	8	42	36	42	24	17	22	18	43	43	41	11	43	6	17	43	44	17	16	21	21	13	46	28	22	7	41	28	40	17	47	4	24	38	1	39	41	41	18	7	5	17	41	26	46	44	32	19	6	41	11	5	
9	21	4	13	42	32	30	14	33	27	48	26	48	25	12	29	34	16	49	24	49	26	46	32	22	16	50	23	40	10	2	5	22	4	9	5	21	3	19	37	41	22	35	33	16	5	35	33	34	29	47	32	45	30	18	40	48	43	20	2	
47	35	35	43	8	47	43	43	29	7	45	11	13	8	10	4	24	14	41	46	13	16	29	33	45	4	35	49	46	46	20	11	36	39	39	36	36	50	28	46	47	40	31	7	43	10	3	37	30	37	6	19	10	10	36	22	27	25	48	36	
1	17	6	13	46	50	2	22	41	16	36	15	50	22	37	19	24	28	23	7	4	36	22	45	20	13	40	49	45	15	27	48	26	9	27	11	27	23	24	32	47	12	42	49	6	49	43	1	5	19	1	10	12	28	4	24	19	22	21	5	
17	48	30	24	11	40	48	12	44	16	14	35	33	16	27	34	16	37	17	10	34	18	6	21	27	27	36	31	42	19	8	7	23	29	30	45	8	46	23	3	16	31	31	42	9	46	7	46	21	15	42	17	36	25	24	34	6	28	3	29	
24	19	5	8	1	11	9	31	32	45	38	7	31	40	7	20	12	30	2	22	9	10	41	41	28	26	13	2	46	43	31	5	38	35	30	41	21	16	15	9	40	37	23	41	1	13	8	15	7	46	32	36	28	18	42	1	26	36	34	4	
41	18	12	42	24	9	22	25	46	11	33	16	3	36	35	41	17	50	19	4	22	40	38	21	9	48	39	33	5	2	33	5	31	26	25	7	30	36	45	5	19	30	34	9	2	43	9	6	32	21	48	32	11	22	35	32	38	26	32	1	
18	6	10	14	13	11	36	27	17	42	26	17	23	41	30	5	45	34	30	39	43	40	37	10	41	17	19	18	31	26	36	24	49	45	18	49	18	46	49	3	24	4	49	2	24	10	13	27	20	6	1	33	40	41	48	45	8	15	26	50	
36	38	24	14	5	45	31	15	34	5	33	28	35	10	34	45	30	15	17	40	28	6	32	7	13	3	12	28	32	42	10	40	40	18	7	4	10	18	40	6	46	43	1	34	29	1	36	17	46	40	24	16	44	24	47	20	10	8	32	50	
31	2	10	5	45	38	40	37	29	8	43	13	15	32	45	42	27	50	49	1	21	46	20	16	24	22	12	39	23	50	48	50	36	17	22	23	14	1	26	12	23	5	38	14	49	24	31	33	49	10	17	34	48	43	17	10	19	40	13	4	
40	7	16	31	2	41	10	43	4	9	48	34	48	35	26	10	35	37	27	12	42	34	5	29	13	10	7	42	40	18	1	28	29	23	48	17	15	42	23	9	2	47	23	19	37	20	29	28	18	9	39	22	27	42	17	39	34	6	20	27	
25	15	17	31	30	23	7	21	37	24	48	48	20	16	44	18	4	1	41	50	22	5	38	16	42	33	39	25	41	21	38	26	42	33	36	12	37	48	14	34	30	20	25	3	34	48	5	13	4	30	37	17	36	7	21	3	34	43	46	3	
36	47	34	2	40	9	40	39	47	40	37	35	26	28	48	18	14	27	2	38	6	44	17	27	39	30	50	17	27	35	2	16	39	24	45	46	7	15	11	3	23	4	18	45	41	32	29	46	24	14	33	34	6	48	49	3	25	4	11	31	
44	25	34	11	45	40	49	2	45	2	34	7	22	12	15	23	19	44	16	15	42	40	1	38	31	8	18	41	30	44	6	10	14	12	12	11	11	32	40	10	36	36	50	9	44	34	28	6	10	30	45	10	21	1	13	21	46	8	33	24	
5	10	42	25	15	39	6	47	38	35	35	30	21	20	50	40	21	6	4	34	34	16	8	7	26	6	45	50	1	14	38	1	9	28	44	39	16	36	39	23	6	21	20	29	18	18	12	38	42	30	30	8	49	32	25	37	20	17	25	13	
23	24	13	35	31	26	28	21	17	28	23	48	24	7	1	1	44	25	34	35	12	24	30	16	9	19	46	7	23	8	1	4	13	19	42	37	36	31	40	50	31	43	1	10	27	41	17	46	8	25	20	32	26	37	30	24	16	5	49	14	
19	37	8	12	3	13	9	23	4	29	18	8	27	24	27	32	47	23	16	36	47	13	6	41	27	35	39	19	13	27	37	13	3	28	3	15	38	48	22	14	7	47	33	20	42	25	19	50	8	1	26	36	43	31	18	32	1	31	11	30	
25	47	47	32	32	3	9	12	23	38	41	24	46	24	29	2	18	21	48	19	49	21	34	34	8	24	50	13	30	40	44	43	33	2	5	8	25	32	1	12	4	7	27	42	16	44	16	11	13	33	24	38	17	32	28	9	46	19	31	15	
25	22	27	32	17	30	1	31	41	5	48	48	29	15	13	12	9	15	9	11	45	34	11	28	24	24	47	47	7	41	28	12	23	7	36	2	1	2	36	20	8	39	49	9	19	36	2	19	10	35	9	37	42	25	22	50	7	10	3	41	
3	11	47	3	40	19	48	7	4	4	10	17	42	36	23	27	41	44	14	6	16	8	40	34	48	42	27	10	15	33	24	44	23	21	44	10	20	38	13	12	23	35	41	19	42	45	29	5	7	9	8	7	17	1	6	40	30	4	46	15	
45	49	47	43	2	42	28	42	4	35	29	41	15	15	36	31	33	3	41	37	42	6	46	11	18	11	20	28	19	27	38	1	15	34	6	7	3	28	47	38	24	20	17	24	50	11	23	49	33	21	25	27	13	17	8	18	31	4	46	16	
6	9	15	26	47	44	41	39	16	15	49	5	24	28	3	12	10	19	12	27	43	30	13	50	1	32	31	31	19	45	50	27	45	15	24	21	2	1	11	6	44	39	35	12	30	17	29	2	19	39	38	26	4	12	6	41	28	33	33	16	
17	12	36	27	2	28	15	43	35	8	48	42	49	50	49	50	25	8	24	44	15	49	35	30	4	44	45	5	32	6	40	22	7	17	27	35	20	7	10	21	17	3	32	42	24	30	45	50	8	3	8	30	48	45	26	32	9	19	22	11	
10	47	28	28	50	20	1	34	34	15	48	10	26	3	16	25	22	47	38	20	49	3	31	25	10	19	37	47	14	17	49	9	37	24	26	3	19	15	20	23	47	46	7	38	5	26	3	48	41	15	24	37	37	26	16	23	7	3	12	48	
22	27	8	31	2	34	19	20	44	27	14	15	17	26	32	5	5	7	23	14	6	13	6	22	19	5	41	49	21	18	48	16	20	41	32	14	17	21	27	29	23	30	39	44	19	32	25	23	24	26	50	28	5	3	40	4	3	6	49	46	
15	40	49	22	49	17	30	2	11	14	6	3	44	13	50	33	16	34	20	5	38	15	18	37	39	14	14	34	26	26	23	5	26	27	19	27	1	44	41	46	23	9	48	4	26	49	4	50	24	23	8	11	34	23	9	31	33	7	41	3	
36	11	34	49	41	33	29	18	10	24	24	3	15	49	16	6	45	42	30	33	46	40	47	5	11	8	45	21	43	4	1	28	28	41	34	36	20	30	42	5	39	28	14	40	19	25	25	34	27	30	12	45	2	38	49	7	29	19	2	9	
2	35	45	17	37	26	48	49	3	22	7	3	13	10	8	30	22	43	11	43	8	13	32	9	20	2	47	14	27	30	4	6	39	5	27	15	49	10	5	12	29	27	38	21	32	23	45	21	25	12	46	38	17	11	45	1	27	20	27	44	
20	36	35	30	42	1	19	28	39	35	21	26	7	50	5	40	29	47	32	32	7	36	38	8	14	7	11	39	7	41	7	26	2	27	41	21	48	49	32	2	48	27	28	27	13	39	34	49	27	18	45	41	6	37	49	39	49	14	20	18	
40	33	16	26	32	27	45	11	49	50	30	38	24	25	13	30	36	27	47	27	46	48	48	4	44	20	26	47	22	18	7	35	36	28	45	19	41	27	34	41	40	24	27	49	15	3	36	38	3	47	27	11	3	37	39	26	49	1	4	5	
8	14	35	34	46	40	28	38	7	48	22	5	4	23	26	31	8	47	37	29	26	29	6	29	23	30	21	44	27	18	3	9	30	32	44	26	39	1	31	20	41	26	49	25	5	49	1	46	24	13	15	20	8	3	20	32	42	38	1	29	
18	1	15	28	1	32	23	35	4	39	24	14	8	50	36	29	2	18	26	23	42	37	19	19	48	13	23	29	29	9	5	16	50	2	49	21	31	26	31	41	47	32	49	23	6	4	33	34	32	28	46	36	35	35	4	11	22	39	22	1	
43	32	11	7	15	2	21	41	26	24	31	28	18	40	46	8	26	5	28	16	23	27	27	14	41	11	6	2	19	40	16	23	22	35	17	50	17	15	11	13	21	17	41	23	44	41	33	39	20	21	46	43	5	46	20	43	4	45	19	5	
6	26	35	24	32	8	8	30	23	36	24	3	9	13	26	12	30	10	7	23	37	1	35	37	14	13	15	3	19	6	41	25	27	2	13	27	22	7	5	43	24	45	32	32	13	17	46	18	26	37	5	11	2	8	23	13	32	6	34	11	
39	22	50	23	21	44	38	41	45	40	3	38	43	19	28	14	17	4	41	25	45	44	48	26	19	40	29	41	3	3	38	10	28	23	1	38	22	7	34	5	20	9	41	10	12	50	26	39	33	26	6	38	10	21	14	17	3	10	23	18	
17	28	9	48	47	23	32	25	45	29	46	27	9	5	38	20	25	48	40	48	21	37	23	4	21	22	31	37	30	10	30	30	38	23	14	31	1	48	1	39	43	49	3	6	21	42	25	29	39	37	5	30	13	39	44	44	9	15	48	1	
41	21	12	20	46	48	23	26	38	26	18	2	4	17	23	35	23	7	39	15	21	42	27	43	41	18	22	35	15	22	48	42	49	15	47	5	31	38	42	37	3	15	16	29	7	36	42	11	47	3	39	49	16	31	16	35	12	22	33	14	
7	26	40	23	18	38	36	26	43	50	16	9	17	8	29	9	26	22	17	7	18	42	49	43	46	11	13	33	31	19	37	6	16	43	12	26	1	26	17	34	12	22	39	27	16	10	43	23	16	10	8	18	4	42	35	1	31	3	20	50	
11	22	49	11	50	7	26	28	35	39	44	32	27	7	13	34	11	45	49	40	24	46	43	15	6	16	29	12	1	25	17	26	44	29	17	18	48	48	14	42	46	45	26	1	27	23	40	49	24	50	6	3	24	48	7	42	14	43	32	29	
46	45	13	38	37	4	12	11	5	14	26	25	11	36	45	11	39	20	7	46	42	15	32	33	39	8	16	16	19	3	35	25	4	13	43	24	18	23	10	44	1	49	15	24	11	45	49	25	39	16	7	40	42	6	39	36	34	40	43	47	
34	7	12	33	37	29	7	12	2	14	17	29	3	33	24	27	46	26	23	26	29	26	4	35	2	9	48	47	1	23	50	17	5	29	11	7	21	26	47	18	40	3	48	2	13	10	10	27	5	45	6	39	10	30	12	46	21	45	31	21	
31	14	27	31	35	31	46	25	44	47	49	34	34	50	19	40	42	38	22	42	42	20	6	17	39	25	30	11	49	8	16	5	21	9	25	24	43	1	50	10	3	42	31	9	11	46	48	12	11	44	8	33	22	49	19	47	4	25	50	5	
43	33	15	5	17	47	44	46	6	15	14	38	27	22	17	33	45	45	8	7	5	34	6	16	18	46	43	44	6	23	28	15	8	34	41	33	41	18	23	9	48	11	45	42	19	31	33	37	21	20	8	11	50	32	4	30	4	27	28	48	
2	13	41	14	25	42	15	23	28	44	36	50	3	43	20	15	45	45	41	6	50	28	26	27	38	8	29	8	25	2	28	2	16	39	5	5	36	1	41	19	23	15	43	47	34	49	38	6	15	40	7	4	22	35	10	36	3	18	24	19	
On machine	3
27	33	19	26	49	24	18	42	47	7	11	6	35	17	25	47	48	48	32	6	38	38	33	49	24	13	46	25	25	14	7	12	31	31	43	31	26	23	35	24	7	1	37	8	29	36	48	27	31	8	5	45	29	15	24	33	1	29	4	23	
10	34	28	5	20	38	16	17	7	48	13	4	27	26	32	38	5	41	50	32	48	12	32	42	35	44	5	6	13	48	9	47	13	9	26	7	38	30	2	9	7	32	44	29	30	26	13	37	35	16	37	5	22	45	39	25	26	9	22	11	
13	22	4	42	45	43	43	20	8	13	6	38	23	49	42	18	14	22	20	34	8	8	36	21	23	38	22	17	24	33	21	10	48	48	5	6	17	14	7	36	47	45	33	46	29	33	7	30	28	38	41	32	19	36	40	21	18	2	15	40	
25	35	37	42	26	40	44	48	49	40	32	2	1	29	11	10	43	4	25	50	43	28	6	8	12	44	3	29	14	21	21	13	17	31	8	3	19	10	9	47	37	17	17	27	27	2	34	16	14	46	17	35	9	30	25	49	26	48	7	32	
33	38	43	43	40	41	8	15	28	4	39	42	26	23	17	21	26	20	19	45	15	25	24	18	8	12	49	13	6	42	42	2	26	12	11	12	40	46	15	1	44	16	27	46	3	22	8	38	28	34	2	31	33	39	12	37	15	44	15	15	
32	20	33	27	34	7	17	41	41	9	6	32	6	20	3	28	1	38	30	25	42	44	21	33	50	4	43	21	31	26	11	11	7	27	25	24	31	46	27	42	15	14	32	48	14	28	17	49	30	17	49	15	20	16	2	34	24	50	37	43	
37	42	49	34	15	37	34	12	15	5	44	36	43	6	33	33	15	29	3	27	31	16	12	36	42	18	4	24	45	40	13	44	25	39	38	20	35	24	26	43	35	22	21	1	20	31	27	24	10	29	18	19	1	43	9	3	36	12	44	32	
10	48	14	45	15	49	46	17	20	47	25	45	26	38	35	4	15	31	44	21	5	17	38	41	22	20	8	7	21	30	22	50	47	6	18	35	7	19	7	39	8	10	18	39	43	39	43	4	46	16	27	43	27	48	41	50	31	1	38	43	
45	34	26	3	10	20	21	1	41	44	10	35	24	19	3	33	30	30	14	48	39	46	43	35	32	8	24	24	14	44	44	4	2	3	32	31	34	32	41	31	25	18	13	17	29	28	24	26	45	13	29	29	19	45	44	32	41	17	38	20	
33	49	24	16	15	29	13	41	45	16	13	4	7	19	11	29	21	4	32	28	8	7	25	25	35	19	36	45	33	44	7	47	31	20	30	31	15	37	36	18	36	46	15	28	29	38	18	3	50	17	30	21	29	44	11	25	32	6	43	21	
16	34	21	25	8	8	17	12	48	40	1	3	38	43	3	46	1	50	50	10	40	1	28	43	22	26	29	5	50	31	24	5	44	9	39	45	46	29	11	41	35	6	10	11	17	43	40	28	4	13	14	13	44	23	14	22	37	49	41	36	
41	26	49	25	14	14	11	25	3	49	38	27	45	13	21	49	44	50	27	36	17	48	50	31	24	47	38	29	4	29	33	28	3	31	48	4	3	47	35	38	32	16	14	19	22	30	7	30	22	50	50	50	13	29	50	29	8	37	45	25	
3	27	20	30	8	10	44	36	14	36	33	32	50	10	4	6	25	10	18	24	50	25	13	47	12	24	11	21	33	7	26	11	36	6	11	33	44	17	9	45	30	11	10	30	29	11	47	17	3	43	16	26	32	43	27	41	40	21	17	49	
32	35	32	47	3	44	16	3	41	16	22	20	27	32	44	43	30	45	17	7	38	28	22	37	42	36	2	22	42	20	4	32	29	32	40	30	14	18	11	9	7	39	29	16	27	25	47	24	30	42	24	21	36	35	7	32	27	36	6	20	
35	23	45	42	32	9	30	1	8	18	46	33	30	33	30	7	31	32	17	18	41	28	46	9	36	46	15	28	44	22	21	20	34	31	32	26	40	40	14	41	36	36	22	44	25	28	46	39	16	12	42	41	20	26	18	16	17	9	38	16	
17	6	36	18	47	40	12	5	30	18	11	3	25	30	45	36	3	36	15	5	7	1	45	2	33	28	28	23	38	24	10	43	11	49	24	32	29	47	15	24	25	15	42	17	31	38	37	10	17	33	28	35	50	8	15	33	9	8	10	5	
38	3	13	30	1	30	33	22	25	37	45	20	44	21	31	18	6	14	29	41	33	13	19	14	13	4	49	8	5	36	44	9	45	42	1	41	11	39	7	3	49	32	39	37	47	8	6	16	31	47	16	28	47	2	50	7	50	23	45	4	
37	50	8	22	23	4	36	43	42	2	48	47	36	50	7	22	42	44	48	11	45	3	34	12	32	22	8	47	31	37	21	12	20	20	17	43	25	29	6	48	19	28	25	19	36	45	24	35	32	1	23	26	16	3	35	23	35	17	47	43	
18	45	32	7	43	34	22	21	2	31	13	38	34	19	14	43	27	13	24	41	30	48	1	28	27	30	26	48	39	5	43	30	38	48	2	10	26	23	30	4	30	14	3	6	38	16	5	44	48	45	39	12	9	15	37	20	19	16	19	15	
15	27	39	15	26	12	25	45	33	5	47	5	50	6	49	33	10	23	13	9	1	31	42	27	23	21	11	35	44	45	42	43	15	17	2	46	47	2	32	14	23	12	37	34	11	43	38	43	6	9	37	33	28	27	21	7	38	31	17	7	
1	28	29	26	35	30	49	44	9	32	23	6	16	26	28	41	27	31	16	31	12	26	47	15	21	36	6	30	44	25	20	14	33	46	15	47	2	17	34	6	3	14	17	3	42	43	37	13	37	43	27	33	27	8	31	12	15	48	24	44	
45	1	24	23	44	45	39	13	31	27	13	1	23	26	24	8	47	27	37	49	42	46	20	30	24	39	48	25	39	17	42	46	43	35	32	46	17	2	45	38	40	9	48	6	50	12	34	20	32	6	18	35	8	44	31	38	40	17	10	42	
33	7	33	50	28	25	40	28	28	43	43	29	1	47	1	38	19	50	10	41	33	22	6	48	39	36	48	34	40	41	33	42	2	37	15	45	40	12	22	12	18	28	17	48	39	36	41	8	34	30	20	29	41	3	49	40	26	24	47	33	
16	39	1	12	41	41	50	30	27	38	13	27	18	29	34	48	32	39	36	45	2	26	15	37	47	42	44	38	46	40	23	43	22	24	1	47	10	1	18	24	36	45	29	10	24	6	16	7	8	36	26	26	49	47	1	7	34	43	12	42	
10	14	39	10	43	9	26	14	30	48	47	24	24	7	8	43	43	45	37	24	39	4	37	11	26	29	4	20	30	14	27	25	37	10	31	25	2	18	4	24	47	44	10	33	4	12	41	41	44	2	8	44	6	35	48	5	10	28	1	49	
43	27	13	18	43	41	5	14	7	29	13	42	40	35	28	42	42	48	39	48	3	49	44	14	40	39	9	21	43	30	24	41	22	36	16	42	22	1	15	32	25	16	7	24	28	33	6	2	26	21	48	15	46	3	29	41	9	23	38	26	
10	37	43	49	48	45	18	44	29	17	6	4	33	21	3	3	13	48	43	7	11	47	4	34	11	48	49	7	33	9	6	13	8	17	43	4	12	22	4	26	13	50	9	15	21	15	43	47	4	39	49	18	40	14	25	34	40	37	45	29	
24	4	22	33	45	22	18	21	50	18	47	49	2	38	24	38	23	2	37	22	40	13	12	42	41	39	19	38	11	35	27	5	23	46	48	9	8	49	10	11	25	17	19	45	35	43	21	24	18	21	30	9	39	28	18	42	15	18	43	28	
46	25	43	20	12	6	32	41	28	30	34	42	46	35	18	8	45	17	22	26	49	10	6	41	11	23	8	23	27	4	28	37	39	34	7	34	39	16	7	48	29	13	6	3	49	20	5	19	30	18	4	43	15	18	34	30	49	36	23	10	
20	42	40	27	2	12	38	46	47	48	27	43	17	26	29	6	50	34	16	17	13	49	31	13	15	13	35	18	36	21	13	6	14	46	49	17	22	36	9	47	35	34	36	47	41	49	29	45	42	7	5	50	11	30	33	27	7	14	38	22	
35	48	26	21	23	44	43	49	16	17	48	3	37	24	23	21	44	24	30	27	46	19	11	2	20	46	13	40	43	15	1	46	21	17	33	50	10	15	13	20	9	49	31	1	9	33	6	48	49	45	29	9	11	28	12	4	50	47	42	41	
6	35	24	21	12	48	6	37	12	34	20	7	41	7	8	37	42	40	31	37	5	4	42	33	31	29	22	42	4	36	14	33	39	2	9	17	40	23	37	46	12	11	32	19	13	15	30	16	48	9	5	19	22	9	5	15	44	28	4	39	
11	43	39	3	27	45	44	12	30	41	6	12	38	21	31	31	19	13	3	14	21	19	48	19	42	49	23	16	20	34	31	11	16	32	1	2	4	26	21	22	19	14	44	16	31	36	7	37	50	25	17	50	49	46	20	49	14	12	5	50	
18	38	25	36	36	2	14	15	48	39	32	25	5	42	22	42	37	14	31	22	37	38	49	31	15	34	16	48	35	38	48	24	45	42	44	39	39	47	50	24	47	24	7	20	15	1	26	2	41	23	17	28	30	20	48	6	48	9	37	27	
45	11	47	1	20	2	18	15	17	12	35	28	49	25	18	46	20	37	48	27	30	21	43	8	18	26	32	16	18	11	1	19	13	35	5	50	4	39	44	38	9	25	11	7	18	14	48	36	2	26	50	45	40	40	44	2	37	9	35	41	
44	13	30	37	20	44	45	36	7	2	26	12	48	45	26	11	27	49	38	10	8	46	13	1	34	35	22	41	34	49	50	18	37	21	32	12	22	6	20	8	31	29	18	30	28	12	30	29	9	17	31	29	7	2	36	35	20	4	18	14	
18	32	21	43	21	40	18	37	39	2	13	43	20	19	27	12	40	36	10	46	11	6	23	30	33	1	28	11	19	48	25	50	41	20	8	17	15	7	20	24	38	48	50	25	20	36	17	15	15	22	3	50	39	36	32	40	17	19	6	15	
26	50	40	36	20	31	13	34	47	6	38	30	27	40	35	9	32	30	15	36	17	23	5	4	30	41	43	8	29	41	3	7	3	4	43	50	12	24	21	27	44	7	11	16	26	8	2	46	39	47	9	16	3	47	10	44	12	23	44	28	
8	5	46	6	3	44	20	43	39	46	39	3	39	8	45	37	1	30	26	21	33	1	33	18	24	11	3	15	48	30	45	13	47	15	18	37	25	29	45	24	33	9	25	12	32	11	17	2	29	50	32	15	37	34	46	45	10	35	16	5	
3	46	41	1	22	5	6	18	27	36	42	24	41	38	7	7	14	46	42	28	16	28	18	47	30	42	42	26	19	18	41	19	27	19	29	41	34	26	16	2	34	45	25	18	15	25	19	50	39	11	3	26	43	40	16	28	44	18	32	13	
38	14	18	26	29	12	13	19	49	10	42	23	27	29	22	35	5	46	28	48	6	19	34	25	25	24	46	25	30	2	34	31	30	18	24	47	31	35	47	12	8	8	43	35	18	48	36	48	25	39	6	25	6	48	44	3	31	7	43	47	
24	37	34	13	6	47	26	49	14	1	21	5	14	33	5	31	45	40	4	16	46	12	27	34	47	8	8	17	31	25	5	42	39	44	21	50	35	45	24	2	23	23	47	41	17	47	12	32	45	11	2	10	4	17	2	16	10	27	40	43	
19	15	6	33	12	13	5	41	15	11	24	19	44	39	40	3	42	13	17	48	29	35	6	24	28	45	28	36	40	29	36	7	5	34	29	17	29	48	14	21	40	5	48	1	48	9	13	47	44	10	14	46	36	46	13	39	9	10	25	1	
41	38	17	44	39	31	7	15	21	18	29	5	33	4	23	27	26	8	8	38	39	49	30	48	37	14	23	48	32	17	43	43	34	28	3	15	17	25	32	4	43	42	38	45	25	16	48	46	36	7	13	13	40	35	29	40	26	9	8	48	
43	15	9	15	10	24	21	4	33	50	26	22	49	6	43	34	44	19	5	49	13	12	37	17	32	46	13	7	45	48	21	12	20	38	47	11	13	8	15	32	39	39	49	24	19	25	21	22	15	35	14	37	1	26	10	21	1	37	35	29	
49	45	26	35	49	18	23	34	42	5	33	31	15	38	17	46	46	15	48	20	35	20	15	13	43	3	34	32	44	34	3	46	35	17	15	38	42	49	1	44	27	32	26	8	38	12	10	11	15	42	39	8	2	46	35	8	6	29	24	37	
48	21	27	34	27	13	41	15	11	31	50	40	11	7	48	25	29	41	20	17	43	18	30	43	7	19	2	28	20	36	6	9	15	38	4	26	48	25	20	1	43	9	11	49	11	48	39	17	3	36	15	37	21	23	39	4	48	40	32	14	
46	24	38	15	25	19	50	14	45	3	7	3	5	9	8	33	43	38	29	13	4	8	27	32	21	19	23	29	42	27	28	35	1	11	13	41	37	18	1	17	28	22	14	22	40	41	39	47	32	6	43	46	4	49	14	5	41	32	10	29	
28	50	43	2	1	26	49	36	18	19	48	7	38	26	17	13	2	49	50	5	31	2	2	25	36	2	10	33	28	7	13	4	28	41	39	46	38	49	13	35	1	36	15	31	22	40	31	25	9	21	42	26	38	37	8	50	27	7	3	18	
35	32	16	33	3	16	8	8	18	27	43	49	26	4	31	10	26	6	24	11	8	33	7	40	31	41	17	8	19	21	30	33	14	34	3	14	16	39	34	3	3	3	31	33	15	35	48	39	4	31	18	32	36	23	49	44	33	40	21	47	
11	32	16	28	26	36	15	22	15	40	31	34	25	21	36	24	16	42	30	37	27	37	20	43	28	45	49	17	23	28	33	40	32	29	40	26	10	8	28	36	39	33	7	32	36	25	24	25	3	40	36	16	4	46	40	18	49	37	34	4	
16	13	36	29	40	31	18	25	18	6	4	29	9	44	34	31	20	5	28	44	18	3	22	41	12	44	10	26	3	36	8	32	47	21	49	1	4	25	50	26	47	1	22	46	33	2	40	26	5	19	2	8	25	29	49	36	33	36	11	22	
44	24	23	31	36	6	41	15	37	10	41	26	4	24	22	41	26	31	23	18	33	22	18	5	50	7	33	34	16	38	48	23	19	2	36	2	11	26	41	21	13	22	1	43	41	31	40	23	50	25	15	46	34	19	5	34	1	29	24	7	
34	1	29	18	37	23	9	9	45	50	24	42	21	42	20	20	23	3	33	9	10	22	3	9	8	32	41	13	11	34	27	34	9	26	44	50	50	32	20	21	25	34	23	44	22	17	47	5	25	22	46	42	41	48	42	49	10	30	26	34	
43	48	48	4	36	25	8	10	7	26	35	14	11	12	5	32	28	13	50	23	31	38	45	36	21	37	10	43	27	47	45	15	18	24	31	40	41	49	35	40	19	3	7	21	12	18	40	2	25	9	30	24	27	29	46	49	25	15	19	13	
38	3	22	31	22	32	39	15	31	9	47	23	4	24	25	49	33	4	38	23	46	33	15	43	36	9	5	9	35	31	18	36	35	46	31	12	1	26	39	19	1	36	30	3	12	34	33	48	34	18	40	22	18	29	9	29	31	6	42	20	
2	23	43	14	4	43	3	14	48	8	36	17	31	21	9	14	22	43	9	39	28	26	44	34	30	40	29	15	45	48	2	11	13	41	50	38	44	40	50	37	46	10	16	34	23	26	48	9	21	42	33	34	16	9	16	2	47	40	7	30	
2	10	50	34	24	1	29	27	32	50	41	46	12	17	5	33	46	10	11	21	12	39	8	36	30	45	43	6	31	22	44	42	28	50	50	46	30	35	25	2	36	21	16	39	2	27	1	19	44	15	14	20	20	8	24	41	14	30	15	3	
4	40	14	40	23	25	6	15	10	9	37	30	41	30	15	18	5	3	36	21	39	29	47	34	35	39	19	48	39	42	7	7	3	19	7	27	29	28	25	49	46	19	33	13	6	19	31	23	50	28	44	24	15	26	19	34	43	35	40	34	
22	23	33	21	5	11	36	22	22	27	31	43	42	45	1	32	3	16	46	3	17	12	47	37	19	44	3	28	23	16	16	46	8	15	7	43	34	38	33	39	20	12	20	22	6	48	31	38	17	28	28	50	7	17	35	29	8	3	32	33	
On machine	4
48	35	49	41	34	42	14	4	43	16	50	34	1	2	41	30	27	20	32	42	25	12	12	27	22	35	6	40	48	5	6	24	38	29	25	19	18	28	28	1	11	49	23	17	23	48	13	1	19	22	3	10	49	42	21	24	38	10	6	35	
21	20	29	16	42	12	17	47	22	29	23	32	46	4	43	40	40	4	41	48	28	13	26	36	42	39	35	50	46	49	37	21	37	15	22	46	31	18	21	37	21	34	44	36	3	11	23	14	30	35	31	39	43	15	7	50	31	7	48	26	
28	26	17	25	44	4	31	45	45	29	49	28	14	43	39	13	44	19	9	3	37	7	45	47	15	20	50	42	42	32	26	45	46	31	23	2	28	4	16	34	31	25	33	26	49	27	24	2	14	10	35	32	14	18	33	21	6	47	14	7	
9	32	39	8	8	2	46	13	13	14	12	39	48	3	42	16	1	21	22	47	16	47	36	31	42	30	9	50	6	35	31	1	47	25	42	6	47	25	18	43	1	45	3	45	34	8	49	39	5	7	22	19	32	6	38	8	47	9	31	49	
34	38	31	1	31	29	28	20	12	20	37	34	10	26	44	26	6	18	32	43	41	21	2	29	5	15	33	38	36	13	35	19	4	5	17	7	14	8	25	40	23	23	42	17	50	35	29	49	39	10	17	15	20	42	8	10	26	19	50	46	
22	22	17	41	38	24	10	47	8	26	15	11	37	50	19	50	41	15	2	22	41	24	36	19	45	18	26	21	25	40	5	20	17	45	7	15	8	9	4	3	9	47	15	40	33	19	14	15	1	41	10	41	26	2	26	42	46	10	6	12	
50	37	2	48	42	38	4	18	11	44	9	31	5	18	49	34	19	28	21	47	7	23	39	24	41	2	7	28	19	50	22	38	21	16	46	19	49	28	43	49	38	25	41	14	9	47	23	30	32	42	21	27	32	32	42	22	9	12	37	28	
1	13	50	29	24	18	10	19	49	20	15	15	27	50	32	5	33	14	32	19	38	21	35	7	45	26	47	33	47	4	43	49	7	25	2	23	37	29	27	33	49	2	46	31	44	15	4	49	15	27	6	18	46	49	17	45	6	9	10	36	
1	31	24	8	34	30	30	31	36	1	24	28	33	30	47	16	49	15	33	2	6	44	29	35	45	32	41	44	5	17	30	28	14	45	30	46	3	19	32	8	37	38	22	5	48	39	18	37	47	8	11	5	48	24	38	15	49	50	37	10	
13	5	41	3	19	31	31	25	30	12	31	41	38	42	8	11	1	32	27	26	36	8	36	9	36	36	22	14	5	46	50	42	43	39	13	41	14	8	2	32	11	18	2	19	31	28	39	31	44	43	46	46	28	1	8	21	49	38	28	28	
18	25	33	12	36	20	20	31	40	40	1	13	37	23	9	14	34	13	44	6	41	39	46	45	46	15	28	8	19	49	31	8	36	29	41	16	42	17	35	20	35	43	10	5	27	32	12	38	47	11	3	38	19	2	44	50	25	4	5	8	
37	7	34	49	39	31	45	25	13	24	23	10	48	31	27	48	41	29	32	50	45	3	16	50	29	14	35	43	7	42	31	2	4	46	22	1	18	35	6	16	25	25	34	47	35	16	5	11	24	34	7	28	33	19	3	7	22	39	36	29	
2	48	36	8	17	18	16	36	40	47	23	41	10	32	4	30	21	45	33	1	27	45	25	41	42	19	21	12	5	5	34	39	45	7	1	39	36	21	25	23	20	49	43	40	6	25	19	35	35	28	37	32	46	46	32	34	32	15	45	46	
34	40	37	27	34	41	12	15	11	39	29	50	13	47	21	16	3	12	22	29	7	41	13	43	26	36	23	24	9	17	41	28	23	22	21	2	39	17	25	9	9	2	44	28	39	23	45	39	41	23	26	19	24	44	9	46	18	10	49	36	
40	16	23	19	3	12	34	34	16	1	16	22	39	23	36	29	46	44	9	8	36	49	29	16	21	27	10	30	22	34	46	36	36	2	11	36	43	32	41	50	28	7	26	25	5	16	42	47	25	8	40	28	31	14	15	43	41	46	38	37	
14	17	22	13	19	16	26	20	43	25	46	32	36	19	40	3	6	40	23	18	15	46	38	42	19	42	4	46	42	9	17	34	33	5	17	14	8	47	44	5	2	30	21	3	8	15	26	26	37	8	21	32	12	23	23	21	31	39	5	8	
42	36	8	48	29	22	28	26	48	15	11	46	7	1	41	12	44	44	36	21	34	27	18	40	27	31	48	25	47	43	12	41	2	31	40	44	44	46	22	29	46	24	24	22	8	28	19	13	38	46	46	43	50	22	32	47	15	18	39	3	
23	24	5	29	49	47	1	29	36	33	15	7	38	26	34	22	22	30	21	18	43	34	15	17	12	17	30	20	24	8	6	13	14	2	35	43	49	50	9	49	4	8	31	4	20	39	47	41	36	40	31	32	27	1	24	27	42	37	22	13	
17	13	32	4	13	11	37	34	33	25	5	43	10	25	12	18	17	48	21	30	4	30	4	29	50	21	23	17	25	49	50	3	15	22	32	32	30	4	3	7	12	23	49	37	29	37	18	8	34	32	16	14	7	47	16	46	37	2	50	49	
24	45	9	11	50	27	30	10	2	45	7	25	36	9	3	2	46	19	12	37	16	43	12	29	36	25	43	38	34	50	9	13	47	42	50	12	5	49	48	39	8	16	31	6	6	10	35	30	5	35	49	13	23	42	43	46	45	12	19	40	
42	37	27	40	10	26	27	25	48	10	46	17	26	31	21	30	45	26	46	38	17	38	47	45	12	43	47	32	32	20	41	5	30	16	18	18	46	15	26	6	2	31	21	9	25	4	15	48	27	2	9	17	49	31	32	39	43	8	28	6	
8	47	48	16	36	25	30	38	30	41	8	38	44	32	7	25	38	13	3	34	1	45	34	33	49	43	29	37	48	47	50	33	8	19	14	42	5	31	48	4	15	4	1	43	48	14	22	48	7	4	7	21	42	21	15	4	10	7	2	9	
31	36	39	30	17	48	49	10	30	20	12	26	14	1	37	50	35	45	7	18	23	2	7	50	22	1	2	47	35	5	19	43	41	36	12	10	11	11	17	42	12	41	45	18	3	12	34	15	1	40	4	14	33	33	19	16	27	27	46	14	
40	48	15	42	6	17	4	7	14	14	49	43	49	10	10	4	6	16	45	13	39	15	24	43	1	4	8	8	18	7	35	14	50	48	14	10	32	4	5	26	42	16	33	47	17	9	40	17	2	42	47	31	36	35	19	32	14	7	31	6	
50	29	27	16	3	49	7	10	22	38	7	3	21	40	25	14	21	33	49	42	20	48	34	42	22	46	39	50	40	13	12	9	26	48	17	13	36	45	42	31	19	19	39	25	11	24	16	5	24	12	27	10	48	46	18	49	10	28	39	40	
10	44	43	45	24	18	50	18	38	44	17	1	31	21	49	8	14	6	17	11	5	41	32	41	37	26	19	6	17	23	43	5	11	23	23	49	18	22	30	40	1	4	1	38	45	44	37	3	38	39	32	42	32	12	25	26	48	28	38	44	
29	43	30	33	47	30	18	43	30	17	9	40	8	15	48	20	6	40	8	7	29	8	7	34	9	38	33	34	19	43	19	20	7	12	16	23	49	38	16	44	18	15	12	26	37	32	34	43	6	10	22	38	20	33	35	16	12	41	41	22	
36	41	16	9	38	42	33	16	39	47	22	5	12	34	47	23	47	43	20	18	16	17	5	39	26	45	4	22	29	13	21	39	44	9	30	34	6	36	36	5	6	40	30	42	32	40	28	19	21	35	5	43	15	47	2	8	22	26	10	41	
30	8	10	9	2	1	42	18	24	18	31	29	13	29	2	22	6	29	39	22	41	27	6	3	47	27	17	20	10	44	17	24	25	50	36	27	29	4	22	32	49	42	30	15	18	16	21	23	12	32	15	15	12	3	27	30	16	37	1	7	
41	9	42	8	4	26	43	29	36	16	8	47	31	14	46	14	28	45	23	30	40	42	27	23	39	33	24	28	37	5	46	40	39	35	40	10	21	40	16	28	33	22	10	14	16	2	11	20	6	28	29	37	34	39	37	46	50	12	27	38	
5	43	10	32	26	18	33	47	37	8	5	26	6	36	5	21	47	40	13	30	46	27	49	7	10	16	5	18	8	25	30	31	41	11	6	2	2	50	1	16	29	33	34	14	4	7	44	15	43	14	23	19	37	18	43	47	19	47	15	40	
46	34	2	29	9	31	34	43	10	42	20	1	14	15	43	25	18	47	10	15	17	40	34	32	28	10	28	22	32	40	16	12	32	2	11	48	9	32	13	41	6	34	9	27	24	35	27	16	39	19	8	16	11	1	26	9	31	45	20	19	
24	19	48	45	25	25	15	47	27	16	49	3	40	2	3	13	1	28	35	36	27	19	14	21	13	25	13	46	34	29	7	33	35	6	17	42	11	31	22	36	48	41	50	45	25	18	9	14	16	2	17	5	48	39	36	37	37	27	33	43	
24	50	48	36	1	39	20	26	11	44	11	6	50	9	11	7	48	4	34	11	34	38	29	36	38	21	6	47	9	20	22	28	26	32	18	15	1	23	36	30	48	42	32	16	25	9	32	50	13	14	27	43	50	50	11	47	47	25	26	25	
19	31	38	34	1	27	18	8	26	8	17	29	30	13	3	1	26	10	29	31	33	2	1	39	16	29	22	34	37	39	31	36	15	3	11	19	16	23	9	39	10	31	31	50	24	17	13	22	13	45	42	9	31	19	41	19	16	19	11	28	
15	5	46	16	7	12	37	48	33	19	34	5	20	9	5	34	24	6	35	12	15	31	26	39	43	34	2	8	46	44	28	6	48	44	12	44	37	33	18	28	12	1	46	11	27	22	13	7	23	5	35	12	47	36	26	11	49	29	10	24	
10	44	25	48	31	42	27	8	18	39	8	36	4	50	38	38	21	6	3	6	38	32	39	36	29	23	24	25	42	5	9	10	26	11	10	44	40	21	25	34	33	4	12	27	42	33	23	39	49	5	7	6	14	23	2	7	16	40	4	23	
25	42	46	14	42	31	6	25	42	13	39	20	1	15	43	44	18	46	35	8	20	33	12	24	9	28	10	1	15	15	33	18	47	38	39	8	10	28	13	43	17	22	26	11	10	26	47	8	19	21	8	12	22	3	5	1	11	33	3	42	
23	10	5	32	17	37	42	22	18	35	11	11	44	30	47	35	4	7	22	25	10	50	16	44	22	9	14	2	17	20	25	37	34	21	26	29	21	19	12	11	29	38	3	11	4	1	10	50	10	8	7	12	19	47	14	37	12	25	1	16	
2	3	23	23	20	38	11	27	11	11	41	3	36	7	11	39	49	35	33	36	13	18	24	9	33	5	17	46	49	13	30	39	19	47	14	24	14	21	26	37	48	5	29	48	22	38	26	26	36	11	50	28	42	13	15	29	2	14	39	2	
48	29	20	6	34	14	18	22	29	29	7	25	35	42	21	39	3	1	43	13	3	41	31	23	23	14	10	28	39	17	48	44	39	31	9	30	40	33	41	6	36	16	41	2	24	49	40	28	19	24	13	12	1	36	4	36	28	49	22	2	
31	38	16	15	45	39	5	26	8	14	43	42	35	5	5	32	26	46	8	36	11	5	32	31	5	43	11	30	37	49	22	17	14	16	15	20	33	43	35	23	22	18	1	15	8	17	46	22	16	7	1	28	10	22	8	47	21	16	15	1	
11	26	32	2	33	37	6	33	49	13	48	16	42	4	16	4	27	22	42	17	42	34	31	28	41	5	31	30	50	49	17	39	3	8	8	39	11	42	38	5	35	36	44	46	41	28	38	28	44	6	11	22	37	33	46	10	8	15	44	39	
35	1	39	27	48	22	48	38	34	29	9	45	9	44	25	28	20	13	25	46	7	4	29	16	40	39	47	49	15	8	28	43	32	41	3	3	3	43	29	29	32	3	25	16	1	6	34	33	39	49	35	25	7	31	48	16	21	33	9	35	
20	46	50	49	28	27	20	28	12	29	5	17	31	46	23	7	5	21	47	21	25	8	43	22	47	21	15	49	27	3	20	21	11	49	46	6	33	28	18	21	23	37	46	35	14	27	15	15	5	6	10	13	43	9	17	3	24	39	28	31	
15	12	26	46	26	43	39	20	24	14	15	41	46	41	40	32	31	8	45	9	1	4	39	50	8	4	39	39	32	49	19	3	41	42	40	43	7	48	7	36	34	37	28	9	41	45	1	39	8	5	14	35	17	49	37	15	26	45	48	41	
8	45	44	29	1	7	50	3	12	36	26	26	27	49	49	28	7	19	24	22	48	30	40	8	10	34	25	1	19	16	18	14	50	41	38	15	22	35	22	3	45	10	31	17	44	48	2	17	27	49	42	39	18	31	12	23	45	36	15	39	
15	33	40	35	3	13	16	38	27	40	15	50	49	22	40	29	8	50	14	14	37	37	42	43	26	49	22	11	31	33	35	16	42	27	16	3	38	3	4	21	13	47	5	19	1	22	9	3	29	4	19	30	27	1	30	22	10	11	48	10	
42	34	15	30	18	12	8	29	5	5	38	22	8	50	39	48	36	44	46	4	37	38	18	38	9	25	32	39	7	11	39	6	45	29	8	32	10	33	21	28	15	44	34	41	2	6	35	12	18	20	28	25	18	15	33	15	44	6	25	49	
24	40	29	15	32	42	36	1	45	38	45	5	8	40	31	23	27	40	11	26	7	48	4	11	4	48	36	28	32	8	45	31	4	22	23	33	14	45	23	4	42	36	37	42	3	32	41	30	29	42	6	31	6	42	42	36	7	11	24	20	
41	28	8	38	28	27	11	13	38	27	12	18	19	37	47	26	27	11	6	3	30	34	30	8	48	14	48	27	31	32	43	42	46	47	35	30	44	11	5	17	2	8	18	22	20	15	3	34	4	27	9	7	2	2	11	46	10	43	26	20	
8	35	10	32	20	5	20	6	40	30	34	8	47	5	11	9	34	30	26	19	37	18	2	9	19	18	48	24	12	21	39	11	36	12	31	37	43	34	23	6	21	50	48	29	25	23	41	24	46	39	4	24	23	17	20	40	25	33	11	43	
38	41	32	13	19	34	26	47	28	39	41	15	30	42	19	27	49	26	17	40	33	28	47	32	2	41	6	1	5	48	2	16	16	30	41	21	43	22	40	24	14	13	43	21	46	20	19	43	12	48	49	33	35	18	46	16	29	40	23	35	
8	13	48	43	50	42	50	15	2	32	3	35	33	46	31	1	35	37	41	4	50	21	49	40	22	34	2	44	35	45	15	24	39	29	43	47	26	19	35	35	21	49	13	9	31	45	49	46	29	24	48	49	28	43	17	4	6	22	34	17	
44	4	16	11	38	8	16	45	6	16	19	44	21	9	7	12	33	48	21	14	38	9	38	4	5	43	40	6	45	22	7	16	44	27	14	41	36	16	39	8	46	36	34	12	29	12	25	18	22	23	44	5	32	10	49	36	37	48	5	41	
9	48	18	44	2	12	31	37	41	47	12	19	16	33	10	34	3	26	25	44	29	26	20	32	11	1	1	23	4	22	40	20	28	18	24	12	11	19	13	46	9	13	10	30	11	42	50	28	49	16	18	12	11	7	17	25	17	14	3	29	
1	6	7	50	28	29	22	21	26	6	36	35	6	9	43	34	6	47	44	4	14	44	36	49	36	18	40	7	38	6	34	27	18	26	20	27	29	10	47	12	13	33	35	49	9	9	6	35	38	16	33	43	23	43	14	11	36	24	17	43	
42	3	8	16	21	24	48	4	28	43	33	34	35	41	45	39	22	40	19	26	37	29	44	22	32	41	26	44	4	25	9	22	6	13	11	32	4	22	29	26	22	7	22	44	13	2	38	48	15	43	48	23	29	18	10	35	38	49	42	46	
41	50	32	3	3	44	47	19	8	26	3	26	14	10	6	40	33	39	6	40	31	38	2	47	1	31	49	4	20	11	43	45	31	48	4	41	34	50	5	50	49	40	33	29	2	14	12	39	6	23	28	36	27	17	21	49	2	14	29	42	
16	3	9	22	33	13	48	11	27	21	49	31	26	21	32	2	14	27	10	6	40	24	2	3	5	32	3	16	25	44	12	37	9	16	5	2	18	23	6	48	40	43	7	31	28	17	36	50	9	39	48	42	4	10	14	10	44	39	9	11	
