Factories	3
Families	40
Machines	4
SetupType	2

Number of Jobs in each Family
8	8	6	4	5	9	7	3	10	5	9	9	3	3	1	8	4	1	4	1	1	3	3	2	8	3	9	10	9	8	4	3	7	2	2	9	3	9	4	1	

Jobs in each Family
0	1	2	3	4	5	6	7	
8	9	10	11	12	13	14	15	
16	17	18	19	20	21	
22	23	24	25	
26	27	28	29	30	
31	32	33	34	35	36	37	38	39	
40	41	42	43	44	45	46	
47	48	49	
50	51	52	53	54	55	56	57	58	59	
60	61	62	63	64	
65	66	67	68	69	70	71	72	73	
74	75	76	77	78	79	80	81	82	
83	84	85	
86	87	88	
89	
90	91	92	93	94	95	96	97	
98	99	100	101	
102	
103	104	105	106	
107	
108	
109	110	111	
112	113	114	
115	116	
117	118	119	120	121	122	123	124	
125	126	127	
128	129	130	131	132	133	134	135	136	
137	138	139	140	141	142	143	144	145	146	
147	148	149	150	151	152	153	154	155	
156	157	158	159	160	161	162	163	
164	165	166	167	
168	169	170	
171	172	173	174	175	176	177	
178	179	
180	181	
182	183	184	185	186	187	188	189	190	
191	192	193	
194	195	196	197	198	199	200	201	202	
203	204	205	206	
207	

Total number of jobs
208

Processing times of jobs
2	4	10	10	
7	6	5	1	
3	10	4	8	
2	7	10	10	
7	8	5	9	
6	3	7	5	
9	5	8	8	
5	3	1	7	
6	9	3	1	
4	2	5	6	
1	6	8	6	
3	5	8	7	
1	2	1	7	
5	5	9	5	
4	6	6	1	
7	10	10	5	
6	3	10	6	
10	7	9	9	
8	1	5	7	
4	4	9	5	
9	6	5	1	
2	2	3	1	
4	6	7	9	
3	3	4	4	
1	9	5	8	
9	3	2	2	
7	10	7	7	
7	10	2	9	
10	2	2	5	
9	4	4	10	
2	3	8	1	
1	8	3	6	
8	8	9	7	
8	5	4	3	
6	2	1	4	
9	2	2	4	
1	10	3	7	
9	2	10	2	
4	10	10	9	
6	6	2	7	
5	1	1	7	
5	9	2	6	
5	2	6	6	
7	4	5	10	
2	3	8	1	
7	5	9	6	
9	6	7	3	
5	1	6	3	
6	7	10	8	
4	2	9	4	
7	9	2	1	
2	1	2	1	
5	8	10	5	
7	7	2	4	
9	4	1	4	
4	2	3	8	
5	4	8	5	
4	8	6	3	
8	4	6	5	
4	4	2	4	
5	3	7	4	
5	8	8	9	
10	10	9	9	
1	5	4	7	
5	7	8	4	
2	7	3	9	
6	1	8	9	
2	9	5	4	
6	4	2	6	
6	3	7	7	
3	8	6	2	
5	3	2	3	
7	9	1	4	
6	9	8	8	
8	3	7	5	
8	3	4	3	
8	10	8	2	
6	4	6	4	
10	6	7	8	
4	9	7	4	
9	9	5	9	
2	10	5	4	
8	2	8	8	
10	10	2	8	
10	10	3	2	
7	8	6	10	
9	8	2	1	
4	8	3	9	
1	6	7	6	
3	9	8	7	
3	10	1	7	
1	9	1	3	
2	8	6	1	
9	6	1	1	
1	3	1	9	
6	9	9	8	
3	1	7	3	
3	3	5	7	
7	4	1	4	
3	10	1	10	
3	7	10	9	
5	9	2	4	
7	1	1	2	
8	5	6	3	
5	7	2	4	
4	8	7	5	
10	3	1	5	
6	8	7	5	
5	7	2	10	
6	10	2	5	
1	1	9	8	
8	3	5	6	
6	10	7	6	
2	5	9	1	
3	7	5	7	
2	2	4	4	
4	4	6	3	
6	8	9	5	
3	9	4	9	
7	5	5	3	
7	5	2	6	
10	10	6	6	
10	2	10	5	
2	5	7	5	
7	4	8	4	
3	10	5	4	
3	5	9	2	
5	8	10	10	
10	6	9	8	
8	7	10	6	
10	3	1	9	
3	6	1	10	
8	10	9	10	
3	8	3	5	
7	8	2	7	
1	9	4	6	
3	2	3	7	
4	6	10	8	
7	6	8	10	
1	7	6	5	
4	8	8	5	
7	7	8	2	
4	9	9	1	
7	1	2	9	
1	9	4	3	
8	7	4	8	
5	6	8	2	
6	1	8	9	
3	9	9	2	
10	2	1	2	
9	8	1	7	
1	3	1	10	
4	5	2	6	
4	5	6	5	
5	4	5	7	
6	10	2	2	
9	5	3	7	
3	10	3	1	
6	9	7	9	
8	8	9	2	
4	6	9	6	
1	2	2	9	
3	5	6	9	
10	6	9	2	
3	5	7	6	
3	8	6	6	
7	3	9	1	
6	1	1	1	
4	9	4	7	
2	8	9	3	
1	8	6	8	
5	8	5	5	
1	2	5	1	
1	1	10	1	
6	2	10	5	
10	10	2	1	
8	8	6	1	
6	3	9	1	
2	6	1	10	
4	7	1	1	
9	3	2	8	
6	10	4	5	
8	7	1	5	
10	10	10	8	
5	3	7	6	
9	2	8	6	
2	4	2	7	
4	10	10	10	
6	7	7	2	
7	3	3	4	
6	3	8	8	
8	9	6	4	
3	2	1	10	
9	8	1	8	
5	5	7	9	
6	6	2	6	
4	1	4	1	
3	9	9	9	
6	1	9	1	
7	9	5	8	
2	10	6	2	
3	8	7	3	
6	5	5	3	
1	9	3	10	
7	10	4	8	
6	10	7	1	
4	8	7	4	
1	7	1	10	

Stepup times between Families, where [f][f] represents initial setup time
On machine	1
37	24	22	30	41	33	28	11	41	41	41	39	46	37	26	40	46	40	33	31	26	25	20	17	24	20	34	44	2	32	18	27	4	1	26	49	19	47	45	6	
25	6	5	35	48	43	1	30	41	14	34	17	17	8	40	16	22	42	38	27	15	28	5	1	17	30	31	22	8	40	19	9	44	39	32	29	43	33	10	2	
31	16	28	26	6	2	20	10	35	28	37	35	42	43	32	23	39	27	26	26	44	15	4	31	34	1	27	23	5	26	5	20	26	20	43	18	48	20	11	2	
48	41	36	34	39	10	29	47	6	50	44	24	30	30	14	16	40	5	18	33	43	49	45	24	16	35	2	8	1	2	43	44	29	15	7	41	19	35	36	26	
16	48	29	46	44	34	46	25	22	24	50	25	37	37	18	28	14	34	1	36	41	21	6	36	34	9	31	2	30	11	8	26	30	31	49	15	14	2	20	32	
45	20	24	44	39	15	27	4	38	25	3	13	30	33	5	12	20	6	17	30	41	28	39	28	20	26	24	8	21	45	4	45	29	12	8	4	50	49	29	44	
22	44	31	31	19	11	3	4	35	45	20	5	24	48	42	50	17	6	47	1	49	36	8	6	28	47	11	1	28	10	33	21	5	14	50	15	43	41	43	28	
39	25	4	40	1	20	16	41	21	14	25	49	36	21	7	1	33	6	2	27	30	30	5	7	30	19	38	19	26	10	11	12	37	2	13	9	1	5	29	27	
48	39	25	26	41	15	33	4	22	16	17	28	38	31	43	8	10	14	3	1	10	35	8	18	49	35	5	40	38	33	24	40	5	41	41	2	39	48	19	34	
43	42	32	42	16	4	3	24	6	14	13	29	41	37	7	10	14	46	44	40	29	46	38	6	32	33	15	15	12	3	20	9	45	9	4	47	49	38	35	11	
23	4	14	25	1	27	32	15	12	45	42	48	12	25	37	35	42	9	34	18	10	36	39	16	18	44	50	31	43	40	39	1	32	47	46	40	7	11	50	23	
21	13	6	24	43	42	34	21	31	50	41	11	37	48	22	22	50	38	14	50	40	29	23	28	38	44	12	44	32	28	3	12	42	45	21	3	49	24	14	38	
1	30	15	29	15	8	11	25	34	35	21	43	17	11	3	43	4	6	11	17	34	33	16	36	45	21	14	7	42	24	31	9	23	8	4	39	37	48	46	25	
36	18	38	28	8	50	31	42	44	15	16	10	7	31	22	37	38	13	11	22	38	35	46	24	37	25	26	5	16	37	3	3	1	34	46	8	43	3	48	5	
24	28	13	37	48	6	33	19	26	20	47	34	25	26	14	39	3	7	23	9	18	1	12	2	37	46	35	36	13	32	43	14	48	26	36	13	11	14	40	20	
26	26	34	43	40	3	5	22	18	4	47	29	13	27	10	20	28	31	43	45	39	4	45	45	39	14	10	1	46	17	9	27	3	12	1	31	8	49	31	43	
15	43	16	29	39	39	46	18	21	36	31	32	35	34	16	26	24	39	24	43	28	35	7	8	24	10	29	16	43	18	1	38	15	40	40	1	19	20	31	38	
24	32	28	15	11	38	28	1	49	36	27	34	17	49	23	47	46	48	38	44	27	7	50	9	38	18	21	41	18	11	19	6	23	1	19	41	21	4	32	44	
30	50	28	18	45	9	43	44	10	7	17	29	9	22	25	20	12	24	45	6	50	39	10	46	15	10	2	3	47	3	37	45	3	14	17	36	25	6	50	15	
27	46	22	50	13	38	2	38	33	47	39	22	33	29	19	16	9	4	6	33	31	39	17	47	23	4	28	12	12	42	17	42	30	27	18	1	45	24	17	25	
31	46	26	29	21	25	15	4	11	2	34	6	49	43	7	2	50	35	22	19	28	41	32	19	3	40	16	44	50	39	4	30	27	44	7	31	3	44	19	32	
15	11	34	34	13	18	18	49	10	45	24	12	17	14	12	28	32	30	4	37	8	32	19	14	25	48	10	18	11	14	42	2	21	30	20	25	39	24	8	25	
20	50	32	30	23	38	32	14	27	49	33	38	21	11	4	6	17	43	43	44	37	2	24	19	27	50	47	20	29	1	14	17	47	19	29	40	43	37	14	35	
13	42	14	20	8	39	23	15	47	21	41	9	2	48	19	33	36	50	48	7	38	5	13	6	31	31	21	48	17	33	41	18	5	24	35	24	26	5	2	33	
46	45	17	35	40	19	24	28	41	19	2	9	41	4	15	28	10	4	27	35	45	1	7	6	20	38	1	4	35	20	17	37	32	38	29	37	42	18	30	36	
18	35	15	16	16	37	41	32	31	31	44	37	38	29	35	37	9	33	4	15	49	3	33	30	43	47	48	31	33	43	7	41	45	15	41	29	27	37	2	16	
6	28	32	17	6	20	42	19	31	46	3	9	32	49	45	38	18	7	37	33	46	28	4	21	23	22	26	18	27	10	10	43	3	2	10	41	12	43	42	41	
11	10	17	38	6	7	10	32	50	31	4	41	43	22	14	24	40	3	8	3	36	49	1	27	42	3	43	8	44	3	5	22	12	43	10	4	24	34	46	32	
23	2	24	17	10	21	23	11	32	1	9	14	10	8	26	45	44	16	24	29	36	13	20	50	33	6	5	5	13	31	17	24	33	14	24	23	39	20	31	28	
8	11	11	3	45	17	26	10	7	40	41	48	29	44	31	26	42	2	7	7	35	36	30	10	35	14	34	39	18	50	49	32	32	42	20	1	18	8	8	12	
23	26	26	8	17	7	30	18	45	40	30	26	38	28	4	41	17	44	25	38	29	36	32	17	20	6	8	3	48	22	5	28	42	35	24	5	47	4	37	42	
17	35	18	7	24	12	20	17	23	2	46	16	18	7	15	8	3	4	6	43	21	25	11	14	18	17	40	46	1	28	33	48	38	12	7	46	30	15	2	35	
31	39	9	10	2	18	41	43	6	15	41	12	27	8	16	29	40	15	24	3	15	44	43	34	36	2	29	38	31	4	6	43	24	20	21	14	4	14	50	31	
19	24	36	6	42	17	21	9	31	27	39	19	46	43	3	46	48	25	46	10	5	40	14	24	35	13	30	15	14	30	10	40	20	4	37	35	27	7	21	9	
4	11	8	15	36	24	31	46	44	44	30	5	16	38	49	2	6	28	1	19	44	28	18	7	7	6	24	23	31	37	40	18	9	10	31	10	31	40	3	31	
31	27	45	12	14	21	34	43	9	48	23	47	5	39	47	20	30	19	4	30	42	46	49	3	30	31	21	9	12	20	22	25	39	38	39	41	20	21	20	4	
8	17	16	17	33	38	17	48	26	6	8	27	30	23	9	47	2	33	37	30	49	20	6	39	10	40	2	31	40	25	16	44	14	46	41	46	32	40	41	37	
36	40	17	36	5	5	28	38	37	39	47	42	12	29	33	50	49	10	48	17	2	45	46	23	14	42	8	4	5	18	44	25	2	15	35	46	8	47	11	5	
9	21	50	11	10	33	24	44	40	46	43	41	33	19	42	46	11	36	36	40	16	17	30	22	4	32	18	28	41	31	20	29	1	29	50	34	5	25	48	31	
23	20	26	20	34	4	16	21	28	47	40	50	25	8	14	30	9	2	42	32	2	12	18	10	29	22	40	29	8	3	49	48	25	13	50	40	27	19	26	50	
On machine	2
28	36	44	2	31	17	37	42	21	42	33	12	14	34	4	25	46	30	47	43	41	38	35	48	41	45	28	19	12	38	5	23	22	38	21	6	4	47	23	21	
10	25	43	50	17	39	32	4	10	8	33	3	4	45	25	3	4	43	18	39	36	26	2	42	9	44	18	44	49	5	35	45	37	16	38	46	4	48	9	7	
45	21	1	5	40	44	33	30	31	43	40	32	9	5	5	25	28	6	13	22	42	42	2	41	46	4	40	14	39	16	26	43	34	19	17	8	41	14	13	31	
15	37	27	31	13	22	2	6	33	43	11	22	27	13	28	17	19	35	23	18	22	49	13	38	7	44	10	24	20	37	37	6	11	24	4	48	16	15	7	17	
2	23	27	33	37	31	31	47	25	12	34	23	24	47	18	15	17	19	1	26	29	42	20	21	30	13	41	44	39	27	11	11	28	16	7	31	22	3	40	21	
19	30	34	5	15	49	29	16	4	48	7	6	2	45	21	22	5	16	21	34	41	27	2	14	13	17	23	6	4	40	42	13	7	22	8	26	40	21	46	28	
42	32	40	19	12	35	24	7	38	5	5	8	48	39	10	7	39	45	10	12	22	43	26	9	37	13	26	12	29	48	33	5	10	42	6	6	35	27	31	23	
15	43	31	10	44	14	30	5	47	44	13	39	22	40	16	48	37	20	12	21	44	41	30	35	24	26	25	20	1	27	2	12	28	32	50	30	9	42	15	32	
43	47	23	41	50	14	41	14	9	16	25	29	40	37	39	36	34	6	41	46	39	45	24	3	2	31	5	12	48	20	15	18	24	10	41	4	41	6	16	10	
38	48	48	8	39	13	40	10	27	40	28	22	21	2	13	5	20	27	20	43	19	36	9	38	20	35	31	28	46	29	7	19	49	19	42	31	31	32	25	8	
31	32	23	47	1	42	31	26	31	9	14	11	12	1	34	47	31	41	33	32	23	8	23	23	36	43	31	18	45	5	30	44	4	9	41	39	18	50	1	40	
4	26	48	3	28	38	24	23	12	10	36	14	16	22	48	38	13	19	33	6	12	30	19	33	27	19	39	48	3	47	22	37	30	33	46	23	12	2	9	3	
37	44	35	8	36	22	48	29	9	10	30	50	35	42	3	23	50	3	19	1	18	2	8	5	34	45	26	8	2	14	44	41	50	39	24	8	15	22	18	23	
48	13	10	30	32	23	19	43	10	25	49	1	15	2	47	49	47	16	5	38	4	13	32	11	28	44	24	48	25	37	44	34	16	21	27	2	9	9	30	21	
49	9	20	41	50	46	10	36	50	39	38	34	27	14	2	45	43	35	16	4	20	11	42	7	22	15	13	11	32	9	50	19	7	14	37	14	25	19	27	38	
29	49	30	42	15	9	45	31	43	29	26	38	39	10	38	32	48	50	24	6	9	44	31	12	15	13	33	34	21	50	36	22	22	5	27	43	2	41	13	1	
3	32	29	27	31	5	5	5	6	6	50	35	9	36	8	42	23	14	18	7	31	41	43	36	22	8	24	17	4	33	4	8	49	25	5	45	27	29	28	30	
31	34	22	11	36	19	42	34	33	35	33	12	9	17	11	48	23	47	8	13	26	44	27	14	8	13	33	1	26	2	50	17	30	31	49	12	12	48	23	10	
16	3	25	3	5	28	32	38	7	3	11	37	43	9	35	50	16	7	2	35	1	2	29	20	43	46	36	16	13	37	34	9	15	30	40	6	8	32	27	3	
25	32	10	3	16	21	42	49	21	10	14	20	43	32	47	27	48	6	33	15	18	41	6	19	43	25	37	39	46	42	29	39	15	11	9	3	42	13	27	3	
30	32	30	44	11	18	19	24	25	40	34	19	27	37	27	44	29	17	48	10	47	15	47	39	48	44	11	11	38	41	27	42	19	22	43	28	20	27	36	50	
10	9	28	34	40	28	36	18	28	27	3	37	42	45	1	33	40	41	42	33	43	20	40	8	29	38	33	22	20	34	14	21	4	40	50	2	46	39	26	27	
25	32	27	6	32	34	12	46	33	1	27	11	10	36	29	45	46	47	18	47	15	36	38	5	16	6	45	43	4	21	41	38	11	19	6	18	26	27	19	34	
14	19	47	16	2	5	15	28	50	37	22	19	44	6	29	32	6	1	35	14	44	15	50	48	49	45	36	7	12	24	47	41	35	38	18	34	31	8	48	45	
30	3	30	5	17	39	9	38	36	26	41	33	10	35	34	9	17	46	11	21	2	34	13	5	18	37	29	19	31	10	24	36	26	50	40	19	30	6	43	17	
5	10	22	4	39	36	35	14	35	11	48	8	10	6	15	30	40	8	15	7	35	41	50	24	34	21	44	11	32	19	40	33	35	34	40	9	35	13	9	45	
3	21	32	16	4	11	5	23	46	39	25	30	50	43	27	11	47	19	15	41	25	27	20	17	46	7	11	2	6	5	19	14	30	49	4	25	38	14	7	18	
5	10	49	6	5	15	18	3	16	36	32	23	32	22	18	9	49	26	36	47	9	37	12	45	25	38	18	43	2	34	30	50	48	36	7	17	40	47	48	48	
30	3	41	18	29	40	9	4	38	30	4	26	12	10	7	18	2	27	40	18	6	16	17	5	50	28	14	27	5	34	35	31	9	11	28	1	42	32	15	12	
45	33	21	36	11	1	21	40	9	43	17	40	30	14	37	32	2	35	13	1	20	46	43	2	13	39	46	50	4	1	4	24	39	20	35	39	45	23	50	35	
32	1	34	36	41	1	38	15	33	48	6	15	5	47	33	45	38	12	36	4	33	47	5	12	7	36	4	33	2	1	32	10	44	12	43	44	42	12	46	33	
22	47	30	16	20	16	6	39	32	21	7	39	32	50	23	33	41	14	2	25	10	33	2	20	19	40	41	24	20	18	30	50	7	4	24	47	39	2	28	30	
49	21	42	41	11	29	43	7	3	47	26	43	46	36	7	19	37	42	31	28	37	20	7	13	6	14	30	16	10	33	44	48	41	5	37	18	12	44	43	37	
7	16	23	31	11	7	1	27	29	31	33	30	36	5	20	48	29	15	13	17	37	35	21	21	50	40	14	38	34	28	33	27	19	30	13	45	5	15	39	48	
12	44	26	46	35	18	23	2	33	48	2	5	3	37	45	25	40	50	44	37	25	39	31	30	10	50	32	40	18	37	34	48	26	10	35	32	34	13	16	13	
1	14	35	3	17	45	27	3	41	16	22	20	23	25	17	44	37	33	26	24	8	36	10	46	45	15	12	37	22	31	29	42	50	38	49	33	4	38	22	46	
3	11	7	17	2	26	49	19	26	39	48	34	36	41	20	37	45	47	4	29	41	42	14	48	31	19	5	50	46	17	28	28	46	32	17	29	3	36	33	3	
41	3	36	22	34	46	46	7	8	29	35	22	1	37	41	18	3	30	9	6	7	9	44	4	13	14	36	21	23	10	29	46	15	20	36	43	2	8	31	19	
48	47	28	48	34	16	38	41	41	32	33	3	40	17	9	46	11	20	22	41	44	7	1	7	18	37	39	48	29	6	44	17	23	34	12	39	39	49	45	21	
40	15	22	25	1	13	23	10	24	33	43	19	20	31	35	33	36	15	14	35	21	9	1	47	21	29	15	5	21	50	48	29	17	22	17	38	32	28	50	28	
On machine	3
16	47	1	49	5	5	29	36	32	49	25	6	5	44	47	3	18	9	42	42	20	8	44	49	40	38	23	26	46	36	47	6	6	9	22	11	24	45	13	9	
16	12	30	24	28	14	21	45	28	11	39	28	48	49	6	49	33	22	5	2	40	50	1	8	36	43	10	14	40	43	6	26	4	2	36	21	9	26	19	32	
47	46	37	37	17	7	5	45	35	7	19	12	50	24	42	36	46	15	17	32	33	10	11	13	13	20	39	42	14	45	23	36	15	32	23	48	42	45	19	37	
26	32	23	37	13	35	47	5	18	44	18	7	23	37	20	8	50	27	49	49	2	12	23	16	3	44	48	47	45	27	44	23	20	14	30	4	38	18	33	11	
13	27	38	30	12	16	26	1	37	40	38	37	30	23	50	43	2	44	40	10	30	44	33	49	18	23	3	5	18	48	19	2	4	14	44	23	9	34	44	48	
38	4	5	16	30	33	50	37	25	43	39	41	40	9	33	45	26	4	28	18	17	8	27	24	43	33	48	42	26	17	40	36	15	30	45	42	48	37	33	20	
36	19	31	12	20	30	39	21	15	11	40	17	20	40	15	3	24	35	6	23	7	17	1	15	36	29	30	43	5	2	16	8	37	25	26	9	22	15	21	22	
33	36	34	26	47	23	49	17	7	10	5	1	21	5	15	4	20	28	44	40	39	21	45	23	49	24	50	50	26	5	13	24	40	14	32	2	4	12	3	42	
7	23	24	46	3	50	45	6	26	18	17	5	42	13	31	46	48	36	6	22	41	6	11	1	37	36	18	49	18	2	37	3	7	30	6	24	45	35	16	33	
14	25	36	27	23	33	7	10	8	16	7	5	39	5	1	11	12	49	7	2	37	46	50	5	46	29	17	2	39	13	32	21	46	50	5	9	33	13	39	13	
12	50	12	1	50	25	19	10	37	46	21	35	41	37	3	22	29	4	25	12	49	16	8	15	21	22	4	37	4	26	4	2	26	11	7	22	22	15	45	2	
3	37	46	47	17	8	37	9	19	49	22	18	21	38	3	26	11	40	40	29	26	17	5	23	21	15	40	34	2	32	49	11	9	10	12	24	5	36	36	20	
45	17	10	48	25	16	37	38	36	27	48	17	39	21	25	6	37	49	40	31	15	5	19	38	38	27	44	48	13	34	30	7	6	17	7	2	37	42	45	40	
39	16	44	19	1	17	40	25	34	42	42	43	31	21	18	1	21	21	12	2	2	10	10	6	5	32	4	19	43	13	33	28	50	46	3	18	45	38	4	10	
23	47	13	46	14	43	3	2	19	2	31	16	22	41	29	2	50	34	42	28	27	38	30	28	33	45	45	7	2	11	4	49	6	9	47	34	24	39	11	23	
19	22	26	37	40	16	2	25	15	20	18	39	33	12	29	28	39	16	3	18	10	18	31	37	32	12	32	48	46	50	22	48	18	1	4	44	30	10	1	42	
11	29	28	9	48	24	14	4	41	4	34	30	25	46	28	28	45	29	38	44	32	42	44	41	31	38	27	49	30	28	16	18	8	6	45	28	25	36	22	44	
13	10	12	37	7	11	41	28	15	10	24	14	38	25	18	32	42	5	41	27	35	43	27	31	38	20	19	18	6	33	37	20	49	9	20	47	33	32	38	23	
7	29	30	28	23	11	39	17	5	29	2	7	43	40	12	28	24	15	13	19	33	7	40	2	31	50	1	4	4	41	23	18	19	13	40	42	48	6	36	41	
12	16	40	12	5	40	41	4	22	24	50	49	23	43	38	27	25	24	11	30	39	35	48	34	19	21	18	40	49	5	45	30	38	39	37	15	7	9	14	36	
30	3	34	44	24	49	50	27	2	42	19	1	25	27	11	2	27	43	23	28	8	11	2	43	48	35	30	6	39	18	25	13	43	3	42	9	6	6	38	22	
19	43	18	22	37	17	3	23	18	15	7	5	46	17	33	41	27	43	6	8	12	45	46	47	46	46	50	42	42	3	46	8	2	41	50	45	22	10	27	31	
21	32	14	3	23	43	8	12	8	48	26	41	4	26	29	27	11	43	29	8	44	2	44	5	33	17	48	25	41	4	48	23	48	9	40	40	17	10	33	14	
50	19	46	39	33	38	34	9	44	33	24	26	6	24	28	5	41	34	26	17	15	40	24	31	49	4	18	30	24	37	50	50	46	21	3	8	16	48	35	47	
39	26	47	22	11	29	44	10	50	25	43	1	46	46	28	49	29	46	17	37	29	43	17	25	41	8	11	28	13	32	17	29	41	39	33	30	27	34	27	27	
28	29	50	15	26	41	22	5	12	10	43	21	19	45	2	27	34	23	11	19	44	3	27	23	4	16	49	44	11	1	28	20	38	45	29	22	14	20	5	29	
6	5	37	14	34	11	34	39	43	37	40	11	8	17	37	17	26	38	21	8	5	43	6	28	22	46	39	21	26	50	44	45	24	4	28	8	36	4	8	47	
42	5	12	2	35	5	19	43	50	29	38	49	19	17	17	49	32	12	48	10	42	24	7	11	16	15	30	45	37	40	23	17	38	14	36	40	44	3	3	17	
34	20	49	41	20	20	46	4	49	26	41	2	35	22	23	38	34	6	30	36	2	46	43	49	11	3	34	20	7	38	46	8	23	16	16	12	24	25	35	17	
48	3	9	25	9	19	46	46	17	36	46	35	2	8	46	5	7	35	5	2	14	31	20	8	17	28	27	32	37	42	26	11	19	6	24	39	7	43	31	24	
40	21	23	18	44	45	3	17	45	16	26	32	26	4	39	50	18	9	1	43	32	40	37	22	22	48	3	4	43	1	19	45	34	48	16	21	17	24	43	47	
45	41	1	34	7	10	32	15	47	50	17	47	2	45	45	5	23	26	41	30	31	19	38	27	10	50	29	34	38	34	29	42	32	28	33	50	25	19	50	25	
12	38	32	50	48	8	10	30	40	29	25	23	24	50	37	40	23	12	39	25	2	18	13	8	50	40	31	37	33	30	27	30	8	13	13	36	17	21	34	48	
6	6	23	7	10	37	31	35	26	29	23	48	12	32	15	24	45	43	17	34	22	15	8	35	17	40	8	43	30	31	30	41	48	26	47	39	31	46	28	11	
42	38	13	36	23	33	27	31	18	29	12	47	50	19	31	47	5	40	9	20	44	43	23	11	26	37	22	37	14	2	47	36	34	14	25	23	43	7	3	19	
39	28	42	47	15	27	49	10	43	44	17	31	16	38	49	22	2	4	47	40	25	1	37	41	48	7	2	25	16	30	15	12	30	15	18	2	33	50	37	45	
39	21	15	11	13	1	9	4	25	6	20	33	48	50	40	38	36	24	48	22	7	47	39	15	18	18	39	48	6	39	3	40	21	32	45	23	47	44	26	22	
49	42	16	34	38	11	26	9	16	46	41	12	2	1	49	13	48	7	3	3	7	49	16	49	32	30	44	13	24	34	6	35	30	3	2	29	16	37	30	30	
29	28	43	25	1	35	47	46	21	12	35	49	11	15	39	42	10	7	27	45	46	14	47	39	43	36	12	46	46	39	9	47	34	17	7	37	29	8	28	31	
5	16	6	4	46	9	29	19	37	44	22	44	40	49	12	11	50	16	3	21	38	50	36	50	45	30	35	28	14	26	3	20	36	29	28	46	12	26	4	50	
On machine	4
4	32	16	21	17	30	5	9	33	3	46	33	46	29	45	17	28	30	2	38	20	11	23	27	44	17	29	40	26	5	46	50	38	50	10	36	9	2	24	25	
11	50	21	44	38	44	31	39	19	50	15	12	10	21	36	4	3	22	47	48	44	3	48	1	17	4	14	46	34	4	17	31	21	20	24	34	34	14	47	20	
5	15	23	20	39	5	50	47	14	21	30	32	22	43	47	50	39	24	18	41	14	15	39	33	5	46	24	11	32	5	15	1	46	25	38	22	47	37	20	36	
43	22	38	18	5	30	5	28	26	44	7	11	39	4	42	3	7	3	40	5	41	5	28	3	22	1	34	38	42	17	45	36	12	20	45	32	41	17	35	29	
30	40	26	10	34	31	39	12	9	40	47	6	10	7	44	10	28	42	12	6	4	47	17	39	45	17	31	32	14	8	40	17	25	15	16	24	16	11	19	26	
27	30	20	22	26	30	32	44	17	49	19	47	13	24	25	6	35	40	28	8	43	2	20	32	25	7	10	25	19	21	37	16	32	38	7	25	43	1	5	22	
29	19	12	10	6	16	2	14	30	8	24	19	35	19	36	20	42	15	40	14	27	6	19	33	31	17	4	23	36	37	5	9	2	19	25	33	4	2	43	3	
12	42	35	48	1	23	43	36	30	30	14	39	31	41	45	41	50	31	2	3	1	28	34	25	16	44	9	47	31	16	18	15	35	27	43	21	20	47	25	6	
41	13	35	19	25	37	17	6	3	11	2	17	34	4	41	31	49	42	35	20	33	47	15	22	7	50	21	39	41	22	44	50	32	17	16	19	3	31	31	43	
5	38	18	3	38	6	1	9	1	4	9	48	23	14	43	48	35	26	20	36	35	44	41	26	46	5	1	19	16	19	15	29	44	9	41	27	33	12	37	21	
30	45	45	45	3	36	45	44	50	9	23	32	5	39	33	18	49	10	43	49	31	16	22	46	24	49	22	41	25	41	12	13	20	36	20	7	43	12	36	13	
33	42	18	7	46	40	49	48	5	26	9	4	40	49	3	3	22	39	43	43	28	38	36	29	37	40	39	30	16	45	32	27	38	28	27	13	34	3	16	32	
1	32	7	11	32	17	35	26	16	2	13	49	1	20	33	43	23	8	17	24	16	14	24	35	35	40	49	13	3	39	50	6	11	38	43	32	4	9	6	25	
4	18	37	40	13	30	2	17	11	37	46	14	22	3	47	3	17	15	25	3	37	2	17	4	43	41	50	8	19	40	32	40	39	38	43	26	50	16	4	40	
20	9	2	26	20	5	15	49	46	6	9	28	41	22	8	22	11	45	8	31	47	15	26	45	42	8	11	38	20	17	30	18	24	17	35	17	10	3	38	17	
36	48	36	19	4	30	44	9	44	12	3	7	7	43	45	12	21	44	12	20	13	29	28	40	31	41	37	44	49	20	37	7	38	43	47	18	40	23	7	45	
29	10	37	42	25	13	22	47	36	5	45	31	26	28	14	11	36	38	34	11	29	5	27	32	40	36	14	17	45	13	40	26	4	34	7	42	27	33	20	18	
3	10	5	14	8	19	26	17	21	40	26	8	14	11	34	50	49	31	22	40	37	42	30	10	13	50	2	9	28	20	31	14	22	27	29	9	11	41	50	46	
20	50	27	36	49	3	13	24	9	5	16	47	1	41	43	29	48	16	24	45	10	31	39	1	30	38	3	5	41	19	50	12	4	45	9	14	40	14	31	47	
34	24	50	9	47	14	42	38	6	14	37	38	45	49	25	29	32	16	21	26	22	4	33	35	31	45	12	28	39	25	49	25	7	15	27	30	31	6	30	30	
25	15	33	37	5	29	14	32	24	5	8	42	50	20	4	12	47	41	28	43	5	50	21	34	16	7	10	50	2	38	43	45	5	50	29	42	33	16	10	42	
36	38	31	42	20	13	26	43	13	33	19	43	50	48	33	44	15	26	21	18	7	35	42	22	4	38	9	16	24	31	28	21	31	12	20	26	19	41	9	8	
31	30	20	8	3	18	14	31	31	15	30	40	36	48	49	17	2	8	47	44	30	18	27	1	49	8	18	30	33	31	24	35	4	12	48	18	18	17	5	30	
27	30	34	15	7	1	1	16	42	10	48	18	17	12	27	9	10	17	24	36	38	3	17	4	22	34	43	21	45	6	5	29	4	14	8	44	49	27	43	21	
9	36	8	20	26	37	12	25	7	4	22	12	9	35	21	25	45	43	30	43	27	41	46	9	44	3	5	39	22	30	17	36	6	37	26	43	15	11	9	4	
20	8	37	5	28	29	1	24	20	6	22	28	24	33	35	10	37	22	23	19	26	25	40	45	23	3	35	13	46	39	39	10	45	25	22	31	27	23	45	43	
45	36	31	21	31	14	8	45	27	6	5	44	11	14	12	13	34	45	21	23	16	2	21	48	19	40	25	15	9	20	12	40	5	17	46	28	50	31	16	48	
38	43	22	29	48	26	8	4	36	38	11	15	43	4	14	8	29	15	6	7	30	42	26	4	26	22	15	8	15	32	46	33	21	14	22	32	46	12	47	19	
45	41	46	28	17	7	10	15	17	36	38	32	17	34	22	41	46	1	3	34	49	6	4	31	28	41	16	33	49	13	46	3	11	41	41	2	9	30	25	21	
27	42	36	34	50	35	43	23	12	28	31	26	46	36	7	18	27	37	10	40	37	14	29	50	7	32	10	41	15	33	40	29	41	18	11	3	27	5	33	34	
22	30	19	40	18	27	29	43	28	4	37	11	12	5	2	42	25	47	25	49	49	49	44	11	25	34	20	33	49	34	25	46	44	48	28	29	44	6	27	13	
6	1	25	36	43	49	47	1	9	42	39	13	10	19	41	16	32	6	29	29	6	42	32	7	34	7	33	28	14	45	34	6	27	47	47	5	38	17	26	5	
40	18	33	17	35	42	28	46	37	5	16	47	38	33	32	3	13	28	36	39	46	35	26	29	5	49	36	41	23	38	43	13	3	29	48	44	32	39	46	1	
34	9	22	6	42	46	42	1	28	35	1	11	15	10	26	41	12	6	42	46	9	49	17	29	34	22	34	13	41	7	15	43	1	3	16	47	14	29	27	13	
9	12	37	44	17	16	37	29	20	41	34	40	31	41	43	12	25	50	43	4	45	33	34	40	39	46	44	18	40	39	13	3	6	17	31	34	15	46	1	50	
40	33	35	25	9	17	10	32	2	9	33	46	8	27	46	19	50	39	47	25	23	18	4	19	38	47	48	31	29	27	29	8	17	36	6	3	31	34	36	26	
28	29	22	40	48	40	19	41	6	7	44	30	36	24	33	21	15	40	13	13	25	18	36	6	32	11	39	22	39	7	35	16	39	25	12	45	23	48	40	4	
34	13	17	3	9	30	27	3	27	26	32	40	48	44	20	46	7	11	38	16	11	42	14	1	1	25	29	20	22	16	50	15	12	30	7	7	36	7	7	25	
5	25	19	8	38	31	22	46	12	27	34	47	45	18	10	15	21	22	27	31	27	36	5	34	6	38	1	5	36	45	24	13	31	45	5	10	10	13	44	4	
4	24	36	32	13	40	36	43	43	11	22	15	16	20	21	1	33	6	31	13	27	42	4	23	25	7	41	36	14	18	35	38	31	45	48	13	15	17	16	31	
