Factories	2
Families	20
Machines	10
SetupType	2

Number of Jobs in each Family
4	9	5	3	3	3	10	9	6	1	7	3	9	7	10	7	4	10	4	3	

Jobs in each Family
0	1	2	3	
4	5	6	7	8	9	10	11	12	
13	14	15	16	17	
18	19	20	
21	22	23	
24	25	26	
27	28	29	30	31	32	33	34	35	36	
37	38	39	40	41	42	43	44	45	
46	47	48	49	50	51	
52	
53	54	55	56	57	58	59	
60	61	62	
63	64	65	66	67	68	69	70	71	
72	73	74	75	76	77	78	
79	80	81	82	83	84	85	86	87	88	
89	90	91	92	93	94	95	
96	97	98	99	
100	101	102	103	104	105	106	107	108	109	
110	111	112	113	
114	115	116	

Total number of jobs
117

Processing times of jobs
5	10	4	3	10	9	7	1	2	10	
4	7	1	4	9	6	7	7	4	2	
6	3	10	10	5	3	10	2	5	3	
9	1	9	9	2	1	10	7	1	5	
5	10	10	10	7	2	5	6	3	1	
7	5	7	7	9	9	2	4	1	7	
4	9	1	7	5	4	5	2	1	1	
9	2	8	9	7	5	8	6	6	4	
5	10	10	3	4	2	5	3	10	8	
6	10	8	8	5	6	2	10	7	6	
3	2	2	10	6	4	1	7	9	10	
4	9	6	1	3	4	4	6	7	6	
8	4	4	10	10	3	2	4	5	5	
8	8	1	1	6	9	3	3	1	8	
4	3	10	9	1	2	1	10	9	4	
1	6	10	1	8	1	10	10	2	10	
10	2	4	10	5	5	9	7	5	3	
1	3	1	9	3	7	2	5	10	8	
9	1	9	1	10	3	8	7	2	9	
2	8	9	2	3	6	3	3	1	6	
10	10	5	8	3	1	9	9	7	7	
3	6	5	4	4	1	3	5	3	10	
2	2	7	4	8	8	1	6	4	9	
5	10	8	9	2	3	8	7	10	5	
7	10	9	7	9	4	7	5	8	1	
1	4	2	10	7	4	10	5	2	10	
4	10	7	3	1	5	5	2	2	6	
9	5	2	7	4	8	3	2	2	9	
2	4	8	1	7	5	8	4	3	5	
4	2	8	10	7	2	3	8	4	3	
3	3	7	9	10	9	7	3	6	5	
8	4	9	10	6	3	9	1	3	10	
1	7	9	10	10	3	5	3	10	9	
8	3	6	7	9	3	4	8	10	3	
4	8	4	10	5	8	6	4	8	10	
1	6	7	2	5	7	4	2	6	6	
10	4	5	9	2	9	1	9	4	10	
6	10	8	7	5	2	10	7	6	7	
4	7	7	10	3	7	2	10	7	10	
5	1	2	8	10	7	5	5	6	4	
2	6	10	7	2	3	7	2	2	1	
8	10	6	1	1	5	10	7	1	7	
3	5	7	2	1	5	4	2	5	8	
3	6	9	4	5	6	6	10	8	6	
6	2	5	8	5	3	1	7	8	9	
3	9	9	7	10	1	8	8	9	6	
2	10	4	4	7	9	1	4	7	2	
9	1	2	5	10	8	5	10	1	1	
5	8	3	4	1	7	2	6	9	10	
2	7	1	1	2	1	8	8	4	6	
7	7	7	5	10	2	7	2	4	4	
7	4	4	3	3	10	5	1	2	4	
4	2	10	7	3	4	3	5	5	7	
2	3	2	7	7	9	8	2	3	2	
6	7	9	6	7	5	7	7	8	8	
1	1	10	1	7	10	8	6	10	4	
1	8	3	2	3	9	1	8	3	6	
5	3	2	2	5	9	9	10	2	4	
6	3	9	8	10	5	4	3	6	8	
10	1	10	5	5	9	10	4	9	10	
7	1	1	9	6	9	7	2	10	7	
1	3	9	3	9	10	3	3	10	10	
5	3	3	7	2	8	3	3	3	7	
3	4	8	10	6	1	8	5	5	10	
8	3	5	1	5	9	8	5	5	7	
3	10	7	3	1	6	4	10	4	4	
9	8	3	5	6	4	6	3	1	3	
10	3	4	3	6	3	7	6	8	3	
10	4	8	4	3	8	1	3	10	3	
3	1	4	6	9	4	5	2	2	2	
10	4	1	8	4	10	8	5	8	7	
6	8	8	10	7	10	2	9	4	4	
4	2	4	10	7	10	1	4	2	9	
1	4	9	3	9	3	10	1	1	5	
6	4	9	8	9	8	3	5	8	2	
7	9	2	7	1	6	8	3	5	5	
8	3	3	7	10	9	10	4	9	5	
7	5	9	4	7	2	5	3	1	2	
9	8	7	8	5	8	1	10	9	6	
1	4	8	1	3	3	8	2	2	9	
5	8	4	7	7	1	5	4	8	7	
1	6	10	2	8	1	2	6	3	8	
5	2	6	7	10	10	9	2	9	1	
4	8	6	9	2	3	9	9	10	2	
8	3	4	6	1	9	4	2	7	2	
4	9	4	2	9	10	8	9	8	9	
7	2	5	5	5	6	1	1	4	1	
2	5	9	1	2	10	8	6	4	5	
8	8	3	3	1	4	5	10	3	1	
3	8	6	7	6	9	9	3	1	4	
6	10	9	6	2	2	8	9	8	7	
5	9	9	6	10	7	10	7	10	8	
1	1	5	4	3	5	9	8	4	3	
5	10	3	4	2	4	10	4	9	7	
1	5	6	6	7	3	1	7	1	10	
10	3	10	2	4	10	1	9	5	3	
10	5	8	3	5	5	4	6	8	8	
7	4	4	8	5	1	10	7	5	6	
9	2	2	8	5	9	4	10	10	4	
1	7	9	7	3	1	3	10	10	6	
8	7	7	10	5	4	10	3	6	9	
1	7	8	4	5	5	2	3	3	8	
4	3	3	6	5	3	4	6	3	9	
8	10	2	10	10	9	6	8	5	4	
8	10	1	3	2	3	2	2	10	6	
9	6	1	10	2	4	6	6	1	4	
1	9	10	10	7	2	7	9	4	3	
10	10	10	9	10	7	8	4	7	6	
9	5	8	10	8	2	10	9	10	2	
9	3	2	4	10	3	6	9	2	2	
1	4	7	4	5	3	8	7	6	1	
8	1	9	1	4	3	9	8	5	9	
8	2	3	7	7	2	4	3	4	10	
9	1	3	10	1	3	6	1	8	2	
4	5	9	5	7	1	5	5	8	5	
4	5	3	6	5	7	2	5	4	2	
7	3	3	6	3	9	3	9	8	6	

Stepup times between Families, where [f][f] represents initial setup time
On machine	1
21	40	47	6	48	20	9	24	41	23	36	23	33	49	2	8	32	1	45	47	
2	34	27	5	41	22	13	25	40	39	3	26	47	14	1	35	47	38	27	14	
49	49	27	42	12	15	7	38	45	25	45	11	20	29	32	30	23	8	11	32	
16	7	47	34	43	46	41	34	22	27	20	28	44	46	46	36	3	7	31	50	
50	31	12	18	50	30	8	5	44	40	40	35	18	5	44	3	24	14	5	9	
27	9	3	38	4	34	34	31	41	44	4	45	18	35	32	40	14	13	31	5	
37	38	41	6	26	29	50	36	15	30	27	38	34	37	43	39	24	44	50	42	
23	1	26	30	48	31	45	32	28	41	7	48	34	32	26	39	21	23	41	14	
22	23	16	28	22	45	24	33	19	8	22	25	3	41	34	40	16	31	22	28	
18	24	32	1	44	6	7	2	38	29	31	38	9	21	30	5	14	19	16	11	
25	25	30	41	22	33	16	13	29	44	13	34	7	3	6	30	36	23	18	35	
13	5	3	37	39	48	34	21	31	25	15	6	15	25	46	31	7	11	16	48	
18	12	46	15	12	4	46	20	10	11	11	39	21	11	40	10	17	33	28	3	
37	45	29	25	43	3	38	36	18	39	30	32	27	26	6	8	25	15	7	49	
42	34	26	2	20	2	34	34	25	12	30	33	6	27	25	17	12	37	32	9	
8	34	37	44	49	12	16	9	25	26	48	2	21	34	41	39	29	50	25	7	
44	10	47	2	45	17	3	2	45	5	22	7	27	22	42	19	46	7	16	19	
9	44	29	20	28	39	16	19	7	43	26	2	11	34	21	41	33	45	1	43	
14	31	4	49	32	35	33	35	37	49	32	14	7	35	48	36	26	41	1	4	
14	49	19	48	30	3	48	4	33	39	27	9	40	25	48	40	14	31	50	23	
On machine	2
39	27	29	46	10	20	22	39	20	46	14	32	35	24	38	16	46	36	9	4	
29	44	40	43	46	25	39	11	3	24	7	27	26	41	25	4	20	36	4	11	
10	46	12	43	49	50	36	19	50	5	42	11	9	18	22	30	8	23	34	34	
30	37	15	10	9	44	38	39	18	29	3	37	8	29	18	3	14	29	7	41	
10	25	49	34	47	35	21	43	43	40	10	4	30	27	12	28	44	20	25	2	
47	37	45	47	39	16	44	39	35	8	11	8	43	30	21	41	33	3	26	15	
14	30	47	6	39	38	16	12	22	36	14	28	7	38	24	44	20	11	38	47	
25	37	27	37	3	4	37	41	3	14	8	35	11	11	11	1	35	41	18	31	
4	6	15	49	49	30	10	2	31	32	19	32	44	46	7	34	15	9	47	15	
1	19	11	34	18	37	35	40	25	6	27	47	50	44	13	45	32	27	35	6	
47	15	23	24	12	13	36	48	24	11	15	2	1	25	31	14	36	8	13	47	
10	23	43	25	47	14	42	17	8	23	27	47	3	10	40	43	28	18	40	34	
24	4	13	49	37	50	33	38	36	24	17	37	21	8	14	43	28	44	25	39	
30	47	40	23	47	49	32	14	21	21	43	3	36	18	31	11	40	15	37	39	
25	17	44	32	15	33	43	34	35	13	20	12	22	9	36	21	22	14	46	42	
10	16	10	44	8	11	29	15	35	18	47	28	47	19	25	11	10	46	2	20	
9	46	7	9	9	49	35	5	13	20	13	33	30	9	39	48	37	13	5	47	
23	45	22	36	30	9	12	30	38	16	19	16	47	3	15	25	6	9	2	12	
4	11	39	1	41	26	47	35	44	29	40	30	20	44	8	4	30	31	25	32	
24	39	6	43	27	41	30	49	7	47	8	18	37	16	44	21	17	24	28	28	
On machine	3
46	1	5	35	34	29	35	47	42	50	24	36	5	48	26	28	7	18	6	29	
21	1	28	42	17	31	24	41	25	41	20	9	19	3	5	15	20	30	38	18	
14	41	19	16	29	38	32	26	4	38	18	46	14	43	24	9	45	31	6	46	
12	31	20	1	23	5	34	3	9	43	21	48	30	12	23	23	23	39	14	12	
13	9	25	28	49	26	28	18	46	25	5	33	50	14	26	20	24	13	36	36	
12	31	25	39	44	39	37	11	8	29	46	3	25	31	43	10	1	2	37	42	
45	37	25	35	26	26	38	17	2	11	26	45	15	20	10	18	33	31	33	49	
16	16	22	41	41	26	38	32	39	6	24	11	8	22	20	47	35	1	30	39	
49	37	39	47	4	1	24	18	21	7	15	21	44	28	41	7	25	45	30	7	
7	7	46	12	45	6	16	18	37	25	41	36	16	26	50	39	5	35	16	14	
6	25	12	6	11	6	2	24	35	4	43	28	35	1	13	9	1	7	6	5	
34	11	14	19	18	42	31	19	6	10	8	5	20	4	2	9	19	40	27	3	
24	4	50	21	7	8	3	35	23	30	40	24	7	25	33	36	12	3	42	44	
45	34	20	47	18	32	35	39	13	17	8	33	5	10	34	25	37	20	34	2	
43	27	18	28	18	31	12	44	36	5	17	33	14	46	13	3	23	43	14	45	
49	47	3	23	40	2	9	14	3	3	8	7	2	32	11	31	1	41	7	11	
4	48	4	23	21	47	35	9	28	21	45	2	48	13	26	42	14	28	29	9	
8	36	15	11	19	47	25	37	22	33	39	22	11	24	27	45	34	11	32	10	
25	32	20	43	3	19	42	34	44	32	16	36	35	29	29	10	8	20	5	5	
44	1	19	40	26	47	6	35	18	21	23	26	18	10	16	24	22	18	24	28	
On machine	4
38	26	9	8	29	8	46	43	46	50	49	20	1	23	9	2	50	45	35	6	
46	27	31	48	6	36	17	6	10	26	42	17	21	19	39	50	10	32	34	4	
2	1	5	40	32	39	27	1	25	42	46	24	21	49	16	9	48	20	6	44	
11	42	40	46	5	21	4	41	31	26	24	50	40	50	28	13	26	41	7	23	
42	31	21	34	7	15	36	48	30	11	23	33	20	16	13	6	23	38	38	4	
16	47	7	41	22	13	22	30	28	2	20	25	34	2	14	18	14	9	8	32	
37	4	8	40	40	47	11	22	10	11	29	17	25	50	38	8	19	31	30	23	
50	44	46	37	11	13	29	49	45	45	18	31	10	23	4	40	17	11	50	15	
36	48	50	49	26	5	31	14	30	32	34	43	8	5	9	3	32	32	9	26	
15	50	50	40	39	14	11	34	48	8	5	44	12	19	49	40	14	2	16	38	
18	40	12	35	44	3	42	16	47	35	49	20	36	36	48	46	41	15	10	28	
34	28	16	28	13	10	2	45	45	7	10	5	2	47	3	20	4	26	46	33	
36	22	33	10	27	48	3	42	43	36	25	37	27	35	10	39	23	42	10	20	
7	25	16	29	18	10	45	23	24	24	45	46	6	29	45	16	23	11	15	44	
35	48	26	47	36	19	19	10	6	31	45	12	13	38	43	45	10	33	44	9	
44	31	43	7	11	25	40	31	35	49	32	14	20	22	8	24	18	22	45	48	
4	47	46	26	20	12	49	33	3	5	13	5	16	30	35	45	47	26	26	5	
17	6	7	46	25	32	33	31	23	35	23	12	20	21	4	12	50	11	46	46	
32	29	17	7	38	3	21	23	22	30	47	32	37	34	47	48	8	27	35	1	
30	30	29	25	34	3	36	34	50	1	22	44	9	41	7	20	37	44	31	1	
On machine	5
7	3	19	25	42	23	46	33	21	29	15	31	12	45	23	48	20	39	38	25	
47	11	41	40	27	27	21	24	16	2	5	24	1	25	7	41	5	12	32	39	
11	20	31	30	3	34	16	30	37	43	12	1	29	18	45	29	3	33	13	7	
8	38	30	1	45	8	50	41	11	2	38	25	3	50	23	12	33	17	28	17	
46	11	48	19	26	18	10	9	35	31	47	27	39	13	1	7	11	14	4	34	
6	13	48	27	18	20	38	49	43	12	27	22	25	36	4	30	1	38	12	49	
34	32	1	18	49	18	14	31	33	37	15	44	15	46	20	23	37	24	40	25	
4	3	18	35	14	11	28	25	43	36	35	45	17	33	10	7	3	13	17	15	
36	3	43	39	25	1	27	9	50	45	46	21	45	40	28	5	44	14	14	31	
17	36	48	20	36	48	44	25	46	6	32	11	27	21	5	31	48	26	15	27	
31	11	30	20	24	22	21	2	28	34	31	5	36	46	4	50	48	24	41	29	
2	4	28	44	40	47	39	33	28	35	14	24	45	33	16	19	13	29	9	22	
21	29	50	8	6	36	46	18	9	19	11	17	38	9	33	46	36	23	33	23	
20	44	27	39	35	5	13	13	10	42	14	17	24	21	31	9	11	15	50	35	
20	27	49	24	33	46	41	38	22	1	14	11	19	14	8	17	7	3	37	2	
7	22	6	30	33	14	16	18	32	15	48	14	38	6	39	47	45	16	33	37	
32	37	7	39	39	5	12	28	44	18	4	40	10	48	9	29	20	30	18	36	
8	23	23	14	23	14	33	19	25	24	45	26	13	1	16	18	33	46	3	13	
25	41	1	42	1	29	19	21	6	37	39	36	26	10	12	46	40	9	18	35	
36	33	14	38	40	13	23	48	34	14	43	27	38	44	35	32	24	25	35	37	
On machine	6
4	22	49	49	48	24	8	36	35	46	1	44	20	15	31	4	29	40	17	44	
37	31	31	23	1	50	16	3	19	27	22	49	5	33	35	32	18	14	35	5	
49	27	32	21	48	33	25	19	31	14	40	4	30	39	39	4	45	29	8	24	
1	42	35	39	27	21	27	14	37	31	39	45	15	25	21	46	17	3	24	49	
34	35	2	35	15	28	23	40	43	33	43	22	19	42	48	42	36	19	37	14	
22	4	6	28	47	9	3	8	35	20	46	17	29	17	35	6	37	36	40	44	
14	14	7	32	26	16	5	3	8	21	12	46	16	46	2	23	4	45	34	4	
24	16	13	5	27	42	6	36	21	50	24	38	5	42	21	12	8	2	1	6	
47	11	6	7	37	3	35	37	37	3	20	17	17	18	13	19	24	38	34	24	
50	42	3	49	40	47	12	25	11	50	21	27	33	47	40	42	4	34	47	2	
10	46	38	46	41	21	40	37	39	33	13	23	4	9	14	11	23	13	42	27	
28	48	1	15	14	27	42	14	26	1	48	38	50	23	36	4	49	33	40	29	
40	5	33	12	42	25	12	19	3	20	27	17	10	47	47	26	40	42	4	16	
41	46	6	10	44	50	30	2	10	31	28	20	36	46	10	25	16	19	7	20	
3	16	32	13	20	11	35	9	13	2	25	27	1	9	6	36	6	4	21	37	
50	21	41	31	50	49	41	37	43	41	43	39	32	46	15	42	18	5	11	1	
12	31	25	2	1	46	17	45	13	31	3	18	9	43	35	17	33	36	16	17	
44	7	33	39	50	20	48	25	42	13	22	31	8	35	6	18	12	15	16	4	
19	9	48	23	6	4	50	30	45	33	3	2	27	28	31	44	5	2	10	1	
38	46	23	34	36	6	41	46	21	36	13	4	27	30	3	7	36	6	17	7	
On machine	7
26	26	31	27	21	18	7	13	19	30	15	7	1	50	16	20	8	28	28	12	
23	45	38	46	10	4	35	33	5	39	50	13	29	37	27	27	20	38	19	50	
38	32	31	13	1	37	27	24	48	25	29	47	42	31	26	1	26	37	28	50	
34	1	33	1	17	34	25	49	15	33	8	1	28	47	43	16	22	50	2	18	
7	49	9	12	12	42	48	50	10	3	38	19	2	46	37	16	13	39	41	44	
19	43	42	29	10	14	42	7	40	30	20	1	50	16	7	4	50	14	27	17	
38	9	39	23	49	41	38	9	3	3	16	43	28	45	1	11	19	39	5	13	
28	37	1	47	2	46	29	28	13	13	7	25	3	41	44	3	48	2	46	9	
50	6	40	10	31	46	38	45	50	43	27	36	4	44	13	1	29	38	17	47	
37	3	32	46	4	2	33	41	43	24	8	30	31	50	7	22	11	35	28	21	
43	12	9	4	12	23	47	18	49	6	2	14	5	14	4	40	39	31	40	42	
47	25	8	29	32	15	33	42	48	17	15	34	37	14	20	1	10	12	48	6	
4	50	50	41	7	28	41	38	33	42	20	1	45	32	49	5	1	49	33	27	
33	30	41	40	8	49	15	15	31	33	12	2	46	12	45	45	34	40	35	17	
21	21	31	3	37	7	39	45	31	14	46	24	33	11	25	48	34	3	37	49	
24	38	23	30	25	42	43	50	17	26	8	24	33	50	48	45	16	10	2	14	
11	4	46	21	12	10	1	26	17	22	14	39	9	45	16	41	18	33	3	42	
16	46	40	30	30	11	2	10	5	36	3	29	22	31	25	11	27	47	9	20	
6	38	28	16	11	38	31	7	48	42	36	8	38	25	15	49	15	1	28	39	
34	25	8	35	8	21	15	30	32	3	22	25	9	16	47	1	5	35	28	43	
On machine	8
12	15	25	47	48	7	48	16	18	50	44	49	19	36	35	16	43	15	47	3	
24	47	4	18	14	32	42	19	21	16	1	20	24	9	3	45	9	14	46	44	
18	2	7	29	48	7	39	13	43	37	40	14	12	40	35	11	36	33	22	7	
10	32	17	15	21	14	9	32	27	50	16	16	36	19	8	9	35	11	47	26	
3	11	20	20	34	31	50	44	4	12	31	6	20	25	43	15	21	34	50	9	
4	20	20	7	20	27	13	10	48	2	37	10	13	7	9	36	3	48	35	44	
6	28	49	1	46	43	19	13	5	27	19	36	17	30	22	16	48	34	34	43	
41	36	25	13	7	49	23	31	15	35	49	17	7	22	10	13	41	46	37	44	
28	11	47	14	27	30	37	16	11	48	26	45	16	27	11	4	31	3	24	4	
23	39	38	18	4	2	1	7	23	46	23	32	26	40	36	34	16	23	39	22	
42	9	25	7	3	31	33	30	12	25	49	23	46	48	10	2	35	41	30	39	
17	18	26	40	12	15	38	9	17	25	32	37	1	39	7	47	30	45	48	9	
16	14	19	47	42	42	4	8	37	8	5	20	32	35	13	41	44	20	26	14	
3	4	29	7	15	11	1	19	29	37	35	48	41	20	8	10	2	41	20	3	
2	43	23	1	48	39	6	50	25	38	26	42	30	40	39	17	49	9	20	10	
18	36	24	31	47	11	12	8	25	3	50	25	25	33	33	27	45	3	43	34	
4	34	18	16	11	15	16	44	36	20	16	4	36	8	33	1	3	15	44	34	
43	48	33	37	3	44	23	33	14	31	4	6	21	6	35	46	39	24	26	3	
14	31	27	16	42	32	46	4	24	14	24	47	27	34	3	43	22	28	13	9	
22	43	17	35	33	34	13	15	18	28	27	19	5	5	9	15	31	36	6	11	
On machine	9
34	4	36	11	46	10	6	38	19	19	12	18	34	11	15	11	3	45	5	49	
49	25	43	41	4	9	8	10	31	14	38	3	10	45	21	26	30	14	29	6	
16	15	18	2	23	33	3	17	25	2	39	31	41	4	39	6	6	27	1	4	
30	26	4	49	45	33	41	25	20	28	9	24	12	47	43	6	23	13	1	27	
38	13	7	35	50	11	26	12	12	4	39	22	13	31	40	42	21	10	8	5	
36	4	24	7	48	29	7	34	50	32	21	39	9	23	44	41	24	50	42	10	
22	4	44	12	23	33	12	50	7	19	37	30	27	24	32	30	29	38	47	31	
13	6	40	22	14	38	16	1	12	13	41	47	13	36	20	13	32	9	9	30	
39	32	17	29	14	18	50	6	19	5	38	14	15	16	8	23	9	32	28	14	
17	40	14	4	22	48	43	7	45	48	25	16	44	39	36	29	23	18	46	41	
48	4	40	27	38	27	9	28	31	43	20	30	44	2	39	8	49	49	10	47	
21	34	20	48	13	12	36	7	33	50	40	12	20	31	35	1	25	31	50	11	
23	45	4	26	33	33	14	24	20	45	2	13	34	7	27	37	46	41	13	6	
38	46	40	23	17	6	41	42	31	8	21	9	28	22	9	19	14	22	38	27	
10	15	40	4	5	1	29	22	6	9	17	34	25	15	5	2	19	7	25	17	
4	18	49	12	45	12	21	15	21	20	1	12	36	27	9	49	27	2	32	30	
2	3	47	47	47	47	35	30	48	23	15	12	39	37	2	17	22	17	8	32	
15	9	41	34	43	6	4	46	12	9	44	16	2	41	26	36	28	38	10	34	
22	40	17	40	43	22	28	31	1	4	10	40	8	40	1	5	3	22	2	20	
11	5	24	2	36	6	12	5	43	24	19	12	21	29	12	4	48	47	48	49	
On machine	10
33	37	2	35	18	12	28	26	18	14	34	35	23	38	22	38	15	32	35	9	
25	33	1	36	2	46	15	11	32	1	38	26	1	1	33	20	27	38	24	8	
4	32	33	30	40	5	36	2	7	31	38	15	36	16	32	19	50	22	48	16	
38	24	22	5	47	41	1	24	28	15	21	50	15	12	39	17	33	2	38	21	
26	1	43	12	17	12	8	49	27	29	47	6	32	1	47	39	8	39	8	48	
9	37	29	43	39	4	42	17	16	41	15	35	34	22	18	47	21	7	12	21	
12	14	23	48	10	2	33	1	17	5	10	34	34	33	20	20	42	8	17	23	
17	50	30	40	2	6	38	39	8	4	46	17	22	25	4	32	14	14	12	43	
16	36	48	47	49	45	7	34	28	21	14	36	26	37	12	22	10	11	45	1	
20	19	14	1	23	45	22	3	47	19	25	20	10	22	33	28	43	17	39	49	
21	40	15	47	42	45	24	41	5	50	20	19	46	38	43	50	22	20	45	50	
37	50	31	46	18	24	33	40	31	37	20	18	18	47	5	24	43	48	5	48	
8	11	47	16	15	23	43	27	43	47	44	30	13	23	12	27	14	16	30	4	
26	31	34	36	48	35	8	4	17	35	10	19	3	21	10	27	36	42	30	8	
33	34	10	48	26	21	12	22	24	5	46	32	34	5	24	18	46	16	1	35	
17	29	14	19	1	35	32	41	12	39	21	33	21	29	6	45	42	36	21	36	
15	13	38	27	39	27	20	25	46	48	46	4	4	34	46	19	27	41	7	41	
43	28	38	15	9	4	9	38	6	34	23	13	14	30	2	13	22	21	32	6	
26	7	23	7	36	20	36	36	29	45	47	14	39	22	36	6	34	35	24	17	
35	7	28	18	48	24	16	44	22	38	47	16	9	19	5	45	50	23	38	3	
