Factories	3
Families	20
Machines	4
SetupType	3

Number of Jobs in each Family
3	1	5	1	1	1	10	7	6	8	6	5	7	3	1	9	3	1	8	1	

Jobs in each Family
0	1	2	
3	
4	5	6	7	8	
9	
10	
11	
12	13	14	15	16	17	18	19	20	21	
22	23	24	25	26	27	28	
29	30	31	32	33	34	
35	36	37	38	39	40	41	42	
43	44	45	46	47	48	
49	50	51	52	53	
54	55	56	57	58	59	60	
61	62	63	
64	
65	66	67	68	69	70	71	72	73	
74	75	76	
77	
78	79	80	81	82	83	84	85	
86	

Total number of jobs
87

Processing times of jobs
5	3	9	3	
2	2	6	3	
2	10	1	3	
6	4	5	5	
2	2	5	2	
3	5	4	8	
10	6	9	4	
9	3	9	1	
1	5	8	3	
5	10	5	7	
2	3	9	6	
2	7	1	9	
5	10	7	3	
8	8	2	8	
8	6	1	10	
3	10	6	5	
7	6	2	5	
6	2	3	9	
7	3	5	10	
9	9	9	2	
8	7	7	7	
3	7	2	7	
10	2	4	2	
7	10	5	8	
3	2	9	2	
1	4	3	7	
1	1	10	4	
8	7	1	2	
3	7	3	5	
8	7	7	3	
3	3	5	9	
3	1	6	3	
5	3	10	6	
9	3	6	4	
3	10	3	1	
6	9	4	4	
2	10	9	4	
6	8	1	5	
1	3	1	4	
8	6	7	5	
1	9	3	2	
7	3	7	8	
9	10	10	7	
8	10	5	5	
5	10	1	7	
10	2	8	10	
9	5	1	6	
9	5	5	5	
1	10	3	5	
5	1	3	2	
10	2	5	9	
4	10	6	6	
8	1	2	1	
7	7	9	5	
1	3	2	4	
8	2	10	5	
9	9	6	10	
6	3	4	4	
7	10	6	6	
7	5	9	6	
5	1	2	2	
4	1	10	7	
10	5	9	5	
8	1	10	6	
1	1	8	2	
7	9	10	3	
2	8	2	3	
3	9	6	2	
8	7	5	3	
7	6	3	10	
7	9	5	4	
8	4	5	6	
3	6	6	2	
4	4	2	2	
6	4	4	3	
8	4	7	1	
8	7	8	3	
10	10	5	7	
10	5	9	3	
4	4	4	7	
9	5	6	3	
4	3	6	10	
4	4	2	1	
6	5	7	8	
4	3	8	7	
10	3	10	1	
8	3	5	1	

Stepup times between Families, where [f][f] represents initial setup time
On machine	1
75	32	48	72	84	62	25	37	64	38	20	60	90	11	38	22	20	64	23	89	
11	69	43	44	78	13	31	94	11	98	59	84	88	34	26	62	63	47	41	43	
88	50	91	88	42	23	4	1	96	24	17	25	89	15	11	55	11	53	20	30	
44	52	26	46	97	27	69	79	38	32	12	49	3	47	99	65	66	33	19	68	
44	40	93	72	16	93	48	67	49	65	25	74	84	84	48	38	90	99	68	51	
52	89	47	25	63	89	19	55	92	98	9	100	77	66	40	60	17	3	84	67	
18	63	75	1	32	59	27	13	4	6	46	31	70	7	74	8	71	4	65	80	
19	20	52	59	18	60	50	31	39	21	75	17	26	85	98	45	78	19	52	31	
82	36	30	63	58	20	9	53	100	48	51	17	36	21	81	5	35	8	19	25	
59	11	95	86	19	77	30	62	80	62	31	59	17	9	85	46	71	49	83	78	
76	81	30	37	28	35	11	77	73	32	78	39	47	50	38	52	95	10	6	33	
86	30	59	37	76	13	43	5	61	62	18	15	98	59	58	29	76	48	16	52	
91	15	96	56	37	28	86	31	93	23	67	30	6	81	50	83	39	65	76	55	
77	44	20	69	78	71	59	80	56	59	86	50	57	8	46	57	25	23	69	82	
30	90	57	80	14	58	70	82	30	83	55	1	26	93	50	52	73	71	60	28	
2	51	99	62	51	97	34	74	97	89	44	70	69	14	56	36	41	85	76	33	
54	48	58	38	12	91	88	15	18	80	95	5	80	90	84	20	34	29	72	98	
39	36	46	67	50	31	12	9	20	65	40	5	90	77	63	55	100	69	65	19	
93	83	30	68	49	87	60	1	41	52	10	46	99	83	73	88	94	77	45	100	
70	56	90	9	98	84	87	96	49	38	71	95	55	30	2	61	30	74	30	53	
On machine	2
21	14	94	89	11	69	67	49	95	84	10	65	79	61	37	31	83	15	82	60	
47	96	40	20	75	75	18	87	38	95	49	95	1	27	82	24	49	12	29	83	
63	20	100	87	23	32	51	27	60	49	3	39	43	54	1	73	65	64	24	75	
49	78	31	24	49	35	96	7	8	83	11	22	18	85	11	70	47	6	82	66	
21	61	76	19	47	36	66	11	86	47	98	40	71	31	34	75	17	19	28	44	
45	66	85	77	91	75	7	47	18	97	39	20	39	33	63	37	66	54	98	30	
41	71	26	59	1	15	42	29	66	49	44	10	47	25	43	29	58	55	55	2	
69	42	78	36	96	4	61	24	65	96	19	65	10	48	58	64	70	100	93	66	
67	38	10	27	94	12	28	2	39	51	29	14	54	53	46	3	55	82	38	2	
74	70	31	60	90	58	18	78	98	47	74	13	4	59	28	12	30	23	41	94	
35	29	35	84	31	63	77	48	21	7	65	15	80	32	59	69	47	77	100	14	
38	93	60	34	6	18	4	72	24	6	98	44	89	11	50	39	48	18	21	76	
12	19	52	32	71	86	47	81	4	81	98	43	1	92	48	71	44	53	47	72	
75	89	3	62	21	59	58	60	11	48	83	27	23	90	73	81	92	52	95	63	
82	14	46	93	96	14	18	69	6	2	68	99	44	85	16	37	68	63	39	55	
62	27	23	20	95	88	77	9	82	35	50	89	59	48	10	50	21	45	6	15	
53	3	53	34	17	52	44	60	5	49	16	87	1	53	48	79	78	85	48	60	
46	17	86	3	82	59	99	24	78	87	31	38	92	91	16	45	80	67	52	32	
56	4	10	45	50	100	28	1	38	81	38	32	78	68	25	62	47	83	84	79	
22	55	71	73	11	98	82	27	9	91	24	28	89	83	18	40	71	58	77	94	
On machine	3
83	77	71	79	40	34	76	26	63	93	79	76	42	16	84	62	71	59	7	28	
42	94	64	97	17	44	65	76	43	70	68	37	64	7	6	81	16	49	3	66	
45	59	98	26	49	52	51	89	82	8	87	58	49	34	60	94	32	2	54	79	
15	24	89	15	13	100	72	75	88	59	89	23	26	51	26	71	55	26	72	11	
99	8	18	82	26	50	55	16	32	77	20	99	58	24	52	91	6	57	37	20	
66	62	4	80	76	67	83	4	29	50	2	60	51	23	35	91	59	61	47	67	
67	21	34	44	8	58	52	66	64	72	69	38	21	69	2	30	53	77	93	79	
37	88	47	7	48	81	75	62	70	5	82	58	28	82	41	47	94	62	74	48	
17	43	72	34	86	40	60	68	84	79	84	8	42	48	33	97	13	47	46	2	
38	1	65	42	51	44	49	96	6	88	55	20	12	61	89	42	20	86	74	3	
14	39	51	91	29	58	73	18	10	11	56	37	4	81	15	42	85	88	78	70	
98	36	49	39	34	22	65	18	79	33	59	79	62	88	95	18	16	27	99	60	
52	34	21	51	39	65	78	59	89	92	8	74	18	90	64	68	85	49	48	10	
48	20	49	83	92	54	20	40	46	77	98	62	26	8	88	90	71	49	44	32	
68	69	30	35	73	15	34	80	8	36	58	88	69	40	66	75	49	64	98	31	
95	49	76	30	33	90	79	83	28	81	99	78	68	32	1	38	67	93	37	18	
28	38	79	15	52	63	51	57	20	16	5	52	96	100	91	13	83	70	16	24	
63	93	41	16	19	23	49	26	100	17	43	3	44	11	38	41	29	78	32	2	
5	1	20	58	76	64	20	34	2	70	56	25	59	97	58	43	61	52	38	64	
29	4	74	26	68	11	29	78	31	89	57	97	48	44	92	93	95	99	31	21	
On machine	4
90	76	30	26	25	22	60	95	40	25	68	75	45	13	70	24	24	58	14	60	
14	80	93	28	6	71	73	95	38	35	40	16	93	78	4	22	31	42	37	47	
86	20	42	9	28	19	61	69	49	37	94	76	98	88	26	91	46	3	87	22	
84	62	18	93	69	59	44	97	47	51	39	52	6	40	2	67	91	84	93	44	
54	34	72	9	96	95	98	27	44	96	22	22	41	10	91	72	53	3	23	32	
33	59	32	33	85	57	90	15	4	15	36	70	32	98	90	96	83	3	2	48	
61	6	10	72	14	97	69	46	94	61	49	91	75	88	1	23	50	75	19	69	
70	67	8	10	85	81	22	36	63	90	50	69	28	86	78	36	66	86	81	47	
83	15	34	1	27	44	21	94	9	97	4	8	50	82	18	1	95	64	82	47	
69	90	41	19	62	54	63	69	89	93	47	50	56	48	58	75	68	85	18	25	
15	93	67	97	66	47	25	54	54	93	52	5	24	82	65	97	17	96	37	15	
39	46	34	3	61	72	72	88	3	78	70	4	98	62	62	96	5	34	43	22	
64	50	16	15	84	25	56	44	31	94	4	80	97	89	68	60	59	99	29	69	
3	78	10	92	33	73	82	52	12	27	38	29	11	46	100	33	97	1	43	43	
20	66	43	89	6	18	91	50	21	10	21	5	28	87	90	25	73	88	55	5	
62	62	31	6	87	24	58	42	76	1	38	47	38	27	68	61	7	41	32	12	
96	79	8	41	71	24	18	10	16	72	13	16	23	24	94	29	94	30	24	83	
24	33	4	20	27	89	61	38	30	50	75	52	11	83	18	13	19	53	82	32	
5	25	24	9	27	11	87	12	86	71	24	19	10	57	63	65	98	31	43	84	
73	54	56	58	6	98	86	12	52	90	61	46	60	40	59	91	99	72	54	40	
