Factories	3
Families	40
Machines	2
SetupType	3

Number of Jobs in each Family
4	7	7	5	10	2	5	8	9	10	5	2	7	4	5	5	1	3	5	7	9	5	10	10	10	2	8	9	5	3	3	3	1	6	8	2	4	1	7	8	

Jobs in each Family
0	1	2	3	
4	5	6	7	8	9	10	
11	12	13	14	15	16	17	
18	19	20	21	22	
23	24	25	26	27	28	29	30	31	32	
33	34	
35	36	37	38	39	
40	41	42	43	44	45	46	47	
48	49	50	51	52	53	54	55	56	
57	58	59	60	61	62	63	64	65	66	
67	68	69	70	71	
72	73	
74	75	76	77	78	79	80	
81	82	83	84	
85	86	87	88	89	
90	91	92	93	94	
95	
96	97	98	
99	100	101	102	103	
104	105	106	107	108	109	110	
111	112	113	114	115	116	117	118	119	
120	121	122	123	124	
125	126	127	128	129	130	131	132	133	134	
135	136	137	138	139	140	141	142	143	144	
145	146	147	148	149	150	151	152	153	154	
155	156	
157	158	159	160	161	162	163	164	
165	166	167	168	169	170	171	172	173	
174	175	176	177	178	
179	180	181	
182	183	184	
185	186	187	
188	
189	190	191	192	193	194	
195	196	197	198	199	200	201	202	
203	204	
205	206	207	208	
209	
210	211	212	213	214	215	216	
217	218	219	220	221	222	223	224	

Total number of jobs
225

Processing times of jobs
8	3	
2	2	
2	2	
3	3	
4	4	
7	8	
1	8	
10	4	
1	6	
10	5	
4	4	
5	8	
4	8	
9	2	
9	7	
4	8	
2	7	
2	8	
2	7	
7	6	
5	4	
1	7	
2	1	
8	5	
3	9	
10	2	
1	8	
4	8	
2	5	
10	7	
6	10	
9	3	
10	8	
2	5	
10	8	
10	7	
6	8	
8	5	
6	10	
3	10	
6	10	
6	9	
2	3	
7	8	
1	1	
10	6	
8	2	
8	4	
8	9	
5	9	
2	1	
6	9	
7	1	
10	1	
1	3	
7	9	
8	5	
9	7	
3	1	
10	1	
10	2	
1	9	
6	7	
3	2	
5	8	
7	9	
9	8	
5	10	
9	7	
9	2	
7	8	
10	9	
8	4	
5	1	
9	2	
9	10	
5	7	
5	5	
8	3	
7	8	
6	3	
10	9	
10	1	
9	3	
5	7	
2	9	
2	9	
5	9	
9	9	
10	6	
7	8	
1	6	
1	4	
3	10	
6	10	
6	10	
6	4	
5	10	
3	2	
3	4	
2	1	
7	7	
6	4	
6	2	
6	4	
9	1	
6	4	
6	4	
3	7	
6	9	
3	6	
6	5	
1	4	
2	10	
1	6	
2	1	
10	5	
2	4	
5	4	
3	7	
3	3	
10	7	
6	6	
5	6	
9	6	
10	3	
4	2	
3	4	
9	1	
3	2	
9	1	
2	2	
9	3	
10	3	
6	7	
9	2	
2	3	
7	2	
7	1	
4	7	
10	5	
3	1	
7	4	
6	6	
7	4	
10	1	
7	5	
7	1	
8	3	
4	8	
10	7	
10	6	
1	10	
7	5	
5	8	
7	2	
3	10	
10	8	
3	3	
10	2	
8	6	
2	4	
4	7	
7	5	
10	5	
6	5	
8	6	
5	7	
9	5	
5	8	
6	7	
1	10	
8	9	
5	10	
9	6	
4	3	
8	9	
4	8	
2	7	
9	8	
2	1	
4	3	
6	2	
2	9	
10	7	
3	2	
10	10	
8	4	
2	10	
2	6	
1	7	
7	4	
4	6	
6	10	
1	3	
1	10	
9	9	
6	5	
3	1	
1	9	
10	2	
7	9	
1	1	
8	1	
2	3	
3	7	
10	8	
6	7	
5	4	
2	3	
1	3	
1	7	
5	8	
2	1	
9	9	
9	2	
2	10	
1	4	
5	6	
4	6	
6	3	
1	2	
5	10	
7	3	
7	2	

Stepup times between Families, where [f][f] represents initial setup time
On machine	1
6	99	51	36	52	74	64	86	19	31	82	30	30	89	24	40	29	10	48	2	84	11	51	20	6	71	64	62	58	10	45	85	69	53	67	48	45	50	33	8	
18	22	36	74	72	93	13	27	24	61	35	84	42	65	79	60	46	84	66	22	9	54	38	7	78	46	27	11	26	36	91	35	41	54	100	24	34	38	68	61	
69	2	59	6	3	6	41	31	62	5	22	79	13	38	78	67	73	57	52	94	53	15	58	94	84	62	58	14	98	72	39	89	80	49	95	67	63	47	68	59	
45	22	24	21	2	93	77	21	10	7	5	59	56	53	15	68	30	90	6	13	14	36	69	39	89	27	95	31	17	16	24	15	73	100	40	32	43	1	8	41	
65	55	62	40	33	78	5	87	81	56	21	26	3	58	63	59	16	100	92	62	3	72	34	50	72	43	19	64	77	2	6	79	2	38	12	31	52	43	64	94	
27	14	54	16	88	57	84	77	68	39	60	56	87	60	80	38	59	94	16	65	81	29	68	7	4	64	18	62	23	56	60	52	9	64	69	18	31	46	60	37	
6	57	57	41	46	84	77	30	38	5	4	19	65	6	17	41	8	16	24	60	16	16	54	3	91	79	42	62	94	56	79	99	74	73	15	78	56	39	66	58	
29	70	62	39	77	8	5	17	2	83	19	52	81	48	33	74	21	3	94	47	79	80	26	71	8	16	9	25	96	9	17	74	7	86	18	39	3	43	48	51	
30	28	70	64	96	95	82	37	66	91	89	68	88	2	44	10	24	86	63	43	84	71	93	78	2	96	40	32	97	5	87	8	87	91	53	87	46	66	12	52	
15	35	5	87	25	25	74	90	61	90	9	21	38	25	55	14	28	78	81	95	85	75	25	2	23	18	60	77	86	53	95	56	76	4	28	31	4	49	14	100	
13	12	28	81	47	94	21	50	18	56	32	38	93	68	62	30	4	59	56	58	74	43	67	3	45	74	93	28	67	28	30	77	90	74	75	81	39	59	41	62	
60	23	65	71	17	78	91	5	87	42	88	50	4	12	57	30	66	61	77	2	32	3	46	7	93	37	50	39	42	59	59	79	97	19	65	68	27	65	31	53	
80	100	81	41	5	93	56	25	43	20	34	78	49	81	76	28	69	44	2	45	19	55	46	79	87	83	91	71	94	74	34	52	78	41	34	83	45	46	48	21	
95	47	34	78	75	52	6	23	60	100	54	14	76	3	2	19	12	36	19	51	21	13	9	61	95	80	63	29	96	82	50	36	95	15	21	91	33	100	39	91	
88	96	42	33	15	42	19	44	37	33	97	48	21	41	31	87	65	6	56	61	93	10	1	36	3	68	86	73	21	66	16	50	98	54	78	52	77	9	90	40	
18	7	58	97	38	79	96	88	9	14	54	96	18	58	5	35	67	25	29	77	1	13	32	31	54	74	91	18	41	95	30	85	59	98	74	36	24	2	37	71	
67	77	100	51	45	13	95	99	18	46	30	21	74	99	47	14	40	34	48	15	89	48	51	98	87	85	95	68	30	79	8	56	67	70	90	4	27	51	62	39	
78	65	82	91	12	33	82	95	60	43	98	55	3	42	61	50	48	56	55	25	46	2	96	79	20	46	93	37	16	9	26	50	17	56	20	37	55	21	51	86	
1	59	68	18	73	39	29	27	40	4	93	7	30	82	78	96	96	97	24	92	31	11	40	46	28	31	24	9	47	91	1	47	8	78	62	48	53	59	51	32	
84	65	29	15	43	95	64	7	13	54	11	19	2	40	11	18	91	15	54	54	35	91	33	22	45	36	96	58	72	15	17	49	83	14	64	11	52	2	21	28	
76	57	59	89	87	1	79	74	70	3	79	51	68	63	17	35	28	76	31	54	25	43	81	46	31	36	37	92	91	59	81	96	12	23	50	82	51	93	44	74	
16	33	51	50	66	42	80	95	57	50	38	45	46	66	90	35	70	18	5	23	99	41	37	89	67	4	15	70	98	37	3	22	34	78	92	94	53	82	10	24	
24	47	69	8	37	68	89	84	69	61	98	94	83	53	8	40	39	64	55	93	64	45	75	10	85	28	76	95	89	64	60	27	100	3	85	45	39	91	44	5	
8	1	62	2	20	50	43	62	82	1	24	91	88	84	49	6	10	71	18	61	33	91	9	93	18	21	25	66	60	96	89	95	95	17	85	72	58	17	84	49	
98	30	85	36	51	14	67	35	40	43	47	68	54	59	29	24	58	50	9	5	12	10	52	96	18	29	65	63	80	94	37	15	47	33	43	64	66	88	8	27	
62	46	1	24	20	54	25	74	88	9	66	100	10	7	88	37	56	63	16	30	76	44	33	18	7	98	84	11	46	78	69	71	75	63	99	70	35	18	24	10	
95	27	35	86	7	91	77	95	39	20	93	31	32	24	69	68	9	63	6	13	50	83	16	68	40	48	34	76	75	51	86	15	88	71	4	98	24	23	99	60	
49	75	65	53	77	77	32	56	36	93	49	71	65	24	8	64	33	62	80	47	52	10	64	55	28	86	2	2	87	87	27	6	91	10	43	52	7	40	38	22	
93	7	32	83	50	49	65	93	82	8	24	88	13	43	5	13	29	56	40	65	20	58	60	23	20	13	19	12	22	72	36	22	4	22	55	14	2	93	68	2	
71	62	26	65	75	57	53	85	55	100	34	51	93	1	94	17	14	49	62	53	89	58	29	27	13	33	90	97	53	84	59	86	3	74	63	84	94	44	76	83	
64	54	52	56	68	39	21	7	67	54	50	91	50	5	53	27	15	74	62	26	7	7	77	27	99	2	54	7	26	62	43	3	58	88	71	44	87	85	90	96	
28	39	10	78	79	46	4	90	95	21	33	99	68	38	87	16	71	10	95	4	30	16	13	21	35	79	42	43	20	42	85	6	1	56	79	94	21	69	7	66	
90	91	50	75	11	40	51	97	79	3	63	5	40	13	75	65	5	18	2	46	11	7	76	100	74	31	3	55	92	21	49	56	53	72	98	13	81	6	56	62	
71	60	76	40	54	7	43	43	1	95	25	47	74	96	1	66	22	29	9	41	75	39	43	12	63	63	79	75	94	15	87	87	50	71	37	40	41	82	32	79	
74	78	1	3	28	20	91	32	7	93	69	65	28	50	95	98	47	69	36	84	34	72	55	60	69	93	19	33	41	11	79	46	66	76	30	39	88	44	7	82	
75	1	64	1	5	39	79	95	88	33	26	96	57	4	32	21	73	28	44	11	97	90	86	66	35	5	58	77	79	59	99	44	63	9	89	31	3	81	27	33	
55	8	16	35	50	32	54	90	19	84	79	70	55	74	48	77	90	20	7	75	93	14	85	67	91	46	80	61	86	45	29	58	68	90	86	89	11	32	50	7	
90	13	1	34	97	40	89	65	99	18	81	83	25	44	41	77	98	48	90	33	85	51	75	96	71	42	92	10	2	71	11	89	53	1	33	27	8	59	62	68	
14	38	22	91	9	14	37	83	82	58	14	22	74	82	81	93	24	40	3	86	56	38	21	38	95	47	43	73	44	88	14	100	2	89	24	50	11	44	44	14	
53	93	88	99	91	74	57	8	74	1	98	2	77	16	97	3	89	89	7	61	97	78	85	99	25	90	22	12	72	9	51	8	12	12	1	38	13	24	9	12	
On machine	2
91	45	38	40	72	78	78	53	63	4	50	77	94	70	11	44	25	2	29	24	64	9	84	27	47	80	11	74	20	52	4	99	93	67	89	85	82	19	68	35	
29	11	75	10	100	96	93	35	67	57	72	40	67	5	57	73	30	68	29	11	28	33	39	40	89	8	33	18	24	92	32	12	87	70	26	13	16	43	55	84	
67	62	87	3	93	77	21	36	52	93	72	17	88	100	1	91	70	76	98	85	76	9	97	98	56	83	96	68	80	23	83	23	28	66	54	97	29	32	77	55	
63	71	38	28	26	81	10	88	54	89	86	36	26	37	15	88	41	88	20	93	64	42	95	28	76	56	2	66	92	99	31	14	25	33	2	8	64	55	46	51	
3	6	79	46	96	1	39	93	70	33	46	39	82	57	66	27	85	61	66	91	42	34	10	48	59	12	49	57	99	94	82	16	6	61	73	94	45	52	76	7	
55	75	67	85	44	23	36	96	52	52	99	78	39	80	75	11	36	19	45	7	95	64	21	99	67	27	2	58	32	95	66	37	92	9	18	81	35	78	38	95	
25	38	92	72	79	37	77	2	82	35	32	87	55	14	28	1	82	83	20	13	58	93	9	43	68	41	15	38	75	22	67	96	76	38	85	81	93	34	96	1	
75	83	66	59	49	26	62	36	27	18	86	99	23	3	34	97	20	76	86	68	20	12	12	24	92	10	94	14	55	19	76	8	12	64	77	85	19	100	7	1	
1	27	73	24	98	68	64	88	41	4	100	15	62	28	55	17	14	51	48	9	67	67	54	4	45	14	43	91	10	96	47	13	57	47	32	60	93	57	16	54	
40	13	76	23	64	41	46	97	6	3	22	40	6	75	61	15	46	44	20	71	34	61	59	30	99	85	59	11	82	66	36	16	16	39	39	32	92	80	57	98	
16	78	64	41	83	31	58	54	3	74	6	15	43	3	46	98	87	94	94	49	14	74	66	42	20	84	64	18	48	28	22	10	12	63	7	18	84	13	99	49	
63	34	15	81	56	19	8	11	97	98	22	10	5	26	42	85	87	99	99	21	69	62	7	63	14	87	21	74	23	60	34	9	88	53	3	92	98	33	5	11	
28	28	6	94	43	17	26	11	74	70	40	13	98	17	36	43	97	86	97	41	57	30	75	24	28	10	36	67	61	20	62	57	97	57	22	38	16	72	76	70	
61	26	96	99	81	82	59	49	22	67	60	18	78	8	60	36	20	51	28	32	9	85	95	21	76	64	23	4	51	2	16	92	8	34	82	81	96	5	62	29	
37	14	24	75	46	1	91	68	19	64	70	2	42	87	14	26	53	2	72	93	45	44	56	95	99	6	30	97	64	25	52	79	74	52	72	7	93	10	96	91	
71	82	63	97	28	43	61	10	8	66	14	70	30	26	74	6	37	24	81	45	37	38	34	47	89	45	37	78	18	54	97	27	2	9	54	1	38	28	3	28	
69	25	99	29	74	31	42	68	43	46	54	95	7	98	71	61	85	64	30	52	94	50	16	11	97	52	35	98	17	7	37	16	19	19	29	100	84	3	58	47	
61	68	13	45	34	47	59	29	91	22	35	90	25	33	64	63	56	99	42	5	9	4	53	26	27	99	79	46	2	8	84	82	19	99	67	61	81	53	86	47	
19	6	88	18	91	32	50	82	3	44	24	32	30	62	6	91	53	53	6	91	38	99	7	1	33	82	3	6	81	9	69	23	37	9	98	29	4	99	41	54	
77	16	40	28	63	54	41	61	69	15	41	26	41	95	44	44	70	7	53	76	38	62	19	13	61	31	88	15	79	9	5	43	44	58	94	5	98	7	68	33	
38	18	64	13	63	30	41	35	19	63	93	99	92	53	8	26	98	15	58	1	38	94	30	31	14	84	3	76	25	38	22	92	10	13	96	39	24	100	5	78	
57	56	44	70	51	46	5	48	42	9	21	9	3	48	41	47	24	46	26	15	5	58	71	32	87	82	71	28	15	58	1	97	5	58	41	83	62	28	73	85	
35	71	32	29	31	49	17	3	62	77	35	68	2	32	72	99	90	85	4	68	66	80	95	61	18	53	61	30	6	44	32	23	10	94	59	79	85	69	3	63	
67	77	47	73	84	16	48	19	27	91	48	79	3	33	42	20	59	63	59	65	3	61	39	32	50	85	83	49	67	5	69	36	1	57	57	40	54	93	15	6	
93	40	9	14	63	42	30	47	83	87	35	49	41	8	5	62	97	21	27	22	7	40	49	80	10	2	5	40	85	31	50	82	2	79	30	91	13	86	4	23	
63	27	1	2	80	32	38	47	5	89	27	18	14	55	39	5	95	67	8	45	22	96	60	57	56	32	71	27	63	6	39	46	59	28	50	45	11	42	75	70	
87	79	96	84	60	82	57	1	8	21	29	59	42	37	9	54	8	29	69	39	87	65	7	2	19	45	13	100	36	70	47	95	39	59	60	38	93	80	25	42	
25	99	8	85	64	1	61	13	66	72	71	41	98	48	5	18	75	66	6	16	53	71	46	70	45	2	58	95	57	30	87	14	1	18	97	25	71	18	73	22	
90	5	69	82	80	35	92	9	78	97	86	82	67	22	60	90	41	24	35	67	71	71	49	23	86	30	61	47	54	48	96	17	59	81	100	75	17	25	24	69	
37	75	88	12	86	62	38	1	86	12	85	34	88	68	81	56	10	30	7	17	38	40	43	86	75	91	47	31	65	10	82	9	8	15	28	24	53	84	91	63	
53	63	79	9	100	40	10	13	26	19	24	68	19	98	89	29	56	69	70	93	83	8	8	57	39	7	31	65	82	71	24	86	43	13	1	34	67	32	65	46	
5	40	6	28	29	53	2	98	7	52	42	75	33	88	13	53	94	79	32	15	23	100	36	95	33	4	44	18	17	80	29	23	9	42	100	97	100	57	46	25	
23	58	10	84	77	53	26	57	24	36	15	53	29	2	55	30	30	23	79	37	17	75	50	24	44	16	23	4	39	24	14	27	82	39	70	60	19	53	9	73	
34	54	72	61	56	34	37	84	21	92	27	32	72	2	4	81	80	59	77	75	55	19	93	34	50	90	94	11	65	68	21	93	85	84	76	14	63	44	35	91	
81	12	10	9	87	100	28	74	99	43	5	72	56	37	63	91	13	48	67	77	86	67	11	53	82	19	10	88	48	67	92	8	39	54	74	74	35	34	21	99	
37	47	27	53	58	92	37	63	73	57	52	94	93	10	57	73	96	22	99	91	41	32	84	40	11	66	35	97	31	91	44	68	88	55	12	76	45	24	50	60	
91	64	22	34	67	80	37	58	6	70	18	67	11	26	12	70	97	70	87	48	58	52	83	42	94	97	70	99	68	66	2	8	10	97	96	65	60	17	51	90	
51	75	83	21	30	90	7	65	84	92	40	30	31	53	56	27	53	70	60	44	21	38	22	18	64	86	2	23	56	55	29	38	88	56	90	91	74	91	93	79	
50	68	13	43	75	85	75	53	15	53	79	34	94	51	65	46	99	36	84	77	46	80	65	51	93	77	12	14	86	86	23	75	85	7	35	54	46	100	42	22	
81	91	77	21	52	10	47	31	24	61	27	89	24	40	11	28	30	8	68	31	83	59	11	69	6	93	17	29	72	76	95	60	10	75	41	93	26	6	81	67	
