Factories	3
Families	20
Machines	2
SetupType	3

Number of Jobs in each Family
2	10	2	9	6	8	2	2	8	3	7	10	5	2	9	8	8	7	5	4	

Jobs in each Family
0	1	
2	3	4	5	6	7	8	9	10	11	
12	13	
14	15	16	17	18	19	20	21	22	
23	24	25	26	27	28	
29	30	31	32	33	34	35	36	
37	38	
39	40	
41	42	43	44	45	46	47	48	
49	50	51	
52	53	54	55	56	57	58	
59	60	61	62	63	64	65	66	67	68	
69	70	71	72	73	
74	75	
76	77	78	79	80	81	82	83	84	
85	86	87	88	89	90	91	92	
93	94	95	96	97	98	99	100	
101	102	103	104	105	106	107	
108	109	110	111	112	
113	114	115	116	

Total number of jobs
117

Processing times of jobs
7	8	
2	5	
8	4	
8	3	
3	3	
2	9	
8	6	
9	3	
4	8	
8	4	
8	8	
6	9	
5	7	
4	5	
5	4	
2	1	
5	8	
6	8	
7	4	
10	10	
2	10	
10	3	
1	4	
6	6	
2	4	
7	5	
5	2	
1	9	
1	8	
5	3	
3	2	
3	8	
9	4	
4	10	
9	6	
10	8	
1	10	
4	2	
8	3	
10	9	
10	7	
3	1	
9	3	
6	3	
9	10	
4	4	
9	4	
5	4	
6	9	
3	4	
6	3	
7	1	
6	9	
6	4	
3	1	
9	4	
3	10	
4	1	
8	6	
5	7	
10	9	
7	6	
7	9	
1	7	
2	8	
3	10	
3	6	
9	10	
5	7	
8	1	
2	1	
5	8	
4	1	
1	5	
9	7	
5	8	
4	5	
8	3	
2	2	
3	9	
9	4	
10	1	
2	2	
2	3	
7	1	
4	1	
1	4	
6	6	
8	3	
1	9	
6	9	
3	2	
4	5	
4	3	
2	10	
7	2	
3	8	
3	3	
1	2	
2	8	
10	10	
4	2	
3	1	
8	4	
7	3	
5	9	
4	8	
6	1	
10	8	
6	9	
1	7	
6	6	
3	10	
10	3	
1	5	
5	7	
4	6	

Stepup times between Families, where [f][f] represents initial setup time
On machine	1
49	33	49	47	33	56	43	78	14	35	75	71	29	43	34	15	79	58	66	56	
61	51	80	83	67	9	100	45	27	98	67	16	52	86	1	55	15	9	23	85	
72	93	39	75	76	26	87	89	33	24	43	70	15	23	62	61	14	2	22	39	
11	10	78	22	80	51	69	8	10	66	5	41	61	29	77	49	31	49	95	78	
25	94	100	68	10	8	37	77	68	60	94	3	84	84	81	68	21	16	69	86	
8	93	87	71	30	15	21	90	39	70	5	2	90	84	13	83	12	18	20	3	
13	100	91	71	77	18	90	34	59	25	36	8	40	85	6	58	90	11	90	30	
55	14	35	3	24	62	41	54	21	34	37	30	58	54	11	44	2	31	21	54	
39	34	24	35	83	70	34	8	14	22	90	76	79	6	3	46	87	72	1	30	
88	98	42	79	6	39	100	5	48	51	32	63	68	15	75	34	92	44	82	18	
36	38	47	80	92	68	98	57	68	14	93	99	73	56	64	26	53	81	64	68	
49	30	46	7	15	56	50	14	31	31	64	42	18	29	6	95	13	90	80	16	
46	33	73	56	80	82	67	33	96	94	53	29	20	92	22	66	39	61	96	58	
12	91	58	92	20	81	31	21	14	58	77	63	33	23	81	69	94	18	19	27	
54	72	11	89	14	57	93	42	100	83	47	23	92	48	53	3	56	32	74	94	
72	26	56	57	34	29	8	52	41	71	55	22	43	93	68	20	69	77	23	20	
50	56	25	36	38	58	69	68	44	64	7	56	78	13	51	18	48	76	71	18	
32	80	84	55	8	47	35	73	96	37	52	87	70	97	35	6	27	46	66	3	
24	79	53	30	36	2	32	59	36	38	70	62	12	19	14	21	88	12	15	100	
23	55	83	12	67	7	37	41	17	30	3	83	98	60	89	6	59	79	44	80	
On machine	2
20	9	57	45	15	55	93	73	15	43	93	35	83	80	62	94	45	64	79	96	
78	31	46	4	64	3	15	52	38	91	94	36	18	91	40	78	12	28	37	22	
54	12	13	12	59	61	67	83	37	38	61	28	54	2	97	23	49	56	79	73	
45	54	100	80	77	42	42	71	92	38	98	1	60	43	98	43	43	44	47	91	
66	36	66	4	3	61	25	20	74	83	84	53	60	48	44	15	2	65	13	44	
14	85	31	33	85	4	66	45	40	11	22	87	56	58	35	1	95	58	37	62	
54	60	56	11	76	17	16	6	28	79	83	27	90	37	61	3	73	15	47	77	
97	73	79	63	87	11	28	30	78	75	79	46	65	83	69	44	32	9	2	4	
87	22	37	53	4	26	52	15	1	44	94	72	42	73	12	34	4	57	89	16	
10	62	29	87	79	60	88	23	45	33	98	58	68	9	15	33	57	16	36	32	
4	11	47	38	80	57	15	73	14	71	18	87	61	98	73	62	97	51	93	89	
5	31	34	68	58	76	8	80	88	4	13	75	14	80	66	54	26	100	53	43	
82	45	98	46	14	31	29	35	14	96	56	62	54	12	77	25	5	35	61	89	
21	52	54	87	88	68	63	9	76	74	94	1	71	51	35	70	62	37	85	97	
18	52	64	33	76	85	62	14	17	54	7	86	21	21	68	37	13	37	69	62	
2	55	42	59	69	45	87	78	76	28	3	60	62	57	59	99	97	20	94	74	
99	78	96	79	63	40	99	84	38	69	37	86	89	15	72	16	60	100	31	95	
72	48	78	97	89	33	71	35	59	91	85	70	82	69	64	13	71	32	95	77	
5	58	39	57	100	26	93	32	93	66	98	52	78	37	41	68	75	82	13	53	
14	68	11	57	26	40	37	40	46	56	72	92	88	50	67	22	40	24	21	28	
