Factories	3
Families	20
Machines	2
SetupType	2

Number of Jobs in each Family
1	5	8	1	1	2	5	2	10	7	6	6	7	8	2	8	7	4	6	8	

Jobs in each Family
0	
1	2	3	4	5	
6	7	8	9	10	11	12	13	
14	
15	
16	17	
18	19	20	21	22	
23	24	
25	26	27	28	29	30	31	32	33	34	
35	36	37	38	39	40	41	
42	43	44	45	46	47	
48	49	50	51	52	53	
54	55	56	57	58	59	60	
61	62	63	64	65	66	67	68	
69	70	
71	72	73	74	75	76	77	78	
79	80	81	82	83	84	85	
86	87	88	89	
90	91	92	93	94	95	
96	97	98	99	100	101	102	103	

Total number of jobs
104

Processing times of jobs
2	7	
2	3	
8	7	
9	2	
2	4	
7	6	
7	6	
7	4	
1	3	
3	2	
4	10	
9	10	
8	10	
1	2	
2	7	
7	7	
4	10	
9	8	
7	10	
5	3	
8	8	
7	9	
3	6	
2	4	
2	8	
8	3	
5	3	
9	1	
7	5	
4	2	
2	5	
3	8	
5	8	
7	7	
2	4	
6	1	
2	3	
10	5	
1	2	
4	10	
6	6	
2	9	
7	7	
7	1	
1	8	
8	1	
4	8	
3	7	
5	3	
2	4	
6	2	
4	2	
6	5	
6	8	
4	2	
7	3	
9	9	
8	3	
6	9	
8	8	
1	2	
1	4	
2	2	
10	1	
4	1	
9	7	
10	6	
8	6	
3	3	
4	9	
2	7	
6	3	
2	6	
3	5	
6	6	
10	8	
2	2	
5	3	
2	10	
8	2	
4	3	
9	3	
7	3	
3	4	
8	9	
4	4	
10	6	
4	6	
5	1	
9	8	
2	5	
7	10	
3	3	
2	5	
5	2	
10	2	
2	4	
7	10	
1	10	
3	5	
4	5	
9	4	
9	8	
1	4	

Stepup times between Families, where [f][f] represents initial setup time
On machine	1
2	45	15	19	34	24	26	14	38	21	2	2	23	7	23	42	29	32	13	40	
24	10	23	45	14	33	38	44	26	38	34	47	47	10	39	42	30	14	27	34	
21	11	14	28	7	38	45	47	5	32	30	3	11	14	31	29	25	15	31	14	
31	28	48	28	45	33	10	35	13	2	6	30	4	36	39	45	19	10	19	7	
16	36	38	25	6	2	6	5	50	36	15	2	28	47	29	20	35	7	15	10	
25	7	43	48	26	49	15	13	29	22	28	25	15	39	32	40	1	37	41	9	
4	39	3	3	5	4	45	3	11	46	32	37	25	6	1	46	30	49	19	46	
28	9	2	35	2	25	45	14	41	11	12	11	6	42	39	44	22	48	39	2	
1	21	24	46	10	34	50	20	14	37	30	4	10	50	49	22	33	3	45	27	
23	19	38	44	16	16	30	1	39	18	35	9	35	12	23	3	31	16	7	42	
10	6	26	12	18	47	6	4	16	6	5	10	19	47	31	40	6	9	7	19	
6	11	29	50	34	40	32	35	40	17	1	22	38	9	30	46	6	7	36	44	
46	9	15	41	29	8	36	32	39	25	14	36	22	50	3	31	2	15	24	20	
28	29	37	33	1	19	42	13	42	17	50	27	4	7	24	33	15	37	6	19	
33	11	25	44	42	44	46	6	45	36	7	22	2	45	49	29	43	20	39	20	
15	46	49	29	26	24	41	27	35	41	37	45	36	34	9	49	10	32	8	49	
10	16	12	15	44	5	17	15	42	17	30	21	17	29	17	31	32	5	38	1	
4	21	26	23	41	22	9	21	16	22	4	29	44	16	34	41	18	21	33	12	
13	7	47	38	12	19	30	11	12	1	50	29	39	33	24	32	2	42	50	48	
25	31	39	14	13	29	27	24	9	10	29	5	7	43	39	8	13	13	11	14	
On machine	2
11	23	4	36	28	24	15	15	32	16	17	32	5	16	16	41	39	1	12	6	
41	15	37	27	30	38	29	14	8	45	41	30	42	6	22	25	9	17	12	13	
31	30	40	43	24	42	49	27	27	3	30	8	19	38	33	30	22	44	35	10	
49	44	48	37	5	41	25	38	27	39	50	36	29	19	43	48	7	32	30	2	
5	29	7	34	41	50	33	47	11	2	5	29	45	42	39	39	38	25	21	10	
12	11	15	39	33	31	31	11	14	31	13	2	21	50	28	5	19	1	39	42	
9	12	32	19	8	50	15	28	13	15	21	45	12	8	4	30	33	20	33	49	
23	10	10	21	39	8	5	6	22	30	42	26	18	33	1	28	35	48	2	40	
21	24	10	11	46	31	4	29	21	12	9	43	33	31	1	23	28	34	31	5	
22	31	13	1	8	45	29	36	12	25	27	49	12	40	50	8	40	21	17	8	
12	26	46	39	32	25	37	21	29	23	23	38	41	25	17	24	19	3	7	41	
39	46	6	24	48	40	16	22	48	27	23	1	40	4	27	15	21	21	21	41	
16	37	47	34	23	5	30	24	29	4	7	19	9	31	6	15	50	43	47	49	
35	21	31	12	23	29	44	50	48	16	10	43	19	49	28	26	15	22	42	11	
14	15	45	14	32	23	30	24	39	6	5	22	15	34	26	7	34	41	38	20	
3	1	26	3	20	37	19	46	2	3	4	42	8	49	32	21	21	26	50	19	
41	32	18	3	5	1	5	36	33	37	6	50	19	21	5	13	20	6	36	23	
18	12	25	25	49	22	7	46	10	47	13	30	34	40	6	21	47	1	26	16	
31	38	26	32	32	33	8	45	7	50	21	1	37	22	29	35	24	43	18	30	
33	38	46	39	16	49	17	5	11	35	43	41	12	39	38	23	28	48	40	37	
