Factories	3
Families	60
Machines	4
SetupType	3

Number of Jobs in each Family
3	4	7	10	6	6	1	10	6	6	5	3	2	1	3	7	3	10	2	2	5	3	3	5	3	8	1	5	10	2	4	2	6	6	8	6	2	7	7	9	8	8	8	7	2	10	3	2	9	1	9	7	2	9	8	3	9	9	2	1	

Jobs in each Family
0	1	2	
3	4	5	6	
7	8	9	10	11	12	13	
14	15	16	17	18	19	20	21	22	23	
24	25	26	27	28	29	
30	31	32	33	34	35	
36	
37	38	39	40	41	42	43	44	45	46	
47	48	49	50	51	52	
53	54	55	56	57	58	
59	60	61	62	63	
64	65	66	
67	68	
69	
70	71	72	
73	74	75	76	77	78	79	
80	81	82	
83	84	85	86	87	88	89	90	91	92	
93	94	
95	96	
97	98	99	100	101	
102	103	104	
105	106	107	
108	109	110	111	112	
113	114	115	
116	117	118	119	120	121	122	123	
124	
125	126	127	128	129	
130	131	132	133	134	135	136	137	138	139	
140	141	
142	143	144	145	
146	147	
148	149	150	151	152	153	
154	155	156	157	158	159	
160	161	162	163	164	165	166	167	
168	169	170	171	172	173	
174	175	
176	177	178	179	180	181	182	
183	184	185	186	187	188	189	
190	191	192	193	194	195	196	197	198	
199	200	201	202	203	204	205	206	
207	208	209	210	211	212	213	214	
215	216	217	218	219	220	221	222	
223	224	225	226	227	228	229	
230	231	
232	233	234	235	236	237	238	239	240	241	
242	243	244	
245	246	
247	248	249	250	251	252	253	254	255	
256	
257	258	259	260	261	262	263	264	265	
266	267	268	269	270	271	272	
273	274	
275	276	277	278	279	280	281	282	283	
284	285	286	287	288	289	290	291	
292	293	294	
295	296	297	298	299	300	301	302	303	
304	305	306	307	308	309	310	311	312	
313	314	
315	

Total number of jobs
316

Processing times of jobs
1	3	6	10	
3	9	8	6	
3	4	3	5	
9	8	4	10	
6	3	9	9	
1	3	6	9	
10	9	5	6	
4	1	4	2	
7	5	5	6	
2	3	9	9	
1	5	8	1	
7	4	3	1	
9	3	7	7	
9	2	7	5	
10	1	2	4	
5	1	5	6	
3	8	9	7	
5	6	9	8	
1	3	9	8	
10	10	2	9	
10	1	7	3	
9	3	7	10	
8	7	8	8	
1	3	5	4	
7	6	3	8	
7	6	3	10	
8	8	7	10	
3	2	4	5	
5	1	4	3	
9	3	2	7	
1	9	7	6	
3	7	2	3	
3	1	5	10	
5	6	8	9	
3	6	9	7	
1	8	5	6	
7	1	1	2	
10	4	10	3	
2	3	1	5	
4	3	8	10	
8	1	9	8	
10	9	7	10	
8	9	4	8	
1	2	9	10	
3	4	2	5	
5	7	6	9	
3	5	8	4	
2	5	5	2	
9	4	4	3	
2	7	2	2	
7	5	4	5	
4	8	1	10	
3	1	6	5	
3	4	8	8	
3	9	3	8	
5	1	9	4	
7	8	8	4	
10	9	5	10	
9	3	5	1	
4	6	9	4	
9	10	2	9	
10	7	2	2	
9	10	7	10	
8	1	5	1	
6	6	6	3	
9	1	5	3	
7	3	3	6	
7	10	9	3	
4	6	9	2	
2	6	7	8	
3	4	6	8	
6	8	10	9	
2	8	6	7	
1	3	2	8	
9	6	1	8	
2	2	7	3	
4	7	1	9	
10	5	8	6	
3	6	10	9	
6	10	2	5	
5	9	10	7	
10	3	10	8	
8	5	4	6	
4	3	8	6	
9	3	3	7	
5	4	5	6	
4	6	5	1	
10	6	7	5	
7	4	1	6	
3	7	10	1	
9	4	4	3	
3	3	9	2	
3	6	3	9	
8	5	6	5	
7	7	2	4	
2	9	10	8	
6	9	3	3	
9	6	10	10	
6	3	1	3	
2	8	2	2	
3	6	9	1	
10	8	1	8	
9	8	6	7	
8	9	3	6	
6	6	2	9	
2	8	7	1	
4	4	7	4	
6	4	9	4	
8	3	4	10	
7	8	8	1	
1	3	1	9	
8	4	10	4	
9	2	9	3	
7	6	5	3	
10	1	3	5	
3	9	2	8	
2	5	8	1	
1	1	6	8	
7	7	5	9	
4	4	2	5	
1	10	4	4	
1	3	8	6	
4	1	3	10	
8	10	8	2	
5	8	5	1	
1	1	4	2	
5	8	8	4	
1	1	5	3	
6	4	5	9	
3	7	7	5	
9	10	9	2	
10	8	5	1	
1	5	7	3	
4	10	2	9	
2	2	10	2	
8	10	1	5	
2	7	3	4	
1	10	6	3	
4	2	4	6	
1	7	3	2	
7	2	9	2	
6	4	4	6	
5	2	2	7	
6	7	5	3	
3	7	2	4	
7	2	1	8	
5	8	1	5	
4	8	8	6	
7	4	2	9	
10	7	5	8	
4	6	5	7	
3	6	9	6	
4	2	7	4	
4	3	5	3	
6	8	4	10	
7	7	6	4	
7	2	2	6	
5	1	1	10	
4	8	1	9	
4	7	2	4	
2	10	6	7	
1	6	9	6	
10	3	5	3	
3	10	2	2	
8	4	1	2	
9	1	10	7	
8	4	8	3	
1	10	6	2	
7	3	5	6	
5	1	4	8	
4	2	1	1	
1	9	7	4	
6	6	2	9	
10	3	5	10	
8	8	3	5	
3	5	7	9	
4	3	9	3	
2	3	10	1	
1	3	6	6	
1	8	2	1	
6	9	5	3	
3	6	8	10	
3	9	4	1	
7	8	10	8	
6	6	10	7	
5	8	1	6	
9	5	4	3	
8	3	7	5	
5	7	10	5	
9	6	9	5	
8	7	7	7	
7	1	3	4	
5	9	1	8	
4	7	1	8	
1	8	3	2	
6	3	6	3	
1	5	2	8	
5	8	1	4	
3	9	1	4	
8	4	1	3	
2	4	2	7	
8	4	8	1	
10	3	2	8	
6	8	6	2	
1	7	1	2	
4	2	9	7	
2	9	4	10	
8	10	10	4	
1	4	1	10	
4	5	9	8	
8	4	4	4	
1	7	3	3	
6	8	9	7	
6	3	5	4	
6	4	5	2	
10	1	8	1	
9	10	7	6	
6	7	6	3	
2	3	9	7	
6	5	7	7	
1	2	3	2	
5	3	3	8	
4	6	10	5	
5	9	2	4	
7	10	6	6	
5	6	1	5	
8	2	9	8	
5	6	9	6	
2	9	1	5	
6	5	5	10	
7	1	1	5	
1	2	10	2	
7	4	2	1	
3	7	10	10	
5	1	6	1	
4	4	5	9	
7	7	9	3	
4	3	7	2	
8	1	7	8	
9	10	8	6	
4	1	10	10	
5	9	6	3	
5	6	1	9	
3	7	7	10	
1	9	2	5	
7	10	2	10	
9	5	6	6	
10	3	8	3	
1	10	4	3	
8	8	5	5	
5	3	8	7	
8	3	6	2	
5	3	1	10	
8	4	3	7	
6	5	10	9	
6	3	3	10	
4	1	8	3	
6	5	1	3	
4	9	7	10	
9	7	7	9	
10	8	10	7	
2	5	10	7	
10	10	8	4	
2	7	6	3	
9	1	9	8	
10	1	6	6	
2	2	5	3	
9	5	6	10	
6	7	1	7	
7	9	3	9	
4	1	10	7	
3	3	5	8	
5	4	3	8	
7	1	2	9	
4	4	9	5	
9	4	5	4	
5	8	9	5	
10	2	1	6	
4	2	10	1	
3	5	10	7	
9	10	5	8	
5	8	8	7	
5	9	1	3	
2	8	10	9	
7	8	6	1	
10	5	8	5	
7	9	7	10	
10	7	8	5	
6	7	3	1	
9	8	5	6	
6	5	7	2	
4	4	4	5	
6	2	6	4	
7	9	2	1	
4	2	2	8	
3	3	3	4	
1	9	9	4	
2	10	6	7	
9	4	7	7	
9	10	3	7	
6	7	5	4	
4	6	8	3	
9	5	7	6	
3	9	3	8	
2	4	8	10	
2	6	1	5	
10	8	1	2	
2	9	3	3	
3	8	6	4	
8	1	4	6	
9	7	8	3	
9	5	9	3	
7	2	8	9	
8	10	4	9	
6	7	7	10	
4	5	9	8	

Stepup times between Families, where [f][f] represents initial setup time
On machine	1
13	61	75	66	39	6	46	92	63	25	50	45	62	37	83	99	35	62	14	43	46	22	92	20	58	90	99	24	76	29	9	23	96	53	26	50	59	65	51	76	13	23	35	42	96	71	55	9	41	28	30	30	91	30	47	89	8	11	45	33	
10	9	38	43	87	28	95	100	85	28	28	12	94	58	69	21	33	36	16	85	83	93	96	55	12	94	33	63	17	41	5	68	36	48	82	21	11	42	40	83	92	35	17	6	56	90	28	14	42	18	59	40	74	14	69	76	99	78	19	61	
80	25	1	68	54	76	71	78	35	51	84	81	81	42	82	27	38	79	55	8	86	23	29	33	69	77	9	73	99	94	93	49	33	69	65	34	22	39	98	41	3	11	86	39	46	18	35	30	81	17	68	48	53	69	24	93	68	40	76	86	
88	70	26	24	97	51	99	58	62	31	35	75	39	74	79	56	14	49	76	69	7	28	85	1	64	94	96	23	88	86	37	42	39	51	16	100	31	10	74	51	90	62	77	56	48	60	95	24	2	4	60	72	51	36	95	96	30	48	15	36	
48	2	62	93	19	27	73	61	7	17	61	85	84	58	74	99	73	21	38	57	24	100	28	48	25	98	89	80	63	65	7	15	88	74	85	52	20	76	34	30	46	46	37	57	82	61	24	25	74	10	47	61	87	67	4	5	86	64	29	30	
95	28	81	89	21	17	51	19	67	20	83	40	7	100	50	19	51	94	16	65	20	5	32	32	31	91	4	30	69	91	45	42	27	1	69	90	70	79	35	85	75	33	60	31	66	83	48	46	88	29	90	88	26	23	7	23	85	35	59	16	
86	32	74	71	19	32	55	57	7	44	55	31	92	69	92	14	7	95	18	75	16	22	6	73	17	81	53	45	43	42	23	62	62	69	84	97	21	49	75	6	80	24	25	32	91	66	24	77	63	72	81	94	51	9	11	37	31	22	22	99	
92	78	34	77	68	88	51	90	87	64	84	27	82	31	35	49	39	11	57	49	73	14	30	86	42	78	39	72	50	93	37	45	81	18	85	8	48	4	51	43	56	5	95	45	84	45	7	37	32	40	41	30	26	85	95	91	27	29	76	77	
33	4	24	98	56	90	56	76	99	32	63	75	68	48	36	67	3	42	1	41	99	1	48	63	85	50	4	71	44	46	27	60	53	34	77	31	52	2	43	81	20	86	40	60	92	17	55	67	97	99	15	29	54	30	72	65	58	39	63	79	
57	97	51	35	93	54	61	7	6	78	33	22	95	45	66	30	87	88	24	97	8	90	80	60	48	75	55	60	1	81	6	93	25	31	30	55	81	10	44	15	45	26	63	43	85	21	65	42	10	18	30	50	52	56	67	51	22	100	98	42	
15	5	11	17	68	10	26	83	90	41	98	35	25	34	57	66	24	26	97	76	43	77	83	90	55	70	49	9	82	53	17	86	39	69	20	7	66	47	61	21	2	51	62	66	98	74	95	12	67	68	89	3	36	86	77	56	27	38	34	31	
23	62	84	70	33	35	82	14	64	75	37	13	48	80	81	68	9	66	41	16	71	55	42	52	93	18	93	29	52	98	2	4	41	39	55	47	94	25	44	10	33	1	78	8	69	64	35	95	33	47	43	16	78	31	56	6	16	56	67	96	
92	85	100	77	57	13	41	76	1	65	32	60	5	52	34	98	15	40	76	16	38	99	40	60	3	68	39	10	71	35	54	86	21	34	13	17	54	22	8	26	78	10	64	20	41	6	32	82	17	74	56	34	57	60	89	69	74	70	31	95	
82	5	59	66	59	15	34	85	76	96	2	36	57	16	37	33	31	54	55	96	15	3	31	2	45	8	66	71	68	10	43	22	99	33	47	81	68	27	49	33	96	5	95	23	87	34	11	36	58	67	44	58	66	92	28	99	58	45	67	1	
100	90	25	3	40	99	96	79	26	2	86	100	49	7	45	42	24	54	22	56	67	3	55	50	29	39	76	31	9	49	43	36	2	48	59	77	80	34	6	83	84	72	47	87	95	41	59	58	70	59	69	42	100	1	63	68	84	42	75	54	
9	86	96	59	47	50	66	72	24	84	31	26	43	1	62	81	59	26	100	39	71	69	62	37	88	81	34	81	84	63	93	25	94	99	16	95	22	98	38	78	35	12	45	79	9	17	36	31	60	68	85	64	86	64	39	6	32	11	50	96	
92	100	70	16	65	16	44	7	23	22	34	100	9	95	74	55	73	16	78	73	10	82	82	18	19	29	81	5	19	11	80	99	88	11	13	26	81	80	76	36	27	56	20	45	66	23	64	73	100	90	61	2	49	72	47	60	51	42	36	45	
37	82	48	75	25	58	35	12	98	17	60	26	21	63	26	35	91	41	48	94	100	68	36	2	50	86	19	23	41	52	55	31	98	38	30	58	38	100	84	89	100	2	99	32	69	7	57	18	95	5	45	17	96	40	49	50	8	92	32	46	
62	4	28	58	47	80	54	52	3	61	44	94	32	91	46	78	48	48	53	35	50	56	61	87	88	63	22	46	84	34	28	78	92	76	9	43	87	56	3	36	76	97	71	23	33	57	77	70	81	14	89	18	57	16	86	84	21	62	77	13	
97	80	12	74	61	45	63	61	14	27	78	95	26	64	20	59	72	54	20	13	32	65	11	50	47	54	1	63	18	23	39	32	95	38	36	96	41	20	18	13	89	7	67	89	32	18	21	14	43	51	55	58	13	93	1	80	8	59	70	57	
15	36	3	74	22	41	75	45	14	44	9	23	35	90	14	85	51	79	68	21	72	36	50	59	13	90	12	75	93	65	45	33	57	52	3	4	51	95	91	67	10	20	6	70	32	19	79	23	50	99	98	4	11	10	92	16	67	44	32	28	
17	58	29	40	35	90	73	6	81	61	62	78	68	26	15	26	93	85	9	21	9	30	79	78	6	23	86	30	51	11	21	22	52	5	16	94	85	4	18	23	72	48	89	69	5	97	81	21	57	34	6	64	88	25	18	16	67	9	28	17	
58	80	70	98	3	54	80	22	87	9	14	23	13	78	92	5	84	37	16	72	88	85	56	18	56	62	24	14	30	14	30	92	55	37	12	20	1	36	54	88	66	53	37	100	91	93	11	94	13	18	36	90	18	46	100	19	92	27	78	23	
25	4	23	16	23	67	84	11	38	33	54	37	61	84	3	31	14	48	5	47	77	72	28	9	36	5	33	79	92	98	94	23	14	58	65	88	84	23	19	84	2	40	15	13	85	18	27	27	59	10	19	52	38	3	46	53	61	66	33	13	
57	57	92	15	85	71	90	85	76	56	28	6	42	69	99	39	65	99	98	82	93	37	22	70	7	75	16	39	38	81	2	49	38	14	62	23	84	21	59	18	78	45	86	74	1	48	76	12	5	39	40	16	80	96	64	37	69	88	35	3	
74	86	57	52	27	83	26	98	57	35	84	12	51	8	8	3	84	86	47	99	21	14	45	42	76	3	81	92	90	6	99	44	73	65	74	30	97	71	82	45	75	21	97	63	98	92	75	70	26	9	60	13	42	37	45	96	2	26	71	56	
77	93	43	46	99	50	77	94	62	22	28	95	75	71	49	38	67	9	43	6	87	22	82	70	71	78	71	1	73	81	40	48	86	46	41	91	77	25	77	69	53	43	97	69	79	57	45	17	19	70	32	68	55	17	71	29	92	82	61	73	
30	64	21	37	50	23	99	44	94	19	76	14	39	8	92	78	50	3	77	50	25	89	38	4	51	99	69	22	2	54	53	90	12	91	34	91	44	86	94	32	98	46	24	66	42	88	59	28	1	45	57	62	33	5	20	49	18	22	37	54	
40	64	56	45	15	23	15	89	92	93	42	69	66	36	26	69	21	91	72	40	82	72	13	88	71	62	48	68	32	24	23	41	22	86	49	97	99	38	20	52	27	38	90	31	69	31	74	38	85	86	44	68	96	18	65	98	48	37	52	8	
26	55	63	35	81	55	82	56	89	97	28	39	92	44	96	15	7	61	80	65	84	7	27	52	83	68	48	72	11	64	41	50	99	53	45	30	56	6	73	58	32	77	37	51	11	98	14	41	73	65	7	15	17	91	41	23	4	59	87	67	
57	20	22	57	75	65	8	97	67	9	75	64	72	100	61	95	21	90	5	56	90	2	40	28	89	38	41	70	18	69	58	43	24	73	73	90	7	91	13	78	43	95	16	58	18	76	4	56	96	75	65	61	42	14	83	15	90	49	89	40	
45	68	57	35	34	96	76	61	9	78	76	21	27	64	88	47	1	59	24	85	99	5	26	83	42	56	60	97	15	86	79	2	34	99	35	88	15	23	48	9	92	60	97	51	39	48	23	32	49	55	64	83	95	32	92	7	60	32	47	69	
40	83	44	84	28	93	94	17	73	56	77	63	25	80	28	100	43	75	88	68	23	87	83	18	98	40	34	41	35	30	75	32	54	2	20	37	63	64	56	47	30	29	55	10	74	2	76	39	84	77	20	100	6	54	34	69	35	13	29	48	
92	54	62	62	20	37	46	70	72	3	30	41	50	40	5	27	66	34	2	81	81	14	27	67	10	46	17	21	75	31	21	52	93	20	74	6	50	18	64	14	17	90	80	40	39	56	61	81	90	37	18	45	35	14	85	30	43	26	88	97	
64	78	26	66	89	64	36	57	32	3	84	94	85	81	86	56	87	72	21	65	96	53	56	24	56	70	42	9	10	14	22	34	96	99	27	26	92	35	92	10	99	87	23	57	61	84	83	76	25	18	90	94	94	71	4	22	66	72	45	43	
74	42	49	3	11	72	82	27	47	31	33	70	63	58	65	40	55	91	60	92	30	25	72	41	92	67	97	10	33	46	15	1	96	22	47	53	55	11	13	22	57	1	81	84	46	8	98	38	42	38	57	74	89	17	10	70	56	62	65	5	
99	46	77	6	59	54	53	3	22	58	49	50	19	74	98	69	14	93	45	72	22	49	70	95	2	22	86	68	16	26	18	30	58	30	52	39	15	15	55	18	20	55	86	80	27	28	77	52	82	33	67	82	24	60	47	74	13	32	46	80	
64	81	53	81	10	84	39	71	72	67	24	34	95	44	92	68	3	93	26	34	38	16	97	71	7	92	20	97	79	71	75	73	82	61	21	32	33	62	37	31	3	19	90	58	45	99	70	61	95	11	36	23	87	62	65	28	56	43	76	96	
67	96	97	76	52	84	64	57	53	82	45	74	75	68	99	11	42	27	61	64	81	76	25	66	72	56	75	36	49	98	24	44	22	29	4	5	50	85	68	76	5	62	4	42	80	84	52	16	36	31	41	4	67	27	59	20	22	80	69	32	
32	26	88	49	66	91	55	98	10	11	14	82	2	53	54	68	75	93	1	38	25	49	90	70	20	88	59	80	35	51	21	47	73	38	84	66	69	3	16	58	66	28	98	75	39	3	39	78	79	1	86	17	48	52	24	37	37	66	33	51	
61	86	12	34	2	33	75	20	11	83	21	35	41	83	36	94	48	28	75	88	68	98	34	32	58	40	95	6	37	83	41	8	28	63	90	37	13	25	51	78	14	49	75	78	24	40	68	55	82	40	45	37	51	87	91	3	86	49	26	100	
8	42	94	72	70	32	43	91	29	9	82	81	84	51	50	22	98	75	13	48	31	19	70	54	63	20	87	59	4	11	42	36	30	63	62	67	37	35	91	53	63	60	93	76	1	75	25	28	71	16	84	30	33	9	6	27	100	32	11	68	
68	59	7	86	76	47	63	60	25	18	25	74	94	8	32	20	23	31	13	47	83	7	9	44	40	23	49	67	86	77	98	73	75	23	17	13	81	12	2	55	100	24	42	26	26	60	95	41	20	69	31	88	35	41	72	96	43	35	59	42	
74	86	10	55	68	32	8	70	46	91	6	70	84	29	7	43	28	40	69	10	75	36	65	83	86	88	41	38	82	86	71	45	47	75	57	73	35	18	83	68	25	64	89	90	68	72	85	7	58	56	23	3	81	76	3	55	60	41	39	95	
41	53	54	28	78	76	36	24	41	74	19	76	8	100	81	78	61	31	51	34	11	97	85	6	41	65	7	48	74	5	8	99	81	6	48	94	6	2	67	12	97	94	92	85	43	41	36	36	78	41	12	25	32	1	63	76	7	15	40	71	
43	66	42	89	9	19	61	76	63	47	54	84	23	4	50	80	40	85	56	72	15	42	75	40	39	53	57	48	39	34	97	16	4	30	90	14	9	94	73	29	73	92	53	25	56	26	45	33	69	42	33	7	12	39	57	94	71	57	15	92	
10	62	83	70	95	47	20	25	46	37	100	98	61	30	7	94	71	22	60	75	30	6	81	97	90	98	42	32	28	98	76	56	3	7	70	74	10	87	87	19	91	83	57	55	74	35	50	59	92	11	89	26	17	51	31	73	44	56	82	81	
11	10	97	61	47	74	65	96	44	65	64	63	100	31	69	23	92	100	28	98	88	17	22	99	88	39	30	7	83	13	32	34	43	75	86	3	48	33	14	59	82	48	48	2	33	83	60	23	20	34	14	21	70	60	92	66	22	73	19	13	
25	70	22	66	44	59	43	17	60	89	31	43	71	50	85	16	35	70	58	26	25	24	95	88	62	23	62	82	36	45	54	44	36	57	78	18	95	8	47	12	11	11	33	57	87	2	39	32	25	92	58	100	3	9	17	92	100	96	38	68	
1	59	78	95	24	40	69	82	7	21	4	71	75	33	76	61	35	84	68	79	68	45	98	35	11	11	74	41	65	63	22	32	17	35	89	32	43	13	27	9	84	5	100	87	6	57	48	42	13	24	42	28	7	57	80	9	100	65	15	42	
80	70	91	69	17	9	37	99	59	74	27	75	90	26	80	55	68	14	13	77	15	98	91	28	30	24	45	94	50	23	76	47	18	2	25	3	55	33	23	13	15	82	11	46	54	59	72	84	3	35	30	1	97	66	57	62	69	7	1	83	
69	21	13	86	89	39	72	16	53	75	71	94	68	64	89	11	100	28	24	50	97	86	36	71	42	5	9	59	69	32	32	64	94	6	33	89	92	29	16	9	91	51	25	9	81	14	42	85	74	41	71	8	49	94	67	71	94	37	30	86	
85	56	17	76	56	49	66	28	92	17	44	76	44	94	45	95	2	87	58	38	90	90	2	18	4	23	27	40	25	3	62	84	17	4	77	87	80	59	58	52	75	13	49	5	16	82	14	63	84	43	88	98	87	79	25	82	49	33	28	6	
72	92	63	37	78	66	68	55	53	1	78	84	32	63	91	36	71	49	33	66	98	70	58	86	33	64	100	41	48	84	13	26	62	74	10	100	23	64	50	25	91	55	14	17	71	73	2	68	70	37	26	64	52	88	94	78	25	14	75	78	
81	68	67	12	19	3	35	2	20	52	19	40	70	81	5	23	41	21	82	25	68	76	33	24	6	85	61	73	86	15	18	15	5	41	75	63	96	81	58	82	18	16	70	58	95	60	81	77	68	45	66	88	13	8	50	54	29	81	27	96	
69	68	48	16	51	95	90	8	40	26	14	85	4	43	9	99	33	46	20	96	63	19	64	29	50	27	88	35	32	61	92	94	20	26	6	86	100	18	7	63	23	73	65	94	50	48	6	8	44	85	23	39	7	82	50	75	17	40	53	23	
7	75	100	8	49	19	52	5	74	99	85	67	86	1	17	70	1	17	2	85	85	63	10	71	30	38	37	15	49	70	95	81	27	72	90	33	60	97	34	88	7	56	55	52	56	12	35	13	84	65	9	89	7	58	53	32	39	55	76	88	
75	91	23	46	35	69	43	22	47	23	15	64	83	11	86	75	61	17	39	30	35	40	74	1	86	88	79	33	87	1	85	31	17	90	96	62	59	44	75	18	40	44	17	64	88	78	82	80	21	48	96	2	2	22	15	28	67	59	2	30	
37	80	54	67	94	39	28	80	4	47	6	27	26	22	78	65	28	11	83	38	53	13	64	16	46	91	18	99	80	90	52	48	65	56	76	13	19	90	53	92	17	20	24	34	54	68	91	14	83	24	100	74	100	76	53	37	70	91	8	1	
60	17	50	59	55	29	11	73	99	11	56	99	58	9	20	61	67	74	100	32	11	67	47	75	99	45	24	32	91	67	45	47	60	24	31	70	8	63	91	10	70	87	45	73	100	25	23	12	37	84	73	51	18	19	6	14	84	80	29	14	
On machine	2
35	93	24	37	70	11	25	98	31	55	20	13	96	84	44	61	26	76	65	51	32	54	25	70	83	60	30	59	85	54	36	67	76	46	47	98	69	26	74	98	80	67	65	57	70	83	33	52	96	2	14	64	81	24	97	69	35	2	11	97	
90	89	100	14	30	67	16	79	66	69	43	3	20	60	71	11	11	17	43	73	51	10	74	66	39	18	45	34	77	89	4	76	82	58	30	87	91	94	36	87	99	84	84	85	62	95	15	34	35	64	27	61	73	42	84	91	91	40	81	54	
25	97	43	2	9	50	22	27	1	33	19	87	67	3	1	55	94	30	74	11	51	53	57	59	60	2	26	31	16	10	37	96	76	34	58	32	43	67	56	82	12	22	41	34	95	2	50	98	49	91	71	46	98	97	57	84	52	24	42	40	
22	65	61	66	32	76	50	89	21	63	36	35	50	31	17	73	73	42	10	9	6	1	88	70	8	55	7	28	100	45	53	87	77	87	92	44	79	63	27	14	5	37	82	19	25	27	1	8	16	33	79	20	53	83	19	39	42	34	34	54	
68	69	42	75	46	45	19	19	81	99	29	74	22	40	33	34	56	13	47	30	68	33	3	9	95	27	22	99	23	96	59	35	96	28	3	89	20	24	86	19	41	89	99	59	89	38	18	55	40	23	80	59	70	48	23	22	7	84	26	83	
67	12	86	18	73	23	26	12	19	19	57	79	47	71	55	85	56	46	85	98	84	88	28	68	89	36	58	15	81	10	31	86	18	38	71	56	94	84	41	78	92	77	79	7	59	46	79	89	98	28	34	56	44	72	86	25	53	36	22	53	
85	21	40	26	53	14	58	76	35	45	14	15	14	64	58	57	54	83	60	35	20	96	85	25	85	7	60	49	87	31	73	72	36	69	58	43	71	92	43	15	53	64	13	8	57	91	48	83	51	49	53	74	53	78	77	44	13	89	16	57	
41	63	64	15	89	70	62	2	69	8	77	45	43	75	80	33	85	17	58	17	14	75	56	19	57	86	71	26	86	78	63	17	30	15	95	2	49	40	30	27	38	82	29	85	17	69	53	21	95	20	84	32	83	27	27	37	88	12	47	90	
4	3	77	92	59	87	22	59	63	60	42	29	30	14	55	24	32	73	14	29	74	59	42	8	83	4	72	85	63	32	69	29	74	54	5	98	34	63	52	51	91	44	52	12	93	88	31	25	83	13	41	72	39	42	31	96	42	65	89	47	
93	3	93	79	88	92	97	80	18	43	83	53	69	69	46	6	36	1	52	60	18	16	55	87	1	25	40	24	38	76	18	62	19	63	86	47	10	74	39	70	4	7	93	79	82	16	18	92	62	35	36	75	93	2	7	2	100	81	13	29	
93	96	5	26	71	37	78	81	89	22	20	59	78	19	19	49	21	91	26	17	35	19	17	88	41	95	59	4	72	96	42	83	38	17	60	61	83	62	79	7	12	26	32	28	22	91	49	60	94	8	34	43	84	66	48	91	41	83	1	33	
78	43	7	70	86	99	1	44	43	24	54	50	47	72	7	80	48	20	86	80	82	5	12	94	28	70	73	21	18	86	66	26	9	6	12	13	23	67	78	46	69	25	54	53	43	14	72	80	27	12	96	88	48	24	95	87	51	9	19	18	
7	24	86	7	85	54	40	8	87	75	12	57	43	52	85	57	55	71	33	80	23	96	57	65	32	72	22	90	30	74	100	61	20	82	65	55	19	37	68	60	22	80	62	29	72	68	37	49	19	94	60	55	64	81	2	38	82	85	6	34	
4	40	18	43	81	10	10	11	86	89	88	81	83	70	26	35	93	91	87	87	15	33	94	42	43	89	51	72	31	34	91	4	41	97	94	23	63	57	63	71	22	24	12	90	74	66	30	6	5	20	99	71	4	71	46	64	7	94	12	7	
19	89	61	43	2	52	100	74	45	8	38	86	28	72	7	11	39	18	79	100	64	67	25	11	53	88	98	37	36	51	8	86	64	21	67	52	9	93	32	39	19	73	16	36	27	48	95	14	39	80	9	58	95	96	1	16	47	32	100	67	
38	95	89	65	28	94	99	23	17	56	1	3	90	34	17	22	75	79	78	5	41	66	28	86	76	51	82	80	77	83	74	84	46	16	17	73	22	76	83	3	3	29	9	26	73	69	28	68	21	43	17	32	25	30	12	12	54	60	13	95	
47	17	10	8	92	49	13	10	98	68	48	64	9	12	6	71	28	24	79	25	8	99	56	84	19	83	8	20	98	99	90	33	41	47	33	84	66	10	48	19	21	96	89	71	70	57	69	46	28	74	60	98	76	91	63	88	92	72	33	16	
78	60	29	37	52	47	6	80	22	99	48	49	34	61	80	76	50	97	85	100	87	63	4	18	57	43	53	86	60	79	7	35	85	52	66	23	19	26	99	23	39	32	91	91	90	24	88	58	10	14	40	53	36	63	47	6	48	27	99	83	
81	15	86	99	11	61	21	52	26	93	78	61	94	41	74	10	23	79	88	50	1	37	60	1	44	82	25	42	4	99	94	33	29	24	30	21	73	28	5	20	2	18	84	4	57	6	17	42	75	87	93	47	72	15	67	78	65	92	13	93	
10	31	79	28	19	82	34	40	50	10	47	2	86	75	93	13	26	56	56	34	70	73	15	62	33	42	99	95	94	33	88	51	44	12	21	100	12	97	63	48	82	5	27	11	62	2	49	79	65	1	15	38	6	64	37	39	90	64	12	2	
4	73	99	69	17	40	3	87	46	77	21	67	6	3	13	66	95	1	35	12	57	2	5	16	29	47	17	37	6	39	20	23	13	16	59	87	94	36	28	72	8	31	12	71	85	3	60	64	92	75	4	16	54	4	24	65	62	48	73	49	
46	45	54	92	19	98	59	36	41	1	53	41	23	29	44	28	75	56	77	40	37	23	9	84	100	29	86	96	6	54	2	18	61	73	29	78	30	84	54	73	49	81	90	23	1	8	29	27	65	28	57	35	95	15	76	36	36	19	64	91	
40	53	100	13	39	95	18	64	65	8	35	42	38	46	67	53	25	73	82	52	34	66	46	33	9	82	97	43	93	96	45	70	88	29	31	93	89	35	77	67	56	35	99	14	57	7	100	75	91	26	20	38	94	2	80	25	63	88	74	6	
3	34	75	98	19	70	66	79	86	96	18	50	43	98	14	17	80	27	92	71	76	37	63	17	13	48	45	75	57	65	37	12	86	84	80	79	79	92	11	74	30	68	36	79	83	55	80	68	82	52	100	67	63	68	71	75	92	32	47	89	
36	73	60	78	31	17	45	56	63	11	72	47	85	87	80	98	38	40	5	43	92	77	32	91	52	57	35	53	90	66	80	44	51	76	81	39	82	19	70	49	36	11	98	86	76	3	23	56	23	12	60	73	4	10	84	52	84	66	53	90	
96	74	90	63	3	67	44	56	81	25	79	84	16	72	69	70	54	17	18	9	23	30	94	51	9	11	4	61	45	93	59	8	60	100	42	36	2	4	63	49	98	83	79	58	62	74	36	4	100	45	76	56	72	20	87	88	56	20	27	40	
70	1	54	23	61	100	55	99	38	48	53	25	96	61	32	14	10	98	89	47	24	87	92	66	13	41	23	89	56	29	74	78	32	18	46	76	36	15	71	61	11	88	1	53	68	71	20	98	45	18	18	52	28	24	81	18	39	17	58	49	
17	42	22	81	21	72	78	95	55	99	12	70	31	14	64	20	68	77	44	98	58	80	16	26	12	18	80	33	81	68	47	89	71	47	28	89	36	55	28	3	45	58	91	49	24	48	66	11	78	60	24	11	89	94	15	38	34	15	41	35	
51	50	88	17	83	48	11	18	90	27	78	77	98	78	40	27	90	44	2	61	42	46	67	5	55	66	82	44	84	77	76	27	41	51	75	100	76	66	34	90	2	12	49	52	67	61	11	43	75	24	74	35	30	80	3	91	83	71	55	23	
10	46	77	13	88	23	9	95	70	99	20	4	8	66	61	89	63	25	7	74	37	3	48	17	77	87	10	86	13	48	72	47	22	49	59	78	35	51	26	85	78	100	42	30	20	46	6	3	30	4	86	39	11	69	29	18	8	9	89	81	
98	3	78	13	62	93	24	10	75	85	33	75	75	2	60	13	27	70	11	3	68	81	26	31	78	69	93	38	49	4	92	41	64	39	85	73	61	36	58	72	78	42	7	60	97	20	86	4	32	95	41	85	78	52	24	50	97	21	16	70	
14	10	95	73	54	60	77	2	48	17	2	1	90	3	29	61	45	81	88	31	47	38	1	40	52	33	64	35	72	72	82	62	18	85	53	22	53	66	37	69	82	24	15	41	7	50	77	22	42	3	85	28	65	85	57	44	76	52	49	35	
15	70	38	53	66	96	16	44	91	93	59	66	11	61	47	42	63	29	39	78	76	45	82	33	53	86	49	3	32	89	37	5	23	27	73	40	60	99	14	98	43	73	97	4	83	80	28	31	8	19	5	54	32	86	71	30	27	56	59	42	
99	36	2	74	31	88	11	79	31	61	68	53	30	6	16	59	39	17	79	74	2	63	34	33	53	84	100	40	44	10	97	48	81	69	9	45	56	63	12	77	4	100	13	52	14	88	12	61	82	56	72	12	83	39	17	20	75	50	65	58	
43	98	80	27	11	16	6	95	93	61	40	70	30	51	79	44	41	52	56	27	77	98	35	56	69	22	23	14	34	8	85	90	4	63	28	11	52	81	97	75	78	58	26	87	57	94	40	52	63	56	18	71	79	89	44	63	19	88	52	68	
59	30	97	77	55	17	65	25	25	25	69	43	31	95	8	76	61	61	97	41	46	66	4	61	12	94	34	28	42	9	39	61	37	41	30	5	33	40	83	49	48	82	99	64	45	78	24	76	79	1	66	51	68	72	95	21	56	62	54	52	
53	57	30	62	89	75	89	66	89	72	77	86	67	10	47	80	95	45	51	20	10	72	19	57	17	68	3	2	88	51	12	46	80	4	99	31	25	89	9	92	84	57	13	97	90	75	97	35	97	34	100	96	15	55	12	47	59	12	12	76	
11	43	64	27	67	54	27	51	55	83	73	21	89	35	61	69	83	67	49	16	16	15	21	82	80	10	24	15	8	62	9	76	93	28	90	19	63	11	30	31	47	78	84	4	88	46	58	11	80	52	59	20	90	91	32	81	23	46	85	94	
84	5	51	54	94	52	53	21	99	7	64	34	63	72	67	59	9	62	79	90	37	80	98	83	42	62	54	87	56	89	77	59	57	64	98	57	71	70	70	38	83	79	17	17	97	51	30	83	29	24	70	95	40	50	63	44	33	27	79	85	
81	45	5	60	37	61	14	54	8	90	13	17	68	25	16	91	1	9	5	75	63	30	45	42	71	78	34	87	5	88	3	14	36	37	24	49	51	15	63	72	47	67	6	43	53	10	22	61	57	96	40	47	75	54	21	70	5	60	11	5	
13	40	54	43	49	4	12	27	100	10	49	60	30	75	25	79	79	99	3	87	75	75	38	17	74	94	86	39	15	76	82	62	22	83	67	23	42	100	95	62	63	98	11	61	92	33	34	26	32	54	27	88	27	57	56	39	43	52	32	7	
32	86	18	61	7	77	47	39	69	28	58	65	100	95	90	72	30	77	16	92	46	5	33	4	75	4	34	13	82	94	51	80	48	70	48	83	56	19	66	58	41	40	37	88	79	50	66	17	34	59	40	60	32	79	63	37	17	91	4	44	
68	50	6	26	87	52	16	47	1	67	4	77	67	3	20	25	17	77	87	7	23	80	30	86	43	36	63	40	72	46	46	79	84	87	98	6	66	76	90	46	55	82	5	80	50	67	14	73	5	57	36	15	78	22	94	36	14	67	78	96	
93	41	27	4	98	65	31	99	60	30	22	16	5	56	84	10	54	68	49	75	15	34	39	100	9	18	95	79	21	66	64	43	22	100	36	12	18	48	77	14	45	91	15	96	51	46	31	31	71	48	71	9	96	21	82	47	83	17	83	62	
21	88	5	41	2	95	18	5	1	59	12	15	54	77	99	70	74	42	100	5	90	8	17	31	75	28	30	31	68	45	24	35	48	57	92	43	98	82	94	91	78	64	47	53	82	62	48	28	61	98	16	42	90	92	75	38	56	97	11	21	
57	52	75	94	81	25	55	61	40	98	51	54	62	19	67	9	21	32	63	31	48	36	42	82	84	28	48	98	24	2	93	5	37	28	44	4	77	48	56	58	87	93	20	48	40	46	56	18	56	21	27	54	48	10	44	54	74	61	2	54	
6	85	47	30	24	87	58	9	6	79	28	95	23	4	20	72	80	38	70	37	34	15	14	2	52	71	56	9	62	49	47	91	42	85	78	100	63	19	67	20	79	68	74	83	97	16	28	64	94	15	33	53	95	16	46	34	28	3	51	60	
76	2	84	32	17	6	99	81	25	34	69	61	88	100	4	99	16	59	36	33	39	34	40	3	44	3	100	4	25	57	69	7	2	74	33	78	94	20	19	54	78	55	85	62	38	92	24	2	16	83	56	66	50	13	57	55	44	76	8	80	
65	15	22	41	94	75	2	32	45	62	25	66	50	86	59	61	40	90	15	13	30	51	56	23	7	5	82	96	55	15	54	71	23	92	58	11	64	91	14	43	90	2	100	83	66	51	47	66	90	75	93	44	17	10	87	38	67	95	56	39	
65	83	42	57	8	36	92	88	50	28	19	99	26	8	67	29	9	86	64	30	89	64	10	62	97	22	22	16	1	33	83	19	55	58	59	25	86	91	81	5	22	37	79	91	28	78	51	85	60	43	12	12	88	32	54	59	55	98	89	8	
21	37	42	97	36	68	50	72	56	2	81	13	43	54	47	56	17	45	48	59	26	26	41	78	79	58	84	17	97	30	96	68	20	86	47	92	81	23	80	2	38	47	52	25	6	31	62	69	55	73	58	46	75	51	24	33	35	52	30	77	
2	62	79	24	69	28	80	45	21	12	26	89	57	3	90	9	94	68	18	47	21	58	81	66	39	18	88	27	71	89	22	70	63	18	53	81	16	74	62	87	52	79	63	88	52	42	62	24	23	13	89	13	100	65	20	65	11	76	47	80	
83	45	60	14	46	70	91	83	21	74	81	43	30	13	78	21	76	9	37	55	1	30	45	32	26	52	52	8	10	55	95	19	75	92	18	57	74	74	86	81	89	67	96	93	40	52	78	21	19	6	56	5	33	67	32	76	42	49	21	58	
84	36	90	49	100	70	35	68	96	2	11	100	35	33	73	40	25	17	92	27	59	75	92	75	18	52	90	56	4	46	39	29	78	48	66	46	53	83	22	39	26	42	1	71	56	12	74	13	29	45	4	19	80	18	60	52	81	65	77	56	
45	69	26	93	95	33	48	93	75	35	60	53	38	95	39	3	23	12	36	63	53	23	46	87	8	41	75	49	44	99	35	74	75	8	1	51	67	21	15	46	49	62	65	18	68	47	28	76	52	74	31	35	92	50	41	89	21	43	20	70	
25	28	30	7	53	53	54	55	91	87	1	75	7	32	57	100	46	63	25	41	39	36	67	60	6	12	63	61	70	60	84	38	68	46	44	66	12	27	11	84	86	87	52	13	57	82	27	21	30	28	42	30	25	35	55	63	48	72	38	80	
20	91	27	73	43	59	46	96	98	14	69	75	72	96	41	10	84	6	1	25	76	73	39	77	61	76	44	92	32	14	83	62	78	38	41	85	20	25	27	56	2	2	27	87	26	4	92	18	55	41	41	85	94	45	68	91	43	93	50	18	
1	65	61	98	64	28	25	35	95	47	97	40	93	11	23	37	54	82	81	33	42	48	80	92	98	74	64	59	80	24	29	6	92	43	62	52	10	29	81	82	22	12	18	20	50	89	59	1	27	18	39	22	2	26	54	68	23	39	48	66	
91	31	37	39	71	39	25	62	93	33	43	39	55	26	39	42	33	88	80	10	38	12	15	25	66	34	34	18	2	99	100	15	40	52	2	30	65	97	77	41	68	5	20	9	73	40	96	87	10	56	98	52	13	52	14	95	78	2	30	76	
30	100	44	8	36	82	19	78	63	46	63	76	100	3	56	54	85	86	77	18	98	41	61	40	39	38	89	20	59	89	20	98	95	65	32	93	66	52	57	44	79	92	83	93	32	88	31	26	26	16	89	32	88	56	53	14	60	87	51	31	
On machine	3
76	54	17	31	14	70	63	23	94	92	52	75	27	60	88	92	88	84	92	67	28	30	98	4	84	47	61	65	89	29	63	33	73	23	9	48	65	39	94	26	65	97	76	12	47	90	20	50	100	16	28	10	15	40	14	80	3	91	46	46	
25	45	40	69	6	83	48	9	55	77	34	1	65	95	73	51	37	71	69	15	49	38	27	45	76	10	74	16	72	1	100	100	5	68	83	28	44	94	25	33	85	70	72	57	97	78	86	79	95	73	80	10	90	76	49	20	26	88	66	41	
95	83	55	24	83	40	48	2	30	40	1	64	17	23	95	45	2	38	1	41	45	18	53	32	23	49	90	75	74	67	29	91	89	47	11	78	85	59	43	58	25	77	40	68	42	56	66	86	70	67	68	40	37	72	4	16	97	8	14	37	
58	89	25	9	17	32	71	73	58	32	96	68	27	26	42	70	80	70	8	80	36	21	7	69	21	89	72	43	66	75	56	26	80	83	100	12	51	45	9	50	47	86	54	17	51	1	79	17	44	15	26	94	44	57	48	44	37	68	15	64	
69	33	89	19	32	58	87	59	76	92	35	68	91	95	19	61	22	55	55	82	9	25	48	8	19	93	82	72	19	25	43	4	19	98	53	16	4	100	74	15	87	76	62	16	90	18	45	59	10	73	45	96	79	14	54	8	28	18	40	17	
1	23	21	99	74	21	28	76	14	87	1	51	24	33	5	1	73	91	5	52	94	65	66	9	51	80	44	87	51	85	59	36	42	12	97	52	5	48	25	16	42	70	59	16	7	99	18	92	63	6	26	15	34	17	30	1	52	2	1	12	
13	76	7	41	63	55	10	48	93	62	98	71	58	56	62	62	33	74	23	12	12	31	22	33	3	39	93	5	70	7	34	88	49	45	28	67	79	60	50	6	97	40	65	42	100	63	76	84	77	58	46	78	32	18	59	66	80	45	7	49	
53	77	67	66	7	39	61	43	66	91	59	91	89	28	51	12	63	94	18	51	60	83	80	62	32	39	58	13	93	77	99	12	46	35	48	68	48	73	92	52	64	25	34	70	85	35	84	30	40	1	27	70	77	82	60	27	47	74	23	47	
14	13	30	3	89	57	5	54	39	61	99	71	6	16	91	88	46	5	91	96	82	48	65	94	40	49	53	26	74	59	82	47	92	96	100	85	44	3	25	29	96	50	71	64	19	9	98	28	43	47	74	69	37	19	38	10	1	81	30	70	
39	42	47	38	91	34	41	79	45	9	13	37	48	52	32	54	27	24	78	51	28	67	35	98	81	78	16	83	61	7	33	28	96	20	81	11	13	99	93	97	79	67	62	29	29	43	5	21	47	70	40	21	94	38	47	58	19	5	81	53	
63	17	4	91	61	7	5	71	44	31	27	42	30	81	45	98	26	99	88	70	26	65	80	77	16	33	86	46	14	97	69	63	63	41	91	76	40	97	91	61	47	34	25	38	79	40	97	7	64	64	79	29	68	15	78	100	78	23	64	49	
95	64	6	33	26	1	48	91	7	36	95	98	95	12	97	38	65	42	1	65	49	78	15	49	46	2	70	9	77	11	28	16	48	67	70	93	99	23	58	31	30	18	65	74	38	69	96	82	93	8	92	52	100	81	100	75	87	32	76	1	
52	31	100	46	59	83	91	72	70	62	12	52	99	50	28	84	10	73	5	1	57	39	63	87	77	46	42	39	51	84	71	43	91	86	98	36	36	34	51	81	7	38	71	99	72	91	37	37	51	57	18	84	83	49	90	66	21	43	52	64	
91	94	48	44	23	76	83	2	53	98	87	33	23	74	31	8	32	15	64	44	11	87	57	79	27	72	69	27	51	41	80	66	86	73	23	56	90	64	15	51	44	93	22	87	10	56	24	6	92	45	65	26	92	29	24	53	67	87	16	75	
63	13	8	50	80	55	96	34	47	52	89	84	4	29	34	5	34	35	53	10	59	85	16	10	34	13	13	34	13	57	34	97	30	57	25	12	77	19	87	11	23	35	11	88	58	57	49	55	77	63	23	96	65	23	49	33	91	37	60	75	
72	96	12	82	7	75	86	71	78	57	67	58	96	10	15	12	89	48	52	19	30	57	79	59	42	27	79	67	29	95	7	84	41	63	26	97	90	97	89	72	74	17	65	52	21	3	74	92	45	20	79	78	97	63	63	23	47	49	75	63	
60	49	92	92	47	2	72	44	56	93	28	14	54	23	93	16	62	75	68	55	35	8	50	94	59	30	91	70	99	25	29	77	2	58	65	92	46	5	98	71	56	22	37	58	69	84	51	75	32	54	40	53	26	96	40	99	75	38	17	1	
47	4	49	43	57	82	36	95	54	12	71	31	58	16	86	52	95	90	91	65	86	65	76	63	50	80	47	33	50	68	91	10	98	84	62	26	36	44	26	6	52	47	48	20	3	3	79	35	72	82	84	25	57	62	26	85	99	12	49	43	
66	62	43	17	56	78	86	77	28	2	86	21	11	50	70	1	82	43	62	3	37	81	92	71	23	38	15	42	94	52	15	85	49	65	63	98	53	19	23	46	68	79	46	59	32	41	62	87	91	64	46	45	17	93	57	28	74	14	35	15	
50	81	33	20	7	86	16	16	82	17	26	25	100	95	60	28	46	24	75	25	42	22	78	73	68	4	12	92	46	45	14	75	11	93	42	52	86	100	69	31	30	34	39	83	16	39	97	97	41	20	76	72	60	77	47	22	11	48	8	98	
17	82	51	51	82	65	72	24	52	14	28	88	81	80	21	28	85	61	21	22	5	95	16	92	76	53	73	17	25	11	83	95	13	47	16	99	62	58	69	53	8	66	63	95	11	13	22	7	18	82	4	86	51	66	36	88	70	2	15	10	
86	28	95	31	1	55	79	58	12	10	98	62	7	63	19	43	29	76	8	8	76	50	17	94	22	34	32	72	99	49	67	40	95	78	21	1	30	58	81	64	22	83	15	20	76	9	76	89	99	93	68	97	25	18	38	42	18	14	48	98	
98	12	27	71	50	95	25	69	91	4	34	43	74	79	24	30	59	72	18	72	83	67	6	75	83	32	13	48	8	1	52	55	80	45	96	92	14	94	91	44	20	40	85	8	83	88	20	5	5	88	60	29	7	88	86	21	74	6	23	27	
15	77	95	82	67	30	46	51	36	67	23	42	33	17	88	2	22	49	81	69	12	57	96	83	86	95	19	53	68	54	56	77	95	37	50	48	65	53	49	83	2	30	76	82	91	76	25	50	58	46	5	45	91	47	48	51	1	4	39	27	
83	22	31	91	96	24	9	72	21	96	85	81	87	7	28	61	29	30	89	43	55	82	13	6	91	90	45	37	26	88	32	80	11	52	78	84	63	100	52	72	60	73	97	96	32	42	41	82	32	59	8	59	38	75	76	23	78	50	55	4	
32	93	71	16	22	90	87	65	35	4	11	80	17	67	38	5	99	28	31	22	58	35	9	30	26	92	52	49	63	24	9	73	80	20	16	82	34	43	91	61	45	64	1	65	44	22	60	40	86	71	68	65	50	3	62	18	99	81	87	39	
98	74	81	87	64	53	10	35	10	87	94	29	88	84	31	71	66	17	19	88	17	28	7	2	21	69	33	72	1	74	79	26	84	61	77	83	71	89	22	34	87	62	64	80	52	89	58	17	54	30	75	65	7	72	23	33	1	38	31	98	
69	84	78	14	64	46	10	52	81	6	69	84	16	40	76	51	57	13	91	92	92	36	23	41	68	89	45	64	97	19	96	28	34	73	56	14	26	19	60	11	7	34	89	93	93	25	7	66	16	13	97	31	72	80	96	77	76	17	21	40	
93	47	76	86	24	86	3	78	71	10	42	100	84	51	7	12	58	89	74	76	36	57	91	7	3	32	30	60	99	74	87	52	85	57	50	79	92	83	97	3	10	38	46	14	12	51	2	65	32	100	23	90	85	30	44	100	100	69	29	31	
66	62	62	58	82	55	72	47	57	9	68	53	99	94	94	77	20	8	4	85	42	95	74	71	28	98	13	29	92	27	1	25	5	32	56	94	68	40	96	83	27	86	66	72	7	100	47	35	63	16	31	76	64	72	21	76	88	47	42	58	
53	46	26	32	66	47	27	37	41	12	15	3	11	24	60	6	12	11	33	21	89	46	20	85	51	32	86	16	21	39	27	89	1	63	51	32	31	57	92	70	43	71	20	50	40	10	41	46	5	11	52	30	46	90	95	33	66	40	2	64	
8	56	52	63	68	12	25	98	43	61	82	83	61	13	13	89	46	83	19	54	55	20	7	80	7	16	68	80	21	94	65	44	56	61	16	99	24	95	72	26	39	35	87	73	60	70	92	43	50	65	88	66	76	22	4	11	7	48	98	93	
1	56	79	43	73	97	12	86	91	46	48	3	18	43	78	14	15	38	95	57	39	59	65	64	91	33	17	88	75	86	6	48	73	88	84	2	56	62	16	59	1	99	80	38	8	61	14	50	82	45	96	70	57	49	86	29	73	69	27	67	
2	50	61	30	45	52	19	20	32	63	20	52	60	17	98	66	29	49	76	1	25	83	71	43	49	2	39	55	100	10	14	95	8	8	17	27	74	75	97	54	57	60	76	13	90	64	36	80	66	16	64	62	25	48	34	28	81	72	99	42	
2	5	29	8	5	8	50	2	59	49	34	51	15	61	83	95	22	35	95	28	62	52	61	97	1	97	68	100	20	54	28	30	47	64	62	68	70	51	58	28	44	97	46	16	83	22	30	94	69	28	51	81	58	30	77	51	53	20	92	92	
55	65	40	66	17	1	3	92	74	15	55	16	54	77	89	76	36	83	94	41	82	70	11	39	20	75	66	40	62	7	95	95	44	99	4	38	74	90	81	23	13	66	10	19	87	12	55	52	7	64	64	13	61	53	57	88	46	53	77	83	
51	80	37	22	98	5	40	75	90	41	24	95	84	14	11	64	90	90	67	52	26	70	27	93	18	1	67	5	92	22	6	81	52	61	14	80	97	75	55	81	47	96	67	96	70	89	66	16	20	32	26	11	84	19	14	70	10	42	30	29	
76	48	5	1	14	68	57	98	46	22	11	31	7	29	48	7	91	65	71	19	79	88	64	86	66	12	44	8	68	97	66	50	80	17	45	24	92	55	67	59	76	36	54	10	78	79	73	68	56	36	5	52	14	11	85	24	86	2	26	78	
41	20	35	84	43	95	52	1	58	73	85	44	15	95	17	41	42	17	19	6	72	45	38	72	49	53	60	66	19	87	20	24	15	68	96	40	70	32	100	57	57	38	17	85	20	53	88	25	97	49	98	74	3	79	88	42	21	63	3	39	
69	81	38	100	28	94	83	49	92	59	90	60	47	98	7	73	74	52	39	1	82	42	94	47	82	12	32	31	9	87	24	32	1	83	48	63	60	16	62	33	1	24	70	49	35	69	5	25	57	78	97	46	50	100	27	62	95	67	93	18	
9	43	4	21	5	72	33	16	65	88	38	37	86	55	11	72	66	31	93	12	42	5	40	84	32	23	16	43	97	80	89	20	22	9	99	41	72	10	2	64	17	56	82	31	93	64	71	87	34	64	60	99	64	84	2	74	100	11	22	69	
65	3	82	97	31	63	28	84	83	8	79	90	28	74	76	43	1	79	56	52	10	44	95	6	87	51	100	53	10	97	41	48	9	40	61	80	64	84	85	100	16	58	44	16	56	21	30	25	15	76	99	7	10	51	91	76	68	90	73	60	
27	11	37	9	28	40	66	10	58	15	64	94	10	4	61	70	39	44	30	15	1	47	48	93	63	93	79	45	25	1	15	48	26	82	45	40	22	69	21	34	64	30	30	65	98	70	81	89	60	57	26	16	54	33	7	29	72	79	25	74	
77	100	36	4	27	74	71	84	84	76	6	72	74	40	51	99	7	28	45	85	44	71	42	14	30	56	95	72	22	15	99	11	61	51	34	29	63	16	21	10	65	93	52	90	96	49	98	8	29	2	42	9	30	30	72	26	14	89	89	90	
7	43	7	95	51	34	27	59	13	98	40	9	50	33	80	54	15	65	13	29	80	28	49	18	66	78	10	87	85	53	53	54	1	65	58	27	10	45	51	73	29	50	76	66	77	90	26	72	26	24	70	54	41	62	33	11	48	23	58	93	
83	18	99	77	24	23	63	94	34	96	100	91	80	27	45	21	56	78	50	65	2	98	54	34	51	73	77	29	49	73	14	62	77	2	63	14	2	15	72	73	76	48	48	6	77	20	34	69	82	88	96	57	62	55	45	42	14	11	16	52	
84	68	87	72	30	76	33	26	77	15	3	4	19	7	61	86	76	19	100	99	20	63	27	43	2	32	99	77	59	77	75	35	50	81	48	87	34	19	16	16	36	54	45	10	75	3	89	38	46	47	71	58	57	61	96	32	30	27	4	28	
13	88	98	38	53	14	79	32	42	33	41	25	76	68	54	43	17	38	33	79	98	56	75	79	41	89	39	67	35	9	87	74	60	75	81	30	11	72	58	23	69	33	20	37	4	53	62	81	44	6	52	29	56	66	12	25	89	71	48	5	
12	75	77	52	85	17	40	23	56	24	38	63	23	83	21	43	8	9	29	17	52	10	88	87	56	97	18	45	4	43	31	5	37	55	74	90	27	80	78	64	26	72	7	16	8	27	64	40	20	32	58	78	66	37	35	21	79	97	32	46	
54	93	88	68	31	47	46	71	26	75	84	46	43	82	21	36	25	61	56	99	49	18	18	10	69	57	78	76	16	18	95	29	71	25	66	38	93	13	33	71	15	61	34	1	3	21	40	64	33	29	22	1	82	63	85	81	9	57	85	40	
4	76	55	14	44	55	34	62	67	79	42	24	53	84	56	64	48	52	95	3	21	91	10	97	88	27	67	56	95	37	12	68	89	51	92	48	28	19	52	32	74	8	86	51	96	35	66	51	100	9	87	11	71	55	52	16	73	2	12	50	
93	13	67	29	33	55	58	36	68	33	92	77	80	56	45	35	60	54	31	47	22	19	84	36	30	14	68	26	64	49	35	9	69	17	77	95	40	37	40	37	38	30	85	37	32	83	39	78	58	33	8	48	27	10	26	87	35	38	61	66	
58	22	58	62	51	65	91	49	57	39	63	4	12	56	81	88	15	76	56	76	97	77	38	85	66	10	57	92	88	16	93	52	69	79	67	4	58	85	77	75	80	39	55	12	54	40	78	84	35	61	51	14	10	40	46	3	75	47	20	38	
52	21	74	41	84	74	91	44	70	93	23	6	45	79	48	94	90	31	1	52	99	26	54	4	59	91	15	17	62	45	100	38	83	39	69	97	7	97	89	93	99	14	69	78	5	1	6	74	6	87	58	58	36	89	59	77	70	86	80	16	
52	28	49	27	34	72	61	23	50	66	63	41	82	26	42	98	86	11	68	31	22	54	8	42	44	71	3	25	63	58	60	64	12	52	87	98	52	71	92	32	70	67	11	44	54	54	55	51	95	83	8	37	12	55	69	90	37	56	85	30	
80	57	28	32	87	41	74	66	77	3	84	8	71	51	42	79	7	43	44	64	17	88	68	89	18	65	39	51	43	28	51	98	35	49	44	32	99	84	37	8	13	18	14	42	99	2	28	46	66	79	61	66	14	98	29	71	71	78	39	28	
61	72	39	89	64	84	56	81	18	63	42	20	25	47	14	70	12	36	49	36	14	72	46	64	61	81	70	95	68	29	45	86	39	34	31	92	61	92	64	75	24	36	55	57	72	70	68	97	49	33	17	66	63	9	90	39	75	73	49	59	
64	74	49	72	5	96	40	50	56	52	51	13	39	49	81	31	43	83	44	7	23	73	51	39	86	25	75	43	55	74	52	22	79	85	30	4	96	4	21	32	69	59	58	68	69	24	28	48	17	66	33	51	92	4	4	88	86	78	31	71	
41	52	4	66	25	14	90	38	59	4	29	30	14	91	45	56	94	39	71	65	6	43	45	62	99	2	100	32	91	67	11	92	85	71	69	31	11	29	47	11	54	7	55	59	5	43	56	64	4	80	92	69	82	94	10	75	89	79	99	16	
61	76	54	81	56	63	11	79	4	14	42	27	89	88	97	92	45	87	91	56	37	58	41	34	78	75	8	99	24	11	33	76	49	73	86	55	93	25	98	95	37	38	99	33	45	57	49	28	3	51	65	69	44	21	3	24	21	95	13	54	
On machine	4
43	7	97	3	34	6	17	69	52	51	69	93	100	11	65	86	49	57	80	52	38	39	88	47	82	13	2	32	4	8	44	63	30	5	33	14	61	7	13	24	98	70	97	41	16	2	6	77	10	60	29	80	74	75	14	5	90	78	97	70	
73	55	76	58	46	15	43	16	97	56	24	55	74	11	94	31	30	56	72	47	11	70	70	43	95	95	88	72	84	92	18	41	78	25	38	81	98	39	35	74	10	81	54	76	4	28	40	10	20	35	36	36	12	95	13	69	50	56	41	79	
92	31	63	42	91	52	46	41	70	51	59	75	92	63	29	4	53	19	87	54	57	17	90	27	89	71	39	76	10	24	91	31	87	3	1	56	46	22	68	97	59	85	62	100	32	24	91	69	100	3	86	60	41	28	45	12	27	66	32	37	
11	52	8	44	52	48	4	28	9	38	23	6	72	11	27	16	13	46	38	3	1	4	63	16	100	78	31	24	89	17	12	51	18	41	49	37	84	38	48	57	71	15	89	7	29	96	11	53	79	15	20	81	57	9	44	1	55	26	34	35	
84	90	34	39	22	5	58	6	54	10	8	100	85	19	56	74	26	8	38	24	71	77	6	52	47	76	58	84	58	44	23	56	30	50	92	16	43	78	31	20	82	2	1	5	98	33	9	23	72	79	36	7	20	50	87	72	63	88	4	56	
51	56	90	76	25	66	16	84	30	39	84	55	96	15	12	11	86	53	12	79	55	73	37	2	90	8	73	4	5	97	52	38	12	97	11	55	81	32	71	3	58	19	52	94	5	86	27	15	54	59	84	74	5	54	40	28	38	6	90	84	
22	23	8	69	72	25	49	59	80	46	25	26	99	28	92	94	96	14	70	68	32	11	3	11	100	18	50	34	15	79	91	57	5	46	81	82	64	8	21	67	92	2	85	93	18	97	80	23	65	30	3	15	51	89	91	71	59	93	7	24	
1	13	76	75	23	50	15	65	74	96	32	93	93	30	61	71	9	66	12	16	88	36	20	55	96	17	97	6	82	7	55	25	4	75	1	65	59	16	94	65	61	26	68	62	69	89	95	85	95	95	68	53	86	59	90	17	53	3	85	42	
14	52	74	21	61	17	42	24	5	90	34	51	34	46	73	69	22	3	4	78	57	92	51	55	91	30	49	12	97	7	42	14	10	53	79	57	3	35	58	28	97	17	90	86	3	20	77	19	63	32	4	91	77	45	15	82	77	11	37	17	
36	2	6	32	71	68	91	65	87	45	66	55	52	78	55	87	7	33	94	59	81	32	19	52	26	30	2	69	2	97	62	60	39	74	71	9	39	19	98	68	36	11	66	64	65	47	21	97	74	11	93	6	11	59	36	80	73	99	73	57	
97	12	3	96	65	97	46	36	8	28	60	15	98	78	46	13	72	34	20	81	1	36	31	55	97	1	52	15	44	56	75	29	75	16	46	70	6	89	99	10	77	85	73	77	81	8	14	75	26	13	52	63	7	98	13	39	63	78	63	62	
1	22	10	42	54	2	5	17	83	88	46	66	27	40	69	83	26	10	97	57	86	94	20	58	8	79	70	66	78	10	37	9	28	95	96	92	40	56	37	62	39	8	58	85	81	47	15	85	64	13	40	44	60	80	66	2	49	2	80	83	
57	81	42	39	3	28	74	50	9	35	33	24	18	87	61	50	75	57	84	62	23	55	79	95	64	11	32	93	69	74	13	47	88	44	54	89	4	22	72	28	84	27	23	8	89	4	65	22	90	86	16	46	28	62	34	7	95	22	31	48	
68	21	23	53	44	13	80	91	35	88	70	11	1	21	37	14	51	59	67	33	85	18	91	63	94	72	77	87	28	19	79	46	74	82	15	6	72	37	33	96	58	93	100	27	72	67	76	29	28	32	51	58	28	65	88	94	33	43	99	48	
48	37	95	17	12	77	84	17	97	97	97	48	67	15	81	7	90	83	44	34	8	87	52	9	35	43	93	46	86	10	50	78	50	8	36	89	33	78	44	35	21	39	24	84	17	85	18	60	90	19	17	96	40	32	64	12	67	96	24	49	
56	61	60	36	78	1	27	43	50	37	61	56	30	9	2	28	57	10	39	2	52	61	34	44	3	99	61	92	95	4	74	23	3	63	14	91	16	46	30	51	2	22	88	75	47	18	90	95	30	20	56	52	36	20	81	29	66	60	4	56	
100	43	35	13	87	34	51	86	65	8	41	76	61	85	97	68	81	9	49	94	8	22	65	6	79	11	4	60	64	43	13	10	76	58	3	87	29	9	65	38	100	51	66	38	23	58	16	49	47	24	79	52	60	8	53	37	29	48	24	100	
57	88	88	74	97	87	13	4	8	36	98	70	74	4	39	15	13	58	89	71	37	6	80	26	44	18	26	21	12	42	65	42	1	52	52	5	79	7	66	48	33	11	84	11	21	93	38	77	86	47	47	65	28	27	56	28	55	40	38	41	
2	37	51	30	49	5	46	71	17	23	2	93	75	51	37	68	83	48	5	12	22	7	11	97	66	59	82	25	6	15	70	58	46	9	45	71	12	5	67	43	50	41	65	68	66	82	65	55	84	59	20	41	66	32	85	79	86	74	36	77	
11	25	85	35	5	2	80	90	98	18	60	34	65	99	31	64	98	17	58	53	22	20	69	67	21	68	61	28	89	76	64	69	13	43	1	13	53	20	24	42	8	34	64	31	23	32	51	91	96	16	58	24	11	85	71	23	87	5	51	68	
97	1	83	9	44	54	88	8	73	8	17	68	73	83	98	31	66	75	43	85	39	56	31	72	38	12	17	29	93	57	50	30	73	50	13	60	5	88	3	3	94	100	99	35	17	19	37	1	46	66	61	75	7	59	59	100	40	24	32	32	
58	79	11	54	57	25	77	79	51	99	22	30	22	69	49	100	60	5	74	50	25	36	30	77	73	3	79	61	60	5	80	33	2	10	71	86	38	91	68	77	70	49	9	22	44	88	49	79	51	25	57	30	49	17	46	34	36	75	14	75	
58	11	29	59	70	76	87	12	43	81	51	59	11	20	80	91	20	87	81	43	66	7	86	96	1	41	4	43	92	46	74	5	35	58	10	95	32	80	70	60	52	57	88	53	17	75	38	20	27	72	34	21	7	99	49	13	82	4	74	59	
66	6	53	23	37	66	1	81	95	10	83	99	50	17	51	74	24	25	4	98	84	41	32	100	40	29	85	20	98	38	58	99	41	90	36	38	91	83	8	48	84	2	9	36	36	24	78	67	64	100	22	25	87	96	2	89	60	73	19	62	
8	35	65	30	65	50	91	38	98	25	76	20	93	40	17	57	54	37	43	63	34	7	88	72	13	31	73	91	55	91	67	58	9	23	3	81	46	53	6	46	76	40	20	10	73	61	31	15	93	18	60	87	54	6	82	51	48	48	14	63	
42	59	61	37	79	95	19	40	53	85	25	63	80	41	26	54	4	11	27	8	84	90	75	82	74	37	7	83	27	6	27	88	32	1	85	98	5	77	99	78	17	41	39	28	50	74	48	47	63	23	32	76	7	13	41	57	40	92	85	96	
55	69	85	40	98	58	78	18	23	58	25	32	63	74	65	90	3	84	12	74	21	14	64	94	82	11	77	71	91	43	54	57	22	97	95	80	6	16	34	77	10	95	22	89	14	42	71	37	98	80	44	10	6	10	57	19	14	4	77	45	
95	10	79	7	63	50	7	30	86	80	63	66	57	10	82	34	82	94	45	96	39	72	41	88	15	92	100	75	46	16	31	55	49	98	71	29	87	52	67	2	98	39	98	82	64	25	1	34	11	90	27	40	11	2	38	32	35	89	33	61	
35	99	40	32	76	25	100	80	16	63	96	31	56	28	22	60	12	59	42	22	42	43	76	8	9	77	5	89	14	8	19	53	84	73	68	37	29	92	52	24	53	71	46	10	10	62	9	81	92	63	11	50	38	75	41	21	37	68	48	64	
97	76	72	1	37	22	55	49	86	20	100	64	7	33	44	23	36	11	81	29	4	23	42	93	63	64	90	2	84	49	44	84	91	3	26	90	22	67	36	9	93	3	72	12	36	3	20	77	32	90	84	63	64	90	80	19	38	100	7	16	
40	23	41	38	60	44	2	86	8	86	25	44	18	27	80	21	43	66	68	100	100	63	12	15	97	44	1	53	46	21	32	2	52	26	19	33	69	39	40	25	42	96	100	43	23	54	24	83	72	11	25	85	99	77	85	62	6	33	52	79	
67	17	92	9	33	94	65	38	73	8	68	19	48	46	10	82	6	98	23	65	84	20	27	44	82	30	5	16	40	73	19	68	10	26	1	21	17	27	37	44	24	91	65	51	35	14	7	96	18	86	82	8	78	79	50	44	32	65	30	100	
58	8	20	49	5	99	89	1	11	25	57	32	2	72	65	45	46	46	46	78	76	98	29	60	70	3	2	82	25	11	70	43	32	50	48	46	55	40	9	50	36	20	54	42	80	19	86	38	45	21	21	43	23	58	76	44	53	39	98	73	
33	10	19	80	42	11	95	66	45	33	32	43	22	45	96	69	29	84	69	34	69	79	58	96	31	10	19	20	30	69	87	94	57	19	93	56	53	32	24	45	65	10	52	65	11	94	82	2	46	67	6	80	69	99	90	36	68	10	45	61	
49	72	57	77	24	14	98	55	100	87	37	12	62	55	79	3	27	64	18	16	21	17	76	65	37	87	85	52	63	66	92	75	70	60	96	77	58	20	21	36	35	53	100	47	45	64	79	58	32	16	78	16	44	64	13	16	81	50	47	19	
3	34	50	49	98	77	64	74	8	71	1	95	87	35	22	25	84	85	34	33	72	44	39	57	95	53	99	38	18	28	83	42	9	18	32	40	16	99	24	41	89	92	71	41	27	3	11	43	78	46	84	41	3	74	49	92	16	17	7	7	
11	25	39	13	92	38	33	79	85	2	41	6	5	52	11	54	43	99	47	56	20	27	19	34	23	96	91	93	81	62	97	38	1	45	93	83	92	31	7	43	12	26	84	52	61	2	89	53	28	22	9	45	32	89	49	39	78	68	55	23	
22	86	44	55	70	93	30	25	13	47	88	76	45	79	90	24	20	45	24	67	25	43	19	10	29	38	40	57	24	81	27	38	97	96	82	59	85	99	1	38	84	87	1	33	80	33	70	22	38	63	62	32	86	96	95	46	91	68	6	63	
95	54	68	83	32	84	61	22	51	100	100	79	32	36	22	42	26	93	35	69	4	91	93	23	8	48	98	70	23	85	52	70	37	9	10	62	42	89	50	23	90	97	17	91	41	89	83	72	66	93	64	45	65	40	66	56	66	31	55	57	
92	47	65	70	9	33	17	67	8	1	41	47	65	52	81	79	28	61	64	67	96	39	10	91	29	76	13	56	12	77	64	39	26	56	91	58	44	10	92	80	33	59	78	57	52	30	28	71	36	50	36	42	25	29	93	35	68	46	89	87	
14	82	91	6	50	70	24	38	25	92	9	12	21	83	56	54	40	96	90	50	1	67	20	90	72	33	37	64	15	10	36	88	81	42	42	36	82	56	81	87	40	27	74	93	68	9	60	14	92	77	75	60	55	3	60	7	69	81	69	23	
61	80	76	4	32	53	23	1	37	34	98	93	29	100	100	79	31	89	27	52	20	100	22	99	95	40	52	100	89	7	55	43	99	49	58	22	68	7	43	30	52	4	95	11	5	89	3	52	97	91	43	25	44	95	13	56	40	1	76	13	
55	74	57	85	8	23	14	35	99	33	17	39	1	18	48	10	95	43	66	45	47	64	20	64	65	17	94	14	43	26	67	35	63	78	48	97	100	95	95	11	15	53	27	39	79	72	52	29	35	6	47	88	19	38	20	6	95	94	81	75	
47	7	15	58	25	47	68	86	83	37	43	57	16	92	27	62	79	82	56	49	42	91	68	65	56	98	57	30	88	46	100	35	92	48	94	17	94	77	56	48	90	6	48	58	12	7	38	34	87	12	92	94	43	72	90	20	19	5	69	89	
14	65	38	47	46	6	97	21	5	24	30	4	84	72	23	1	29	20	20	32	21	74	84	55	10	95	77	84	2	37	42	42	16	71	58	87	6	15	71	85	35	84	100	34	89	89	32	82	67	85	37	31	57	29	72	73	60	67	65	81	
60	24	84	90	19	52	21	22	95	96	54	66	71	13	23	37	90	91	27	43	4	89	84	93	98	55	47	87	20	27	21	24	9	40	25	41	57	92	63	9	65	50	96	96	49	67	51	42	66	32	12	90	34	15	98	2	12	77	26	81	
62	49	86	21	25	47	79	42	12	79	88	95	97	95	38	42	81	2	76	97	61	43	78	11	57	85	52	3	91	4	41	85	75	72	72	63	17	52	80	50	76	62	99	89	66	29	8	52	24	7	61	77	76	8	70	31	87	46	52	64	
28	26	12	93	50	32	23	39	49	79	14	60	15	23	10	50	76	34	18	43	45	100	36	78	9	90	84	86	18	14	10	76	38	17	79	77	63	33	91	92	51	32	90	77	47	79	63	67	92	76	68	11	24	2	35	25	55	71	4	79	
85	5	8	88	1	64	1	86	66	43	60	55	13	35	99	44	64	43	43	52	5	98	77	19	86	30	63	62	31	14	1	26	69	31	60	71	21	38	92	8	24	62	85	19	86	24	91	14	100	30	2	36	71	31	50	44	34	34	27	60	
23	31	65	17	64	40	92	90	71	93	50	34	76	58	59	33	51	51	64	43	41	15	95	79	39	53	15	66	48	32	5	44	6	14	38	45	77	8	90	32	79	64	60	100	11	63	78	69	46	20	39	66	79	12	48	66	52	55	16	8	
21	71	75	33	85	8	17	17	85	47	14	74	67	3	61	84	91	73	74	58	78	79	20	23	52	64	55	1	82	81	85	30	24	31	91	36	26	3	18	39	54	66	30	52	25	74	47	100	62	20	14	85	40	64	35	60	10	46	49	48	
97	87	73	5	69	91	35	85	59	8	77	31	19	39	37	93	32	61	92	72	76	1	36	29	26	87	96	98	48	32	62	61	58	49	54	77	52	65	31	3	40	11	49	18	32	75	70	78	65	96	98	65	100	6	82	59	23	17	66	68	
71	97	1	55	56	87	50	61	78	28	73	34	51	53	75	64	90	15	2	14	58	91	47	82	10	33	97	98	79	96	66	4	66	13	40	28	40	73	6	18	30	92	23	88	6	20	20	44	96	93	9	34	13	42	11	72	94	4	93	63	
39	54	68	82	25	84	21	9	24	28	85	79	33	65	47	54	13	18	29	3	70	51	70	57	22	94	48	51	21	81	22	30	38	37	96	87	56	14	93	81	83	86	41	85	62	20	79	55	6	61	5	28	41	24	67	64	8	41	100	14	
33	19	3	94	76	71	62	43	12	40	72	84	18	68	8	16	1	99	60	64	83	23	3	48	84	47	18	59	51	93	33	94	89	41	93	43	82	31	29	13	24	96	78	52	59	39	11	59	42	39	61	16	68	83	30	98	51	54	81	65	
31	40	61	34	22	69	21	23	11	76	82	73	65	83	3	38	65	49	94	42	30	44	64	69	47	40	47	55	38	80	41	2	21	24	57	47	78	90	80	3	47	12	94	33	53	34	70	89	56	64	85	2	80	87	83	35	2	80	34	35	
22	57	65	11	20	99	8	25	48	24	5	78	66	30	50	14	22	79	76	75	81	62	68	47	56	2	67	55	76	62	59	61	90	49	16	92	24	39	92	95	1	55	99	62	13	34	33	79	48	52	89	24	14	9	46	28	99	91	72	25	
6	2	74	66	39	20	93	32	57	31	3	29	84	3	65	31	19	76	70	26	49	47	9	53	30	16	40	70	96	52	54	96	23	60	54	85	12	66	1	12	72	78	26	4	21	16	80	18	49	28	76	99	59	62	76	38	90	43	94	37	
43	55	41	81	55	12	24	67	97	15	80	4	81	98	29	40	48	42	56	11	26	42	24	47	22	87	65	10	92	2	36	100	49	63	96	11	58	54	32	31	26	95	42	67	90	94	100	60	82	97	9	89	2	50	2	26	24	20	53	62	
55	49	14	39	69	71	20	15	81	27	42	70	12	31	31	53	5	14	47	33	82	62	23	56	25	69	18	35	67	84	24	5	64	60	31	7	35	45	81	73	35	21	42	51	42	81	98	39	89	90	33	98	16	47	85	74	72	65	3	43	
