Factories	3
Families	20
Machines	4
SetupType	1

Number of Jobs in each Family
8	6	2	4	5	4	2	6	1	4	7	1	3	8	5	6	5	6	1	4	

Jobs in each Family
0	1	2	3	4	5	6	7	
8	9	10	11	12	13	
14	15	
16	17	18	19	
20	21	22	23	24	
25	26	27	28	
29	30	
31	32	33	34	35	36	
37	
38	39	40	41	
42	43	44	45	46	47	48	
49	
50	51	52	
53	54	55	56	57	58	59	60	
61	62	63	64	65	
66	67	68	69	70	71	
72	73	74	75	76	
77	78	79	80	81	82	
83	
84	85	86	87	

Total number of jobs
88

Processing times of jobs
5	9	7	4	
1	1	2	6	
1	6	7	8	
7	9	7	8	
4	2	5	6	
6	9	3	9	
2	3	5	1	
6	5	1	4	
7	5	3	2	
7	3	2	9	
7	2	4	5	
1	7	2	9	
6	10	9	2	
7	10	1	1	
7	7	7	2	
6	10	8	3	
6	8	6	6	
10	4	8	2	
1	5	1	1	
6	5	7	2	
6	10	10	3	
10	4	8	1	
6	6	3	7	
10	7	8	8	
6	8	1	6	
6	4	5	7	
3	7	4	1	
1	5	2	5	
6	5	9	1	
2	1	10	6	
1	10	1	10	
6	7	1	8	
2	2	4	9	
1	6	6	7	
7	2	1	4	
5	5	6	7	
7	7	4	1	
4	5	2	7	
8	7	4	8	
4	4	5	8	
10	10	7	10	
1	4	3	2	
3	9	5	3	
10	1	5	8	
10	1	2	8	
7	2	2	3	
1	1	1	7	
5	2	9	7	
3	2	7	1	
4	2	10	5	
3	4	5	1	
4	5	5	6	
9	9	9	1	
4	8	4	3	
10	1	6	8	
8	3	10	8	
10	6	8	10	
2	9	3	4	
7	4	5	1	
4	7	4	4	
3	1	3	5	
9	7	7	8	
10	5	7	3	
2	6	10	5	
1	2	4	4	
1	2	6	8	
5	5	3	6	
5	1	5	7	
9	10	3	9	
8	3	9	1	
6	7	2	6	
2	9	9	9	
1	8	4	9	
7	3	5	2	
4	10	7	8	
9	8	1	9	
9	2	1	2	
6	5	5	10	
5	5	7	5	
8	1	7	5	
2	5	4	6	
10	1	4	9	
9	5	2	4	
4	6	8	2	
1	2	9	3	
2	3	5	4	
9	9	7	10	
8	6	3	10	

Stepup times between Families, where [f][f] represents initial setup time
On machine	1
13	17	7	12	15	20	16	8	2	16	20	14	8	2	4	5	13	8	18	19	
4	14	17	4	10	7	5	10	5	15	20	1	5	9	13	16	17	4	10	9	
4	5	15	9	17	4	5	12	3	9	19	8	5	5	8	11	19	13	5	14	
10	12	6	19	13	4	8	11	15	11	12	13	2	19	6	13	4	3	14	12	
9	19	6	15	18	18	10	6	1	11	9	7	13	7	5	19	15	12	1	17	
9	17	20	4	14	12	12	6	10	12	16	10	15	16	11	17	15	15	19	12	
1	18	5	17	11	2	9	5	1	3	16	13	15	14	15	3	11	17	15	19	
13	5	15	9	11	6	6	13	13	15	14	14	13	8	20	7	11	3	17	4	
7	11	4	7	10	10	1	14	17	11	9	8	11	3	15	14	19	15	7	12	
7	9	9	12	7	2	15	2	13	5	14	20	3	10	3	16	13	9	2	4	
1	8	19	18	8	6	12	16	7	2	13	1	1	3	10	13	11	17	10	5	
1	4	5	10	15	15	19	20	8	16	17	6	18	10	1	1	7	2	1	16	
17	11	1	13	20	20	18	5	11	7	5	17	12	12	8	6	2	2	5	10	
20	5	12	3	16	11	7	16	16	20	8	18	7	17	3	8	11	8	17	10	
1	14	20	10	13	4	7	12	9	11	9	15	8	13	17	16	16	9	9	7	
15	2	7	17	4	18	7	17	10	3	2	5	5	5	7	15	17	10	8	6	
11	9	19	7	13	1	9	1	1	2	6	4	17	10	7	5	9	9	13	5	
5	13	11	13	17	3	5	8	19	6	5	15	12	2	6	17	9	8	12	5	
15	20	19	13	9	10	4	20	9	6	20	3	17	14	2	7	11	18	7	2	
15	6	19	13	12	2	19	9	2	13	17	9	19	2	20	14	19	16	1	7	
On machine	2
16	5	1	4	9	6	16	6	6	9	5	1	17	7	18	12	20	11	3	12	
3	14	2	8	3	4	1	4	19	19	12	1	14	2	12	15	6	1	9	4	
11	8	19	4	6	5	6	10	11	18	12	10	13	6	1	7	14	18	14	19	
14	15	19	20	4	2	1	1	18	20	20	9	13	15	4	4	1	4	7	12	
10	3	2	18	19	20	7	5	17	8	2	2	12	3	3	16	13	19	12	6	
7	5	3	11	12	6	10	8	7	13	16	5	19	10	3	5	9	2	20	3	
10	6	7	17	19	1	20	14	5	2	12	1	17	9	12	15	12	5	11	9	
6	6	2	14	16	16	17	10	12	15	12	12	12	16	3	1	13	8	1	14	
17	12	11	18	14	1	20	11	10	12	12	19	16	17	9	2	1	19	5	6	
14	15	10	1	3	14	3	14	17	12	20	19	8	7	11	18	20	3	11	3	
9	15	5	9	1	12	13	7	8	5	11	12	10	2	11	18	4	17	10	8	
8	9	3	6	18	1	1	1	19	17	9	19	6	3	1	11	19	9	10	5	
19	20	7	9	1	20	4	18	14	3	10	2	20	7	11	18	4	16	12	6	
13	2	9	10	19	18	10	7	8	18	19	13	6	2	5	5	17	18	3	2	
2	13	13	16	7	19	12	12	9	2	10	2	4	1	5	20	14	5	2	2	
19	9	18	7	19	18	20	7	5	10	16	9	10	8	20	19	5	3	2	15	
17	14	13	5	4	4	3	10	7	9	14	7	13	17	13	18	12	19	6	20	
1	17	1	8	20	2	11	19	5	12	20	4	1	19	10	10	3	10	16	4	
4	4	10	8	9	2	1	15	20	7	5	15	6	12	16	18	4	9	2	11	
7	15	7	7	16	7	1	5	11	3	11	1	19	20	18	9	3	12	1	17	
On machine	3
16	17	14	9	15	13	18	16	16	7	13	11	19	14	20	3	18	5	6	11	
7	3	6	10	16	20	9	19	12	3	3	17	11	13	12	1	4	13	11	2	
6	2	3	17	18	11	20	1	12	9	13	4	4	6	7	10	9	19	12	2	
2	15	5	14	9	3	1	12	10	13	7	15	5	17	13	19	3	12	18	20	
8	11	1	3	16	16	8	10	12	3	3	9	11	16	16	1	19	11	11	18	
16	16	2	16	6	8	7	1	2	19	1	17	8	3	16	13	14	5	19	1	
4	7	10	12	19	2	8	14	3	13	11	2	18	9	19	4	8	3	5	4	
20	15	12	15	20	5	12	13	7	17	12	16	14	7	9	17	17	1	5	4	
3	5	5	12	1	6	3	4	15	2	11	11	15	3	12	11	15	6	13	12	
1	17	13	7	9	19	8	9	5	14	15	4	7	3	9	10	8	18	3	15	
4	5	4	4	2	1	17	20	9	8	1	10	11	7	13	17	9	15	2	3	
7	19	1	1	14	12	19	9	11	5	16	2	17	4	2	16	2	4	19	15	
2	12	7	14	17	8	11	7	6	11	12	13	20	13	8	12	16	6	14	16	
14	3	17	12	16	3	3	9	17	12	10	16	3	7	10	8	20	17	8	4	
13	15	14	19	11	1	16	12	5	3	19	5	18	20	9	6	17	10	4	11	
6	17	5	6	7	11	7	14	7	12	4	13	5	16	8	6	4	17	9	10	
14	13	2	12	14	4	7	20	7	9	4	18	2	7	18	14	18	10	18	9	
6	11	3	9	6	12	2	14	4	19	15	14	10	6	11	2	7	11	8	1	
10	1	13	12	11	10	3	11	1	6	7	4	6	5	20	17	9	8	15	2	
18	6	17	19	17	16	14	7	4	13	20	6	6	12	1	12	4	6	17	14	
On machine	4
3	13	5	8	2	13	20	20	5	5	8	19	6	9	9	1	11	5	10	14	
13	6	11	2	16	11	5	20	2	8	19	10	12	14	18	16	10	1	8	11	
3	1	10	16	13	2	1	6	13	20	4	8	18	11	8	10	7	15	9	17	
19	18	3	8	5	12	20	14	18	4	10	18	17	10	2	6	13	8	18	15	
3	4	1	4	16	14	9	5	3	10	9	6	14	9	15	20	13	9	12	18	
11	6	18	16	13	10	11	9	9	3	4	3	7	3	6	11	14	13	4	8	
9	6	9	7	15	14	20	5	8	8	10	14	12	7	14	10	2	11	4	16	
18	3	18	20	11	20	10	16	4	14	18	15	12	18	8	10	19	11	18	4	
18	13	1	19	10	7	8	3	13	8	4	15	18	8	1	6	6	11	12	8	
19	3	3	9	4	6	7	5	17	10	9	20	12	4	7	3	12	14	14	8	
5	8	20	7	4	6	2	14	13	16	11	6	18	6	6	6	1	1	10	20	
13	2	16	14	13	5	14	2	14	4	2	17	10	1	8	8	8	1	7	20	
2	15	12	12	17	9	1	12	4	5	17	8	16	18	13	9	14	8	19	12	
12	9	12	9	5	18	4	13	3	18	20	3	20	9	11	15	13	19	14	4	
8	5	20	20	20	16	10	2	13	6	6	15	15	18	14	4	9	11	19	19	
12	7	19	19	16	8	4	13	17	19	6	1	2	13	10	10	4	7	20	16	
20	9	2	6	14	5	2	11	10	16	15	1	8	9	6	6	16	1	6	18	
1	19	17	9	5	1	13	19	5	3	19	16	11	10	5	19	13	19	6	10	
4	5	14	12	9	9	19	18	11	1	15	14	1	18	10	8	17	5	11	13	
9	8	14	10	9	2	1	15	1	13	16	16	8	11	13	4	1	9	4	19	
