Factories	3
Families	60
Machines	4
SetupType	2

Number of Jobs in each Family
6	3	9	9	6	2	8	4	9	6	1	5	6	8	6	7	7	4	4	10	1	1	6	2	8	10	3	8	5	10	3	10	4	3	1	10	8	9	8	5	4	4	3	5	1	10	6	2	8	6	1	5	3	2	1	8	8	4	3	2	

Jobs in each Family
0	1	2	3	4	5	
6	7	8	
9	10	11	12	13	14	15	16	17	
18	19	20	21	22	23	24	25	26	
27	28	29	30	31	32	
33	34	
35	36	37	38	39	40	41	42	
43	44	45	46	
47	48	49	50	51	52	53	54	55	
56	57	58	59	60	61	
62	
63	64	65	66	67	
68	69	70	71	72	73	
74	75	76	77	78	79	80	81	
82	83	84	85	86	87	
88	89	90	91	92	93	94	
95	96	97	98	99	100	101	
102	103	104	105	
106	107	108	109	
110	111	112	113	114	115	116	117	118	119	
120	
121	
122	123	124	125	126	127	
128	129	
130	131	132	133	134	135	136	137	
138	139	140	141	142	143	144	145	146	147	
148	149	150	
151	152	153	154	155	156	157	158	
159	160	161	162	163	
164	165	166	167	168	169	170	171	172	173	
174	175	176	
177	178	179	180	181	182	183	184	185	186	
187	188	189	190	
191	192	193	
194	
195	196	197	198	199	200	201	202	203	204	
205	206	207	208	209	210	211	212	
213	214	215	216	217	218	219	220	221	
222	223	224	225	226	227	228	229	
230	231	232	233	234	
235	236	237	238	
239	240	241	242	
243	244	245	
246	247	248	249	250	
251	
252	253	254	255	256	257	258	259	260	261	
262	263	264	265	266	267	
268	269	
270	271	272	273	274	275	276	277	
278	279	280	281	282	283	
284	
285	286	287	288	289	
290	291	292	
293	294	
295	
296	297	298	299	300	301	302	303	
304	305	306	307	308	309	310	311	
312	313	314	315	
316	317	318	
319	320	

Total number of jobs
321

Processing times of jobs
9	9	9	9	
7	10	8	1	
8	2	2	7	
5	4	3	2	
7	4	3	1	
1	2	1	5	
5	10	8	4	
1	8	8	2	
6	3	2	7	
2	3	6	1	
6	6	5	10	
5	7	4	6	
7	6	6	5	
1	4	2	1	
10	4	9	3	
8	3	4	1	
7	4	8	8	
10	4	3	2	
1	7	7	3	
3	3	8	10	
1	3	4	8	
9	8	4	3	
2	6	6	4	
8	5	7	10	
1	10	4	8	
1	8	6	1	
7	7	5	4	
5	1	3	4	
4	10	3	4	
3	2	2	7	
5	4	8	8	
5	1	9	3	
5	5	4	10	
5	1	5	3	
7	2	9	6	
3	2	6	3	
9	5	5	8	
3	4	6	10	
1	2	7	10	
2	4	10	8	
9	9	6	6	
7	6	8	7	
2	6	7	6	
7	8	9	3	
6	6	6	7	
1	5	3	8	
10	8	4	2	
4	3	2	4	
9	8	5	1	
2	7	4	8	
2	3	2	9	
1	5	2	7	
4	2	7	5	
2	5	7	6	
4	3	3	5	
9	7	3	3	
2	6	9	4	
10	3	3	10	
4	7	8	8	
3	4	1	8	
6	6	6	4	
4	10	2	9	
10	4	4	9	
10	4	10	8	
7	3	6	4	
10	2	3	6	
10	7	9	6	
2	8	9	8	
10	10	7	7	
7	4	3	8	
7	7	2	4	
6	9	2	7	
8	6	6	2	
1	2	5	8	
5	9	4	2	
5	1	7	6	
5	1	7	6	
6	3	6	6	
6	5	9	9	
1	5	8	10	
2	9	2	7	
7	5	1	10	
8	2	4	10	
3	6	3	6	
2	5	10	10	
6	7	2	4	
7	4	7	1	
8	6	8	5	
4	9	5	6	
1	9	8	1	
5	1	10	7	
6	5	9	5	
7	8	1	10	
7	4	3	5	
2	10	1	8	
5	9	9	8	
9	5	5	3	
4	1	2	10	
5	6	3	4	
7	10	1	1	
8	2	8	3	
1	7	1	5	
8	1	7	2	
3	6	5	4	
7	7	8	9	
2	10	9	8	
1	3	4	6	
6	5	2	3	
4	7	9	6	
5	5	5	1	
10	9	3	4	
3	1	4	2	
8	9	6	10	
6	2	2	2	
1	5	6	2	
4	10	9	6	
8	5	7	8	
3	8	7	6	
9	6	10	2	
3	10	7	5	
9	2	8	9	
7	2	5	10	
8	3	10	7	
10	9	8	7	
7	10	4	10	
9	9	1	1	
8	4	10	1	
10	6	4	3	
5	2	1	2	
5	10	7	4	
5	5	9	8	
6	6	5	7	
1	1	1	4	
1	6	9	5	
1	10	8	3	
8	1	5	3	
1	6	9	5	
4	10	4	3	
2	2	7	4	
9	10	6	4	
10	2	4	9	
2	7	2	1	
8	8	10	2	
8	10	6	6	
3	10	2	4	
9	10	4	1	
6	6	6	4	
3	3	6	9	
10	2	7	8	
7	4	3	2	
2	8	2	3	
9	7	4	7	
6	7	10	6	
7	6	6	9	
1	1	10	6	
5	10	5	3	
5	4	7	2	
8	7	6	4	
6	8	9	9	
2	5	2	3	
8	5	2	3	
1	4	10	2	
6	1	2	5	
2	8	7	7	
9	6	6	6	
9	5	5	4	
6	10	9	6	
7	6	4	10	
2	10	6	8	
9	1	8	9	
4	6	6	6	
8	3	3	1	
4	6	2	7	
10	8	4	6	
5	8	8	2	
2	8	4	1	
1	2	6	2	
3	3	7	1	
9	2	8	4	
6	5	6	3	
6	9	2	4	
8	5	4	1	
4	4	1	4	
6	8	2	8	
3	4	1	9	
7	5	3	10	
4	9	9	4	
3	3	10	3	
1	6	2	7	
7	5	4	5	
7	5	9	8	
6	3	1	8	
9	6	6	7	
10	6	6	9	
9	9	8	3	
1	2	9	7	
5	3	4	1	
3	8	6	8	
2	8	8	5	
1	5	7	9	
7	1	1	6	
8	8	3	10	
1	9	9	10	
1	2	4	10	
6	5	5	2	
7	6	8	6	
4	3	6	4	
5	5	4	4	
10	9	4	6	
5	9	10	9	
3	7	8	9	
10	4	3	10	
8	4	3	9	
8	9	2	6	
5	1	3	2	
9	9	3	10	
1	3	3	10	
9	4	2	1	
10	5	10	5	
4	8	8	8	
4	4	9	4	
10	5	5	2	
1	2	5	4	
2	9	3	9	
4	5	8	9	
3	8	7	1	
2	7	3	1	
9	8	5	10	
3	1	3	10	
9	1	3	10	
2	2	1	2	
4	5	6	6	
10	3	3	6	
3	7	7	2	
7	7	1	2	
4	10	7	6	
5	7	1	10	
10	10	4	4	
1	3	10	3	
1	3	6	9	
10	10	4	7	
9	6	9	9	
2	1	1	7	
10	8	1	9	
3	2	10	6	
10	8	3	3	
2	6	4	5	
4	3	2	3	
8	7	5	3	
1	3	5	2	
2	5	3	7	
6	4	1	8	
6	6	6	9	
8	2	6	1	
6	7	1	9	
4	5	8	6	
3	6	10	1	
6	8	6	1	
8	2	3	7	
2	4	7	5	
6	10	10	7	
9	4	4	8	
10	5	4	9	
4	5	2	7	
6	4	7	8	
9	9	4	9	
8	8	8	8	
7	3	1	6	
2	4	4	1	
7	10	1	4	
9	4	9	4	
6	5	8	5	
7	7	9	7	
9	4	5	4	
3	9	8	5	
8	9	2	10	
4	3	2	7	
6	6	5	8	
1	5	8	9	
8	4	3	7	
6	9	1	10	
10	9	6	5	
6	4	9	2	
5	1	6	5	
3	4	1	4	
1	7	7	6	
4	4	4	5	
2	6	4	8	
8	8	3	4	
10	8	7	7	
1	7	2	4	
1	2	1	2	
4	3	7	5	
3	5	5	5	
10	7	9	9	
8	3	1	5	
6	8	9	5	
2	1	6	9	
8	6	4	10	
6	10	2	2	
5	8	2	8	
3	7	4	3	
3	1	1	1	
2	5	10	9	
5	1	4	3	
5	1	2	4	
8	7	7	1	
7	3	1	4	
7	10	5	5	
7	7	8	3	
3	5	5	2	
2	4	7	2	
2	9	8	3	
5	6	5	8	
6	3	7	2	
7	6	1	5	
5	10	6	1	
3	8	5	10	
1	1	2	5	
2	3	3	5	
7	2	9	2	

Stepup times between Families, where [f][f] represents initial setup time
On machine	1
45	50	45	12	36	10	30	36	50	16	47	42	43	12	35	8	33	14	24	27	38	22	27	7	22	29	35	9	2	17	42	49	50	15	21	22	13	31	19	22	34	29	2	12	43	31	49	35	9	3	35	5	9	20	19	29	21	28	5	47	
32	16	27	25	38	5	3	20	22	50	40	44	14	42	28	21	14	33	25	25	37	43	39	47	36	1	35	24	50	21	49	46	38	18	12	36	28	28	40	13	8	2	41	39	49	39	23	40	23	34	49	45	29	24	48	2	22	14	8	25	
50	14	27	49	48	22	14	26	25	2	18	4	29	40	45	6	46	48	29	18	37	28	35	16	41	49	22	40	15	16	29	41	5	43	1	27	49	39	17	46	3	4	25	48	23	46	24	44	16	13	32	28	47	13	23	3	7	6	30	6	
40	18	5	3	13	28	38	36	38	30	12	24	11	10	22	28	2	38	7	50	39	30	10	31	43	1	17	25	26	13	38	33	14	21	50	1	29	5	41	43	11	27	7	21	42	47	3	48	42	13	39	7	19	7	43	12	5	18	46	45	
5	3	36	14	39	39	28	30	42	40	50	39	5	19	46	32	50	43	17	22	13	1	23	24	7	36	12	34	12	41	5	31	13	10	16	16	22	18	7	29	31	2	7	3	21	17	44	34	21	3	18	1	48	31	27	32	30	25	20	30	
3	26	46	24	48	35	39	12	1	23	8	23	37	19	41	6	1	45	37	16	16	35	40	33	8	35	21	7	45	31	7	43	44	50	35	8	18	7	2	17	9	30	40	31	16	24	36	29	3	28	11	40	40	28	26	15	28	20	3	8	
34	42	47	19	14	36	31	7	46	40	25	3	39	33	47	30	30	48	24	5	12	20	41	41	14	2	6	8	42	48	50	27	29	30	37	33	20	4	42	19	45	13	12	13	47	22	9	19	10	35	28	45	5	25	22	29	30	28	40	43	
28	9	43	6	20	29	7	48	46	10	48	32	26	38	19	17	16	27	28	37	23	31	8	16	41	33	17	21	16	10	15	43	9	30	1	32	23	11	25	1	39	39	46	41	43	8	7	44	7	16	5	50	19	26	39	28	20	45	7	25	
22	15	1	24	18	49	14	46	22	42	46	21	6	44	21	31	14	33	23	44	26	33	16	43	44	16	5	8	41	13	1	4	28	9	38	5	2	21	39	34	41	8	30	25	49	9	48	49	33	20	33	25	10	15	37	48	19	42	38	15	
41	20	18	33	28	10	35	14	31	18	40	1	30	22	17	40	33	19	31	11	20	28	27	15	1	32	47	33	14	26	11	28	28	17	17	24	24	16	6	39	27	45	27	45	7	50	24	50	33	38	48	24	13	12	7	9	44	4	27	7	
3	41	12	50	47	34	31	12	30	23	34	35	18	36	21	39	29	6	33	10	1	48	1	21	22	11	2	1	4	33	1	5	28	43	3	26	24	37	6	25	24	30	39	7	46	43	10	29	19	20	13	3	19	45	2	7	37	29	24	9	
31	35	3	35	42	1	29	39	48	38	46	48	10	12	25	26	29	14	32	34	8	2	42	50	32	43	43	31	44	19	5	32	48	30	46	28	6	19	26	1	32	17	23	7	18	17	19	9	49	19	1	31	6	46	42	14	9	2	44	10	
22	33	14	36	42	30	6	40	28	50	10	41	38	50	12	1	28	2	17	26	48	21	26	5	1	30	44	14	1	18	49	9	30	7	39	30	27	1	49	34	13	42	24	33	36	49	40	19	45	27	16	7	12	33	26	13	28	44	48	43	
50	16	40	44	3	21	23	47	47	6	27	14	20	12	7	10	45	37	41	26	36	32	36	5	8	3	5	7	30	48	6	5	14	4	50	26	23	43	28	45	24	41	27	7	13	10	25	8	41	24	49	41	43	9	13	48	45	8	35	40	
15	29	39	21	25	39	30	2	32	3	50	3	36	33	24	48	9	17	24	25	46	34	34	45	45	30	24	21	10	44	42	44	16	27	8	25	11	46	19	49	1	15	8	27	31	45	46	31	40	27	42	25	30	37	19	24	3	47	11	15	
21	35	5	22	28	48	39	6	30	11	45	12	27	9	22	46	31	15	7	37	17	22	33	39	4	39	20	33	19	1	8	27	22	23	23	4	43	42	50	28	50	42	35	30	23	45	35	28	32	39	7	22	27	10	19	15	25	28	45	28	
30	42	28	18	34	18	49	7	14	47	7	12	49	22	5	50	23	18	23	2	32	38	49	35	4	5	48	11	27	38	13	47	6	21	47	48	10	8	4	42	2	13	14	3	35	20	25	24	47	36	32	17	21	19	25	48	25	29	35	27	
42	39	28	5	28	41	17	6	27	18	29	25	33	42	30	35	30	22	14	45	5	9	13	32	49	20	9	20	11	42	11	16	44	16	29	7	21	32	49	4	7	48	37	13	26	49	32	17	26	11	48	13	1	41	36	44	28	30	50	8	
30	35	15	45	35	33	25	34	21	12	41	10	38	37	41	20	48	48	34	17	35	3	39	39	39	10	40	10	33	49	45	1	10	12	5	29	15	22	33	39	43	26	42	17	50	6	10	35	5	19	20	8	10	28	17	35	31	16	19	43	
49	31	48	18	44	47	23	33	8	47	13	16	14	3	38	10	47	37	48	38	35	44	44	6	50	2	15	45	47	33	1	49	7	26	49	18	29	40	34	39	2	40	3	32	4	41	35	26	35	16	45	32	23	31	43	30	45	19	22	9	
25	12	37	1	15	2	5	14	32	15	3	7	29	11	43	30	30	15	40	34	12	40	44	10	44	44	30	27	38	23	44	4	10	25	11	22	25	5	12	14	24	4	50	20	49	38	24	25	16	21	19	38	50	24	27	23	3	41	1	18	
6	44	9	4	45	2	45	1	20	36	2	45	27	41	33	18	50	32	41	40	23	49	17	16	5	18	44	30	17	14	4	44	29	41	31	45	49	47	49	23	25	39	43	14	19	12	26	30	50	50	9	24	30	23	38	5	42	15	12	31	
14	3	25	43	14	20	23	20	2	22	48	43	28	11	6	46	29	30	9	13	8	2	46	30	17	1	2	35	22	13	41	13	50	1	37	20	41	22	41	13	30	27	43	12	12	13	50	10	40	25	45	44	15	45	5	37	7	39	34	3	
48	20	4	42	10	42	32	7	43	24	5	45	38	42	18	48	20	21	2	47	18	47	23	10	22	15	46	14	16	23	46	20	4	30	49	37	5	2	4	14	5	10	10	17	7	45	9	48	40	47	25	42	26	4	29	19	7	20	11	21	
11	9	34	35	32	37	24	44	43	47	2	32	15	36	49	31	30	17	26	14	23	45	38	35	31	28	5	40	10	47	49	23	45	16	49	3	41	45	48	15	43	31	11	38	20	23	40	2	29	48	44	7	48	27	10	39	19	9	13	29	
34	30	8	47	41	44	47	40	14	30	25	42	36	6	3	21	41	38	1	12	4	33	10	27	3	12	14	24	15	25	16	1	42	38	44	38	25	27	32	15	12	15	49	10	28	4	16	20	48	33	35	26	49	47	26	49	39	6	43	40	
10	49	50	14	43	39	26	39	9	15	31	24	9	2	45	41	39	42	47	9	5	25	2	10	20	28	10	22	21	46	29	34	20	6	35	29	5	48	20	25	45	24	26	18	23	28	31	33	18	18	44	40	7	46	12	3	1	2	4	2	
19	36	4	37	8	18	28	49	26	49	16	19	47	50	46	41	18	30	39	9	9	28	21	35	19	10	47	24	38	40	15	34	5	45	3	31	12	6	22	20	50	4	33	49	43	23	15	26	18	42	40	33	14	1	34	41	10	49	24	42	
21	11	41	22	42	21	31	6	35	26	15	8	45	43	39	30	36	4	19	48	9	16	25	38	31	36	4	50	5	41	12	24	18	3	28	29	21	35	33	45	6	28	39	24	45	14	23	39	9	7	3	39	5	32	6	37	23	6	42	38	
42	14	5	37	26	35	49	21	47	15	19	22	1	50	13	50	12	7	27	25	39	3	9	2	48	6	27	29	42	22	47	25	35	46	43	46	36	25	6	25	48	10	19	48	3	7	29	25	46	2	47	45	32	40	38	49	42	37	40	7	
9	10	12	6	47	30	24	17	1	21	42	42	37	50	5	27	28	17	13	30	35	8	46	46	37	7	24	37	36	35	15	5	31	26	46	13	33	6	31	25	35	23	37	44	33	16	13	21	35	27	7	20	4	31	26	15	50	42	39	40	
39	14	38	26	17	11	34	41	43	17	18	7	30	47	19	10	18	50	1	29	9	36	30	6	10	45	43	15	27	4	24	11	24	16	41	2	15	37	35	2	22	2	39	32	25	3	25	14	37	30	13	30	18	6	15	9	38	24	2	31	
4	29	25	9	5	19	48	37	41	23	12	37	11	48	37	17	17	7	7	35	26	48	14	4	19	50	36	20	32	38	15	39	8	4	36	31	26	15	27	8	1	26	29	11	10	28	7	33	1	2	8	9	6	14	3	25	35	47	15	8	
16	7	30	6	31	31	10	34	30	28	14	4	45	13	6	41	32	28	1	27	29	48	22	11	36	48	36	42	14	22	16	13	9	1	12	7	25	47	19	50	48	14	12	46	23	35	28	26	36	48	49	32	35	6	27	26	38	10	33	27	
19	34	36	32	8	22	14	39	21	34	33	32	25	29	30	21	25	26	38	31	22	42	10	11	33	17	42	45	14	3	7	21	3	43	8	40	5	5	46	43	44	26	31	24	19	12	48	35	35	19	31	17	7	43	24	32	9	4	37	1	
11	49	20	31	34	4	20	32	1	14	14	46	30	37	25	47	15	31	28	20	5	10	19	34	14	17	3	50	31	6	15	15	36	16	38	32	9	25	48	45	29	31	49	19	44	15	14	25	8	8	7	47	26	14	18	39	29	26	9	50	
29	31	24	36	24	40	12	7	33	8	16	22	13	38	49	24	13	39	38	11	42	7	3	46	19	29	34	12	36	36	11	3	9	14	6	16	38	39	18	16	8	25	22	16	26	49	2	10	39	4	31	10	15	32	42	2	31	48	7	11	
10	9	30	6	23	24	44	32	4	45	46	38	46	46	15	19	15	6	46	19	24	38	22	38	14	29	18	44	24	50	29	11	22	7	40	47	34	17	8	3	24	8	7	31	6	39	16	30	40	41	22	37	45	36	5	50	42	16	42	6	
20	41	12	19	39	7	33	19	17	40	20	22	31	24	1	24	41	38	47	21	24	11	42	33	5	38	11	24	23	40	49	12	2	32	41	9	37	1	23	8	9	29	22	6	50	26	45	37	30	25	50	42	50	42	4	42	41	18	12	15	
5	45	27	29	15	31	33	33	40	48	9	7	22	14	7	42	19	40	13	31	49	35	22	28	10	41	26	14	12	2	42	17	46	28	46	11	47	44	28	16	14	7	28	32	32	27	8	49	3	45	43	25	2	30	11	10	31	18	46	29	
24	10	12	13	20	31	34	25	1	26	18	8	35	30	21	40	12	16	9	44	31	20	30	10	37	23	3	40	9	44	39	6	47	46	48	46	24	1	18	6	6	31	14	12	31	27	43	46	25	10	32	9	6	37	40	3	46	11	35	26	
11	5	48	23	26	17	32	15	5	43	17	32	16	47	32	45	50	32	27	37	49	1	33	11	12	8	20	12	3	36	17	3	24	42	36	27	36	39	29	43	33	49	13	7	4	42	40	26	40	1	2	26	5	36	5	12	27	38	28	32	
40	28	42	13	2	21	5	45	28	15	13	28	44	10	14	5	15	18	25	16	7	19	5	17	8	6	31	12	42	32	50	2	33	44	26	19	40	11	25	8	32	46	38	39	16	12	10	44	23	8	47	50	20	17	7	1	39	19	27	18	
8	30	33	1	4	43	1	12	14	30	33	37	24	14	31	22	38	13	13	13	49	12	14	23	12	33	32	30	18	35	11	47	36	37	37	48	40	31	40	21	27	29	9	29	10	17	24	28	30	32	20	13	40	41	25	33	22	48	26	14	
29	22	25	37	50	37	12	20	50	31	49	31	42	20	15	21	32	20	46	19	20	3	16	14	22	15	12	21	38	26	2	32	3	40	44	1	36	50	11	34	41	15	22	5	35	19	48	40	22	50	21	10	17	14	39	27	49	9	30	34	
43	31	12	25	11	8	48	11	43	42	8	47	49	21	22	44	13	38	12	22	47	39	35	26	40	45	13	42	22	19	35	11	43	41	26	6	40	43	19	26	26	15	9	42	2	49	17	23	21	25	28	22	26	14	15	49	21	16	47	17	
32	39	21	15	46	20	17	46	2	35	8	16	8	17	45	25	43	37	41	42	21	39	24	10	18	33	39	32	32	22	39	38	36	30	33	47	2	11	29	39	24	15	7	22	18	29	46	7	23	17	1	40	34	21	42	6	29	6	22	5	
48	45	23	28	49	16	21	4	18	22	42	19	5	35	37	13	48	47	31	11	41	24	22	15	45	1	31	44	7	41	34	7	15	12	50	3	33	36	37	17	18	28	39	32	45	27	46	43	38	16	22	46	3	38	20	21	12	2	43	40	
1	44	11	30	43	39	46	4	10	16	20	13	2	40	23	7	36	21	30	26	37	17	9	47	16	8	23	37	9	48	16	11	46	5	30	41	4	35	50	27	17	45	13	40	33	26	50	20	31	14	8	3	4	24	3	7	9	31	19	16	
5	9	5	7	15	44	33	17	47	42	44	9	31	7	10	21	16	12	30	19	31	20	50	18	11	15	36	9	26	17	12	18	11	9	7	37	17	33	36	5	17	2	42	13	8	10	11	3	19	16	23	26	26	14	31	40	43	46	39	8	
22	46	43	42	2	18	18	36	44	7	38	48	18	25	47	24	37	20	32	7	41	28	47	18	7	26	13	12	9	9	4	22	13	10	7	46	45	38	6	10	30	50	29	24	20	50	15	17	11	5	45	42	19	13	1	47	23	49	6	19	
17	43	15	34	25	35	36	12	20	4	39	27	42	30	29	4	17	13	2	43	24	50	41	14	25	8	8	44	35	39	47	2	1	19	3	10	49	14	46	29	19	34	25	38	19	13	49	50	32	39	21	25	13	21	47	46	3	45	26	23	
47	4	20	26	8	43	30	34	3	3	8	28	29	9	39	10	33	31	37	47	1	13	19	13	22	13	45	20	32	7	17	43	13	50	33	30	28	32	12	17	45	6	48	42	47	14	12	43	31	46	24	23	36	21	15	26	14	44	1	13	
47	10	10	3	26	17	27	45	11	40	50	42	19	14	40	36	15	27	42	17	22	8	32	9	12	31	29	12	42	23	37	23	47	48	9	42	45	8	1	9	41	17	2	1	40	29	49	10	38	30	49	15	44	44	31	32	32	43	1	41	
38	48	22	19	23	37	32	25	19	43	1	13	7	13	26	41	25	39	8	38	13	33	21	29	31	48	14	22	26	7	27	38	13	11	19	48	15	35	36	3	48	7	47	44	29	43	33	2	26	28	38	21	36	32	49	10	42	11	11	16	
37	38	35	22	22	6	24	13	21	23	49	39	21	50	29	45	40	5	23	31	18	13	8	31	44	20	30	13	16	29	35	28	17	33	42	3	13	26	3	9	20	7	16	19	6	25	3	15	47	46	45	30	44	44	31	1	19	23	28	1	
4	7	40	45	35	38	18	27	16	9	42	2	33	46	39	16	22	12	16	9	7	44	41	46	16	19	18	34	24	13	11	31	1	3	46	29	30	14	37	1	5	12	28	33	26	17	2	33	24	26	15	28	50	46	17	44	35	21	50	7	
32	15	1	47	45	24	10	45	26	41	23	41	44	26	39	2	46	40	28	41	50	13	34	25	22	10	32	20	17	28	30	25	25	3	19	34	38	22	30	36	6	9	7	32	16	19	19	14	14	21	29	23	17	20	45	45	43	12	2	3	
39	20	30	14	34	31	47	34	11	18	16	1	13	12	37	3	8	47	49	35	18	30	13	16	49	41	40	26	47	29	11	1	22	7	42	7	50	19	45	33	3	48	5	13	35	40	15	5	7	28	46	35	1	23	31	33	3	5	26	9	
12	48	28	29	48	1	10	28	5	36	48	4	50	15	49	38	27	33	14	33	28	14	18	22	6	17	19	9	44	18	18	13	29	27	28	25	46	27	15	10	15	50	43	45	49	17	6	9	46	32	23	18	45	20	21	35	17	29	13	23	
On machine	2
2	23	18	45	31	39	3	50	21	40	25	25	38	29	20	30	9	22	35	8	2	39	24	3	8	13	48	16	17	11	6	41	14	29	12	22	47	36	17	41	39	18	10	2	43	24	37	3	50	28	50	36	28	23	45	18	35	7	15	45	
45	12	8	38	47	41	38	32	19	38	2	7	12	48	27	12	44	47	10	35	3	31	16	19	6	7	21	34	19	1	4	1	7	28	50	47	15	30	40	20	48	47	12	33	49	20	19	14	17	32	1	18	11	30	39	8	9	39	40	47	
29	7	3	12	49	23	2	5	25	50	31	8	48	47	50	26	17	18	20	45	1	23	14	23	28	50	37	42	6	39	44	47	14	35	1	17	48	11	48	11	28	40	42	41	28	22	43	1	45	32	8	13	9	18	5	8	5	39	5	39	
29	38	25	39	34	15	41	11	27	20	47	19	36	16	9	3	7	20	3	14	24	10	6	33	35	26	16	4	33	22	39	34	19	49	46	12	27	21	22	31	1	11	7	38	26	46	6	21	49	39	46	12	24	6	2	30	17	6	25	4	
36	23	18	25	31	6	8	38	46	30	5	38	12	24	11	20	14	14	22	10	49	9	24	32	7	18	40	49	24	2	46	1	30	18	30	15	29	4	15	1	34	14	13	50	18	2	23	10	3	20	37	9	25	43	38	33	18	29	48	31	
31	5	14	18	28	31	29	32	7	3	21	6	45	14	35	6	19	6	47	40	14	26	15	35	12	1	49	18	42	35	23	1	13	39	34	1	1	16	38	25	36	17	38	35	34	19	44	41	25	36	22	33	19	14	7	26	19	11	17	30	
29	34	20	48	19	10	14	19	36	11	21	21	33	20	9	7	10	49	3	42	44	36	40	20	33	28	19	9	18	15	6	34	4	4	27	31	29	38	30	12	27	39	22	35	25	4	1	17	16	44	44	41	12	24	47	40	50	32	4	21	
26	5	34	4	4	7	34	33	17	43	47	17	33	32	44	24	17	11	34	36	2	34	1	8	39	22	42	22	25	3	28	5	6	37	4	5	31	35	37	12	34	13	47	8	21	27	9	2	45	47	28	21	50	9	13	39	1	31	27	36	
25	13	19	46	44	35	21	5	12	32	15	15	27	33	20	32	23	9	19	40	35	19	25	5	49	50	20	32	33	34	22	7	42	26	42	17	29	20	16	20	18	5	5	17	21	3	1	44	14	8	39	14	30	45	20	15	22	22	50	34	
16	49	4	3	1	10	21	19	19	46	48	17	49	46	9	13	18	4	4	26	30	42	45	27	29	32	29	29	14	41	50	27	9	9	49	50	17	43	42	5	25	17	18	7	20	8	3	22	50	21	39	11	35	6	22	25	30	47	18	38	
3	22	3	50	48	12	22	29	38	43	32	6	46	33	45	6	17	49	11	23	27	32	23	29	8	47	6	21	8	26	24	37	42	43	47	19	32	38	41	47	37	34	4	28	16	30	34	6	45	4	17	1	1	19	8	31	19	27	35	42	
48	1	23	11	13	48	23	6	19	49	42	34	31	17	40	12	6	40	46	6	31	43	16	48	22	42	49	41	14	7	20	18	30	22	22	39	27	33	38	4	15	7	32	24	34	28	10	45	23	13	41	28	35	2	47	45	18	15	40	10	
25	47	5	4	15	39	39	22	39	6	39	20	4	7	7	16	39	1	36	2	11	45	1	17	24	16	50	32	23	45	7	11	37	5	21	46	38	31	38	1	33	10	10	28	27	23	26	9	28	36	10	32	16	1	12	11	30	15	17	27	
9	26	33	39	37	23	22	49	33	10	22	7	18	19	36	30	24	14	27	15	38	49	7	44	26	25	27	6	28	48	9	29	49	16	18	19	34	41	10	21	24	6	15	33	36	4	39	19	29	39	26	47	38	4	46	17	3	46	5	35	
5	16	28	37	20	37	2	8	34	15	46	31	34	13	8	41	4	42	11	41	21	18	46	48	20	49	25	40	43	43	40	7	27	29	6	3	37	29	6	29	7	31	6	22	46	39	49	16	33	15	49	21	39	43	31	47	47	12	34	8	
20	38	30	22	35	17	16	35	46	46	25	6	48	45	22	25	21	28	36	23	49	47	15	4	17	48	25	17	47	38	29	41	46	7	9	2	36	8	50	18	37	10	26	8	14	26	9	31	48	20	20	13	3	38	13	45	20	7	11	4	
41	21	3	16	3	9	28	30	44	28	1	44	13	7	4	40	41	6	23	2	43	5	41	45	8	8	12	23	5	19	25	26	12	2	39	16	47	32	13	44	38	19	3	26	37	37	50	19	44	23	36	43	2	5	7	36	24	39	22	5	
38	19	3	26	4	42	35	16	26	13	40	37	41	25	20	4	49	18	19	16	14	23	43	50	16	43	29	43	18	47	1	18	37	9	38	42	8	47	45	15	40	42	6	46	33	17	43	42	38	1	20	10	3	40	22	6	4	21	6	14	
41	15	16	46	25	2	39	45	5	39	25	19	44	38	24	48	31	19	10	8	49	16	50	6	10	20	24	41	26	40	5	38	33	21	49	26	39	48	8	18	27	25	19	23	7	35	18	28	38	3	15	30	27	11	41	32	28	11	19	2	
27	37	29	44	48	13	19	27	12	43	25	34	45	24	4	49	26	17	40	26	40	21	39	45	8	48	47	3	29	6	43	14	40	29	37	1	37	19	36	34	19	1	46	6	46	24	15	24	43	36	17	23	33	9	32	42	40	25	4	46	
28	1	41	9	47	47	38	4	9	15	40	28	48	14	27	5	42	26	2	50	44	22	11	25	42	5	28	38	34	19	5	10	34	3	9	26	7	7	31	20	21	11	12	28	31	29	44	42	9	48	39	36	28	42	20	13	36	23	2	25	
29	21	45	2	21	24	26	41	7	40	13	24	19	33	34	27	31	4	47	37	48	24	15	15	4	38	46	23	46	33	30	48	6	43	40	19	23	39	30	29	11	24	6	31	35	6	26	10	17	46	33	29	8	18	46	44	8	27	44	32	
28	14	39	30	13	40	6	48	49	18	25	14	13	22	50	50	23	18	9	18	25	16	21	37	32	28	42	4	25	36	3	11	24	48	46	14	3	22	17	34	42	20	34	31	20	28	3	9	36	8	26	35	50	50	18	2	21	18	40	1	
14	39	37	49	12	14	20	21	10	9	11	48	35	31	3	39	45	1	26	45	34	49	21	16	47	38	34	19	9	18	28	44	47	32	42	47	18	43	15	43	17	39	33	16	40	20	30	21	1	33	23	21	41	41	12	40	2	2	15	45	
40	7	27	38	41	21	18	29	50	11	40	15	27	18	30	19	15	43	46	48	25	35	40	22	10	40	47	46	28	28	6	9	1	41	35	26	41	48	18	24	38	46	22	9	10	30	2	50	30	33	9	20	3	25	19	41	37	29	16	11	
16	17	12	12	41	17	30	24	19	2	2	5	10	7	11	42	45	28	21	6	31	40	39	22	29	28	18	43	33	39	42	4	16	20	38	18	6	8	13	26	10	37	44	17	40	34	5	20	42	44	40	28	10	16	15	16	28	14	50	37	
31	6	20	18	45	23	40	6	35	23	4	12	27	24	39	13	9	50	25	38	2	13	23	43	21	21	49	5	17	40	42	5	47	11	14	3	43	23	48	38	29	15	25	22	10	1	6	50	14	47	15	1	8	34	12	22	26	25	40	49	
26	20	31	16	8	16	40	48	31	18	8	12	32	42	35	1	11	35	13	33	28	12	31	35	34	17	42	27	5	21	42	47	48	26	39	19	49	3	20	2	40	6	38	49	35	7	15	23	13	26	32	49	3	49	38	9	35	48	47	7	
28	36	43	8	32	22	38	49	21	30	41	20	14	31	9	14	41	29	29	11	37	43	7	33	33	28	37	47	44	34	50	4	9	2	4	12	44	26	21	49	32	11	48	31	24	24	46	27	28	28	15	37	22	16	32	7	13	49	31	50	
35	4	27	4	44	42	19	14	45	3	38	38	40	4	5	38	1	27	6	17	20	23	27	43	30	10	3	16	42	14	40	8	49	18	22	44	36	32	19	28	2	32	3	7	10	1	10	18	7	49	38	16	24	10	7	43	26	39	26	31	
3	6	42	50	1	37	18	5	22	32	40	23	31	45	19	6	19	11	49	5	48	34	40	3	33	41	16	29	41	32	3	13	36	7	33	15	37	33	47	41	10	46	38	11	10	35	28	40	10	38	27	8	40	37	50	44	10	30	1	16	
45	15	44	13	14	14	11	16	11	14	48	14	9	48	2	7	26	46	3	39	29	5	4	41	45	32	6	10	22	7	50	39	13	18	41	40	50	8	11	36	26	2	13	43	36	42	12	22	12	40	10	26	26	19	6	45	37	25	17	20	
19	1	13	47	1	13	24	29	4	33	23	4	9	1	34	6	37	49	14	5	47	39	11	11	41	28	18	50	50	18	30	25	11	22	18	42	10	30	29	33	47	3	21	37	19	1	10	18	37	3	41	11	2	37	11	45	40	40	39	43	
46	17	9	38	19	17	40	15	33	37	43	36	29	41	49	41	7	34	7	20	36	25	17	6	43	39	46	23	39	36	41	35	35	7	22	31	44	9	8	3	44	28	39	41	10	8	38	15	19	22	13	11	17	30	28	41	34	1	10	45	
11	49	48	30	50	20	26	45	30	24	42	13	11	40	42	44	15	30	6	32	31	48	16	30	3	18	37	30	16	10	46	16	45	49	39	17	6	41	45	14	50	4	28	26	29	43	34	31	42	46	41	21	28	10	25	38	32	37	40	24	
22	39	4	2	20	29	26	48	46	4	39	16	3	35	4	48	7	7	29	11	19	44	50	3	9	23	5	40	35	20	2	17	48	36	16	8	12	7	27	30	22	22	40	44	3	27	14	10	46	16	48	19	38	14	8	37	32	38	38	14	
23	26	11	42	21	7	3	30	44	27	30	27	16	41	15	43	39	13	3	48	43	40	29	13	16	26	31	10	18	13	42	43	14	37	3	24	24	14	24	5	28	17	38	46	5	25	19	41	30	14	20	7	22	27	32	6	18	16	1	12	
34	32	7	35	27	12	23	27	7	45	5	42	45	39	31	14	26	3	24	24	6	34	19	39	37	43	34	40	30	36	5	44	20	36	40	10	20	45	17	22	29	44	26	44	30	35	37	50	12	1	24	21	7	40	38	3	37	36	18	42	
11	36	49	13	19	3	4	3	34	28	14	21	41	27	21	18	19	13	38	1	24	44	17	34	38	30	34	14	31	19	2	2	20	18	41	14	26	6	47	47	50	19	2	31	11	7	10	30	37	16	6	49	50	42	50	38	12	4	37	47	
5	38	40	11	3	28	45	20	39	7	21	30	32	42	17	44	30	12	47	19	42	14	44	1	40	20	13	15	22	10	43	15	44	20	8	40	9	15	8	42	46	11	46	12	1	33	50	9	20	2	28	49	3	32	43	41	25	32	24	27	
5	13	39	42	7	10	32	15	24	41	49	1	48	6	45	14	43	34	15	21	34	37	14	9	47	7	34	27	42	18	30	15	9	23	45	37	49	32	27	31	5	38	42	20	24	48	16	12	5	45	24	27	27	27	20	25	48	7	49	34	
9	32	22	40	10	19	50	5	2	14	42	16	25	46	9	36	49	7	35	5	42	23	44	2	43	28	49	50	9	20	4	37	25	10	20	10	49	45	34	21	14	27	33	15	50	29	14	39	21	4	21	17	25	48	47	41	13	32	39	27	
27	47	38	46	12	39	40	13	39	44	25	37	6	28	6	18	39	10	36	44	9	21	27	16	50	24	21	18	17	42	31	40	42	37	9	13	23	35	37	26	44	22	42	11	31	5	2	34	17	14	26	40	16	43	27	4	9	31	45	24	
12	30	5	10	9	40	9	13	39	49	19	49	35	23	19	23	16	29	37	20	48	17	22	22	48	4	13	13	6	37	31	13	15	17	41	5	41	5	21	31	18	13	48	41	13	35	32	31	1	36	27	15	46	40	32	13	2	3	48	10	
3	36	28	45	24	6	22	28	30	44	29	41	13	42	4	1	40	12	4	48	24	12	5	38	18	21	48	20	20	18	48	42	30	28	40	37	46	29	6	27	32	3	50	20	41	34	38	32	7	43	34	44	14	7	29	30	15	32	18	32	
7	49	15	43	6	40	5	12	34	40	47	19	28	12	28	12	25	33	21	35	31	48	18	46	14	21	25	40	50	7	23	5	10	39	23	20	30	48	34	36	18	18	39	33	47	31	37	27	23	2	27	11	44	44	12	22	9	36	4	40	
30	32	2	38	7	49	27	41	31	29	3	45	9	14	47	20	8	36	6	1	47	33	48	5	2	49	34	18	48	35	30	11	41	41	27	39	2	7	43	46	45	11	29	6	42	6	20	39	46	1	37	27	12	21	16	3	8	48	30	29	
39	44	6	20	47	35	8	39	30	20	15	13	9	17	30	3	15	27	28	4	39	2	29	7	21	6	30	14	45	39	7	32	20	46	38	14	41	10	38	26	19	32	29	14	31	19	44	13	7	3	27	38	25	46	8	16	8	47	41	5	
4	37	48	7	42	34	14	12	10	49	1	10	39	47	9	14	19	42	46	37	20	28	27	39	39	3	30	4	2	32	8	47	38	38	23	40	12	34	47	19	34	33	33	11	44	23	26	11	43	38	30	36	23	46	23	45	28	13	24	24	
10	35	4	41	29	3	18	12	22	40	17	6	8	20	3	40	43	14	23	15	46	46	10	23	41	15	48	31	32	10	38	43	48	8	26	6	5	30	7	43	37	42	7	27	3	10	7	29	13	6	17	30	36	16	37	21	48	43	21	20	
2	16	26	44	31	39	7	5	37	44	33	24	18	16	7	13	33	25	34	20	4	3	24	43	49	37	31	13	45	2	29	35	37	29	21	10	48	13	30	10	8	5	11	42	39	17	3	34	45	43	4	29	46	23	14	39	32	21	50	34	
10	50	33	11	25	35	37	22	19	48	34	44	12	20	25	18	50	32	42	22	44	5	31	25	15	17	24	35	12	22	3	48	16	42	8	38	22	15	46	43	9	11	11	27	40	16	43	37	50	1	2	10	28	19	20	9	29	33	2	50	
5	2	4	22	32	44	37	14	41	35	15	3	24	50	39	50	41	30	7	5	27	7	15	11	45	4	45	30	5	4	24	50	14	11	50	33	4	12	37	44	44	9	26	11	5	14	32	45	43	33	25	49	15	6	34	39	18	20	32	1	
48	13	23	13	28	44	15	46	41	30	46	42	15	49	16	31	45	49	7	17	39	15	42	41	14	28	33	20	15	50	30	24	15	37	35	42	19	44	17	22	44	14	6	9	20	15	27	19	8	19	1	47	12	11	43	8	15	25	36	19	
48	34	3	39	21	3	31	27	19	9	1	6	27	30	40	22	22	37	49	2	45	3	22	7	42	41	28	38	36	14	6	10	25	21	39	31	10	27	39	35	25	46	45	39	35	44	50	34	23	7	31	3	24	41	46	38	37	37	3	4	
44	23	23	36	15	45	27	6	36	32	19	5	7	33	46	15	19	37	48	20	8	33	37	12	40	12	21	10	34	1	43	39	30	33	6	19	16	23	43	27	15	27	2	2	47	42	10	21	11	37	7	28	6	7	5	15	30	8	44	18	
14	47	28	50	17	6	27	21	5	37	14	17	26	38	40	13	41	15	37	36	6	40	49	47	4	2	20	3	13	18	4	8	20	41	36	36	1	5	44	41	49	36	26	19	26	6	21	34	46	24	4	9	41	6	49	41	4	4	29	10	
31	50	39	7	2	29	4	35	12	22	50	8	48	14	27	36	14	1	18	16	30	39	39	49	48	13	21	32	36	5	41	23	42	8	41	10	47	41	20	24	22	35	27	20	13	35	42	14	2	29	10	35	40	15	22	39	39	17	29	29	
24	5	3	7	32	14	24	6	46	37	5	39	27	33	24	15	13	25	11	16	14	28	43	42	31	20	20	36	3	28	44	21	18	42	20	15	29	4	2	42	19	30	7	26	43	23	29	10	14	48	11	18	37	33	35	29	6	23	5	35	
7	2	36	47	32	48	45	42	41	47	10	20	19	42	36	34	41	29	16	9	47	8	42	19	50	12	4	43	29	41	15	9	13	27	47	44	10	43	1	7	21	27	3	33	38	1	11	4	6	40	44	39	47	33	20	7	28	32	26	7	
On machine	3
10	40	29	20	46	10	22	50	36	24	33	3	32	28	7	32	15	47	2	2	1	42	25	39	50	46	16	13	5	28	8	17	17	20	9	1	5	1	9	47	8	23	5	30	1	47	48	26	37	36	31	50	48	39	29	16	17	37	38	6	
49	46	31	10	16	26	36	13	7	21	42	6	35	20	19	27	28	20	41	45	12	22	7	11	18	31	4	39	39	26	46	30	34	36	43	44	15	37	50	23	38	5	26	25	24	29	43	43	47	22	22	31	35	11	11	41	5	4	41	32	
32	17	19	3	30	8	14	6	19	19	21	4	4	4	50	39	4	44	50	33	1	20	9	46	36	22	8	31	6	8	33	10	44	48	40	2	37	26	50	38	13	29	42	39	2	47	10	9	37	25	35	26	11	6	9	42	50	23	33	17	
2	7	40	45	34	1	48	25	15	18	24	23	4	45	25	49	7	20	34	37	9	16	26	7	44	25	50	18	30	34	25	45	27	33	30	34	1	46	13	13	34	26	33	16	32	43	2	48	40	2	8	11	7	9	7	39	9	3	46	6	
16	19	43	42	24	50	34	47	46	33	45	45	30	11	9	48	47	29	6	21	49	4	32	34	40	44	46	37	28	49	28	15	5	44	30	3	13	19	44	45	9	43	40	10	12	13	34	8	46	11	46	13	45	40	12	28	14	46	48	13	
35	1	33	29	38	41	37	40	27	2	48	47	44	38	46	3	21	4	16	40	16	45	10	7	49	21	28	6	32	17	41	10	9	18	19	22	17	40	30	25	9	43	9	44	49	35	16	43	40	10	8	29	10	35	10	46	9	5	6	21	
5	14	1	38	7	23	8	41	13	37	31	3	47	50	7	21	34	45	22	23	15	49	42	35	39	19	10	29	3	18	30	19	23	24	45	45	45	1	16	9	15	27	46	12	10	49	26	32	5	29	6	28	18	43	46	43	29	48	12	29	
22	19	34	36	23	16	22	32	6	5	22	4	45	18	36	43	41	13	35	26	44	28	44	32	38	10	37	11	30	8	33	43	49	46	41	14	50	21	22	28	10	23	30	44	4	5	48	47	14	47	9	24	9	6	17	16	2	4	35	34	
43	15	34	42	45	22	8	3	46	11	1	19	30	4	44	8	18	31	17	17	30	9	40	5	26	18	11	35	36	26	31	37	5	37	5	22	34	1	31	28	32	49	20	30	27	16	21	30	28	16	26	16	17	18	10	20	28	3	46	36	
43	38	32	32	40	4	46	50	2	38	6	18	5	33	45	45	11	40	7	17	1	36	2	35	34	44	33	32	10	19	29	40	36	10	21	3	11	12	36	3	13	17	4	15	41	26	8	21	1	42	33	34	15	12	20	3	14	21	13	22	
11	5	21	6	9	36	28	49	43	45	31	14	37	8	9	12	26	10	29	22	48	35	33	22	44	31	7	42	25	1	3	15	17	13	34	3	33	32	39	2	26	46	35	26	14	9	31	45	29	12	15	37	9	34	9	44	41	13	48	27	
4	50	48	44	24	47	36	25	39	6	28	21	24	25	7	34	8	4	30	44	23	27	28	29	22	47	38	3	18	27	11	29	24	34	42	15	39	41	28	19	3	24	1	5	16	7	43	11	43	42	1	9	33	13	10	49	37	35	28	28	
49	23	2	39	31	1	1	7	49	32	2	41	32	9	4	11	39	22	9	5	23	50	45	31	42	11	29	26	49	8	8	3	4	35	10	40	19	14	9	7	35	48	16	7	25	39	19	18	28	9	22	17	47	12	16	8	8	31	21	10	
27	27	14	21	32	45	1	21	42	1	21	24	3	8	48	4	26	19	31	49	12	24	3	26	24	5	36	49	7	46	25	26	25	28	14	33	40	19	3	49	14	7	44	47	27	42	49	29	42	25	9	31	27	8	28	31	27	39	31	32	
40	10	50	22	20	4	29	44	32	35	3	12	15	27	24	47	3	47	2	14	39	12	47	35	45	29	25	41	38	24	30	12	34	10	23	6	35	26	5	35	8	23	3	19	17	4	25	11	8	1	31	5	32	18	3	19	9	42	24	7	
1	2	50	34	49	3	44	39	20	49	2	13	12	12	10	42	16	9	29	26	29	34	26	35	42	32	24	50	46	35	43	50	23	15	25	33	34	38	47	46	24	42	1	39	47	44	4	41	28	2	7	10	35	3	15	30	7	36	46	35	
22	41	33	1	3	2	11	2	22	16	3	50	20	41	40	33	13	12	31	15	7	40	1	46	17	35	13	1	20	1	37	7	36	10	21	15	4	35	32	6	3	39	20	6	44	47	21	38	38	43	6	41	21	8	17	32	49	22	3	41	
41	11	4	39	13	26	17	4	48	17	33	22	46	40	26	22	9	26	21	4	11	9	17	49	50	30	22	38	31	37	42	45	25	33	25	40	39	3	15	19	23	23	30	14	17	14	50	48	23	43	16	6	1	16	22	11	33	41	45	39	
25	20	17	32	33	13	10	35	47	7	32	3	23	17	39	19	25	29	44	25	43	16	39	46	34	37	26	26	41	9	26	36	21	9	41	13	43	33	44	14	28	49	40	5	6	3	15	49	23	44	11	19	46	6	40	9	18	25	46	14	
19	2	1	21	20	40	43	41	24	39	43	30	2	24	41	2	42	13	16	28	29	7	41	31	44	44	5	28	40	34	47	34	11	20	31	41	3	1	22	7	27	45	48	26	22	28	46	23	29	15	17	27	18	42	26	44	26	22	9	23	
46	17	28	22	1	45	26	36	8	42	31	45	26	43	35	31	13	2	17	25	7	23	50	19	45	30	31	44	22	3	12	19	8	22	14	38	4	42	36	3	41	47	28	42	12	11	30	22	29	8	36	4	32	1	47	10	26	7	4	37	
11	45	9	38	48	35	14	31	49	23	29	12	16	2	5	48	50	42	16	44	6	34	4	27	19	28	29	32	9	18	30	46	32	43	20	5	45	36	21	42	2	35	8	6	6	20	23	1	18	8	11	36	37	38	26	25	11	34	2	42	
14	19	17	43	2	49	11	36	44	25	50	33	50	39	32	4	49	31	48	28	38	35	19	9	31	8	44	31	11	45	7	38	9	47	21	29	47	40	5	20	47	14	3	44	18	43	45	16	43	16	16	16	31	27	47	32	37	34	2	20	
21	37	10	5	40	24	39	7	27	21	14	8	2	18	34	20	12	27	13	7	15	22	32	41	38	24	41	33	1	19	14	23	33	36	23	40	15	38	19	25	26	45	14	2	5	11	17	31	47	13	34	17	4	9	20	36	36	44	29	27	
16	47	14	17	38	50	33	26	18	39	29	5	20	15	38	48	43	40	45	36	20	9	45	43	24	3	41	25	26	9	14	5	15	39	23	45	19	19	30	26	47	47	38	41	5	1	22	35	14	46	33	4	19	38	22	9	36	47	29	10	
4	1	11	16	46	10	30	46	23	48	36	3	44	45	42	1	14	20	20	3	30	5	48	24	31	20	5	40	31	32	48	42	28	25	50	31	18	10	29	34	20	25	48	50	9	15	31	12	44	40	39	5	32	41	41	13	31	10	9	9	
7	50	3	3	1	25	35	47	1	5	16	8	32	19	29	15	10	36	36	40	38	25	42	48	1	8	21	26	47	12	33	39	44	38	36	31	22	21	49	1	25	42	42	45	5	3	32	1	22	10	43	26	48	6	9	47	19	30	13	10	
11	45	47	33	33	36	23	18	49	25	38	21	35	48	9	46	27	7	43	40	14	30	3	48	24	50	42	43	24	12	30	37	40	7	21	48	23	46	27	49	21	17	42	40	35	23	39	18	20	33	18	50	21	42	8	34	25	50	43	31	
19	3	3	14	7	1	32	49	47	22	16	50	1	41	29	16	5	40	9	24	48	16	5	8	35	40	16	7	6	17	4	32	34	43	36	30	17	23	10	42	42	16	24	20	33	45	42	19	25	29	29	23	35	33	30	17	26	17	40	40	
32	47	2	25	25	31	49	8	48	22	3	24	46	46	8	33	24	2	44	34	50	14	33	9	3	36	44	17	15	47	48	9	13	32	30	44	30	33	3	17	13	28	27	14	39	11	12	2	4	22	34	44	47	3	20	1	33	2	19	6	
27	5	24	32	8	47	10	32	30	49	42	10	13	4	5	7	48	41	13	50	38	14	43	37	9	2	15	28	20	9	9	25	2	31	39	50	46	32	24	21	49	27	12	22	34	10	44	6	26	3	29	2	11	50	44	23	44	33	40	7	
33	3	8	6	41	14	22	29	9	45	29	37	44	46	50	23	17	42	41	50	19	44	8	15	29	21	46	23	2	20	23	47	22	8	9	50	7	24	50	42	34	22	35	25	44	20	44	8	34	6	21	40	24	6	43	13	49	47	8	13	
48	31	30	13	31	2	16	38	24	33	2	18	25	3	38	42	44	42	15	45	20	12	41	18	10	37	6	13	50	49	27	42	5	19	43	44	35	41	43	19	9	7	33	46	26	24	1	50	14	6	43	48	1	48	18	13	25	29	24	23	
12	13	21	35	7	18	49	39	33	31	47	4	45	50	14	35	48	21	11	1	39	23	24	30	20	42	41	11	50	8	15	24	35	6	26	7	21	32	7	35	20	28	19	44	36	11	32	40	23	27	23	22	44	49	9	36	40	11	23	46	
6	31	27	40	43	30	31	13	36	5	41	44	18	39	39	12	23	5	36	18	33	26	43	49	4	10	32	45	45	27	8	49	25	40	31	16	39	2	14	16	6	23	17	17	16	14	37	22	19	48	4	37	4	34	1	37	36	44	37	32	
24	44	12	49	3	7	3	39	21	36	3	37	14	48	48	47	41	25	14	47	48	37	38	36	21	49	11	3	20	41	29	25	44	12	22	30	15	19	35	20	13	46	15	20	1	44	24	1	1	4	24	32	48	18	6	14	1	1	23	36	
26	4	39	12	22	17	27	30	12	32	6	44	6	28	2	14	5	24	47	38	48	37	25	48	4	3	49	26	3	2	27	1	42	21	18	37	12	41	20	2	39	48	17	3	11	46	19	47	25	46	28	37	15	20	42	38	23	2	44	33	
31	32	9	49	13	23	15	19	38	34	45	50	39	19	39	46	24	43	42	33	40	37	29	23	9	39	43	35	46	41	37	6	33	17	47	43	50	50	37	33	29	42	16	19	12	44	42	46	17	12	15	13	4	7	32	6	18	5	6	16	
22	31	44	40	6	33	7	19	18	15	11	28	28	30	21	47	40	41	4	18	39	13	21	18	49	15	38	39	40	16	38	30	29	42	33	32	3	39	20	18	1	34	44	31	23	42	12	12	48	8	3	33	35	3	10	34	40	15	2	35	
1	16	9	48	5	17	27	11	8	9	21	7	7	8	5	36	47	25	49	15	41	10	5	36	10	22	35	23	32	32	48	27	25	30	15	4	3	43	36	41	18	49	1	25	41	29	10	47	25	4	24	33	49	43	46	46	33	10	42	22	
42	18	6	40	9	22	15	47	2	42	4	11	22	47	4	5	16	12	13	13	31	5	17	30	17	37	14	38	32	39	19	41	16	12	22	23	32	50	10	10	24	2	12	34	4	9	5	34	11	19	38	36	48	36	50	14	48	34	47	33	
15	45	1	45	46	32	12	17	14	20	18	26	24	5	45	15	11	19	22	25	12	43	14	7	5	6	6	32	24	14	45	19	49	14	18	42	18	13	15	1	9	5	29	4	29	39	25	33	32	15	23	32	37	26	2	45	22	2	8	40	
42	34	20	45	15	15	44	16	44	7	20	14	27	45	33	11	49	37	26	38	5	14	29	46	48	43	5	25	36	14	35	31	39	35	40	16	22	14	49	3	50	28	39	34	43	45	9	22	37	12	10	22	27	16	32	19	15	3	6	28	
26	29	15	42	49	9	25	29	38	44	10	33	6	24	50	46	23	39	21	35	7	32	5	4	22	3	28	42	40	11	32	27	48	49	16	18	35	43	50	5	11	6	6	43	26	13	18	9	31	50	37	21	20	10	29	24	45	7	45	15	
37	20	40	19	38	44	37	40	18	45	40	3	35	12	5	10	38	4	17	24	26	11	28	27	27	8	4	29	25	42	18	44	42	6	43	40	45	48	38	2	2	49	43	10	28	42	7	38	46	26	15	48	27	38	18	4	30	22	50	8	
8	18	2	39	45	50	40	19	24	9	25	17	15	27	9	16	24	8	2	14	48	41	39	12	30	15	16	47	20	28	47	6	31	49	37	25	21	8	35	23	48	11	29	23	32	45	25	4	17	22	15	8	38	10	35	39	11	23	19	41	
4	4	23	42	8	45	17	28	33	12	30	29	46	35	11	37	22	7	29	48	43	43	23	26	21	7	19	9	9	26	14	43	14	41	42	45	20	16	4	32	30	46	36	2	28	27	43	27	15	43	47	14	4	13	10	47	50	22	40	41	
38	37	17	36	46	29	44	33	36	37	31	14	26	10	15	17	16	50	30	20	6	36	43	35	43	24	10	26	49	47	5	28	40	50	19	11	22	41	14	45	7	30	2	24	49	16	13	37	41	31	27	1	12	18	14	44	35	49	43	9	
29	36	4	23	5	28	45	46	27	2	29	47	29	3	39	35	20	46	31	18	30	30	45	31	16	1	29	41	29	28	50	47	37	45	33	49	14	13	9	14	39	46	2	14	24	28	17	46	18	30	43	5	23	25	34	7	44	31	26	36	
37	17	43	16	39	29	22	7	48	47	25	24	50	13	29	24	46	27	49	29	24	10	20	16	19	22	43	21	18	2	49	30	33	16	34	36	8	20	39	36	7	36	46	47	27	1	30	48	37	50	1	42	4	49	24	15	31	13	10	20	
22	42	40	49	4	46	42	28	28	23	3	49	47	23	10	8	34	50	8	49	41	19	25	26	28	5	1	47	45	37	23	41	12	9	14	4	11	9	34	25	16	37	37	1	12	12	27	40	14	23	39	11	43	17	8	23	24	20	2	25	
49	48	9	47	16	28	22	37	15	39	20	14	11	10	37	22	7	6	6	34	18	3	33	43	24	28	8	16	46	34	47	10	22	49	16	23	47	4	35	28	14	21	6	44	17	10	15	45	36	12	30	22	44	6	19	27	43	18	37	14	
30	21	26	45	4	14	10	30	20	47	26	29	44	15	42	1	49	50	2	13	43	12	49	41	37	29	17	40	50	17	43	34	20	35	30	8	45	24	42	1	40	26	8	34	29	7	42	43	34	41	38	11	21	10	35	40	50	50	44	12	
47	5	9	11	40	14	40	37	29	15	2	27	9	45	42	46	39	7	40	25	42	49	25	30	5	38	28	18	30	49	44	30	27	30	6	46	42	45	39	26	45	37	16	25	39	24	27	38	6	29	44	21	40	31	24	49	43	14	22	22	
39	36	23	41	25	36	26	8	39	28	26	8	13	23	45	49	39	31	34	29	25	48	44	28	2	15	29	25	28	35	46	17	49	37	46	48	26	49	43	24	6	1	44	29	16	35	21	30	44	19	3	41	1	43	38	23	39	27	8	4	
12	30	35	48	25	44	11	10	6	31	39	48	12	10	48	19	29	20	11	3	19	50	26	3	49	6	38	33	12	23	26	39	46	49	23	11	48	48	21	47	39	5	45	21	5	39	17	38	41	43	7	47	4	9	14	22	47	12	13	15	
37	29	6	25	19	17	20	47	21	39	16	50	41	45	49	41	43	20	34	13	32	12	29	31	21	11	19	25	36	33	16	31	1	15	40	45	23	46	32	36	30	23	2	15	39	43	7	36	49	15	15	2	30	38	40	28	36	16	23	49	
30	9	7	30	6	3	22	24	23	30	40	15	3	18	44	2	9	33	10	50	36	38	32	32	41	50	38	41	23	21	17	20	14	44	28	8	33	31	16	29	30	9	41	30	34	47	22	38	49	25	5	7	15	16	9	41	13	3	38	23	
38	39	7	21	39	10	10	14	21	18	6	15	32	9	8	32	3	45	22	46	41	17	6	34	22	25	39	2	28	20	30	8	31	29	23	44	27	25	5	24	7	14	45	47	16	20	6	48	26	47	14	2	8	15	17	34	11	10	37	20	
5	9	18	49	28	48	10	36	23	8	47	33	35	21	8	46	7	47	50	46	30	18	37	10	38	36	23	36	40	46	20	34	31	43	13	42	1	8	21	5	3	43	27	34	17	21	3	40	15	10	15	13	32	10	6	11	25	12	2	6	
On machine	4
15	21	21	43	17	6	11	5	38	12	28	12	2	45	39	3	5	30	12	14	5	14	16	15	47	2	33	38	47	43	14	19	20	43	17	20	5	4	30	33	45	2	1	28	37	15	27	11	13	44	32	45	9	28	20	25	1	26	18	35	
23	43	23	40	37	1	33	44	14	3	19	43	32	32	38	13	30	47	42	36	19	43	19	48	18	18	33	21	49	44	30	45	18	44	46	42	2	46	32	19	4	5	20	43	34	22	48	20	38	7	2	45	26	24	27	16	1	22	43	40	
21	2	29	43	24	6	38	38	19	2	45	24	6	44	25	46	30	26	35	39	42	39	46	14	17	29	15	30	22	3	13	27	48	8	5	6	14	25	39	50	17	20	8	26	35	18	11	26	42	28	33	37	36	5	16	10	19	1	29	45	
40	24	5	31	15	8	7	7	35	29	25	37	5	32	45	34	41	7	44	46	10	46	31	38	41	32	8	4	20	34	17	23	9	37	3	45	22	42	31	36	33	28	44	1	18	40	45	31	33	9	25	42	46	46	23	23	24	44	35	11	
5	35	14	19	28	19	26	35	16	35	33	11	13	29	11	19	38	8	38	24	15	37	44	27	43	11	36	11	11	33	49	18	34	10	41	8	38	30	14	22	1	43	48	9	25	22	29	9	39	2	38	12	4	1	23	18	37	19	6	49	
44	23	38	39	49	50	24	43	29	34	10	20	46	5	5	28	32	15	23	8	28	36	46	15	41	29	41	9	42	3	13	22	24	2	43	7	50	41	23	15	50	23	10	18	46	26	49	23	39	12	32	33	34	36	50	46	34	45	12	13	
19	26	50	7	44	8	7	48	50	20	36	39	14	21	28	28	25	24	41	9	14	3	37	19	34	35	7	5	50	9	36	4	41	46	7	5	47	47	13	31	5	7	31	40	40	38	35	49	36	37	36	39	38	38	37	49	34	39	29	23	
48	28	16	31	20	41	11	6	50	35	8	48	35	21	9	13	14	12	19	10	40	16	23	8	34	21	31	25	50	9	44	48	18	23	11	48	5	38	44	25	33	10	31	10	21	44	47	31	30	50	4	27	31	42	39	17	38	3	10	4	
28	4	21	22	31	50	11	18	30	26	40	1	38	39	39	26	38	10	37	38	13	20	35	7	46	1	47	45	30	50	32	40	36	46	12	43	45	48	50	26	34	31	20	47	2	4	21	23	4	33	41	3	48	29	10	14	30	38	43	6	
21	46	41	23	46	27	7	18	21	35	40	47	24	24	24	18	22	18	44	40	38	11	26	19	29	30	31	19	11	37	47	7	29	21	34	2	2	34	15	43	26	29	19	18	44	11	30	39	22	16	6	3	45	41	46	35	35	37	17	38	
41	40	27	47	18	5	29	34	10	20	49	38	8	48	42	12	9	46	49	13	43	26	9	47	49	50	39	42	47	4	43	38	5	45	6	13	50	28	30	48	40	7	10	15	24	10	2	10	18	13	1	32	14	26	41	47	30	34	30	23	
49	45	37	48	46	44	11	20	28	34	44	31	37	30	30	7	45	29	27	20	10	16	36	45	13	27	11	18	1	2	17	49	16	10	45	33	1	49	38	35	18	35	31	29	44	23	49	42	1	19	31	19	39	21	45	43	13	40	48	19	
34	30	46	34	33	28	17	20	4	16	21	35	49	39	37	24	30	18	43	36	20	45	17	46	1	47	37	37	11	7	34	27	27	24	18	45	2	29	39	9	18	4	28	7	42	23	29	46	7	49	40	45	22	1	41	12	39	22	40	1	
21	3	19	17	28	42	24	45	29	25	17	37	46	3	46	40	14	43	44	8	37	30	5	18	5	49	9	50	40	29	38	47	29	50	43	14	6	40	20	17	23	42	45	34	24	50	21	34	41	5	36	2	39	23	4	41	47	33	48	37	
34	17	49	27	24	6	10	23	49	40	18	22	31	42	18	42	49	2	29	28	1	15	17	10	12	11	27	27	22	29	6	22	34	26	43	49	47	7	17	36	20	45	32	5	14	33	35	50	25	25	19	3	9	43	13	2	16	18	30	46	
42	9	35	13	25	6	30	16	25	7	9	4	40	39	46	43	29	5	15	49	25	27	8	28	12	28	8	7	22	23	24	25	39	35	36	5	7	47	38	34	41	10	20	50	14	25	13	15	24	48	30	26	26	21	36	32	35	1	3	11	
31	35	39	47	19	26	34	4	9	9	47	2	9	17	6	5	4	4	40	24	31	2	37	20	2	26	9	18	44	18	19	25	38	12	25	37	48	37	40	24	36	1	43	43	37	12	36	26	4	8	21	34	5	22	32	35	9	8	21	27	
40	10	48	33	45	28	18	44	40	8	47	48	4	45	28	36	46	10	40	42	16	3	20	12	47	10	47	19	10	14	4	43	30	27	18	10	40	23	44	5	18	40	8	21	43	15	27	16	49	12	12	22	36	18	34	35	21	18	31	27	
16	26	40	39	34	15	10	21	50	35	10	21	1	3	8	43	8	15	33	46	22	30	17	30	10	34	1	36	36	16	40	41	28	38	1	48	16	6	8	39	50	19	11	42	4	13	18	4	20	33	44	45	36	30	26	13	9	47	43	8	
43	2	30	44	31	14	25	23	21	46	32	9	41	10	32	47	1	36	47	37	40	37	24	3	40	3	45	34	30	16	37	28	24	10	47	49	17	12	24	45	36	13	41	38	35	44	23	21	10	6	25	16	41	47	28	3	42	30	31	38	
18	35	43	5	20	6	50	5	42	10	26	15	44	49	43	1	9	24	8	23	16	4	50	34	29	13	30	19	16	19	13	50	29	46	27	1	18	3	44	5	5	34	14	44	37	1	17	18	30	30	44	36	42	26	6	13	48	19	20	30	
45	15	22	35	29	7	24	35	18	47	29	15	35	41	7	18	23	23	17	32	48	12	43	49	28	49	16	15	25	29	44	44	41	6	42	12	13	42	5	17	28	15	45	24	5	19	11	44	2	8	25	8	19	36	37	29	5	22	19	39	
31	42	35	37	8	2	46	44	6	5	46	35	5	19	36	28	31	7	34	2	34	13	16	37	50	30	9	46	50	1	11	14	30	2	12	45	30	5	24	34	23	20	7	26	12	4	13	49	11	46	21	17	27	24	14	50	38	25	15	45	
17	32	38	20	15	41	13	45	22	7	2	40	45	37	4	27	48	27	43	32	1	36	22	21	17	31	1	18	9	15	44	12	27	3	36	49	41	35	28	21	5	10	13	47	46	45	1	42	32	10	10	12	19	47	21	31	46	3	4	38	
4	9	8	24	21	42	22	46	24	12	21	45	31	16	39	12	10	28	21	17	14	14	38	14	47	47	21	10	26	41	47	11	4	36	21	33	39	2	6	19	9	13	21	3	32	27	34	32	4	36	19	25	42	41	33	7	24	20	48	28	
7	49	14	50	20	2	48	12	34	5	30	27	17	13	48	30	50	28	38	16	17	17	23	10	37	47	41	29	23	31	30	26	3	42	32	37	24	15	9	26	33	5	7	41	16	20	2	25	2	1	8	23	3	7	13	41	20	3	43	30	
7	12	46	36	8	18	45	13	2	31	30	33	12	5	2	36	17	5	27	39	36	45	43	24	45	32	38	29	35	9	22	32	50	43	30	17	39	43	50	45	15	22	16	12	5	25	19	31	10	42	49	1	12	41	9	49	34	24	34	5	
7	37	18	12	9	38	35	17	13	15	33	4	4	41	16	47	9	14	30	18	32	49	47	47	17	17	40	29	40	46	7	28	7	15	3	8	48	23	37	41	38	28	12	5	36	44	13	21	17	41	28	26	10	14	6	33	33	5	9	24	
15	6	50	45	47	15	38	48	28	44	10	50	39	44	30	36	43	12	7	48	32	36	23	45	36	37	11	10	5	30	24	34	36	49	7	45	20	48	5	16	4	27	1	15	11	7	11	22	14	17	38	7	16	46	33	22	13	20	34	18	
20	36	15	32	6	17	28	10	47	30	18	18	42	46	26	13	16	44	36	49	35	40	14	29	34	3	40	27	37	46	21	36	10	48	11	31	12	1	14	39	26	4	30	39	37	9	2	28	43	11	7	10	25	47	13	38	17	18	33	21	
19	47	47	39	6	26	16	3	45	41	20	44	49	2	33	1	45	41	5	1	26	35	40	39	3	20	50	15	35	3	3	23	28	20	14	18	45	41	16	10	47	44	20	29	7	17	18	17	1	44	41	14	44	21	26	25	11	22	9	14	
13	2	12	24	13	46	4	28	28	33	18	35	20	12	8	15	47	25	15	26	34	26	7	9	36	7	9	1	44	47	12	48	7	23	40	41	48	19	26	45	1	42	18	42	41	16	34	37	16	2	22	20	34	21	33	45	36	31	15	36	
16	26	1	37	36	10	21	14	7	35	18	2	4	36	12	28	3	10	14	1	49	20	8	39	38	15	5	31	41	14	27	43	12	34	15	40	6	49	24	6	22	2	10	23	8	2	49	2	24	29	33	37	34	24	13	39	23	10	11	24	
26	23	31	26	1	31	24	8	30	34	25	6	37	48	15	9	22	24	34	45	1	21	34	16	13	30	9	20	17	24	40	13	43	28	31	12	41	42	6	48	37	34	32	43	24	14	36	46	9	21	25	28	43	22	43	34	45	47	43	7	
5	38	21	22	20	28	2	49	41	8	33	27	9	37	42	4	34	40	9	49	1	8	44	16	2	44	6	8	49	44	47	48	34	50	2	17	20	37	40	33	50	34	45	50	19	45	36	12	12	13	8	3	14	1	24	28	45	19	38	15	
35	5	21	14	48	24	15	6	44	23	40	25	46	9	3	14	36	46	20	20	15	25	9	4	42	29	47	42	29	28	45	38	30	50	18	19	33	40	15	4	7	14	4	16	22	5	16	23	25	38	14	3	11	45	43	18	3	25	31	9	
26	46	31	20	3	45	29	49	40	8	8	31	2	6	20	37	11	7	19	20	42	5	28	8	46	9	28	6	31	48	16	37	37	21	37	6	18	24	16	45	28	40	2	35	17	27	43	41	43	35	30	26	41	13	22	9	27	20	48	50	
2	43	9	41	21	28	27	37	34	18	41	46	36	46	46	36	2	5	3	22	27	39	5	46	21	10	12	17	9	26	10	7	38	22	6	31	16	27	17	25	20	40	37	24	47	34	22	6	16	1	43	50	15	35	1	17	41	9	2	5	
5	12	40	22	5	26	39	19	6	40	38	7	26	20	26	13	5	28	32	20	50	37	49	17	38	23	16	42	37	38	10	14	21	10	33	18	32	11	24	7	4	41	15	25	29	21	30	50	50	19	15	30	18	38	39	20	39	1	28	6	
44	10	30	15	13	33	39	24	8	37	1	44	31	38	6	49	47	35	7	35	1	43	46	39	19	29	2	21	4	15	6	10	21	34	38	33	31	29	42	25	32	42	43	30	24	33	21	2	19	40	4	5	35	24	38	16	40	46	48	14	
16	27	38	20	40	2	30	33	15	44	31	48	2	46	27	42	9	49	8	3	50	10	3	19	44	30	21	12	17	29	23	39	33	33	31	19	18	42	8	7	5	36	32	26	24	37	18	47	31	18	17	6	16	37	40	48	13	49	47	44	
13	29	8	41	14	28	29	35	32	7	11	16	17	19	4	35	17	35	16	19	21	45	35	25	16	27	36	17	21	45	22	25	1	15	5	22	22	2	46	2	40	22	42	18	43	15	47	4	28	42	25	40	47	29	3	15	12	37	32	27	
44	38	18	24	17	23	2	27	35	15	15	11	9	25	46	6	7	20	27	8	13	25	48	48	48	36	13	20	29	21	8	1	18	11	30	34	42	18	8	6	28	39	6	45	34	37	3	18	26	3	15	42	45	48	17	7	46	48	31	27	
34	46	44	39	8	10	40	37	35	2	16	18	48	16	27	8	41	44	29	29	29	40	19	43	3	28	6	2	20	46	2	11	7	37	41	10	24	33	14	40	32	19	26	44	43	32	33	15	46	14	43	40	7	1	49	4	12	14	50	12	
14	9	34	21	23	22	21	44	2	26	38	41	31	35	20	23	4	43	41	50	50	15	34	11	8	40	34	28	28	17	19	20	19	17	29	34	17	41	24	29	24	1	3	30	11	30	38	20	48	18	34	28	24	47	45	3	31	9	8	7	
15	16	32	4	44	13	48	29	37	23	44	40	19	18	18	50	39	30	16	4	21	43	26	49	7	42	20	24	50	12	25	40	50	39	1	11	39	7	35	13	26	15	42	14	23	21	47	8	18	47	50	20	48	2	43	6	30	15	41	4	
17	47	22	17	38	29	2	14	7	7	40	32	37	35	21	25	37	16	6	10	6	40	20	22	33	27	25	30	1	28	10	28	46	32	26	2	30	29	18	12	31	23	14	21	18	44	33	19	6	47	13	26	27	1	43	15	23	20	18	31	
26	28	15	10	14	34	1	16	36	13	17	8	24	9	44	24	30	36	2	7	37	3	23	31	47	3	4	2	9	9	19	3	2	26	48	50	5	47	27	22	47	38	35	32	24	39	40	45	43	5	20	33	12	4	14	39	28	5	26	22	
47	42	48	21	8	30	1	8	3	20	8	4	27	44	15	33	33	35	28	23	8	13	32	18	45	7	12	25	26	9	17	40	50	15	23	45	32	20	23	31	17	14	14	6	25	17	16	7	32	49	8	25	18	50	3	41	44	31	34	34	
11	39	25	43	14	22	4	28	25	18	47	27	36	8	19	45	14	29	18	4	10	18	28	7	47	42	5	21	43	45	30	3	27	12	47	12	42	42	16	47	30	32	13	11	24	11	37	13	12	17	41	47	3	42	41	31	28	11	6	17	
22	16	37	29	16	31	18	14	35	49	7	3	3	17	39	3	28	33	49	23	32	47	19	3	8	41	8	4	39	29	18	28	23	30	14	11	48	16	45	28	19	19	45	3	48	47	22	50	16	15	2	15	32	20	44	7	34	11	19	4	
21	1	16	29	32	50	8	44	17	48	50	6	35	26	30	46	42	23	8	21	43	28	5	3	1	37	39	10	33	4	38	16	43	15	50	36	31	10	11	44	1	9	11	19	32	42	38	5	9	17	47	7	36	16	28	23	16	46	19	28	
22	30	30	49	33	5	20	34	13	37	41	34	37	49	12	18	24	6	12	9	19	30	6	11	1	32	32	35	39	27	16	7	8	5	1	4	18	5	47	5	47	31	6	29	22	32	33	8	50	5	11	48	18	46	9	22	23	46	33	8	
41	10	16	14	31	40	5	38	31	35	5	35	50	1	40	18	48	18	15	20	29	9	38	29	47	49	48	41	49	44	45	17	35	25	9	43	38	13	33	14	22	25	21	33	32	10	41	46	6	3	13	26	41	5	11	23	28	38	50	6	
2	46	23	30	15	48	34	7	42	49	49	41	32	9	43	20	31	48	37	50	25	47	4	17	26	25	18	21	24	9	17	14	20	35	37	50	38	23	4	49	13	42	1	13	48	32	1	18	14	42	25	23	19	29	35	13	39	3	34	6	
12	43	46	34	47	43	49	11	35	27	35	12	35	49	6	17	2	8	36	43	42	16	10	32	25	3	6	23	43	21	21	3	29	3	13	43	46	35	19	49	18	48	11	5	21	26	21	45	21	47	34	36	5	43	30	36	43	30	3	15	
31	45	43	25	7	49	40	12	2	45	48	43	43	46	2	38	42	14	4	35	10	13	6	43	4	45	11	19	4	49	30	12	22	3	19	27	40	8	20	30	11	34	19	46	29	9	17	12	35	49	47	42	33	30	48	1	34	9	48	50	
45	46	16	27	50	43	19	39	18	7	21	16	20	48	6	50	19	25	32	21	26	36	16	35	20	40	24	23	19	24	5	30	34	29	20	49	23	26	50	44	5	21	38	26	48	49	49	40	6	14	13	16	9	9	29	18	10	35	37	26	
30	6	34	26	20	49	44	7	14	26	42	6	49	39	13	7	29	30	44	6	7	28	7	3	18	5	37	5	2	39	11	3	28	9	24	1	8	7	4	39	22	40	5	23	3	35	34	13	40	14	20	48	2	5	4	15	17	24	49	19	
26	22	34	5	21	32	15	7	34	7	23	2	7	41	8	4	6	30	28	24	2	47	47	1	15	44	7	7	48	14	7	36	39	23	19	23	14	23	17	21	46	32	9	14	12	1	3	14	49	28	7	25	1	16	43	49	1	9	29	43	
