Factories	3
Families	20
Machines	2
SetupType	2

Number of Jobs in each Family
9	2	8	6	3	5	9	2	9	4	3	1	9	8	6	4	2	6	8	8	

Jobs in each Family
0	1	2	3	4	5	6	7	8	
9	10	
11	12	13	14	15	16	17	18	
19	20	21	22	23	24	
25	26	27	
28	29	30	31	32	
33	34	35	36	37	38	39	40	41	
42	43	
44	45	46	47	48	49	50	51	52	
53	54	55	56	
57	58	59	
60	
61	62	63	64	65	66	67	68	69	
70	71	72	73	74	75	76	77	
78	79	80	81	82	83	
84	85	86	87	
88	89	
90	91	92	93	94	95	
96	97	98	99	100	101	102	103	
104	105	106	107	108	109	110	111	

Total number of jobs
112

Processing times of jobs
1	6	
4	5	
10	5	
8	4	
3	7	
8	7	
2	5	
7	3	
3	3	
7	6	
6	5	
4	6	
3	10	
10	10	
10	3	
4	2	
3	8	
10	2	
3	7	
10	6	
6	2	
2	10	
7	9	
9	3	
1	4	
2	10	
3	3	
5	9	
4	5	
7	10	
5	8	
5	1	
9	5	
5	9	
3	7	
6	8	
4	4	
7	4	
1	8	
3	4	
7	5	
4	3	
4	4	
8	4	
3	4	
6	10	
8	2	
3	3	
8	5	
3	10	
10	5	
4	5	
3	2	
6	9	
6	6	
4	6	
4	5	
5	4	
5	6	
5	6	
5	6	
3	5	
5	8	
9	2	
8	5	
1	4	
8	4	
4	3	
8	6	
7	8	
2	1	
6	4	
6	2	
6	1	
1	8	
6	5	
7	8	
8	1	
4	3	
6	6	
7	2	
5	1	
6	9	
10	10	
3	3	
9	3	
6	8	
6	7	
9	1	
2	5	
6	6	
1	1	
3	9	
2	7	
2	8	
10	4	
4	1	
8	10	
6	2	
4	8	
4	9	
3	9	
1	7	
5	7	
2	8	
8	4	
8	5	
2	2	
8	3	
8	7	
8	8	
2	8	

Stepup times between Families, where [f][f] represents initial setup time
On machine	1
31	7	49	15	30	48	12	5	15	22	7	5	40	29	39	45	45	46	34	16	
1	18	13	48	10	47	3	40	32	12	43	22	12	15	38	18	19	25	40	28	
13	13	20	23	21	40	20	1	27	39	15	31	44	12	30	28	41	13	36	10	
12	45	21	38	42	36	14	45	23	26	4	8	33	19	39	9	46	40	21	15	
20	28	13	7	28	6	17	28	20	26	41	24	8	30	2	38	39	14	26	12	
31	9	20	25	15	4	42	30	9	34	1	31	32	8	50	22	7	3	21	50	
33	38	40	28	47	5	47	38	5	46	50	9	3	5	50	4	23	24	42	49	
40	29	17	27	26	16	44	36	43	14	1	11	18	22	46	39	30	17	21	24	
47	7	7	16	49	39	31	5	23	26	22	50	22	11	15	43	20	13	2	28	
16	9	24	47	33	47	36	37	40	35	9	12	22	10	32	24	36	40	48	36	
46	28	50	10	9	32	27	4	47	17	48	2	23	13	4	21	41	2	15	35	
32	22	31	17	46	9	19	25	30	13	44	35	36	9	35	7	23	15	7	16	
31	35	32	20	3	41	19	32	5	36	29	7	32	27	29	3	15	50	6	25	
37	21	27	42	45	36	13	19	8	6	8	37	30	15	17	18	45	34	22	10	
11	19	8	35	48	11	17	17	17	37	12	12	30	32	47	45	38	18	5	24	
7	10	40	33	7	15	8	36	6	41	28	50	29	14	24	25	12	39	35	22	
20	26	48	10	20	5	1	49	26	20	34	28	6	4	27	11	8	14	23	46	
17	33	32	48	17	39	41	19	26	3	23	27	18	4	7	21	4	24	30	4	
47	31	8	41	37	41	8	8	21	1	43	16	27	39	18	31	2	22	7	41	
25	14	33	11	23	29	38	15	15	31	36	47	19	50	26	19	25	14	7	21	
On machine	2
14	35	41	33	3	11	24	7	47	30	43	15	34	12	21	32	13	30	39	45	
42	23	50	45	15	14	36	50	25	38	39	3	14	3	3	30	50	10	42	36	
20	22	34	12	44	8	29	15	26	32	34	25	24	23	29	28	13	35	27	23	
35	22	1	36	12	13	9	25	44	36	26	40	41	28	43	18	3	40	24	15	
30	12	28	40	18	26	27	32	43	14	16	6	17	48	45	1	8	33	20	33	
11	14	30	11	32	38	10	37	45	34	35	42	16	25	32	7	23	3	9	1	
37	44	34	39	40	3	12	46	36	37	3	20	34	28	16	17	2	33	38	37	
3	38	49	15	11	32	42	18	37	48	2	17	14	10	39	18	8	49	23	17	
13	20	25	30	13	32	22	50	15	15	39	4	34	47	4	20	47	50	27	9	
12	28	8	7	15	17	33	15	29	24	11	8	33	40	45	29	34	6	36	43	
37	29	6	2	49	39	12	13	4	7	34	4	22	4	12	15	14	16	13	8	
29	21	2	29	2	25	17	43	40	5	35	18	35	11	42	31	6	22	46	44	
21	16	27	17	40	5	6	19	23	10	40	33	37	9	50	42	3	29	7	35	
5	39	12	5	49	3	45	5	23	26	45	48	2	17	25	41	45	8	15	27	
42	13	49	1	6	44	24	3	16	45	44	11	11	44	36	8	38	36	8	39	
34	36	20	5	25	27	10	16	19	40	18	13	22	28	6	42	20	26	1	39	
45	39	31	48	39	45	37	7	11	37	1	27	27	49	15	18	34	48	31	35	
30	8	13	17	1	32	4	35	21	12	38	22	27	4	20	37	44	26	9	16	
37	50	7	30	26	30	48	47	28	44	7	22	50	23	23	13	37	26	14	8	
33	32	49	39	7	40	40	34	48	44	39	1	30	15	19	27	27	24	21	27	
