Factories	3
Families	20
Machines	2
SetupType	2

Number of Jobs in each Family
9	2	7	4	9	3	3	4	8	4	10	2	3	8	1	4	7	4	7	1	

Jobs in each Family
0	1	2	3	4	5	6	7	8	
9	10	
11	12	13	14	15	16	17	
18	19	20	21	
22	23	24	25	26	27	28	29	30	
31	32	33	
34	35	36	
37	38	39	40	
41	42	43	44	45	46	47	48	
49	50	51	52	
53	54	55	56	57	58	59	60	61	62	
63	64	
65	66	67	
68	69	70	71	72	73	74	75	
76	
77	78	79	80	
81	82	83	84	85	86	87	
88	89	90	91	
92	93	94	95	96	97	98	
99	

Total number of jobs
100

Processing times of jobs
8	4	
10	10	
6	7	
5	5	
4	5	
4	7	
1	7	
9	4	
9	10	
4	9	
8	8	
2	6	
2	2	
5	3	
9	6	
4	5	
10	1	
1	10	
6	8	
6	10	
4	4	
1	9	
4	2	
4	3	
2	3	
2	7	
4	5	
10	4	
6	5	
3	8	
10	9	
6	3	
10	10	
4	5	
4	5	
10	4	
6	10	
7	8	
8	8	
7	5	
3	7	
8	9	
4	4	
9	1	
8	2	
5	10	
2	8	
7	7	
8	2	
5	5	
5	2	
5	2	
7	10	
2	6	
5	9	
8	4	
5	5	
1	2	
3	10	
4	4	
6	9	
6	3	
9	6	
3	8	
6	7	
6	5	
9	2	
2	10	
6	7	
9	4	
6	8	
5	8	
3	3	
7	2	
1	3	
1	3	
2	1	
8	3	
7	8	
10	5	
9	4	
3	9	
4	7	
6	1	
9	8	
1	5	
1	5	
1	4	
4	6	
7	10	
8	8	
3	7	
1	7	
6	4	
1	5	
2	6	
9	1	
9	6	
9	4	
7	2	

Stepup times between Families, where [f][f] represents initial setup time
On machine	1
36	34	18	4	22	7	15	4	13	2	18	41	43	9	15	46	10	10	25	26	
26	39	10	42	8	30	7	32	14	48	38	45	2	20	47	18	27	48	43	6	
5	24	36	33	44	33	39	44	45	46	25	19	18	47	35	17	21	29	28	20	
29	24	27	17	49	26	45	15	39	35	4	36	18	28	13	7	40	22	17	35	
32	19	17	33	33	13	4	13	10	45	46	40	19	3	1	43	13	3	2	24	
47	11	49	14	26	1	46	9	5	47	44	47	9	39	15	3	6	50	27	14	
13	12	21	46	1	29	5	36	48	9	32	36	45	8	10	2	38	2	48	33	
15	21	39	44	32	10	2	31	37	42	4	19	11	32	14	22	12	17	1	37	
47	46	46	15	43	29	28	2	20	48	22	40	1	13	3	50	28	43	1	35	
50	30	20	6	2	23	8	36	6	6	27	8	38	17	17	34	25	36	8	9	
20	50	19	18	9	16	10	12	44	26	50	49	3	33	16	24	5	50	20	5	
27	27	34	8	3	5	44	19	40	36	14	19	25	6	15	28	44	34	36	34	
48	48	44	37	23	22	46	35	24	11	38	9	5	35	16	29	8	30	6	8	
28	21	40	28	7	5	18	42	12	38	31	9	40	9	44	15	41	46	9	2	
49	40	5	15	4	9	27	9	11	38	43	41	31	26	25	14	9	43	47	49	
3	13	37	44	27	3	36	11	43	11	50	49	9	13	46	2	44	34	37	22	
17	14	5	7	24	42	50	19	13	9	11	19	48	14	48	43	19	7	20	23	
17	26	5	36	36	29	41	30	11	19	25	38	21	34	39	26	40	34	10	35	
47	15	20	24	43	19	46	10	44	46	22	30	3	46	45	24	44	26	45	29	
49	33	30	13	2	15	36	15	45	27	28	4	32	28	41	30	8	20	27	50	
On machine	2
33	46	13	6	28	14	11	48	22	39	6	9	34	16	4	31	28	50	48	11	
11	35	4	14	24	9	39	9	29	9	17	28	41	27	43	44	5	46	43	36	
43	36	18	46	16	1	11	12	3	50	38	14	11	11	50	39	29	24	4	42	
15	38	34	34	37	34	22	39	2	36	44	23	1	30	22	47	11	41	43	23	
16	24	49	8	37	31	41	18	10	30	23	27	25	50	24	47	13	35	43	27	
39	14	27	49	40	42	18	36	23	17	34	28	27	17	17	21	5	2	26	1	
33	9	44	31	9	45	31	1	13	35	3	18	6	2	46	14	30	29	32	3	
11	34	34	44	32	14	25	5	29	48	3	9	28	32	44	50	33	12	8	44	
37	19	14	17	26	49	21	22	37	10	22	18	48	17	3	20	30	13	46	3	
28	18	29	27	4	29	8	15	50	17	4	24	49	8	2	41	49	39	35	23	
34	8	25	3	2	19	25	17	23	27	36	28	25	21	25	5	14	35	36	2	
50	32	9	17	7	49	18	30	23	3	27	35	46	40	18	10	3	32	18	46	
16	2	30	8	48	23	21	43	22	47	39	7	43	18	48	21	47	29	26	1	
15	5	18	4	37	28	43	25	22	37	24	21	21	1	17	20	5	25	42	38	
6	12	40	39	8	14	34	30	47	11	48	6	32	27	38	30	21	35	3	14	
31	42	49	17	28	50	23	4	32	27	41	38	34	25	1	38	29	44	29	35	
5	45	6	45	32	29	15	41	33	14	27	45	40	29	25	9	6	45	12	2	
44	30	2	22	42	50	38	31	24	10	22	28	38	40	29	16	43	21	19	20	
11	26	27	48	29	1	15	7	37	22	49	22	15	14	49	18	18	10	7	38	
48	5	11	32	13	31	44	1	31	18	31	7	29	40	36	24	11	3	42	32	
