Factories	3
Families	20
Machines	4
SetupType	2

Number of Jobs in each Family
9	4	4	2	4	2	2	5	10	5	7	5	1	3	7	4	2	7	2	6	

Jobs in each Family
0	1	2	3	4	5	6	7	8	
9	10	11	12	
13	14	15	16	
17	18	
19	20	21	22	
23	24	
25	26	
27	28	29	30	31	
32	33	34	35	36	37	38	39	40	41	
42	43	44	45	46	
47	48	49	50	51	52	53	
54	55	56	57	58	
59	
60	61	62	
63	64	65	66	67	68	69	
70	71	72	73	
74	75	
76	77	78	79	80	81	82	
83	84	
85	86	87	88	89	90	

Total number of jobs
91

Processing times of jobs
6	10	2	2	
4	4	8	10	
6	1	1	6	
4	5	2	3	
1	8	8	9	
6	5	8	5	
2	9	5	2	
9	8	2	7	
4	6	3	3	
8	2	9	3	
5	5	10	8	
2	1	2	5	
7	3	1	9	
7	4	2	7	
9	6	2	6	
2	10	10	1	
7	6	6	4	
7	7	3	5	
2	4	1	4	
4	3	7	1	
7	6	1	8	
4	6	1	10	
6	8	8	2	
3	6	9	2	
5	9	6	6	
3	7	7	3	
6	5	4	3	
7	4	10	6	
7	7	3	3	
10	1	2	6	
6	6	2	2	
10	6	4	7	
2	1	1	9	
5	4	7	6	
9	8	4	6	
3	8	3	5	
10	7	1	5	
5	9	8	6	
8	6	7	9	
3	7	5	10	
4	8	5	5	
6	10	7	2	
4	4	2	10	
4	8	4	1	
9	7	5	9	
6	10	7	9	
9	3	1	5	
7	5	4	8	
2	10	3	3	
10	3	2	10	
8	3	4	10	
3	6	7	1	
8	1	2	3	
10	1	3	8	
7	8	8	3	
5	3	7	3	
9	1	5	2	
2	3	2	10	
9	1	2	6	
5	2	4	6	
8	5	4	2	
1	9	4	8	
2	8	8	4	
2	3	5	4	
7	9	3	10	
5	7	9	3	
2	2	1	7	
7	2	2	10	
2	4	6	10	
8	10	6	2	
1	4	3	3	
6	5	1	8	
9	2	8	1	
7	5	2	3	
1	4	5	1	
4	6	8	10	
2	9	2	2	
2	3	6	1	
7	8	6	7	
1	5	3	2	
4	8	6	4	
9	7	6	9	
5	4	2	7	
2	8	4	10	
7	8	8	2	
7	2	9	7	
3	7	8	3	
8	2	5	7	
6	7	3	10	
5	7	1	4	
3	10	4	3	

Stepup times between Families, where [f][f] represents initial setup time
On machine	1
15	1	50	26	8	24	29	26	31	47	37	31	37	25	15	3	26	20	23	41	
12	6	28	47	2	45	41	45	12	19	6	44	36	23	11	29	17	41	9	30	
37	20	42	18	28	7	45	28	35	50	4	1	22	13	40	32	35	23	39	13	
12	10	25	25	44	29	23	2	18	21	45	3	12	5	37	41	21	35	6	44	
46	27	38	33	7	16	25	16	38	23	49	6	49	17	39	2	7	20	34	27	
44	20	45	13	7	9	18	45	48	50	9	40	36	35	35	27	22	1	25	30	
8	7	23	19	13	50	30	24	50	20	1	32	42	40	3	19	16	34	15	45	
3	12	21	28	15	14	10	44	17	40	18	31	7	3	37	38	18	33	48	47	
46	45	32	50	1	5	16	38	33	15	45	48	11	14	13	43	50	30	46	9	
41	20	4	45	22	6	50	41	12	8	10	2	25	1	4	7	6	31	2	12	
42	39	30	49	3	24	2	10	38	19	35	13	17	24	50	42	38	6	44	27	
35	14	12	29	18	50	17	32	37	38	29	5	22	20	26	3	10	35	1	13	
5	48	31	43	13	24	29	17	29	31	17	23	1	5	42	5	28	49	19	50	
36	11	23	23	17	27	8	8	4	17	19	27	2	32	47	25	27	35	49	38	
6	3	40	9	8	34	49	15	23	4	49	6	8	32	23	12	13	9	41	29	
37	41	37	48	46	37	29	41	34	37	36	28	48	28	2	7	31	25	30	38	
31	4	47	37	46	14	28	25	24	11	9	27	39	25	24	15	11	42	11	1	
6	32	23	36	3	29	47	16	37	9	25	7	9	7	41	4	14	42	4	23	
11	30	12	19	18	37	34	26	18	11	47	32	39	14	28	1	30	9	3	38	
24	22	20	45	27	48	10	24	13	8	35	7	44	28	24	46	26	45	7	48	
On machine	2
49	6	10	24	27	13	19	38	10	22	21	50	17	47	8	1	45	29	38	24	
26	12	45	37	23	34	21	5	11	31	18	10	50	19	9	9	23	41	21	48	
7	3	35	38	19	50	17	33	23	5	11	20	45	11	7	10	40	22	48	3	
31	10	3	13	7	44	9	37	11	24	44	30	31	36	35	30	28	10	47	36	
28	40	34	17	29	17	50	17	20	36	36	18	42	11	22	30	5	24	23	18	
20	7	1	48	17	21	44	21	37	9	16	13	42	17	34	15	7	5	24	39	
10	32	21	21	23	16	50	47	36	15	22	21	35	14	44	15	30	42	8	6	
16	26	27	25	8	20	7	16	25	17	29	47	41	36	41	21	35	36	7	33	
42	24	29	4	26	18	7	44	29	27	43	29	48	37	21	41	45	14	33	15	
23	42	37	3	1	18	21	37	35	33	2	36	40	24	1	50	4	10	45	10	
17	42	48	12	44	22	29	2	1	9	2	17	18	38	19	24	42	50	5	44	
35	47	1	11	27	33	17	12	26	10	20	46	8	33	45	36	42	21	10	25	
3	21	48	48	5	23	7	38	27	20	7	41	31	22	16	4	7	25	25	7	
8	10	26	3	48	27	7	35	43	10	19	18	40	24	45	23	43	37	29	45	
13	47	10	1	14	16	34	48	35	50	29	4	15	9	10	30	8	50	48	36	
40	11	25	44	26	48	43	34	14	49	34	36	36	13	20	21	17	2	9	20	
6	42	12	32	4	42	44	12	3	29	44	8	39	50	1	23	8	49	19	47	
3	43	27	10	25	6	9	22	1	50	35	38	12	20	19	8	27	47	14	43	
45	7	30	40	45	46	22	37	5	21	42	49	29	2	48	20	7	22	22	50	
40	1	37	7	24	15	11	9	49	23	45	22	7	40	10	49	33	5	20	1	
On machine	3
37	3	31	23	50	44	23	49	34	13	36	22	2	24	33	43	38	9	16	19	
27	34	15	9	6	18	8	22	45	11	27	46	31	19	28	18	43	2	32	13	
5	39	37	15	1	3	5	1	33	15	34	43	49	30	5	4	20	12	31	42	
17	34	46	35	44	23	27	15	2	20	23	26	13	16	41	30	43	26	24	27	
42	31	5	13	29	39	49	26	24	9	9	27	30	8	14	29	44	17	41	30	
16	14	32	5	12	37	24	24	50	41	31	40	17	17	17	21	44	43	35	24	
19	47	42	6	7	17	44	8	27	23	1	7	48	11	15	8	17	16	10	10	
18	32	20	35	17	17	32	40	31	2	36	2	35	27	49	46	3	41	28	46	
18	43	48	27	10	6	46	2	23	43	28	47	39	30	3	29	31	41	42	11	
41	26	28	19	30	35	49	24	14	46	14	39	36	9	17	14	22	43	39	26	
18	27	25	11	17	30	18	47	9	48	34	42	16	26	26	13	23	19	38	23	
2	45	6	38	30	5	19	49	35	31	40	27	36	28	39	7	1	16	45	23	
29	28	23	33	46	42	12	25	13	11	42	50	3	34	40	42	38	14	17	37	
43	26	2	10	22	2	6	28	50	47	10	10	31	4	1	29	49	49	22	5	
7	27	43	18	50	40	10	14	34	32	26	21	36	20	44	21	33	37	35	9	
19	1	41	40	32	33	26	10	17	4	13	44	28	13	25	33	35	8	6	1	
32	25	47	40	48	19	42	11	2	22	36	9	8	20	30	35	10	17	43	49	
44	11	27	5	6	50	26	40	48	12	29	33	8	17	36	18	40	25	22	38	
9	43	7	25	11	14	13	4	7	28	34	43	12	42	10	27	17	46	20	7	
23	30	10	34	34	24	1	22	5	12	49	39	12	2	15	50	17	7	22	36	
On machine	4
26	50	33	13	49	34	25	7	2	14	33	48	21	33	5	3	26	2	38	28	
9	14	23	38	31	4	32	11	43	23	32	2	27	37	11	36	17	2	10	29	
42	47	15	26	32	10	20	26	26	31	8	17	16	33	48	14	26	45	14	31	
20	33	48	7	39	19	44	31	16	36	3	22	15	33	14	18	6	17	14	48	
26	50	49	27	36	4	45	40	43	45	36	22	34	41	18	21	13	14	24	41	
42	33	27	50	28	34	33	22	23	43	35	40	25	14	29	39	35	41	42	48	
50	32	13	35	23	36	4	12	47	21	16	16	21	9	44	25	14	2	11	28	
40	38	31	45	2	33	7	40	32	11	35	21	45	40	11	13	17	35	25	33	
32	2	4	13	42	12	1	10	35	13	10	31	10	24	39	46	30	44	24	5	
16	27	5	21	4	48	16	23	38	24	35	14	43	3	41	31	50	22	33	30	
32	34	8	19	28	15	31	35	11	33	48	5	24	4	8	35	1	15	34	24	
42	3	42	8	9	36	35	39	7	37	29	29	40	20	20	37	38	29	15	27	
7	20	41	32	23	35	45	19	46	5	23	27	41	5	22	8	6	29	10	34	
34	15	43	27	5	23	34	35	24	48	20	26	27	23	24	17	41	34	10	38	
39	27	14	25	43	27	4	1	42	8	31	37	12	36	36	23	19	26	36	41	
37	5	46	15	6	45	37	1	48	8	15	19	15	7	2	28	4	1	41	42	
32	47	46	7	3	9	21	31	17	15	17	36	2	44	42	28	9	16	40	13	
44	32	25	39	25	1	9	7	3	6	17	49	21	23	41	27	46	8	50	46	
32	20	27	11	21	44	32	44	26	35	45	10	6	34	8	37	31	35	37	39	
37	4	24	27	34	22	39	26	7	42	39	16	5	5	42	14	13	2	22	32	
