Factories	3
Families	60
Machines	2
SetupType	3

Number of Jobs in each Family
7	8	4	1	7	10	7	3	8	10	9	5	2	10	5	4	3	1	3	10	5	10	8	6	6	9	8	3	8	8	3	1	2	5	9	10	3	9	4	2	7	2	3	3	3	1	8	1	4	9	2	6	4	6	9	8	8	2	10	3	

Jobs in each Family
0	1	2	3	4	5	6	
7	8	9	10	11	12	13	14	
15	16	17	18	
19	
20	21	22	23	24	25	26	
27	28	29	30	31	32	33	34	35	36	
37	38	39	40	41	42	43	
44	45	46	
47	48	49	50	51	52	53	54	
55	56	57	58	59	60	61	62	63	64	
65	66	67	68	69	70	71	72	73	
74	75	76	77	78	
79	80	
81	82	83	84	85	86	87	88	89	90	
91	92	93	94	95	
96	97	98	99	
100	101	102	
103	
104	105	106	
107	108	109	110	111	112	113	114	115	116	
117	118	119	120	121	
122	123	124	125	126	127	128	129	130	131	
132	133	134	135	136	137	138	139	
140	141	142	143	144	145	
146	147	148	149	150	151	
152	153	154	155	156	157	158	159	160	
161	162	163	164	165	166	167	168	
169	170	171	
172	173	174	175	176	177	178	179	
180	181	182	183	184	185	186	187	
188	189	190	
191	
192	193	
194	195	196	197	198	
199	200	201	202	203	204	205	206	207	
208	209	210	211	212	213	214	215	216	217	
218	219	220	
221	222	223	224	225	226	227	228	229	
230	231	232	233	
234	235	
236	237	238	239	240	241	242	
243	244	
245	246	247	
248	249	250	
251	252	253	
254	
255	256	257	258	259	260	261	262	
263	
264	265	266	267	
268	269	270	271	272	273	274	275	276	
277	278	
279	280	281	282	283	284	
285	286	287	288	
289	290	291	292	293	294	
295	296	297	298	299	300	301	302	303	
304	305	306	307	308	309	310	311	
312	313	314	315	316	317	318	319	
320	321	
322	323	324	325	326	327	328	329	330	331	
332	333	334	

Total number of jobs
335

Processing times of jobs
7	3	
2	4	
8	4	
5	3	
9	5	
1	5	
5	9	
8	3	
7	8	
1	7	
10	3	
7	3	
3	7	
6	7	
3	1	
2	9	
7	8	
4	3	
5	5	
7	10	
1	2	
2	8	
4	8	
4	1	
5	6	
10	2	
3	3	
2	5	
6	3	
9	5	
3	8	
7	5	
7	4	
3	6	
2	7	
9	7	
5	9	
4	10	
7	2	
7	5	
7	2	
7	4	
5	10	
1	1	
1	9	
3	6	
6	4	
3	9	
1	5	
7	1	
2	5	
4	4	
9	6	
8	8	
5	10	
6	6	
5	5	
9	4	
8	4	
2	5	
8	4	
1	3	
6	7	
2	4	
5	2	
8	3	
9	8	
9	1	
8	8	
4	6	
4	4	
8	2	
9	6	
9	4	
3	2	
6	9	
8	5	
5	4	
6	3	
1	6	
8	2	
7	2	
1	3	
7	2	
4	1	
8	1	
2	5	
7	8	
10	4	
7	7	
8	6	
8	9	
6	5	
2	6	
5	4	
3	10	
4	4	
1	6	
2	2	
6	1	
1	4	
9	1	
9	10	
2	1	
2	1	
6	2	
3	9	
4	5	
6	10	
1	2	
9	8	
2	5	
1	1	
7	7	
7	10	
6	2	
2	2	
9	10	
10	6	
8	1	
5	6	
3	3	
1	10	
4	4	
8	5	
6	9	
2	6	
7	9	
6	3	
9	7	
8	1	
4	1	
10	6	
6	8	
8	5	
2	10	
4	4	
2	10	
9	3	
2	4	
2	9	
8	2	
6	1	
7	2	
9	9	
9	4	
5	7	
1	1	
9	7	
10	7	
1	7	
2	4	
10	8	
8	4	
1	10	
9	2	
5	3	
10	3	
10	4	
6	8	
4	7	
6	6	
1	9	
9	8	
5	1	
2	4	
9	10	
10	9	
7	1	
10	2	
1	8	
7	7	
6	5	
6	3	
8	7	
1	9	
2	6	
9	1	
7	6	
1	7	
9	3	
8	5	
4	8	
3	10	
7	4	
8	4	
2	5	
4	5	
7	5	
7	1	
4	5	
1	4	
2	2	
10	8	
9	7	
10	7	
3	3	
9	9	
2	4	
6	4	
8	10	
1	1	
4	6	
5	4	
8	7	
2	5	
7	3	
6	7	
10	10	
8	7	
7	1	
2	9	
3	2	
10	5	
6	7	
4	7	
10	9	
10	9	
9	8	
6	4	
9	1	
5	10	
6	4	
3	5	
10	5	
8	2	
5	8	
2	4	
3	6	
1	3	
5	7	
5	8	
7	10	
9	6	
5	4	
8	9	
1	10	
4	2	
9	7	
6	2	
8	3	
2	1	
7	10	
7	4	
4	10	
5	8	
5	3	
2	9	
7	10	
6	4	
7	9	
10	6	
4	10	
6	9	
6	8	
2	9	
5	3	
5	10	
5	6	
9	4	
5	3	
1	5	
2	3	
9	6	
2	6	
4	3	
2	4	
8	5	
10	10	
8	1	
4	8	
6	8	
1	7	
4	3	
9	8	
3	9	
8	7	
3	9	
1	3	
10	7	
10	7	
2	3	
8	2	
1	9	
2	6	
3	4	
5	5	
8	6	
6	10	
7	10	
7	3	
2	1	
5	2	
6	5	
4	1	
9	6	
5	6	
1	4	
1	2	
10	8	
8	10	
8	7	
7	10	
7	3	
1	8	
9	4	
1	10	
8	5	
10	1	
3	7	
3	9	
5	10	
4	10	
5	7	
9	6	
6	7	
5	2	
3	6	
2	5	
5	6	
8	2	
3	9	
9	2	
3	5	
4	6	
2	2	
1	4	
6	1	
2	1	
8	10	
1	9	
5	6	
2	8	
6	8	
9	3	

Stepup times between Families, where [f][f] represents initial setup time
On machine	1
83	87	68	49	77	26	20	60	74	89	49	60	24	76	72	6	38	40	7	22	66	62	73	65	57	25	66	73	28	82	87	31	62	43	73	8	94	85	89	16	14	5	59	58	7	9	87	40	76	76	3	53	65	76	27	24	17	27	77	60	
92	54	12	60	48	40	35	14	6	15	34	95	48	86	49	33	34	87	44	95	89	77	61	79	93	32	16	57	62	84	39	8	98	100	2	99	50	40	27	42	80	20	29	89	86	82	18	52	30	18	41	31	17	81	29	16	98	72	15	55	
17	73	46	1	15	10	9	24	7	21	9	45	85	37	23	51	6	98	16	52	5	42	47	2	97	6	11	83	10	95	10	28	36	22	73	66	54	78	16	62	19	77	88	11	75	68	32	21	40	19	13	16	74	67	66	50	24	54	26	41	
3	4	83	12	69	8	83	4	3	91	85	38	79	82	34	39	13	50	44	30	54	11	66	98	65	66	74	7	90	76	16	94	64	1	23	36	64	21	93	54	98	37	38	95	42	30	61	2	39	15	14	67	6	92	19	91	87	9	82	66	
16	3	7	49	90	53	90	16	55	71	7	1	20	3	8	2	92	60	6	79	10	64	36	12	16	24	36	33	23	65	39	7	81	85	48	22	56	24	76	27	80	76	80	1	56	11	58	54	10	28	61	91	53	27	72	100	30	25	65	32	
37	39	62	69	29	17	39	6	82	82	81	2	99	46	58	81	43	44	94	68	67	38	70	65	12	70	87	27	94	54	41	71	70	97	5	12	64	79	99	97	33	87	36	96	70	100	67	13	96	54	18	83	99	46	28	2	8	55	53	10	
12	26	21	43	9	41	92	94	51	67	70	34	83	3	14	22	43	74	24	74	71	26	76	100	34	52	53	46	40	12	73	25	82	67	49	44	82	70	17	88	17	57	10	98	58	58	55	51	1	20	65	52	40	38	77	75	97	76	47	44	
16	99	57	3	98	20	53	12	34	79	42	97	19	77	100	72	54	80	3	12	17	5	78	2	16	7	72	19	75	86	67	53	61	14	15	69	15	45	13	30	52	70	36	79	71	67	4	17	82	62	70	89	26	15	71	93	26	45	76	69	
49	98	88	72	6	80	96	2	18	82	32	48	32	70	67	82	19	20	9	37	98	94	39	25	60	13	7	64	7	33	80	88	25	77	40	69	95	21	52	75	18	55	32	95	87	75	43	47	3	6	89	3	2	2	63	85	11	48	99	96	
41	13	74	25	9	37	37	94	52	61	3	47	87	36	87	70	35	45	72	70	90	83	66	99	39	8	67	28	68	50	83	45	90	31	52	91	33	75	17	29	78	56	40	8	93	13	90	18	47	40	33	6	8	21	21	15	100	34	72	67	
10	64	79	38	26	61	10	19	55	4	66	34	84	94	92	63	1	91	24	18	28	52	44	100	49	73	50	80	85	34	45	41	50	86	63	79	63	13	86	97	97	51	24	78	63	63	88	14	34	88	23	63	72	5	87	19	98	76	41	65	
75	94	49	79	90	93	58	78	31	93	47	8	75	91	57	1	14	15	61	21	76	37	73	80	78	23	19	24	1	81	30	15	93	69	87	33	64	43	49	52	37	7	100	88	67	86	75	18	85	35	82	95	76	59	47	10	90	62	63	98	
69	19	40	49	75	6	28	82	36	46	100	92	98	94	22	34	79	43	16	18	32	5	58	77	41	84	73	29	1	75	85	14	35	76	84	25	1	59	84	90	56	24	31	64	77	58	93	98	10	17	98	64	96	78	64	62	75	94	31	24	
10	16	11	72	65	15	58	43	64	7	63	50	14	51	50	40	14	67	29	24	89	18	30	93	20	35	13	71	11	87	53	20	98	39	46	59	86	84	14	13	67	34	80	46	86	49	16	33	62	25	81	10	75	65	3	16	32	54	89	16	
40	77	58	84	55	26	26	87	83	79	19	12	59	20	21	50	46	88	7	31	15	32	74	51	16	94	67	50	37	85	76	28	50	91	87	25	19	63	91	62	7	44	67	30	99	9	4	56	28	23	57	61	20	20	1	93	92	61	52	55	
82	38	30	36	90	73	64	22	69	64	53	41	34	39	64	31	91	81	54	87	31	54	83	91	58	57	20	8	48	66	47	30	27	91	10	87	70	51	69	32	66	79	23	11	36	76	43	51	51	13	31	53	44	33	93	99	31	39	31	94	
15	94	56	47	45	55	77	22	65	33	66	51	45	55	86	78	46	11	84	65	40	79	31	90	54	92	42	98	14	63	36	36	94	75	7	55	50	38	95	36	72	43	6	14	54	4	62	42	59	21	91	25	65	24	21	23	9	15	11	47	
59	91	41	81	75	94	12	42	41	47	68	54	21	21	31	34	22	37	7	60	100	60	19	56	6	53	38	4	17	66	97	44	35	52	52	62	12	15	34	4	87	92	32	83	67	91	95	26	20	100	81	80	15	1	9	90	96	40	86	4	
51	57	86	57	85	39	47	38	21	51	26	39	6	76	95	96	63	89	43	51	28	68	11	69	86	33	26	34	38	91	9	88	6	52	78	3	29	10	7	27	77	64	96	62	61	71	100	85	87	3	6	8	10	86	98	92	89	90	48	1	
52	8	19	80	11	63	3	66	36	59	15	65	51	32	32	55	93	82	96	33	13	70	70	34	71	24	10	100	22	94	11	10	67	97	32	54	20	83	68	5	49	9	93	21	78	82	14	74	52	75	31	81	45	72	37	12	94	91	19	2	
51	44	37	58	90	25	31	85	83	54	36	21	92	47	95	47	83	21	5	53	4	23	93	60	45	10	64	63	43	59	33	65	99	23	100	12	41	59	5	63	80	2	60	57	66	31	50	54	24	43	91	29	89	22	5	27	39	37	95	15	
23	32	63	46	55	33	93	17	49	69	14	73	45	65	40	26	17	80	54	15	85	87	74	17	26	9	61	93	47	48	58	35	53	15	27	93	98	53	32	53	25	18	50	58	84	37	35	20	36	82	7	85	40	9	78	2	47	14	55	63	
83	58	73	68	30	74	71	45	72	47	17	47	53	38	12	47	57	52	87	66	24	53	76	53	35	49	49	47	60	67	88	97	25	29	71	97	60	15	52	99	14	63	100	27	33	93	2	31	86	68	58	68	95	45	35	90	1	91	82	18	
54	66	28	46	8	8	45	79	97	100	94	38	22	61	88	67	42	11	54	91	25	20	97	39	8	10	26	29	35	7	60	23	60	5	14	19	33	54	3	45	73	31	56	75	91	85	42	12	67	88	77	62	21	92	40	63	100	60	94	26	
95	49	52	15	22	47	88	15	95	13	73	68	26	7	36	45	74	95	74	49	73	53	15	41	47	52	11	99	49	12	55	92	67	81	50	14	60	15	28	90	46	40	39	28	82	24	100	5	57	99	16	4	38	28	47	12	6	52	82	48	
85	44	92	68	99	23	62	19	43	39	83	94	39	47	32	44	68	9	85	70	51	90	56	45	52	74	23	50	62	56	48	13	12	69	95	77	66	40	15	67	14	42	37	61	84	54	78	9	65	96	31	81	60	38	29	81	47	16	29	56	
75	44	26	47	76	100	22	8	4	78	27	37	30	12	77	55	24	1	83	58	24	8	13	2	53	100	33	92	69	40	22	53	66	16	16	34	7	79	98	100	45	34	32	82	58	41	97	61	88	77	40	68	13	41	77	52	93	81	74	37	
8	72	26	90	82	48	6	5	9	48	23	22	50	21	87	62	10	49	87	23	78	84	32	18	8	51	73	44	36	99	53	45	32	30	37	2	68	5	36	60	32	49	28	62	6	33	64	8	10	56	12	72	13	43	25	1	2	98	18	45	
35	92	22	51	19	36	22	22	94	93	33	13	38	24	87	35	61	80	27	64	27	50	8	69	81	87	73	12	58	71	68	84	37	11	16	4	95	41	15	1	94	41	78	45	67	44	38	45	96	21	55	43	40	48	43	93	31	34	17	24	
57	24	83	8	82	87	96	19	95	28	86	48	96	90	71	83	1	80	58	22	14	31	49	37	42	100	57	17	34	18	17	13	21	14	22	94	75	38	39	57	68	51	80	67	54	30	32	89	6	38	59	83	83	100	65	5	67	23	25	4	
30	85	85	66	52	94	50	38	79	63	7	18	37	89	5	13	22	35	1	39	21	21	25	7	31	35	75	20	65	66	96	7	48	1	21	76	66	14	36	27	54	6	84	41	6	26	76	3	76	92	69	10	31	29	75	28	15	56	7	26	
28	43	50	70	83	45	12	42	49	96	49	78	20	99	8	43	56	6	79	8	90	72	86	58	35	30	99	34	86	67	40	5	58	32	7	28	55	44	95	5	75	86	64	22	62	54	69	11	81	77	32	61	34	97	46	10	5	92	87	10	
93	56	8	20	73	47	23	73	80	12	98	80	56	70	60	24	19	95	77	6	19	83	60	46	3	66	38	66	29	80	68	28	7	23	97	33	33	66	89	55	35	40	33	24	50	63	80	67	68	2	26	67	86	69	23	10	90	99	34	72	
72	24	42	83	64	52	80	21	8	64	34	11	60	4	64	97	63	76	9	24	3	31	69	3	9	9	84	53	46	28	57	73	9	21	76	95	64	44	17	95	48	85	22	8	53	96	10	70	42	91	35	30	91	59	37	97	60	12	77	36	
19	1	52	64	96	99	76	78	64	81	51	44	16	69	89	100	44	20	9	88	80	19	46	74	85	72	24	10	23	55	4	7	85	86	20	7	98	23	48	30	51	92	52	63	49	56	39	63	88	68	51	34	16	4	2	36	71	11	68	6	
59	40	38	41	81	59	43	6	58	83	5	79	73	58	34	89	34	18	11	2	37	44	49	33	66	22	98	19	60	97	66	24	75	9	55	35	6	52	25	74	32	73	59	6	7	9	38	97	31	63	19	9	72	1	66	52	58	17	100	20	
60	100	34	45	23	64	99	44	21	10	92	31	53	84	61	86	92	55	88	4	80	91	73	67	32	9	20	64	97	61	10	22	72	6	4	56	32	11	21	13	44	23	55	36	100	39	33	16	92	22	27	70	2	6	26	84	86	17	81	80	
66	94	100	70	95	81	99	18	9	49	71	14	29	5	73	90	61	96	29	84	36	20	57	90	92	44	97	26	64	62	74	25	30	57	12	63	17	11	61	35	74	13	39	38	52	78	35	68	5	10	10	1	79	8	60	73	59	37	44	47	
92	26	7	27	27	20	57	58	94	27	16	14	23	5	14	69	51	84	41	19	79	33	8	72	5	26	5	62	21	54	57	27	90	39	44	85	75	52	82	71	7	45	45	71	33	56	92	85	28	77	14	30	71	53	19	88	58	61	52	46	
44	57	1	3	72	83	1	44	6	90	40	5	99	61	80	31	91	30	4	47	78	99	32	34	17	54	15	34	15	87	77	52	4	80	76	2	48	56	81	19	58	68	51	25	39	55	44	26	26	59	52	14	26	1	57	99	66	20	99	18	
8	23	75	81	19	17	82	42	57	33	5	71	53	88	39	82	26	87	75	27	17	39	70	31	55	54	70	4	41	3	16	3	99	41	64	9	91	98	59	32	96	78	85	27	55	49	31	21	88	37	67	47	16	30	67	5	13	44	75	34	
47	83	42	13	14	90	14	19	95	50	82	70	60	99	81	96	70	46	57	9	13	29	33	37	91	93	87	26	41	38	60	48	30	8	61	29	72	72	14	99	88	32	29	48	5	56	77	90	88	13	83	39	86	7	5	94	19	22	9	82	
42	52	1	11	84	26	56	87	21	36	7	83	1	6	50	46	79	89	4	28	40	13	14	90	82	59	2	82	55	6	51	15	80	86	57	98	81	82	17	46	2	82	55	72	78	27	93	66	63	54	88	3	35	38	54	8	42	62	98	12	
99	6	63	58	79	88	45	90	100	54	34	95	86	23	72	81	12	87	48	39	28	59	67	18	64	52	14	82	100	34	83	64	64	8	70	1	96	54	65	7	5	52	68	6	37	89	64	60	65	74	74	51	11	24	70	14	55	47	40	6	
86	49	70	95	73	38	96	92	78	97	73	80	32	18	83	45	16	26	81	37	56	76	94	42	39	53	76	74	24	47	46	88	24	25	23	69	26	46	5	71	1	11	9	9	66	62	79	39	10	28	67	45	70	49	9	82	4	67	23	87	
24	12	85	31	64	100	94	58	4	54	28	97	38	41	32	8	33	55	27	66	35	73	52	92	77	9	19	60	90	96	29	84	22	30	13	28	88	56	55	36	30	49	35	58	88	12	23	22	76	72	100	31	4	51	47	93	92	77	92	59	
46	61	67	2	99	58	54	95	72	63	29	26	8	46	28	31	80	98	50	82	76	51	42	29	20	40	55	4	71	35	67	16	79	95	97	53	9	82	3	7	82	100	61	18	51	63	84	16	100	25	65	81	99	95	33	81	51	95	29	87	
51	100	58	30	61	44	35	56	22	91	58	28	84	67	47	12	50	83	46	72	2	31	76	30	16	8	21	62	26	88	77	80	47	89	7	19	89	74	77	4	18	70	53	79	73	44	39	49	9	86	64	48	97	6	6	71	48	26	26	73	
36	43	90	59	51	12	99	59	54	64	10	96	19	69	25	8	34	95	40	77	44	20	20	15	58	21	5	60	58	13	71	5	29	60	86	77	68	87	86	87	80	42	75	41	31	6	49	50	50	96	40	51	80	97	36	38	88	59	3	59	
86	73	13	7	21	63	27	25	45	89	87	95	15	19	96	86	34	31	3	66	97	43	81	100	56	29	34	36	83	58	85	33	20	2	16	51	53	16	70	36	42	97	32	98	36	89	85	20	86	58	65	39	15	44	28	27	21	61	74	22	
68	37	91	29	93	100	44	100	92	7	51	18	100	89	47	69	82	27	42	7	57	2	53	46	37	59	29	77	69	99	22	64	94	60	12	92	44	96	33	75	70	100	98	82	66	4	29	39	86	25	50	82	30	75	53	19	90	60	52	98	
38	88	9	21	77	11	61	49	97	84	18	19	48	12	91	53	36	54	82	97	11	55	15	22	98	89	21	13	30	8	88	17	12	1	38	42	25	86	35	30	49	93	44	69	9	5	25	22	82	75	42	19	45	73	95	46	64	88	51	8	
10	37	79	67	53	76	82	34	11	34	84	71	79	52	19	48	38	61	21	62	89	43	16	8	40	52	67	79	80	48	38	77	41	37	51	51	35	55	17	62	30	49	80	21	7	52	27	41	9	6	51	81	52	94	49	24	77	42	30	52	
6	45	13	80	63	10	89	85	42	40	55	81	78	44	49	64	34	16	48	20	60	22	39	62	12	32	89	52	27	16	66	6	15	19	45	36	81	10	24	23	36	1	11	4	76	11	66	27	39	38	5	16	27	67	65	97	20	93	84	64	
94	23	13	88	90	78	42	22	54	3	82	91	27	41	70	66	39	95	94	43	10	5	20	17	100	83	24	52	8	13	90	59	43	65	96	51	60	26	43	38	10	7	33	93	30	27	89	60	79	18	18	55	16	4	87	36	37	61	2	64	
80	93	95	94	97	92	23	27	99	36	94	39	2	89	6	38	14	93	90	6	37	90	74	12	36	93	35	9	21	76	69	47	61	31	26	13	76	66	58	47	58	10	41	41	9	29	49	42	50	38	1	43	12	65	17	1	94	23	31	28	
65	50	82	21	78	92	12	87	29	37	17	24	34	85	5	49	43	91	62	28	94	26	88	4	32	49	61	87	58	78	77	43	8	54	84	14	7	41	85	76	67	67	35	5	1	62	70	27	72	86	65	28	42	21	85	12	22	97	96	74	
9	78	79	65	18	44	41	61	5	8	17	65	58	2	37	51	78	40	96	26	97	13	97	16	7	19	62	12	33	45	43	37	38	71	46	56	59	20	99	2	35	55	76	30	3	69	63	57	29	86	43	91	45	13	19	1	40	49	25	44	
45	45	34	65	50	5	22	72	20	2	31	54	73	9	73	70	29	44	77	96	98	66	6	57	37	79	43	38	42	37	18	67	35	96	93	13	92	65	91	95	56	91	93	9	44	97	85	42	24	87	27	16	70	43	86	81	56	55	37	53	
24	76	23	33	1	84	28	18	56	93	37	26	48	69	25	62	79	45	28	57	72	6	12	100	13	45	87	79	14	29	85	14	42	90	86	19	78	40	98	83	46	70	79	96	34	69	59	18	54	12	54	56	86	89	58	45	33	35	81	58	
On machine	2
83	10	26	62	60	40	97	57	23	13	88	25	79	9	78	18	88	4	74	56	29	18	83	67	37	44	71	50	20	75	44	46	32	84	86	13	59	12	10	38	58	65	98	32	82	84	94	7	42	72	75	29	69	55	38	9	94	23	44	92	
41	24	55	68	56	24	43	90	62	64	18	43	30	9	16	31	59	73	91	57	86	50	14	28	21	11	49	22	19	67	92	18	41	6	31	32	79	51	62	90	37	14	48	43	83	41	14	26	95	82	69	28	10	35	3	23	74	6	78	43	
71	58	17	53	38	14	57	41	86	100	95	84	97	84	2	35	22	70	55	95	17	53	31	1	98	70	34	19	30	25	26	96	67	65	37	92	38	70	86	88	24	86	45	81	64	93	46	71	14	54	84	51	65	93	87	12	24	78	54	66	
72	54	29	60	89	41	61	76	17	63	45	57	69	79	5	36	77	57	53	94	19	70	37	57	23	6	43	24	30	37	32	20	53	10	26	44	44	48	49	81	98	13	29	87	21	94	52	6	81	27	63	72	94	43	98	42	56	28	48	58	
16	2	56	76	47	9	62	76	36	72	13	58	85	77	1	10	81	63	16	59	70	53	56	63	22	44	75	13	67	62	49	53	76	13	66	71	33	68	50	7	30	39	53	36	54	37	30	47	9	65	13	2	11	82	44	16	83	60	59	84	
13	46	100	14	68	58	22	16	3	65	4	17	52	67	88	14	34	47	88	14	55	30	49	48	89	62	78	70	50	65	100	39	53	47	91	96	75	41	71	64	30	82	76	75	57	15	91	65	24	89	79	10	37	37	46	88	95	37	47	54	
90	78	92	76	99	30	47	16	46	14	79	71	61	30	24	37	26	95	54	72	72	13	82	32	66	15	14	15	1	88	7	59	35	99	56	60	35	93	28	46	19	81	32	72	56	52	70	86	5	99	57	56	6	2	79	95	47	2	15	100	
55	89	18	91	10	48	32	70	94	69	2	81	32	90	71	40	19	94	80	31	97	3	64	81	27	100	16	76	10	27	66	88	86	17	44	22	97	57	43	87	51	86	69	42	49	9	20	86	3	31	16	99	39	31	26	82	87	22	82	7	
21	30	2	94	65	48	16	78	83	42	3	2	95	77	100	40	29	55	26	35	68	3	79	47	22	91	17	4	8	46	33	43	68	67	13	11	76	91	40	40	5	35	74	45	56	32	4	12	24	54	55	14	52	18	40	18	38	71	59	30	
64	83	60	64	33	11	73	71	48	48	86	83	5	48	9	88	80	81	25	13	82	23	57	60	73	48	9	17	71	43	65	21	38	77	29	44	98	16	79	81	20	29	31	4	10	77	44	44	55	14	43	96	48	59	5	80	94	65	60	68	
34	59	30	40	91	68	70	8	35	52	11	86	44	68	86	58	16	34	38	97	79	25	42	65	93	68	23	27	56	5	42	22	34	92	8	28	93	64	84	43	14	69	5	41	49	3	69	59	80	80	1	10	34	36	9	87	49	48	90	25	
9	4	39	88	39	56	33	32	98	74	11	90	65	73	48	75	10	37	62	7	81	57	63	48	7	37	34	46	77	6	72	37	51	98	71	29	82	52	30	41	34	100	27	52	12	11	14	87	79	2	22	31	31	23	9	86	99	51	11	92	
99	33	83	72	90	88	93	34	54	33	75	15	72	15	75	51	41	83	65	90	53	33	73	15	39	52	7	73	25	30	69	58	34	71	28	73	45	72	99	50	39	93	100	57	100	24	37	35	2	36	14	32	74	64	11	66	68	34	80	32	
73	62	8	39	59	75	99	97	48	15	19	46	22	50	53	76	46	93	31	9	2	68	29	36	97	90	32	17	50	39	38	92	80	63	63	17	80	17	40	67	7	18	50	18	78	63	69	55	19	92	10	37	14	26	61	35	83	43	35	23	
74	57	11	57	24	53	7	100	100	17	78	88	11	39	64	49	11	48	5	19	70	87	97	70	69	38	88	32	46	51	61	33	59	91	48	38	100	48	17	21	48	11	99	68	22	44	64	48	54	28	69	99	31	80	90	53	27	12	32	76	
5	79	82	14	85	25	17	88	9	96	35	36	15	51	5	90	55	60	60	14	66	17	93	68	11	66	15	21	76	13	74	82	92	49	42	63	25	27	42	30	33	45	45	24	21	5	85	42	27	79	30	4	71	38	89	38	96	8	42	31	
1	43	46	15	20	90	53	32	17	13	95	33	99	44	65	21	78	22	82	90	8	92	55	97	17	67	92	28	53	40	5	67	45	31	36	7	76	94	98	96	92	83	39	36	75	35	49	89	63	68	26	71	41	61	87	66	85	92	92	99	
23	21	76	100	16	81	15	33	61	86	99	88	7	85	23	20	14	63	55	14	79	88	31	64	83	73	14	38	14	21	95	86	96	11	1	95	47	50	40	41	53	52	10	99	84	15	47	41	7	41	45	36	58	83	67	54	1	52	59	34	
5	75	30	98	3	6	90	39	33	8	59	88	42	18	23	10	38	85	99	26	26	43	15	56	61	95	88	36	39	86	84	30	52	56	44	50	57	62	61	76	66	77	36	6	64	34	68	24	13	60	87	43	56	11	99	97	7	22	34	8	
57	27	51	57	81	17	39	99	12	3	96	76	99	55	55	62	29	58	44	6	46	78	70	73	56	20	36	40	80	2	71	79	88	64	29	8	80	95	33	40	39	21	20	65	43	64	88	37	31	73	18	7	72	36	29	64	2	5	97	89	
25	33	42	64	79	79	53	98	91	4	35	14	11	5	88	59	74	3	26	15	37	63	63	72	83	7	32	76	11	76	59	7	13	86	50	19	23	25	97	32	60	78	37	97	22	41	66	99	29	88	78	23	96	11	19	1	36	49	31	3	
9	68	2	79	44	53	16	6	54	51	71	5	55	67	87	8	39	50	48	16	71	82	44	25	31	35	66	85	82	68	66	24	75	85	42	16	46	74	80	62	54	3	20	6	74	33	49	8	42	85	3	100	60	35	40	98	14	14	84	41	
33	87	96	13	90	27	98	51	80	100	1	66	51	98	28	11	11	22	78	28	56	96	35	28	84	74	2	22	25	64	88	72	30	41	35	94	88	30	28	76	93	73	29	100	11	49	47	55	86	32	11	45	16	69	20	38	92	79	21	84	
25	29	3	11	40	84	81	93	8	94	54	38	66	45	94	24	88	67	65	30	49	38	76	38	70	51	66	90	27	10	6	49	85	22	49	78	27	87	19	79	39	83	41	77	74	82	49	39	38	63	73	18	10	100	17	64	11	57	52	68	
94	44	53	84	22	85	54	84	15	98	89	62	75	30	84	90	53	69	70	17	35	15	68	92	8	62	66	51	42	69	31	15	60	3	46	34	27	63	50	29	25	85	82	90	30	29	89	97	99	6	13	5	61	98	15	51	76	80	74	70	
11	66	55	27	53	32	21	51	8	28	100	74	36	96	44	55	56	45	90	41	5	9	26	92	11	52	47	49	77	62	15	98	10	92	80	97	29	51	65	58	81	25	41	3	93	63	37	20	51	71	97	59	58	75	40	37	58	85	3	62	
99	28	11	86	48	27	66	37	73	69	88	87	75	56	81	87	63	34	82	89	61	1	88	75	38	50	72	13	53	69	90	27	94	86	7	59	4	11	40	18	96	36	84	48	29	63	28	27	14	69	15	75	74	61	8	71	58	64	30	28	
56	76	51	72	43	21	34	16	75	88	71	69	74	26	70	82	95	48	94	74	70	81	27	66	88	9	76	90	21	27	38	33	11	42	35	12	17	35	78	98	32	98	59	41	40	89	45	80	70	49	27	77	56	96	28	85	17	35	46	94	
59	33	40	16	67	71	58	56	20	81	5	16	91	49	76	43	25	27	99	36	60	1	14	72	87	92	16	37	17	30	72	72	33	25	99	46	23	31	40	67	49	92	76	27	16	45	30	42	89	23	6	86	52	72	8	50	39	91	8	25	
22	82	51	35	34	94	37	95	19	23	4	2	63	18	99	59	80	91	100	31	49	76	91	71	75	93	1	63	21	3	72	2	10	42	11	20	10	46	20	6	8	45	44	40	14	57	38	47	2	57	68	22	87	68	38	74	39	34	21	21	
32	82	99	87	40	100	84	86	74	72	41	36	21	31	22	18	51	55	9	100	42	81	84	86	14	30	47	89	31	90	99	53	100	2	67	13	81	39	73	18	33	76	75	45	34	75	71	96	17	78	47	1	13	61	1	55	31	74	70	9	
48	25	37	50	50	82	34	16	12	79	52	23	87	78	56	32	68	11	59	93	16	69	77	43	30	99	11	15	40	96	46	76	1	4	37	26	1	25	53	7	25	100	27	66	100	14	30	9	22	65	57	17	81	56	39	89	25	93	73	7	
100	4	36	2	10	85	8	49	97	85	92	3	56	87	79	3	97	4	34	89	72	99	11	34	38	83	29	44	75	77	21	2	100	94	88	39	75	97	58	84	14	29	7	99	22	86	56	81	97	48	92	32	7	40	63	33	78	74	63	56	
31	46	17	58	54	7	98	14	73	100	67	47	89	5	38	92	14	10	41	69	12	63	80	33	26	79	62	97	82	5	8	44	61	32	66	55	44	33	22	27	27	19	86	13	85	81	80	57	68	8	92	62	87	11	26	65	41	42	92	28	
96	64	54	1	5	27	76	34	74	45	64	55	69	8	68	50	63	37	82	75	37	86	31	13	57	77	45	3	41	84	40	54	27	59	7	62	88	95	86	59	79	100	47	46	12	28	1	16	42	37	12	34	44	57	19	61	23	90	74	4	
60	97	100	96	76	10	96	36	41	92	46	17	87	100	20	23	47	32	45	56	70	26	58	29	97	98	88	75	7	28	33	91	45	33	30	30	37	21	100	38	9	46	34	53	22	67	79	83	6	75	96	77	91	66	92	96	13	84	37	79	
67	53	98	33	85	48	95	23	4	45	57	25	15	81	39	70	36	3	76	61	70	76	85	41	10	34	9	12	51	18	4	84	51	39	97	38	82	27	95	31	61	16	49	60	23	21	81	25	78	26	82	38	30	21	82	100	94	23	90	29	
19	10	63	62	37	16	77	85	83	20	66	4	22	51	53	48	81	86	52	37	88	35	22	65	22	29	57	31	3	7	35	2	2	31	55	10	31	23	7	67	12	80	16	80	61	51	29	69	14	65	47	79	68	13	73	67	59	48	51	2	
26	12	96	100	27	85	96	80	100	84	39	43	6	56	52	55	18	30	89	38	53	12	63	15	52	94	33	12	99	93	44	72	82	8	81	59	70	8	34	16	73	38	81	18	80	62	55	82	87	18	33	84	14	12	37	68	63	21	50	7	
49	82	15	54	83	85	49	94	15	100	20	84	5	39	29	71	26	48	9	40	30	30	12	6	22	18	71	50	90	26	98	32	86	94	82	23	34	14	46	57	95	65	12	75	48	94	59	51	81	24	98	63	34	58	35	13	44	45	37	99	
48	53	63	77	72	42	67	8	6	14	2	45	81	35	68	39	50	87	6	86	60	4	78	8	16	49	26	84	28	8	17	72	13	30	91	35	78	68	91	28	59	55	6	58	30	74	17	80	84	86	91	39	91	98	72	93	51	29	97	76	
67	25	53	24	25	33	44	13	20	85	50	64	53	20	30	39	4	82	91	96	85	76	18	86	11	84	45	90	79	73	80	85	32	43	66	61	85	87	71	85	59	69	39	84	9	9	29	37	81	55	89	72	86	23	47	73	39	37	61	30	
33	5	26	14	35	5	72	15	52	66	7	3	66	29	92	11	38	38	17	76	81	22	53	55	77	8	57	21	99	65	20	2	75	33	41	39	40	25	63	43	51	27	10	24	94	3	11	98	85	39	92	87	3	9	89	42	80	32	14	61	
67	8	62	82	96	45	83	14	16	14	31	93	96	43	86	16	33	100	69	16	53	25	39	74	23	46	6	32	75	37	36	59	92	38	58	41	13	14	29	60	14	16	71	68	37	32	32	50	61	25	42	98	6	58	94	50	65	91	88	35	
72	89	96	91	5	27	22	3	4	58	42	48	27	3	17	29	46	100	96	39	62	49	10	31	72	83	48	35	61	2	51	27	45	30	50	78	11	79	32	54	44	14	76	80	62	20	3	63	57	65	46	38	30	39	52	28	40	92	47	88	
56	2	46	73	90	22	77	8	97	62	73	67	69	67	65	72	35	37	2	11	36	29	69	76	75	1	90	24	25	98	85	42	42	14	34	93	69	39	43	80	91	12	64	41	44	83	34	77	74	95	53	8	6	74	7	52	48	2	10	17	
71	23	15	8	49	28	39	66	72	7	62	67	1	98	95	97	24	80	27	91	56	30	38	43	56	2	54	79	46	6	37	84	19	9	5	31	59	63	25	61	14	33	75	48	16	50	60	82	65	20	72	17	96	47	35	32	97	92	91	5	
12	48	67	39	68	78	10	70	63	39	24	5	76	5	38	76	99	34	89	66	16	21	53	96	90	48	97	46	41	8	50	53	98	26	27	78	14	36	44	86	30	76	40	15	97	95	27	78	90	48	12	9	84	77	5	11	83	67	12	82	
25	30	86	88	4	3	23	24	82	70	65	19	71	22	44	66	77	91	5	91	14	22	65	64	41	66	53	55	58	38	68	91	79	86	73	49	39	76	89	58	23	84	26	76	14	29	45	23	49	29	58	23	34	50	22	71	19	51	69	91	
79	95	60	86	66	20	69	49	90	3	34	16	49	61	59	78	59	45	55	74	67	61	20	89	94	62	25	97	47	8	85	92	23	69	86	66	39	92	87	39	90	49	66	93	68	3	88	84	91	18	90	34	85	19	80	13	15	17	84	99	
45	61	49	38	9	55	44	24	84	10	95	48	18	70	32	41	85	29	89	27	1	29	33	72	19	55	49	92	63	7	81	56	31	18	28	48	69	19	39	75	76	67	77	43	94	27	50	69	95	35	21	78	25	88	42	15	8	34	89	98	
85	87	1	73	83	3	12	82	15	88	43	92	23	33	72	66	18	42	38	77	59	38	33	22	48	9	71	16	24	70	14	43	2	19	31	46	8	56	39	42	32	22	100	7	94	97	5	30	39	40	85	88	64	32	61	11	97	66	17	82	
31	92	62	77	16	90	97	94	6	97	74	69	55	49	53	71	48	32	56	93	76	74	19	51	58	30	57	8	8	5	76	82	58	13	51	63	70	88	25	57	74	31	60	14	29	61	19	97	77	24	89	87	97	35	68	69	17	96	97	49	
34	96	48	72	56	95	25	99	57	34	12	40	3	8	3	31	41	14	18	88	34	75	56	79	18	38	95	39	14	39	40	43	34	85	72	31	9	80	46	61	11	46	58	31	46	65	53	52	59	33	70	69	98	4	61	50	28	73	38	81	
80	49	67	10	16	75	53	31	30	95	61	31	47	9	67	77	13	19	51	46	95	4	35	55	77	74	95	84	31	23	35	38	79	71	46	5	65	37	36	2	21	80	69	62	54	75	46	87	50	68	25	29	6	52	40	91	76	39	3	40	
37	36	59	11	32	30	61	29	8	77	30	61	53	26	27	21	70	93	37	89	25	62	87	48	27	62	83	5	58	62	81	18	76	64	21	23	22	61	88	54	21	30	90	87	19	39	7	73	42	45	54	2	36	63	37	32	38	52	66	20	
15	23	13	59	15	86	39	90	29	55	18	59	88	32	99	46	9	74	37	1	30	45	78	38	77	21	26	48	96	76	58	49	3	86	71	79	71	53	59	22	62	18	97	64	6	83	12	62	74	35	28	19	3	71	29	30	35	95	63	69	
72	16	35	59	35	27	74	29	35	6	7	77	51	33	91	98	18	83	90	52	63	74	49	87	44	73	94	6	59	29	4	10	78	54	4	47	58	42	3	42	79	58	1	11	31	4	85	29	45	32	93	20	47	27	21	38	81	58	35	45	
60	51	97	60	7	40	51	96	41	39	86	53	51	21	38	69	23	15	19	100	14	95	53	97	98	79	45	12	50	69	10	24	10	69	6	83	30	20	54	15	18	78	71	71	16	3	13	19	49	98	16	92	5	98	74	67	44	60	52	24	
36	84	20	38	9	75	14	46	95	41	2	35	52	100	30	16	41	81	60	20	56	5	58	65	70	74	23	80	46	87	53	59	67	10	33	8	18	41	63	61	63	47	83	81	96	27	14	11	46	93	81	56	85	64	39	13	42	16	45	98	
