Factories	3
Families	60
Machines	6
SetupType	2

Number of Jobs in each Family
10	6	2	5	1	4	9	5	10	10	8	8	5	9	9	3	9	1	1	6	3	1	9	7	2	8	2	2	7	2	7	6	3	1	4	9	6	5	3	3	5	2	5	6	6	10	3	9	5	1	10	10	9	6	1	4	7	2	3	3	

Jobs in each Family
0	1	2	3	4	5	6	7	8	9	
10	11	12	13	14	15	
16	17	
18	19	20	21	22	
23	
24	25	26	27	
28	29	30	31	32	33	34	35	36	
37	38	39	40	41	
42	43	44	45	46	47	48	49	50	51	
52	53	54	55	56	57	58	59	60	61	
62	63	64	65	66	67	68	69	
70	71	72	73	74	75	76	77	
78	79	80	81	82	
83	84	85	86	87	88	89	90	91	
92	93	94	95	96	97	98	99	100	
101	102	103	
104	105	106	107	108	109	110	111	112	
113	
114	
115	116	117	118	119	120	
121	122	123	
124	
125	126	127	128	129	130	131	132	133	
134	135	136	137	138	139	140	
141	142	
143	144	145	146	147	148	149	150	
151	152	
153	154	
155	156	157	158	159	160	161	
162	163	
164	165	166	167	168	169	170	
171	172	173	174	175	176	
177	178	179	
180	
181	182	183	184	
185	186	187	188	189	190	191	192	193	
194	195	196	197	198	199	
200	201	202	203	204	
205	206	207	
208	209	210	
211	212	213	214	215	
216	217	
218	219	220	221	222	
223	224	225	226	227	228	
229	230	231	232	233	234	
235	236	237	238	239	240	241	242	243	244	
245	246	247	
248	249	250	251	252	253	254	255	256	
257	258	259	260	261	
262	
263	264	265	266	267	268	269	270	271	272	
273	274	275	276	277	278	279	280	281	282	
283	284	285	286	287	288	289	290	291	
292	293	294	295	296	297	
298	
299	300	301	302	
303	304	305	306	307	308	309	
310	311	
312	313	314	
315	316	317	

Total number of jobs
318

Processing times of jobs
4	8	5	3	3	5	
3	1	6	6	1	9	
7	7	7	2	4	8	
4	4	6	1	9	10	
3	3	7	9	5	5	
4	10	6	1	1	8	
4	7	8	4	3	6	
2	5	5	3	1	1	
8	3	8	5	8	8	
7	4	6	9	8	3	
6	7	5	8	4	6	
9	9	3	5	1	8	
9	7	10	10	2	7	
10	3	2	3	5	1	
4	2	1	2	9	9	
3	9	9	10	10	5	
4	9	7	3	6	3	
8	6	1	1	10	5	
10	10	4	1	5	4	
10	9	2	2	4	4	
8	3	10	1	9	7	
2	4	7	8	6	3	
5	3	9	7	2	2	
10	5	6	2	7	9	
3	8	7	5	3	8	
5	7	6	1	7	6	
8	9	2	10	10	1	
10	2	4	1	5	8	
8	6	6	3	3	8	
4	2	1	9	2	2	
10	8	1	6	2	8	
4	5	10	8	4	5	
7	2	8	1	2	1	
7	4	6	3	5	8	
9	10	3	10	2	5	
6	6	7	2	7	1	
10	1	1	7	4	7	
4	10	7	1	3	5	
5	5	3	2	9	1	
3	5	4	5	10	8	
8	6	8	6	5	1	
9	3	1	4	8	7	
6	8	10	7	8	4	
10	7	10	1	9	5	
9	1	1	10	5	9	
5	3	6	9	8	10	
4	9	5	10	2	4	
5	6	8	9	1	7	
3	6	1	4	8	9	
1	8	5	3	3	4	
1	7	3	6	10	8	
6	5	9	7	8	2	
5	5	3	7	6	6	
3	8	7	3	5	6	
2	4	2	2	3	4	
1	4	9	2	3	6	
9	4	8	2	7	6	
10	2	8	3	9	7	
1	1	4	9	8	5	
1	8	8	10	6	3	
10	9	8	7	4	2	
1	1	10	2	6	10	
8	8	1	1	2	6	
3	7	7	10	5	7	
5	4	9	8	4	10	
5	6	7	4	10	8	
4	6	1	6	7	10	
9	8	5	8	4	1	
6	8	7	5	5	10	
9	7	3	10	5	10	
4	5	8	6	4	9	
1	2	5	4	7	10	
3	4	4	2	3	3	
5	9	3	1	8	6	
4	9	2	6	8	5	
2	9	10	2	2	6	
2	3	2	6	8	9	
8	6	7	3	7	1	
10	8	1	3	4	5	
6	7	9	6	10	8	
1	7	8	10	2	4	
7	1	4	5	3	2	
6	3	7	7	7	8	
6	6	9	2	2	5	
5	2	7	5	8	8	
10	6	9	3	2	3	
6	9	9	3	4	5	
4	1	5	4	2	8	
2	5	8	6	3	7	
4	8	10	7	8	1	
9	1	8	4	2	9	
6	9	8	6	2	9	
6	2	4	1	4	4	
3	10	2	3	3	2	
8	4	10	6	6	6	
7	2	8	7	10	1	
5	6	10	2	4	5	
6	5	9	6	7	1	
4	5	10	2	10	10	
7	7	5	7	6	9	
2	6	4	7	3	8	
8	1	8	5	3	7	
1	7	1	6	8	3	
10	3	7	3	4	9	
5	4	9	4	5	2	
4	7	6	4	6	10	
10	4	1	1	8	8	
1	8	2	6	7	2	
2	3	9	8	4	6	
7	9	3	1	7	2	
4	3	1	3	5	2	
5	10	6	2	2	2	
6	3	2	8	10	9	
2	10	10	8	10	3	
9	9	9	7	3	3	
5	10	2	2	9	9	
4	4	4	8	6	8	
3	2	2	1	8	8	
1	1	2	7	4	10	
10	8	3	2	3	4	
2	2	6	10	6	5	
10	6	5	9	1	1	
5	8	6	6	1	3	
2	9	5	8	9	6	
4	1	9	4	5	7	
10	5	6	3	4	9	
3	6	1	4	9	5	
8	8	5	4	1	10	
2	7	7	2	7	3	
1	6	7	2	8	7	
7	6	4	7	9	6	
8	2	8	7	6	4	
9	7	2	4	4	4	
1	9	7	4	3	5	
2	4	6	7	2	5	
3	2	8	5	5	1	
1	10	10	6	1	3	
6	3	7	3	9	6	
3	2	2	1	4	6	
8	5	4	8	9	2	
9	1	6	1	3	6	
9	4	10	6	6	8	
2	8	3	6	1	6	
1	9	5	2	4	3	
6	9	2	2	2	5	
5	5	1	3	10	5	
6	9	6	9	4	10	
3	9	1	3	7	2	
8	2	9	8	3	10	
10	4	10	5	10	1	
1	4	5	3	9	9	
1	9	2	10	2	5	
1	4	1	6	8	5	
3	5	1	9	7	3	
10	2	5	9	3	2	
3	8	3	2	5	10	
7	5	9	6	6	3	
9	6	7	2	9	7	
1	6	3	8	3	7	
3	1	2	5	3	3	
6	10	2	4	7	8	
1	3	10	8	3	3	
2	9	3	9	8	6	
9	7	10	8	8	7	
2	7	2	7	7	3	
8	4	5	7	4	6	
4	9	4	9	7	9	
5	2	1	10	8	5	
8	5	9	4	3	4	
4	5	7	1	3	6	
8	5	5	9	4	7	
10	6	10	3	2	8	
10	10	1	4	5	10	
8	1	5	2	4	9	
6	10	3	2	3	2	
4	3	10	8	8	6	
6	1	3	3	4	9	
3	3	2	2	4	4	
1	1	10	6	1	1	
2	10	2	3	2	7	
2	9	3	1	1	1	
5	4	2	5	8	9	
3	6	4	8	10	5	
5	7	2	5	7	4	
9	9	5	5	8	1	
1	3	7	4	7	5	
10	5	10	7	6	7	
10	7	3	6	9	2	
6	1	4	7	8	4	
5	10	8	2	8	8	
9	5	6	7	2	2	
6	3	2	8	6	10	
9	1	9	1	10	4	
3	5	8	6	3	8	
4	2	2	8	5	8	
3	10	5	7	4	6	
2	6	10	6	1	7	
2	8	2	9	9	10	
5	4	2	10	7	4	
4	4	10	10	3	5	
4	7	4	3	10	1	
6	10	4	7	7	4	
7	3	6	1	5	1	
7	1	7	2	10	10	
6	5	7	5	9	10	
6	1	9	4	6	9	
9	7	3	2	2	8	
4	9	9	4	4	4	
9	1	1	1	5	9	
2	2	2	9	9	10	
4	10	5	7	9	9	
5	4	3	7	7	7	
6	5	7	10	6	7	
10	5	1	4	9	5	
2	1	6	7	3	5	
5	3	7	8	2	4	
5	7	4	7	3	8	
4	10	7	5	10	4	
3	2	5	7	3	2	
6	7	10	9	5	7	
9	5	5	9	7	4	
10	1	1	6	1	2	
1	6	4	6	7	4	
7	1	9	7	7	6	
1	5	4	6	1	7	
1	5	10	2	7	8	
9	4	8	9	2	5	
10	9	6	6	9	2	
10	4	8	7	6	10	
2	5	4	1	6	10	
6	4	6	10	6	7	
10	6	9	8	8	2	
9	10	8	4	7	9	
9	5	8	3	6	5	
4	10	7	7	1	10	
8	6	8	8	9	7	
5	10	2	10	7	2	
4	1	2	7	1	10	
6	9	2	2	10	7	
10	1	6	1	5	9	
7	6	4	8	1	1	
8	10	3	3	1	5	
7	7	6	9	8	3	
5	9	2	2	2	2	
3	10	3	2	9	4	
2	8	7	1	5	1	
10	9	1	5	10	7	
10	3	10	7	5	1	
2	9	9	10	1	4	
1	7	1	8	5	5	
1	10	8	6	9	9	
9	8	2	8	6	4	
10	3	4	8	8	1	
8	1	8	5	8	9	
3	9	5	2	4	5	
4	5	5	7	4	10	
7	8	8	3	7	7	
10	9	3	3	10	3	
7	10	7	5	7	2	
2	1	3	10	6	2	
10	6	5	7	6	3	
8	10	6	7	1	3	
8	8	2	1	3	4	
10	10	8	4	2	1	
6	6	7	7	1	5	
8	6	9	7	8	2	
10	10	2	7	3	4	
2	4	9	8	4	2	
4	10	2	8	10	7	
1	3	5	3	3	2	
1	4	4	5	1	3	
1	5	8	4	6	5	
8	2	7	3	3	5	
2	7	3	1	2	8	
7	6	7	10	2	7	
10	7	1	5	1	6	
8	5	3	6	3	6	
9	1	4	4	1	10	
5	4	9	8	5	7	
4	5	7	2	2	2	
6	10	1	1	2	2	
1	10	4	4	4	6	
3	3	6	4	6	2	
3	10	5	9	1	1	
10	6	8	10	1	9	
4	6	4	10	1	7	
5	5	2	1	5	7	
9	3	3	7	5	4	
6	4	7	4	8	10	
4	3	5	4	8	10	
3	10	8	10	3	1	
6	1	8	2	7	8	
3	4	2	8	10	1	
10	4	3	9	3	3	
3	10	1	9	3	3	
2	6	1	3	3	2	
9	5	8	2	8	7	
6	9	8	4	1	9	
2	9	1	4	2	3	
7	8	2	1	2	3	
2	10	10	8	3	6	
5	6	6	6	6	9	
8	10	1	8	6	8	
7	10	9	7	3	7	
1	7	7	7	3	4	
9	9	7	1	9	7	
2	3	2	6	4	3	
2	5	10	9	2	10	
4	2	10	9	2	1	
8	9	10	7	9	7	
2	5	1	10	10	7	
4	8	9	2	2	7	
4	2	4	7	5	7	
10	2	5	7	1	1	
4	1	10	1	10	4	
7	8	1	3	5	8	
8	9	6	10	4	9	
5	2	8	3	7	6	

Stepup times between Families, where [f][f] represents initial setup time
On machine	1
29	24	8	42	32	43	12	8	30	49	8	26	50	42	35	44	32	6	10	2	34	25	25	46	3	32	3	42	28	48	9	29	7	46	40	44	1	34	15	5	16	16	1	45	15	1	33	10	7	14	17	35	18	3	8	3	32	14	4	29	
31	11	44	28	24	7	16	23	42	2	9	43	27	36	21	9	20	28	21	11	18	21	41	2	49	14	45	26	2	5	20	50	37	3	13	24	30	19	12	3	8	48	28	12	46	30	2	48	35	43	40	2	13	43	19	46	2	39	36	37	
47	19	17	38	19	29	27	23	22	25	27	33	30	24	24	14	39	13	19	49	20	19	47	4	34	49	26	38	29	34	3	9	11	28	9	36	28	43	43	3	19	48	28	49	31	31	3	48	29	35	16	40	34	46	6	39	31	2	41	19	
26	48	3	12	3	24	19	7	28	18	8	15	23	30	20	1	29	2	10	33	22	44	21	40	10	43	13	5	4	20	8	41	20	45	49	37	4	11	34	43	24	6	39	22	28	26	24	24	8	35	6	35	49	22	18	11	12	44	3	25	
46	48	31	41	30	7	22	34	10	13	32	21	21	41	21	6	25	8	37	45	44	28	23	32	34	31	10	50	49	37	14	27	44	16	44	20	39	48	39	40	27	17	25	45	30	25	43	25	49	14	4	34	5	11	33	27	34	50	18	32	
22	2	2	48	29	2	4	31	22	14	19	4	26	26	44	28	43	42	14	44	47	44	8	31	25	28	22	46	46	39	36	7	13	41	45	15	47	18	22	37	17	1	38	44	37	8	11	22	14	22	46	37	42	36	4	3	48	41	33	34	
32	42	42	28	13	3	6	13	18	38	10	25	6	33	4	41	48	16	46	50	42	31	5	47	4	22	12	24	10	44	11	2	47	19	2	7	9	15	18	49	9	39	18	38	2	7	33	43	15	48	25	31	18	32	25	14	13	5	26	7	
13	46	4	11	8	24	15	33	1	43	35	39	31	11	48	43	42	27	22	45	33	36	7	36	46	21	43	32	28	29	41	7	50	3	46	34	44	35	7	34	47	14	47	8	24	27	39	17	44	4	43	47	31	46	27	32	43	25	34	19	
2	11	25	35	46	7	43	31	9	20	16	41	36	6	12	17	7	44	17	8	35	9	32	22	9	24	17	39	36	21	44	15	35	48	44	12	32	46	18	39	39	21	3	31	36	11	9	3	7	14	42	3	6	14	18	1	17	33	15	20	
29	20	19	39	2	18	19	30	6	8	33	34	31	38	33	37	39	7	5	14	49	27	15	3	25	41	28	6	17	17	47	26	7	11	27	46	8	15	44	38	42	31	50	50	8	28	40	48	35	32	2	16	1	31	1	25	37	27	46	31	
30	21	4	18	15	4	21	35	37	17	47	12	23	35	20	26	40	21	28	28	23	11	38	21	27	30	24	50	19	5	38	31	20	20	35	30	7	2	7	28	48	32	39	1	14	36	28	13	22	20	38	48	1	16	5	9	34	41	6	43	
3	11	9	16	15	38	40	38	36	44	13	34	30	3	25	43	39	37	34	30	15	8	44	2	40	50	13	7	45	11	11	1	6	46	3	19	8	1	21	4	15	36	34	24	1	18	39	1	3	20	12	26	37	50	12	43	11	2	11	10	
37	24	33	38	19	8	14	31	45	29	36	4	16	13	3	41	8	34	25	44	17	17	44	37	21	41	24	49	8	22	18	44	38	9	6	43	10	27	4	37	41	48	8	33	41	43	24	36	37	23	7	20	9	24	8	39	26	31	31	33	
6	31	2	50	37	30	36	1	31	19	42	22	19	43	5	11	23	12	1	1	43	38	50	26	34	23	10	19	22	29	42	22	26	28	7	2	12	31	27	31	39	46	31	37	31	16	21	33	19	34	45	15	3	49	20	22	21	24	4	33	
26	46	13	14	30	28	22	24	27	22	7	30	23	2	13	15	40	38	45	17	50	9	16	36	9	43	3	9	16	23	48	32	31	44	42	45	29	14	33	4	4	47	38	33	32	49	30	5	21	41	13	41	11	20	46	43	32	34	22	9	
6	13	40	39	27	48	25	32	8	32	36	12	24	49	37	35	42	28	46	39	43	28	2	1	14	11	21	24	50	23	37	19	42	20	24	17	46	32	49	41	33	29	2	19	33	16	39	20	45	49	10	44	36	29	39	39	11	11	44	4	
6	26	41	46	34	33	5	5	35	18	2	17	47	17	37	11	19	5	16	47	39	17	10	36	26	8	7	2	21	49	24	38	5	40	4	31	5	44	18	47	49	30	24	29	38	40	50	19	35	25	28	12	36	9	34	39	36	14	38	29	
1	19	5	49	27	29	8	47	23	42	23	46	23	23	10	2	7	24	21	32	42	26	18	6	42	9	23	50	29	41	4	15	25	47	35	4	49	37	8	1	1	49	44	44	17	15	41	17	47	45	16	42	16	46	20	45	27	9	24	10	
16	2	31	30	26	5	30	11	42	10	14	46	44	2	48	26	27	43	17	15	14	25	18	21	40	21	2	12	3	26	37	11	33	39	12	33	15	37	27	15	6	24	19	38	38	3	1	50	35	10	26	43	41	40	35	43	45	21	33	22	
26	45	12	7	16	29	42	43	48	48	2	23	2	21	39	26	14	3	23	11	39	32	25	5	42	13	25	40	5	43	23	25	33	36	38	9	9	30	6	49	11	26	27	46	35	45	6	15	30	20	19	2	47	9	8	12	22	28	31	23	
41	36	30	14	39	16	39	1	32	34	40	18	49	40	3	3	21	49	43	2	21	5	1	17	15	21	3	16	18	8	34	22	18	18	21	23	1	31	11	40	5	27	17	6	3	12	25	21	9	25	6	40	36	20	13	9	3	50	44	29	
40	4	5	40	44	34	28	41	7	49	50	27	6	1	15	8	24	11	17	17	2	45	7	24	33	49	6	38	7	9	48	16	33	36	12	9	5	46	38	50	4	48	41	49	25	43	28	46	45	35	31	48	36	43	5	37	1	36	48	7	
49	9	8	34	30	2	29	47	38	18	25	39	2	24	21	37	48	21	5	29	4	5	45	47	7	9	22	23	21	11	28	42	41	30	14	33	13	37	36	49	48	8	15	3	5	41	30	44	4	5	50	45	23	31	18	20	40	41	24	47	
19	18	38	24	31	29	30	15	41	4	9	32	28	44	21	11	31	23	12	49	34	44	1	17	33	48	1	14	4	43	36	16	2	19	24	10	38	34	36	13	1	1	49	4	24	34	25	42	23	49	15	22	9	24	48	14	43	18	45	30	
30	13	47	11	1	19	31	47	15	17	17	45	7	41	28	31	50	3	46	46	19	9	18	2	25	26	4	7	26	4	5	31	42	34	41	18	28	46	47	22	5	2	45	22	4	2	18	4	28	7	8	30	19	11	28	8	42	17	50	27	
10	16	21	34	46	20	46	19	7	38	42	48	48	29	12	11	28	12	45	19	43	50	1	10	36	9	34	45	13	23	4	48	43	32	5	32	6	32	50	46	21	19	39	29	44	36	29	39	14	13	20	45	5	38	6	44	11	29	7	12	
21	7	4	47	29	44	3	26	30	19	7	45	49	27	17	20	26	10	7	3	39	15	29	13	24	24	19	43	26	39	32	48	43	33	8	10	50	44	17	4	8	8	7	31	16	14	41	9	49	19	2	28	25	24	36	22	35	27	42	46	
12	11	22	14	31	28	25	15	36	38	18	13	6	24	30	48	21	18	40	34	47	14	46	9	39	32	48	19	48	48	47	30	10	46	44	30	37	32	18	43	26	50	27	43	34	11	40	7	30	6	21	28	5	16	16	19	11	27	24	33	
28	4	7	32	38	27	21	7	7	23	23	39	5	19	21	37	48	26	39	1	17	46	41	14	44	19	22	2	30	30	26	23	4	45	17	10	44	40	11	9	27	5	42	33	50	13	48	1	15	42	13	39	1	37	7	19	18	9	8	27	
31	27	34	39	46	34	41	46	3	50	8	15	33	20	15	47	5	4	6	43	32	1	35	44	47	46	32	32	10	48	10	37	45	40	49	50	27	37	13	50	36	37	27	23	37	22	1	12	19	10	32	11	36	40	50	9	15	1	18	29	
29	50	43	31	12	33	43	18	36	14	18	17	24	49	36	5	45	17	46	16	40	31	47	18	47	45	22	37	24	34	49	45	13	10	34	18	34	10	6	17	38	45	32	37	44	16	21	5	27	38	16	18	29	35	12	42	9	36	31	34	
7	23	13	23	43	22	7	13	44	17	32	4	9	8	29	6	32	32	39	32	10	7	46	4	35	36	21	5	17	49	34	35	6	46	19	10	47	46	6	19	49	22	50	48	21	11	24	10	22	24	18	10	23	40	26	16	42	16	38	41	
38	19	35	12	12	28	46	15	32	40	49	36	20	4	27	23	43	14	15	42	25	2	4	25	49	37	29	21	25	22	33	49	19	26	44	46	39	13	8	33	13	46	19	13	23	25	1	11	34	8	38	36	12	39	28	20	18	14	18	42	
22	48	26	26	36	37	23	43	18	8	41	3	2	4	22	13	33	32	10	37	1	47	48	35	17	30	13	11	42	3	26	27	48	23	27	23	43	16	3	31	18	5	49	36	22	2	48	19	39	35	32	13	44	4	22	21	37	27	13	23	
40	48	17	30	32	8	10	49	38	44	37	26	43	7	22	19	8	30	42	24	7	27	26	10	27	36	21	15	25	22	22	3	11	31	31	14	26	11	10	36	46	15	47	25	20	4	3	12	38	40	17	27	47	17	43	7	8	27	27	16	
19	17	34	39	48	46	26	49	17	8	6	24	6	25	25	10	40	1	9	12	22	19	27	1	50	29	19	23	35	31	22	43	30	32	47	9	5	4	45	26	48	22	24	28	3	33	15	5	21	14	20	14	28	17	38	43	17	18	26	49	
24	47	32	43	33	38	48	34	50	29	33	32	25	8	32	36	44	14	30	44	43	30	10	13	18	35	11	24	40	42	4	2	34	26	27	15	30	16	8	40	45	47	43	6	17	24	27	27	5	44	24	14	50	49	48	16	18	8	36	22	
46	5	32	7	18	20	4	36	36	36	1	12	10	32	11	47	34	21	37	2	34	30	49	44	25	22	14	2	34	49	13	40	18	44	10	12	23	40	43	8	8	29	23	7	47	42	10	29	21	37	44	6	27	28	11	5	18	11	2	8	
26	37	22	37	21	11	2	38	7	18	26	36	16	9	37	26	34	11	32	47	25	6	19	6	40	42	6	10	19	50	27	12	8	38	16	46	43	40	47	32	43	34	9	34	10	8	27	38	29	15	7	5	14	48	18	41	8	10	47	7	
35	1	11	15	15	13	2	42	6	15	19	13	29	48	31	26	31	4	49	10	50	3	16	48	11	43	15	30	46	18	49	22	29	26	7	8	48	39	6	38	24	20	45	8	42	40	17	21	2	25	40	9	44	13	31	28	3	7	5	25	
8	18	17	22	45	20	7	40	16	26	38	25	3	18	23	34	21	16	15	10	38	50	30	32	2	45	4	36	4	25	22	41	16	42	39	31	21	24	7	3	7	33	32	15	1	41	1	34	48	38	7	33	17	19	30	49	27	15	29	23	
40	21	49	33	18	10	41	12	26	50	6	43	24	18	5	27	13	34	34	23	2	45	13	8	43	25	8	31	15	23	33	10	1	12	8	42	21	19	36	20	35	21	20	30	9	5	47	40	2	27	44	42	5	43	36	44	2	11	32	33	
26	17	15	32	33	7	39	21	29	15	24	16	23	11	4	10	5	48	46	3	37	29	6	37	44	39	6	25	36	13	9	24	49	43	25	9	30	16	39	13	6	13	3	21	39	8	16	36	27	4	49	43	18	18	2	45	28	20	47	20	
39	21	31	39	31	13	1	18	50	35	36	33	13	8	16	27	45	18	50	34	23	7	3	7	39	18	28	11	49	22	42	12	43	7	12	31	49	6	19	45	7	34	47	23	5	44	17	33	33	29	3	21	16	28	42	20	25	21	5	20	
42	15	43	4	26	7	47	11	23	32	20	4	13	23	46	44	30	17	38	47	22	7	25	4	8	18	2	45	7	34	3	33	22	50	21	23	32	22	42	2	5	34	35	40	26	41	35	36	1	50	40	4	23	41	2	48	30	45	24	37	
48	43	14	15	11	26	33	6	46	21	49	27	5	21	32	34	28	9	45	29	21	18	10	6	47	45	10	8	7	25	36	40	38	23	1	7	32	11	42	46	31	4	27	8	45	15	13	12	17	15	2	40	26	29	50	34	10	4	38	15	
43	4	50	23	29	9	43	41	30	18	10	25	46	36	38	32	11	8	36	50	32	12	8	30	26	22	18	25	30	49	35	4	35	16	48	47	1	19	27	22	33	13	3	50	45	33	11	16	15	19	42	11	44	18	46	33	14	35	24	41	
31	44	17	5	28	22	17	43	26	7	4	13	11	6	45	2	9	7	32	17	27	37	45	47	30	1	42	5	5	22	15	46	33	3	18	49	6	35	30	20	28	37	17	49	45	27	4	4	14	38	37	14	3	16	43	21	2	11	36	13	
30	35	25	3	36	36	44	14	21	15	29	25	1	45	27	41	32	18	12	35	48	38	33	45	38	23	39	33	26	13	7	47	14	10	22	10	50	7	36	32	50	39	8	15	21	10	45	8	41	9	45	30	45	34	48	21	39	10	5	43	
3	5	37	34	25	49	47	40	13	41	41	8	15	15	35	36	26	29	38	23	38	38	20	16	32	18	27	42	11	27	14	50	8	16	43	12	27	49	24	40	25	14	23	9	14	3	25	23	13	34	44	3	4	32	4	12	45	49	22	19	
16	22	47	13	29	10	49	27	13	10	50	49	13	34	32	3	13	7	20	21	11	18	37	37	42	45	41	43	4	36	17	36	30	27	19	12	31	48	11	45	2	47	41	12	36	23	26	20	31	1	42	13	23	43	23	23	38	18	1	23	
20	49	3	14	8	4	30	15	25	6	6	26	10	5	15	30	41	21	8	29	20	39	18	10	15	35	33	14	39	22	49	9	50	44	38	36	49	35	48	39	17	28	32	37	14	14	27	14	10	18	42	22	11	10	47	43	15	2	33	39	
49	41	33	32	10	27	34	7	28	47	3	18	22	37	40	49	35	2	1	31	47	14	24	50	11	12	47	35	14	2	7	49	23	47	3	43	33	50	24	22	17	48	2	11	19	24	34	27	37	27	16	23	41	49	3	3	39	34	20	15	
9	25	27	21	6	6	32	7	40	16	26	17	34	34	8	5	14	29	36	45	35	35	20	3	19	5	34	33	7	9	41	40	33	12	3	4	40	36	26	42	1	24	12	19	5	45	6	21	26	7	25	28	30	31	31	44	40	18	7	40	
9	1	36	38	38	47	46	41	45	36	47	5	30	26	39	12	36	5	32	44	16	28	11	31	42	23	18	43	40	3	48	40	47	44	19	44	28	35	3	44	2	36	8	30	4	21	3	6	11	36	9	11	26	12	12	45	15	34	5	3	
35	26	18	2	3	34	38	49	35	31	9	2	4	36	27	24	24	23	49	30	43	12	15	19	6	11	46	41	40	2	4	19	33	17	3	21	19	19	46	22	29	15	34	30	6	30	23	5	23	46	15	25	7	2	26	40	23	9	20	23	
3	46	10	24	20	6	35	15	34	42	50	20	50	25	2	11	21	46	38	40	44	36	35	4	18	9	27	17	32	40	25	8	30	6	9	12	30	23	40	25	31	17	8	24	44	24	8	40	27	46	30	10	39	3	18	38	24	37	36	3	
38	2	41	34	15	31	17	48	6	27	39	17	19	34	34	7	17	29	32	2	30	4	12	2	44	44	40	21	34	35	41	21	5	25	16	32	9	37	41	20	37	45	14	15	4	3	8	31	45	2	22	22	47	32	34	9	18	17	30	5	
1	37	36	40	27	7	33	6	10	27	24	48	4	21	43	49	2	14	47	15	5	24	33	15	21	18	47	49	34	11	6	18	3	25	12	49	40	29	50	15	45	47	14	29	37	28	46	39	26	27	9	38	10	23	5	23	43	21	43	47	
42	5	36	21	18	15	4	29	45	15	39	12	31	14	39	14	25	40	13	16	15	28	50	17	47	27	45	39	29	27	44	33	37	35	45	26	17	35	12	36	16	11	29	5	18	4	5	3	34	45	31	30	20	5	49	11	48	28	3	3	
On machine	2
9	42	13	32	42	41	7	13	47	16	24	47	43	9	16	28	17	17	48	6	29	17	45	7	22	30	35	17	25	18	39	9	25	2	50	8	7	27	18	36	2	34	12	48	11	33	36	4	47	11	8	24	31	8	20	35	27	6	10	10	
17	39	10	42	9	27	21	47	49	29	9	40	5	34	39	35	46	26	6	29	42	14	1	47	10	20	6	49	37	31	28	3	41	47	18	13	11	49	48	27	5	34	50	13	37	9	18	39	23	23	35	44	29	34	38	8	13	24	39	18	
33	26	44	19	28	31	23	6	21	6	4	35	29	25	29	14	27	33	31	37	41	34	17	8	15	31	36	27	46	34	8	29	40	38	4	34	46	45	2	42	9	27	2	11	2	20	19	11	29	32	34	8	48	26	46	42	32	28	2	38	
32	35	9	45	12	17	20	17	1	10	39	3	23	44	38	23	47	16	17	13	29	26	49	45	15	21	24	39	27	47	40	7	50	26	2	20	46	43	24	29	23	29	14	28	22	5	14	44	36	47	19	33	6	5	49	26	31	19	35	32	
5	26	45	28	42	35	4	48	19	45	3	1	34	34	18	15	45	38	47	40	17	25	43	28	33	40	2	3	9	38	2	30	18	19	49	22	13	12	49	12	19	19	30	10	22	11	40	31	21	23	13	16	1	30	11	13	45	32	20	24	
21	46	50	14	46	46	32	30	28	50	28	40	26	26	29	35	17	42	40	37	30	20	4	33	23	38	27	39	38	37	6	4	23	7	25	24	30	25	15	17	47	10	17	47	21	42	48	33	27	9	50	34	8	5	17	44	18	30	19	37	
37	2	50	22	12	35	9	23	23	8	38	41	43	20	24	38	7	10	33	50	8	27	20	49	42	20	50	44	12	30	3	7	29	13	25	23	31	13	20	46	21	9	43	49	13	5	50	44	35	36	3	39	39	22	50	46	5	5	7	35	
43	29	42	8	44	18	26	2	50	49	29	40	17	45	10	12	21	23	13	4	50	46	14	9	49	42	32	30	7	35	43	4	49	36	39	7	8	31	4	21	20	40	27	38	48	14	2	25	39	14	49	30	8	10	6	47	9	31	42	17	
15	48	50	38	2	39	35	11	8	1	41	2	34	47	8	17	13	12	40	7	34	50	33	39	43	1	24	10	17	47	43	26	40	48	22	40	30	12	38	35	43	4	41	40	12	11	38	8	36	33	28	2	19	3	10	9	4	5	31	47	
19	34	16	21	40	5	26	8	35	39	28	16	23	35	30	5	41	23	15	37	41	41	8	43	17	27	10	39	44	23	31	31	20	14	30	17	2	5	11	14	25	12	2	49	19	40	1	6	46	27	44	49	10	26	24	4	47	40	49	5	
35	44	40	9	3	13	7	27	3	14	17	34	28	12	13	23	14	28	49	12	1	42	33	32	19	34	7	19	5	46	15	20	24	48	1	38	33	35	22	33	3	36	18	4	45	42	50	45	20	39	27	30	25	23	22	17	26	38	43	7	
17	28	14	41	34	21	40	10	30	35	21	8	23	34	25	33	9	18	35	3	10	15	3	41	29	10	26	22	46	27	2	32	18	34	37	30	3	7	3	10	49	15	32	18	42	24	50	5	41	7	32	18	33	10	18	36	37	4	44	7	
10	27	23	50	7	47	17	8	48	42	24	1	33	12	26	50	36	20	29	43	15	5	21	41	35	16	14	44	35	7	46	4	39	23	49	3	24	32	50	49	8	34	38	12	42	45	23	18	27	15	32	11	27	44	18	27	23	2	21	19	
36	21	20	42	1	21	14	8	44	1	8	42	23	15	2	22	45	31	47	9	30	26	30	33	4	20	47	39	34	4	20	22	17	12	43	15	28	39	14	41	44	34	27	27	8	12	24	8	6	33	8	32	4	26	2	18	33	44	46	49	
44	24	15	38	29	28	9	47	9	29	4	37	22	8	50	21	8	33	50	11	33	3	1	4	24	26	10	7	33	42	41	34	48	47	12	8	5	36	16	20	31	10	40	34	13	14	40	45	43	6	28	11	15	18	45	36	5	34	36	40	
11	25	46	28	30	5	33	1	19	46	2	17	25	14	30	13	20	14	27	14	15	3	43	9	16	28	44	8	41	42	18	35	41	17	29	8	39	33	41	38	43	21	50	1	47	38	6	29	1	49	45	33	19	16	35	34	28	24	2	45	
4	23	41	1	23	11	8	42	32	44	35	36	44	24	21	7	21	49	29	43	30	25	18	48	44	49	42	3	9	4	13	7	31	31	35	4	2	43	23	35	49	50	15	15	31	47	43	10	11	41	4	26	8	48	33	42	41	8	11	25	
22	9	38	19	49	21	24	49	19	39	49	18	37	32	37	20	8	50	12	44	7	45	1	1	14	6	38	9	40	48	21	15	30	31	12	7	50	32	9	33	6	49	31	30	22	50	23	19	28	7	46	47	35	22	14	6	23	19	9	50	
32	1	24	30	37	45	2	6	1	13	42	27	12	13	3	50	9	17	50	26	18	28	48	18	25	15	3	28	1	8	33	39	34	4	24	33	45	41	11	45	17	33	8	26	9	32	49	30	33	23	17	22	50	48	10	29	37	15	15	35	
13	5	46	23	46	42	26	47	16	40	2	4	6	26	18	31	36	8	24	49	4	27	6	34	26	25	38	7	13	32	1	15	16	13	37	43	25	13	26	16	41	30	34	8	36	25	31	3	20	38	36	21	11	4	5	23	25	13	49	23	
35	39	17	13	48	48	33	45	7	49	36	41	2	50	20	39	8	44	45	24	5	8	47	8	37	25	36	50	4	29	22	34	47	8	35	2	6	9	15	30	43	30	38	15	47	50	47	18	46	12	8	1	26	47	37	5	30	13	40	25	
16	11	47	27	25	45	15	7	14	24	29	10	37	20	19	23	19	16	1	25	36	45	44	33	18	21	7	37	45	6	17	36	42	8	10	25	2	4	4	13	13	11	27	4	16	14	34	38	35	48	40	45	46	36	7	39	36	6	10	33	
17	5	47	45	4	7	4	27	9	19	4	30	14	27	35	36	43	6	43	25	43	46	7	7	19	46	25	2	38	1	38	16	28	32	15	35	8	2	25	23	34	44	15	7	31	19	43	39	28	6	40	23	35	7	34	44	28	17	42	21	
22	12	1	10	17	35	11	17	1	8	5	40	1	45	28	17	32	47	45	36	28	22	43	28	16	29	3	33	3	42	43	27	49	2	45	19	20	32	26	22	8	25	12	17	20	22	3	7	38	36	7	8	26	14	17	43	34	23	49	38	
24	29	45	17	8	43	19	37	38	21	6	9	36	46	31	15	36	10	33	16	41	44	48	26	49	36	4	45	47	21	32	14	15	16	6	2	33	30	11	9	26	34	31	8	47	33	25	35	33	35	20	21	29	11	35	33	39	12	8	35	
29	48	7	27	8	44	32	14	35	15	9	14	40	1	36	23	5	30	34	36	45	46	46	9	6	9	14	2	44	46	42	6	45	30	40	47	17	31	20	24	3	22	22	13	11	18	43	17	48	27	24	17	13	22	2	5	49	28	9	7	
31	26	19	39	24	11	11	35	50	1	36	31	7	21	29	47	49	29	39	10	6	36	29	36	44	23	12	12	49	4	1	31	21	21	43	25	18	31	39	28	23	36	12	4	26	18	30	8	11	13	24	11	11	29	36	6	20	29	37	36	
6	5	42	33	50	31	30	25	49	13	14	49	34	6	21	22	17	12	25	18	44	44	6	21	18	28	17	15	34	29	43	8	36	35	16	44	1	7	5	14	27	13	44	19	43	44	37	2	32	21	21	38	10	48	38	47	46	6	34	27	
26	14	12	19	47	27	32	3	29	16	30	2	41	18	40	42	50	32	4	39	36	30	24	16	32	31	24	6	38	1	48	25	47	44	49	30	40	29	48	21	22	6	33	24	11	33	16	16	5	35	3	49	3	37	12	45	27	1	33	3	
36	47	9	22	24	24	28	12	15	42	44	21	29	41	48	7	33	42	40	14	33	19	34	37	38	41	35	8	41	10	47	35	27	46	20	32	31	40	43	42	12	13	3	13	7	2	10	16	48	47	33	32	7	9	16	4	38	20	24	10	
13	16	6	6	39	18	36	31	21	48	39	7	20	4	43	30	14	15	8	44	25	32	36	7	22	37	9	3	31	6	34	14	30	4	31	27	49	11	2	2	5	34	2	29	37	27	3	49	47	25	18	4	28	31	43	48	24	29	35	47	
36	28	41	23	4	26	4	15	26	23	42	15	42	50	16	27	24	45	43	1	33	42	36	37	34	39	48	22	1	46	11	5	3	26	35	34	44	32	31	29	34	38	8	35	16	28	20	21	2	50	5	11	28	43	28	37	11	5	39	40	
20	44	33	6	27	11	14	31	16	6	6	38	50	33	50	48	43	21	25	13	37	15	24	8	48	18	43	41	44	27	50	50	10	48	39	32	13	25	29	7	23	30	20	13	10	22	40	16	14	41	11	36	8	20	16	47	6	23	39	10	
6	14	35	41	7	48	50	26	12	43	48	27	4	20	40	35	49	32	36	7	50	37	6	23	22	34	19	23	41	48	4	43	37	44	8	10	16	1	9	18	16	37	43	50	13	4	2	28	26	26	32	11	15	24	34	5	28	49	24	21	
22	14	35	3	4	45	11	44	14	9	28	1	19	47	24	21	33	12	8	1	13	42	24	47	20	12	13	13	38	17	43	3	43	41	11	1	34	41	12	5	25	44	21	35	21	41	21	47	22	41	16	8	27	8	14	20	2	45	1	45	
26	12	20	18	30	32	34	30	49	6	29	13	2	40	40	27	32	41	33	7	21	47	3	26	45	31	23	11	45	1	28	42	29	1	24	5	35	38	40	35	16	46	33	26	6	33	39	36	14	16	41	20	11	9	32	39	7	32	40	10	
26	24	41	37	8	2	8	15	36	27	38	39	48	4	33	28	49	22	9	32	16	50	22	13	38	18	39	39	16	17	24	44	16	3	7	50	24	32	46	35	29	47	2	36	35	12	41	42	14	23	45	24	5	26	30	4	23	14	8	6	
16	7	23	48	33	12	47	15	43	44	30	46	14	48	30	45	44	27	37	49	18	17	43	12	4	44	45	16	35	21	47	47	32	38	3	1	5	23	19	29	15	48	23	33	7	10	22	41	23	2	40	7	35	4	5	19	49	1	47	34	
18	44	47	26	49	46	15	18	7	9	14	43	32	29	41	8	34	29	29	9	29	37	36	43	3	43	17	43	24	27	37	43	13	18	40	45	47	31	17	9	40	40	50	3	32	32	36	6	33	17	24	22	15	32	1	27	39	14	2	7	
4	20	36	44	5	33	6	34	1	25	49	21	17	4	39	37	29	36	14	33	36	3	35	45	11	20	11	19	18	45	37	22	10	7	18	7	40	6	16	8	32	46	8	8	27	49	20	28	1	34	16	25	21	29	38	35	28	16	45	39	
13	13	18	9	27	30	25	7	10	39	6	13	20	41	25	3	42	28	15	16	36	22	21	19	9	3	15	20	1	34	38	26	41	40	43	27	46	2	39	30	18	46	3	47	25	4	34	26	40	23	34	30	16	39	12	32	1	17	3	35	
28	21	10	12	44	35	34	28	39	45	23	37	29	29	35	34	35	18	41	2	50	18	21	9	4	29	36	32	42	11	22	11	37	21	49	40	14	4	28	3	8	18	50	44	16	34	32	37	30	26	38	36	5	42	25	48	23	14	18	31	
38	23	30	45	1	28	33	4	36	38	17	34	32	27	42	40	36	41	47	28	24	36	35	2	39	9	49	16	6	34	33	34	23	43	22	16	49	36	21	43	21	23	13	45	50	28	7	40	35	14	34	20	5	28	27	14	11	49	15	25	
49	43	20	15	28	42	11	19	46	35	50	18	9	29	15	31	46	23	7	17	41	48	16	15	3	24	1	15	10	36	47	22	24	45	14	25	42	18	33	31	45	19	2	30	37	42	40	47	17	18	26	48	25	33	39	40	32	32	43	35	
50	18	7	49	2	26	31	5	19	10	40	13	30	42	49	6	50	14	10	5	19	30	47	37	38	33	47	46	34	25	43	45	28	2	8	21	46	22	23	36	38	1	39	22	47	44	35	13	40	10	49	5	25	45	27	43	38	20	25	8	
21	41	44	24	31	29	36	46	46	16	31	25	26	5	24	50	37	48	3	8	46	29	18	24	28	44	22	18	2	4	27	39	11	49	42	9	43	23	11	17	23	6	31	33	17	24	9	18	33	20	35	7	28	39	15	13	6	11	28	4	
11	3	8	30	41	39	5	23	27	7	40	23	8	44	35	47	28	18	42	35	17	34	31	13	15	17	40	12	10	45	40	48	11	27	28	28	16	26	50	5	4	3	16	24	9	42	44	45	34	3	26	34	12	20	12	22	44	29	45	50	
41	24	14	41	27	45	17	37	15	30	1	8	28	13	37	5	15	30	8	46	7	40	50	22	5	48	20	6	31	17	5	1	24	13	48	11	42	10	6	32	12	17	50	33	27	41	3	24	7	2	34	22	12	7	8	48	10	48	14	38	
35	25	45	45	29	6	37	30	4	40	49	34	43	36	24	4	44	7	15	48	29	6	14	43	25	30	10	17	18	22	42	25	13	49	45	16	24	28	21	9	3	38	34	2	43	15	7	46	30	25	15	33	2	15	26	12	5	33	40	27	
34	15	2	21	11	12	23	9	18	7	34	50	26	2	19	1	35	21	14	18	15	48	43	10	43	6	1	12	33	10	47	11	22	23	49	42	29	4	13	24	2	36	37	28	22	32	31	20	41	49	21	43	26	6	31	34	46	5	41	13	
37	49	21	48	26	42	5	29	3	16	37	20	40	37	37	43	48	26	37	44	10	9	32	42	48	30	8	16	18	17	33	43	42	40	4	23	35	32	13	28	36	5	4	45	31	17	22	21	41	30	5	25	19	46	26	40	50	35	11	9	
7	48	3	5	31	3	21	27	30	3	37	44	38	5	9	40	44	15	2	39	35	7	37	8	22	1	35	20	36	31	28	22	14	36	27	25	16	10	5	43	24	47	23	4	1	6	34	34	33	36	37	22	38	1	9	47	4	35	22	6	
32	48	35	24	42	19	2	38	23	14	40	10	4	38	42	11	27	42	31	30	11	13	44	14	5	7	30	19	10	1	29	9	4	10	42	5	43	50	28	32	4	31	44	9	6	50	32	40	29	31	3	41	1	36	43	17	21	50	31	8	
12	41	44	37	8	11	46	12	32	47	9	25	5	28	44	45	6	21	17	42	1	8	43	36	39	38	36	26	28	22	12	37	45	26	26	1	22	44	34	20	33	41	35	5	18	24	32	12	47	8	10	8	9	20	28	40	6	17	32	27	
1	31	11	39	22	28	5	21	27	47	40	38	33	3	49	32	15	15	20	29	46	11	40	20	19	33	20	3	42	6	43	7	23	47	50	4	15	15	15	23	2	41	8	7	11	29	46	13	8	17	26	39	33	33	12	47	8	44	3	32	
22	23	16	19	38	46	38	11	44	23	7	5	20	2	30	2	45	33	42	41	41	41	1	41	15	45	42	19	29	49	33	7	5	11	19	48	5	13	21	30	24	2	39	30	33	15	18	26	22	11	25	50	1	15	36	44	13	12	24	42	
15	10	32	4	21	19	38	45	41	17	33	22	12	20	1	8	21	32	7	3	39	27	47	33	23	18	5	45	39	49	50	23	42	37	10	30	41	7	48	11	10	28	41	41	11	41	22	15	7	7	32	50	24	23	3	4	32	44	38	1	
4	6	2	49	32	6	29	42	45	34	41	41	36	15	17	44	19	47	2	31	12	39	1	39	50	45	36	21	50	18	17	8	11	12	11	26	36	28	6	32	48	12	48	39	40	42	20	30	46	34	40	5	15	44	38	2	32	50	28	15	
28	46	25	33	8	14	15	4	31	23	8	34	35	32	3	28	1	25	46	9	30	49	10	20	42	39	22	10	48	14	47	39	10	4	36	38	37	8	20	40	6	34	11	23	9	50	40	43	14	14	25	8	20	18	50	41	47	3	5	8	
20	9	15	23	5	12	40	27	7	37	36	14	47	16	3	17	28	25	50	5	14	4	42	17	24	3	41	45	46	18	1	16	33	7	39	34	12	43	32	21	29	45	40	29	32	23	49	1	20	44	9	33	15	25	1	49	16	12	45	32	
On machine	3
13	28	1	42	50	48	29	50	27	33	7	5	36	22	34	32	19	25	29	42	1	28	11	10	13	36	25	6	46	21	14	6	4	11	47	21	12	36	49	21	7	1	19	35	13	45	34	6	24	40	11	9	15	12	39	3	29	1	28	47	
9	3	49	18	19	11	32	27	2	21	16	20	6	50	38	23	44	2	13	28	31	20	18	31	22	34	29	11	46	11	36	41	11	13	25	20	34	20	22	9	34	7	17	14	3	28	35	26	43	16	46	15	13	15	6	43	41	29	17	14	
8	24	20	27	36	41	20	9	39	46	17	22	16	45	42	6	25	21	40	4	33	23	11	42	23	27	19	36	37	11	46	11	20	14	30	40	48	42	44	4	35	14	4	45	19	15	17	29	6	41	13	42	15	14	40	39	26	17	38	30	
49	47	26	26	35	3	39	17	2	32	33	46	49	44	7	17	6	19	22	49	13	38	24	35	3	37	32	27	30	49	31	30	15	35	6	27	13	33	43	5	35	17	5	6	6	44	38	29	3	19	5	12	21	6	22	48	20	30	43	3	
8	39	49	33	17	6	20	19	47	5	36	26	44	45	31	5	6	48	24	18	49	45	2	3	2	9	14	38	21	41	15	4	40	11	20	28	32	39	38	47	2	5	49	23	21	50	38	44	14	28	19	42	7	9	37	48	20	6	26	22	
34	22	21	39	39	13	48	46	29	28	33	1	26	20	36	31	34	30	20	29	34	50	21	2	21	23	48	10	22	9	4	37	4	18	27	43	40	1	50	38	27	16	17	22	27	34	3	41	50	1	11	21	6	18	23	18	30	46	35	32	
28	24	14	13	32	10	17	9	29	19	40	15	1	31	19	48	10	30	40	22	10	44	44	7	42	12	50	23	50	38	8	25	20	27	5	19	36	14	10	34	49	10	38	26	39	16	21	38	2	40	10	13	18	1	41	50	17	33	14	39	
28	22	38	12	12	42	17	33	6	39	28	41	40	8	15	17	27	25	45	24	32	31	26	45	9	36	10	17	3	27	47	10	49	6	12	39	11	41	6	7	49	31	15	30	21	6	32	33	10	33	44	47	1	29	24	6	24	9	44	15	
46	41	37	36	33	45	38	39	49	44	19	14	32	14	32	34	37	9	33	14	11	29	46	38	43	33	24	9	3	12	43	31	25	38	34	48	27	45	42	6	41	24	35	23	14	48	46	2	44	17	32	42	12	32	29	18	34	35	34	4	
13	1	39	3	9	44	50	12	2	27	39	9	10	31	24	38	36	7	9	33	45	18	49	2	29	47	42	16	47	16	31	4	31	22	17	28	32	5	11	32	10	41	29	36	9	16	36	5	12	16	9	38	37	13	20	7	19	42	37	20	
45	48	46	43	47	42	4	10	39	44	18	12	2	40	48	20	16	50	30	47	40	11	38	32	28	1	4	9	18	18	2	5	42	40	11	44	46	36	27	47	50	5	34	19	13	8	3	16	27	45	48	26	27	31	23	42	37	50	28	17	
22	27	28	22	27	3	14	40	23	24	27	38	18	25	16	20	17	12	22	38	42	19	6	43	8	15	48	14	13	23	38	13	7	31	8	30	33	22	45	21	36	41	9	30	36	14	4	16	11	48	15	5	27	16	18	41	27	45	11	3	
48	50	4	38	26	31	28	9	22	38	27	30	37	41	24	39	12	41	8	36	19	34	49	43	8	36	3	37	45	25	17	22	30	13	44	8	28	24	16	1	3	21	28	41	23	24	27	21	47	10	25	30	14	30	26	39	40	6	34	22	
29	37	24	6	8	38	31	10	22	5	48	18	24	40	42	47	19	40	43	43	22	41	20	8	11	50	1	17	4	20	21	43	27	49	25	2	7	3	10	41	12	1	28	30	2	49	40	34	46	3	18	27	26	2	50	35	2	37	36	10	
29	38	26	7	32	7	2	25	18	34	41	36	32	24	17	50	44	14	44	9	17	46	2	18	45	46	16	19	9	34	21	9	19	18	13	42	15	11	37	2	39	23	44	22	25	50	10	46	18	35	45	7	8	49	45	22	11	35	31	7	
49	1	25	9	24	20	1	19	38	22	15	46	1	29	1	19	30	38	9	41	39	46	7	2	7	5	50	49	49	22	6	2	36	13	30	49	41	48	46	14	48	34	28	32	39	38	3	14	49	44	48	5	34	25	42	38	47	29	44	1	
46	17	22	17	4	42	8	41	25	44	20	31	47	27	17	8	25	9	42	43	25	42	36	44	5	6	35	8	21	11	21	2	32	5	32	39	7	46	34	20	11	26	36	41	4	9	12	41	2	13	12	12	15	20	45	5	19	31	8	4	
17	31	11	37	20	44	26	26	40	11	17	46	28	50	7	29	26	6	11	46	28	2	12	48	3	34	41	43	1	48	34	29	4	43	48	27	13	30	10	29	11	41	6	18	16	3	1	19	23	8	1	24	22	12	9	42	22	50	3	22	
23	50	9	28	25	23	19	37	25	8	14	22	37	40	32	30	29	49	6	5	10	41	4	34	47	10	11	19	25	42	34	42	36	11	9	2	36	44	32	41	21	17	33	20	17	9	50	27	46	25	43	26	15	24	10	43	45	47	38	18	
50	23	41	32	16	25	5	40	23	44	45	14	20	1	3	13	24	14	1	16	26	30	42	46	47	13	30	8	18	39	37	45	12	47	28	26	4	30	33	41	31	25	5	11	24	49	12	30	26	6	26	27	39	44	31	46	7	45	13	45	
15	19	20	34	49	10	9	31	49	2	30	46	1	42	43	23	27	35	31	24	7	18	22	44	34	35	26	7	23	39	11	7	29	47	23	42	20	12	14	30	47	43	42	34	2	31	33	3	20	13	7	40	43	44	39	16	36	12	12	8	
4	29	44	9	47	39	48	1	18	49	27	28	23	11	45	9	13	25	9	41	38	3	2	29	34	50	27	39	49	5	14	10	37	49	36	34	50	23	2	50	39	17	36	24	9	5	24	14	44	41	16	36	28	9	48	35	50	30	44	8	
23	41	40	26	18	16	15	13	16	7	28	16	38	44	15	35	6	31	15	2	13	43	16	8	13	15	50	37	17	14	47	22	19	48	36	11	24	43	8	45	1	37	39	5	11	40	4	8	1	3	38	32	37	30	7	6	45	39	46	10	
3	25	31	20	42	49	50	13	24	46	2	5	36	3	50	39	39	33	39	45	32	5	37	37	39	32	23	34	22	47	30	35	46	9	44	17	9	38	49	33	50	20	47	8	18	48	48	25	9	48	49	21	30	5	21	6	28	12	19	19	
21	21	30	17	3	3	6	32	49	21	41	49	29	43	19	14	20	42	22	33	22	7	3	19	6	15	39	6	14	30	20	28	27	10	11	17	35	1	37	28	16	2	14	31	33	43	26	48	40	42	13	16	38	36	8	30	42	17	9	38	
27	14	36	5	22	26	42	38	5	8	10	26	28	38	47	16	11	30	29	50	44	3	34	43	33	3	24	35	25	5	19	18	7	38	17	30	17	15	29	39	43	44	37	16	18	13	37	41	40	46	14	50	20	11	49	28	25	48	47	37	
46	8	27	29	18	12	27	30	31	3	12	39	23	48	48	33	41	16	36	28	10	15	45	47	4	36	28	45	6	7	40	1	11	4	24	49	40	42	37	33	48	36	5	10	32	20	26	34	49	30	30	5	20	11	46	2	10	11	38	36	
38	34	22	29	1	50	27	30	12	2	7	12	31	23	19	35	31	31	25	34	23	5	10	13	18	4	11	31	13	3	9	35	38	44	34	14	12	41	18	45	19	13	25	12	33	35	23	3	13	47	2	6	38	43	36	28	25	19	31	9	
32	12	47	21	37	39	31	6	1	13	17	9	6	29	8	36	4	34	5	9	30	35	17	45	30	22	20	37	12	6	23	32	48	37	35	44	44	17	42	48	33	44	14	12	13	36	35	9	41	23	5	8	46	41	30	22	32	26	30	15	
24	19	20	25	39	40	6	7	13	26	32	6	38	35	1	1	11	20	14	50	16	8	1	43	39	33	26	13	3	33	17	29	33	26	44	14	40	35	30	12	6	14	16	1	6	25	25	28	12	31	13	32	16	25	5	17	43	39	6	21	
13	5	4	20	13	27	3	38	33	48	15	13	20	25	1	30	6	18	33	22	8	19	26	22	50	12	16	4	26	37	28	21	29	21	33	3	7	4	4	22	15	43	3	21	40	39	25	31	2	49	31	1	19	16	46	42	14	1	23	21	
15	6	15	28	12	23	34	17	12	7	47	35	37	10	6	25	33	50	34	15	16	34	5	8	44	4	26	19	7	30	30	40	47	21	12	15	48	37	39	8	27	15	14	18	19	27	9	17	25	16	38	32	2	9	46	10	41	30	47	10	
43	14	47	11	5	42	2	31	23	19	31	11	4	8	26	39	20	48	29	13	9	14	22	11	25	4	18	44	30	38	48	8	1	49	35	1	17	44	35	11	16	27	34	20	18	48	21	17	14	34	6	24	30	32	24	32	12	33	1	11	
12	39	21	14	14	36	46	9	24	17	14	2	14	35	20	39	40	28	8	50	36	19	14	32	36	12	46	38	29	12	12	15	30	30	26	5	49	38	30	19	9	33	17	41	38	11	2	7	4	45	3	11	47	29	50	8	34	42	33	26	
28	19	41	17	40	15	43	12	30	31	24	25	50	46	18	2	30	12	43	9	2	36	50	28	37	12	12	33	40	42	46	15	37	49	43	38	25	24	8	11	49	29	6	26	5	28	16	18	19	4	29	33	43	28	22	34	43	8	18	44	
18	50	35	4	7	28	14	37	46	12	40	29	20	40	33	32	27	15	27	16	20	8	44	41	10	43	5	6	28	15	37	20	9	18	50	29	8	33	16	47	9	16	12	40	19	42	25	6	11	8	39	9	49	7	13	40	31	3	25	30	
34	19	47	28	33	13	48	49	48	39	16	11	33	12	17	7	4	26	28	20	33	23	40	36	47	15	48	26	29	49	43	43	46	19	24	13	34	35	3	31	18	3	18	10	46	1	37	30	8	14	33	6	28	29	7	26	16	16	9	48	
41	47	41	43	47	45	13	41	8	34	25	50	3	30	28	17	7	21	36	5	26	29	28	50	45	23	19	34	41	24	48	33	28	2	19	21	45	11	18	17	6	24	14	38	45	44	39	29	49	38	17	46	15	27	7	44	42	35	44	20	
10	1	32	32	14	15	16	23	26	15	40	24	43	1	19	3	4	32	30	50	4	40	3	14	43	27	1	25	8	13	32	35	16	26	36	20	21	2	37	32	9	49	21	33	30	47	27	23	15	11	17	23	31	7	3	21	6	1	42	50	
6	1	22	37	20	27	50	10	12	47	44	29	3	43	1	7	37	4	28	2	8	21	18	33	31	23	27	41	29	16	18	4	48	11	24	28	20	30	38	7	28	31	17	13	29	21	29	15	46	18	2	1	21	43	7	7	4	1	9	6	
13	38	50	43	5	20	16	43	35	45	48	27	42	18	40	9	38	27	37	36	2	13	43	40	28	11	24	28	8	23	17	49	25	2	32	30	44	20	11	1	18	44	15	35	32	3	15	1	6	17	27	1	28	50	16	44	24	7	14	17	
33	48	37	1	21	22	9	20	9	35	29	4	12	1	43	45	29	34	14	10	41	32	38	37	6	1	11	45	2	47	26	9	7	25	13	43	39	47	12	24	6	21	8	12	39	24	24	9	34	2	15	32	44	26	45	42	17	6	32	19	
48	9	10	5	28	10	3	4	11	39	46	13	36	20	3	14	35	15	37	14	15	17	47	25	10	5	28	7	48	37	4	11	30	42	22	2	50	49	40	50	13	12	47	47	28	34	12	36	15	46	25	15	16	7	25	48	13	5	1	43	
35	34	22	46	6	4	2	22	5	30	23	19	49	24	6	7	7	1	11	9	16	2	12	48	26	11	34	36	6	28	48	7	23	29	38	50	15	22	9	4	5	31	40	42	21	21	36	19	40	41	37	26	8	35	12	45	30	19	12	32	
18	24	9	8	39	44	18	43	39	43	24	1	26	5	15	27	35	11	1	32	7	38	7	34	22	12	20	25	5	20	36	5	7	13	39	48	33	30	17	20	6	37	15	4	14	24	39	15	19	4	35	34	50	26	31	6	1	16	10	36	
9	2	50	43	27	42	1	22	35	3	43	31	23	48	2	28	35	9	10	45	36	37	9	38	38	40	15	37	13	11	30	11	26	36	2	10	25	25	41	26	6	29	26	17	23	46	7	13	46	30	44	42	33	36	13	31	36	8	8	16	
23	45	12	11	4	22	25	13	29	46	43	37	32	6	28	27	36	21	40	38	32	22	10	25	33	3	25	25	36	48	8	37	8	15	43	35	15	32	41	32	7	47	11	3	27	14	50	32	34	12	30	23	6	3	48	49	38	10	6	3	
43	20	35	31	6	17	10	42	47	12	8	2	27	8	50	43	35	15	13	33	36	2	42	15	44	23	48	31	43	27	25	7	22	6	27	26	48	8	41	11	48	30	2	34	14	7	23	22	9	39	41	13	23	29	46	46	48	47	7	11	
40	4	35	38	15	31	7	21	13	18	30	49	8	19	20	11	40	20	22	25	33	44	44	35	2	44	14	9	1	5	7	16	31	11	23	18	13	6	9	6	5	22	27	20	33	22	11	10	6	21	17	47	18	42	18	35	10	29	37	21	
28	44	15	35	48	44	2	12	13	23	9	45	24	44	15	41	20	7	31	13	7	36	8	4	35	24	30	36	9	50	11	23	17	29	37	29	32	6	47	41	29	7	43	42	17	42	18	6	30	49	50	25	32	4	18	5	19	14	49	41	
11	39	34	44	33	18	29	49	21	41	43	32	47	48	17	8	39	18	8	37	16	28	46	44	13	13	7	14	14	18	16	39	17	9	5	24	5	22	36	36	27	49	7	40	38	18	38	31	25	49	48	37	12	34	46	8	50	35	33	40	
26	24	36	27	12	22	32	24	35	2	24	25	13	38	11	22	29	21	49	18	3	49	1	27	46	11	1	42	47	22	49	45	24	20	10	28	21	5	34	15	10	31	40	6	32	40	47	32	29	47	49	20	15	41	35	27	23	17	11	19	
24	28	36	16	5	44	17	19	30	4	11	20	5	50	24	24	34	27	27	23	21	46	36	45	47	28	20	49	12	25	34	12	11	37	34	14	26	30	8	22	43	28	21	44	44	31	48	3	48	13	14	15	1	5	48	9	12	22	13	18	
6	5	28	24	32	49	17	43	39	13	40	46	36	17	35	8	14	15	23	21	42	21	44	26	13	22	8	16	1	27	8	44	29	30	19	9	41	31	28	28	41	43	37	7	47	31	3	47	8	36	27	29	39	22	19	39	42	16	42	28	
37	23	33	12	17	5	4	33	20	13	33	17	7	2	27	32	28	6	35	48	50	32	10	40	12	10	14	39	37	34	30	18	15	24	8	49	34	46	4	19	26	8	14	35	25	22	23	3	25	16	20	26	26	5	25	36	21	20	4	3	
38	6	37	27	13	42	14	20	18	40	39	45	32	30	9	32	41	49	27	7	10	16	5	17	17	39	46	7	1	40	23	18	34	48	17	8	35	41	44	18	41	20	15	30	37	42	7	43	18	29	27	11	19	24	42	32	14	50	29	36	
13	6	17	24	24	37	23	19	29	48	38	24	49	35	27	37	15	3	2	17	25	26	28	33	49	9	13	23	22	36	37	47	16	2	41	22	16	32	33	9	39	39	10	25	34	16	37	48	40	39	22	37	13	14	42	50	41	5	42	16	
1	31	36	1	12	33	1	33	35	13	39	3	6	6	26	37	36	29	47	39	29	9	17	50	6	3	31	32	30	13	37	27	49	29	9	34	31	27	23	24	29	21	8	12	29	7	17	43	50	1	8	25	43	37	41	38	12	4	28	6	
48	15	25	46	2	11	46	44	18	35	35	14	9	30	24	27	19	16	41	21	21	46	28	30	36	14	15	26	49	21	4	36	5	10	5	4	7	19	19	13	40	37	20	14	14	14	43	40	48	5	22	9	36	24	32	1	13	44	30	30	
28	30	47	31	36	42	45	6	10	49	25	17	29	48	47	13	14	29	2	38	20	44	21	26	45	27	34	25	1	32	49	8	37	17	49	4	24	42	33	31	47	25	28	39	14	28	36	2	2	13	16	15	46	6	35	27	10	15	30	28	
On machine	4
6	31	22	3	44	4	42	45	14	38	27	15	38	25	9	20	14	7	13	32	3	36	45	37	17	23	16	16	2	12	41	34	49	44	47	22	15	45	4	30	40	7	18	1	26	20	24	23	45	10	24	11	1	50	43	43	3	50	32	39	
6	24	23	47	41	4	31	25	21	8	6	32	40	7	5	6	1	31	29	20	20	46	48	36	10	25	10	2	17	4	42	19	35	8	32	19	26	13	14	14	34	44	35	25	6	47	38	39	31	18	1	6	10	25	36	32	40	46	22	15	
16	15	6	32	43	32	13	9	23	36	24	32	32	37	49	28	42	20	37	15	28	48	20	34	15	20	26	8	8	9	36	49	22	1	36	33	32	3	50	12	45	5	8	29	9	35	28	32	2	29	42	24	17	25	34	29	13	35	26	5	
12	31	33	22	50	24	32	29	18	6	41	36	20	49	31	12	50	22	33	36	48	47	13	27	33	35	31	28	29	44	46	30	12	11	29	10	41	16	31	5	23	41	9	8	50	16	17	29	22	24	18	29	50	12	43	12	39	10	48	37	
14	33	48	4	13	9	26	50	1	36	20	34	17	26	25	16	20	17	39	2	15	7	1	8	14	43	33	8	43	36	28	3	31	4	17	1	11	7	30	34	29	14	27	31	48	43	3	20	5	12	36	42	36	15	7	42	35	8	3	33	
33	27	49	34	5	11	20	38	19	48	14	9	49	24	46	3	24	42	3	22	28	46	41	20	16	42	46	12	20	27	7	44	6	29	11	41	36	20	33	37	6	39	25	34	22	28	27	28	15	2	28	11	20	41	20	14	35	47	31	18	
24	32	4	26	5	43	31	48	24	13	30	30	8	44	45	4	45	14	3	9	4	3	31	5	45	6	40	22	28	4	46	19	41	21	22	2	18	45	15	12	26	25	22	20	34	34	24	8	30	8	48	40	2	39	15	25	23	47	41	37	
15	40	25	31	33	26	41	37	10	29	19	20	47	50	29	38	25	35	16	8	32	30	16	39	44	40	43	37	25	5	33	9	7	42	27	46	37	27	32	35	42	7	20	14	35	37	15	17	46	1	14	39	40	20	6	31	14	46	9	44	
12	48	9	9	43	16	42	44	34	20	13	7	2	5	2	8	49	15	21	36	29	4	10	11	10	30	45	33	8	1	29	7	24	14	3	36	43	18	50	13	3	17	43	42	41	13	31	13	28	44	21	27	46	48	36	23	6	47	37	1	
13	45	5	45	30	39	15	41	18	15	16	16	44	11	32	13	20	39	8	23	4	18	26	15	32	2	41	19	10	39	16	47	48	18	42	35	43	25	32	21	43	28	26	38	11	12	10	24	27	6	8	45	38	30	2	31	18	18	13	44	
2	39	7	10	24	10	15	26	23	37	46	43	2	23	16	40	48	10	44	49	17	33	9	22	3	35	31	15	13	29	39	23	26	32	4	18	47	26	20	25	37	25	19	2	45	3	47	24	25	47	38	2	33	46	7	41	15	11	18	13	
17	35	48	50	2	30	3	6	22	50	21	48	35	4	46	46	13	14	29	47	44	13	16	39	49	10	16	29	37	45	5	10	14	19	37	28	26	33	38	19	24	20	17	16	10	4	13	16	25	38	7	24	37	28	17	7	33	13	8	3	
7	41	50	37	12	43	36	3	26	18	8	22	31	2	32	25	13	4	21	27	32	7	37	28	22	14	6	28	2	3	4	20	14	5	16	10	29	23	31	24	6	33	6	22	11	16	4	29	46	18	12	50	41	31	35	22	21	42	49	27	
11	50	45	31	15	23	7	5	35	36	28	3	14	37	22	18	45	42	29	19	18	4	44	48	40	24	28	27	31	28	32	6	33	17	11	6	40	11	21	3	6	9	19	3	44	8	20	15	42	14	2	16	36	23	16	22	11	28	24	4	
25	8	43	27	47	36	18	24	22	5	1	14	10	4	50	31	37	19	48	11	6	27	6	10	46	49	24	19	35	22	2	23	6	48	40	20	13	20	50	8	9	22	37	15	17	12	35	2	42	14	23	39	19	45	13	17	12	7	6	20	
31	10	16	41	38	30	18	43	17	31	44	17	42	42	10	47	20	7	41	35	19	49	35	27	5	13	45	10	42	37	33	2	49	3	30	9	31	20	8	9	44	14	25	4	10	14	34	3	44	13	23	12	43	28	8	12	40	25	28	3	
16	28	48	31	20	22	5	50	38	46	46	41	21	47	39	26	10	35	29	36	20	36	39	48	15	8	35	2	19	40	23	15	50	32	13	44	49	7	47	45	42	6	2	18	34	4	14	34	18	15	16	24	28	14	33	5	47	41	31	45	
23	19	47	27	50	7	10	24	36	44	20	15	20	11	34	26	18	27	36	2	24	2	3	48	42	35	2	16	30	30	48	14	6	34	2	38	16	33	5	6	30	38	37	25	24	3	1	40	36	8	40	9	26	2	17	34	49	1	46	5	
34	26	22	5	2	42	44	27	48	50	38	3	4	40	36	9	6	43	2	13	42	18	35	9	34	27	26	31	42	46	19	5	4	47	26	41	41	31	47	9	4	21	32	16	26	18	19	28	12	22	19	18	20	29	30	17	22	34	10	27	
49	5	10	3	1	9	38	34	28	25	38	25	18	48	14	38	13	23	13	14	10	30	22	20	35	13	21	35	39	47	26	35	39	28	29	12	43	26	20	17	17	9	1	7	6	8	16	19	20	3	30	29	22	9	19	27	26	37	6	21	
32	6	46	42	41	28	22	3	45	14	40	18	34	19	34	42	27	37	22	48	1	6	31	18	42	28	34	50	14	21	25	27	6	30	16	10	34	22	38	20	34	33	31	21	8	23	28	10	20	44	18	42	40	30	2	6	8	8	14	27	
26	19	46	44	13	25	29	4	2	39	47	30	48	49	34	32	6	21	37	31	14	9	27	38	44	19	47	22	8	21	24	19	6	25	48	4	15	11	4	2	13	40	36	44	36	37	9	49	8	13	22	48	21	42	26	15	20	3	23	21	
37	34	2	12	38	8	23	11	39	4	12	19	8	3	17	41	22	39	50	29	6	14	15	48	31	19	11	26	49	8	8	45	20	31	16	13	41	14	39	31	20	7	23	13	46	39	30	12	17	17	39	50	23	4	48	37	41	1	48	16	
7	29	11	48	44	30	11	7	4	25	14	31	37	2	29	13	6	5	44	6	50	27	27	33	7	44	24	29	32	8	23	1	36	4	38	24	39	29	15	49	16	20	33	8	16	5	30	8	2	11	9	26	19	41	6	36	16	16	17	17	
24	15	41	40	2	10	19	36	13	42	8	4	25	25	23	45	11	13	20	43	21	46	29	1	29	1	12	30	6	13	18	31	20	13	12	47	49	20	31	8	39	17	7	12	27	2	28	37	6	22	20	19	49	50	11	32	14	25	26	39	
10	11	25	6	49	2	30	31	1	4	14	8	48	50	20	16	42	41	46	48	39	30	2	15	49	9	18	47	37	38	43	45	21	18	18	21	33	24	26	4	10	18	16	38	33	18	34	36	36	4	43	50	2	11	8	12	8	13	45	29	
23	38	17	5	13	10	34	13	27	25	3	35	20	15	16	9	30	15	45	16	23	27	6	26	45	13	14	38	16	31	10	37	9	28	32	49	18	10	27	41	26	29	15	21	41	12	18	43	43	50	15	39	8	4	43	32	8	25	19	38	
32	11	47	16	21	9	31	48	18	20	41	36	4	33	36	48	7	29	44	1	48	34	29	48	42	4	12	43	17	38	41	35	32	8	18	23	21	13	22	30	34	49	1	41	50	18	27	23	16	15	33	31	33	19	23	7	4	15	28	32	
37	44	50	26	5	37	27	5	11	6	19	48	18	16	6	22	25	20	18	12	28	20	30	26	50	17	21	22	36	39	4	22	31	16	35	32	28	28	39	31	23	34	38	10	16	5	9	14	9	16	45	8	26	8	1	1	13	13	30	22	
39	46	14	34	6	26	25	12	13	46	22	47	49	13	14	20	37	36	27	14	3	36	10	25	29	43	30	29	40	26	15	47	9	20	10	39	30	8	18	35	13	6	8	18	28	18	22	14	50	25	5	9	23	26	34	16	11	3	37	23	
39	48	24	22	40	27	1	20	32	34	10	9	9	35	5	39	43	45	2	42	1	38	34	44	13	12	15	30	45	34	28	4	35	44	43	31	50	15	35	1	2	6	6	35	13	10	20	23	35	20	50	27	35	42	27	18	47	22	45	50	
10	46	47	33	23	32	10	22	22	32	24	43	12	24	30	1	14	43	16	45	28	35	50	30	2	46	35	6	22	47	24	23	38	50	8	12	38	28	19	38	48	27	6	1	24	4	40	23	25	43	42	34	7	16	33	23	5	2	12	41	
50	9	6	31	48	36	12	16	26	50	11	40	14	10	32	2	31	29	32	20	44	48	11	13	14	1	25	31	17	1	48	14	21	17	30	49	40	11	42	46	47	10	3	24	37	26	13	31	19	45	21	7	41	36	50	9	23	30	46	6	
10	39	33	21	4	10	37	25	45	18	5	7	22	40	31	28	12	20	41	13	20	18	8	34	3	9	32	25	20	23	11	24	19	26	32	31	8	8	22	35	36	7	11	16	16	35	29	31	25	16	16	49	45	40	17	43	23	23	48	5	
50	20	31	1	3	18	9	25	43	15	17	40	45	4	6	26	23	7	9	5	29	6	2	45	31	9	38	21	44	16	31	48	37	38	26	41	34	43	50	2	44	15	24	11	21	10	21	34	30	47	26	39	33	15	38	30	26	31	17	8	
33	40	13	11	33	11	32	43	15	21	44	41	40	12	46	43	19	8	7	9	22	2	15	4	45	46	48	44	10	36	1	33	20	47	16	27	19	42	22	45	23	45	14	7	7	37	27	5	11	38	5	10	24	28	41	5	32	41	24	17	
38	13	23	39	29	4	11	1	38	28	24	24	48	47	8	41	14	41	41	5	41	29	21	41	44	15	7	43	6	35	11	48	10	3	40	3	15	11	44	28	40	19	50	49	43	2	38	43	10	4	3	11	20	15	31	39	14	19	20	40	
42	50	11	34	20	12	21	30	25	32	7	29	26	13	50	12	2	45	5	14	19	41	15	47	1	44	21	7	49	48	39	25	25	18	25	23	44	27	15	45	33	49	3	16	5	21	43	1	18	8	49	3	29	30	12	8	33	46	37	48	
4	37	43	18	3	25	10	39	15	38	33	19	12	8	48	38	47	39	2	18	44	45	42	13	7	1	2	2	7	33	37	9	32	5	15	48	15	21	41	49	46	11	24	43	9	37	33	37	36	28	19	47	10	3	45	19	46	14	27	25	
45	35	25	46	11	40	7	1	17	38	30	43	29	50	41	1	2	32	16	49	31	14	6	9	41	47	4	8	1	27	16	45	13	10	11	2	34	25	9	16	6	41	41	48	49	40	42	12	14	36	41	43	21	8	13	35	25	41	37	3	
38	19	21	22	22	21	43	45	38	10	26	46	25	42	44	34	21	11	19	12	42	6	41	36	25	48	23	27	27	50	29	21	19	10	41	25	11	6	37	18	17	43	8	46	45	20	9	33	3	30	33	35	14	2	16	46	20	10	42	12	
40	32	22	1	50	25	34	12	46	24	31	5	33	6	31	49	46	4	28	43	32	12	18	13	38	13	37	21	44	14	28	26	20	35	21	23	50	37	42	48	24	16	27	45	5	48	16	41	42	20	11	6	38	3	24	44	31	29	14	12	
49	1	8	43	14	49	10	8	45	32	8	40	34	2	38	3	50	45	17	1	3	12	6	39	2	14	24	43	38	22	39	29	16	21	45	45	19	50	1	3	11	48	34	1	42	20	7	34	10	42	7	31	45	2	13	49	41	8	10	6	
50	10	25	37	2	29	43	38	6	14	49	23	17	3	2	50	31	41	34	1	24	17	32	11	32	34	5	1	5	44	25	43	17	16	24	31	25	10	36	5	41	13	40	13	25	49	49	34	22	14	19	22	7	29	36	38	2	45	1	15	
41	47	35	2	24	20	38	6	32	12	18	32	38	2	18	22	12	18	3	38	3	45	37	42	40	4	22	41	39	41	30	2	36	43	40	38	40	27	9	1	50	21	26	48	38	37	8	25	45	12	4	3	3	47	26	27	7	48	8	30	
7	9	38	35	6	7	27	48	37	2	10	13	13	17	13	20	24	37	28	20	24	10	19	31	33	20	50	37	46	1	18	47	29	35	25	37	31	9	38	35	46	43	6	29	38	14	26	24	42	21	10	10	24	44	30	45	27	14	5	1	
2	1	9	39	24	38	26	43	34	21	49	44	43	48	47	27	50	24	50	14	19	41	43	28	50	26	42	9	17	39	8	28	32	21	14	42	38	2	15	11	50	31	23	9	49	11	33	22	21	29	24	44	6	31	33	7	1	34	43	29	
48	27	46	13	37	11	32	17	16	11	16	40	26	25	28	38	45	48	4	26	16	20	11	46	17	39	7	10	1	12	45	32	39	38	45	45	47	40	28	16	23	46	24	18	3	5	48	48	25	35	35	36	12	41	18	43	11	31	30	18	
42	38	25	41	41	50	31	50	21	28	11	33	45	39	22	8	15	21	8	13	45	48	21	26	47	2	46	14	43	38	35	10	23	34	19	14	14	6	16	30	25	40	38	15	37	35	10	32	10	39	16	46	20	14	10	44	23	43	47	13	
9	38	24	34	5	11	43	19	12	14	33	13	12	8	4	5	7	33	28	49	15	28	35	2	12	39	4	42	35	20	43	47	21	45	37	11	11	39	36	47	39	31	4	46	3	49	40	31	36	39	34	30	15	30	47	10	43	15	41	1	
22	23	40	22	50	33	34	5	7	25	9	32	19	32	15	37	38	7	14	49	1	2	36	47	10	28	36	37	15	30	44	39	3	40	49	10	45	48	44	5	41	42	7	11	46	35	27	2	14	27	32	38	6	45	17	34	25	35	9	29	
7	22	25	33	5	26	35	45	1	32	32	5	37	22	9	17	2	16	35	27	25	41	16	34	4	43	26	50	33	9	6	35	7	29	14	32	38	13	50	31	41	41	33	8	13	21	2	35	1	8	5	25	44	40	43	48	4	21	19	23	
32	14	22	45	20	21	26	10	18	6	30	3	47	49	3	21	15	40	7	28	33	30	39	16	34	50	44	29	46	17	34	26	17	41	7	26	25	14	50	35	12	22	31	27	31	44	1	14	18	10	47	29	2	50	24	9	9	30	38	18	
15	20	48	36	9	30	9	16	29	11	42	8	27	41	14	2	36	33	21	8	27	17	35	17	36	37	36	40	8	37	24	16	24	2	9	24	26	4	49	28	2	26	12	46	31	31	8	11	11	34	11	3	37	24	49	6	29	21	19	32	
14	28	45	44	13	13	47	33	47	5	3	49	26	9	6	49	43	4	48	46	4	50	4	20	26	11	9	21	34	50	3	2	39	40	10	15	34	7	17	46	44	38	13	22	11	24	38	29	35	42	17	27	22	16	40	21	15	24	33	11	
50	22	7	21	24	29	30	35	34	34	23	22	22	21	8	50	41	17	28	5	16	22	24	10	18	33	9	27	18	25	44	45	17	17	34	36	4	46	6	45	6	12	9	24	22	24	39	43	34	16	34	1	31	38	26	25	22	30	37	31	
14	42	19	38	27	11	8	2	43	27	22	32	35	37	18	28	40	1	45	46	50	35	28	50	8	50	18	29	27	11	21	34	22	1	22	7	10	48	7	46	30	42	18	21	19	9	50	11	25	50	28	4	9	31	40	43	4	34	17	17	
36	19	46	45	44	44	19	15	11	41	9	22	19	37	17	29	18	24	40	44	9	40	48	10	29	48	50	25	2	14	5	45	15	34	46	46	7	12	28	27	2	10	31	35	43	14	33	29	20	29	8	20	35	35	19	21	5	25	45	35	
47	30	42	36	24	35	45	10	35	9	4	4	49	1	43	38	25	19	46	18	6	50	14	26	4	14	21	32	42	4	10	35	27	38	14	44	18	18	3	49	45	44	7	10	49	48	33	20	3	50	9	4	38	49	17	3	19	44	25	44	
41	42	5	10	12	10	2	43	44	40	15	36	16	2	49	34	23	11	46	46	26	35	40	12	36	16	15	18	50	1	36	36	48	7	40	2	15	48	1	1	17	45	46	17	38	21	11	25	41	42	7	21	36	4	48	12	18	45	41	29	
On machine	5
7	49	43	7	35	40	10	15	25	39	15	20	40	6	1	7	48	5	10	34	32	11	2	40	40	50	11	16	29	41	17	13	21	28	25	31	41	7	35	18	28	1	28	1	15	29	31	1	9	35	36	8	3	20	31	6	3	47	41	39	
43	45	15	26	3	16	48	7	25	45	35	14	39	17	16	30	2	5	15	49	27	30	45	15	6	21	15	30	19	39	5	42	8	29	46	49	8	36	12	40	50	36	29	6	31	22	2	3	10	20	28	42	41	38	17	30	5	31	14	46	
29	32	25	21	6	12	6	50	20	14	37	27	30	17	15	41	10	28	3	4	22	29	3	42	16	42	11	37	27	32	20	43	32	16	39	32	10	32	27	39	2	38	48	21	17	14	37	21	39	3	34	10	20	16	7	8	24	6	16	43	
41	38	33	40	24	47	22	40	39	23	12	48	25	12	20	49	19	47	10	24	29	6	30	22	27	1	28	50	23	24	1	30	30	13	20	24	30	11	39	12	40	19	35	38	43	24	19	30	4	24	20	3	48	17	48	29	30	32	22	5	
28	42	37	1	1	3	32	44	1	11	39	48	37	22	20	21	34	28	9	40	42	11	6	48	15	13	15	48	25	11	34	50	30	4	36	5	42	36	31	18	31	35	5	11	34	12	12	39	23	40	45	44	40	17	46	26	7	40	6	49	
39	1	12	20	22	2	8	25	21	41	39	41	15	47	28	14	30	19	9	20	47	46	33	48	5	1	14	44	44	3	22	12	41	33	36	40	32	30	39	8	15	40	40	15	37	49	15	36	16	28	30	1	1	12	31	36	18	25	27	13	
10	46	15	40	31	37	29	8	43	45	47	18	11	12	31	17	46	23	29	20	14	45	15	27	45	20	35	41	9	44	19	24	18	7	39	11	17	8	13	31	24	35	3	16	27	46	15	29	49	17	1	30	23	20	18	15	49	1	28	28	
49	18	46	37	7	26	36	42	6	6	45	23	45	7	34	32	44	32	16	24	18	45	31	4	2	9	36	26	13	17	43	33	23	49	13	39	46	42	49	42	47	9	25	38	1	16	35	41	31	42	26	19	18	1	25	3	9	8	33	8	
27	50	22	30	43	11	49	20	29	7	43	44	17	41	31	3	48	30	20	39	42	30	23	49	25	32	23	31	25	23	41	17	31	40	37	6	33	24	1	17	14	24	20	37	39	26	2	39	7	19	41	30	22	50	7	29	30	12	34	31	
45	28	31	20	9	1	34	33	12	40	2	4	39	12	48	35	45	39	8	35	7	33	19	6	30	21	13	29	46	20	7	38	27	30	44	35	35	24	10	26	9	30	23	10	15	3	19	41	33	16	41	28	38	42	30	8	16	8	28	38	
1	47	43	25	20	50	6	43	33	48	16	9	16	40	21	26	18	31	8	35	42	14	46	42	22	43	48	40	47	47	10	28	20	15	41	25	5	8	29	29	38	17	41	44	2	23	3	48	34	10	30	35	7	4	21	5	24	18	6	38	
46	21	39	39	36	34	12	9	22	43	15	36	11	20	40	1	50	10	50	13	45	24	16	34	40	18	32	24	17	29	38	25	49	10	44	2	43	5	15	8	23	37	16	33	25	9	40	24	16	47	28	29	44	15	21	17	2	28	2	47	
26	8	29	49	40	44	11	42	18	17	25	10	5	26	1	25	32	24	24	48	41	16	39	33	37	31	32	39	42	48	20	41	12	49	5	15	12	3	8	3	42	24	29	42	43	42	49	29	44	17	37	14	4	45	7	17	2	15	28	33	
26	14	32	17	5	12	40	2	50	31	28	23	47	11	11	23	8	36	38	17	38	38	36	41	33	44	37	46	21	45	32	3	47	37	16	26	41	41	31	13	7	23	45	15	7	12	43	10	45	20	32	2	13	7	43	1	33	42	26	11	
47	11	15	13	40	50	8	45	7	10	12	43	23	39	9	47	43	27	48	38	34	9	34	5	2	7	32	23	37	29	6	25	49	5	10	32	21	31	40	20	44	45	32	8	8	34	33	42	34	22	26	12	9	13	14	37	14	34	18	46	
41	30	45	9	18	35	20	22	1	27	22	10	45	35	17	49	42	3	22	2	7	11	3	15	21	47	14	31	33	21	31	33	32	19	29	24	14	39	38	16	50	32	12	9	24	50	41	17	5	16	30	19	15	24	50	1	13	1	29	14	
43	49	7	35	28	35	1	25	3	3	8	7	19	4	22	41	45	48	15	33	3	47	19	4	8	7	21	31	41	37	21	35	21	44	19	28	9	1	21	4	48	2	12	26	1	19	36	31	16	45	5	27	6	16	33	48	10	5	21	43	
6	28	42	2	38	2	23	31	33	1	35	26	24	34	15	14	2	35	38	34	21	31	29	21	40	25	38	11	46	12	14	13	33	15	11	28	8	49	48	50	33	22	10	50	17	2	22	19	5	42	1	23	8	36	24	27	15	13	17	47	
13	19	12	24	14	38	3	1	27	13	42	18	41	50	2	7	6	25	26	42	24	13	14	1	19	32	32	27	32	43	27	17	23	37	14	19	17	34	11	17	2	49	23	7	29	3	30	4	32	49	15	47	32	50	41	8	4	14	47	16	
24	35	10	37	49	4	42	11	37	41	14	27	31	33	10	28	36	46	41	2	1	26	21	36	30	8	46	24	31	16	32	28	48	38	8	50	8	46	2	9	47	28	11	44	10	2	13	38	25	9	46	38	26	34	12	18	32	24	14	5	
7	16	5	36	6	48	20	3	28	48	1	25	2	49	23	50	45	30	40	29	22	44	11	8	50	21	40	44	11	14	15	30	5	12	3	36	49	15	48	19	2	15	22	27	13	38	21	35	39	4	4	36	48	9	4	45	45	48	27	3	
22	48	23	35	6	32	32	20	1	49	44	47	45	35	28	29	40	41	14	32	39	42	23	17	34	20	31	40	26	43	47	30	25	21	48	32	2	2	36	47	2	28	17	4	5	9	6	48	1	11	14	47	49	47	49	39	42	4	3	10	
37	32	14	9	1	50	21	21	17	50	42	22	34	49	25	37	8	5	11	11	13	10	37	27	42	17	39	8	43	2	45	30	1	7	10	6	33	1	7	10	18	34	36	21	40	2	47	30	5	39	18	15	17	36	17	40	13	5	19	23	
4	26	6	43	49	26	38	6	21	33	28	50	30	28	20	12	26	12	37	44	27	43	4	21	36	2	41	16	22	25	16	21	1	31	38	8	45	13	49	5	42	10	24	11	29	23	47	4	24	22	45	26	17	33	36	39	16	50	2	23	
22	26	16	45	40	27	46	16	28	40	20	34	14	10	35	8	48	5	10	45	33	18	10	35	30	5	14	43	19	26	10	1	27	2	17	34	8	34	20	38	17	45	29	38	26	25	8	28	50	48	40	8	40	26	42	34	28	22	26	44	
17	4	47	19	16	35	8	47	16	40	36	18	6	32	6	32	1	47	10	33	9	20	48	22	31	14	37	12	41	10	12	46	10	44	45	14	26	33	33	17	3	1	27	5	3	36	18	5	29	50	7	43	42	41	39	26	1	4	26	16	
6	32	49	42	10	2	25	21	5	24	1	2	40	1	25	24	46	9	36	21	45	8	23	16	14	11	34	15	9	47	29	47	22	13	36	49	38	34	11	8	16	34	12	17	21	43	2	22	27	18	1	1	43	9	50	18	33	32	20	22	
23	26	16	33	17	27	38	40	15	47	45	38	30	5	14	1	6	9	12	22	10	46	39	39	48	10	16	8	36	19	46	8	23	27	28	39	48	50	8	16	18	9	8	46	47	10	14	49	14	34	48	19	13	25	12	7	45	11	16	32	
36	36	40	23	2	15	45	9	48	2	21	16	37	24	15	11	13	21	16	34	42	49	41	2	16	35	22	44	28	34	37	31	43	31	36	24	13	38	28	9	29	9	18	35	43	10	20	48	35	26	34	31	18	18	7	47	13	23	19	21	
40	11	33	31	27	18	38	42	23	26	49	10	50	38	28	29	48	35	27	17	14	47	11	43	43	5	30	21	10	17	13	7	34	28	44	5	23	23	1	14	5	41	8	41	10	26	2	7	44	17	47	47	13	4	16	12	18	20	33	35	
35	28	8	21	40	17	13	45	38	24	20	5	31	45	30	26	41	43	24	6	19	2	40	28	7	29	2	19	3	27	42	36	20	32	34	17	1	42	40	3	13	47	41	50	35	33	43	40	49	40	34	33	36	40	38	7	14	42	39	23	
3	1	1	14	18	40	43	23	20	36	21	4	47	2	30	8	28	47	42	1	5	49	5	5	21	10	27	22	16	43	23	35	32	50	25	35	30	40	50	26	45	25	45	12	50	11	23	16	13	10	11	38	6	36	1	13	12	24	28	48	
20	13	32	30	21	50	50	35	50	8	26	6	5	7	18	34	46	17	7	31	42	17	2	31	29	33	34	36	24	11	14	40	49	32	46	17	25	41	12	26	19	32	32	28	35	8	31	36	20	22	10	35	44	20	38	23	9	20	25	32	
36	14	15	4	15	13	37	15	12	45	18	27	4	17	44	35	19	22	50	35	33	33	8	17	8	11	45	43	46	44	42	44	18	9	43	40	13	39	25	3	9	16	14	16	1	31	26	8	35	7	37	46	43	19	18	8	18	42	35	46	
50	29	44	42	39	4	50	5	14	17	34	12	43	26	46	40	35	47	11	6	6	3	11	34	37	31	7	45	39	1	41	45	42	22	9	19	42	40	5	15	32	24	10	20	46	11	49	26	24	14	4	41	15	18	30	12	42	22	47	39	
10	23	13	44	5	32	49	43	33	4	16	5	32	38	1	4	16	21	6	37	33	16	48	18	40	24	34	29	18	42	12	43	1	25	41	2	33	17	31	40	31	22	41	22	1	50	7	23	29	42	29	30	35	21	31	29	40	44	16	24	
17	22	46	48	9	41	32	35	17	1	9	38	14	45	13	35	37	13	16	6	36	7	22	16	36	41	35	48	48	44	43	31	38	46	13	6	9	38	13	3	6	38	39	46	41	43	27	21	39	39	35	38	19	28	18	18	49	26	28	48	
29	29	50	35	25	9	45	40	21	12	18	21	14	38	46	44	45	18	7	47	45	45	39	32	4	39	49	28	17	20	44	30	39	50	5	18	12	7	32	47	9	27	27	12	30	34	45	50	26	4	5	2	8	37	12	39	44	2	1	47	
44	5	41	33	14	42	50	34	33	21	12	16	36	47	32	22	5	48	35	28	39	35	48	5	21	1	50	17	6	29	28	33	31	22	25	24	3	18	47	6	15	42	47	42	3	32	3	5	19	31	31	27	24	27	48	26	46	21	8	49	
48	15	23	6	36	33	10	41	47	30	40	23	46	14	29	30	29	11	35	40	48	35	10	9	44	43	21	12	16	34	42	41	26	19	14	33	18	44	28	14	1	5	48	7	43	46	45	5	38	24	7	11	29	25	11	38	40	29	1	18	
11	36	46	27	41	17	15	1	40	49	46	28	29	24	39	24	35	12	10	35	38	14	37	43	7	19	29	22	21	16	7	35	44	10	12	40	36	50	28	26	16	4	37	11	8	17	21	15	27	35	34	13	29	24	25	4	43	29	13	8	
47	31	19	34	14	4	9	45	36	10	43	22	35	13	24	48	25	25	2	26	3	19	39	1	21	40	14	34	6	38	13	16	48	34	9	22	22	33	2	27	22	17	15	42	47	50	3	48	48	44	11	44	25	37	38	10	40	20	10	46	
12	6	35	29	14	35	9	50	26	39	33	13	42	9	3	44	17	34	22	8	3	48	16	32	3	42	13	50	36	50	27	15	37	12	19	29	9	8	39	42	16	20	10	19	34	42	8	45	36	33	12	3	47	12	49	7	19	37	16	42	
37	34	46	17	4	33	24	45	45	27	2	9	7	1	25	4	3	18	12	37	21	34	12	29	47	40	35	30	23	37	32	49	37	9	36	22	12	27	32	26	48	49	1	9	26	41	11	15	28	22	1	2	18	36	13	25	48	7	29	16	
37	12	23	23	35	22	20	7	39	21	9	31	14	10	17	3	30	32	1	8	16	36	32	28	23	5	41	17	40	33	29	24	49	27	13	5	48	9	4	40	24	40	25	43	9	17	44	43	1	47	34	13	19	27	15	43	36	41	8	9	
25	7	47	18	39	45	17	27	17	21	32	12	50	37	4	15	40	4	48	23	4	8	15	49	5	30	46	36	23	6	48	26	1	11	2	3	34	48	19	16	10	2	22	40	47	17	5	14	10	24	16	9	8	39	7	13	30	5	24	50	
10	32	47	21	22	49	16	23	23	17	4	20	12	18	20	9	6	22	7	24	45	45	19	28	1	8	39	5	32	34	1	37	34	46	29	31	12	21	11	20	35	28	16	40	13	49	34	20	44	17	25	40	10	50	36	26	45	3	42	31	
11	46	32	4	12	42	34	39	15	9	31	15	14	41	11	9	19	21	18	42	25	6	29	49	18	19	25	25	31	24	5	28	27	16	11	1	37	48	24	35	7	28	23	13	50	19	4	12	14	29	32	20	23	23	41	40	39	35	18	9	
44	23	50	18	32	8	14	4	49	4	15	29	26	43	22	20	44	34	43	26	39	33	10	22	41	18	2	16	30	44	35	9	35	50	19	30	30	11	42	23	31	2	44	26	37	32	12	36	5	45	31	3	34	6	15	7	44	7	26	14	
11	43	14	40	40	36	9	3	30	1	9	30	9	50	46	20	33	24	17	18	39	40	8	16	1	25	32	42	41	4	7	35	33	26	47	35	35	29	18	32	5	18	41	4	9	18	46	12	3	31	47	28	49	28	30	47	33	10	38	34	
34	7	16	15	39	18	8	39	32	42	14	36	24	2	23	15	15	14	24	9	45	43	29	5	46	27	12	38	37	3	5	30	8	26	39	33	35	48	14	16	41	4	20	27	29	39	4	37	6	4	26	46	37	22	14	10	38	7	16	16	
15	38	13	35	20	41	17	41	36	39	48	38	18	43	10	2	46	1	46	6	40	29	3	28	2	8	38	44	26	22	46	22	46	21	27	12	10	13	28	18	39	14	14	38	45	3	46	3	28	6	15	27	17	35	24	3	41	24	37	34	
9	6	40	14	5	19	50	47	11	16	2	46	32	31	34	4	16	9	41	13	38	8	17	35	20	9	32	40	33	8	5	47	25	42	19	28	26	18	21	17	17	44	6	18	16	45	37	47	3	2	30	4	48	22	40	15	40	18	1	17	
48	15	35	40	31	30	30	9	41	49	29	6	33	17	8	15	38	8	1	4	39	6	17	5	15	32	25	50	47	24	45	40	26	50	27	11	38	17	35	4	9	14	19	37	12	29	18	43	22	8	26	34	23	12	44	37	16	3	5	24	
40	27	32	32	27	47	13	49	8	1	38	39	17	44	40	46	14	32	25	47	18	29	47	22	8	38	37	10	14	50	44	15	44	40	28	12	25	8	32	15	27	11	4	43	44	17	41	2	14	16	44	49	43	23	38	7	12	8	41	41	
9	17	28	8	45	39	9	1	42	49	40	14	10	43	11	22	19	47	45	4	12	16	24	44	20	6	41	40	17	40	42	24	21	20	29	29	29	37	49	16	24	22	32	5	2	23	17	24	12	13	6	38	23	34	17	16	36	44	33	9	
12	18	24	8	39	50	40	9	39	26	26	45	45	21	6	23	42	12	17	15	23	41	4	49	38	38	43	42	37	17	30	11	2	28	44	49	38	17	20	41	12	33	40	18	45	48	42	11	13	16	11	8	11	24	33	21	9	44	30	19	
3	6	33	15	32	19	46	28	49	48	21	18	33	48	26	38	37	30	45	48	41	28	37	35	17	36	44	31	35	34	4	41	2	39	32	48	13	39	39	18	2	1	41	13	31	45	3	15	16	45	5	43	16	20	30	23	23	20	23	29	
41	24	14	19	17	29	49	31	45	37	41	44	18	49	36	22	10	46	16	34	19	39	47	10	25	49	1	20	10	48	42	6	13	10	46	41	26	35	13	21	46	42	4	27	31	48	47	46	6	40	7	4	28	36	35	18	27	35	13	49	
47	42	12	7	2	4	2	22	33	49	38	19	9	32	49	44	38	18	18	29	16	11	24	40	5	46	33	12	14	14	46	7	6	6	42	39	49	3	8	12	4	13	41	13	3	37	34	28	28	15	11	4	45	48	34	31	7	11	44	45	
On machine	6
7	6	34	29	14	26	34	31	10	31	5	40	4	2	42	18	30	31	4	37	21	42	45	45	31	2	8	27	15	19	6	10	49	29	33	14	48	39	4	3	34	31	43	5	37	37	15	6	16	26	41	36	46	31	5	17	37	5	37	45	
28	27	11	22	16	50	1	27	40	29	25	30	17	48	38	16	35	24	19	39	34	29	11	14	45	35	33	43	38	41	29	15	32	21	36	40	13	16	47	29	7	11	5	31	30	18	24	20	32	34	2	2	20	46	35	16	37	2	3	19	
20	42	32	8	33	40	14	28	34	29	3	2	21	3	6	47	42	1	29	42	49	3	12	6	14	17	21	15	37	17	47	14	48	38	12	30	25	19	14	41	10	50	3	21	7	2	40	8	29	16	8	9	7	31	18	17	10	29	29	36	
37	40	29	22	17	43	37	34	48	8	1	42	8	25	33	34	42	6	26	24	18	2	26	45	33	22	10	27	41	38	38	14	42	3	33	12	11	1	49	43	40	43	22	34	46	16	16	13	38	9	17	39	25	13	48	41	21	40	14	17	
6	13	50	27	49	35	3	26	33	41	38	5	31	39	34	10	31	1	11	1	48	24	5	41	49	16	26	34	41	35	23	45	25	5	15	20	36	29	25	29	8	5	16	25	47	43	2	39	22	6	50	37	6	11	32	7	11	45	32	49	
40	22	5	38	5	32	42	37	26	13	33	44	40	19	17	31	8	5	25	12	49	24	49	31	23	29	12	41	33	18	25	35	11	13	9	16	7	27	22	6	16	12	21	20	33	7	42	14	47	18	5	10	42	11	8	17	38	4	26	16	
30	33	33	33	24	37	9	11	7	20	1	16	34	34	8	10	12	9	44	14	39	30	2	26	25	6	18	2	50	27	48	16	43	22	4	8	48	41	43	3	10	30	45	30	38	19	15	26	18	31	48	50	23	17	22	4	13	50	3	4	
3	36	12	1	24	15	23	32	40	15	24	20	46	31	22	32	13	7	34	21	4	45	34	47	47	5	28	33	18	11	25	44	39	5	31	14	25	40	44	30	6	21	50	11	42	7	38	48	18	34	25	19	13	4	48	22	7	2	4	24	
16	13	33	3	10	36	16	46	6	10	22	8	47	49	36	33	37	32	49	31	30	40	1	23	21	10	23	30	26	2	34	28	25	38	12	18	10	35	49	43	36	1	39	9	42	7	4	33	45	36	19	37	32	25	14	23	46	16	14	19	
19	9	22	22	42	6	16	50	31	19	48	23	49	22	39	1	11	50	44	49	13	25	10	47	38	25	16	50	3	5	28	8	1	45	46	24	9	18	19	34	42	38	2	47	39	34	21	23	41	33	31	10	10	43	26	2	38	9	12	11	
15	41	25	11	42	1	49	6	44	37	33	47	8	27	35	49	47	7	25	42	43	46	29	3	6	11	1	13	39	7	50	18	20	26	33	29	46	43	46	1	47	13	36	5	36	20	43	4	40	17	21	14	41	22	6	19	27	21	28	1	
18	2	38	6	17	38	38	38	9	27	4	29	25	27	14	49	46	12	22	27	28	35	20	2	39	31	12	43	32	27	14	11	19	9	27	21	30	43	24	39	6	19	11	37	1	23	21	26	20	35	39	41	3	12	1	24	32	25	36	1	
38	49	11	26	13	41	35	30	16	16	49	7	38	3	41	44	6	15	45	25	35	17	17	9	50	40	13	29	47	34	5	6	42	23	47	21	31	25	19	27	22	3	1	38	4	45	3	13	50	11	48	9	28	5	28	34	17	34	8	15	
35	11	31	46	35	1	45	50	35	41	3	25	10	48	12	21	45	43	31	7	39	7	40	29	50	7	16	13	42	12	42	9	29	34	44	38	19	1	43	30	28	30	33	49	17	25	14	36	33	46	5	23	22	26	40	14	26	34	11	30	
13	8	39	44	21	16	31	50	24	39	17	13	45	19	40	46	46	42	42	36	31	14	12	23	46	26	31	13	12	10	28	10	11	4	11	10	47	5	46	9	9	30	13	35	12	16	8	3	22	23	33	49	2	11	42	32	48	30	37	4	
26	28	38	4	29	48	7	21	10	28	29	50	13	6	46	7	3	12	43	15	21	40	28	42	47	46	20	28	12	45	34	50	13	42	48	17	35	4	45	50	33	27	41	35	32	29	35	50	1	27	18	3	25	31	23	24	2	32	10	50	
36	23	31	41	46	42	47	16	47	17	27	41	24	30	32	8	27	45	36	24	3	35	44	25	49	32	48	10	44	8	44	10	26	36	46	23	43	14	34	4	41	49	47	31	32	12	34	14	35	48	39	28	34	20	18	48	16	32	2	7	
27	31	7	25	18	18	13	35	17	12	22	28	38	9	28	45	2	44	32	49	40	48	40	2	42	39	24	29	10	29	24	29	3	11	5	6	40	5	3	22	40	23	14	8	38	8	38	18	6	18	3	50	19	7	18	32	10	24	48	1	
16	8	23	29	34	50	12	37	3	46	6	50	19	13	15	1	1	20	25	9	46	23	5	12	11	46	43	35	45	42	14	19	5	20	39	19	11	5	5	7	26	24	18	14	13	15	33	11	2	3	41	15	19	27	18	24	16	6	1	28	
17	10	46	46	31	11	34	20	34	44	36	30	40	37	50	46	34	47	30	27	6	45	28	43	14	2	8	43	13	11	14	12	41	10	11	17	27	29	46	6	33	38	35	13	19	50	40	37	35	38	17	1	43	4	45	6	34	48	45	20	
24	48	30	16	23	23	21	12	34	39	39	44	33	22	25	18	20	41	37	35	29	4	16	36	3	15	3	24	42	33	16	46	4	39	10	40	22	12	14	48	8	33	23	43	37	28	45	30	7	4	17	45	29	21	27	29	5	47	3	42	
14	7	32	38	12	36	3	44	49	6	28	50	48	8	38	33	25	6	41	46	41	3	40	46	35	38	43	4	45	6	47	29	34	20	21	50	8	39	30	11	50	48	4	33	29	22	46	19	39	39	41	31	27	28	17	23	17	29	6	50	
31	39	39	24	21	18	15	13	27	37	31	13	29	34	21	38	9	18	31	15	34	21	31	44	31	21	32	39	50	3	48	39	49	14	38	48	14	15	32	12	33	24	30	15	3	3	29	28	38	38	44	40	8	17	29	35	48	9	20	10	
41	22	32	14	14	15	8	20	20	8	43	44	19	35	24	38	50	49	10	42	9	36	20	38	37	23	23	9	34	28	21	27	38	23	45	23	16	20	43	41	1	5	39	24	22	17	29	27	26	44	4	41	31	4	38	10	27	14	25	46	
42	19	27	40	6	48	13	23	46	45	46	32	21	4	14	47	4	16	45	1	31	10	33	44	3	29	6	49	43	2	48	19	15	21	49	5	16	35	8	47	17	1	39	21	50	27	34	44	46	29	45	4	28	37	8	29	39	47	6	36	
46	45	5	20	11	50	35	17	20	4	28	15	22	34	45	43	22	18	15	41	33	33	3	19	8	11	28	43	13	45	39	12	42	34	33	36	49	28	21	17	15	43	21	5	33	19	24	10	33	49	26	15	15	5	49	2	3	50	41	13	
43	40	24	7	49	7	36	44	10	40	45	30	8	37	38	38	1	19	24	40	20	10	42	40	21	20	28	4	15	8	3	20	28	34	4	8	45	5	7	26	50	33	46	9	33	36	50	8	3	38	12	4	20	24	24	11	38	36	43	15	
48	18	33	35	42	9	3	25	37	32	24	23	8	27	3	14	23	26	17	32	27	36	24	5	44	43	16	14	50	28	48	28	6	46	29	37	37	13	17	31	27	43	1	15	31	1	46	25	2	2	17	35	7	35	16	13	34	5	18	9	
20	2	49	14	5	8	17	49	29	10	32	34	43	4	5	25	9	1	43	3	7	16	45	14	24	41	31	41	41	44	50	28	37	44	8	18	35	34	30	13	45	30	32	49	12	35	42	17	50	43	13	12	3	13	21	10	17	41	48	43	
11	44	50	14	19	10	2	9	18	4	22	30	39	19	25	1	35	2	36	42	1	19	48	5	50	40	15	36	4	3	2	14	20	39	27	33	30	18	17	27	20	12	46	26	41	4	49	40	26	7	29	27	21	41	38	13	35	41	50	13	
50	14	9	6	40	45	11	5	27	38	5	23	17	38	30	35	49	29	36	19	30	45	34	25	3	19	14	38	8	9	20	34	28	26	7	10	50	42	50	12	47	20	23	36	13	9	34	10	50	50	18	18	29	47	20	43	7	11	44	6	
14	22	4	37	41	4	24	27	10	11	28	5	3	30	29	47	42	30	39	34	43	11	12	40	44	11	5	47	2	24	44	20	22	5	38	11	3	30	36	15	6	12	50	15	19	1	18	43	33	31	47	45	25	18	41	13	30	32	47	44	
21	32	21	22	37	30	4	24	6	20	42	34	41	26	23	23	19	29	8	21	25	31	13	3	50	25	10	22	27	2	4	12	34	6	1	25	15	4	27	2	39	21	10	43	38	12	43	26	31	11	15	16	17	22	27	29	4	6	1	40	
2	49	5	41	4	19	44	20	18	2	49	23	17	43	10	36	37	12	24	36	17	10	46	19	7	24	1	31	34	48	8	18	32	15	17	40	5	39	33	35	28	25	34	9	49	33	18	50	5	18	16	27	31	20	9	35	33	7	46	44	
13	33	16	45	39	6	24	30	4	4	19	12	41	42	27	39	5	18	43	42	37	37	4	16	39	19	13	18	50	10	16	25	43	16	28	3	8	15	32	36	34	29	40	25	33	43	34	50	5	6	49	33	5	9	48	39	1	16	26	1	
19	47	29	21	5	14	21	27	34	28	15	9	17	49	4	44	3	25	39	19	9	6	2	28	12	37	22	23	41	32	46	23	15	21	7	23	24	25	35	29	39	34	37	5	39	46	38	44	36	40	37	14	21	43	22	28	2	45	7	7	
8	29	30	29	8	49	29	26	36	31	50	12	26	4	25	6	1	37	24	11	5	35	4	40	27	38	1	4	18	50	36	16	49	10	32	42	12	27	22	33	24	30	50	4	25	6	34	1	44	16	10	48	46	10	37	50	39	46	30	37	
41	38	27	19	19	13	30	19	5	23	20	6	29	36	3	18	11	7	32	2	7	47	18	39	7	12	40	29	45	23	38	47	23	27	20	3	20	10	21	31	21	29	7	44	7	8	1	49	1	10	13	44	19	42	3	6	17	4	13	10	
33	6	8	11	3	49	8	22	14	3	39	20	10	9	25	25	39	26	34	9	11	12	16	24	42	11	10	10	29	46	49	30	48	27	42	16	1	4	1	27	28	28	20	17	50	41	29	31	4	50	14	3	16	46	9	7	48	48	17	4	
42	15	40	16	15	6	12	1	32	39	49	34	29	19	1	30	11	3	16	49	6	19	7	45	18	8	6	2	20	27	8	34	1	5	17	4	21	42	27	19	39	2	20	45	32	41	27	23	11	2	18	14	45	46	32	4	4	13	28	9	
3	7	1	30	10	25	46	35	28	36	15	25	11	36	17	39	27	44	12	49	27	46	35	44	50	50	42	42	45	37	31	1	4	42	1	21	3	31	29	44	48	49	6	34	10	38	49	49	5	7	50	39	32	25	39	1	12	20	30	42	
15	10	6	22	5	23	36	21	9	46	39	2	32	48	3	17	32	34	28	2	11	47	31	27	27	29	19	22	30	14	40	47	47	22	19	14	20	21	32	1	35	25	20	10	47	43	10	37	33	18	34	15	23	22	25	7	8	30	39	49	
50	16	18	6	2	17	50	34	7	20	6	28	15	25	16	5	4	46	50	46	11	12	1	10	44	46	38	28	29	46	9	15	32	30	33	24	19	35	50	5	32	10	8	3	28	45	10	14	21	36	1	21	12	42	48	18	42	27	34	50	
47	49	32	46	44	41	22	17	14	34	27	32	11	22	25	5	16	41	20	27	2	37	43	13	28	13	33	28	9	43	44	36	21	39	27	40	30	15	42	36	33	19	21	36	17	7	16	37	48	12	50	35	5	7	11	29	39	31	32	33	
20	17	1	26	27	35	34	19	2	2	35	45	17	10	43	39	39	49	42	40	3	8	25	4	36	38	23	18	9	15	42	37	41	7	10	16	4	17	29	27	30	50	47	13	49	12	43	21	38	45	17	16	9	28	9	29	15	2	35	36	
47	37	45	34	50	19	45	10	29	37	9	19	10	41	14	34	11	44	3	6	26	9	23	20	17	6	11	24	2	37	8	14	22	30	44	42	3	7	31	18	14	39	38	40	20	20	20	37	44	22	44	5	8	3	50	35	10	20	5	45	
37	15	21	20	44	46	12	15	21	40	34	41	44	39	38	40	14	17	5	1	17	16	25	22	28	23	18	14	31	32	39	20	6	21	23	17	26	20	40	22	15	43	18	22	4	31	13	28	22	23	43	22	26	6	22	1	3	13	39	20	
50	21	40	6	6	43	16	39	1	30	24	1	25	29	38	28	34	27	2	20	42	2	30	39	48	26	15	10	32	47	41	8	17	47	34	29	28	45	38	13	19	43	12	31	6	17	50	15	9	18	5	22	43	27	34	46	20	21	6	39	
19	37	25	35	9	38	50	41	7	47	49	4	21	21	40	49	3	41	12	28	28	50	18	49	10	24	36	32	6	5	11	21	7	21	42	22	49	1	6	1	25	13	43	19	29	13	44	50	26	15	38	8	49	10	8	38	21	31	27	25	
50	24	6	30	18	8	48	24	37	26	20	27	24	23	1	7	10	25	18	1	46	38	25	16	33	24	30	17	33	38	30	6	9	20	33	13	39	2	19	43	18	20	17	42	25	9	41	38	5	39	20	13	27	22	42	37	10	15	42	23	
29	34	41	20	28	21	20	39	47	41	32	34	15	40	3	27	43	1	19	7	22	11	32	33	12	31	45	31	13	3	20	14	39	21	22	32	6	19	35	20	16	43	37	26	46	5	10	36	5	41	7	19	42	33	38	20	6	23	42	33	
45	27	47	42	4	2	8	31	12	20	28	44	49	14	18	40	24	34	33	32	31	24	32	49	28	47	9	37	7	44	11	15	44	37	5	46	44	14	20	49	32	16	20	33	43	36	46	39	8	31	28	17	5	44	26	14	2	41	16	6	
46	3	49	44	39	36	48	27	22	3	31	21	42	27	38	7	20	43	47	7	48	47	47	36	23	7	5	23	17	36	4	22	26	7	8	8	4	8	47	36	45	7	35	9	35	28	44	21	21	36	13	2	25	16	17	39	39	21	22	9	
50	22	3	20	47	46	24	38	44	2	48	40	35	36	26	2	46	1	18	25	23	11	41	27	15	18	45	35	21	10	16	25	9	17	29	11	5	45	38	3	38	18	29	25	39	42	42	6	19	36	11	6	4	48	1	20	39	19	17	5	
49	29	49	2	46	21	1	46	25	6	27	47	14	2	39	49	34	17	47	6	47	47	27	44	2	11	42	30	10	17	47	38	43	13	31	46	26	38	41	49	40	19	23	39	23	18	48	17	8	27	33	43	33	38	24	9	30	12	26	44	
40	6	25	31	9	2	13	48	6	50	7	17	13	50	38	3	34	44	43	3	42	47	26	47	39	5	46	26	35	11	41	27	14	48	5	21	24	45	29	45	7	39	14	8	19	21	47	22	3	9	18	4	46	37	2	9	26	34	4	50	
4	34	20	46	16	5	33	21	31	12	19	12	41	19	39	33	44	30	36	22	39	20	49	29	13	23	13	21	47	18	1	19	36	23	11	14	7	35	21	49	49	17	6	34	4	5	6	48	34	46	15	46	7	23	37	41	4	29	42	24	
50	5	39	33	27	36	49	29	26	15	36	46	8	12	22	30	48	41	31	46	32	15	14	19	17	7	14	29	35	13	10	26	13	6	24	17	15	30	42	18	40	15	13	29	2	25	11	19	8	38	10	28	25	2	46	50	9	30	20	37	
11	13	10	46	5	17	16	15	35	43	14	45	43	13	25	5	50	40	26	4	24	7	17	22	29	6	32	44	18	46	44	50	16	33	36	9	45	45	10	16	34	29	26	1	9	11	16	39	1	49	39	12	20	24	33	7	35	35	26	26	
39	45	31	28	31	12	2	46	26	3	39	49	2	8	44	48	40	47	30	18	34	33	37	17	46	15	27	9	50	21	20	13	31	31	11	6	45	34	23	16	37	43	21	47	40	16	36	41	48	9	50	23	49	50	20	24	15	35	35	25	
