Factories	3
Families	40
Machines	2
SetupType	1

Number of Jobs in each Family
7	7	8	3	5	4	2	6	2	8	8	9	8	7	3	7	10	5	3	8	5	9	8	6	6	1	7	3	4	8	9	4	1	4	4	2	10	1	5	5	

Jobs in each Family
0	1	2	3	4	5	6	
7	8	9	10	11	12	13	
14	15	16	17	18	19	20	21	
22	23	24	
25	26	27	28	29	
30	31	32	33	
34	35	
36	37	38	39	40	41	
42	43	
44	45	46	47	48	49	50	51	
52	53	54	55	56	57	58	59	
60	61	62	63	64	65	66	67	68	
69	70	71	72	73	74	75	76	
77	78	79	80	81	82	83	
84	85	86	
87	88	89	90	91	92	93	
94	95	96	97	98	99	100	101	102	103	
104	105	106	107	108	
109	110	111	
112	113	114	115	116	117	118	119	
120	121	122	123	124	
125	126	127	128	129	130	131	132	133	
134	135	136	137	138	139	140	141	
142	143	144	145	146	147	
148	149	150	151	152	153	
154	
155	156	157	158	159	160	161	
162	163	164	
165	166	167	168	
169	170	171	172	173	174	175	176	
177	178	179	180	181	182	183	184	185	
186	187	188	189	
190	
191	192	193	194	
195	196	197	198	
199	200	
201	202	203	204	205	206	207	208	209	210	
211	
212	213	214	215	216	
217	218	219	220	221	

Total number of jobs
222

Processing times of jobs
4	7	
6	4	
6	4	
6	9	
4	4	
4	4	
10	3	
2	2	
7	4	
2	2	
6	3	
1	6	
4	1	
5	1	
1	8	
2	8	
9	1	
6	7	
2	4	
2	1	
9	3	
5	5	
7	9	
6	3	
2	3	
6	6	
1	7	
4	3	
6	10	
6	1	
4	5	
3	2	
8	6	
6	5	
4	3	
5	5	
2	10	
1	2	
3	2	
8	4	
5	6	
3	4	
2	6	
5	6	
6	5	
9	6	
6	8	
4	2	
4	10	
6	3	
6	7	
8	10	
7	1	
7	8	
2	6	
10	2	
1	7	
10	10	
6	8	
2	6	
3	8	
2	7	
7	5	
8	7	
6	3	
1	8	
10	6	
2	7	
8	6	
7	8	
9	8	
7	2	
5	8	
3	3	
9	7	
2	9	
9	4	
10	10	
3	7	
2	9	
2	10	
7	1	
4	10	
3	10	
8	1	
7	6	
3	1	
1	6	
9	10	
4	7	
6	3	
5	6	
6	5	
7	8	
1	6	
5	1	
10	9	
10	5	
8	3	
1	9	
3	5	
8	1	
1	7	
2	8	
8	4	
4	8	
8	8	
7	10	
10	5	
10	6	
8	4	
9	7	
1	7	
3	9	
6	10	
1	9	
1	4	
10	7	
1	4	
9	2	
7	6	
7	7	
3	1	
9	8	
2	1	
8	10	
10	7	
2	6	
8	5	
1	9	
2	1	
9	5	
6	6	
7	4	
7	2	
1	6	
4	9	
9	1	
10	8	
9	5	
4	7	
2	6	
2	1	
8	4	
3	3	
3	10	
7	6	
7	3	
3	7	
5	1	
10	9	
2	3	
9	3	
7	5	
2	5	
9	4	
4	3	
6	3	
1	7	
3	4	
1	5	
3	4	
8	2	
3	6	
7	7	
9	7	
9	6	
2	3	
3	4	
3	8	
3	6	
6	10	
7	1	
2	7	
7	8	
5	1	
5	5	
9	5	
6	4	
8	3	
1	8	
10	7	
3	6	
2	9	
7	4	
3	4	
3	9	
4	1	
2	3	
8	9	
4	10	
8	1	
5	1	
5	5	
1	7	
9	9	
7	2	
8	2	
4	5	
2	3	
4	6	
8	3	
1	6	
9	2	
5	10	
6	6	
1	4	
8	7	
2	6	
3	4	
7	8	
2	3	
1	3	
7	4	
9	8	
8	3	
9	8	
8	3	
2	9	
4	9	
2	7	
2	9	

Stepup times between Families, where [f][f] represents initial setup time
On machine	1
15	16	7	19	13	3	16	11	3	9	3	15	14	17	11	9	17	3	19	11	14	11	14	1	11	8	18	5	16	4	20	11	11	10	8	2	2	12	16	7	
20	18	10	11	15	11	9	11	16	18	9	11	7	19	16	6	20	20	7	16	6	18	17	1	12	16	12	10	10	14	5	9	12	14	6	14	20	15	19	3	
4	5	18	20	15	9	2	7	9	9	1	10	5	15	16	10	14	18	12	14	11	5	19	17	12	15	1	16	6	11	19	7	14	4	15	9	9	3	17	15	
14	16	10	1	4	11	19	7	1	13	4	19	20	9	1	2	11	10	9	8	12	5	18	3	9	12	20	19	13	11	1	8	1	6	8	8	19	6	16	20	
14	7	20	16	14	2	13	13	9	4	11	7	14	19	15	3	17	11	4	2	4	16	6	10	4	14	15	13	10	4	20	16	12	9	11	2	7	16	13	13	
3	20	3	4	5	11	12	14	7	2	9	9	9	9	11	14	15	7	9	9	2	13	11	12	12	20	18	20	2	7	2	7	8	5	12	8	4	11	15	4	
6	10	13	5	4	12	5	8	16	15	1	19	6	2	13	19	16	18	10	20	7	20	7	6	16	5	19	14	3	6	5	2	15	17	1	13	1	20	4	3	
1	17	14	7	3	5	1	18	18	12	5	15	19	5	14	11	8	19	13	7	7	8	6	4	4	13	13	18	17	9	4	16	13	16	13	11	11	7	13	8	
9	3	7	3	13	19	17	14	3	7	12	7	10	17	14	13	7	12	9	16	19	3	9	18	1	6	10	20	16	9	15	2	14	10	2	12	13	7	1	14	
5	20	4	5	7	17	13	6	15	8	8	10	12	14	11	2	16	2	13	5	2	13	12	12	12	16	16	5	20	19	6	20	18	12	11	13	15	20	10	18	
17	20	16	8	7	14	13	16	18	20	13	12	19	17	16	9	15	19	15	15	1	13	16	11	15	10	11	5	12	14	14	6	4	4	7	11	16	19	4	11	
19	8	7	9	9	15	2	10	4	2	5	18	12	20	18	20	15	19	18	3	17	7	1	17	4	7	10	15	11	5	12	7	16	18	3	1	16	9	16	6	
18	13	14	12	18	3	10	6	15	17	18	7	10	7	15	8	18	15	12	15	5	12	17	13	20	19	13	16	18	6	8	14	5	4	20	12	2	16	18	2	
2	13	16	6	16	6	20	11	8	7	19	8	17	20	10	1	8	5	17	5	17	18	11	1	17	11	18	4	12	6	11	15	16	11	19	19	10	5	15	13	
13	7	17	1	12	18	13	2	14	1	19	1	12	1	13	4	19	2	15	1	17	17	9	6	9	19	13	3	5	10	18	15	10	15	19	11	12	12	4	9	
20	11	14	7	12	7	6	14	2	5	4	18	11	1	16	7	10	6	8	6	7	15	11	20	1	12	9	10	19	16	4	9	14	4	11	4	16	12	1	20	
3	20	9	4	17	18	15	1	6	14	5	3	18	18	15	17	13	12	7	1	17	4	17	19	7	10	10	4	4	16	8	2	17	3	10	14	8	8	11	17	
9	5	20	19	1	5	9	9	18	12	13	20	8	6	3	19	15	19	15	14	20	15	13	11	8	3	6	5	2	15	8	2	12	13	13	17	1	10	3	1	
1	5	14	13	2	1	5	4	6	14	14	14	5	13	13	12	8	18	6	12	6	7	2	9	6	4	7	2	17	3	15	16	1	5	12	5	18	20	4	19	
4	6	18	9	14	2	3	12	18	14	11	17	12	17	17	1	7	5	16	13	9	15	6	7	18	17	5	7	1	5	5	19	2	5	5	19	12	6	5	12	
5	9	11	1	5	15	8	19	20	4	6	15	6	6	16	14	17	6	2	13	14	19	5	16	16	14	1	19	5	10	5	7	1	13	2	10	4	2	9	15	
19	12	18	16	7	8	9	8	13	15	14	3	9	18	15	16	4	5	19	2	11	20	20	10	11	16	2	12	17	7	10	16	19	11	8	3	20	9	1	10	
18	7	15	18	7	2	6	9	12	14	6	4	2	18	2	13	5	4	5	6	9	4	4	3	1	4	19	9	9	13	7	15	9	8	3	6	2	15	9	15	
11	17	4	4	20	2	7	3	2	12	17	13	15	7	19	3	7	7	9	9	19	16	16	12	17	9	11	6	12	1	1	3	6	14	11	6	3	6	7	12	
19	12	8	8	15	2	10	13	20	16	12	8	1	2	4	1	14	6	19	6	17	20	6	5	19	13	20	3	2	1	9	10	18	16	18	20	10	7	18	8	
5	8	13	13	12	7	19	1	13	11	19	4	20	16	20	16	1	6	19	3	18	2	2	14	14	19	1	17	15	13	16	13	16	13	8	9	18	7	5	12	
8	7	14	1	5	14	7	5	13	5	12	5	6	7	11	19	4	15	20	10	14	8	6	3	7	12	5	8	5	19	5	15	6	1	18	16	4	20	10	7	
9	18	19	18	6	15	13	11	7	16	6	16	12	4	13	3	10	9	19	5	5	9	12	18	20	2	13	19	18	3	10	7	8	6	11	17	7	14	19	6	
7	16	4	6	20	17	8	1	11	9	7	8	5	11	10	4	20	3	12	6	10	12	7	20	18	11	1	11	3	4	12	9	8	20	6	13	2	11	17	20	
20	6	17	2	17	3	3	2	5	20	7	6	16	18	5	19	12	11	13	3	1	1	11	12	11	4	16	20	18	14	2	1	17	18	5	15	1	15	15	7	
15	5	13	3	9	12	4	15	17	4	7	10	2	9	9	6	15	8	17	16	9	2	8	3	16	15	11	6	5	5	2	12	19	19	8	16	20	12	3	1	
9	16	7	4	16	20	10	12	16	5	7	20	10	19	11	3	7	7	3	12	18	15	3	13	20	16	10	2	13	13	12	17	1	10	16	16	18	7	14	1	
19	1	8	1	5	13	15	1	18	17	8	1	12	12	11	17	14	10	8	20	9	10	5	2	8	9	7	11	16	16	4	14	15	14	13	19	7	1	15	11	
3	5	15	20	17	16	14	20	10	19	6	19	18	5	3	5	2	3	16	16	11	8	14	6	4	14	1	17	19	5	8	12	16	10	4	1	15	15	16	20	
19	9	20	3	15	17	1	5	19	19	7	12	6	16	18	18	7	15	6	12	14	10	6	2	8	18	15	1	13	17	4	18	5	2	13	7	13	6	1	15	
8	9	4	10	9	10	17	14	7	8	2	7	10	9	13	14	20	20	16	4	4	14	20	1	5	8	7	15	18	20	9	15	4	13	11	15	17	12	7	9	
8	4	11	11	1	17	17	3	3	20	18	1	14	2	10	7	2	2	12	12	17	3	6	8	16	3	15	15	13	5	11	19	11	17	3	11	18	17	2	14	
17	14	10	13	2	9	19	12	12	16	17	2	6	19	12	6	15	7	9	5	1	16	15	17	15	18	19	12	18	11	19	18	10	14	4	19	5	15	7	13	
8	18	1	12	6	1	15	2	13	9	1	1	18	19	13	7	16	11	14	6	12	2	9	4	19	17	12	12	13	20	10	13	12	4	18	7	16	15	19	4	
10	18	7	17	7	1	2	9	2	4	6	20	20	18	8	12	3	13	14	20	9	17	15	10	11	14	18	14	1	14	7	15	3	4	10	6	16	10	6	5	
On machine	2
2	1	13	15	19	14	8	1	14	7	1	18	13	20	11	9	2	16	10	2	3	11	8	20	3	16	4	11	17	18	20	14	19	2	4	10	16	12	5	15	
13	4	7	14	18	3	18	1	19	6	18	19	16	20	18	7	6	19	19	10	15	9	2	6	18	20	15	10	3	19	6	3	3	6	2	6	19	4	4	19	
17	16	6	12	12	19	1	15	13	15	16	7	1	7	18	18	9	13	18	14	20	19	12	9	20	15	19	15	12	13	17	10	20	2	18	5	1	2	17	20	
19	2	11	11	12	16	13	17	2	18	20	15	8	17	4	8	17	5	1	20	2	17	17	8	1	1	5	16	17	3	9	19	12	14	3	10	15	8	19	19	
1	20	11	8	14	3	15	1	1	2	14	18	8	11	3	13	3	11	17	18	8	1	19	16	5	5	2	19	18	7	16	2	5	13	9	6	19	18	4	16	
12	17	16	4	10	5	8	2	10	2	4	2	4	8	9	18	9	2	14	7	13	6	20	16	2	18	15	5	17	10	6	8	15	9	16	20	4	18	20	3	
11	16	15	14	7	7	4	6	4	9	8	9	9	11	2	17	4	12	20	12	10	16	12	13	1	20	14	14	15	2	11	7	1	15	1	10	12	16	15	15	
6	13	4	2	13	19	15	6	15	2	14	12	14	10	15	16	14	13	18	8	7	9	8	3	8	6	4	15	4	10	16	6	12	20	14	5	5	11	15	6	
8	15	19	12	3	14	15	1	11	16	20	19	6	7	9	2	5	4	2	17	13	9	13	18	6	17	13	15	2	13	2	6	11	1	5	1	15	14	12	19	
10	1	7	1	14	4	12	9	19	7	20	3	10	14	19	4	14	20	15	11	7	11	16	18	18	11	14	6	18	12	1	15	13	8	12	6	14	8	18	11	
2	2	6	9	4	15	18	20	6	2	18	7	4	16	16	9	3	5	7	16	2	11	20	16	16	1	16	18	2	11	11	13	10	5	16	17	9	5	14	5	
9	1	15	20	2	4	11	16	1	3	7	19	13	14	7	15	18	5	16	7	7	18	2	3	4	16	9	8	20	20	7	8	19	2	17	20	16	10	13	14	
9	17	16	14	6	7	11	12	3	6	7	12	12	15	17	12	11	19	19	17	5	9	4	20	5	17	14	7	6	4	10	4	6	15	8	10	6	1	16	10	
11	9	12	3	17	15	6	13	8	18	20	10	9	6	18	10	6	19	8	16	12	17	18	18	16	5	4	10	12	8	5	9	7	19	6	5	15	15	14	9	
10	13	13	7	11	1	14	1	2	14	13	4	11	17	12	19	3	19	20	3	20	4	4	6	6	2	10	13	13	9	5	9	17	20	14	1	11	8	5	18	
6	4	19	7	14	8	18	11	20	17	16	12	18	9	3	9	4	4	8	12	15	11	11	4	1	16	14	4	18	17	2	1	13	19	10	8	14	14	14	8	
2	8	11	10	11	7	11	5	14	3	12	17	6	4	19	15	19	3	19	15	7	14	20	13	3	1	8	19	13	4	5	15	17	10	15	12	18	11	8	3	
11	13	5	9	5	7	3	17	18	2	3	11	10	5	14	2	5	12	8	18	14	20	2	11	10	17	6	19	20	11	14	15	7	5	20	3	4	6	9	12	
18	6	11	3	20	17	5	2	6	2	13	10	18	7	19	17	12	11	5	11	15	12	20	20	7	10	6	8	16	4	2	9	12	1	19	8	4	18	9	6	
18	14	16	2	3	1	18	8	15	6	11	19	5	19	4	10	13	10	17	16	8	9	6	10	11	5	3	9	6	8	18	17	6	8	1	7	12	7	5	18	
16	20	18	12	6	6	12	6	16	4	17	2	12	5	16	15	7	9	14	15	14	3	15	16	9	4	4	20	13	7	18	3	10	19	12	5	8	11	9	4	
17	4	4	10	16	8	14	11	9	20	14	18	9	3	13	6	15	14	20	15	15	19	17	8	1	18	11	3	9	16	2	15	10	10	8	14	1	2	2	19	
8	20	17	13	2	4	9	13	16	2	2	8	9	6	12	1	2	1	17	5	5	11	9	12	2	14	3	11	14	7	9	11	12	4	8	1	10	14	5	9	
1	20	11	8	19	19	1	13	8	16	3	4	10	7	4	14	10	8	3	16	12	11	19	14	1	4	14	13	7	1	17	12	9	16	4	11	5	8	6	9	
19	2	20	4	18	11	1	14	12	9	13	15	13	15	15	4	20	4	17	2	7	14	11	15	9	10	16	16	16	4	5	16	7	1	10	4	16	5	10	20	
18	19	4	8	3	1	19	14	4	4	11	15	14	15	1	9	15	19	18	20	4	11	11	19	9	17	7	1	13	20	15	19	12	19	18	12	2	14	5	8	
6	16	14	13	3	17	5	15	5	5	17	14	15	13	11	18	12	20	4	14	16	4	10	7	1	6	17	7	8	7	6	17	1	12	4	12	2	5	5	12	
11	10	14	11	11	6	11	20	5	19	5	12	13	5	17	14	9	6	2	4	3	10	6	10	17	5	1	19	7	5	2	10	3	8	1	19	19	18	9	1	
2	18	2	10	20	19	6	1	4	5	5	20	11	1	1	2	10	1	3	10	18	15	19	1	19	17	2	17	8	17	18	14	1	9	10	13	6	14	3	7	
15	1	2	10	10	19	10	6	13	5	8	11	8	6	14	6	15	11	9	5	20	7	10	11	2	1	3	16	14	10	17	9	12	8	12	7	10	15	15	6	
17	10	18	3	5	13	17	9	5	12	13	12	9	8	9	19	11	4	7	12	1	4	3	18	6	4	1	10	15	15	14	5	18	10	3	13	11	6	1	17	
19	19	4	10	7	17	14	19	10	12	15	5	9	10	7	8	18	7	3	12	11	2	8	11	13	3	20	3	4	4	10	7	8	3	8	18	16	16	3	11	
11	11	14	6	16	9	3	3	14	20	3	5	4	12	1	18	17	15	20	9	3	3	16	18	9	10	6	1	11	14	14	18	8	7	6	4	14	6	8	12	
5	11	13	16	5	5	8	3	2	8	17	16	9	3	2	19	5	3	17	2	9	20	16	20	11	19	13	2	13	19	6	15	8	16	16	14	7	9	14	17	
17	13	9	12	17	8	6	14	12	18	3	2	15	5	9	2	20	14	17	5	11	6	17	7	2	7	14	14	16	16	12	6	17	1	9	16	3	14	6	6	
18	7	10	5	14	8	8	8	9	18	16	4	20	2	17	9	19	4	5	17	7	18	12	6	2	10	9	4	11	9	3	19	12	6	3	2	10	7	19	1	
4	6	15	16	6	2	1	12	3	3	10	14	5	19	15	14	20	11	9	14	10	6	5	10	1	12	10	2	1	13	16	14	16	10	13	5	15	20	18	13	
15	16	1	2	20	16	4	14	4	8	12	19	7	3	3	7	18	19	3	4	5	13	16	2	6	2	16	6	6	3	8	8	10	20	18	4	15	15	5	9	
13	13	12	18	2	13	19	13	5	8	2	17	9	17	3	10	20	10	6	16	20	15	15	8	17	13	4	13	10	5	8	3	16	2	19	1	4	17	11	17	
12	4	2	8	14	4	1	14	13	2	4	6	16	20	11	5	6	4	8	1	18	19	18	18	12	15	10	12	20	13	4	10	7	5	12	2	15	6	9	17	
