Factories	3
Families	60
Machines	2
SetupType	3

Number of Jobs in each Family
9	10	3	7	6	6	2	3	9	2	5	10	5	4	3	2	7	8	9	1	7	2	3	7	2	4	3	9	3	3	8	1	7	3	9	5	4	5	9	4	4	8	2	9	6	1	2	6	6	8	7	3	8	9	5	6	10	8	10	3	

Jobs in each Family
0	1	2	3	4	5	6	7	8	
9	10	11	12	13	14	15	16	17	18	
19	20	21	
22	23	24	25	26	27	28	
29	30	31	32	33	34	
35	36	37	38	39	40	
41	42	
43	44	45	
46	47	48	49	50	51	52	53	54	
55	56	
57	58	59	60	61	
62	63	64	65	66	67	68	69	70	71	
72	73	74	75	76	
77	78	79	80	
81	82	83	
84	85	
86	87	88	89	90	91	92	
93	94	95	96	97	98	99	100	
101	102	103	104	105	106	107	108	109	
110	
111	112	113	114	115	116	117	
118	119	
120	121	122	
123	124	125	126	127	128	129	
130	131	
132	133	134	135	
136	137	138	
139	140	141	142	143	144	145	146	147	
148	149	150	
151	152	153	
154	155	156	157	158	159	160	161	
162	
163	164	165	166	167	168	169	
170	171	172	
173	174	175	176	177	178	179	180	181	
182	183	184	185	186	
187	188	189	190	
191	192	193	194	195	
196	197	198	199	200	201	202	203	204	
205	206	207	208	
209	210	211	212	
213	214	215	216	217	218	219	220	
221	222	
223	224	225	226	227	228	229	230	231	
232	233	234	235	236	237	
238	
239	240	
241	242	243	244	245	246	
247	248	249	250	251	252	
253	254	255	256	257	258	259	260	
261	262	263	264	265	266	267	
268	269	270	
271	272	273	274	275	276	277	278	
279	280	281	282	283	284	285	286	287	
288	289	290	291	292	
293	294	295	296	297	298	
299	300	301	302	303	304	305	306	307	308	
309	310	311	312	313	314	315	316	
317	318	319	320	321	322	323	324	325	326	
327	328	329	

Total number of jobs
330

Processing times of jobs
2	4	
5	1	
3	7	
3	9	
1	1	
9	7	
6	2	
4	7	
1	3	
10	1	
9	9	
8	8	
3	3	
7	1	
1	9	
9	8	
4	5	
9	9	
9	9	
9	6	
5	9	
7	10	
6	1	
7	6	
7	6	
7	10	
7	8	
2	5	
5	9	
5	9	
3	4	
9	4	
5	1	
3	2	
9	6	
7	2	
6	2	
3	8	
7	9	
8	4	
2	9	
2	1	
3	10	
10	9	
9	3	
3	4	
8	4	
4	3	
7	9	
5	8	
10	5	
7	9	
1	3	
4	9	
4	6	
8	9	
6	8	
9	3	
1	8	
7	8	
1	4	
6	7	
3	8	
1	2	
3	9	
2	4	
6	4	
3	9	
4	7	
3	9	
4	7	
1	6	
6	1	
1	9	
1	7	
9	4	
7	5	
1	6	
4	2	
5	1	
9	9	
6	6	
3	8	
1	4	
3	1	
10	3	
6	3	
1	5	
2	8	
9	5	
10	8	
1	6	
9	8	
8	2	
5	1	
4	2	
7	2	
6	3	
9	2	
1	8	
9	8	
5	9	
1	10	
9	6	
4	5	
3	10	
10	3	
2	7	
8	1	
10	10	
3	6	
10	10	
5	4	
3	3	
5	5	
3	1	
4	6	
7	7	
4	2	
8	1	
1	7	
8	7	
3	3	
10	5	
3	3	
4	2	
6	4	
8	7	
6	10	
3	10	
4	6	
5	8	
10	4	
1	3	
6	6	
1	10	
7	3	
1	7	
7	6	
2	3	
10	3	
8	6	
9	2	
3	3	
5	3	
7	3	
8	2	
2	7	
6	1	
6	4	
7	4	
5	3	
6	5	
10	3	
3	4	
10	9	
7	7	
3	9	
2	5	
8	2	
9	3	
9	10	
7	8	
5	2	
5	10	
4	8	
9	1	
4	4	
5	2	
8	9	
1	10	
9	3	
8	3	
6	1	
7	10	
2	7	
1	4	
4	2	
9	8	
9	3	
3	8	
6	5	
8	7	
4	1	
9	4	
10	4	
1	5	
8	5	
4	2	
3	9	
9	8	
3	6	
2	3	
7	1	
1	7	
10	8	
6	10	
7	8	
5	4	
8	3	
6	1	
6	4	
9	3	
3	9	
8	2	
2	1	
10	6	
5	8	
7	2	
7	4	
8	8	
2	7	
4	1	
9	5	
3	1	
5	2	
2	6	
4	9	
5	8	
1	7	
7	6	
8	6	
1	4	
5	9	
9	2	
8	9	
7	10	
4	2	
5	1	
5	10	
4	1	
9	7	
5	8	
1	9	
2	5	
5	5	
8	3	
6	2	
2	3	
4	2	
1	2	
4	4	
5	8	
5	1	
3	3	
5	9	
4	8	
1	9	
3	3	
2	10	
5	6	
3	3	
10	8	
7	5	
9	2	
8	10	
7	4	
5	7	
3	7	
8	2	
4	9	
8	8	
3	10	
10	8	
9	4	
8	6	
5	6	
7	6	
4	8	
8	3	
3	4	
6	6	
7	8	
7	6	
2	2	
7	10	
2	7	
4	9	
4	4	
8	6	
6	3	
8	9	
8	1	
5	4	
5	7	
5	9	
6	4	
3	5	
6	10	
10	8	
7	9	
8	7	
1	8	
2	10	
7	6	
4	8	
10	6	
8	1	
10	9	
7	2	
10	8	
6	1	
6	1	
1	5	
6	6	
5	1	
5	3	
7	9	
5	9	
7	6	
8	9	
5	6	
1	10	
6	1	
6	10	
9	1	
9	3	
10	4	
2	2	
3	7	
3	5	
5	2	
8	2	
2	10	
1	5	
5	9	
6	10	
3	1	
6	1	
5	7	

Stepup times between Families, where [f][f] represents initial setup time
On machine	1
42	30	9	58	92	98	30	5	45	81	81	87	68	51	79	35	74	82	45	70	32	17	15	99	60	16	55	37	69	95	24	70	78	70	23	46	73	24	80	54	27	83	58	18	78	59	13	85	78	36	40	100	46	5	66	96	56	66	15	51	
82	42	83	29	29	73	71	75	37	84	1	97	30	95	5	24	27	69	55	62	38	39	3	57	27	37	99	14	76	14	4	7	12	11	31	75	99	29	24	88	73	3	80	36	14	4	92	64	54	87	86	26	88	32	56	11	92	95	74	1	
97	23	47	5	12	14	67	67	91	75	15	48	93	12	13	37	3	87	42	18	54	22	57	42	69	58	10	49	9	92	27	9	31	49	38	65	83	32	67	71	83	45	71	65	57	17	9	31	96	11	80	79	4	97	69	100	25	7	42	3	
34	59	7	82	26	5	28	87	14	89	20	42	85	63	80	30	13	62	23	81	58	69	20	21	72	70	65	93	4	67	19	25	6	25	73	37	2	95	33	56	16	48	25	75	78	44	27	51	96	36	19	53	61	8	76	1	9	77	1	49	
53	12	41	79	59	33	61	16	10	14	26	2	84	14	94	28	82	89	22	52	63	67	74	38	77	37	52	59	21	91	77	57	93	43	64	13	35	29	24	100	11	79	46	6	33	66	15	24	17	30	8	6	87	86	42	100	82	52	50	52	
2	96	38	7	80	82	45	91	39	33	85	98	65	65	90	65	32	57	25	19	6	18	82	31	61	70	58	63	87	72	32	82	61	15	75	21	6	13	31	93	91	78	84	52	4	41	84	57	37	79	67	33	78	61	42	68	68	2	31	55	
10	10	22	39	98	9	56	86	67	72	99	80	30	64	38	72	60	95	18	80	88	99	66	22	29	61	79	33	75	71	83	64	1	1	6	21	97	17	26	89	95	22	19	94	54	34	42	97	36	74	7	73	81	25	56	39	27	75	77	63	
69	41	17	82	16	38	62	50	29	84	75	48	25	15	93	28	5	73	68	98	74	51	28	63	95	6	20	66	76	86	53	8	23	83	9	98	81	5	2	57	20	61	10	50	62	96	49	27	20	72	69	85	16	53	88	60	100	30	79	88	
48	31	46	34	97	41	52	98	23	9	92	26	12	9	72	75	14	65	41	77	51	64	72	57	43	33	19	19	82	60	71	90	18	73	60	55	71	69	45	71	73	46	98	20	70	60	91	74	25	13	87	88	38	52	85	86	2	2	50	80	
14	1	11	18	67	34	28	37	13	92	68	34	100	73	79	21	46	53	34	61	10	57	67	79	72	53	28	8	15	61	40	31	91	96	23	54	11	54	73	91	6	77	14	73	40	70	24	92	39	5	86	51	87	100	87	89	3	19	30	55	
4	65	37	76	27	62	80	44	2	38	19	80	23	97	86	6	69	72	80	9	11	71	38	57	74	75	81	4	93	77	66	95	27	31	89	67	88	27	29	34	96	78	46	82	92	3	28	48	94	40	59	36	100	12	26	53	32	1	48	27	
95	96	25	92	45	99	37	8	59	22	30	34	84	21	35	56	57	49	69	78	33	25	97	14	39	63	2	20	85	23	77	74	16	51	34	47	57	64	84	47	80	88	23	22	27	8	22	78	50	95	44	14	32	68	95	1	44	5	27	34	
96	77	23	45	46	27	73	86	34	47	95	52	79	36	57	41	25	70	73	72	22	82	69	67	12	37	16	38	83	53	4	36	99	54	98	24	31	11	26	74	43	91	92	71	32	59	60	63	46	60	18	46	46	18	5	49	97	19	80	49	
11	32	85	32	64	71	78	7	69	4	30	4	62	33	97	37	6	80	70	96	26	58	12	20	79	54	54	4	78	94	8	7	37	42	31	63	64	35	68	42	10	10	24	38	1	96	94	60	86	72	73	12	40	99	75	66	98	83	35	8	
53	35	11	30	25	54	17	34	7	11	67	26	58	40	32	34	4	65	89	38	44	10	64	83	34	75	52	73	2	4	41	37	20	70	61	92	87	17	59	84	5	86	68	33	7	46	23	82	61	80	88	13	72	79	84	81	18	71	50	75	
74	22	10	31	80	82	95	75	27	50	54	48	41	73	57	28	63	90	4	76	87	4	59	15	14	3	83	38	45	27	38	57	85	53	29	98	73	16	44	49	97	14	77	28	33	75	20	84	28	5	35	71	41	25	60	51	1	45	27	26	
34	10	14	88	24	16	90	11	39	40	64	97	40	80	12	27	35	53	1	27	48	34	80	87	84	56	49	12	50	46	56	46	75	73	68	14	3	39	2	4	25	73	44	51	49	21	24	9	40	23	70	31	28	22	56	11	76	33	9	40	
65	85	88	60	94	96	56	69	50	60	16	50	77	67	31	26	72	57	87	41	76	28	65	18	23	28	19	65	53	47	17	90	6	15	57	38	89	50	24	68	49	52	28	86	13	27	65	20	9	75	24	89	6	65	77	94	11	82	35	100	
82	19	16	66	13	31	71	6	90	27	82	70	3	2	47	10	22	81	86	12	80	8	64	48	64	57	35	14	54	52	54	100	36	21	38	24	86	2	16	66	1	48	69	25	33	31	92	92	59	48	27	30	92	27	17	15	88	85	86	45	
1	84	67	82	24	52	47	32	4	68	26	8	60	53	82	92	15	6	59	62	86	41	47	50	70	13	6	52	19	53	78	41	88	63	10	28	92	100	68	42	8	12	45	30	41	41	16	79	13	65	25	54	33	59	67	68	30	49	27	84	
33	20	20	37	3	47	64	51	20	47	52	54	50	58	59	91	26	37	27	14	75	20	77	31	34	95	6	25	36	32	61	39	9	6	15	49	53	72	56	31	62	94	16	53	42	72	2	15	93	52	63	5	100	24	79	89	91	65	40	43	
40	62	27	42	65	88	91	9	36	42	91	17	36	71	99	69	79	87	53	29	95	27	5	72	45	73	76	56	8	72	41	63	49	78	62	83	87	98	76	97	98	4	15	83	4	62	5	51	43	86	1	55	51	22	92	91	19	66	55	60	
99	16	46	74	21	32	8	19	96	59	59	45	8	82	58	42	24	75	34	96	68	87	45	16	23	88	25	82	47	12	48	61	75	18	50	14	66	45	23	39	20	52	51	66	86	69	92	35	93	45	79	14	79	14	33	68	33	37	67	81	
12	94	67	51	83	54	41	37	53	49	75	62	87	84	32	18	39	37	63	5	46	60	59	67	48	4	21	96	82	2	74	77	81	1	69	54	44	95	8	9	29	79	10	43	28	16	39	82	97	61	5	23	21	1	26	33	2	97	10	54	
2	7	66	100	73	65	53	26	78	66	30	52	36	48	18	100	81	100	71	15	70	26	53	99	24	8	88	70	59	40	83	59	97	67	56	71	29	89	31	23	44	51	47	97	28	8	70	52	80	15	25	59	27	55	28	68	96	40	54	53	
85	57	29	95	6	55	55	55	9	17	28	34	4	89	64	59	86	50	79	15	70	25	87	72	20	81	57	2	53	86	24	6	33	78	50	15	7	99	63	67	61	71	11	77	56	12	43	72	38	42	36	37	27	92	43	92	57	43	16	37	
11	53	56	100	79	4	96	29	10	85	13	38	17	40	93	74	33	9	47	15	68	25	13	33	66	29	72	77	29	22	22	9	53	10	12	93	47	82	59	55	100	60	32	46	28	27	32	39	75	60	93	84	48	79	22	18	5	43	47	62	
50	38	5	18	5	48	39	52	20	94	41	71	61	22	40	22	35	37	98	26	86	100	99	91	65	59	60	37	30	63	35	67	86	50	76	64	57	16	54	65	96	68	28	23	16	32	53	9	30	21	70	49	46	90	8	96	65	94	62	35	
66	44	36	27	54	63	84	79	38	86	27	69	29	1	44	89	91	73	48	33	25	33	77	58	34	81	93	11	10	55	45	56	5	64	71	28	93	16	99	27	80	53	65	78	24	69	27	11	12	82	64	5	52	1	86	32	99	82	84	25	
80	51	35	76	10	23	63	69	97	62	92	41	18	6	29	25	41	51	95	100	80	58	2	13	94	30	13	51	29	25	79	80	81	2	7	4	83	83	56	98	8	88	87	79	90	88	13	62	59	68	75	96	27	90	89	33	60	64	19	26	
80	33	66	65	68	95	74	46	26	57	94	15	28	27	49	38	70	68	68	18	43	83	40	71	93	53	49	86	39	54	75	3	44	18	96	21	16	66	34	75	44	55	14	33	3	83	21	11	3	37	78	71	46	97	41	1	85	20	98	10	
40	57	97	57	84	86	49	66	86	21	94	32	13	73	83	46	41	3	59	24	69	12	52	87	6	22	74	54	12	15	85	26	98	40	45	65	65	98	97	6	26	37	70	20	13	35	25	67	32	3	64	3	51	1	61	40	80	5	11	70	
23	21	49	2	60	76	60	65	23	73	44	59	40	5	58	74	91	16	97	56	86	80	11	71	39	67	5	28	47	74	5	49	68	15	26	59	65	13	57	98	98	52	19	59	79	51	35	32	1	88	14	22	1	66	60	83	19	30	45	21	
73	58	87	28	99	92	13	27	70	70	1	4	62	38	14	57	21	11	85	93	29	12	88	91	59	37	44	61	88	4	36	49	72	97	97	73	74	77	69	24	51	43	30	87	95	53	15	84	24	94	38	25	68	4	24	69	97	7	41	60	
74	90	62	83	17	38	56	85	19	13	46	48	4	2	62	84	44	45	4	90	69	83	4	92	45	39	57	47	38	99	10	100	77	51	67	47	32	34	27	61	63	73	61	49	81	20	29	97	94	87	24	38	91	36	34	62	58	50	15	60	
60	43	52	97	64	1	28	77	93	13	86	99	6	17	21	86	81	84	69	28	33	75	44	8	76	50	97	95	41	24	23	34	89	75	49	71	45	48	76	61	31	74	22	29	16	28	66	38	29	15	4	43	17	60	31	60	31	63	32	23	
32	10	64	68	10	9	24	38	58	93	76	71	95	61	98	13	33	83	93	35	1	48	98	76	73	87	77	74	15	23	63	6	37	11	86	50	91	26	82	46	84	56	19	55	22	91	26	13	96	81	97	20	57	85	25	58	99	91	38	74	
9	14	86	4	32	88	30	11	88	88	1	43	71	84	89	49	34	20	27	20	54	79	34	17	81	74	39	85	61	29	99	69	45	31	82	45	99	61	98	37	8	27	79	78	70	13	2	37	7	43	100	62	19	88	52	34	40	100	39	20	
96	53	35	17	6	74	38	54	21	37	57	27	81	51	16	93	3	41	67	16	71	1	57	94	11	49	32	27	23	59	70	61	44	66	23	91	70	84	54	53	81	17	96	30	53	7	62	34	60	49	19	100	40	5	55	10	50	89	13	4	
39	18	51	67	12	64	25	80	91	13	11	68	72	24	37	72	61	47	11	79	70	48	90	55	51	40	60	29	28	61	96	17	45	18	14	30	82	73	75	54	82	80	28	17	18	7	95	2	57	4	71	2	97	36	9	23	92	65	19	75	
36	41	43	39	92	42	39	10	68	66	61	35	75	50	77	58	83	69	14	80	48	78	20	13	40	37	95	34	3	49	21	1	7	96	13	88	47	79	15	63	55	14	69	89	22	94	35	41	62	7	31	51	32	48	56	18	5	32	64	30	
48	100	68	25	41	83	55	97	97	29	41	82	67	11	13	70	94	57	61	88	60	8	81	73	51	95	87	24	30	93	29	73	38	65	7	100	74	85	87	87	47	59	98	53	60	37	100	76	81	90	55	82	50	13	56	56	42	46	27	34	
92	15	93	34	43	1	30	10	45	39	48	20	93	49	40	65	97	69	35	25	61	86	2	39	2	26	81	22	89	66	74	54	71	83	24	72	17	35	74	72	100	8	42	14	47	85	37	39	8	2	81	48	99	45	56	43	96	2	39	45	
68	94	35	87	51	8	51	25	33	72	18	64	17	81	2	32	41	60	69	25	95	62	30	57	43	42	24	74	82	58	74	79	2	75	95	1	16	23	96	84	50	91	22	72	77	66	18	53	62	73	26	9	95	58	71	84	32	21	51	12	
74	33	63	30	73	33	53	96	21	20	14	17	18	41	91	38	100	66	13	7	83	65	78	9	15	28	86	5	56	76	99	5	61	24	5	17	11	59	81	40	95	14	14	44	35	82	72	12	41	5	36	5	96	19	73	7	1	32	18	16	
89	65	39	29	100	19	96	8	69	22	67	98	30	77	6	33	54	81	93	1	94	1	97	71	45	89	69	18	63	22	72	57	96	92	19	28	16	61	97	55	86	65	76	100	26	38	25	37	47	43	59	48	85	91	35	17	98	3	4	21	
87	4	82	56	93	2	68	46	76	18	58	90	88	5	83	11	50	53	35	86	42	15	53	99	47	74	51	31	70	34	25	98	59	13	43	54	16	10	57	92	42	83	62	97	53	65	44	59	76	97	61	97	83	85	35	93	48	72	72	89	
2	58	93	60	99	71	43	73	52	45	71	72	88	8	82	72	11	42	24	5	42	7	58	34	69	51	13	38	23	61	54	79	19	58	47	83	37	91	67	50	78	3	36	92	16	32	92	63	80	8	98	43	61	6	75	78	53	79	36	38	
50	78	17	5	94	95	67	79	67	44	62	10	22	23	94	58	3	84	55	98	32	42	90	67	13	47	18	55	39	13	35	65	71	83	38	55	30	32	17	88	23	58	100	19	100	86	29	8	96	55	31	57	57	28	1	100	82	2	61	47	
51	38	83	23	99	91	60	98	42	78	2	18	71	87	18	67	12	79	71	44	9	90	9	33	33	63	74	65	55	66	71	77	37	10	31	16	54	79	51	52	33	45	37	77	84	5	11	85	14	99	26	4	28	25	72	100	90	11	33	20	
21	64	41	88	24	96	43	77	20	10	8	50	28	88	55	70	37	12	39	56	77	77	49	19	6	19	64	20	78	83	79	20	8	39	26	6	33	65	27	8	21	41	22	77	3	35	58	67	76	33	55	50	66	94	69	25	71	24	26	63	
66	92	23	85	12	96	10	38	32	100	36	74	16	83	81	64	54	55	68	5	47	16	38	78	93	62	61	54	15	82	89	55	45	62	57	67	33	58	6	40	13	86	1	8	34	41	34	22	65	92	13	89	35	32	100	72	58	8	45	70	
70	90	17	67	57	88	17	86	39	78	53	16	20	50	98	40	43	75	88	85	39	61	67	17	96	77	9	12	49	61	53	69	35	39	67	18	32	42	48	26	69	63	19	86	49	29	48	100	11	36	15	96	29	87	52	91	18	5	66	58	
5	28	62	83	83	75	90	46	19	33	45	3	32	46	68	54	83	63	82	50	78	32	48	14	15	2	96	10	29	25	98	22	19	86	59	4	54	34	34	70	86	49	9	33	8	15	57	72	91	3	44	52	15	65	14	53	89	77	9	73	
92	40	94	28	39	90	45	28	24	13	72	58	57	13	86	96	45	17	5	40	65	37	23	65	71	88	1	36	67	24	45	10	8	40	100	88	29	65	26	79	73	95	6	58	72	26	6	40	95	21	61	74	45	98	17	81	94	84	61	39	
52	32	35	16	13	41	99	91	9	47	65	18	84	58	70	70	58	96	5	78	9	90	31	75	94	22	41	92	100	91	3	50	97	93	24	55	15	16	28	43	50	11	55	67	43	99	88	42	32	34	98	52	16	41	53	53	62	89	80	21	
13	1	70	10	79	74	31	87	86	97	89	1	46	37	46	84	40	45	47	70	62	64	13	40	8	49	27	41	83	49	4	90	20	3	95	5	55	20	56	4	9	35	9	2	75	50	25	23	68	41	95	2	68	47	22	52	17	47	11	52	
78	33	24	23	51	5	72	40	44	78	79	98	97	11	48	64	34	46	28	6	86	94	44	31	58	87	74	30	75	27	27	12	91	3	65	38	36	42	27	67	77	37	53	29	70	92	23	25	42	28	67	51	64	30	31	67	91	27	63	12	
21	68	59	99	81	3	61	88	8	2	48	55	41	97	13	17	16	71	81	4	37	77	67	12	68	5	55	3	16	16	100	40	61	42	81	4	98	15	94	57	70	3	77	86	45	25	72	54	95	99	30	64	77	9	32	72	35	60	12	16	
65	81	30	85	37	10	35	34	40	92	20	65	32	83	60	62	13	69	52	93	66	49	6	91	71	51	40	83	9	99	91	60	58	19	87	83	30	60	20	83	64	33	10	93	32	38	33	29	61	46	55	20	63	85	42	48	19	35	17	93	
On machine	2
34	77	75	77	3	69	42	38	55	68	65	54	42	39	44	23	52	53	58	53	53	84	29	89	84	98	97	83	37	2	66	50	90	11	76	22	91	80	16	86	34	64	61	71	2	57	14	37	41	75	97	13	76	82	28	50	2	64	24	92	
61	68	4	34	60	72	3	30	36	4	72	59	53	79	92	2	55	37	93	13	18	69	6	68	35	49	26	89	57	57	6	19	14	20	53	57	1	25	55	23	36	68	50	93	5	91	70	67	39	71	28	97	6	63	63	68	90	97	35	52	
24	66	19	92	74	87	24	99	1	57	64	36	44	41	38	84	54	4	4	2	68	24	79	68	60	72	14	68	53	17	45	57	21	78	35	87	3	40	94	36	88	13	54	53	63	66	1	32	96	20	97	91	19	72	18	1	14	69	66	12	
24	69	98	15	94	35	55	96	49	88	25	44	58	61	10	74	55	92	14	66	99	20	78	67	16	94	30	6	62	17	84	92	50	26	37	42	64	1	6	28	18	15	24	100	10	92	15	15	30	42	65	48	70	18	73	12	38	11	6	90	
73	5	31	12	41	64	27	14	55	1	45	37	97	48	7	74	50	91	78	8	86	49	87	39	14	50	5	55	19	18	55	61	50	77	95	64	19	34	3	43	58	15	22	96	93	83	71	44	80	65	34	97	41	16	23	68	11	40	83	13	
41	52	28	23	71	4	28	84	29	29	81	5	71	78	83	94	3	62	19	12	44	11	83	14	31	57	61	25	41	3	89	12	45	89	17	16	10	42	11	61	66	12	57	8	24	87	4	33	43	62	71	16	88	16	85	36	82	21	70	4	
20	47	26	98	55	12	66	76	48	13	15	29	52	92	36	28	54	61	83	99	45	42	24	26	95	29	29	89	4	38	93	60	3	37	26	29	82	13	60	39	37	86	44	5	21	49	69	69	65	41	86	27	32	91	17	12	80	49	62	51	
63	8	86	17	80	61	49	83	92	89	26	42	61	64	63	94	98	70	17	39	33	62	72	32	46	48	70	41	68	74	32	12	5	38	18	62	77	62	20	51	67	48	77	83	79	32	95	74	91	83	55	43	69	13	26	48	45	55	47	13	
83	17	76	14	35	45	68	17	91	45	55	73	12	1	27	95	17	5	60	79	100	57	67	15	86	78	63	58	78	28	57	60	53	88	61	11	76	85	60	1	53	69	64	37	51	69	78	11	69	85	75	24	5	36	49	92	73	60	91	22	
45	24	88	14	74	87	51	45	38	85	94	34	69	51	57	82	96	12	38	29	36	100	15	36	41	3	10	11	12	88	83	56	65	75	34	71	81	1	35	67	83	17	87	64	41	66	33	30	6	32	93	11	54	3	16	61	33	15	1	35	
63	49	69	88	48	52	9	95	79	11	32	80	60	26	62	43	14	79	89	17	34	72	77	19	26	66	47	62	57	4	54	99	88	88	12	26	84	68	64	46	40	89	54	38	73	64	24	19	32	46	83	93	85	46	66	15	98	24	66	47	
41	41	45	69	13	4	65	66	54	43	67	20	8	94	77	76	42	22	52	41	43	46	34	59	77	47	14	58	44	34	96	76	65	38	27	40	75	58	78	48	58	3	63	41	31	78	70	74	75	1	6	87	67	16	23	99	54	2	55	8	
81	7	54	89	100	84	100	7	42	29	30	64	11	15	39	2	56	18	32	100	35	41	58	70	23	51	24	77	82	84	68	21	61	16	18	42	100	39	70	36	54	26	25	87	91	89	96	93	72	14	20	2	3	20	89	3	36	36	76	10	
71	72	74	89	4	57	95	75	39	70	63	18	55	45	68	71	20	74	12	4	67	89	89	8	47	65	94	60	2	46	43	92	94	51	8	68	1	13	86	44	46	86	42	81	88	73	18	90	43	57	77	57	33	24	19	67	55	34	45	87	
85	14	18	69	4	48	50	78	13	96	53	17	32	2	20	49	71	55	67	94	60	3	94	6	34	90	22	37	99	64	91	22	17	96	56	3	42	64	88	39	36	71	54	15	35	75	51	15	22	94	100	53	55	83	40	37	34	84	3	31	
42	98	27	75	1	75	73	36	71	39	59	39	38	98	9	72	73	37	37	33	62	15	64	53	31	42	74	4	100	58	61	74	29	89	93	17	15	19	46	63	5	20	42	62	23	24	96	37	87	55	90	60	50	1	67	60	82	31	32	58	
73	23	24	40	96	24	73	20	97	94	82	55	78	100	29	93	31	54	25	47	37	77	33	16	48	61	46	89	50	75	27	47	93	11	81	55	27	40	64	87	96	49	13	6	76	38	57	14	69	52	100	13	71	88	34	90	54	59	64	40	
100	10	18	87	72	16	83	57	30	72	73	56	60	31	35	87	8	39	5	38	18	37	51	66	85	48	73	100	1	50	81	25	48	75	41	62	89	51	42	36	96	69	85	62	76	70	5	86	33	14	2	50	94	85	72	56	2	56	75	96	
61	47	85	40	65	50	12	16	98	59	99	27	75	51	63	73	33	58	74	7	33	48	82	60	17	1	82	74	91	53	43	64	74	17	25	65	41	93	24	29	17	66	21	86	61	45	83	54	24	12	23	2	6	33	95	82	7	41	34	99	
48	55	89	86	51	25	44	92	18	97	48	13	3	28	4	44	75	20	97	71	43	4	91	75	5	68	68	59	91	88	35	25	49	49	41	9	38	18	15	33	61	33	33	12	52	22	8	91	56	51	6	89	22	29	82	74	38	25	74	34	
62	15	25	59	94	99	68	80	53	41	37	44	50	11	73	3	92	84	86	90	30	55	49	4	63	75	92	35	29	22	28	85	88	53	37	29	34	74	86	81	81	57	70	1	57	47	74	92	22	73	85	57	7	55	83	13	36	20	82	71	
58	76	90	51	1	91	33	71	75	18	53	55	46	23	38	93	1	70	20	88	79	37	46	24	85	16	6	74	51	98	3	80	56	18	69	40	73	5	72	9	39	82	43	14	8	87	94	26	59	8	38	32	3	54	8	72	50	9	28	85	
18	1	39	44	76	82	79	24	11	98	67	16	7	59	71	34	26	20	81	54	28	36	67	26	2	17	35	27	38	80	5	68	49	46	31	89	22	12	87	7	61	30	68	10	74	48	66	91	37	15	7	79	53	67	62	76	56	17	87	70	
7	14	35	85	98	40	86	61	22	93	62	93	1	86	14	60	58	54	30	57	73	91	41	23	5	88	84	53	80	32	21	93	35	73	100	22	84	12	100	86	16	81	58	86	16	38	73	19	97	25	86	41	6	93	46	84	3	28	7	56	
60	98	84	73	52	89	19	5	62	86	38	74	39	75	6	55	58	85	78	21	80	48	23	81	80	52	14	48	22	22	83	23	14	8	88	68	40	37	97	89	61	5	19	16	72	79	78	30	18	84	52	80	51	19	87	14	38	93	65	46	
91	11	10	85	71	82	74	20	4	66	77	26	9	74	95	51	56	43	31	48	21	78	83	30	74	39	25	13	30	64	12	94	54	47	30	10	91	59	73	16	31	100	83	4	74	84	11	37	44	85	92	38	100	40	52	17	97	52	69	76	
70	36	67	56	15	53	62	94	37	40	49	95	35	66	20	7	23	20	73	45	51	65	5	66	17	30	2	72	23	41	60	9	15	74	32	76	26	94	39	1	11	44	59	79	42	68	98	87	30	90	84	95	36	52	59	62	8	31	37	38	
41	31	85	42	21	61	73	50	26	73	3	27	15	88	54	71	1	87	12	92	69	25	73	91	18	21	17	53	47	20	89	77	95	18	72	77	15	42	17	90	76	39	77	100	26	7	82	55	84	39	95	6	21	13	30	49	66	90	23	34	
8	96	87	68	13	9	66	76	62	52	52	20	88	75	90	48	52	30	15	66	43	15	97	77	65	3	42	6	36	12	66	99	5	48	19	99	43	16	85	73	95	84	63	84	62	10	24	64	72	9	58	22	54	52	45	18	55	31	89	76	
4	53	13	7	16	23	67	14	52	60	64	95	16	17	93	70	50	11	30	38	72	19	42	86	12	53	75	39	9	24	80	92	33	53	40	82	94	94	77	1	98	33	76	6	98	61	83	55	91	55	44	95	2	61	92	43	98	67	36	21	
57	35	86	3	5	87	71	80	58	88	56	68	87	38	79	98	84	9	31	25	79	54	79	60	87	90	95	19	48	50	23	73	21	71	71	3	86	76	75	25	70	58	72	67	80	16	4	31	20	19	3	85	56	67	22	51	51	55	99	95	
82	29	40	5	2	33	96	5	69	80	95	5	88	80	86	71	24	82	28	97	56	99	55	56	55	55	77	26	90	27	48	99	8	41	72	23	99	45	80	38	58	98	56	40	9	21	25	98	89	61	41	88	41	88	37	73	27	57	21	36	
3	3	15	76	17	29	78	70	82	18	75	45	16	38	93	82	33	6	6	81	25	49	46	28	67	75	31	19	78	18	81	100	92	35	31	16	26	78	34	17	25	93	90	17	93	18	18	83	64	14	75	41	9	49	84	70	57	80	13	96	
98	22	57	36	27	66	92	29	35	11	89	70	5	65	32	64	19	55	91	28	9	86	42	8	33	41	81	4	41	42	17	87	65	96	97	63	85	96	87	5	28	61	5	100	34	19	1	41	51	83	49	99	10	85	79	64	9	10	72	15	
13	25	77	56	9	72	26	93	10	86	31	18	81	67	25	75	96	98	26	56	29	38	71	77	81	96	12	7	5	84	69	24	78	86	48	82	78	59	15	42	49	16	72	22	85	42	66	99	42	3	62	29	13	96	17	79	3	99	39	83	
72	26	65	13	72	69	23	63	14	37	13	58	20	93	51	55	54	74	26	4	30	25	29	32	82	76	24	15	28	93	79	55	51	13	27	36	3	45	13	10	3	93	11	53	9	46	66	36	18	22	80	58	50	13	71	49	38	2	75	99	
47	3	49	99	34	93	3	40	47	75	30	84	23	60	81	39	73	63	52	1	98	23	81	25	31	7	65	84	99	43	62	74	18	80	24	75	65	21	54	40	51	74	78	95	4	37	39	92	8	87	62	2	65	20	91	6	73	2	46	53	
38	71	58	84	67	97	44	59	44	25	15	50	32	87	26	100	26	69	46	89	41	22	86	3	13	94	24	27	75	51	79	56	15	65	46	72	95	17	9	43	54	42	34	17	10	46	33	7	95	8	73	72	42	93	35	88	16	68	32	85	
11	33	86	10	41	82	86	44	2	29	48	99	37	52	39	53	41	38	91	41	66	45	4	46	9	16	22	89	76	75	13	77	87	49	57	9	50	49	18	43	60	8	16	15	47	2	35	34	17	11	49	4	78	12	36	88	19	98	13	18	
43	86	13	93	48	58	40	2	92	35	27	5	8	95	34	99	65	21	5	36	1	70	86	53	28	14	8	100	12	4	43	71	53	46	52	95	74	77	77	86	8	52	8	38	60	46	45	35	18	72	42	3	26	43	10	25	32	67	36	88	
100	89	5	92	32	43	64	73	84	78	74	35	86	47	2	42	26	44	89	60	60	96	85	75	61	81	90	71	58	22	85	23	34	98	53	78	22	100	95	85	96	92	31	79	73	80	27	58	59	34	38	92	93	73	86	92	43	29	89	58	
25	76	62	36	64	35	70	35	57	54	1	86	68	7	38	93	67	16	14	16	42	43	21	32	74	90	5	26	15	19	31	72	11	65	19	33	12	59	68	89	83	44	48	31	93	36	89	1	18	27	68	85	37	96	29	29	15	43	19	50	
20	74	37	44	6	96	21	77	35	55	20	14	5	55	50	42	35	15	31	42	31	92	79	66	66	4	50	82	76	1	43	98	41	42	22	89	59	85	43	4	96	62	25	100	78	7	30	38	26	4	45	42	94	32	10	89	26	72	65	70	
77	40	41	40	95	64	26	37	38	25	37	42	25	48	79	17	48	31	25	71	33	17	70	36	87	74	69	19	85	60	17	59	17	43	54	78	70	100	89	35	62	80	35	91	56	3	7	55	9	63	14	25	66	33	74	80	5	19	45	53	
43	19	10	24	53	35	69	46	22	5	76	11	73	21	14	11	95	5	91	49	42	48	57	16	31	82	85	10	65	11	69	86	40	25	76	28	29	80	82	74	46	88	14	9	61	93	29	30	80	58	82	51	19	6	54	61	41	52	64	10	
4	97	85	77	83	44	44	13	5	17	38	32	72	84	92	90	7	51	13	12	88	91	17	29	60	60	90	6	44	57	62	48	44	2	13	56	86	97	1	74	65	58	88	79	34	18	25	92	11	20	40	14	98	88	2	67	41	11	88	32	
91	34	60	41	93	89	90	14	63	67	32	15	8	56	64	47	33	6	57	76	24	4	36	26	96	60	100	29	21	66	88	83	4	77	32	87	49	63	92	7	30	92	80	28	92	7	42	64	77	87	64	14	20	74	1	9	100	71	36	63	
85	6	71	40	41	6	85	99	26	35	73	95	77	32	53	53	55	10	47	90	41	57	79	95	89	47	77	84	99	47	64	1	65	19	32	45	63	61	12	10	94	26	3	98	95	40	51	43	94	42	74	85	39	73	29	89	12	46	90	73	
85	33	34	87	17	100	7	40	34	41	11	62	39	27	93	72	43	92	39	68	20	50	72	9	85	11	74	18	85	35	8	98	22	4	90	18	49	86	49	100	54	38	1	53	5	39	36	5	86	23	72	81	71	59	60	18	64	6	99	16	
28	52	9	78	73	86	67	100	84	20	85	100	94	33	66	89	86	6	62	13	24	90	70	19	65	65	6	36	68	19	83	1	77	39	19	64	75	67	33	30	39	18	87	78	59	30	14	100	28	71	89	84	93	72	14	28	43	39	54	51	
85	34	34	8	91	84	6	10	33	56	16	49	82	6	76	73	61	56	54	25	69	95	41	3	68	78	79	46	65	93	65	20	10	22	57	85	47	44	16	31	21	21	73	11	97	50	43	89	80	32	86	88	59	37	52	16	23	3	33	83	
43	12	70	61	77	15	14	95	9	55	43	43	15	21	19	26	24	54	100	94	64	69	4	29	7	2	72	72	40	100	77	41	45	24	49	59	52	38	100	88	61	88	90	26	1	37	34	81	90	99	95	60	65	32	98	68	40	1	61	56	
32	81	34	63	22	60	63	35	72	67	68	27	38	91	38	96	57	8	58	79	41	5	61	19	74	12	19	77	72	51	85	43	87	45	28	12	15	29	79	3	76	73	100	88	34	90	13	97	9	99	28	42	43	67	73	3	48	94	16	8	
1	80	98	80	92	84	40	66	48	79	77	49	46	49	39	67	55	74	22	9	11	61	72	5	13	53	84	80	51	14	27	97	48	51	92	45	41	83	49	52	1	97	18	84	92	14	26	73	98	86	10	40	23	75	80	84	58	73	24	46	
79	3	91	60	85	72	69	49	60	14	23	10	6	47	37	92	64	9	91	96	47	32	75	3	43	41	74	47	36	41	3	65	35	14	1	65	40	25	15	31	82	41	66	32	46	34	18	16	84	66	64	45	70	64	88	36	70	86	1	42	
93	49	77	34	25	26	87	92	89	95	25	69	75	18	39	26	95	66	85	70	4	76	69	44	22	7	65	16	7	59	70	33	59	94	77	79	87	72	100	74	99	13	4	2	10	24	97	80	43	94	79	65	22	83	20	98	80	93	35	48	
27	67	83	36	52	15	79	94	2	11	88	57	23	13	3	2	61	93	61	66	67	79	47	9	96	29	99	61	73	29	5	70	38	7	74	11	76	89	39	5	14	28	96	3	97	39	50	9	38	54	5	37	66	84	86	78	28	3	14	3	
46	28	59	20	19	2	3	39	89	72	58	38	43	95	27	22	81	76	21	23	22	22	76	95	90	50	99	49	52	96	31	42	38	77	94	37	88	97	25	10	1	87	46	48	40	75	81	76	87	80	65	85	97	5	71	25	9	93	38	24	
41	81	48	48	100	37	17	52	27	96	88	2	78	3	62	58	98	24	19	40	10	50	81	25	83	69	24	96	48	96	31	44	34	25	57	4	7	11	80	3	26	90	4	73	34	95	71	26	42	56	64	5	3	90	78	80	36	67	58	22	
15	23	19	81	13	86	76	73	88	8	47	89	74	99	14	65	6	44	19	35	1	36	64	45	3	50	38	15	15	82	61	69	42	43	53	4	88	12	55	41	23	44	95	42	2	96	49	64	17	74	65	41	42	27	67	83	99	79	63	96	
