Factories	3
Families	20
Machines	2
SetupType	1

Number of Jobs in each Family
9	9	10	2	1	2	4	7	4	9	4	1	8	10	2	9	8	3	10	3	

Jobs in each Family
0	1	2	3	4	5	6	7	8	
9	10	11	12	13	14	15	16	17	
18	19	20	21	22	23	24	25	26	27	
28	29	
30	
31	32	
33	34	35	36	
37	38	39	40	41	42	43	
44	45	46	47	
48	49	50	51	52	53	54	55	56	
57	58	59	60	
61	
62	63	64	65	66	67	68	69	
70	71	72	73	74	75	76	77	78	79	
80	81	
82	83	84	85	86	87	88	89	90	
91	92	93	94	95	96	97	98	
99	100	101	
102	103	104	105	106	107	108	109	110	111	
112	113	114	

Total number of jobs
115

Processing times of jobs
3	6	
4	6	
4	10	
7	3	
10	9	
1	3	
5	8	
1	6	
7	1	
6	10	
8	1	
6	8	
8	9	
8	5	
10	7	
5	1	
3	9	
5	3	
8	9	
10	9	
9	1	
3	10	
8	8	
4	1	
1	7	
4	6	
7	10	
8	7	
8	8	
3	1	
5	6	
7	5	
1	2	
7	6	
8	1	
4	10	
4	6	
6	3	
9	10	
6	8	
7	7	
1	8	
9	6	
8	5	
4	6	
9	3	
3	3	
10	9	
8	3	
7	3	
1	8	
8	3	
9	4	
3	7	
7	2	
8	8	
2	7	
5	1	
2	7	
6	7	
10	2	
5	10	
9	8	
6	10	
1	3	
1	9	
9	4	
9	8	
3	3	
6	9	
10	5	
5	9	
9	10	
10	8	
1	3	
7	5	
9	2	
1	10	
10	10	
3	8	
2	7	
7	10	
5	1	
7	4	
5	2	
3	4	
1	9	
4	8	
1	8	
10	2	
10	7	
1	9	
7	3	
7	4	
10	7	
3	1	
6	5	
4	2	
10	7	
8	7	
3	7	
6	9	
1	10	
7	5	
2	1	
9	5	
5	10	
6	6	
10	7	
4	4	
10	9	
3	7	
3	4	
8	6	
10	5	

Stepup times between Families, where [f][f] represents initial setup time
On machine	1
5	2	12	1	7	13	14	20	20	18	2	8	16	5	8	2	13	19	16	12	
9	19	17	15	6	11	10	16	9	15	19	7	12	10	3	17	19	1	13	9	
1	20	9	13	14	15	16	14	19	4	14	6	18	18	11	12	12	19	12	13	
12	5	16	13	5	13	2	7	10	13	17	2	13	16	9	4	1	3	20	12	
4	2	9	19	9	20	3	2	1	3	9	7	1	20	8	1	15	6	18	17	
16	12	18	18	13	11	4	11	1	16	11	8	11	19	12	7	16	14	8	12	
14	1	4	6	10	13	12	19	3	17	14	13	1	15	9	11	17	8	18	16	
5	11	1	10	7	3	15	2	9	15	6	10	7	2	2	6	4	4	11	19	
10	11	2	5	20	13	17	4	5	17	5	18	7	15	6	6	5	6	6	20	
12	20	14	7	8	8	9	3	7	12	5	17	14	4	3	12	6	11	10	17	
1	10	7	5	5	9	3	5	13	7	2	1	15	1	6	9	20	19	19	10	
14	17	2	13	11	19	4	14	7	16	12	10	12	20	7	20	8	13	3	9	
14	14	18	2	5	5	1	15	5	7	4	5	3	5	3	16	7	1	1	18	
7	17	16	7	7	11	18	13	4	6	7	19	2	16	2	1	1	13	4	14	
9	7	10	6	8	13	19	16	16	1	19	6	14	5	13	12	7	6	19	11	
8	20	13	4	15	1	11	8	20	20	9	12	9	19	7	3	14	20	14	7	
11	8	4	5	20	5	20	9	5	18	2	14	6	9	7	14	18	20	16	17	
2	11	11	18	17	12	19	6	9	16	9	11	4	17	3	11	4	13	3	7	
12	6	7	6	20	10	17	3	3	2	17	10	15	1	6	12	20	18	8	9	
20	5	19	18	7	13	5	17	3	8	9	4	19	15	3	19	3	6	1	1	
On machine	2
2	10	3	13	10	7	7	19	8	12	12	14	1	8	12	10	16	8	12	13	
5	11	3	17	13	9	17	10	3	11	9	18	18	17	9	12	16	8	13	17	
7	11	3	12	14	17	13	1	18	17	19	8	14	13	11	3	15	3	14	1	
12	5	20	20	5	14	11	6	14	1	12	16	2	6	3	2	4	19	13	6	
3	17	2	10	1	15	16	12	13	17	8	5	9	17	11	5	17	2	10	15	
2	2	1	18	9	10	10	14	19	15	8	12	1	3	6	4	4	12	14	2	
19	5	13	11	4	18	1	4	19	5	4	19	4	6	15	17	12	2	11	7	
7	8	19	9	9	4	10	16	9	5	10	16	5	4	5	17	19	6	14	9	
3	6	12	2	18	10	14	7	18	15	19	13	20	11	8	4	6	7	14	4	
17	18	2	13	18	9	2	9	15	10	19	12	16	17	7	20	6	13	7	14	
1	17	9	8	1	16	2	13	6	9	3	2	16	6	9	3	11	5	14	1	
3	20	2	9	12	8	15	5	1	12	5	17	11	7	5	4	3	10	6	16	
7	14	12	8	13	13	8	17	8	3	17	11	17	12	6	16	17	9	15	1	
16	7	20	12	1	2	11	2	14	1	2	1	18	17	13	17	14	9	13	19	
17	17	13	2	7	10	16	13	16	20	15	20	20	17	5	7	10	9	20	4	
18	10	17	1	3	3	19	4	1	7	7	1	14	3	8	17	7	20	10	8	
5	14	4	18	8	14	2	6	4	13	15	7	18	5	11	6	10	7	13	7	
11	18	7	11	6	18	9	14	7	17	7	10	20	14	1	4	10	15	10	1	
13	17	8	7	12	17	1	13	3	1	15	1	20	4	4	5	2	6	5	8	
3	15	11	17	8	13	15	16	4	8	14	12	11	18	8	13	14	15	2	6	
