Factories	3
Families	20
Machines	4
SetupType	1

Number of Jobs in each Family
3	6	1	7	6	8	5	7	8	8	7	4	1	6	7	5	4	3	7	3	

Jobs in each Family
0	1	2	
3	4	5	6	7	8	
9	
10	11	12	13	14	15	16	
17	18	19	20	21	22	
23	24	25	26	27	28	29	30	
31	32	33	34	35	
36	37	38	39	40	41	42	
43	44	45	46	47	48	49	50	
51	52	53	54	55	56	57	58	
59	60	61	62	63	64	65	
66	67	68	69	
70	
71	72	73	74	75	76	
77	78	79	80	81	82	83	
84	85	86	87	88	
89	90	91	92	
93	94	95	
96	97	98	99	100	101	102	
103	104	105	

Total number of jobs
106

Processing times of jobs
5	7	7	4	
1	6	2	10	
2	9	5	2	
3	7	3	6	
1	1	4	8	
3	6	2	4	
8	7	6	6	
6	1	1	4	
3	5	2	1	
3	5	4	2	
10	1	2	10	
10	5	9	1	
5	3	6	2	
5	10	6	1	
5	7	8	6	
4	2	1	7	
6	4	9	10	
5	8	7	8	
9	3	2	6	
6	9	10	6	
8	9	7	10	
8	1	9	6	
2	8	7	10	
10	8	4	1	
7	7	6	5	
10	10	3	5	
3	6	8	6	
2	4	8	7	
9	5	7	5	
9	7	7	7	
7	1	9	9	
7	3	10	1	
2	6	6	7	
1	3	9	8	
2	10	3	3	
1	8	7	1	
1	2	2	2	
9	6	5	3	
1	8	7	6	
6	9	7	6	
10	10	9	8	
10	9	7	7	
6	2	1	6	
1	8	2	3	
10	1	9	2	
6	8	8	9	
5	4	1	1	
7	3	4	8	
6	9	3	8	
5	10	5	10	
8	6	4	10	
10	8	7	8	
5	4	7	2	
1	3	1	1	
5	6	1	3	
3	7	1	4	
10	5	2	8	
5	2	8	4	
9	1	5	2	
1	2	8	9	
4	3	8	8	
9	9	1	5	
10	4	8	3	
9	7	7	4	
4	6	5	5	
3	10	1	3	
3	3	10	10	
9	2	6	2	
6	4	6	5	
10	4	5	5	
1	4	6	6	
8	5	2	4	
5	8	7	6	
10	4	3	8	
7	6	3	7	
5	8	1	5	
4	5	3	9	
1	9	8	1	
10	8	4	9	
8	9	8	1	
8	5	6	8	
8	9	7	3	
4	7	7	9	
6	8	5	1	
10	2	6	3	
7	10	5	6	
6	10	5	1	
7	9	2	10	
10	9	8	9	
6	9	2	2	
2	4	7	5	
6	8	3	8	
4	9	10	1	
6	7	7	3	
8	1	4	1	
8	9	10	9	
9	9	3	9	
6	9	7	2	
4	8	9	1	
5	4	5	9	
5	5	1	3	
2	8	10	10	
6	1	1	1	
8	8	10	4	
5	1	4	8	
5	9	7	4	

Stepup times between Families, where [f][f] represents initial setup time
On machine	1
20	20	19	14	10	7	14	19	19	14	1	19	8	19	12	18	8	6	18	18	
4	12	3	16	6	14	5	13	14	8	11	16	11	12	1	19	2	7	20	15	
16	18	20	20	5	12	19	13	9	12	3	16	6	8	4	13	6	17	20	20	
11	18	7	16	12	1	15	2	17	9	19	14	10	17	1	16	12	13	2	13	
12	3	17	16	12	3	4	16	19	6	2	7	5	4	3	1	7	20	2	1	
4	6	16	4	20	19	14	4	4	11	8	18	10	19	15	10	2	3	12	2	
13	19	6	6	8	2	19	7	1	20	1	15	2	12	11	12	2	20	1	11	
13	12	19	6	10	4	18	13	2	18	7	6	18	19	14	16	17	17	14	9	
1	8	10	10	15	5	11	10	1	12	15	13	3	5	1	8	20	2	6	10	
10	7	8	9	8	13	4	13	7	11	17	12	19	6	15	19	20	8	6	15	
20	19	7	16	11	7	4	6	20	1	18	13	13	13	18	14	11	19	9	6	
10	9	9	15	8	17	5	1	16	5	2	11	20	6	19	13	8	4	9	1	
19	10	16	1	20	2	14	14	5	8	5	3	11	16	19	15	3	13	8	5	
11	11	20	17	15	15	17	19	14	18	7	4	12	7	10	6	10	17	20	17	
12	8	8	15	5	15	18	19	12	2	20	18	14	20	20	6	15	16	15	16	
18	11	9	7	19	5	1	9	15	14	16	2	7	19	6	3	4	1	5	12	
19	8	4	17	11	19	18	1	4	7	3	4	14	5	2	12	5	5	9	18	
16	13	2	18	7	17	10	2	5	8	3	10	9	3	14	17	13	20	17	15	
20	18	5	4	5	15	11	5	5	14	18	20	15	14	9	12	2	6	1	1	
7	15	13	20	17	15	12	15	1	15	6	4	5	11	19	16	16	5	9	14	
On machine	2
7	15	8	12	3	17	6	1	18	6	15	19	6	14	7	15	8	8	7	11	
5	12	18	3	7	20	15	19	13	7	1	16	4	18	2	1	17	18	5	20	
19	13	20	9	3	13	5	14	8	2	19	12	8	3	11	5	8	20	3	2	
3	17	6	18	11	2	1	12	11	17	14	14	16	4	20	7	20	4	2	18	
7	5	7	7	6	13	5	17	6	7	5	16	11	7	2	6	12	15	9	17	
20	7	1	14	17	13	18	4	16	3	20	10	5	2	13	19	20	12	14	20	
4	8	18	6	12	17	15	1	11	12	2	11	20	10	9	17	18	14	20	17	
16	6	1	15	1	3	7	17	1	9	20	1	7	5	5	8	10	15	7	17	
9	7	8	2	16	7	16	3	8	1	4	5	18	9	18	13	19	6	2	20	
18	13	4	13	18	9	8	1	1	13	11	10	1	3	14	19	7	19	12	3	
14	20	7	13	9	12	7	19	7	1	6	17	1	18	19	15	13	12	5	17	
6	11	10	8	8	20	13	6	5	20	10	14	12	5	12	4	1	3	7	9	
5	2	2	8	16	10	6	8	20	19	1	18	20	14	10	9	9	15	2	6	
7	20	1	19	19	10	17	3	3	7	8	9	6	4	4	12	14	19	20	20	
4	16	8	13	3	8	13	20	8	18	10	4	4	10	3	3	10	1	12	5	
18	6	12	4	6	2	2	1	16	11	3	18	8	8	18	17	20	18	17	11	
13	2	8	20	4	13	14	6	17	8	14	11	10	14	12	13	11	6	9	8	
5	17	9	19	13	7	2	15	10	13	3	6	13	7	19	9	12	11	12	19	
4	10	19	13	4	1	16	14	15	11	1	5	5	9	4	10	13	14	6	18	
5	3	10	19	3	2	18	7	11	11	6	2	20	7	3	10	3	1	8	11	
On machine	3
9	9	6	8	1	3	9	20	18	19	12	20	14	10	1	15	15	9	10	19	
13	17	19	8	4	15	10	3	7	16	3	1	14	12	3	3	12	11	11	20	
12	8	1	1	20	17	11	9	10	10	15	1	14	1	6	1	9	6	19	7	
1	16	18	19	5	16	2	5	14	1	4	19	13	3	13	14	7	8	1	6	
7	11	17	20	7	11	18	20	18	8	15	15	16	8	2	7	18	13	9	4	
15	9	2	1	3	6	15	7	20	18	12	9	10	6	11	5	19	19	9	10	
3	9	14	19	12	20	16	6	5	11	17	16	16	19	2	13	17	20	9	19	
2	17	5	20	16	14	19	19	19	17	17	10	12	6	16	18	10	4	11	11	
7	10	14	3	20	7	20	19	16	8	5	15	5	4	15	7	16	14	15	19	
9	1	10	9	2	1	17	12	20	4	14	19	15	19	11	6	8	13	12	17	
15	12	20	18	1	7	8	3	10	8	8	1	16	8	6	19	16	15	4	10	
1	20	12	13	9	8	18	20	10	5	14	4	18	3	18	17	3	2	18	8	
14	15	6	4	9	12	12	3	6	5	18	12	2	12	2	11	18	11	5	10	
8	4	13	19	14	9	7	12	2	1	15	9	5	11	16	20	6	6	19	17	
13	13	3	13	13	4	16	17	13	2	5	7	2	4	6	16	10	2	2	14	
7	1	12	11	6	12	20	15	14	3	12	2	4	9	3	10	1	16	18	12	
2	19	18	1	10	7	9	11	18	14	20	7	20	8	8	13	18	14	12	14	
17	9	15	2	15	19	14	14	10	9	8	20	2	8	8	16	2	19	14	1	
10	1	18	12	19	19	1	20	20	5	9	20	16	2	16	17	19	17	16	14	
13	5	17	16	12	11	14	13	14	10	5	14	15	15	1	13	4	7	9	8	
On machine	4
8	18	3	10	14	16	2	13	7	10	20	2	1	17	2	5	12	15	17	4	
20	7	9	9	4	1	20	17	6	14	6	16	14	19	18	3	15	13	15	1	
7	13	3	1	2	2	16	10	3	15	5	4	10	9	19	2	9	1	2	17	
9	10	5	20	7	17	13	13	15	4	9	11	8	4	9	7	5	10	16	12	
4	5	18	18	3	10	4	19	15	8	10	17	1	13	13	2	10	5	2	4	
19	17	17	7	1	14	18	10	9	19	5	2	3	8	20	17	20	13	17	14	
1	15	9	16	2	9	17	11	15	17	19	17	18	16	7	14	2	15	9	19	
18	20	2	1	20	4	3	2	12	14	5	19	19	16	15	10	5	4	8	18	
7	3	13	20	9	13	18	12	7	7	16	9	1	20	18	9	12	13	14	16	
3	9	15	11	2	13	16	8	18	20	19	20	9	13	19	20	11	4	12	8	
1	18	17	6	17	9	6	13	6	11	2	16	5	6	6	9	17	8	4	10	
7	8	3	8	1	17	15	14	4	13	7	19	11	12	17	6	10	14	6	2	
3	11	19	6	3	5	19	14	12	15	6	11	6	20	5	16	16	10	7	17	
16	4	16	20	18	14	8	14	12	7	2	11	2	19	13	17	16	18	6	18	
4	17	11	4	18	20	4	20	5	19	5	18	4	9	19	8	8	10	2	18	
16	20	13	5	15	8	11	2	9	6	19	16	4	14	3	12	20	12	19	17	
20	10	3	5	7	16	15	3	15	5	2	17	9	17	5	19	14	2	11	4	
1	7	5	1	12	9	10	4	3	8	5	11	18	10	1	17	10	2	2	8	
11	20	1	19	20	14	20	10	16	6	7	8	12	2	10	8	17	8	16	11	
11	4	3	5	1	7	9	10	7	17	2	16	14	5	11	2	20	19	19	6	
