Factories	3
Families	20
Machines	6
SetupType	1

Number of Jobs in each Family
7	9	7	1	5	6	7	1	1	8	4	3	1	3	7	6	5	3	7	4	

Jobs in each Family
0	1	2	3	4	5	6	
7	8	9	10	11	12	13	14	15	
16	17	18	19	20	21	22	
23	
24	25	26	27	28	
29	30	31	32	33	34	
35	36	37	38	39	40	41	
42	
43	
44	45	46	47	48	49	50	51	
52	53	54	55	
56	57	58	
59	
60	61	62	
63	64	65	66	67	68	69	
70	71	72	73	74	75	
76	77	78	79	80	
81	82	83	
84	85	86	87	88	89	90	
91	92	93	94	

Total number of jobs
95

Processing times of jobs
3	4	4	4	8	4	
7	7	6	7	2	3	
5	8	1	7	1	2	
7	4	3	2	6	1	
3	7	6	9	4	1	
9	9	8	7	8	9	
5	7	8	4	8	7	
6	7	2	1	4	5	
9	1	1	4	3	1	
5	6	3	3	8	2	
8	3	8	3	9	6	
9	10	1	2	5	2	
2	5	10	10	1	10	
7	2	9	2	8	6	
8	7	1	10	1	8	
5	9	10	2	4	10	
4	6	9	1	1	1	
8	9	2	8	1	7	
3	10	7	8	8	6	
8	10	10	8	3	7	
3	5	3	4	5	5	
6	5	4	3	2	7	
5	3	5	1	9	2	
1	10	2	10	3	2	
8	3	5	5	5	6	
2	9	8	3	8	4	
6	6	9	1	4	1	
1	1	7	1	4	1	
1	4	7	8	6	1	
5	5	5	10	7	3	
9	1	2	1	6	3	
5	6	10	4	8	4	
10	1	7	3	8	4	
5	10	8	9	3	1	
2	10	1	3	2	5	
5	6	6	10	6	3	
3	6	7	2	1	3	
9	6	6	8	7	10	
2	9	7	2	5	8	
4	8	2	10	7	8	
9	7	9	3	1	6	
9	2	10	2	1	5	
7	1	4	3	8	2	
9	6	1	5	7	10	
6	10	9	3	10	4	
3	1	5	8	5	6	
9	9	9	4	5	10	
7	3	1	9	2	7	
3	4	9	9	10	7	
2	8	5	2	8	10	
7	9	1	3	2	7	
2	5	10	6	8	10	
9	7	8	6	3	6	
6	5	5	10	6	3	
3	2	2	6	9	3	
10	3	9	5	10	8	
2	3	1	6	8	3	
1	6	2	4	6	6	
5	7	5	4	10	3	
1	6	4	7	9	6	
2	10	4	8	9	1	
7	7	4	4	4	7	
10	4	3	6	4	4	
3	1	6	1	5	8	
7	7	3	4	8	2	
2	4	8	1	8	8	
5	1	3	4	4	7	
9	5	4	5	5	3	
6	4	1	4	6	4	
9	2	10	1	5	6	
9	2	6	8	4	7	
7	6	7	3	6	9	
7	6	7	6	6	1	
10	3	10	9	1	1	
9	8	6	2	10	6	
3	10	10	10	4	5	
7	6	2	10	6	5	
6	2	7	10	8	3	
5	8	2	9	4	10	
1	7	4	1	8	2	
3	6	5	7	1	3	
2	3	3	8	5	9	
2	7	10	7	4	1	
8	8	1	5	1	1	
3	2	9	5	10	10	
5	6	5	1	4	2	
4	8	5	1	8	6	
4	9	5	10	7	8	
9	2	5	8	9	8	
8	6	6	9	10	1	
3	3	10	3	7	8	
3	9	8	6	4	10	
2	3	6	8	6	4	
8	9	4	4	10	1	
9	4	4	10	7	4	

Stepup times between Families, where [f][f] represents initial setup time
On machine	1
17	15	17	16	18	1	5	17	20	6	17	12	1	4	9	9	4	2	8	4	
4	18	13	4	14	3	1	8	9	9	20	6	20	9	16	13	15	9	10	9	
16	7	10	7	1	17	6	11	13	1	13	1	19	14	5	3	7	14	14	17	
20	13	5	8	8	7	2	1	2	1	12	13	18	14	1	5	4	11	4	7	
18	15	1	17	19	5	14	11	15	11	16	20	2	12	8	1	4	12	2	8	
10	10	17	10	10	18	12	15	10	8	1	19	19	17	8	2	1	17	6	7	
2	20	11	12	7	9	8	9	16	15	1	11	8	2	18	7	12	18	16	15	
4	7	3	20	12	13	14	5	20	20	10	15	3	10	14	14	16	8	14	3	
12	2	15	18	2	11	15	9	13	12	13	17	14	12	11	17	18	4	2	13	
4	20	10	8	14	10	18	18	7	20	18	19	5	20	8	12	14	7	16	7	
1	15	11	4	6	3	5	3	20	3	5	8	6	11	13	6	15	2	16	11	
15	19	12	2	10	5	7	2	19	20	4	10	18	3	1	17	6	7	13	5	
14	4	19	10	5	7	1	16	11	8	18	5	17	8	16	20	16	17	18	15	
14	1	8	10	18	16	17	8	17	10	14	1	1	1	16	20	1	11	16	3	
9	2	4	14	11	11	9	16	10	20	19	8	18	2	12	2	16	2	13	16	
8	4	1	7	20	12	12	18	18	19	11	19	13	14	8	7	8	16	12	19	
16	2	15	20	15	18	16	15	8	6	14	1	9	3	15	4	7	15	18	3	
13	18	14	3	20	7	20	19	5	7	5	4	2	12	6	16	10	15	12	16	
11	18	16	20	15	12	1	20	3	13	15	4	5	10	20	11	20	20	5	8	
20	9	20	16	17	12	15	12	1	20	4	10	16	3	2	9	11	3	18	2	
On machine	2
10	10	11	12	7	6	11	20	4	7	3	14	19	20	9	19	20	11	4	7	
19	13	11	12	8	1	18	15	19	20	1	15	11	18	10	20	14	14	9	10	
9	19	2	2	2	13	11	4	19	10	19	18	17	7	10	15	1	9	2	15	
18	12	17	18	11	12	20	8	2	3	7	8	1	20	10	12	19	5	12	15	
7	3	1	16	5	20	1	2	17	13	7	1	16	13	3	4	20	10	20	3	
3	15	1	15	3	14	2	19	13	18	18	9	19	20	14	2	10	17	20	6	
16	19	1	8	18	13	15	5	1	20	8	5	2	19	11	2	16	9	4	12	
13	2	18	2	15	19	14	15	12	2	11	15	4	6	20	4	15	14	5	16	
15	8	10	20	2	11	4	10	18	5	10	18	4	7	19	18	20	18	4	8	
12	8	5	12	15	1	3	14	11	18	5	9	12	19	3	13	3	16	2	7	
8	10	13	18	3	19	19	3	5	4	10	12	13	17	19	14	8	18	15	18	
15	20	18	9	10	1	2	10	10	12	11	12	7	17	20	7	14	17	8	12	
10	12	6	20	11	2	9	20	8	16	4	7	2	11	10	16	5	14	9	19	
14	13	16	5	9	8	5	14	3	8	15	3	12	4	5	8	3	12	7	7	
6	3	10	6	4	13	3	1	16	7	10	8	15	13	1	19	5	16	14	15	
12	2	8	16	14	3	19	19	12	6	1	11	18	19	1	14	17	1	2	5	
19	2	3	12	2	14	13	2	19	14	12	1	16	2	7	4	16	1	7	18	
2	11	7	7	9	8	1	20	10	19	10	15	10	17	18	11	18	15	10	9	
4	12	19	20	20	20	20	19	2	10	11	20	18	9	8	19	9	14	5	7	
18	15	5	8	18	2	11	18	19	3	2	13	15	16	7	2	11	4	18	16	
On machine	3
9	10	5	6	3	7	1	12	1	9	18	20	2	5	1	4	2	15	4	1	
6	16	2	18	20	13	16	8	5	18	2	4	4	5	6	20	17	13	6	6	
10	1	12	15	1	9	11	6	10	7	7	7	18	17	2	3	4	14	1	13	
14	10	5	14	8	8	2	17	9	7	7	4	14	10	7	11	7	11	15	11	
10	17	10	17	19	10	13	20	18	9	19	15	15	1	12	15	3	17	8	13	
13	5	3	7	4	4	11	5	20	3	5	2	19	15	19	6	17	3	9	2	
2	1	2	10	3	1	10	7	19	13	6	13	4	19	20	14	12	8	15	4	
5	18	1	12	12	16	11	19	5	20	12	5	12	6	14	19	6	3	6	9	
16	5	2	17	3	5	8	14	7	12	12	1	9	14	18	4	6	4	1	12	
2	13	15	20	5	12	15	10	13	4	15	14	20	15	5	20	8	7	4	15	
8	10	2	3	12	5	1	19	20	15	15	20	5	10	2	12	4	3	4	18	
11	6	10	9	13	1	15	11	18	1	16	12	15	20	5	19	19	5	2	16	
2	5	11	3	12	16	17	16	2	19	18	16	5	19	11	10	11	1	8	1	
17	11	3	2	5	20	13	17	1	12	17	16	8	18	2	14	6	1	19	13	
14	4	1	3	13	9	2	11	4	5	15	7	18	14	15	20	5	16	1	12	
10	20	2	7	7	2	20	9	8	14	2	11	20	2	17	8	1	10	14	14	
6	16	6	1	20	8	10	19	15	14	6	20	7	11	16	16	18	10	9	11	
20	20	12	17	20	2	2	18	12	13	5	11	12	5	3	6	15	3	1	14	
20	13	17	7	3	12	20	20	2	16	20	13	5	17	10	3	11	18	19	10	
3	13	17	3	3	10	3	2	16	1	16	6	14	9	11	14	18	7	10	6	
On machine	4
17	5	7	3	11	3	16	10	20	3	6	8	17	12	11	2	2	6	18	3	
6	4	15	6	8	6	7	16	1	19	18	15	1	6	12	20	18	5	9	10	
7	10	9	7	14	1	14	3	1	9	19	2	9	10	9	15	11	20	4	3	
2	14	12	14	14	5	20	4	11	10	15	2	17	17	13	12	15	4	12	18	
9	3	20	14	6	1	19	1	1	3	17	7	20	19	12	16	2	4	3	20	
6	8	20	15	13	14	6	6	6	5	20	5	16	4	19	1	20	20	9	15	
13	3	11	5	12	10	9	1	19	5	8	4	9	10	17	17	15	11	11	10	
10	12	9	9	16	8	9	15	19	11	7	2	20	12	2	1	16	19	20	20	
9	14	9	7	14	8	18	15	16	2	2	15	12	1	20	5	5	20	2	17	
16	10	17	17	20	2	2	18	11	7	1	5	10	2	20	14	4	18	6	13	
19	2	9	10	18	17	5	7	2	2	1	14	1	5	11	9	3	2	19	4	
17	16	12	14	8	5	6	4	20	4	3	8	12	3	17	6	11	14	3	19	
19	15	20	20	5	4	20	1	17	6	4	17	19	3	20	12	14	15	15	2	
17	6	11	16	3	5	18	8	11	9	20	14	8	16	1	16	9	19	9	18	
4	11	6	2	16	9	3	2	17	20	19	3	19	20	3	16	9	16	15	8	
7	15	2	16	10	15	17	17	3	10	10	11	6	10	13	10	16	8	7	6	
12	20	17	12	2	18	15	5	1	8	2	17	18	18	6	12	4	6	4	20	
6	13	19	13	3	1	9	19	12	14	1	20	3	19	14	9	7	20	7	10	
12	9	13	4	12	8	20	3	10	11	14	8	18	5	8	4	1	18	18	17	
19	1	1	1	2	1	11	9	1	3	6	12	1	19	5	20	10	19	4	20	
On machine	5
17	8	2	11	8	8	20	3	6	4	3	9	17	19	6	9	10	14	17	13	
12	1	6	3	12	6	18	14	11	17	13	8	4	20	14	13	11	15	20	11	
14	7	18	11	15	14	14	19	2	2	7	20	5	20	9	10	1	2	12	1	
11	20	9	6	11	6	4	7	19	15	4	15	11	2	1	18	20	20	3	11	
14	17	16	7	19	18	12	1	1	4	18	18	11	14	6	19	10	8	17	13	
17	6	8	4	19	11	9	3	16	4	14	7	11	8	11	9	18	9	3	1	
11	10	5	5	18	14	17	3	2	5	8	10	8	6	16	2	1	13	1	9	
16	6	15	5	4	17	1	15	7	7	1	10	7	1	6	1	8	16	10	1	
6	13	15	3	4	18	4	4	18	20	7	17	7	6	6	13	18	10	6	1	
5	2	8	7	10	14	18	11	5	20	4	18	3	4	4	3	6	17	7	6	
5	16	13	19	1	12	14	12	3	9	2	2	20	13	18	9	19	8	20	10	
2	14	13	5	20	14	1	15	9	13	14	9	6	5	12	14	18	4	5	17	
13	16	13	3	9	12	16	20	18	14	7	19	6	2	11	15	13	3	4	18	
1	5	9	17	5	7	20	10	7	10	1	5	19	14	14	19	7	2	10	19	
12	6	14	5	18	12	3	15	6	8	17	5	2	13	20	13	11	7	9	16	
7	10	3	20	10	14	18	7	14	5	19	10	4	7	14	5	8	16	9	18	
12	11	14	16	17	1	14	14	7	15	11	20	7	12	15	5	9	10	13	6	
2	20	9	10	14	13	19	2	2	15	1	11	6	13	6	6	17	1	9	3	
13	16	1	5	13	5	12	5	4	5	11	13	4	11	6	11	6	19	13	17	
12	19	10	3	20	19	16	8	19	9	3	17	18	11	4	8	11	19	11	3	
On machine	6
16	11	4	19	3	11	11	20	9	7	8	6	13	17	17	10	15	15	9	13	
18	5	5	4	1	2	20	16	5	19	1	8	19	8	20	1	4	14	20	14	
6	8	19	8	5	10	6	19	6	7	17	14	2	5	3	11	14	19	1	6	
9	6	8	20	8	20	2	3	13	1	5	8	18	10	20	4	20	8	17	11	
9	13	16	10	7	10	4	3	10	8	7	6	17	10	1	2	16	7	3	12	
8	16	1	11	12	2	13	1	11	9	6	13	1	15	17	18	14	14	10	15	
20	11	1	15	5	13	15	18	1	13	15	5	5	4	10	15	16	14	6	12	
4	16	5	18	9	16	1	9	14	6	19	3	20	15	17	2	3	10	12	17	
2	19	18	17	6	15	2	3	2	3	13	20	14	16	17	17	13	3	9	1	
7	7	12	17	19	4	5	10	5	5	10	7	3	19	15	13	1	19	14	19	
7	1	9	14	10	19	15	11	2	18	7	19	6	8	17	3	20	1	10	4	
18	5	14	3	9	6	4	4	10	6	10	4	6	5	9	18	18	16	15	12	
6	4	7	5	18	20	18	17	11	4	3	3	3	20	20	10	7	1	3	15	
19	18	17	18	11	17	10	19	9	7	1	7	12	1	3	19	3	13	10	4	
4	8	10	16	11	1	12	20	1	2	17	18	6	18	9	12	7	11	8	18	
20	8	17	5	5	5	5	20	2	18	10	20	8	13	5	14	18	16	1	8	
4	19	10	8	3	1	16	15	5	9	11	10	2	11	6	13	19	20	2	5	
10	6	6	16	14	8	10	6	12	1	8	14	11	3	9	1	4	1	19	15	
17	9	10	4	3	4	17	20	5	19	11	2	3	15	10	8	7	7	11	4	
14	20	14	19	14	17	4	3	3	17	10	19	16	18	11	15	11	3	6	17	
