Factories	3
Families	60
Machines	6
SetupType	2

Number of Jobs in each Family
4	1	6	7	2	5	5	10	10	2	5	7	8	3	2	8	9	7	7	4	1	2	4	3	5	3	5	9	8	10	10	4	1	2	3	6	2	9	10	1	2	6	1	3	7	3	4	2	2	9	4	8	5	10	1	10	7	6	4	4	

Jobs in each Family
0	1	2	3	
4	
5	6	7	8	9	10	
11	12	13	14	15	16	17	
18	19	
20	21	22	23	24	
25	26	27	28	29	
30	31	32	33	34	35	36	37	38	39	
40	41	42	43	44	45	46	47	48	49	
50	51	
52	53	54	55	56	
57	58	59	60	61	62	63	
64	65	66	67	68	69	70	71	
72	73	74	
75	76	
77	78	79	80	81	82	83	84	
85	86	87	88	89	90	91	92	93	
94	95	96	97	98	99	100	
101	102	103	104	105	106	107	
108	109	110	111	
112	
113	114	
115	116	117	118	
119	120	121	
122	123	124	125	126	
127	128	129	
130	131	132	133	134	
135	136	137	138	139	140	141	142	143	
144	145	146	147	148	149	150	151	
152	153	154	155	156	157	158	159	160	161	
162	163	164	165	166	167	168	169	170	171	
172	173	174	175	
176	
177	178	
179	180	181	
182	183	184	185	186	187	
188	189	
190	191	192	193	194	195	196	197	198	
199	200	201	202	203	204	205	206	207	208	
209	
210	211	
212	213	214	215	216	217	
218	
219	220	221	
222	223	224	225	226	227	228	
229	230	231	
232	233	234	235	
236	237	
238	239	
240	241	242	243	244	245	246	247	248	
249	250	251	252	
253	254	255	256	257	258	259	260	
261	262	263	264	265	
266	267	268	269	270	271	272	273	274	275	
276	
277	278	279	280	281	282	283	284	285	286	
287	288	289	290	291	292	293	
294	295	296	297	298	299	
300	301	302	303	
304	305	306	307	

Total number of jobs
308

Processing times of jobs
10	3	8	1	1	7	
1	3	5	8	6	2	
6	7	3	6	9	1	
7	6	10	8	9	2	
7	7	9	10	8	1	
5	10	2	2	9	1	
7	8	10	5	7	5	
7	8	7	1	8	3	
7	7	4	7	2	4	
4	7	6	4	3	2	
4	4	7	2	1	3	
9	1	3	3	2	2	
5	7	1	9	4	8	
9	4	9	1	2	4	
5	9	7	4	10	8	
3	4	5	7	5	5	
2	8	2	3	4	10	
9	4	10	6	7	4	
4	6	5	2	9	4	
2	8	10	1	7	2	
2	10	5	8	7	6	
8	4	9	8	10	9	
6	7	10	10	6	4	
2	7	8	5	4	5	
9	10	9	7	9	7	
4	8	9	5	8	8	
10	6	3	3	10	9	
9	6	2	4	3	4	
8	6	4	6	4	1	
4	1	5	6	10	2	
4	3	6	1	9	1	
10	6	5	9	3	1	
9	3	5	5	7	10	
4	9	5	6	5	6	
8	5	8	2	1	3	
5	9	10	6	8	6	
1	7	1	5	5	8	
8	4	4	6	1	9	
1	9	10	10	1	1	
8	1	1	3	10	10	
5	8	4	6	2	9	
5	3	3	3	10	1	
9	3	6	8	5	10	
2	7	9	5	4	8	
7	9	7	9	8	2	
4	10	5	4	1	6	
6	10	3	1	2	10	
4	7	5	9	2	6	
10	4	8	3	10	8	
10	8	3	1	10	2	
1	5	1	9	7	1	
1	6	7	3	10	9	
9	2	7	7	7	8	
6	3	1	5	9	3	
9	4	10	8	10	9	
8	5	3	7	9	5	
4	2	1	9	10	4	
10	4	8	6	6	5	
8	10	8	8	4	1	
6	9	2	7	1	7	
9	7	8	4	5	1	
7	1	7	10	9	10	
7	7	1	3	8	6	
10	10	9	6	1	8	
6	1	3	2	3	3	
5	5	6	9	7	8	
1	1	7	9	7	5	
9	7	5	3	10	3	
8	3	2	5	3	4	
7	1	6	9	10	7	
9	2	8	3	2	9	
6	9	8	4	7	5	
10	8	1	4	1	5	
6	9	10	1	4	8	
7	5	10	5	1	5	
2	1	5	3	4	3	
5	10	6	4	9	3	
6	6	1	7	8	10	
1	1	3	2	8	7	
5	5	5	1	1	2	
5	1	7	7	9	8	
10	4	4	8	2	4	
2	10	6	7	10	6	
3	5	8	6	5	9	
4	1	9	9	1	7	
3	9	6	7	3	9	
2	10	1	1	2	2	
9	10	9	10	9	8	
10	10	3	6	8	10	
4	10	4	8	4	4	
10	7	2	10	5	9	
7	9	9	4	5	7	
2	1	6	7	5	1	
6	6	8	1	3	2	
8	3	5	6	8	4	
7	3	7	1	10	5	
1	5	1	4	6	6	
4	5	2	3	1	3	
1	7	4	7	2	8	
4	8	3	9	2	10	
8	7	8	7	10	4	
3	8	9	4	10	8	
8	2	10	9	2	8	
10	9	6	2	1	5	
3	9	7	9	7	10	
7	7	6	3	9	5	
10	7	3	2	7	2	
6	4	10	5	6	10	
9	1	1	9	10	3	
7	7	5	7	7	1	
5	10	6	10	2	8	
5	2	9	4	5	7	
9	8	7	9	4	2	
4	9	6	1	3	6	
10	6	4	6	5	2	
7	5	9	6	7	3	
4	1	8	9	6	6	
4	4	3	1	4	6	
3	7	4	1	2	8	
8	4	5	10	4	1	
2	4	7	5	6	8	
3	5	6	6	4	7	
6	1	10	5	5	3	
5	6	2	5	1	1	
1	9	8	8	1	8	
10	1	10	5	7	5	
1	5	7	6	2	6	
4	8	7	10	1	7	
9	8	4	10	3	10	
10	2	6	10	6	5	
7	10	5	2	2	5	
5	2	6	8	10	9	
5	1	6	9	8	5	
10	7	9	1	8	9	
4	10	1	3	4	1	
3	6	3	10	7	10	
1	5	4	9	4	9	
4	2	2	10	1	1	
10	5	9	2	9	5	
9	3	4	3	2	7	
7	8	7	4	6	4	
4	2	1	2	5	1	
10	4	7	2	8	1	
7	9	4	1	6	1	
1	2	1	9	8	1	
5	5	5	7	8	5	
1	8	6	2	2	2	
10	9	4	8	6	6	
1	4	8	10	2	5	
8	1	8	9	3	6	
5	4	3	3	9	10	
7	6	6	2	2	3	
5	4	1	9	9	10	
1	7	9	8	1	9	
8	10	3	7	5	8	
6	7	10	5	3	10	
2	9	4	6	5	4	
1	8	6	4	10	5	
6	8	4	4	7	9	
10	1	5	6	6	5	
1	1	6	1	9	2	
10	5	1	6	3	8	
5	9	7	10	3	6	
8	6	3	3	8	1	
2	2	3	1	10	6	
9	4	6	4	3	1	
8	6	7	9	4	5	
4	7	2	5	6	8	
10	10	8	4	3	7	
9	9	6	9	3	8	
3	2	6	5	4	9	
1	2	10	2	6	3	
5	1	6	2	8	2	
2	4	8	2	7	2	
4	4	4	10	6	3	
3	8	7	3	10	3	
2	8	4	6	2	4	
7	6	10	4	4	10	
5	2	2	5	5	4	
2	3	7	8	3	7	
1	10	5	10	5	2	
5	3	1	6	2	4	
6	6	8	7	1	4	
10	2	2	7	4	9	
6	9	2	8	7	9	
6	10	3	8	9	3	
7	10	5	2	10	5	
3	8	7	10	5	2	
6	9	8	7	8	1	
4	5	8	9	10	8	
8	5	10	6	7	7	
3	8	2	6	3	1	
7	4	7	8	4	2	
9	8	3	1	8	7	
1	10	9	7	10	9	
7	3	1	4	9	6	
8	7	5	10	5	4	
7	7	10	2	4	1	
5	5	3	1	10	7	
5	3	3	2	6	2	
10	10	2	8	4	9	
7	8	8	1	4	8	
10	3	1	9	1	9	
6	8	6	7	8	2	
5	10	2	8	6	8	
3	3	8	4	7	3	
8	4	9	5	10	9	
5	7	2	3	8	1	
8	7	6	4	10	7	
8	1	3	8	3	3	
2	6	8	4	10	5	
10	6	6	10	5	7	
1	10	2	3	5	5	
6	2	3	6	1	6	
1	7	5	5	7	8	
4	7	7	8	1	6	
2	4	3	10	10	10	
5	3	5	10	3	1	
2	3	10	3	3	4	
9	8	5	10	4	9	
4	4	7	7	7	10	
8	1	4	2	5	2	
1	4	10	3	6	8	
6	4	4	10	8	7	
1	8	4	6	10	6	
8	3	2	4	10	6	
6	6	9	2	5	7	
1	3	10	8	1	6	
9	2	2	1	5	5	
4	9	10	3	3	4	
3	4	4	4	7	2	
6	6	10	2	4	5	
2	2	7	10	1	10	
2	5	3	6	2	9	
6	4	7	1	2	1	
10	1	4	10	2	4	
6	4	10	4	5	8	
1	1	10	5	1	3	
9	4	3	9	1	10	
6	3	7	4	3	2	
2	9	7	1	4	9	
10	1	4	4	8	4	
5	3	4	7	5	8	
1	10	3	3	10	1	
4	3	6	8	1	9	
3	2	7	5	7	6	
4	5	2	10	6	3	
8	4	2	9	9	10	
5	9	10	6	9	3	
3	9	10	7	2	8	
7	10	9	8	1	9	
10	2	7	7	4	9	
5	1	5	3	9	9	
7	5	9	2	1	9	
8	2	2	10	1	3	
7	2	2	1	5	2	
4	9	2	10	9	9	
2	10	7	3	7	8	
3	9	9	8	2	1	
1	4	9	6	7	10	
8	8	1	8	10	7	
4	7	7	1	4	8	
10	6	4	3	2	10	
10	5	1	4	1	2	
9	10	5	2	4	9	
9	10	4	4	8	1	
5	7	2	10	7	4	
2	1	2	5	1	5	
5	8	1	6	5	2	
7	9	5	7	6	6	
5	1	1	10	5	3	
9	5	5	8	1	8	
8	8	7	7	9	3	
2	2	1	1	8	10	
9	2	2	4	6	1	
1	5	1	8	8	9	
4	9	9	5	2	9	
4	4	5	6	7	9	
1	7	7	5	6	9	
10	9	2	6	10	7	
2	2	9	1	7	2	
6	6	8	8	10	4	
10	4	9	10	5	3	
10	2	5	1	2	2	
2	6	5	6	1	5	
1	5	6	1	1	9	
9	9	8	7	7	9	
4	4	2	6	10	1	
7	9	9	7	8	6	
2	6	6	9	9	9	
3	5	8	3	9	3	
5	9	8	2	10	1	
6	7	6	4	1	9	
2	3	9	6	2	1	
5	8	9	4	2	2	
5	4	8	9	7	5	
1	3	3	5	5	7	
8	10	5	6	2	6	
8	1	1	4	3	8	
9	9	2	9	7	1	
10	6	1	6	10	7	
6	1	3	2	7	8	
9	6	9	3	1	5	
4	1	5	5	2	5	
2	7	3	6	6	9	
7	8	4	1	5	8	
7	7	4	4	8	8	
4	7	10	3	7	10	

Stepup times between Families, where [f][f] represents initial setup time
On machine	1
47	18	48	5	44	48	3	43	47	36	44	50	37	14	19	18	15	20	18	44	45	37	1	14	50	2	47	9	50	30	12	16	5	1	19	5	22	47	20	37	13	43	42	8	6	48	21	18	48	43	32	4	38	3	14	32	7	7	38	5	
4	25	6	22	16	50	41	28	46	43	30	10	24	37	40	31	30	19	2	38	7	39	35	41	28	15	47	13	46	49	29	29	25	6	10	29	3	23	40	9	19	44	11	4	37	40	41	30	25	23	12	37	31	8	18	45	17	1	44	30	
6	21	2	9	16	2	9	46	14	31	14	25	49	44	26	37	39	15	25	4	34	25	32	40	31	15	23	31	41	4	20	14	38	15	8	32	25	43	23	37	43	12	37	28	11	2	41	21	10	14	16	8	27	19	22	4	33	44	29	34	
27	46	43	36	19	35	20	28	13	40	8	11	50	41	28	9	18	42	8	19	8	15	48	43	37	16	2	16	24	10	1	35	16	3	35	7	23	24	45	12	33	39	6	12	50	23	30	50	18	1	18	41	24	17	3	27	7	13	35	35	
2	23	42	3	41	29	17	14	34	16	42	45	19	15	12	46	37	44	4	25	18	6	29	1	35	32	3	25	43	14	1	10	12	49	22	14	30	46	20	17	15	50	46	22	49	45	27	24	5	10	16	11	16	24	21	19	5	37	24	21	
46	49	33	31	7	12	2	19	23	26	7	31	23	44	22	20	46	17	19	15	4	39	34	49	12	8	41	42	5	10	40	26	9	5	21	29	37	42	39	6	41	19	10	15	26	1	23	19	25	22	10	10	31	15	45	15	11	46	43	6	
32	28	35	40	6	5	19	24	13	45	3	44	29	12	17	50	25	37	6	38	1	50	8	12	46	39	41	45	1	37	13	36	16	31	23	7	38	39	38	48	22	33	40	37	13	21	18	25	7	20	33	5	26	5	25	43	49	10	48	48	
44	17	44	20	30	11	23	37	33	44	24	34	34	27	23	32	28	29	21	37	46	12	50	26	8	42	40	1	40	42	15	7	50	32	13	29	41	23	44	25	18	22	27	27	25	33	26	14	23	19	23	37	37	13	5	6	39	27	24	9	
12	34	23	30	20	14	18	46	9	38	28	47	8	25	32	9	4	23	25	29	38	21	24	39	9	18	19	32	11	30	29	45	34	30	30	14	23	45	43	12	27	46	37	25	35	5	13	6	38	17	33	12	30	15	10	8	30	6	13	25	
28	17	47	46	23	8	7	47	48	3	26	22	46	32	38	37	26	10	26	33	24	19	35	35	30	13	35	21	1	21	13	2	36	22	37	39	39	48	45	27	1	16	23	47	46	48	31	32	32	24	2	28	3	13	50	1	14	9	24	9	
17	6	33	1	27	26	47	9	2	24	43	6	32	12	10	48	50	11	8	40	49	27	7	6	9	17	50	16	21	48	40	47	30	21	3	2	41	25	43	13	15	13	33	25	50	1	19	45	46	39	40	7	25	50	38	35	8	47	43	11	
18	36	31	14	10	6	8	40	5	50	44	3	21	37	16	38	46	40	15	45	15	13	43	9	10	3	39	45	41	36	13	5	31	32	31	33	34	35	37	11	50	13	26	14	11	37	34	36	2	19	35	17	14	50	45	43	4	18	46	35	
29	30	20	45	3	12	46	13	41	12	49	14	13	23	10	46	15	2	9	17	31	14	18	48	33	44	15	29	19	1	24	16	36	45	1	16	14	45	32	43	18	11	1	26	8	8	14	3	17	2	22	4	6	11	6	5	19	8	23	14	
9	30	1	4	41	5	12	13	29	5	48	31	9	1	12	12	47	10	34	12	23	9	19	12	27	32	45	41	48	38	12	34	24	29	44	37	45	26	29	33	37	45	45	26	23	50	13	11	5	3	5	44	33	7	38	26	25	13	34	21	
43	43	8	14	8	40	9	32	50	32	44	38	8	33	37	21	27	27	41	5	13	44	33	39	29	14	46	9	41	40	24	28	3	17	7	7	37	34	34	43	1	17	22	39	21	22	46	13	35	35	5	47	34	37	10	31	36	46	5	12	
43	14	38	25	6	34	10	36	25	50	46	29	33	38	15	11	50	28	43	25	8	36	29	49	8	21	13	29	23	39	7	28	12	19	32	12	9	34	37	2	20	26	25	47	50	36	27	49	50	4	6	2	46	48	29	47	19	17	26	28	
21	38	31	7	6	3	18	12	27	9	28	40	29	47	5	4	13	49	31	40	18	10	31	15	32	2	37	16	33	25	29	4	40	23	47	6	14	14	46	10	40	45	24	17	5	17	38	19	44	50	36	45	28	32	49	26	42	23	4	9	
22	49	13	16	33	26	40	23	31	50	30	9	39	30	25	3	43	18	43	16	48	43	42	49	3	12	48	16	49	45	21	45	38	21	17	2	32	41	18	48	19	23	9	24	41	1	43	7	37	50	17	42	16	30	29	44	8	32	15	13	
48	11	30	11	15	41	19	22	34	10	23	7	49	27	40	43	10	44	31	16	21	14	2	37	44	29	36	29	35	35	26	49	3	45	25	43	43	24	15	28	40	45	2	4	19	24	48	9	21	25	10	5	28	22	16	30	49	43	17	27	
7	14	43	47	35	9	24	19	42	49	23	26	20	38	3	34	40	22	32	40	10	12	42	23	1	21	40	45	27	34	50	3	7	11	13	38	45	41	10	44	45	48	11	1	33	12	30	30	19	16	8	47	24	3	19	43	42	7	16	21	
7	5	29	27	13	19	22	26	10	17	20	30	45	32	35	25	35	39	20	17	23	8	28	46	22	12	7	16	20	9	32	13	40	2	35	29	47	28	23	23	4	25	33	42	13	27	7	11	29	10	18	45	28	26	48	26	42	5	6	10	
10	3	19	30	25	38	7	11	44	24	8	30	43	19	22	23	15	45	3	30	26	46	16	35	26	40	45	20	33	42	20	22	50	15	21	3	4	25	13	31	49	33	37	43	26	37	36	40	47	26	43	10	16	49	48	18	1	20	12	15	
19	35	25	4	9	4	40	40	33	9	31	10	21	5	41	9	42	48	44	30	46	46	25	5	36	5	14	49	15	4	35	24	25	45	13	17	30	7	13	4	11	49	37	36	25	44	4	5	9	20	49	9	13	9	22	21	49	49	20	21	
28	26	28	33	16	14	50	11	37	18	29	34	17	20	30	40	11	37	28	44	10	36	22	14	45	42	41	44	29	14	23	37	23	39	16	1	18	36	50	11	31	24	16	9	20	48	9	31	1	14	5	15	36	31	43	23	30	11	14	31	
47	34	48	6	33	43	5	30	40	13	18	48	23	27	20	30	40	40	46	2	16	44	8	15	39	36	8	5	4	21	19	30	32	6	47	12	15	2	41	30	31	7	9	46	23	15	41	42	22	34	15	24	5	42	20	13	18	12	15	4	
49	27	41	12	46	26	16	10	39	48	38	12	19	3	1	18	13	40	15	12	5	20	10	42	8	20	37	5	16	43	17	17	17	27	50	5	25	42	29	1	37	45	13	35	47	38	38	50	10	18	45	29	7	50	27	7	14	12	13	6	
37	4	21	5	16	23	6	17	34	14	39	20	36	21	3	45	48	18	5	19	5	1	26	44	24	28	31	45	22	8	38	10	32	8	3	32	10	32	1	35	18	4	25	16	23	40	48	46	2	44	2	13	17	19	2	13	49	38	45	39	
40	24	1	1	42	15	23	19	37	49	48	16	16	4	31	22	31	44	10	49	50	16	35	23	42	38	39	47	33	16	39	9	43	1	33	14	23	16	15	28	5	8	48	32	42	40	25	35	20	43	1	5	12	50	12	14	10	20	21	1	
25	10	7	6	43	31	14	36	9	19	28	30	9	4	37	49	11	19	27	37	31	12	4	42	36	14	28	12	25	14	3	2	13	3	26	34	23	6	46	33	13	16	19	3	30	15	37	40	24	15	22	21	11	9	5	25	32	20	32	46	
16	26	10	35	39	41	32	5	18	31	49	1	6	44	47	46	1	1	10	37	37	31	40	17	42	6	44	45	1	50	24	4	29	38	2	43	49	39	41	19	16	32	32	43	25	7	37	4	26	8	49	41	27	8	23	50	11	25	14	47	
27	16	10	15	18	38	11	41	1	10	24	21	42	11	39	3	46	10	4	6	45	24	21	33	18	14	36	16	4	38	24	24	36	47	12	1	36	4	37	3	3	12	25	13	7	40	32	30	13	37	1	27	1	27	28	30	45	19	48	18	
33	13	44	2	1	35	25	1	41	42	33	44	3	9	3	49	9	36	30	48	10	11	11	49	43	37	8	25	5	6	15	37	23	22	22	1	3	5	12	36	8	26	23	32	11	6	40	47	48	37	50	7	1	10	43	39	34	46	3	1	
24	42	9	39	28	30	49	48	20	2	41	29	4	9	49	50	1	14	38	28	48	41	20	45	28	4	25	27	28	7	8	17	2	13	25	1	8	21	15	43	9	48	14	13	9	13	10	32	4	5	32	23	44	1	46	40	27	21	19	16	
13	6	21	37	8	46	27	5	25	11	14	45	21	17	21	41	12	24	35	22	3	36	48	15	2	27	42	13	14	13	7	16	1	15	26	48	15	7	49	42	14	48	12	3	32	28	39	30	34	10	14	36	35	45	46	37	28	5	39	25	
47	41	26	26	50	48	28	30	44	42	27	28	42	30	42	6	37	38	14	32	38	39	33	33	34	36	37	3	31	45	24	45	32	32	31	37	12	9	49	39	28	45	2	50	31	33	7	33	17	33	26	42	14	11	3	9	48	11	41	23	
22	43	20	29	33	32	32	15	35	44	50	14	43	12	16	5	42	5	49	39	36	30	46	43	50	8	34	40	18	6	26	30	47	28	50	46	46	50	9	29	45	21	31	42	11	33	17	10	34	40	28	19	36	49	45	46	11	44	26	38	
29	5	47	32	42	7	12	33	42	12	8	43	44	19	20	15	1	36	17	28	23	28	40	41	20	22	17	18	22	34	47	20	46	41	32	40	10	26	36	39	4	10	48	12	33	50	42	47	4	44	40	43	12	14	34	14	3	47	4	46	
21	22	18	18	27	28	42	43	10	24	5	17	45	16	35	12	37	44	49	13	13	29	23	28	35	36	16	37	26	24	40	31	41	1	12	32	27	31	43	4	15	9	8	15	3	18	41	44	45	45	36	25	24	32	41	33	21	36	38	35	
10	15	7	26	43	36	9	4	9	49	3	42	44	35	37	32	30	6	47	33	5	29	33	22	5	6	5	32	9	34	44	5	37	16	27	45	29	49	39	17	33	40	45	15	7	42	34	28	39	1	48	28	45	22	2	47	28	3	49	20	
1	36	30	34	49	22	8	5	36	16	36	11	6	36	43	42	12	16	48	39	5	37	30	20	6	46	16	19	9	13	23	2	44	26	29	21	3	27	10	50	7	28	19	33	24	27	8	29	12	43	45	20	28	31	45	39	3	27	11	15	
32	17	14	21	27	10	6	33	14	41	13	16	48	23	14	39	33	41	38	9	2	42	45	6	41	38	18	4	33	19	45	2	20	48	32	16	20	19	36	14	44	36	35	24	46	24	11	40	40	1	1	22	9	47	21	14	17	36	7	29	
3	45	47	19	26	8	35	43	37	21	43	49	48	22	45	27	44	35	25	5	11	33	34	11	33	23	35	45	26	9	12	15	29	39	16	50	15	26	40	36	37	16	37	44	11	21	48	27	16	7	37	11	6	7	11	15	40	3	45	33	
35	22	13	6	43	38	19	30	13	34	11	2	40	50	18	17	11	39	40	23	16	28	3	43	17	12	26	30	6	35	38	6	19	34	45	17	18	29	42	42	7	12	3	23	26	5	17	5	23	13	47	33	7	14	25	40	29	2	42	36	
17	31	14	49	14	45	1	41	41	43	27	19	45	2	40	20	41	9	39	7	48	10	4	38	30	49	48	35	21	49	8	12	25	35	12	20	39	14	3	42	26	29	18	24	8	34	48	6	36	8	42	9	30	20	29	4	40	13	16	2	
33	17	29	40	20	45	42	36	34	17	33	41	31	3	27	6	45	50	22	1	29	44	20	38	31	42	28	40	16	41	45	34	38	43	9	27	24	2	14	36	26	14	21	50	45	46	23	8	28	8	30	13	15	13	17	46	2	42	41	47	
36	43	19	4	45	43	24	18	39	16	9	49	28	27	34	8	32	3	6	45	32	50	5	13	31	4	2	28	6	2	31	15	36	32	25	21	32	31	22	22	8	43	15	16	36	16	48	25	34	4	2	8	47	17	39	7	28	25	42	48	
22	38	11	40	15	3	6	6	20	6	17	46	38	25	16	15	7	17	33	50	41	8	37	43	42	27	22	12	16	34	29	47	1	46	35	13	18	16	22	48	5	48	10	29	46	50	21	29	42	4	18	28	2	43	36	37	44	22	49	15	
39	17	37	6	9	7	5	10	17	31	5	48	16	35	8	12	26	24	41	2	3	45	18	6	12	33	3	35	45	2	38	49	28	14	30	46	40	11	29	36	11	22	37	30	40	11	34	14	38	17	40	35	48	11	17	41	25	21	38	40	
48	5	37	31	14	25	22	14	31	39	34	48	45	13	39	41	25	22	1	43	15	13	18	20	47	18	1	47	25	11	12	27	14	13	35	10	38	40	30	30	17	34	1	17	27	43	35	35	2	41	5	28	22	50	11	36	28	19	11	27	
10	10	16	29	19	14	40	19	36	6	45	1	40	2	30	48	5	2	17	42	6	43	16	44	15	45	27	24	1	29	25	11	35	6	48	5	50	19	12	1	21	43	7	13	25	1	41	42	44	25	16	47	23	4	2	36	49	12	41	30	
20	31	37	34	50	2	20	19	38	46	16	6	2	31	10	10	37	5	24	2	33	50	48	11	13	27	22	41	21	18	48	5	15	2	15	38	21	16	1	26	7	7	36	23	15	18	37	19	24	18	2	27	11	44	14	32	19	36	35	2	
24	44	50	11	12	42	10	8	5	2	45	21	13	16	7	36	26	20	38	1	41	11	43	37	37	11	39	20	24	49	23	22	10	50	31	17	34	46	45	17	37	42	42	25	23	17	37	31	28	31	31	32	23	4	9	27	5	48	30	6	
9	22	34	11	47	36	47	15	30	21	48	31	15	36	35	31	44	38	36	5	24	45	27	18	2	14	3	30	35	21	49	48	13	37	21	32	44	27	39	20	25	15	45	37	31	31	24	40	17	37	15	11	17	42	50	4	16	45	46	39	
24	27	28	5	40	46	24	43	6	16	36	5	9	35	4	31	40	24	5	29	41	42	26	9	29	13	32	40	22	28	50	39	33	30	19	33	36	49	3	26	16	31	20	1	15	5	40	18	40	15	17	11	44	25	37	33	20	32	4	3	
31	47	39	17	15	45	42	28	44	13	20	34	2	11	9	11	5	15	27	24	39	11	16	43	14	43	35	8	38	26	3	41	20	48	15	24	36	12	25	38	1	32	6	12	37	46	7	1	38	39	37	50	43	42	44	23	22	2	15	34	
46	32	19	32	42	48	42	45	6	11	42	41	5	38	46	30	21	44	3	2	27	14	1	39	3	34	46	4	11	6	38	32	33	6	10	19	47	37	42	12	31	50	23	18	1	25	48	14	35	41	11	24	22	8	14	22	12	13	23	33	
39	25	35	33	18	4	6	43	9	14	41	24	27	5	22	44	24	7	18	31	16	41	27	20	12	26	44	40	8	1	43	25	43	45	41	24	12	11	22	32	3	39	31	43	22	48	8	16	24	42	18	23	36	48	50	30	15	21	29	23	
28	25	10	43	50	32	43	34	25	12	44	22	44	21	10	5	7	37	4	22	30	40	11	3	40	13	18	35	14	23	8	8	47	19	18	50	20	22	34	30	41	9	40	24	26	50	28	31	33	9	3	41	47	24	32	11	36	20	36	24	
32	18	25	23	25	42	42	7	23	14	7	7	8	19	39	40	22	36	22	6	11	2	1	42	9	19	4	29	27	34	15	26	7	18	44	5	45	45	50	44	40	38	42	13	50	24	1	41	31	34	29	18	15	18	16	34	11	15	30	7	
12	6	2	46	20	23	13	30	21	48	24	50	47	26	7	39	40	38	21	28	35	47	45	12	50	27	15	20	9	33	7	23	49	30	27	26	14	46	35	31	44	3	3	36	14	22	22	50	7	25	37	24	23	33	32	10	26	45	22	22	
On machine	2
6	43	30	14	9	40	44	35	43	30	17	15	33	8	43	39	25	40	26	49	43	49	1	42	28	9	21	7	38	6	29	39	13	31	50	19	23	45	41	32	39	5	17	32	2	15	21	36	21	6	30	35	7	2	4	35	16	45	16	37	
19	26	31	27	6	49	36	42	35	40	28	48	31	46	13	17	28	36	34	12	8	12	14	41	10	48	4	50	27	40	37	9	37	35	25	17	4	16	44	50	2	19	15	8	7	45	39	36	11	5	1	42	21	2	42	46	34	44	34	3	
48	48	28	6	33	32	15	27	19	46	50	45	5	23	2	41	49	28	12	24	22	17	38	9	21	32	2	35	30	48	8	37	42	14	16	3	43	9	37	20	46	4	49	31	6	12	38	20	3	33	4	27	16	32	4	19	13	43	47	31	
34	3	48	3	2	5	32	45	20	29	35	13	38	25	41	19	11	24	46	4	26	18	39	26	33	46	24	33	13	39	39	18	9	48	7	6	33	15	44	6	5	37	49	49	9	17	28	12	3	33	16	32	36	35	28	16	22	1	44	41	
37	25	38	33	42	37	13	45	15	43	40	31	20	7	30	43	2	29	31	2	29	27	42	12	12	7	18	44	46	7	46	5	41	40	41	9	19	42	44	41	24	31	46	21	50	31	27	37	22	22	26	24	14	8	21	43	27	2	29	17	
23	20	33	42	43	15	17	31	21	32	49	41	19	10	35	5	22	34	28	10	3	39	22	18	7	14	21	18	2	3	29	17	10	14	25	45	39	5	40	44	3	26	30	47	45	34	6	32	8	19	21	17	4	3	19	34	6	29	28	34	
15	31	41	29	12	46	49	16	41	8	14	36	19	10	7	2	16	49	27	43	29	28	1	21	32	10	33	25	3	38	31	14	26	16	11	33	41	2	49	44	47	25	35	30	31	17	7	24	39	27	18	21	43	46	30	7	19	47	3	39	
17	23	8	3	7	40	33	14	14	35	5	43	41	20	33	26	18	45	24	38	11	24	33	5	11	27	42	36	30	22	19	30	45	15	19	40	34	1	43	32	25	16	4	2	50	22	24	15	47	42	5	42	12	12	49	8	50	39	38	41	
2	5	23	42	47	13	17	33	5	45	6	36	35	27	32	19	9	47	14	13	35	38	50	43	1	47	48	36	26	50	26	45	37	50	30	8	28	13	18	17	39	35	31	35	29	22	29	11	1	20	7	7	23	13	31	20	44	12	42	12	
10	42	46	33	15	27	24	38	35	11	45	3	3	47	42	27	37	16	7	39	38	38	49	26	33	29	5	11	40	29	2	9	9	15	45	9	45	4	23	33	28	50	24	38	22	41	37	17	20	20	45	22	38	7	34	23	13	12	32	27	
28	14	31	34	35	2	37	36	12	33	50	47	48	24	49	45	36	43	12	15	45	20	42	1	38	6	28	43	10	7	7	36	12	17	41	36	16	11	39	35	13	46	47	45	42	8	3	23	45	45	18	12	46	9	4	8	15	39	1	2	
27	20	32	31	39	4	24	6	22	25	25	49	6	42	11	48	6	12	18	25	28	1	47	16	33	17	1	16	25	49	26	9	48	42	9	28	36	39	14	41	1	23	19	15	13	1	8	1	44	7	2	12	8	3	3	28	43	20	29	5	
35	6	42	28	20	14	43	2	5	2	43	30	49	45	30	6	32	4	38	41	27	1	8	39	2	37	17	41	27	44	29	30	24	31	14	18	14	6	28	32	13	39	15	36	4	35	24	7	5	48	24	12	14	30	18	48	7	41	16	4	
46	1	38	19	50	29	22	41	32	42	26	41	35	12	24	43	14	19	16	8	20	7	8	11	32	16	10	4	13	2	4	40	21	45	7	23	50	1	2	16	39	39	34	24	11	50	44	46	43	19	46	4	13	43	33	30	45	28	1	34	
38	2	33	29	4	34	5	19	1	14	41	8	38	50	6	35	38	41	41	28	47	26	18	19	6	17	15	20	6	50	10	1	15	10	28	8	5	40	43	25	45	22	13	49	35	27	46	33	14	47	29	14	42	27	43	30	25	17	36	17	
34	33	13	12	35	25	47	23	33	36	50	46	21	20	30	50	27	19	11	3	26	6	31	3	42	26	35	9	3	18	19	36	1	28	50	10	32	46	22	43	21	38	37	48	8	41	5	9	39	26	14	2	41	26	34	33	20	28	26	30	
3	28	38	12	38	47	36	36	9	2	1	26	1	20	25	18	32	15	38	37	5	12	35	12	23	45	34	35	31	49	1	43	14	32	19	8	3	41	3	32	37	41	37	41	46	30	16	38	47	7	16	44	43	41	8	41	11	17	7	13	
18	9	34	41	36	36	7	39	3	39	37	49	24	42	37	45	43	20	2	41	36	9	31	5	30	41	39	17	23	13	20	26	41	6	49	22	1	8	5	35	33	36	42	45	34	46	9	2	38	38	10	40	26	33	41	15	35	8	16	44	
42	17	9	12	4	39	9	24	48	18	32	7	5	41	11	4	46	17	31	33	8	50	20	2	6	40	41	25	41	20	16	1	37	29	30	12	38	40	12	29	32	16	42	16	25	34	40	15	47	28	37	36	22	19	48	2	41	36	49	32	
26	2	18	40	50	1	23	41	34	4	9	38	16	19	29	39	8	38	7	11	22	37	26	46	30	9	31	6	43	46	34	18	44	12	8	36	8	15	33	24	32	11	40	31	24	7	23	17	16	13	50	26	14	36	6	9	40	48	9	3	
2	10	34	8	49	25	36	21	22	1	9	10	31	24	27	42	45	29	38	25	3	47	5	6	31	11	15	24	9	46	39	39	19	17	25	19	15	48	27	21	28	23	19	1	22	17	49	29	8	50	44	20	7	14	49	22	41	19	50	50	
18	31	21	3	39	5	34	38	18	17	23	31	8	43	1	10	13	18	20	9	43	12	27	7	21	2	5	32	23	12	40	20	30	27	33	7	36	10	29	47	26	22	34	26	24	8	45	42	3	34	8	6	19	45	13	23	2	31	24	3	
50	43	37	41	50	8	14	18	13	16	26	16	17	50	27	50	29	10	10	36	37	4	30	33	2	41	32	26	2	21	20	28	42	49	9	9	10	48	34	47	49	45	47	41	49	16	21	37	23	24	45	12	37	38	13	12	36	12	12	13	
3	6	15	18	30	44	33	45	8	35	35	28	20	28	15	38	26	42	21	18	16	27	50	46	24	39	15	38	12	47	41	5	11	21	48	32	21	12	1	43	33	44	44	32	45	31	25	36	26	43	1	25	33	41	27	18	7	43	34	14	
30	2	19	1	28	48	29	47	19	35	43	24	2	39	45	41	4	35	9	49	43	3	5	31	7	40	34	18	44	22	18	15	16	3	5	20	22	18	4	2	7	43	41	48	31	27	36	30	10	4	15	20	30	16	15	21	50	47	30	41	
5	26	37	28	46	2	8	5	17	48	22	23	26	1	14	28	9	25	22	25	12	19	14	43	18	34	13	34	34	29	11	43	19	23	46	8	3	3	28	9	15	17	35	45	46	50	3	9	39	15	28	47	46	24	46	12	33	15	7	31	
14	44	7	33	29	13	20	22	36	44	45	24	34	50	48	42	20	22	32	21	19	15	14	39	5	11	39	16	14	7	1	35	36	41	25	47	38	46	23	24	15	43	30	49	34	47	23	31	5	26	31	1	42	40	26	20	44	11	36	48	
10	36	5	23	4	4	32	45	26	50	19	13	15	48	5	6	17	47	50	20	41	2	32	13	43	20	50	31	11	10	7	14	15	29	17	31	26	1	40	9	21	25	25	6	11	13	30	13	37	43	48	5	28	42	18	44	38	16	36	4	
4	3	34	16	50	10	36	32	13	48	9	45	43	50	15	50	15	50	35	19	3	45	49	22	45	4	13	38	37	42	40	12	11	28	8	29	17	2	15	29	10	41	5	18	23	33	27	28	14	42	33	41	6	42	42	36	47	26	7	28	
45	9	24	3	14	8	20	35	27	32	9	11	33	28	10	17	41	4	42	17	38	17	27	45	11	6	19	13	37	30	45	25	45	25	32	47	13	47	17	41	37	34	30	43	2	5	46	37	49	3	22	16	14	23	39	7	32	9	4	32	
43	19	22	42	48	34	48	5	30	15	44	10	31	32	3	12	9	17	39	30	16	42	1	33	31	2	11	30	41	5	14	40	40	45	10	20	43	9	6	46	49	48	40	29	6	29	46	31	41	40	31	41	2	8	48	13	21	16	37	38	
9	13	47	31	47	43	25	7	14	24	11	47	18	30	24	9	19	24	27	4	14	34	20	3	16	6	6	44	45	40	48	44	49	17	41	35	44	32	42	22	21	16	38	7	47	12	3	3	22	23	18	40	8	39	6	23	23	12	50	8	
8	47	29	38	2	36	20	41	22	26	23	11	41	25	33	34	18	25	38	20	29	39	8	5	28	15	8	50	37	45	9	20	12	47	17	34	18	35	25	14	1	41	46	43	7	20	10	26	49	1	27	44	49	40	28	44	41	16	31	26	
31	39	18	11	33	27	1	17	49	30	35	20	48	23	27	44	15	21	36	20	15	39	38	30	37	22	9	3	43	16	39	10	24	32	44	45	30	27	28	50	3	1	36	5	37	38	19	15	24	12	49	48	39	33	5	11	22	17	14	5	
22	34	40	24	31	40	44	30	38	17	25	49	16	28	10	4	25	29	11	13	3	27	23	43	16	29	21	40	15	3	2	31	17	5	19	31	8	47	9	17	18	15	25	40	4	41	15	43	23	24	29	2	16	32	36	36	24	21	43	16	
4	8	27	35	40	1	44	47	27	19	19	26	47	41	33	22	29	16	8	3	47	49	19	21	22	26	33	8	19	33	19	22	3	28	1	26	47	39	39	49	19	18	22	4	41	13	5	37	9	47	34	9	16	14	47	32	8	4	47	2	
18	28	49	37	43	38	36	24	8	35	26	2	25	11	20	37	16	12	49	30	14	43	9	22	47	9	44	6	38	14	50	2	32	10	17	28	43	28	15	6	22	3	18	31	35	40	32	5	31	22	28	24	19	28	17	15	19	40	36	21	
24	1	32	29	33	2	30	4	3	41	10	4	32	27	46	17	30	18	19	8	21	38	24	30	17	44	46	34	22	15	29	26	19	25	33	30	40	11	46	31	22	16	7	41	38	35	28	30	19	22	23	22	4	43	39	33	39	11	19	30	
6	4	34	48	9	14	50	42	48	25	43	46	19	25	49	16	26	26	20	33	10	45	26	30	37	47	12	29	15	35	16	29	36	11	48	2	50	24	32	27	32	12	36	14	48	22	49	1	22	40	44	13	20	44	28	37	43	30	33	31	
1	36	31	15	17	21	23	27	18	15	31	5	42	10	44	38	4	44	41	22	29	40	9	45	8	43	32	42	20	48	48	33	34	2	33	13	1	4	45	23	30	44	3	34	42	19	5	31	28	42	23	34	15	19	32	13	14	49	30	35	
31	49	4	48	11	31	7	20	5	41	5	7	12	47	22	48	7	6	9	44	6	2	18	15	22	1	13	43	41	15	14	25	47	36	20	18	38	44	45	9	18	1	45	9	25	31	34	20	42	18	2	20	19	39	2	48	43	44	36	33	
16	15	29	15	18	37	48	2	2	5	21	43	44	31	31	32	18	49	2	49	10	25	28	9	26	5	19	6	42	4	27	23	15	16	26	16	41	37	46	23	36	46	35	8	48	12	9	18	21	19	27	7	35	20	7	18	27	44	17	24	
2	3	9	8	22	36	41	11	2	26	42	43	46	49	15	48	7	40	34	34	9	26	31	39	42	49	41	10	24	40	11	5	24	44	14	26	2	29	46	42	24	43	47	9	5	42	31	14	23	10	29	21	17	5	22	15	9	10	20	26	
10	37	8	32	32	15	40	4	12	9	34	24	34	22	31	49	28	39	23	34	31	33	50	45	11	21	7	31	32	27	22	27	20	29	46	24	3	33	22	28	23	8	33	11	24	50	26	46	7	50	17	37	24	3	13	24	48	39	4	35	
33	12	9	16	39	28	21	26	12	34	50	8	48	9	7	18	29	9	9	8	33	18	7	14	6	45	14	25	17	23	9	19	11	40	12	20	43	29	11	6	46	17	47	8	31	24	10	15	13	50	4	28	3	19	23	14	13	1	22	32	
30	20	11	50	44	49	2	41	38	2	15	41	35	48	26	2	10	32	27	13	37	3	22	31	13	10	2	22	38	25	25	40	34	24	16	18	38	32	1	2	26	24	39	11	5	41	20	5	50	12	35	13	34	19	47	44	4	33	47	36	
22	9	31	50	31	29	15	18	46	44	1	3	33	18	35	44	43	45	43	38	12	22	10	24	6	8	47	4	40	27	50	5	50	8	35	37	40	11	6	21	11	21	13	17	33	22	48	1	48	36	35	14	16	6	18	13	44	36	27	36	
2	28	21	25	32	22	32	50	18	14	19	23	9	1	3	24	28	42	7	23	13	9	22	35	31	22	25	20	37	9	47	7	31	27	23	27	28	6	44	30	25	28	41	28	41	20	39	43	30	45	26	20	10	10	11	28	18	46	50	8	
17	25	14	27	27	22	8	5	24	45	37	38	8	25	44	24	20	44	8	39	13	34	41	46	21	48	33	44	33	47	1	16	13	40	48	9	21	50	28	4	32	5	36	32	31	46	4	15	38	10	2	44	14	29	41	44	26	45	23	40	
26	49	22	5	12	30	45	26	21	29	6	49	10	4	35	37	17	11	28	22	16	13	15	19	30	11	32	48	45	29	17	33	28	3	42	12	48	20	28	39	48	42	4	2	14	4	48	41	35	39	19	29	1	3	10	30	36	30	28	1	
30	36	2	43	12	17	42	14	2	48	21	5	15	19	48	48	40	23	23	34	31	3	26	7	1	29	23	16	34	18	7	50	27	8	10	19	15	6	28	10	45	18	18	15	30	26	39	15	48	20	45	35	46	33	35	16	38	17	37	45	
25	3	4	50	8	46	31	29	16	22	20	7	45	18	14	6	50	7	13	6	10	10	39	19	49	49	38	14	27	49	12	2	15	17	24	18	9	4	18	36	39	32	28	24	48	34	27	36	38	28	41	11	6	19	45	32	4	32	47	6	
13	15	24	18	30	2	7	21	27	2	21	24	6	32	29	31	15	18	9	20	38	47	1	47	16	40	45	12	38	31	6	49	17	11	18	12	16	22	47	6	3	21	14	20	30	7	6	7	29	38	49	33	39	8	17	21	45	33	1	42	
20	44	16	29	21	27	26	45	34	34	6	7	40	15	37	39	38	33	28	7	21	42	8	38	40	38	24	12	42	38	16	22	32	16	49	48	21	6	3	35	40	14	17	17	2	15	35	38	35	27	32	8	33	31	48	39	3	43	38	25	
36	29	30	13	1	43	41	29	7	18	19	21	16	2	33	19	13	2	7	16	17	13	44	45	3	1	33	50	16	47	15	5	49	28	13	50	31	35	4	36	14	39	18	37	11	38	29	36	30	38	3	43	14	37	22	43	45	31	33	39	
48	6	28	24	49	23	30	10	7	2	49	20	34	3	27	23	12	44	26	49	50	4	29	32	48	5	30	3	3	20	20	48	28	8	38	19	1	19	10	22	20	36	26	30	27	31	28	8	37	24	41	47	50	10	25	1	33	13	6	31	
13	9	16	28	13	23	10	28	10	16	5	11	46	29	3	15	46	10	23	13	49	32	37	9	18	19	18	28	17	31	17	24	45	9	37	5	20	39	41	25	14	1	33	40	16	19	1	36	1	41	16	33	7	37	17	5	20	3	3	30	
21	1	20	4	5	14	43	26	47	23	20	7	8	41	21	32	10	12	47	8	21	23	30	37	29	22	50	10	2	40	34	16	30	44	42	32	3	31	22	30	36	7	22	47	17	16	43	13	35	15	35	8	39	6	46	33	45	5	48	42	
50	20	45	16	7	46	31	46	2	15	42	12	38	44	36	40	45	12	47	2	26	28	45	32	39	39	24	21	48	1	19	44	18	49	44	20	42	11	17	4	35	8	44	27	36	47	11	7	25	23	15	10	46	23	46	35	12	34	34	11	
41	8	28	14	18	31	22	9	38	7	37	40	39	15	5	36	22	30	45	42	48	13	34	36	35	32	10	29	29	37	11	30	23	24	43	42	38	22	43	35	39	20	30	13	16	4	7	24	33	25	40	12	2	45	41	39	13	41	9	2	
On machine	3
5	28	13	36	35	43	18	22	48	41	5	43	42	14	39	37	28	31	30	33	34	42	20	10	36	13	14	30	45	14	37	47	34	17	32	7	17	45	10	27	11	24	11	1	46	39	8	34	2	28	45	44	35	9	8	19	10	41	15	2	
6	1	41	33	38	30	15	47	17	25	29	35	2	37	33	5	17	27	37	20	23	48	10	15	27	37	33	44	49	41	8	33	17	49	38	16	18	9	10	31	46	39	39	46	40	48	12	32	30	7	10	12	38	7	31	27	6	34	45	16	
50	19	12	8	8	20	48	46	33	45	39	11	43	14	21	3	5	5	43	9	41	23	47	39	37	36	6	50	3	7	26	24	43	33	33	40	8	25	27	30	8	10	3	12	42	41	12	8	41	40	9	34	15	22	26	2	10	49	16	48	
5	48	48	29	33	3	25	44	20	10	17	16	43	45	15	16	4	8	2	32	17	33	10	43	13	15	21	28	37	45	14	37	30	46	37	32	23	19	37	31	10	18	31	21	34	3	36	30	4	39	17	8	50	30	50	17	5	42	31	49	
29	50	4	14	9	5	50	29	41	1	46	32	6	8	34	10	21	36	30	49	40	4	19	6	33	25	37	8	10	47	39	37	39	28	28	43	15	12	4	17	11	36	6	20	49	18	30	34	24	16	47	46	45	23	24	22	2	29	14	25	
21	35	17	25	2	38	48	48	30	37	15	23	37	6	19	10	4	7	23	2	5	42	45	14	8	31	15	27	43	34	12	37	30	11	37	33	43	19	27	31	38	31	3	10	31	30	42	23	17	47	21	13	5	47	12	38	49	13	31	29	
50	34	48	1	2	1	42	40	20	1	1	11	29	12	23	17	19	7	19	19	29	42	35	10	31	33	9	45	47	3	32	31	43	49	8	16	1	6	46	33	49	5	22	3	40	13	37	41	21	4	46	1	23	47	47	41	26	47	20	19	
13	32	10	22	42	5	15	38	18	46	49	3	40	37	46	24	17	14	7	19	1	14	39	46	32	46	25	41	2	35	9	33	31	32	14	3	43	22	47	12	4	23	18	3	3	19	5	5	4	31	48	43	37	3	1	19	26	41	40	11	
46	9	46	33	1	35	28	11	32	22	30	42	23	21	45	22	5	39	26	30	4	44	14	50	14	50	3	13	45	48	16	16	6	1	6	43	50	33	40	45	49	8	49	9	34	24	36	43	25	47	42	39	16	47	8	31	1	14	7	41	
35	19	44	19	45	1	46	8	47	8	5	40	5	32	22	11	24	12	4	40	21	31	22	17	34	35	40	35	39	41	41	26	38	17	8	5	30	37	50	15	43	3	35	43	9	44	5	25	39	20	15	6	29	41	40	20	46	35	6	50	
34	4	35	48	8	6	6	13	33	35	46	40	48	8	41	38	28	28	6	2	23	8	2	14	47	43	40	11	35	5	19	12	39	11	42	8	26	31	25	44	11	2	40	1	2	2	27	18	12	16	2	13	48	39	23	23	32	2	31	13	
30	22	49	37	10	36	34	3	37	22	5	21	40	26	35	7	37	6	25	48	3	6	42	25	10	8	32	36	6	50	31	19	2	6	47	21	44	1	35	14	28	24	3	8	35	14	43	6	31	28	42	19	4	12	12	8	39	25	26	28	
33	16	24	18	4	49	25	35	20	45	38	18	49	11	1	24	27	21	38	3	10	8	38	30	48	46	14	39	7	18	1	14	6	13	49	34	12	21	41	37	36	20	26	30	26	11	13	32	40	33	39	31	24	46	9	34	44	37	24	40	
10	7	24	4	48	17	32	34	18	42	42	44	15	47	15	25	16	12	42	17	41	2	12	25	1	32	18	28	30	27	33	39	14	38	33	9	39	24	15	26	41	32	46	49	27	9	9	48	4	25	26	4	45	47	28	30	17	35	3	13	
8	9	8	31	9	46	34	19	10	25	31	9	28	44	39	13	21	24	49	4	35	50	25	44	10	49	44	15	7	2	16	2	38	10	13	15	41	38	4	28	14	27	13	39	4	10	29	45	18	26	45	5	13	12	30	46	5	44	9	23	
20	5	2	45	6	34	4	17	44	2	5	39	1	6	49	11	35	47	23	22	8	11	9	20	44	14	42	38	11	27	31	4	29	41	19	15	34	23	3	27	7	23	39	13	17	33	47	30	39	4	34	33	38	45	9	42	22	6	12	11	
38	14	12	15	20	8	32	29	16	32	1	44	33	19	21	48	37	14	17	22	26	27	14	4	17	7	28	2	37	10	41	10	24	33	8	37	28	18	27	8	8	14	30	20	17	26	45	4	12	35	38	5	12	48	47	20	15	24	25	27	
27	22	8	38	50	14	23	7	43	37	22	35	12	23	20	50	35	44	33	30	37	34	44	6	1	9	39	5	34	10	24	14	40	46	20	6	27	49	3	40	21	23	42	12	9	44	24	2	7	20	32	30	37	43	21	23	17	42	13	45	
33	6	5	2	16	43	6	47	28	14	6	21	28	39	47	50	6	11	50	36	16	20	24	17	30	32	42	47	48	4	16	9	2	38	32	5	43	28	37	38	33	37	3	27	23	27	50	17	40	24	35	33	1	5	8	29	48	34	49	25	
12	39	30	14	39	30	6	22	36	15	29	42	23	41	43	41	14	28	35	24	23	17	10	2	36	39	8	44	34	13	39	10	18	19	5	46	24	40	19	2	24	33	24	2	19	30	34	24	49	1	4	19	49	18	8	23	36	19	30	46	
7	34	10	33	43	20	13	17	12	6	7	42	42	40	46	30	7	45	32	40	43	16	30	27	23	43	43	50	44	17	37	27	47	10	30	45	16	14	11	46	23	50	1	21	6	30	8	29	16	25	2	28	49	33	21	13	26	20	5	46	
16	13	41	4	35	3	4	7	37	5	27	11	34	25	14	34	12	47	12	46	50	4	24	19	19	18	25	46	1	30	34	49	3	30	43	16	38	9	42	18	42	47	7	27	38	33	32	8	33	13	38	14	32	36	16	50	18	45	21	39	
2	45	9	32	30	23	15	28	24	36	37	20	38	26	36	34	36	27	39	36	34	18	12	28	7	5	15	32	35	13	31	14	47	11	25	14	7	36	29	46	4	44	5	44	34	28	15	34	8	40	10	43	30	21	40	37	49	11	31	19	
40	7	23	12	30	18	31	38	49	38	10	45	33	42	28	13	7	35	20	13	30	4	39	39	41	38	19	48	28	3	40	18	29	47	40	35	7	26	17	17	21	17	8	48	27	2	11	6	43	16	9	33	22	3	22	9	21	42	28	27	
43	47	23	45	29	28	10	25	44	3	20	6	11	25	37	14	34	47	28	26	22	33	11	17	48	15	25	30	16	20	20	27	37	39	30	25	9	50	14	11	22	27	18	38	5	32	33	42	9	33	41	18	38	2	44	6	36	38	1	17	
50	20	15	45	29	9	48	8	2	9	4	2	30	31	5	49	2	4	17	8	20	29	27	1	27	3	26	22	21	1	39	13	9	12	19	18	36	35	1	29	33	19	14	43	37	18	48	32	43	25	34	43	47	39	4	33	5	48	11	2	
22	46	15	49	43	45	45	23	50	11	47	1	22	40	3	41	23	42	15	8	47	11	10	3	48	48	42	29	33	14	42	48	30	35	7	30	40	14	5	27	45	29	17	29	37	1	15	36	29	38	30	32	28	42	29	1	42	40	30	13	
32	10	33	34	1	10	31	18	22	21	47	23	2	33	11	38	37	10	29	16	40	4	33	41	30	48	42	41	9	14	43	33	1	30	44	22	19	11	22	18	6	25	12	40	18	29	12	14	13	42	45	41	38	22	19	6	25	10	3	50	
26	2	29	26	2	33	13	50	47	12	2	5	33	40	36	6	48	8	12	46	47	22	17	8	15	8	19	26	10	20	20	31	46	3	34	21	42	39	44	31	24	35	27	32	26	26	12	14	8	6	1	18	2	22	48	25	42	26	19	39	
45	24	4	42	33	29	14	4	19	40	28	33	33	18	26	40	49	43	22	36	46	15	42	37	1	14	34	40	2	3	7	40	20	46	19	13	30	26	19	17	16	6	24	14	5	15	46	44	32	15	12	34	36	17	17	31	44	20	35	43	
35	19	5	47	2	28	33	39	10	20	43	29	36	25	47	30	14	29	21	19	14	2	35	43	28	18	10	40	12	26	50	11	50	33	40	24	35	27	31	48	21	25	48	30	17	49	15	48	44	26	23	10	44	42	29	6	22	50	25	38	
28	1	31	46	28	38	11	34	26	32	4	13	26	13	49	35	38	31	46	5	44	9	7	40	35	42	4	7	40	33	3	48	28	28	16	43	30	26	18	22	24	17	46	11	28	12	27	14	23	3	15	20	39	11	1	3	27	6	19	17	
2	14	39	10	11	43	14	20	10	5	45	17	45	17	37	45	27	9	39	19	27	32	14	24	47	28	17	18	4	19	8	4	42	7	47	6	50	43	18	50	40	45	36	26	28	36	43	8	6	12	7	48	47	35	21	3	19	26	23	28	
32	20	37	21	15	10	43	31	49	26	28	50	45	22	46	13	8	24	48	19	16	9	26	13	7	22	39	1	46	34	2	32	15	41	43	16	46	37	48	29	24	8	26	41	34	21	7	30	16	35	43	33	13	4	42	35	30	11	16	37	
16	30	13	21	9	18	1	24	14	32	20	23	50	15	34	38	42	43	17	7	42	33	35	35	23	49	39	19	13	27	11	3	27	25	12	28	44	15	21	38	13	37	15	42	16	27	24	10	47	44	29	27	24	18	38	11	41	12	2	34	
34	49	14	46	42	13	15	24	10	14	17	45	33	32	16	39	21	39	6	20	42	7	15	1	45	4	16	10	16	45	21	2	48	37	37	43	32	19	18	23	45	30	39	18	7	23	21	9	41	25	46	36	46	32	16	42	44	38	5	17	
30	48	6	20	38	34	45	3	48	35	22	42	50	25	5	39	30	18	16	18	50	44	25	17	39	17	27	45	45	32	8	11	26	2	19	27	14	30	6	1	49	33	33	12	32	11	7	49	22	24	6	7	32	5	46	12	15	44	13	4	
13	47	34	43	23	5	41	50	16	15	24	31	45	19	9	30	48	32	3	28	22	29	1	9	45	28	32	46	11	44	42	41	23	12	27	4	38	21	25	26	47	29	24	28	34	48	45	7	28	14	24	45	5	23	45	13	17	37	9	48	
8	43	18	1	49	50	17	29	27	44	43	49	16	44	15	2	47	24	36	42	36	33	15	32	29	22	37	17	14	2	39	41	16	22	49	40	42	20	6	8	32	2	19	34	50	46	13	20	9	16	36	8	9	29	49	4	49	48	44	25	
48	43	37	38	24	41	46	31	45	30	45	4	17	39	15	5	32	21	2	40	20	41	29	2	16	10	12	38	42	17	38	13	11	31	38	24	15	9	36	43	14	3	28	37	26	15	12	14	8	5	16	25	45	1	40	27	18	48	47	20	
50	15	11	35	22	47	31	10	33	34	40	33	36	8	45	38	49	3	28	12	4	49	47	18	43	28	13	15	21	30	14	37	44	23	38	50	28	43	24	30	1	40	8	18	4	3	11	11	19	10	33	49	41	33	36	45	16	20	44	47	
12	26	13	37	21	39	3	24	22	18	27	41	4	49	49	35	42	21	39	12	49	44	16	27	14	8	30	9	31	27	49	18	2	23	43	29	39	27	20	48	38	4	6	26	34	35	37	17	4	32	3	27	10	8	6	6	17	39	29	6	
45	7	31	11	1	22	42	5	38	16	27	18	26	29	45	8	2	35	20	32	21	20	5	31	6	40	1	39	21	2	19	3	30	10	29	19	10	22	2	20	15	19	31	26	13	25	14	50	41	17	29	41	48	1	22	4	15	26	15	34	
7	13	4	26	19	13	1	19	43	40	15	19	15	45	7	13	4	35	19	6	13	1	32	29	8	9	16	20	30	18	17	40	19	49	9	6	39	6	11	38	26	42	12	33	9	5	3	38	46	3	4	3	13	4	21	23	48	7	35	43	
34	17	17	31	46	33	29	18	46	17	7	2	30	41	8	23	48	39	1	23	18	22	33	43	7	26	18	6	10	23	13	6	12	5	37	20	37	45	48	9	38	36	6	48	37	33	43	37	8	7	3	36	8	2	6	3	12	34	18	17	
48	6	23	8	34	47	41	30	4	8	32	48	28	5	48	5	39	45	21	32	29	14	48	22	16	32	9	33	17	9	38	37	47	1	22	30	24	10	12	22	17	46	37	17	23	10	39	22	8	7	18	36	48	32	30	43	23	34	14	38	
12	45	10	22	48	14	38	33	46	20	33	31	31	47	50	49	42	25	8	8	43	28	13	6	24	48	41	40	48	16	14	17	12	41	40	49	23	41	35	1	26	8	10	34	39	49	37	20	43	19	2	46	7	32	5	4	49	1	32	10	
13	46	36	41	25	39	36	22	7	6	31	4	36	3	37	33	16	8	24	49	7	28	23	43	4	12	47	11	26	26	19	6	13	14	32	7	42	20	39	19	27	33	43	9	42	30	38	15	28	41	30	42	47	3	7	44	18	40	10	24	
16	38	23	41	20	3	18	17	12	6	48	21	41	29	49	20	4	48	14	16	26	34	41	14	45	47	27	40	11	5	3	9	45	25	37	16	23	15	49	14	27	6	13	23	47	30	5	14	46	49	30	6	31	4	14	6	12	22	43	39	
42	45	21	5	17	16	6	6	17	15	19	16	30	31	4	36	10	8	10	30	18	24	24	16	49	49	26	28	48	14	21	46	25	13	27	44	47	11	24	29	28	21	36	49	18	16	43	35	37	48	11	25	46	45	22	47	41	22	22	17	
36	17	7	18	44	13	40	15	9	39	25	42	27	48	34	8	39	34	7	34	13	20	30	18	24	50	16	46	35	33	34	35	34	45	38	8	38	45	46	30	25	48	33	26	27	8	10	4	34	23	10	17	19	9	21	50	17	25	35	30	
18	14	32	33	1	11	37	21	10	9	39	42	9	31	34	18	23	13	3	12	2	20	32	50	13	48	27	2	24	26	31	41	5	8	38	3	14	9	46	22	40	5	8	30	40	35	6	15	19	44	5	41	7	11	26	12	47	17	26	14	
33	35	22	28	6	12	28	10	37	31	45	18	38	16	21	9	23	48	29	38	13	43	8	15	42	44	14	18	4	31	50	31	14	4	49	32	43	18	46	45	23	3	48	5	41	36	42	6	6	17	34	28	34	1	26	20	7	5	5	45	
9	22	17	42	17	33	36	50	33	1	40	21	41	49	24	18	15	30	42	35	19	46	24	4	35	30	40	50	21	24	27	6	1	1	48	40	33	21	30	35	4	5	11	9	36	27	11	34	18	26	27	37	18	9	7	41	36	3	6	18	
21	1	28	27	28	44	2	44	46	30	29	50	44	16	48	38	46	25	49	22	6	3	38	42	35	29	21	39	48	8	44	3	13	48	25	48	32	49	23	27	40	9	19	32	39	10	25	27	5	15	33	25	44	1	41	38	20	10	31	1	
10	19	31	48	46	29	40	32	23	20	41	42	42	37	5	6	34	41	2	4	12	17	12	6	29	14	48	50	27	22	35	44	24	38	28	44	30	38	46	49	45	37	8	29	23	6	11	7	2	27	10	16	6	50	18	6	13	50	46	19	
40	33	33	19	19	3	3	1	4	18	39	22	48	4	25	15	47	46	16	41	11	40	15	22	23	32	39	22	32	32	7	32	43	13	30	5	20	17	38	41	15	29	31	6	19	11	18	24	29	14	18	7	9	48	5	3	10	46	50	25	
32	30	39	10	10	27	18	5	29	30	40	39	43	47	39	22	27	13	45	20	19	1	17	46	22	2	35	34	8	45	41	11	20	17	21	7	9	25	23	10	43	9	33	47	11	10	17	37	33	48	3	18	40	31	50	1	1	50	17	40	
5	23	12	15	12	48	17	7	22	4	26	22	36	2	45	22	18	26	2	24	29	18	42	31	33	45	9	43	10	7	45	44	32	48	11	28	40	39	27	47	24	30	45	14	49	26	8	15	28	33	40	12	2	25	47	9	8	47	38	17	
25	6	2	24	32	29	23	19	27	28	40	23	38	14	49	33	43	9	21	45	30	3	43	23	44	21	41	24	46	39	14	42	35	9	24	45	9	32	5	45	10	45	11	40	45	2	30	50	28	15	39	11	25	21	42	50	18	4	1	45	
On machine	4
30	43	23	26	20	10	50	2	28	30	33	37	35	42	20	39	5	20	28	46	27	23	34	34	11	7	41	28	25	8	37	42	33	43	17	16	9	40	4	8	2	37	35	50	47	50	29	5	24	29	24	40	4	41	36	7	29	43	28	48	
15	13	29	12	7	39	35	22	5	23	50	38	1	26	27	32	46	32	40	49	1	3	18	43	22	12	39	18	31	31	11	47	11	50	17	41	50	16	2	24	42	50	33	39	41	5	26	34	35	36	19	33	15	17	30	5	50	14	26	38	
16	35	35	28	3	29	1	27	21	4	34	41	49	33	41	16	3	16	22	17	37	39	24	32	20	11	45	1	43	18	19	22	9	39	31	40	40	13	25	34	23	2	27	38	47	9	26	46	26	13	39	16	24	1	33	43	21	6	42	29	
7	32	22	7	14	3	17	39	31	47	15	38	38	7	1	14	21	2	29	50	43	35	20	40	13	18	6	3	9	40	15	46	36	28	27	24	28	25	49	2	48	37	17	8	9	11	42	50	33	32	30	36	2	34	30	4	49	46	43	6	
12	35	46	34	48	42	14	30	13	34	17	15	26	11	19	31	41	30	26	8	7	37	5	21	25	13	21	47	36	27	12	22	29	39	37	10	3	46	32	36	42	4	12	23	42	8	6	6	50	38	33	33	44	38	9	30	18	41	11	50	
27	17	20	27	43	42	24	5	45	41	48	11	10	46	1	10	18	49	17	5	13	11	10	22	9	17	41	10	23	18	9	36	31	23	22	37	26	7	16	21	41	29	35	50	49	19	16	32	25	26	29	5	37	24	6	13	9	27	11	2	
18	28	7	31	24	31	16	43	33	18	40	31	22	7	33	3	30	45	45	5	39	6	22	27	4	1	42	4	46	49	43	33	25	17	3	4	5	12	32	26	45	38	10	21	15	11	22	29	4	16	42	4	3	29	30	46	42	14	44	46	
20	33	18	24	38	1	11	48	40	19	3	26	36	17	10	46	20	38	14	41	15	19	2	39	16	27	36	13	44	50	3	36	23	24	34	37	19	26	36	30	18	2	37	2	12	50	44	40	21	18	28	14	40	7	21	30	12	18	16	38	
43	33	19	24	7	39	11	39	38	36	15	9	10	47	20	28	22	31	17	40	29	31	17	45	10	2	29	43	48	38	10	32	2	47	4	2	40	39	5	4	45	10	26	14	46	1	50	46	9	38	6	7	11	4	5	36	25	39	47	7	
9	15	29	21	46	44	15	21	14	31	21	50	50	8	13	34	1	29	20	40	46	48	25	12	38	15	20	48	23	2	47	18	11	18	40	16	43	41	6	35	17	47	42	32	42	20	8	33	14	13	33	3	32	1	22	50	33	5	40	35	
43	23	2	24	14	5	45	5	25	38	5	27	49	26	15	49	4	24	30	14	47	32	23	31	27	6	1	37	4	18	32	4	32	36	26	17	38	9	46	49	17	33	38	50	5	44	37	37	49	6	17	4	46	48	32	17	5	1	49	14	
17	45	15	7	49	5	49	10	31	41	21	49	38	9	22	49	26	41	19	40	15	8	9	4	48	37	2	23	1	45	44	13	33	24	47	33	47	42	24	25	39	27	44	15	22	44	10	11	27	39	14	31	4	16	1	21	36	11	10	20	
44	6	12	26	45	11	36	29	8	29	19	39	50	43	32	43	28	50	38	30	4	10	1	16	47	19	24	40	21	10	7	37	6	22	2	30	1	26	44	18	42	43	43	8	12	29	50	12	9	23	34	21	15	40	43	14	15	19	14	34	
42	42	29	7	42	11	31	16	48	25	19	45	6	42	42	23	7	11	20	48	33	39	24	8	45	33	42	48	12	15	37	14	1	15	30	43	47	25	7	42	28	7	48	14	47	40	42	35	5	12	14	26	43	41	21	42	7	39	50	17	
35	12	4	37	40	33	18	8	45	47	50	44	10	8	16	16	27	23	46	19	40	2	43	21	12	2	29	27	9	45	22	10	43	38	23	31	36	19	4	45	25	26	7	17	23	27	19	3	19	37	40	24	44	18	35	6	24	14	50	42	
22	31	38	38	38	45	8	13	22	7	6	2	15	12	26	40	27	48	31	35	40	50	47	5	22	14	26	4	24	50	9	8	41	31	24	24	19	11	43	28	44	35	38	50	44	50	21	25	41	34	1	41	36	22	27	9	11	9	15	18	
1	46	49	3	28	39	31	10	29	2	27	41	29	37	39	17	31	38	48	15	16	17	31	30	14	36	24	8	40	37	44	5	41	8	50	44	18	39	27	47	22	11	35	27	28	47	33	43	42	18	46	2	9	26	23	30	7	31	23	9	
1	14	37	48	40	4	44	7	28	7	1	11	31	16	43	35	5	31	29	1	4	20	8	48	8	5	18	45	31	25	24	1	48	7	39	35	23	4	4	41	2	5	31	4	32	11	29	2	19	37	43	12	6	36	46	5	45	47	10	36	
26	3	1	25	12	12	16	45	41	40	32	38	43	42	41	43	16	20	27	26	7	28	23	16	30	25	46	50	33	30	29	23	11	31	12	14	34	24	1	15	42	15	8	25	36	45	48	15	14	19	18	8	1	36	6	29	4	27	24	1	
27	29	40	31	35	9	34	7	4	10	2	8	3	23	42	43	7	22	4	36	22	46	10	27	45	21	32	24	4	15	2	49	9	16	46	42	41	49	48	3	21	44	41	41	9	49	49	35	31	28	28	20	47	9	9	50	42	43	26	33	
11	14	7	10	42	16	21	32	30	33	8	40	44	21	47	39	43	22	48	40	6	5	46	20	40	28	44	36	27	30	2	7	21	40	34	39	49	18	25	46	18	24	16	31	45	18	16	35	13	2	45	13	47	5	34	12	45	7	44	32	
27	6	42	9	26	1	15	19	48	41	18	41	17	16	30	26	41	42	15	21	9	37	16	9	43	16	25	45	6	49	47	31	29	13	13	24	42	13	16	35	20	22	31	29	14	18	27	20	45	32	50	8	29	33	3	50	46	9	33	43	
7	38	35	28	37	7	39	45	36	12	26	32	2	15	20	12	8	9	20	15	11	30	41	36	1	2	3	1	21	16	12	24	12	41	3	28	27	12	44	23	16	15	20	11	34	3	37	35	27	27	27	34	42	39	1	16	31	19	3	19	
6	40	20	8	13	9	7	11	24	13	5	13	48	19	43	1	11	2	23	30	28	16	18	10	15	31	42	36	18	40	41	49	24	30	32	41	46	6	13	42	45	32	5	33	34	8	7	16	41	45	8	24	12	46	33	15	6	10	30	22	
27	36	21	28	4	50	11	26	9	12	3	50	20	4	13	2	47	29	46	31	13	14	3	48	23	25	13	28	17	8	16	4	45	15	39	17	6	32	23	24	46	24	46	34	42	32	13	50	26	10	48	8	40	6	30	23	2	6	22	19	
27	11	26	45	24	12	7	1	35	22	20	5	44	38	47	35	46	31	31	15	36	13	17	23	34	34	39	32	34	40	26	35	29	37	32	41	44	47	42	22	20	16	26	8	20	47	34	18	12	34	27	4	21	34	17	19	30	8	23	44	
15	15	42	44	26	32	31	32	46	6	47	29	7	24	46	33	49	45	1	22	33	23	47	4	3	13	24	17	44	23	24	4	19	32	28	3	48	28	5	30	1	6	12	12	19	24	27	38	21	7	30	43	12	45	26	7	47	43	5	9	
23	37	37	48	35	23	7	29	23	39	21	38	38	13	47	3	35	41	1	36	37	7	40	16	47	29	16	27	34	16	13	29	20	27	32	49	42	4	25	14	21	12	35	21	47	8	27	5	19	33	36	48	5	3	1	3	16	39	41	21	
17	35	20	38	20	49	43	10	17	39	30	3	41	5	3	8	36	24	22	31	43	40	36	36	38	33	39	40	24	50	25	37	32	27	50	50	17	26	11	2	45	27	39	18	27	48	38	30	17	39	32	15	42	16	8	35	31	20	31	48	
4	24	49	28	25	10	18	4	35	31	26	8	26	44	24	22	49	31	20	15	50	1	12	1	11	19	30	5	16	32	8	30	49	1	29	5	4	4	36	13	26	35	18	15	20	3	40	3	43	30	33	7	41	2	4	24	41	35	16	14	
50	38	20	24	48	40	49	5	17	45	40	32	34	23	20	4	48	14	19	16	4	36	46	35	22	36	19	8	15	32	15	17	19	9	23	28	3	29	14	19	48	3	17	40	1	15	32	42	43	4	37	34	20	4	34	5	37	13	23	34	
33	46	14	49	38	43	38	45	24	41	49	14	38	24	27	4	14	46	44	41	17	31	29	10	43	6	39	10	8	41	30	7	17	46	21	45	30	8	9	21	20	48	18	33	40	28	46	33	2	48	13	50	25	1	31	29	1	47	25	5	
36	9	31	24	38	44	12	6	15	34	50	41	24	5	49	38	1	44	19	29	8	20	35	11	2	22	16	46	3	29	42	31	34	41	14	6	27	10	49	30	42	3	45	32	18	10	27	18	29	36	50	47	34	46	37	42	26	14	12	8	
18	4	8	41	41	41	41	12	42	20	30	31	4	9	43	9	25	19	8	2	15	2	40	20	30	3	25	12	4	50	13	1	25	6	12	24	7	47	7	11	22	8	9	26	5	34	19	15	14	12	48	45	21	34	49	1	37	6	33	20	
5	48	36	4	48	1	13	13	47	45	48	47	16	50	42	41	27	37	49	13	17	41	24	38	28	44	49	21	28	31	2	20	41	9	49	2	9	23	23	14	1	19	48	17	14	26	35	25	49	44	11	26	25	37	34	34	21	10	39	31	
36	7	44	21	38	3	8	36	39	2	8	6	5	37	46	27	9	45	20	17	9	15	21	16	43	45	26	8	18	4	33	10	36	8	34	25	15	13	21	39	47	1	19	26	7	33	35	42	31	31	43	32	21	40	46	38	35	31	37	25	
12	37	37	7	2	13	44	45	3	21	33	36	19	16	10	19	50	22	13	2	9	43	21	7	35	11	26	16	45	22	25	8	29	29	36	50	34	8	24	27	45	8	7	8	8	25	7	2	34	50	26	33	32	39	27	38	36	14	49	38	
12	46	48	21	34	19	23	34	9	36	31	12	10	36	15	43	37	38	3	18	27	14	12	21	2	6	1	26	28	23	30	27	49	45	35	1	40	48	46	35	36	18	7	49	14	4	41	18	14	15	12	50	22	13	39	43	30	18	37	47	
8	25	30	34	5	11	35	11	39	16	33	31	15	9	30	41	1	36	43	37	20	30	2	22	6	37	1	33	41	28	32	20	13	20	1	13	31	36	50	50	48	43	4	11	8	10	49	3	8	31	16	27	36	7	8	31	45	32	10	49	
1	36	4	19	50	45	47	28	31	45	36	47	14	48	31	2	8	25	2	19	20	43	23	22	16	35	7	13	2	39	45	5	11	31	39	23	11	17	9	2	31	6	35	17	13	12	19	6	1	5	23	50	11	17	14	13	13	3	40	16	
29	34	41	40	24	43	26	41	42	34	29	29	24	8	6	1	14	3	31	32	47	16	39	47	42	42	9	15	22	31	2	25	47	40	37	35	46	25	43	33	11	46	37	10	27	40	33	31	48	2	13	30	26	24	43	33	10	25	48	18	
15	40	12	1	31	13	5	41	42	41	18	4	16	15	33	6	2	20	32	12	25	39	17	41	5	44	3	42	45	21	40	1	30	30	21	42	7	40	5	5	18	5	50	30	1	41	18	34	42	16	8	39	47	28	29	31	33	23	15	30	
20	18	49	34	14	37	34	8	8	11	2	27	15	45	27	30	3	33	1	17	32	10	19	33	49	13	4	1	5	24	5	27	37	35	23	14	24	43	12	30	15	10	11	31	30	43	50	14	39	35	38	2	20	38	22	37	24	4	37	34	
21	6	41	35	45	40	47	23	31	48	15	30	3	23	3	36	23	42	17	11	34	25	27	14	31	46	35	2	27	27	24	15	1	17	20	17	15	35	43	22	16	49	43	39	22	17	15	14	48	17	18	30	10	11	32	31	36	48	22	37	
38	42	31	3	38	29	19	9	1	20	20	10	5	8	46	9	4	8	10	44	40	46	36	34	3	35	36	6	15	41	4	23	42	8	26	18	3	37	26	34	18	11	24	11	18	22	13	4	42	45	31	1	45	36	7	12	24	19	49	33	
15	19	19	35	38	11	50	33	48	29	39	26	25	4	35	37	6	20	35	22	37	42	27	26	15	27	17	26	28	19	7	30	2	44	44	35	48	24	27	30	34	15	49	45	24	15	20	13	44	10	6	23	41	48	1	42	36	9	41	25	
18	7	23	22	49	42	9	44	33	4	1	1	18	29	50	34	50	4	19	31	38	36	24	24	45	21	25	39	21	36	38	5	5	3	28	26	27	39	44	41	33	35	7	23	16	13	36	20	28	1	37	48	39	6	23	32	20	43	5	36	
10	44	43	15	47	44	40	12	46	7	4	27	35	21	26	19	11	33	4	27	12	17	20	19	8	10	4	26	16	37	39	39	38	37	1	31	30	12	11	46	39	4	25	29	2	47	48	32	42	27	43	27	21	8	30	49	33	39	11	12	
44	14	4	49	36	2	35	16	1	44	16	17	34	21	1	46	40	10	47	33	43	12	6	13	13	36	2	27	50	13	2	19	27	50	4	2	45	19	18	9	19	21	49	17	4	42	7	3	5	12	34	46	15	38	1	19	29	39	4	2	
40	2	6	16	13	16	9	13	15	39	41	8	18	41	38	49	36	22	10	48	10	50	39	19	46	5	20	20	36	7	27	29	40	43	22	12	32	36	26	35	48	45	19	29	1	36	17	8	8	16	44	2	48	38	30	31	9	27	33	49	
30	46	31	23	5	22	6	42	25	32	30	45	2	17	34	21	39	19	21	41	29	4	47	12	24	6	27	42	1	50	20	43	18	10	28	38	14	40	10	14	27	6	5	44	45	35	4	16	40	34	7	23	18	24	25	47	19	32	19	9	
50	38	19	1	50	2	49	49	9	14	29	41	49	30	15	26	29	43	37	23	18	8	1	21	21	7	6	34	43	10	49	45	7	1	4	8	41	24	48	27	26	40	39	47	50	20	29	6	48	21	4	41	34	37	31	4	33	16	35	40	
2	32	48	2	8	35	1	11	32	26	31	31	46	35	24	13	32	12	39	23	20	28	4	27	11	12	45	38	5	35	31	26	13	42	31	6	12	14	42	44	43	10	38	8	14	11	18	7	43	4	3	26	47	6	49	10	48	5	28	6	
37	41	30	21	19	29	17	10	42	49	42	32	19	22	14	1	49	31	26	42	24	14	49	2	40	46	27	31	24	26	20	36	6	30	4	35	29	49	13	38	49	12	20	26	7	46	8	23	33	23	37	17	46	37	10	12	6	38	22	31	
29	47	27	16	48	30	47	11	41	9	42	39	25	43	33	49	39	28	20	29	28	47	15	44	41	3	37	27	44	23	43	49	13	21	28	33	16	33	20	21	35	46	17	18	14	46	23	50	34	30	6	49	38	45	6	3	2	44	4	38	
34	21	20	11	23	18	2	6	1	31	23	13	3	14	38	39	48	29	18	32	33	31	6	16	31	27	28	3	16	50	1	32	50	3	29	48	32	9	19	7	43	16	24	18	45	15	21	8	23	24	35	42	10	23	29	26	33	31	16	40	
49	35	6	13	43	37	39	21	10	45	47	50	27	44	11	15	25	50	37	17	15	21	25	32	46	17	24	13	19	49	30	37	32	22	34	32	28	26	4	9	38	26	27	22	29	3	28	20	36	18	12	36	41	35	43	13	19	4	41	50	
24	34	26	3	32	36	18	10	12	36	45	35	23	36	37	35	10	50	2	40	47	37	38	8	18	32	30	35	36	24	32	38	25	40	3	27	3	3	46	28	29	20	8	44	37	21	39	8	19	3	46	21	21	20	48	15	1	14	15	23	
48	1	5	31	30	39	8	34	24	26	26	37	15	38	21	25	9	47	15	2	37	48	47	38	36	33	39	32	30	43	45	43	31	40	2	26	42	13	31	25	31	29	18	16	26	8	33	22	34	42	20	30	36	21	23	3	45	4	3	21	
17	17	3	34	11	44	34	25	23	48	8	41	47	30	2	50	32	8	45	34	14	4	41	19	4	4	18	19	30	27	8	8	23	48	28	43	7	17	2	43	33	44	15	13	49	35	27	49	33	2	15	4	34	8	38	34	38	47	21	11	
On machine	5
2	48	18	18	37	16	26	40	15	44	8	12	42	15	13	49	11	26	46	26	6	15	34	15	37	32	23	46	31	32	18	16	16	25	27	8	40	29	7	36	7	27	24	25	31	43	37	44	4	5	17	21	6	8	29	8	27	34	28	1	
36	6	37	25	6	50	34	2	26	49	3	49	23	48	41	17	8	43	36	19	24	41	14	2	16	41	1	10	40	38	4	2	1	49	35	20	49	49	42	34	2	17	27	40	24	23	5	25	29	9	31	49	14	44	16	4	14	21	32	46	
19	2	7	43	5	5	50	6	33	43	23	47	17	21	35	25	23	34	14	14	9	34	32	39	43	15	39	22	23	6	43	41	5	14	45	10	33	17	23	49	47	6	37	23	1	39	47	43	36	43	35	42	41	15	31	30	28	35	19	26	
26	50	44	50	15	46	27	10	19	32	20	18	48	24	45	1	25	5	8	9	47	46	22	16	31	42	26	21	43	12	11	42	19	25	27	15	45	19	2	42	41	23	21	9	30	17	45	12	41	25	11	46	34	24	16	43	30	41	35	20	
44	28	21	5	42	35	41	19	38	17	38	30	4	13	45	41	44	39	5	25	45	19	24	31	34	49	13	32	49	3	45	22	31	41	46	21	16	34	34	21	9	25	37	4	27	28	14	5	21	6	30	37	46	7	29	18	13	34	7	16	
26	15	29	33	30	11	34	39	18	5	44	2	42	30	24	35	20	4	4	37	17	36	44	15	46	38	1	16	15	4	33	2	48	35	12	16	31	29	17	13	24	32	27	33	10	10	25	1	24	32	8	42	21	28	9	18	25	48	46	28	
31	16	27	25	25	32	26	7	35	35	18	43	5	16	10	11	33	17	4	5	8	46	26	50	30	30	20	48	25	33	42	43	28	7	31	22	16	8	3	48	19	34	43	47	24	4	4	23	28	29	27	38	1	33	40	20	2	24	13	10	
33	43	21	11	16	1	16	40	40	1	28	39	8	50	18	35	39	44	27	47	1	12	29	19	27	12	39	30	9	36	39	19	14	24	32	22	37	35	33	33	43	9	42	23	2	2	42	44	39	34	47	16	27	27	49	5	40	49	46	49	
16	30	8	14	11	22	30	4	26	12	12	12	16	34	36	48	47	26	47	13	23	50	35	6	3	16	31	9	3	42	23	4	50	50	10	40	44	33	23	29	31	18	39	30	32	24	38	2	36	25	35	27	17	22	37	1	23	41	3	4	
25	26	14	12	18	38	26	34	13	49	19	8	40	20	20	10	1	10	14	17	38	15	31	10	42	27	9	4	42	44	31	38	11	29	7	34	35	20	6	39	13	48	34	43	9	2	13	3	3	38	50	26	16	31	43	7	33	21	4	16	
45	15	14	12	7	46	18	18	45	20	34	40	49	5	15	9	33	46	45	16	42	21	14	28	44	19	16	41	16	14	38	7	25	28	10	36	26	25	19	35	20	11	49	28	21	42	16	6	41	32	33	30	14	22	18	4	46	28	49	23	
15	12	31	19	40	5	25	48	37	25	24	49	15	15	12	19	24	35	27	10	15	42	27	50	49	15	2	15	18	38	29	6	13	39	42	9	40	2	38	35	8	24	8	18	39	20	49	36	49	2	23	48	9	21	47	37	1	10	17	27	
18	45	10	50	7	15	15	35	40	5	28	34	47	46	22	15	16	12	10	8	46	1	31	45	31	13	19	13	20	49	44	46	4	25	33	4	4	10	30	28	45	17	15	49	47	16	33	29	17	11	29	6	28	50	21	45	2	13	2	35	
36	24	7	21	42	24	25	26	39	44	20	17	7	22	49	26	7	6	15	17	21	17	28	43	36	35	41	18	4	46	9	38	3	6	8	38	24	32	4	33	24	37	6	45	25	37	25	38	22	23	41	30	18	14	30	3	24	25	46	23	
33	4	26	31	39	49	10	10	6	9	18	13	19	37	12	39	24	13	49	47	14	37	9	10	12	3	12	45	36	18	30	14	46	45	5	11	42	24	43	40	23	10	38	11	25	29	12	8	40	46	19	4	3	37	13	3	36	30	24	19	
1	30	19	28	8	7	36	36	33	37	5	21	36	43	22	14	25	9	19	41	38	20	35	2	37	23	22	48	14	43	14	48	37	27	29	18	17	30	11	17	33	37	15	36	36	28	30	2	43	27	35	32	27	46	16	40	38	31	8	25	
50	20	4	16	8	21	7	37	9	17	27	42	5	42	31	44	7	37	41	40	2	11	44	48	45	2	17	45	26	43	11	37	44	41	49	42	26	42	10	32	25	5	31	40	7	2	25	26	12	4	24	38	49	25	34	13	41	49	16	28	
17	27	7	27	39	16	8	23	44	2	12	8	6	46	11	11	9	50	12	22	25	33	14	47	44	12	14	30	26	31	39	32	33	48	11	46	7	39	13	12	28	45	5	10	31	41	21	30	26	48	6	45	16	40	48	21	10	47	46	3	
22	41	36	17	30	35	22	21	31	16	30	36	39	29	3	6	1	40	20	32	1	29	42	48	17	25	39	25	12	26	28	46	11	35	8	36	5	2	10	48	6	23	9	29	16	31	5	37	46	41	4	40	36	4	8	24	33	5	48	48	
46	38	28	13	8	3	29	33	5	10	49	36	39	17	23	32	44	7	48	38	42	26	35	1	18	17	28	28	38	42	6	49	16	41	34	1	50	19	3	12	47	3	31	29	12	36	50	27	31	31	5	48	12	44	48	5	36	29	29	15	
44	50	34	1	43	39	3	44	40	38	43	44	15	43	1	1	39	34	48	37	37	41	49	32	1	3	33	27	14	33	45	38	46	23	18	11	18	22	46	35	38	28	30	32	5	2	42	45	28	31	2	28	13	7	13	45	6	34	45	24	
3	2	5	19	15	43	18	47	36	8	44	25	4	8	32	46	22	6	22	30	45	31	43	1	20	17	26	50	45	29	30	37	46	45	17	21	33	32	10	16	30	19	13	22	24	49	1	16	49	14	31	15	24	32	47	35	1	23	25	15	
36	1	50	49	49	34	3	50	29	36	43	34	46	6	41	6	43	49	44	17	33	10	27	35	21	20	34	34	40	10	13	35	41	4	22	21	49	42	38	34	7	28	3	41	42	35	15	35	2	26	23	41	12	17	4	12	4	44	1	37	
2	42	50	26	30	30	50	16	7	21	36	10	36	47	24	30	7	7	33	35	42	10	16	23	22	8	9	44	23	2	10	28	12	5	14	47	41	19	40	7	47	41	15	37	43	19	49	8	36	37	35	11	40	1	7	8	45	31	45	22	
21	7	29	32	40	45	50	30	16	27	35	41	37	4	24	33	2	47	3	16	5	37	8	8	24	7	31	11	1	41	32	6	35	23	46	31	50	8	28	30	13	41	46	22	26	12	5	20	30	1	2	41	3	41	2	43	34	28	45	7	
30	3	12	1	14	27	14	28	37	26	18	46	18	29	7	43	37	31	50	17	42	35	42	41	11	8	24	42	14	41	7	27	28	34	26	48	50	14	31	4	20	41	43	14	10	10	22	6	25	41	18	44	11	33	46	49	23	47	16	4	
30	4	13	44	19	47	40	19	17	10	7	10	18	49	47	11	30	4	43	23	36	26	11	48	7	14	20	22	10	24	20	18	33	9	29	20	25	26	2	18	14	6	6	25	5	42	10	39	49	26	46	24	32	48	12	15	10	10	4	5	
38	26	21	31	26	50	4	24	45	48	49	46	2	44	18	49	21	13	47	25	13	8	44	49	31	38	11	25	29	18	30	39	4	13	3	16	20	47	46	34	6	9	39	27	21	47	14	39	34	34	29	19	14	17	50	47	34	20	12	28	
17	22	45	17	11	9	36	1	37	40	11	2	27	19	11	22	22	19	17	11	23	45	12	26	41	29	32	5	1	8	12	32	6	1	50	10	29	2	11	37	45	35	10	1	26	38	33	4	50	33	8	41	8	36	6	45	41	43	46	20	
4	8	43	38	7	15	37	9	1	48	39	18	9	19	8	50	29	8	15	17	47	42	1	22	43	43	21	48	9	1	14	10	41	48	18	19	7	12	28	33	38	49	2	28	34	42	39	21	11	3	46	13	48	31	16	43	40	20	7	29	
15	34	31	36	27	17	11	38	22	17	1	40	20	25	14	38	40	41	7	42	21	15	46	36	32	1	20	32	6	3	49	43	43	14	28	15	34	36	28	35	29	21	21	9	15	46	47	35	40	33	17	36	22	47	25	16	7	36	25	23	
13	43	2	32	21	36	37	20	44	47	10	5	35	34	39	15	29	11	41	2	27	34	15	15	18	39	42	48	46	19	23	27	21	6	6	15	3	21	28	20	5	35	23	33	40	47	43	35	33	2	3	24	37	8	45	12	15	8	49	9	
26	14	11	26	24	8	9	15	25	12	9	1	24	36	33	12	4	14	23	42	39	36	32	1	35	3	43	24	7	43	26	25	25	18	40	45	25	47	4	49	49	42	4	28	4	36	24	11	20	23	39	11	7	44	44	27	30	33	42	14	
34	44	46	23	31	11	48	46	23	3	45	20	31	21	10	35	8	3	1	36	21	46	21	45	10	4	5	21	10	25	15	41	16	29	48	5	25	4	40	5	26	6	36	29	23	32	10	37	44	19	25	20	38	3	36	4	26	30	7	25	
42	9	22	20	37	12	28	35	50	25	27	47	41	50	16	9	6	29	6	2	14	34	42	17	28	44	19	1	36	15	41	22	50	41	43	40	1	43	32	11	15	19	20	11	49	47	45	41	37	28	2	19	1	44	48	42	9	3	28	44	
41	2	50	17	27	33	24	29	32	19	9	26	15	40	3	7	26	38	36	43	3	29	7	41	48	32	28	47	45	48	5	47	45	1	2	41	2	9	34	8	27	2	48	44	14	47	11	33	47	33	41	24	16	16	35	23	25	24	6	29	
15	28	11	31	39	37	29	33	41	41	29	21	47	4	2	40	18	32	34	18	10	37	12	32	20	17	30	48	15	50	38	3	2	5	30	27	14	32	21	5	31	35	49	18	45	37	16	44	44	32	14	26	12	27	36	9	20	16	45	2	
11	18	1	15	22	42	30	32	21	44	17	6	25	13	39	42	5	9	34	9	39	1	12	28	42	37	25	3	29	23	20	14	1	40	11	43	20	22	16	29	6	41	45	32	33	45	12	42	37	46	8	14	25	45	26	23	2	9	41	2	
8	50	24	5	22	38	16	30	31	1	12	14	41	13	19	50	15	18	4	24	32	6	36	10	39	46	10	48	3	10	13	33	29	8	39	34	31	38	21	24	23	27	47	12	29	29	6	50	7	32	17	18	23	11	27	42	44	24	15	46	
38	25	13	35	24	21	27	33	20	13	33	46	7	39	19	22	1	23	26	45	3	38	26	45	21	19	2	41	14	12	1	38	41	24	27	1	23	1	37	48	40	32	12	39	38	46	28	16	30	46	2	28	15	35	7	19	50	17	43	32	
38	10	12	15	44	24	48	47	46	18	23	25	20	17	4	26	50	40	11	8	2	30	9	43	27	39	24	39	47	7	46	31	26	47	11	29	6	21	36	16	45	48	9	34	34	23	41	30	38	8	28	33	1	26	30	43	21	14	25	32	
23	9	46	41	25	7	48	17	28	33	22	5	48	43	2	26	32	16	45	4	8	40	19	4	17	46	27	38	25	5	13	49	2	7	13	8	4	1	28	30	11	38	26	5	13	43	17	19	49	48	1	5	31	38	33	5	36	20	4	31	
25	42	45	15	20	21	21	36	11	7	7	39	30	32	14	29	8	33	20	24	22	35	36	16	32	6	20	26	10	11	17	30	37	34	29	25	44	45	16	2	41	19	11	39	5	11	13	30	12	33	11	11	42	44	48	7	23	46	14	2	
33	46	40	34	5	27	11	38	47	17	7	41	33	48	21	49	4	35	49	19	2	11	14	38	20	3	49	43	5	8	40	39	5	19	19	50	2	44	39	30	33	46	49	43	1	50	1	30	4	15	19	34	45	47	37	21	16	43	41	43	
8	9	6	18	14	21	36	25	27	11	48	24	2	46	42	42	9	18	21	17	10	41	5	14	23	27	7	50	2	12	29	2	41	47	25	26	3	12	40	46	40	34	28	44	28	12	26	43	47	6	20	19	22	2	11	28	28	31	41	6	
9	37	6	23	25	3	47	10	11	12	4	27	2	35	17	27	1	6	45	28	45	7	23	16	3	9	8	31	31	37	21	44	50	10	46	45	25	42	38	37	5	31	36	1	28	21	12	31	20	5	42	16	37	5	10	49	8	30	24	40	
47	11	3	11	11	41	49	19	49	24	37	35	15	21	12	12	30	8	42	22	30	16	2	2	29	22	27	47	5	5	37	40	3	46	27	25	27	22	33	37	5	11	38	21	15	20	29	11	17	3	27	5	35	47	27	39	3	42	44	31	
43	35	28	28	19	2	2	29	25	27	15	28	23	13	32	17	6	30	5	22	41	21	17	12	37	37	5	20	27	1	15	14	27	7	17	42	47	22	45	8	27	27	4	46	13	6	37	8	35	3	26	42	33	30	39	30	48	42	10	10	
23	48	13	29	43	21	24	39	15	15	38	3	3	30	27	20	17	47	1	14	26	24	49	44	32	32	35	3	9	18	5	18	11	17	1	19	22	46	8	5	9	3	1	29	50	4	12	38	34	28	13	16	34	25	34	41	28	37	17	18	
20	18	20	8	25	21	25	2	23	12	31	16	15	46	6	8	39	2	25	8	43	21	13	1	38	37	9	36	18	47	21	17	43	10	7	35	20	42	19	35	14	35	22	17	31	45	31	5	23	44	38	14	17	13	29	45	17	27	23	41	
11	22	12	34	39	30	35	11	3	43	37	31	29	45	35	19	9	39	19	4	33	48	37	15	40	42	22	17	19	38	14	5	45	42	17	43	43	10	48	42	39	18	16	45	11	22	20	47	37	32	39	20	27	12	33	7	10	46	11	9	
48	17	19	39	19	36	42	42	17	18	3	17	22	27	37	42	13	42	20	42	28	9	25	35	7	19	36	48	50	41	31	36	13	42	14	8	43	10	17	20	39	1	32	41	38	46	10	39	2	17	27	46	25	36	49	42	24	33	14	18	
13	12	38	24	1	6	43	17	42	26	24	23	28	7	17	38	24	4	19	13	4	24	22	45	43	49	2	26	17	18	49	2	46	41	42	34	31	16	39	15	13	8	46	36	18	47	47	40	39	21	32	34	43	19	21	33	34	28	48	24	
11	3	12	29	25	12	39	23	27	18	2	23	18	28	25	21	49	35	42	36	39	4	4	25	35	29	26	23	20	5	17	37	18	32	30	50	4	4	9	18	16	47	4	34	48	10	15	13	45	14	29	24	27	44	13	18	42	41	28	43	
42	10	26	1	16	17	47	42	31	49	23	6	12	29	2	21	37	40	29	36	21	28	38	25	46	27	3	4	20	29	35	21	45	7	47	27	29	30	25	19	30	41	35	12	46	18	23	40	48	7	48	8	38	35	35	32	22	41	37	45	
39	13	27	13	26	5	3	3	5	33	34	21	43	40	37	3	41	50	16	10	38	13	22	32	2	25	3	32	24	36	18	46	43	46	1	48	3	16	40	41	22	48	25	31	2	8	23	39	33	12	13	4	26	25	39	24	31	7	32	2	
47	32	36	18	24	13	43	12	44	31	2	20	21	15	6	37	15	38	24	33	35	38	16	21	42	12	20	37	3	1	48	23	33	12	11	29	34	34	25	48	29	11	42	19	3	39	3	32	40	3	26	8	37	29	1	50	12	20	13	35	
25	44	44	20	3	7	8	40	3	40	4	8	42	44	28	34	29	8	13	21	10	27	31	43	10	36	8	2	24	19	10	17	31	27	19	41	4	35	21	31	41	49	25	49	21	38	2	21	41	6	17	45	20	1	46	9	3	39	20	50	
6	19	13	45	35	16	8	25	12	41	36	13	49	39	4	4	12	14	3	45	26	21	21	39	45	11	32	33	6	35	1	36	36	36	7	19	46	13	46	1	14	37	5	32	46	10	39	10	19	9	14	10	26	19	27	28	35	45	5	16	
40	7	19	29	35	13	31	11	47	34	42	38	8	19	35	9	20	8	36	34	46	11	15	41	21	16	30	9	37	39	43	2	22	14	32	20	4	46	29	21	38	13	41	31	24	49	20	25	48	25	1	11	22	3	10	40	47	28	42	24	
On machine	6
23	45	37	38	28	1	11	8	34	43	11	36	10	31	20	47	32	1	38	31	23	7	10	2	38	39	19	37	15	3	43	16	15	31	7	48	47	12	23	18	31	14	11	21	17	19	48	43	15	2	39	6	27	15	45	27	15	49	36	25	
21	22	35	8	11	45	47	30	10	6	13	29	30	49	46	12	26	7	11	38	35	24	9	32	47	21	39	43	31	1	38	1	19	13	23	41	18	38	35	21	47	7	48	28	23	40	38	34	10	22	49	1	14	8	5	2	33	32	43	19	
14	25	6	25	40	3	14	4	22	6	36	18	46	39	19	46	20	41	43	25	27	42	38	50	21	11	32	32	16	41	46	10	35	35	26	35	29	37	4	36	23	29	37	39	26	8	49	50	21	40	8	7	40	27	39	36	33	35	39	44	
15	2	26	15	9	44	50	28	40	7	39	38	14	3	26	26	48	34	47	34	21	41	30	32	48	19	2	4	42	34	22	17	2	1	11	5	44	46	22	8	8	5	37	34	32	22	11	30	37	5	28	47	12	15	25	36	1	10	13	7	
1	28	1	8	4	43	32	9	13	50	15	32	10	20	33	21	11	46	20	27	28	41	10	32	28	10	15	4	38	38	25	38	39	17	11	8	30	29	26	46	33	35	46	3	18	9	5	35	27	19	32	14	33	26	11	18	18	29	23	20	
18	10	15	12	14	36	46	22	30	45	30	43	15	7	48	44	3	28	41	24	21	48	34	30	44	45	38	46	7	5	41	47	49	12	45	38	45	14	48	8	38	6	36	36	13	42	6	38	41	30	40	5	43	38	47	38	48	12	19	11	
13	34	35	4	16	15	45	48	49	21	50	16	11	28	38	48	13	10	45	25	25	19	18	25	19	31	26	25	42	13	14	16	37	50	19	15	31	40	48	11	32	50	32	20	2	27	50	10	26	19	6	16	22	45	26	14	43	32	16	2	
36	40	8	41	2	14	12	18	37	37	12	26	18	33	1	1	10	33	40	47	43	22	36	49	30	26	39	14	30	9	14	36	17	11	3	17	32	4	5	1	19	6	41	10	20	46	29	13	44	40	30	38	49	20	50	3	24	30	14	24	
11	18	1	4	50	18	36	4	7	31	40	44	7	30	46	42	17	35	8	38	26	28	42	21	8	19	18	28	6	21	31	34	10	41	48	22	27	25	1	20	40	39	11	22	44	6	9	5	14	8	3	44	36	23	18	39	27	34	12	17	
27	14	36	39	30	49	13	27	7	7	42	2	34	21	18	12	50	16	44	26	41	26	12	23	39	38	24	28	25	15	5	37	26	39	17	9	18	4	2	37	37	39	6	49	8	1	12	2	26	7	22	18	14	27	20	12	38	43	8	31	
50	46	29	43	10	7	26	8	50	41	30	22	27	13	47	47	39	1	49	19	11	5	17	24	3	18	35	1	17	47	8	14	10	23	28	18	9	33	23	34	45	25	45	10	3	36	50	26	1	27	19	13	29	40	20	38	27	40	31	23	
5	9	12	16	46	45	5	16	19	39	50	15	1	16	47	35	14	30	25	37	10	2	49	44	13	20	11	49	30	11	19	17	41	31	47	38	35	38	32	16	28	5	23	32	31	11	27	44	23	17	32	8	15	12	20	12	24	21	38	18	
38	37	33	46	9	19	38	31	41	33	14	20	34	3	42	42	2	23	9	1	3	1	16	22	37	8	36	37	33	33	38	46	2	50	5	15	24	26	39	44	17	4	15	40	19	9	44	10	50	11	4	48	40	1	47	20	30	11	13	2	
24	14	33	28	34	6	8	35	43	37	32	45	46	32	11	23	3	28	34	24	36	32	28	19	47	1	27	15	9	19	45	43	11	37	13	45	29	19	16	23	50	4	6	43	23	3	5	48	38	48	41	45	29	30	45	15	15	2	30	32	
29	50	5	7	49	36	39	40	36	5	5	42	28	26	3	40	36	27	1	11	20	6	11	28	49	44	46	19	30	23	29	32	46	34	42	43	25	2	29	43	23	47	42	22	16	3	33	46	5	44	19	18	22	6	26	46	40	30	37	16	
41	8	7	2	9	3	21	13	49	36	47	43	15	23	41	4	20	49	28	40	39	24	20	16	31	17	21	2	43	10	44	19	24	41	46	20	25	19	13	17	48	4	32	19	49	31	7	20	4	28	5	31	31	40	1	9	43	5	38	22	
43	22	48	44	14	16	14	37	48	46	39	45	41	44	26	40	24	49	14	26	45	36	33	28	32	28	11	8	35	4	33	33	19	34	49	17	46	49	1	11	47	25	26	29	24	50	2	1	50	3	20	31	30	33	6	6	4	21	15	29	
40	31	19	45	44	48	49	5	28	30	14	25	31	36	49	24	24	42	11	1	15	21	6	26	42	15	32	23	6	39	8	20	8	14	43	35	6	32	5	14	48	21	48	3	20	35	13	9	28	15	36	19	4	43	4	1	41	25	23	17	
40	15	43	24	16	34	27	43	17	2	43	7	25	31	19	25	34	30	30	6	50	47	11	17	10	30	16	24	17	3	48	12	5	13	1	20	50	22	39	10	22	41	8	7	3	2	29	11	32	13	26	22	2	2	26	2	24	34	31	22	
20	6	25	41	8	18	13	36	9	20	5	7	6	27	50	25	36	40	48	42	7	38	7	27	19	8	9	38	12	30	42	25	10	27	26	44	39	6	47	10	38	23	19	42	33	43	3	14	26	33	49	50	24	11	34	47	4	21	39	14	
4	5	12	24	13	34	12	5	27	40	23	39	41	40	28	45	32	2	38	16	2	37	12	16	14	1	4	30	16	37	45	6	24	45	2	16	47	17	10	10	16	34	49	9	3	46	31	11	22	44	49	16	38	22	49	35	33	44	37	48	
28	12	16	17	40	38	49	36	22	13	22	4	47	47	2	45	33	48	2	50	37	33	45	36	3	8	11	35	1	9	33	18	40	2	40	22	34	49	10	47	14	37	28	7	33	37	13	32	7	2	11	21	4	28	26	11	8	29	33	30	
31	13	2	24	14	13	40	23	45	13	4	50	9	29	37	46	20	31	15	29	24	29	3	15	30	1	8	11	32	38	7	7	16	22	19	29	25	2	46	27	28	12	30	24	3	18	39	39	15	18	11	33	47	1	8	3	47	43	12	17	
23	31	25	33	42	50	31	20	22	1	38	12	14	45	16	15	40	38	28	27	33	23	8	33	34	36	24	28	34	46	28	48	49	26	1	40	24	13	5	3	21	17	35	21	27	24	14	16	5	5	20	27	36	15	15	28	1	38	38	41	
31	29	34	33	2	19	49	8	20	39	24	16	11	49	41	48	24	31	42	8	47	13	48	24	1	50	11	20	17	39	22	33	25	14	27	21	16	24	21	38	21	41	47	29	13	30	28	28	1	42	9	28	42	28	15	37	9	15	11	36	
35	7	2	3	25	35	4	40	27	19	25	22	40	45	17	26	39	11	26	8	5	35	6	5	28	8	13	31	10	10	3	13	12	24	39	23	41	46	40	39	45	32	33	25	5	29	43	28	50	24	46	35	5	36	47	10	21	33	2	5	
43	5	41	26	10	36	33	6	26	13	19	23	40	6	11	6	37	19	42	48	49	48	23	22	35	5	48	20	16	12	10	9	44	14	16	6	7	43	33	23	44	5	19	39	12	35	3	42	23	21	32	24	34	13	9	15	22	33	45	18	
17	1	22	2	14	21	42	30	23	38	13	49	2	50	36	12	38	40	46	40	4	43	19	29	15	12	28	37	8	6	25	47	40	28	8	1	40	40	31	9	7	33	29	39	5	31	18	33	27	31	43	44	22	23	43	35	15	27	22	18	
10	33	34	39	50	45	6	13	14	1	18	33	3	22	26	16	2	29	36	39	12	29	4	39	11	33	31	16	31	15	36	31	39	35	30	15	18	12	25	35	49	50	25	31	49	13	2	15	17	20	9	41	3	24	3	3	34	43	14	22	
10	2	21	36	35	14	30	24	46	45	26	22	5	49	25	5	45	50	22	8	24	36	12	6	26	35	7	36	30	40	28	5	5	29	28	34	3	6	1	3	13	18	45	37	21	9	14	49	4	20	44	26	36	49	42	40	16	14	46	11	
21	6	25	2	18	2	44	38	38	46	15	45	44	47	14	33	12	36	36	28	32	32	36	7	18	5	11	10	4	30	44	45	36	28	13	45	45	26	30	44	32	17	46	4	41	2	22	35	40	42	44	21	27	22	45	46	39	27	5	21	
45	33	38	23	16	5	1	16	9	23	47	11	38	35	6	5	50	32	11	31	46	15	38	6	7	13	49	47	1	5	44	34	11	24	22	46	31	17	2	49	11	48	24	37	3	33	22	14	16	19	41	24	11	13	28	7	41	7	48	2	
49	13	17	6	50	1	8	48	48	46	17	3	47	35	14	27	3	21	15	6	40	45	44	1	49	24	21	21	34	6	45	29	22	23	3	28	20	44	47	39	24	5	31	47	44	18	37	45	42	33	4	45	5	6	37	31	17	2	46	33	
33	26	28	35	6	19	32	37	7	33	39	22	31	38	33	34	35	49	35	42	21	43	28	20	36	16	7	45	16	50	38	25	44	19	7	36	47	41	18	41	13	48	41	5	2	40	50	35	20	44	17	45	49	31	49	8	21	35	12	33	
26	20	30	28	39	33	27	20	2	5	34	5	13	16	45	37	46	21	25	34	40	16	13	7	15	7	27	14	42	10	28	18	38	12	45	37	49	16	36	1	8	29	18	3	46	28	11	25	37	40	9	11	32	14	25	35	33	11	44	49	
30	13	35	38	22	28	26	49	33	31	17	48	46	29	46	1	11	14	6	16	41	5	36	37	10	50	36	13	36	18	40	45	36	5	16	2	9	50	14	7	27	6	46	42	22	37	46	50	20	11	14	47	3	4	28	40	36	37	22	44	
25	2	36	45	46	43	24	28	24	40	12	39	34	5	27	46	10	20	19	15	12	29	23	32	12	13	41	19	31	35	8	10	20	16	5	47	5	31	15	3	39	48	34	19	45	2	7	25	6	4	48	46	4	6	38	4	5	17	22	1	
44	36	40	1	34	1	10	8	36	45	49	26	1	18	4	8	14	25	14	23	4	21	39	21	26	30	6	7	8	4	50	33	20	50	50	8	23	7	33	24	7	3	36	36	4	29	44	10	12	30	34	50	8	29	18	23	34	21	24	24	
47	9	27	8	14	1	23	2	22	40	26	17	31	9	44	12	21	23	31	50	30	9	34	1	34	24	45	28	15	49	7	15	42	19	39	4	26	46	15	40	14	14	42	47	31	50	40	24	15	11	46	13	8	19	41	34	10	15	17	15	
30	17	26	9	22	48	28	42	36	7	18	9	3	49	7	33	11	23	11	29	50	2	8	22	17	45	31	26	42	41	3	8	39	39	6	47	45	16	33	16	1	37	41	47	29	42	31	1	2	50	1	31	15	18	16	28	16	29	16	12	
29	28	24	37	11	32	36	7	15	1	23	16	38	43	36	18	21	43	11	1	27	10	4	6	25	33	45	2	13	20	30	35	36	47	3	22	43	31	15	8	46	19	11	45	45	39	33	47	6	14	31	24	8	1	49	31	28	34	40	25	
28	22	25	32	50	22	17	21	27	46	9	12	49	16	48	10	29	15	23	28	5	19	44	50	25	39	22	17	15	10	26	17	8	35	38	8	23	21	13	23	4	27	2	20	12	4	11	12	25	17	27	46	33	20	8	2	7	18	27	40	
35	15	22	5	10	9	30	12	35	14	40	33	35	34	18	42	49	44	7	38	31	31	9	48	34	9	47	41	39	32	3	24	2	16	30	8	5	27	47	34	27	5	19	20	16	45	30	43	38	28	45	24	8	4	29	49	12	48	26	38	
6	12	28	28	40	47	4	19	24	19	3	19	2	24	4	24	2	21	35	28	18	50	46	48	41	15	23	26	36	43	11	20	16	46	48	38	38	26	35	19	43	14	15	6	7	8	41	24	8	20	29	46	40	16	7	15	28	14	41	43	
47	20	37	3	43	29	12	13	25	33	5	17	32	26	7	20	1	21	5	41	12	49	34	18	13	34	35	37	30	8	25	41	6	36	44	14	21	2	7	19	10	36	8	42	42	34	17	48	4	42	16	38	5	50	50	5	29	10	37	29	
35	45	1	32	9	11	38	50	44	35	41	16	14	29	47	2	16	46	26	31	14	20	38	16	37	44	20	26	22	30	25	34	26	33	31	22	38	35	34	18	18	2	36	29	19	26	44	22	24	6	46	36	26	17	30	5	20	4	22	9	
5	1	13	1	14	30	31	4	1	42	12	48	31	23	40	3	17	22	36	40	3	5	29	3	25	43	48	2	12	50	34	19	35	21	16	21	37	12	3	15	14	4	8	44	9	36	19	12	47	25	5	50	28	48	26	13	11	24	35	31	
14	33	9	47	30	29	7	6	14	19	34	14	25	19	41	18	44	26	38	28	10	30	45	17	23	11	12	18	30	6	43	43	22	39	49	42	23	40	11	11	5	38	17	50	44	23	21	38	5	10	22	26	32	44	23	2	6	49	48	18	
21	44	4	42	12	36	9	43	37	36	2	14	19	25	48	49	21	15	6	13	7	22	27	26	4	9	43	18	40	46	27	46	50	46	37	7	37	7	18	29	42	19	8	35	7	49	5	23	6	43	13	27	7	11	17	35	25	47	29	38	
16	25	20	29	45	49	20	27	28	50	23	19	5	31	33	15	47	47	9	46	6	3	42	3	25	9	19	18	41	29	20	10	35	36	26	35	30	45	43	12	43	45	36	27	33	24	11	23	16	3	12	29	12	25	44	23	12	12	21	30	
9	10	49	2	44	49	34	36	40	3	37	29	21	40	43	18	48	23	32	30	15	19	6	26	37	5	11	25	24	16	7	20	48	10	33	28	17	10	39	1	22	41	2	4	43	29	4	1	33	6	20	3	8	8	1	49	9	1	19	4	
1	49	36	23	20	48	19	19	26	4	17	50	48	48	8	4	3	7	40	25	14	17	21	48	22	19	10	30	48	9	31	15	43	40	34	18	1	24	16	38	2	43	34	12	41	4	12	17	22	33	30	15	32	48	35	9	44	18	16	27	
39	19	47	34	25	29	30	25	10	22	49	32	4	43	24	9	28	26	4	42	17	19	23	50	50	39	29	25	38	50	23	41	11	5	1	43	21	9	10	33	28	24	27	44	37	17	10	35	37	14	15	34	32	20	21	35	50	32	8	38	
31	11	21	28	50	26	50	37	31	5	42	29	48	10	35	20	47	39	49	8	3	49	27	36	41	10	43	15	21	31	13	15	27	25	36	17	11	18	1	14	32	21	47	50	39	12	5	12	14	5	1	4	8	43	42	19	27	45	33	25	
46	24	22	1	11	6	11	45	21	37	3	29	33	33	3	13	49	43	43	21	28	25	16	38	31	10	13	42	19	13	31	9	5	33	33	25	24	10	49	42	4	1	49	29	34	41	38	3	40	29	21	29	17	5	8	1	23	26	2	38	
42	2	20	34	24	43	13	30	42	29	16	28	45	48	12	35	48	17	1	3	17	47	34	47	15	37	16	6	36	19	32	1	13	14	18	7	19	38	15	44	14	19	18	25	9	28	27	42	48	30	44	46	29	8	13	10	7	27	46	11	
29	29	39	10	30	34	25	25	22	35	48	6	34	4	47	35	36	25	3	1	38	45	37	28	36	36	41	9	32	46	26	7	9	34	39	4	49	12	35	29	25	35	20	42	45	37	49	17	13	22	49	23	48	34	39	14	13	39	3	41	
49	16	33	33	26	7	17	14	43	15	19	32	32	2	43	42	14	4	19	17	21	15	15	8	21	8	30	30	25	23	42	13	16	5	50	14	8	20	17	9	23	42	44	1	5	2	37	27	3	9	26	40	20	20	49	27	42	1	21	42	
2	42	31	6	36	49	17	1	30	43	31	50	17	39	8	34	6	28	2	18	5	2	24	16	12	33	5	47	28	25	48	39	35	35	17	40	21	48	2	4	25	16	38	22	44	38	31	30	23	44	12	2	5	19	21	14	32	30	24	5	
38	10	47	50	41	3	33	24	49	20	48	34	24	23	39	35	5	31	32	14	20	43	25	48	33	6	10	30	5	25	15	48	8	18	43	31	16	34	31	13	4	47	19	31	34	50	5	20	24	32	23	19	25	37	35	24	50	31	23	30	
