Factories	3
Families	60
Machines	6
SetupType	3

Number of Jobs in each Family
2	1	4	5	2	5	2	7	2	10	10	2	7	3	5	3	5	2	1	8	4	4	6	6	7	6	10	6	10	2	6	7	7	1	9	3	6	9	8	6	1	6	8	8	6	6	4	7	8	5	3	1	3	1	4	6	5	3	10	3	

Jobs in each Family
0	1	
2	
3	4	5	6	
7	8	9	10	11	
12	13	
14	15	16	17	18	
19	20	
21	22	23	24	25	26	27	
28	29	
30	31	32	33	34	35	36	37	38	39	
40	41	42	43	44	45	46	47	48	49	
50	51	
52	53	54	55	56	57	58	
59	60	61	
62	63	64	65	66	
67	68	69	
70	71	72	73	74	
75	76	
77	
78	79	80	81	82	83	84	85	
86	87	88	89	
90	91	92	93	
94	95	96	97	98	99	
100	101	102	103	104	105	
106	107	108	109	110	111	112	
113	114	115	116	117	118	
119	120	121	122	123	124	125	126	127	128	
129	130	131	132	133	134	
135	136	137	138	139	140	141	142	143	144	
145	146	
147	148	149	150	151	152	
153	154	155	156	157	158	159	
160	161	162	163	164	165	166	
167	
168	169	170	171	172	173	174	175	176	
177	178	179	
180	181	182	183	184	185	
186	187	188	189	190	191	192	193	194	
195	196	197	198	199	200	201	202	
203	204	205	206	207	208	
209	
210	211	212	213	214	215	
216	217	218	219	220	221	222	223	
224	225	226	227	228	229	230	231	
232	233	234	235	236	237	
238	239	240	241	242	243	
244	245	246	247	
248	249	250	251	252	253	254	
255	256	257	258	259	260	261	262	
263	264	265	266	267	
268	269	270	
271	
272	273	274	
275	
276	277	278	279	
280	281	282	283	284	285	
286	287	288	289	290	
291	292	293	
294	295	296	297	298	299	300	301	302	303	
304	305	306	

Total number of jobs
307

Processing times of jobs
10	2	6	3	4	1	
9	3	2	2	3	4	
10	4	6	10	1	8	
3	3	1	3	8	10	
3	8	3	4	1	9	
5	5	1	5	1	6	
7	8	1	8	2	10	
8	1	10	7	2	10	
5	4	10	3	4	1	
9	2	8	7	5	9	
9	1	9	2	10	3	
10	4	2	3	8	3	
9	3	6	4	1	10	
1	10	8	10	3	1	
8	1	9	5	7	3	
9	3	6	9	6	10	
9	6	3	4	10	10	
1	1	7	2	1	10	
9	10	6	6	4	3	
8	1	3	9	4	5	
3	5	2	3	9	2	
7	3	2	5	4	10	
9	1	1	1	9	3	
3	5	9	6	1	4	
2	10	2	7	7	2	
9	9	6	1	10	7	
6	10	4	10	2	10	
7	7	5	7	6	9	
5	1	5	8	9	3	
3	8	6	8	3	3	
3	5	8	5	2	4	
5	5	1	6	10	7	
9	6	3	1	1	8	
8	8	3	9	1	3	
6	1	9	3	8	2	
10	5	1	2	4	6	
9	10	10	3	1	7	
2	3	10	1	10	9	
7	3	1	7	2	6	
5	10	6	9	5	5	
1	6	10	5	3	7	
4	2	4	2	8	1	
8	4	7	2	1	3	
7	5	4	9	8	2	
8	5	1	1	9	6	
2	10	9	1	8	6	
10	3	9	10	6	4	
4	7	6	8	9	7	
8	5	5	4	6	7	
4	6	5	6	10	10	
2	1	1	8	3	3	
10	2	5	10	7	2	
3	9	4	9	6	5	
8	2	4	2	2	2	
3	6	6	3	8	6	
8	3	3	3	10	7	
1	8	4	9	9	3	
8	8	7	6	9	5	
2	2	6	3	1	6	
3	3	8	2	10	5	
8	3	4	7	10	5	
5	3	3	1	4	5	
3	7	8	6	2	4	
8	3	7	3	9	7	
8	1	1	3	5	8	
6	10	9	8	9	10	
6	6	1	6	2	9	
10	8	4	5	5	4	
2	4	9	10	1	8	
3	3	1	8	6	8	
3	4	5	9	9	3	
6	1	5	7	7	2	
10	1	4	10	3	2	
7	7	2	6	9	4	
10	4	9	5	8	9	
7	8	2	1	4	2	
4	7	3	5	1	3	
5	9	5	6	4	1	
3	7	7	5	7	3	
6	5	7	10	10	4	
6	9	3	3	8	3	
6	6	2	9	10	2	
1	8	2	4	4	8	
2	6	7	3	8	6	
5	4	1	7	8	6	
5	2	5	1	4	6	
2	5	7	6	2	7	
9	2	9	1	3	5	
5	1	6	1	3	10	
9	3	6	4	3	8	
9	2	10	7	1	8	
7	9	4	2	7	10	
3	10	4	6	10	5	
9	7	2	6	3	4	
1	7	6	8	1	7	
6	8	5	9	6	5	
4	3	5	8	10	10	
8	4	1	4	5	3	
10	9	2	3	2	9	
4	9	9	1	5	8	
6	5	9	9	1	9	
1	4	1	6	4	9	
3	9	10	10	8	4	
3	5	7	10	10	4	
10	1	6	10	8	3	
9	4	5	4	8	2	
8	5	10	6	3	6	
2	2	2	2	1	2	
2	4	3	3	4	9	
2	9	6	7	1	5	
7	6	9	10	7	2	
2	5	5	7	4	1	
8	3	10	5	8	1	
5	10	4	9	6	7	
3	1	9	4	4	1	
3	2	2	5	2	9	
8	4	10	2	7	5	
5	3	10	2	1	10	
1	5	8	10	9	10	
8	3	6	2	4	8	
4	1	3	1	7	9	
9	7	8	6	6	9	
5	8	10	8	2	7	
4	9	3	1	10	1	
3	10	7	7	4	7	
5	2	2	10	8	10	
8	5	8	3	2	7	
5	8	2	7	9	3	
2	5	5	9	4	10	
6	7	4	8	2	5	
2	3	5	8	6	10	
2	8	2	3	5	3	
9	5	6	7	1	2	
1	4	4	9	6	4	
8	9	1	2	4	10	
6	7	2	9	3	3	
6	6	2	5	9	10	
9	8	7	2	3	10	
6	5	1	1	5	6	
5	3	6	3	6	4	
2	7	4	5	8	10	
5	9	8	7	7	6	
1	6	7	5	8	5	
9	9	7	9	5	6	
3	5	8	3	10	7	
7	7	4	1	5	9	
2	5	1	2	8	1	
7	2	1	5	5	1	
8	7	1	3	4	6	
6	1	2	8	5	7	
4	8	4	5	6	7	
9	6	2	7	4	5	
6	4	9	10	2	2	
6	5	6	6	9	6	
4	5	3	1	1	2	
2	6	2	6	10	4	
3	5	4	4	7	5	
3	4	7	6	6	1	
4	8	10	3	6	10	
8	5	8	5	6	1	
5	2	3	6	3	6	
8	2	7	8	3	7	
4	6	1	2	10	3	
4	7	7	7	10	2	
4	6	10	5	7	3	
10	1	4	5	6	8	
3	1	8	10	3	9	
7	9	1	8	2	3	
7	4	10	1	8	8	
9	2	1	2	8	2	
6	8	5	6	4	10	
4	3	6	6	1	6	
10	2	8	4	8	10	
4	2	6	10	5	1	
7	3	3	6	9	3	
1	6	4	5	8	10	
7	4	4	9	7	6	
8	2	5	1	3	10	
4	5	9	3	10	3	
3	8	4	1	1	8	
9	2	3	4	2	1	
6	3	7	4	9	7	
1	6	7	2	10	5	
7	1	5	6	5	6	
9	8	10	8	7	10	
10	9	1	4	2	7	
1	8	5	1	7	9	
3	5	10	7	5	4	
7	8	4	10	5	2	
4	9	5	5	5	6	
7	5	1	8	7	10	
9	3	2	9	2	6	
2	8	8	9	2	5	
7	10	4	5	6	9	
3	2	10	6	10	10	
9	5	4	9	4	1	
10	3	4	1	5	9	
10	6	4	1	7	3	
2	5	7	4	5	9	
2	7	3	1	9	6	
5	1	1	9	8	7	
9	9	2	2	5	9	
8	7	5	1	3	5	
5	6	4	1	10	3	
4	3	9	10	7	7	
1	4	3	9	2	1	
3	6	3	10	4	1	
8	3	6	6	1	10	
1	7	7	2	6	1	
9	7	5	8	2	5	
6	1	9	8	10	2	
8	7	7	8	9	9	
2	1	6	5	7	3	
10	5	3	2	1	2	
6	4	4	1	5	9	
2	8	3	4	6	3	
4	1	9	6	3	4	
7	8	4	9	2	3	
1	9	10	7	4	9	
3	6	7	5	6	3	
1	9	9	2	2	1	
3	9	3	10	4	8	
2	10	4	4	9	4	
2	3	3	10	9	3	
4	7	5	1	6	2	
7	4	7	3	3	9	
5	3	6	6	6	6	
8	2	9	4	9	4	
9	7	6	3	3	3	
9	8	5	3	6	7	
5	9	6	2	1	5	
9	10	10	3	3	4	
2	4	7	1	4	5	
2	7	8	9	10	6	
10	4	6	9	9	10	
3	2	8	3	2	2	
6	6	10	1	5	6	
9	1	1	9	2	2	
9	4	6	10	9	9	
5	10	4	1	6	8	
7	6	5	9	5	4	
3	10	6	7	10	5	
1	1	1	10	3	6	
2	6	9	8	4	9	
10	7	9	2	5	3	
1	4	1	4	5	3	
3	9	10	9	3	7	
8	2	5	7	4	5	
8	4	5	3	8	4	
8	5	3	6	4	5	
10	7	5	8	5	10	
3	10	9	5	5	3	
8	9	9	6	7	8	
10	7	3	6	8	10	
8	10	3	2	5	6	
5	5	1	1	2	8	
10	8	1	5	6	5	
7	9	7	8	9	1	
1	7	9	7	4	4	
3	8	6	6	7	7	
2	10	5	4	8	1	
1	7	3	1	3	8	
1	6	9	5	8	3	
1	3	4	3	1	3	
7	7	1	1	2	1	
9	10	9	4	6	9	
2	2	7	1	2	8	
5	9	3	1	5	7	
2	10	8	3	8	7	
8	9	9	1	9	10	
3	7	2	10	2	1	
8	9	2	8	1	10	
7	3	10	10	3	5	
10	7	5	4	4	8	
5	6	6	1	4	8	
9	9	7	7	8	8	
9	4	10	2	5	6	
3	6	9	3	9	3	
2	5	9	9	8	10	
8	10	6	9	5	3	
1	3	10	8	4	10	
2	4	5	3	6	9	
6	2	1	7	2	10	
10	4	7	9	4	1	
3	3	3	10	3	5	
5	5	8	1	7	4	
3	2	8	5	10	1	
6	6	2	4	10	10	
2	9	9	9	2	10	
4	3	4	2	3	6	
6	6	4	5	9	8	
8	5	10	3	7	5	
9	4	6	3	4	5	
5	9	5	10	2	6	
9	10	8	10	8	2	
4	10	2	1	5	2	
5	6	5	2	10	2	
8	3	2	5	1	6	
1	4	4	7	4	4	
8	4	7	9	10	8	
9	4	9	2	8	1	
9	2	4	2	10	9	
1	9	10	7	5	10	
8	9	2	1	10	9	
8	4	7	5	8	2	
6	1	5	5	7	8	
2	1	1	5	3	4	

Stepup times between Families, where [f][f] represents initial setup time
On machine	1
87	41	27	37	23	58	39	98	81	90	45	30	46	87	69	6	77	10	4	14	5	15	39	86	97	14	46	32	85	37	62	57	70	44	99	53	25	69	22	10	64	78	38	84	38	59	37	79	85	76	90	25	36	58	41	27	5	85	54	65	
79	58	9	8	65	34	33	91	64	23	64	46	77	73	51	91	89	83	58	21	92	55	66	74	40	92	5	11	64	31	50	3	16	44	53	60	70	61	65	41	66	91	80	16	75	36	59	74	10	85	87	97	30	9	75	17	36	53	80	47	
7	73	5	25	79	35	66	58	51	63	46	97	73	7	56	27	74	44	59	70	57	52	14	95	96	13	83	88	20	77	21	98	32	80	8	56	97	36	24	69	100	19	54	27	72	74	46	69	50	87	4	18	99	40	97	26	9	58	40	24	
68	97	18	89	98	30	3	88	76	85	2	14	35	65	47	8	92	24	7	95	12	7	59	3	15	36	1	27	89	18	51	39	65	79	61	95	25	93	54	24	70	19	17	45	38	80	74	56	76	89	2	12	27	26	19	44	29	94	25	57	
44	16	72	53	42	89	83	57	93	48	8	73	7	7	86	65	52	30	35	62	76	68	61	53	55	50	23	74	41	65	39	33	19	56	79	26	43	89	16	67	47	22	39	18	93	83	31	2	14	94	49	54	92	92	18	5	20	66	2	61	
68	33	13	30	45	26	71	61	21	45	60	44	91	65	65	52	18	49	40	78	23	32	58	10	33	22	79	85	75	9	5	84	1	15	92	81	87	62	98	98	7	83	23	28	55	68	63	38	78	4	43	2	71	56	20	3	86	87	82	60	
68	33	100	28	41	93	20	74	68	16	94	22	13	33	12	21	69	7	97	81	79	43	2	77	50	59	16	56	52	47	4	27	37	5	11	52	70	80	13	88	8	88	16	89	60	54	72	44	88	10	47	29	79	68	50	25	73	83	78	95	
73	62	92	70	20	9	77	21	51	92	87	60	87	63	8	94	46	6	20	12	29	17	80	33	41	6	59	98	55	17	58	88	40	57	96	32	80	77	28	10	49	74	65	53	82	3	29	78	54	44	37	95	35	84	53	22	42	53	65	33	
32	69	95	76	86	90	2	13	77	89	46	100	18	36	72	16	28	25	33	52	1	94	82	89	14	51	74	95	37	1	48	30	73	28	82	75	21	83	67	3	32	10	96	79	49	56	1	60	57	58	50	1	57	79	42	47	66	38	71	97	
90	46	83	40	9	64	64	8	4	58	15	15	92	18	2	42	14	8	49	50	30	80	5	85	1	51	12	77	56	17	24	7	49	44	56	76	60	99	38	72	35	69	42	24	70	74	3	25	98	70	19	10	2	21	6	39	58	35	89	14	
7	73	33	18	67	55	17	73	15	99	23	2	26	70	47	56	100	90	61	6	27	12	46	87	53	55	12	35	26	45	9	15	3	40	53	57	79	35	55	24	53	86	58	79	70	47	99	63	53	91	54	34	44	44	37	85	64	44	41	90	
23	2	72	27	61	72	89	65	98	4	61	80	14	23	98	86	3	51	3	26	86	19	51	68	30	69	1	2	38	27	23	92	37	90	85	91	20	63	37	86	78	87	65	14	3	93	56	84	35	30	65	9	56	32	72	5	83	91	54	55	
43	96	83	72	7	26	94	2	84	99	41	3	58	34	29	90	51	30	96	73	96	36	65	39	16	100	21	88	10	46	8	87	7	23	25	31	45	56	9	81	86	42	36	13	47	67	90	31	82	45	34	92	53	81	17	29	10	49	93	59	
96	70	86	100	55	27	45	16	11	98	79	4	17	6	8	79	39	68	16	82	52	2	6	58	23	13	71	54	76	46	33	74	4	63	41	50	70	50	54	76	42	94	92	6	65	86	27	10	100	23	51	46	10	13	71	22	65	12	49	75	
20	47	74	95	10	93	34	54	33	76	53	39	21	58	67	79	47	26	54	21	49	46	2	52	31	6	70	17	15	22	41	15	69	51	1	87	66	24	59	52	51	39	63	68	8	69	66	41	38	53	1	1	7	87	19	15	24	21	67	10	
57	87	71	83	16	12	53	97	73	88	80	3	60	24	54	40	7	2	47	61	46	41	100	46	48	25	16	80	52	87	78	46	20	51	5	83	12	61	89	38	70	82	35	63	24	31	86	98	35	99	11	6	35	17	2	91	52	8	14	42	
43	74	39	76	7	87	10	6	5	50	52	1	13	100	26	78	36	8	41	99	87	3	26	30	70	85	12	49	45	12	37	94	89	75	37	25	2	37	21	69	39	40	75	84	35	3	63	81	47	20	13	6	4	54	27	77	6	70	54	3	
33	16	9	48	39	95	18	25	2	75	43	79	83	13	42	91	79	88	56	31	41	45	92	52	33	56	24	84	60	74	8	78	31	30	93	7	40	20	72	15	46	3	20	33	68	98	25	35	33	77	49	10	27	49	80	48	38	81	27	43	
78	86	70	73	36	30	22	36	32	56	52	8	50	95	63	86	91	39	80	36	98	32	32	26	44	6	69	79	27	1	17	5	2	6	24	29	50	22	64	50	84	85	89	59	47	53	22	51	70	97	18	53	85	40	88	44	56	78	5	69	
85	84	78	42	68	23	5	57	59	79	91	62	91	13	41	97	76	47	15	32	55	82	36	19	18	92	8	84	60	8	50	81	7	99	94	24	38	67	74	82	59	41	79	35	81	19	46	22	89	76	63	20	94	83	19	77	30	42	85	25	
43	19	58	56	38	44	25	1	38	56	71	64	57	13	71	62	71	38	34	76	83	8	26	67	21	45	32	76	68	13	15	36	21	85	31	73	92	56	94	89	88	88	28	70	1	97	17	91	43	84	83	46	68	43	96	82	74	87	38	3	
88	89	66	76	43	29	26	85	39	32	66	57	70	77	60	45	91	30	67	93	8	56	29	18	31	77	5	29	81	48	76	23	94	22	5	98	12	91	54	87	19	34	73	32	26	86	37	72	68	13	74	97	35	30	58	93	1	42	20	32	
64	18	41	40	31	64	6	10	64	55	13	80	86	28	51	100	28	26	81	8	83	12	98	90	22	70	76	42	24	66	46	1	77	64	18	97	26	31	43	7	63	25	49	40	38	8	4	34	6	27	69	84	68	61	62	49	32	20	77	10	
19	77	23	11	31	6	75	79	48	39	97	13	66	53	3	82	87	68	75	36	90	96	61	73	31	91	67	9	18	4	7	84	54	3	95	88	3	12	100	13	44	69	79	9	92	7	27	62	87	3	9	94	35	61	41	87	61	34	78	27	
98	35	98	57	38	4	6	16	60	98	68	32	74	99	79	31	21	3	1	14	4	5	22	23	90	94	8	81	54	49	65	86	82	99	36	97	94	5	75	40	2	28	77	75	10	10	48	6	30	74	17	39	17	30	30	60	33	87	19	80	
88	2	1	27	10	37	28	79	55	96	88	24	85	86	37	91	33	47	45	55	22	98	26	84	15	1	89	33	7	12	82	19	17	52	93	78	85	74	65	19	67	67	67	27	66	68	85	100	38	52	99	49	62	41	29	35	33	44	54	29	
77	89	57	7	8	59	91	94	99	44	92	38	52	72	5	62	92	86	9	65	29	3	38	25	76	13	14	16	47	79	23	56	73	23	92	27	6	47	41	88	12	37	73	36	46	1	29	1	8	68	16	22	23	38	29	39	86	12	57	64	
17	92	22	84	18	100	87	68	97	76	28	59	41	19	96	80	95	72	73	6	16	91	100	81	15	35	46	70	8	44	86	19	44	36	88	66	100	53	97	25	19	35	44	36	100	44	28	51	89	71	71	64	50	81	39	59	45	97	59	23	
84	3	48	96	75	31	56	21	64	35	95	7	48	46	77	34	32	43	63	33	31	17	96	85	74	48	70	15	97	64	13	61	56	32	44	15	67	25	100	18	53	76	41	22	75	62	90	94	38	99	11	17	2	58	88	2	6	46	45	46	
68	71	88	37	91	18	95	10	90	3	62	56	3	62	47	57	68	40	80	48	52	46	69	39	93	78	27	42	68	85	36	59	98	24	32	26	82	71	74	47	26	11	56	53	47	52	48	37	7	62	83	51	29	95	21	72	40	57	25	18	
36	83	70	100	5	90	64	97	88	42	76	6	35	67	64	53	76	29	62	97	17	50	3	48	94	10	70	64	27	43	65	37	16	14	92	57	19	37	74	73	25	71	48	4	51	13	38	25	10	87	63	10	33	50	80	42	94	35	74	2	
79	48	4	96	78	29	71	24	51	97	88	3	41	10	21	100	92	99	100	61	2	37	8	91	3	48	90	94	5	98	7	83	35	84	66	82	53	64	20	2	17	39	67	59	77	27	16	27	17	100	76	44	26	39	9	29	52	91	48	23	
67	75	34	10	76	95	75	72	98	71	50	1	18	89	43	72	68	7	73	25	99	91	28	79	89	69	34	20	50	58	3	2	13	58	71	92	96	57	95	70	64	82	52	37	97	80	51	95	11	48	84	41	53	18	54	97	24	83	98	67	
16	99	43	99	38	56	85	17	1	11	93	67	35	13	33	34	39	41	97	39	32	67	60	96	75	88	87	87	25	57	42	47	71	89	56	1	31	23	34	72	43	99	7	79	83	28	30	87	78	66	19	5	85	61	35	53	70	73	98	93	
51	11	22	79	57	8	2	88	74	65	92	57	81	27	39	48	49	7	23	4	24	48	98	84	86	76	27	13	88	13	65	50	50	17	50	20	21	96	76	33	17	4	88	14	23	65	2	36	64	14	20	30	1	48	78	29	41	41	9	88	
28	12	94	18	71	63	90	69	60	65	11	64	100	9	38	20	21	87	71	67	53	94	77	49	71	89	46	11	92	69	37	93	59	74	2	82	53	18	26	35	44	87	44	32	21	1	74	98	35	27	32	18	38	5	69	24	84	62	88	96	
71	19	23	52	71	3	5	50	65	32	61	61	92	2	44	14	14	79	20	42	10	55	67	60	37	24	29	20	59	57	26	69	4	98	66	98	23	100	23	17	5	7	52	72	65	51	54	78	2	26	83	52	30	6	33	86	94	44	42	12	
33	29	21	44	13	100	15	3	59	99	11	8	31	25	11	28	37	4	53	43	74	44	88	73	57	12	54	80	79	71	5	49	85	66	37	57	18	64	42	14	100	65	99	35	63	52	66	96	59	62	20	61	41	80	19	88	69	41	90	17	
62	95	81	54	71	52	38	67	61	14	3	16	73	31	45	1	15	66	32	89	27	66	8	37	47	30	76	87	17	21	9	62	39	87	77	24	60	39	95	27	84	86	78	5	90	27	86	66	65	1	15	54	18	46	37	67	65	74	42	35	
2	52	74	38	32	34	88	27	66	47	46	9	54	36	26	48	72	19	54	83	48	32	69	84	83	4	99	2	89	8	63	3	30	62	90	58	59	74	31	10	16	92	1	44	36	100	33	21	82	97	56	60	33	55	3	10	18	7	85	55	
18	40	93	36	28	11	33	94	35	26	74	90	43	54	37	56	52	94	69	73	32	27	2	96	79	45	13	69	68	18	61	57	37	66	49	89	89	63	11	5	33	90	73	26	97	49	38	26	88	22	55	60	43	68	2	48	42	96	47	77	
51	35	25	37	64	26	95	88	27	74	72	11	24	82	35	19	37	89	19	22	60	64	35	81	82	44	37	95	71	15	40	17	2	89	82	43	10	13	51	1	97	73	31	53	4	2	58	8	67	23	38	39	43	89	36	73	61	47	27	10	
44	58	13	18	94	40	4	46	47	97	88	69	99	46	41	67	33	98	20	74	4	93	17	30	5	75	76	15	100	33	92	21	3	34	42	15	17	16	66	10	12	35	99	8	78	87	27	40	32	98	58	5	7	9	85	35	46	51	89	24	
36	26	55	47	48	25	87	81	70	77	50	24	64	32	97	73	25	14	10	89	16	18	92	64	48	81	74	89	59	34	96	63	12	46	45	96	74	72	64	35	98	47	2	100	95	74	43	29	40	85	25	17	94	51	61	19	12	83	48	12	
99	46	41	97	89	49	59	37	73	27	37	30	56	86	43	37	58	63	60	79	4	50	99	21	4	39	63	47	58	58	78	89	82	1	15	2	98	51	30	94	65	59	29	65	44	82	93	64	32	18	83	68	40	31	3	21	48	11	8	68	
94	41	73	56	85	58	36	57	55	40	61	14	95	50	13	45	42	92	12	97	25	38	71	47	84	43	74	24	86	40	97	38	37	42	41	8	46	56	70	87	16	33	27	38	38	34	81	14	7	2	59	75	42	5	33	45	16	38	88	34	
72	84	18	87	17	28	62	98	36	53	38	87	86	44	35	93	66	25	49	23	6	33	36	98	46	86	1	26	29	64	89	9	92	49	75	90	41	3	20	69	12	56	80	94	12	90	66	100	76	21	80	1	19	38	73	87	61	61	59	97	
27	69	56	62	26	58	63	93	94	3	99	22	100	53	24	51	86	52	4	71	95	69	96	11	39	35	43	54	11	58	11	7	56	1	11	68	44	78	27	16	74	28	22	48	51	80	81	79	13	40	65	5	75	96	35	98	33	74	53	70	
77	89	44	43	78	4	36	56	52	67	100	89	88	78	82	96	46	57	21	2	8	72	73	63	68	48	90	73	49	37	81	96	70	14	3	70	96	58	92	13	9	24	100	9	57	85	7	38	24	20	94	51	31	87	51	92	83	84	5	61	
48	74	5	47	95	45	52	55	26	39	71	85	44	1	31	22	79	81	29	37	21	85	73	35	87	64	64	33	60	80	80	58	97	64	11	100	50	38	39	43	97	91	69	72	40	98	55	12	28	63	15	14	69	53	53	1	91	45	8	49	
97	92	66	31	80	87	49	87	66	70	100	17	12	55	53	68	45	31	14	99	96	57	39	44	93	38	44	1	7	37	19	97	24	96	100	93	89	55	11	31	96	95	90	70	24	5	60	54	35	96	41	50	77	29	7	32	12	5	12	1	
39	48	33	52	64	12	42	27	65	12	55	12	94	18	19	2	59	15	94	72	15	41	20	1	17	1	96	1	42	35	11	67	40	50	94	51	1	12	36	26	87	34	12	68	71	96	81	16	91	87	67	54	48	63	23	33	40	35	22	36	
28	22	11	43	69	15	41	22	48	85	46	21	52	29	13	60	67	63	93	93	39	63	55	20	62	4	6	30	8	21	1	9	5	44	68	46	71	47	59	80	80	97	24	21	31	41	27	7	51	73	86	56	32	78	42	49	46	61	12	87	
3	85	52	51	73	27	64	68	93	46	96	66	98	1	69	37	8	6	58	18	54	61	18	30	77	99	11	45	83	7	7	5	81	82	100	82	61	17	61	72	35	85	40	79	32	98	10	58	79	32	49	60	100	42	95	18	94	96	19	33	
50	36	5	23	8	99	74	52	56	1	77	67	69	26	78	8	8	70	87	80	85	24	78	91	9	50	79	97	80	36	58	65	85	54	78	58	98	26	31	58	10	55	50	96	52	38	8	32	14	83	64	70	9	84	59	91	30	100	16	51	
10	15	20	16	90	83	16	65	74	46	42	63	67	35	37	80	11	54	88	20	96	16	92	5	15	82	77	65	70	20	6	67	36	1	36	19	28	97	62	41	73	15	42	85	36	77	81	14	90	36	19	68	64	100	5	68	12	84	20	45	
2	26	39	46	26	90	44	93	88	15	43	58	74	13	2	28	16	5	12	31	78	82	4	59	89	81	61	84	83	60	44	14	57	78	17	91	21	10	10	55	89	40	76	91	69	92	31	61	4	19	48	43	38	87	81	70	72	18	33	16	
28	40	77	85	63	20	38	83	8	57	43	40	11	26	97	61	94	68	77	72	59	39	90	97	14	10	93	32	4	55	85	5	56	58	14	57	72	44	44	73	56	91	87	45	95	40	62	91	30	54	52	72	65	65	62	49	94	81	15	2	
9	84	33	63	86	77	24	23	5	94	36	22	39	73	21	86	44	30	10	82	72	64	8	1	70	13	40	64	47	23	100	27	3	13	8	41	50	93	43	99	37	27	33	66	15	25	95	74	22	64	39	41	88	11	68	85	83	15	52	14	
49	28	96	12	31	66	3	3	92	65	43	56	77	81	41	12	84	8	95	74	21	22	95	49	63	72	21	9	75	88	81	11	54	20	58	52	100	47	90	15	33	59	68	26	55	13	18	40	88	43	78	77	30	68	47	94	24	57	63	16	
On machine	2
42	58	28	5	68	55	44	32	79	12	97	18	40	66	29	31	37	28	77	75	21	84	68	32	28	15	15	71	39	76	58	72	13	7	17	59	98	53	48	96	95	65	72	31	90	11	75	12	47	44	82	49	51	89	97	74	27	89	74	84	
97	3	6	65	75	61	20	71	5	70	67	11	40	91	83	40	38	84	26	8	67	99	53	29	20	41	92	68	32	35	18	74	89	80	42	12	44	30	1	49	55	90	69	66	98	24	81	77	52	42	70	76	47	7	57	28	90	27	27	65	
42	46	25	61	55	78	44	17	97	41	39	11	62	65	22	12	86	18	43	47	44	41	99	67	94	74	56	66	61	65	36	78	86	96	32	68	48	37	18	75	41	1	36	74	86	80	34	86	43	67	93	94	39	37	41	23	45	11	92	34	
47	38	96	39	18	11	23	28	63	93	45	71	8	100	46	73	94	17	80	83	73	57	79	37	36	15	59	72	63	18	62	64	74	62	51	7	24	61	6	81	40	49	40	16	63	13	41	73	2	57	41	92	9	50	100	69	15	93	90	40	
76	43	18	65	45	17	48	63	47	4	72	70	31	7	57	11	24	92	51	89	34	17	65	57	74	28	42	57	37	93	2	36	37	14	27	53	77	19	73	46	96	75	2	51	33	2	86	80	82	9	87	71	63	75	72	45	92	50	79	74	
1	61	71	66	28	75	83	79	92	12	44	89	6	62	61	53	89	35	16	70	46	16	16	43	35	9	49	48	11	96	100	3	55	15	40	54	28	22	28	76	65	8	86	76	73	32	35	76	52	68	79	21	58	49	59	74	81	98	90	16	
76	89	21	33	28	70	23	88	38	31	23	43	77	19	27	86	22	71	28	95	52	34	39	98	53	92	88	36	34	18	89	54	90	43	38	92	19	74	70	6	96	26	52	61	22	86	94	55	71	46	34	63	100	29	96	53	31	78	95	8	
16	44	43	29	22	45	70	83	12	38	66	43	93	83	82	46	39	51	89	40	3	37	95	100	49	50	89	29	81	21	59	47	50	18	56	91	67	3	54	50	35	8	3	21	21	91	7	57	12	55	14	93	59	44	12	5	65	91	27	63	
26	54	46	12	13	47	32	88	13	6	50	47	57	95	4	53	29	20	97	90	2	71	10	21	77	48	1	82	91	46	86	46	79	90	42	76	52	71	42	89	80	92	2	27	29	75	35	78	32	28	17	87	84	5	17	53	56	75	34	12	
51	5	14	63	50	55	84	47	99	26	68	86	45	82	74	29	12	56	58	88	34	49	15	61	74	27	15	12	88	70	67	79	10	30	95	18	45	31	64	40	58	84	20	30	51	44	50	87	77	14	78	73	40	37	91	67	37	40	19	11	
62	30	79	10	46	75	16	10	96	8	94	15	18	14	83	94	66	63	65	85	76	90	99	71	77	26	1	30	44	79	15	18	93	29	100	74	50	98	67	60	29	64	37	37	6	50	44	77	87	41	12	8	37	18	97	18	73	98	52	89	
51	82	57	28	61	24	44	42	55	54	74	79	2	90	46	78	99	93	25	36	73	92	67	88	1	7	15	71	13	88	37	18	18	44	70	89	39	24	51	67	43	95	34	72	98	58	89	17	47	12	88	14	76	82	26	24	19	26	35	78	
12	44	72	33	58	69	50	47	58	52	43	68	1	77	78	62	62	91	26	75	84	1	26	84	13	25	72	93	87	9	75	78	78	94	57	92	54	17	24	63	82	79	63	10	34	16	12	70	1	63	65	80	18	93	7	6	91	52	75	78	
14	94	56	31	15	86	43	60	7	88	98	96	68	59	6	65	53	96	6	35	15	93	37	30	3	53	67	63	82	38	89	4	19	11	1	27	92	48	8	7	60	78	38	91	35	63	21	40	86	69	70	90	36	49	60	72	37	40	10	31	
87	49	59	2	98	62	4	39	32	56	74	81	65	47	21	19	95	75	12	24	33	83	82	23	53	20	68	52	32	49	11	11	65	24	45	45	28	78	63	6	92	38	22	2	22	55	55	42	89	63	67	72	11	18	90	81	21	36	50	95	
74	42	84	91	4	23	63	45	96	22	43	50	55	2	20	60	76	31	87	76	87	11	25	21	79	23	12	1	85	14	18	64	65	42	75	87	88	54	48	21	34	24	16	87	33	40	84	26	50	65	35	67	88	83	20	42	73	8	38	10	
87	22	99	64	48	9	68	33	30	41	21	1	51	47	86	58	30	57	21	6	8	46	17	12	49	63	94	84	78	18	58	93	65	5	43	6	80	31	21	60	1	88	58	87	1	83	97	59	83	7	56	85	99	67	22	69	92	11	52	34	
53	98	98	93	19	93	84	11	28	32	89	54	38	51	19	52	87	60	28	77	87	64	70	50	10	82	10	54	64	75	14	22	70	22	58	43	71	68	11	70	4	100	99	24	67	35	52	15	50	2	61	57	30	14	57	98	9	45	77	3	
9	83	19	49	46	100	4	99	47	20	32	52	32	23	48	69	83	22	57	30	48	69	14	2	69	91	37	100	45	75	54	79	100	12	97	93	76	71	39	8	95	95	42	97	49	85	4	81	35	17	21	93	12	81	44	37	79	81	16	69	
73	91	43	34	36	20	26	6	64	74	38	42	89	19	23	20	66	38	71	10	37	69	85	45	90	63	6	13	4	18	84	88	29	47	82	13	77	85	75	43	31	83	42	30	39	66	41	78	75	35	20	26	100	44	9	62	39	1	66	3	
48	49	50	50	94	90	80	84	80	93	96	5	72	33	99	24	44	59	17	98	13	22	97	25	24	24	5	63	26	16	86	7	40	42	14	23	27	36	80	70	28	54	61	64	27	96	93	67	33	6	91	85	27	16	12	28	10	40	40	9	
63	29	67	44	8	41	60	46	64	1	32	20	33	22	65	31	80	4	39	28	29	59	59	50	10	66	14	46	48	71	68	99	11	54	13	94	38	10	88	67	53	65	18	73	72	35	85	62	32	61	30	31	16	58	32	78	64	83	91	12	
29	47	59	6	37	77	100	95	80	61	57	44	55	40	60	94	76	44	90	18	54	99	59	55	75	87	44	93	75	78	30	86	66	11	74	13	21	81	36	72	77	22	44	34	41	70	48	70	9	21	62	35	3	82	84	8	12	82	81	30	
66	65	25	51	37	55	57	9	92	13	36	12	33	33	77	12	92	67	6	10	64	14	41	20	74	11	5	88	65	27	84	93	78	87	34	12	49	91	8	90	17	55	81	21	17	22	40	84	70	8	36	86	59	91	53	90	43	80	24	12	
98	22	76	32	94	83	26	100	67	7	78	23	80	18	27	99	88	29	1	70	81	99	1	53	77	68	76	69	66	18	79	26	34	84	39	32	6	31	33	4	54	79	4	56	6	82	30	35	71	11	83	95	41	49	36	64	23	41	7	19	
8	54	12	66	61	39	35	24	23	70	27	68	98	27	46	71	1	91	14	77	48	6	28	23	12	31	50	58	39	26	98	15	12	82	33	56	95	72	54	10	59	72	15	95	19	23	80	93	48	21	10	28	1	35	98	29	100	15	51	100	
20	83	53	67	34	60	55	11	45	76	98	98	81	9	74	9	94	55	6	57	72	48	15	17	2	35	74	58	25	75	83	45	94	92	96	96	7	46	97	7	82	30	91	41	26	85	52	64	66	60	72	1	83	44	33	63	53	93	24	97	
81	46	97	38	50	14	70	93	78	66	45	73	6	25	47	63	48	37	33	65	3	52	49	37	28	85	68	75	84	40	3	43	42	63	10	14	3	55	9	27	99	7	89	65	78	7	29	59	74	31	37	11	2	69	94	22	71	75	64	84	
55	30	84	95	64	60	79	70	97	77	91	5	42	25	22	94	20	31	20	5	48	68	20	23	22	57	51	84	85	87	28	19	16	26	32	98	73	40	26	54	41	18	56	44	84	7	76	97	83	72	93	47	23	49	73	16	15	50	16	90	
89	55	46	24	17	12	89	68	47	99	79	41	66	68	94	31	17	39	47	33	44	20	72	3	62	4	29	92	98	94	72	85	43	85	100	6	1	83	91	28	5	69	72	32	68	34	80	31	7	8	6	19	77	78	64	69	41	99	84	11	
78	87	89	52	60	7	11	25	5	53	60	11	80	82	35	46	72	67	77	80	4	30	27	30	85	2	3	46	49	96	10	26	95	8	21	80	55	59	35	71	60	49	66	52	14	98	9	100	29	73	66	57	99	21	48	31	97	60	3	41	
49	25	11	13	14	81	13	36	60	71	35	85	94	84	71	68	94	13	99	62	51	3	51	79	28	66	86	46	36	4	1	8	53	12	94	35	94	85	25	57	52	77	73	38	95	16	21	74	21	55	82	27	14	25	88	5	72	75	85	18	
90	35	53	64	82	51	40	17	59	46	73	91	82	72	83	52	80	86	81	67	5	17	5	47	87	87	16	36	58	65	32	88	3	3	35	11	3	1	29	6	25	71	24	89	18	20	34	43	28	86	2	46	33	89	50	99	1	57	33	11	
23	81	49	47	88	73	11	53	92	54	81	39	5	16	35	47	69	49	66	84	43	89	94	88	41	96	39	15	17	15	85	11	49	65	26	48	12	25	60	33	41	98	48	12	70	22	14	31	22	87	54	7	94	17	79	73	42	95	26	86	
86	25	73	91	30	30	24	66	7	24	19	40	83	25	53	44	57	75	53	50	77	26	80	31	44	75	70	92	55	40	36	25	56	99	53	49	74	85	7	34	2	48	76	98	29	55	62	11	92	80	68	55	78	58	90	69	81	16	99	74	
52	53	100	71	7	66	64	82	59	5	42	44	16	91	7	74	72	40	33	46	69	21	27	100	50	75	37	88	94	74	50	90	10	53	16	21	8	36	68	72	51	61	67	7	65	32	40	76	47	36	3	41	40	35	81	49	24	1	77	49	
94	3	26	53	88	59	18	59	94	66	43	35	53	95	88	95	62	26	54	22	98	59	8	11	15	72	39	7	12	56	34	67	89	2	89	79	54	89	11	64	57	69	26	94	54	46	82	6	10	51	19	29	85	62	87	61	40	30	61	86	
7	97	3	51	52	87	45	95	56	94	39	68	22	31	1	82	45	50	61	89	77	30	53	63	77	91	17	87	19	59	59	37	8	74	49	65	10	21	95	1	19	22	78	97	72	94	8	39	2	43	77	23	59	35	65	28	89	32	79	8	
78	89	100	21	96	76	73	96	23	54	87	38	14	21	76	32	19	13	74	44	46	61	45	42	13	22	14	68	13	95	19	36	15	67	38	37	61	20	44	93	47	81	92	54	22	71	48	48	36	91	44	17	3	4	59	2	22	27	50	34	
54	30	57	40	50	20	43	26	73	57	73	23	31	46	68	68	2	20	51	7	26	50	51	19	84	72	73	20	67	70	3	50	59	79	83	44	97	26	76	3	47	34	35	15	50	77	21	13	58	76	9	61	85	89	81	54	42	65	20	68	
23	19	26	17	56	56	55	63	34	80	81	57	8	69	9	52	45	51	84	56	74	19	14	91	5	28	38	61	75	79	96	41	58	58	27	75	18	36	35	6	68	90	58	84	59	41	80	43	47	26	73	42	43	58	62	97	71	99	48	93	
58	46	68	59	68	55	30	71	91	63	21	100	64	80	22	19	48	62	100	87	84	75	55	23	72	67	20	6	30	86	89	37	79	95	78	4	82	90	82	26	6	8	14	70	84	22	82	74	4	11	93	41	80	22	20	54	77	87	26	66	
95	85	26	26	39	84	96	5	83	28	81	35	68	49	17	91	19	40	62	35	30	34	51	17	52	8	10	35	87	27	50	19	65	76	43	32	13	11	3	93	23	83	13	67	63	89	8	69	18	6	70	23	42	38	37	54	47	83	54	39	
41	21	69	62	40	24	12	98	89	98	11	46	43	17	83	34	50	100	93	93	63	73	74	41	68	67	17	13	37	21	100	14	91	43	94	50	48	3	57	13	36	39	39	40	82	40	15	83	38	87	57	17	25	43	90	27	81	62	25	45	
59	4	16	48	66	96	43	29	78	10	53	68	97	57	5	40	4	46	89	74	45	84	80	13	76	33	53	61	32	61	66	27	8	70	90	99	41	15	98	67	9	22	34	64	96	7	35	66	6	78	100	72	70	60	18	12	45	80	88	32	
82	37	83	26	44	2	61	38	68	34	16	61	89	93	46	44	34	79	86	97	75	59	33	49	18	15	58	71	23	98	39	36	37	62	22	99	20	64	26	7	44	20	89	91	91	1	61	21	89	28	58	2	63	99	28	16	43	18	30	69	
98	85	2	4	51	73	61	94	82	71	65	22	44	73	77	68	46	32	69	86	20	70	47	40	47	85	5	30	76	31	60	43	19	24	92	17	52	72	53	50	9	21	78	76	56	57	44	57	18	28	81	68	28	93	25	96	1	89	44	82	
93	20	49	53	93	74	15	22	14	93	18	28	2	61	53	97	44	68	57	45	32	40	88	39	27	81	95	46	60	31	40	9	15	47	33	18	60	85	57	12	59	70	48	83	95	51	93	92	17	70	89	81	3	39	11	74	76	50	34	53	
53	15	43	19	73	42	15	79	17	48	95	82	83	69	34	92	47	35	95	6	98	91	44	68	47	79	82	94	12	48	54	73	6	25	23	27	11	31	41	35	58	7	25	41	60	89	10	54	15	42	3	58	52	91	2	35	36	91	93	22	
13	23	3	19	70	97	37	58	17	8	85	11	42	22	95	1	12	93	74	62	13	10	17	77	89	31	7	34	43	95	15	27	9	24	100	95	93	12	93	75	60	100	32	86	82	65	72	13	70	11	95	31	55	64	57	63	99	33	42	72	
63	87	46	80	36	61	99	96	16	36	86	83	16	31	30	97	24	28	45	5	79	38	81	70	81	12	94	23	82	91	28	50	57	15	100	98	8	80	58	39	78	82	34	93	39	89	71	7	75	83	90	47	26	2	39	39	89	43	54	74	
16	59	22	91	44	11	78	100	55	55	38	67	76	83	3	26	99	66	74	69	3	50	99	12	43	95	83	61	9	27	83	39	91	27	45	44	72	88	100	83	81	32	3	13	36	49	82	73	75	82	4	59	37	1	56	83	42	9	63	81	
33	18	10	46	43	81	32	80	85	72	41	51	36	17	21	1	80	74	15	35	23	57	90	76	100	89	25	50	12	36	96	66	79	82	22	1	82	75	78	28	56	40	63	43	14	52	27	42	24	36	93	88	80	11	66	45	13	80	29	9	
20	33	38	77	93	9	89	82	2	95	86	7	16	53	44	48	91	76	62	45	46	61	66	79	57	97	100	81	22	59	73	33	79	54	13	30	51	62	37	73	70	27	93	95	61	17	85	53	81	92	70	69	84	24	68	97	47	29	34	89	
69	27	17	98	43	20	84	31	55	56	75	35	35	18	75	25	80	58	6	27	82	74	31	67	5	13	52	37	52	60	10	32	90	63	77	91	50	20	81	47	3	93	35	100	20	52	76	55	56	14	79	74	1	89	93	50	6	35	94	72	
54	3	41	31	51	98	48	5	80	4	6	32	22	84	33	75	97	77	44	69	1	43	99	73	23	41	76	51	10	12	18	77	45	40	11	30	10	46	88	39	87	58	96	67	33	93	73	8	47	73	30	70	24	80	44	80	79	62	35	61	
33	15	7	5	95	17	4	28	90	70	31	2	45	32	59	51	83	64	78	89	96	52	19	91	92	45	12	20	77	20	95	97	55	96	59	48	54	12	8	86	72	77	6	73	66	76	2	49	84	25	25	11	82	26	39	84	1	5	24	65	
69	48	88	63	53	92	60	37	50	3	50	19	67	65	25	77	8	4	10	76	72	52	10	81	21	40	46	28	43	82	83	54	56	8	42	22	94	85	51	80	17	69	91	67	47	41	52	42	9	30	64	41	84	70	81	5	8	36	72	23	
39	39	51	4	45	65	61	95	11	40	23	59	9	82	96	60	13	61	38	71	84	1	18	44	79	53	10	35	47	87	16	30	100	60	2	74	24	79	48	25	58	9	90	59	85	85	98	88	59	1	56	40	94	29	92	72	13	58	16	64	
22	38	15	65	71	9	37	93	26	15	12	17	93	21	82	11	18	84	72	59	8	82	98	3	10	90	16	41	71	58	45	24	62	91	41	35	55	99	40	33	94	31	97	58	64	90	21	49	27	54	89	78	45	74	40	49	80	28	85	88	
On machine	3
100	39	87	54	6	88	70	5	84	60	47	5	16	53	83	69	45	78	9	17	72	31	60	5	16	66	46	81	32	51	62	41	5	39	95	67	6	31	14	94	18	37	18	98	61	39	22	22	10	95	70	32	29	52	66	55	28	94	36	1	
7	67	52	51	56	8	1	18	59	58	89	51	78	23	28	35	72	47	65	12	91	3	86	86	15	87	91	5	17	43	77	25	20	16	91	63	15	84	60	100	72	36	46	44	15	60	75	52	5	100	38	63	46	44	20	42	93	37	87	50	
48	11	94	6	68	71	22	9	9	82	81	84	29	68	6	32	5	73	9	91	97	86	67	20	1	8	87	40	8	70	45	47	44	16	31	8	57	2	91	80	23	33	25	11	30	20	29	68	89	39	67	34	91	57	81	51	39	38	60	94	
74	19	59	75	93	56	16	98	73	46	44	56	72	55	70	65	48	59	75	59	34	77	36	1	79	68	79	51	37	86	63	21	93	14	23	71	76	45	100	53	12	72	66	78	32	43	16	1	38	81	75	37	100	26	30	57	29	37	99	37	
70	28	71	20	73	89	70	31	36	14	21	56	12	82	45	6	8	77	21	88	65	50	31	92	48	76	75	74	90	16	11	49	6	80	50	21	100	70	36	70	9	6	97	64	31	10	37	95	62	85	55	93	4	62	45	70	93	62	88	59	
17	87	92	86	74	82	14	36	40	23	60	64	63	83	41	76	97	55	38	54	92	79	12	65	43	13	58	7	83	36	5	100	51	31	54	36	64	18	68	46	72	7	84	47	59	56	13	97	52	80	75	18	18	83	38	55	82	64	14	100	
58	98	46	23	2	32	45	49	30	20	68	75	49	81	18	40	53	81	29	7	50	19	17	80	23	42	66	24	98	5	93	1	23	99	54	94	33	34	17	90	20	40	22	54	38	39	47	26	91	2	56	25	90	99	68	88	51	42	79	39	
14	97	10	17	41	6	59	85	45	18	57	57	9	11	26	20	83	72	19	75	55	7	83	11	49	16	64	81	10	28	55	77	30	29	18	48	37	64	7	77	24	26	90	2	33	43	63	52	41	4	89	47	16	36	86	35	14	98	85	55	
1	53	80	86	23	91	9	52	34	38	31	93	61	72	44	65	56	38	66	35	11	55	83	63	10	77	25	70	85	69	74	99	51	87	3	21	52	73	7	10	44	40	23	62	28	62	83	13	75	70	27	65	41	49	27	67	66	67	80	67	
6	57	80	93	52	52	56	79	49	61	40	61	79	66	86	52	10	6	7	70	41	37	18	5	87	38	18	90	75	92	87	80	66	86	92	68	89	82	87	31	63	9	7	99	44	25	50	74	1	10	19	49	70	13	3	99	50	10	24	25	
90	85	97	41	100	44	59	21	9	63	3	22	49	36	46	44	38	43	93	45	8	48	61	90	43	92	25	60	45	82	13	19	89	99	51	55	53	55	12	100	20	62	62	3	11	25	91	73	21	30	52	56	80	23	75	52	62	49	58	12	
96	4	61	45	82	32	77	66	47	40	10	12	59	26	74	35	62	94	19	54	86	40	43	40	15	75	74	24	30	7	84	18	40	93	75	30	73	34	55	25	52	85	16	21	57	89	68	50	29	26	42	78	80	83	42	69	20	4	41	13	
40	72	12	47	56	98	68	31	92	100	16	61	48	44	67	52	38	98	64	23	80	69	71	94	83	45	40	54	48	82	62	56	18	99	69	43	72	33	92	23	33	77	82	5	57	67	99	81	26	13	97	67	63	67	28	41	36	64	51	19	
94	73	59	8	47	92	37	93	25	44	63	76	83	95	23	66	17	4	20	79	34	82	25	37	7	4	63	16	5	27	73	89	66	45	25	86	40	3	78	85	62	9	5	47	59	65	32	91	44	5	73	75	41	97	22	30	47	20	69	38	
57	70	59	68	20	98	88	62	72	68	49	56	79	74	41	18	36	11	89	69	92	52	40	16	84	2	53	81	68	64	38	20	81	41	12	31	85	28	80	99	79	72	22	10	13	82	68	97	54	77	26	64	3	92	35	47	97	89	34	3	
96	74	33	98	63	76	62	59	4	100	69	50	57	13	89	62	47	41	50	48	81	87	58	43	88	5	79	32	74	31	1	44	69	27	88	95	18	23	15	11	65	40	26	94	99	40	62	33	9	27	23	57	10	81	26	86	44	67	96	94	
39	86	73	63	7	32	5	96	55	14	72	52	1	13	60	64	92	18	40	18	72	11	23	71	32	15	54	43	74	26	9	81	75	91	63	92	68	91	25	8	44	61	85	18	55	44	48	87	84	25	8	54	86	67	25	24	32	93	54	39	
26	54	52	31	62	3	31	4	62	82	56	28	84	28	90	88	15	59	3	12	20	58	6	16	81	35	39	76	89	3	90	41	97	63	19	69	40	56	25	47	5	3	10	79	68	59	79	83	50	16	44	47	35	30	90	21	97	49	47	13	
75	14	78	55	57	93	15	18	78	36	13	40	59	96	2	38	86	15	27	62	35	6	89	55	97	32	40	29	21	14	98	72	62	44	21	93	92	84	44	83	6	14	51	80	34	60	18	9	85	70	100	25	62	84	32	56	67	39	19	35	
13	62	11	56	79	58	12	44	98	8	82	67	83	69	78	67	81	30	80	19	77	18	80	82	32	8	95	64	32	45	12	48	49	97	12	14	17	77	59	4	46	70	72	60	94	3	23	76	65	40	45	84	35	65	4	47	24	61	11	48	
12	21	23	11	50	84	59	33	64	28	26	72	88	40	64	10	21	63	66	59	61	21	41	81	94	69	95	8	94	99	44	67	15	59	8	13	47	21	82	11	1	94	96	60	88	19	8	22	39	81	7	5	53	73	99	74	14	65	63	30	
78	6	97	7	18	95	79	81	80	6	11	76	71	37	39	86	55	44	25	92	21	1	34	14	10	92	21	18	20	76	70	17	57	34	43	72	88	17	100	16	6	1	18	81	78	4	41	72	72	14	38	39	98	19	86	21	38	74	9	30	
30	40	65	12	22	31	59	31	22	61	50	94	88	4	41	34	22	86	15	50	39	28	77	76	30	47	56	43	95	47	72	10	91	40	52	67	78	81	55	72	43	79	70	98	70	6	22	34	96	97	21	25	96	52	68	34	37	41	24	95	
45	72	18	21	44	44	83	76	4	65	11	74	71	39	80	17	9	2	7	38	55	92	75	77	32	17	49	6	40	13	22	6	99	7	94	15	59	68	69	36	28	61	49	73	18	89	24	82	36	86	42	93	52	15	44	25	79	50	86	76	
14	20	38	12	13	45	86	33	99	80	72	90	18	82	55	99	97	98	97	97	95	13	12	36	62	54	17	97	79	81	51	15	32	100	75	52	19	11	76	11	25	92	38	16	27	9	55	1	7	8	81	76	78	7	72	63	25	50	70	94	
54	5	58	87	28	10	59	42	30	59	89	36	87	36	68	38	46	48	7	58	16	20	46	37	18	92	80	93	45	89	95	24	3	82	17	46	100	87	36	40	37	47	85	25	71	56	86	49	47	77	43	68	17	11	45	72	26	56	30	2	
15	76	8	39	39	68	10	37	4	85	3	39	72	93	24	81	53	49	63	89	15	70	33	19	29	43	54	82	95	51	51	23	94	95	9	58	80	56	23	63	90	6	79	14	84	19	5	1	4	57	61	97	9	69	44	60	4	26	100	75	
92	65	79	48	34	51	85	45	32	36	77	50	8	1	70	6	96	44	98	37	56	73	26	94	5	45	83	63	19	19	33	66	29	15	82	92	16	90	9	41	3	29	31	78	97	69	30	38	76	83	73	100	5	6	27	35	51	38	27	23	
45	61	19	12	66	51	67	92	15	82	9	22	20	23	47	92	62	96	40	64	72	90	39	91	72	78	48	53	80	83	24	93	50	46	79	40	72	58	44	48	99	73	97	39	47	7	87	55	34	77	28	88	77	44	7	33	76	99	97	88	
64	86	54	80	63	45	53	55	62	17	59	75	69	29	72	88	100	31	56	89	37	60	14	16	94	29	59	42	61	20	65	87	53	46	72	89	6	14	69	100	28	74	61	53	16	61	56	67	4	81	22	71	28	41	98	61	4	57	9	92	
35	80	34	34	81	99	100	76	66	21	38	28	7	11	2	51	28	64	19	18	26	39	61	75	53	32	39	13	34	8	83	13	67	33	34	26	87	45	28	88	20	22	30	31	82	38	5	93	22	52	54	21	14	23	81	25	91	61	46	68	
20	26	99	57	53	14	18	31	91	49	53	65	78	49	63	40	45	69	28	94	73	48	41	33	28	80	97	73	79	68	15	62	14	56	22	69	15	39	25	92	94	41	74	72	7	54	42	63	37	11	33	63	89	64	44	81	73	25	58	61	
19	49	30	38	41	40	11	53	11	44	13	90	35	18	25	93	7	6	26	81	4	40	85	95	34	88	14	71	61	36	52	20	70	9	59	12	8	19	36	100	84	9	28	84	71	77	45	7	35	83	65	14	77	100	52	11	73	96	24	12	
54	60	67	8	56	38	58	13	99	2	31	58	79	66	99	3	32	12	73	83	78	50	53	26	61	27	38	59	93	8	99	54	22	73	31	6	62	41	34	5	75	95	69	37	30	95	14	87	64	16	22	44	85	56	44	83	74	97	82	38	
47	64	48	93	16	19	71	81	99	7	84	59	75	36	26	66	7	93	41	47	55	82	72	43	98	27	76	64	43	46	65	8	13	17	70	57	97	38	20	97	75	6	24	56	51	63	82	36	34	70	72	3	3	69	6	52	23	9	41	19	
45	78	100	22	66	69	48	88	35	74	14	8	59	56	86	51	68	46	16	89	66	87	50	81	22	32	14	34	91	96	17	4	62	97	100	52	75	5	53	33	17	32	57	20	14	92	93	37	97	20	17	97	19	53	41	82	67	29	82	78	
99	62	35	53	60	3	24	29	70	26	42	78	4	18	93	33	32	97	18	85	58	52	38	85	5	26	59	49	7	47	39	63	34	34	10	3	79	33	59	78	42	14	59	20	2	1	98	40	98	5	58	68	84	12	37	73	97	48	9	28	
53	42	13	90	80	84	51	37	6	49	64	75	79	35	32	94	30	22	87	89	95	63	23	6	14	95	74	100	94	41	78	75	97	98	40	54	82	68	78	36	37	84	36	27	62	36	13	40	16	79	45	51	31	35	49	54	68	69	83	67	
92	43	12	87	40	35	19	72	47	57	3	67	16	71	7	90	1	12	1	48	5	10	24	86	10	33	90	76	46	62	62	61	15	9	73	4	96	37	92	83	43	73	21	60	64	72	81	53	67	45	89	36	80	13	52	52	33	53	84	46	
57	38	17	63	16	6	42	33	92	52	65	56	34	52	17	59	79	49	62	56	57	26	85	4	73	90	52	22	91	39	61	73	88	57	86	44	7	24	23	26	61	32	19	11	9	12	60	81	72	29	25	66	1	99	17	25	25	3	90	67	
9	83	63	80	8	16	81	65	62	94	4	13	21	89	2	27	23	54	39	82	96	39	15	72	86	56	33	10	90	18	32	9	65	61	91	93	23	37	48	78	51	68	92	55	95	71	97	77	89	26	65	25	53	5	48	53	65	5	36	81	
35	30	47	32	10	97	64	12	59	13	38	58	5	10	17	95	55	23	94	52	13	28	65	83	86	18	76	50	13	70	47	63	1	35	75	41	45	64	88	46	48	5	2	6	17	68	93	47	86	23	83	73	37	77	22	99	20	2	51	22	
38	23	75	58	78	61	59	36	8	84	89	11	68	31	29	77	73	6	89	99	11	49	93	47	89	31	5	94	86	45	32	90	40	52	45	10	65	32	13	68	26	63	44	94	45	49	47	88	23	37	57	80	38	75	20	75	63	40	34	28	
32	3	13	30	16	93	40	99	39	8	83	50	55	51	53	96	11	45	15	74	43	55	40	26	16	43	99	81	81	62	53	32	14	96	56	9	57	35	95	47	55	81	90	49	84	54	32	16	12	41	3	68	3	37	64	80	40	28	100	76	
27	43	22	50	1	76	30	16	15	8	93	21	49	39	54	94	24	54	20	3	6	88	9	54	74	76	75	59	82	1	61	100	7	6	88	95	40	96	39	34	71	65	79	23	97	7	3	32	51	85	43	40	64	38	6	75	45	46	42	22	
63	36	95	14	99	94	21	59	56	6	86	36	32	7	9	66	92	3	60	72	33	98	75	88	31	38	34	99	74	73	85	34	41	68	14	74	66	65	39	1	83	55	84	49	70	81	67	1	1	16	94	46	3	21	49	79	34	74	41	51	
79	27	8	34	95	1	66	19	73	90	83	94	71	92	46	62	14	50	49	20	4	31	6	41	21	38	49	20	41	93	71	47	39	34	6	35	38	71	38	86	7	57	48	14	12	31	18	19	59	28	42	93	26	98	66	37	5	77	42	92	
68	7	43	58	59	93	57	25	72	10	88	31	56	38	80	79	76	18	88	87	25	10	19	26	34	3	78	4	5	82	22	18	8	64	10	49	77	28	27	63	4	54	38	69	96	85	45	16	13	100	78	91	29	7	72	31	12	29	24	67	
32	81	31	59	100	9	64	40	20	38	69	54	87	99	17	40	4	66	64	23	15	20	79	82	14	13	13	1	17	87	14	13	58	18	30	86	25	84	97	42	49	9	86	37	83	77	93	74	83	33	41	41	88	88	54	97	84	35	42	63	
20	63	1	84	48	17	3	8	78	66	73	23	47	8	40	97	38	21	97	56	62	19	72	49	82	47	100	3	7	33	42	87	1	32	69	76	65	18	86	76	63	63	91	76	98	83	73	57	40	89	3	100	100	70	65	4	24	37	85	85	
80	79	18	18	56	42	42	14	66	14	34	84	32	84	89	85	74	98	18	14	19	11	85	6	85	87	55	65	87	66	48	90	90	62	31	38	22	1	80	46	65	7	56	61	14	67	5	89	16	2	59	8	53	13	20	66	97	15	27	37	
90	74	95	87	90	20	86	43	82	89	10	7	44	87	48	81	80	18	80	53	87	89	100	82	98	89	56	63	81	16	53	27	93	97	4	68	90	6	54	29	97	78	66	26	11	88	90	92	82	7	61	33	48	4	33	24	52	29	77	69	
40	68	89	56	36	39	56	16	100	24	14	2	6	44	50	22	32	100	18	13	17	40	98	71	85	7	65	60	29	91	2	17	74	97	83	12	8	4	67	8	24	27	5	77	93	59	67	72	5	53	20	73	91	16	41	74	84	75	98	91	
85	98	88	63	11	81	62	94	36	92	25	39	20	77	84	76	18	31	24	7	22	33	35	40	59	3	79	68	57	66	46	24	86	37	31	14	40	11	47	43	28	40	18	34	86	28	95	92	58	29	35	88	69	7	60	57	50	36	36	2	
38	54	46	9	46	30	23	11	45	91	42	34	5	78	73	36	38	10	66	28	64	91	46	59	60	87	7	40	6	13	8	19	33	94	53	34	88	96	68	77	68	80	35	92	30	71	87	18	58	37	49	92	96	19	42	95	6	5	76	14	
14	33	91	16	2	25	45	96	49	55	98	65	87	48	6	8	48	52	92	40	24	40	43	38	99	47	43	88	76	73	23	75	39	60	20	84	67	37	84	99	76	55	88	82	69	50	83	19	9	15	24	53	40	62	41	88	56	77	41	96	
69	19	19	30	24	54	32	4	50	29	19	54	57	48	11	93	75	54	81	33	15	26	86	97	36	65	83	38	99	39	64	61	13	55	57	24	89	80	67	43	94	57	86	45	100	83	15	54	63	80	73	97	9	8	24	42	42	60	65	29	
5	67	39	15	28	73	85	44	2	28	37	98	44	84	73	34	50	74	48	44	88	29	47	71	12	57	80	73	45	3	71	40	25	92	67	19	67	49	35	15	72	27	86	89	67	64	55	82	34	66	25	68	95	83	79	85	91	64	3	9	
30	38	32	25	59	74	20	20	5	7	59	41	22	1	65	55	27	29	30	36	56	39	72	85	94	39	64	8	22	55	45	84	7	21	5	9	51	77	2	59	50	20	28	93	52	75	60	64	16	25	8	38	33	6	11	48	88	82	20	55	
98	53	94	26	51	56	99	62	54	28	89	68	3	42	4	23	7	71	61	74	91	49	58	12	24	41	3	32	41	38	45	76	49	46	5	24	95	67	39	92	35	53	28	30	59	79	97	53	78	11	93	31	31	81	4	87	33	90	12	70	
On machine	4
82	89	64	99	58	90	8	54	69	55	76	47	39	12	68	94	74	17	4	12	65	49	51	75	81	49	49	31	81	91	6	54	30	93	17	57	46	5	33	79	64	74	9	17	89	95	93	27	69	94	44	39	81	7	69	67	43	98	91	55	
59	54	20	95	69	96	31	58	15	12	45	28	32	25	89	69	49	91	27	54	91	56	23	11	85	68	13	26	55	50	8	76	7	50	63	65	76	56	24	49	80	93	83	12	86	93	61	69	67	56	26	94	12	9	31	47	77	52	56	97	
41	51	33	53	78	51	12	62	58	47	94	54	97	33	53	72	69	76	81	98	100	79	53	52	5	32	45	73	74	38	6	48	23	23	22	83	67	29	44	67	79	28	62	3	39	17	97	3	17	24	65	75	15	46	6	96	65	25	29	89	
30	80	75	34	55	72	79	73	14	83	10	63	3	71	36	66	17	23	28	94	63	32	45	24	92	42	51	77	20	100	67	68	88	25	43	8	81	52	63	36	71	87	97	12	87	96	8	51	23	68	30	53	30	47	40	83	24	88	61	44	
90	52	31	26	57	85	93	5	39	37	88	92	3	5	92	6	82	75	93	79	98	65	87	83	42	99	55	21	78	30	8	32	24	63	40	50	67	40	14	58	35	78	20	68	85	71	20	62	69	28	25	41	89	93	55	8	80	99	18	89	
2	22	3	34	65	93	7	69	21	3	30	54	28	11	44	69	2	18	13	52	87	55	22	39	88	27	93	46	54	71	73	41	89	75	28	37	54	16	29	55	35	48	33	2	47	20	31	34	20	74	67	39	72	40	57	74	68	13	63	66	
39	59	52	41	42	5	97	14	54	25	19	82	38	20	87	74	75	37	75	80	14	7	18	7	88	51	21	32	80	26	95	71	32	55	6	58	9	23	31	64	29	28	48	69	33	27	91	93	60	14	18	98	73	10	69	6	28	37	96	65	
16	74	57	11	63	63	8	4	18	43	54	44	67	14	39	74	73	10	14	76	10	79	62	85	95	77	61	65	79	60	80	36	16	29	55	66	55	75	15	94	74	8	89	2	53	89	31	30	84	75	33	30	66	48	21	13	23	70	42	15	
89	1	59	46	33	99	96	5	25	27	4	89	24	62	2	73	66	6	89	8	40	28	17	88	23	49	67	93	13	79	88	2	67	57	35	7	94	20	23	88	19	39	74	88	33	45	23	54	46	38	93	56	61	71	85	1	10	26	26	13	
34	66	87	66	20	70	69	34	40	64	85	30	79	16	76	96	36	33	21	96	30	68	11	96	73	10	48	18	45	8	72	99	92	17	22	72	44	70	4	19	90	67	30	7	41	40	45	61	85	67	36	8	13	31	98	86	18	80	25	75	
82	69	39	16	50	26	87	76	36	96	6	60	40	97	14	85	99	80	6	70	76	49	8	57	55	45	96	98	51	81	5	31	97	3	41	43	5	44	72	21	51	40	25	30	98	55	24	50	15	85	35	51	50	20	16	68	41	41	31	73	
33	12	12	70	96	80	15	57	3	95	42	44	5	77	98	7	17	39	22	50	41	54	96	42	90	49	73	21	17	35	84	27	7	75	42	34	45	94	52	85	3	63	28	72	11	29	17	79	28	14	2	22	91	98	5	16	60	38	99	55	
98	90	22	19	93	1	58	88	76	48	94	89	6	68	68	22	7	35	90	42	7	81	65	25	75	51	97	60	1	89	82	67	49	52	99	77	23	18	62	23	43	29	3	37	59	26	32	2	32	47	16	27	75	67	79	45	32	56	29	27	
100	68	10	8	4	84	22	11	6	90	24	48	32	7	28	43	54	21	65	43	11	69	76	78	31	67	83	23	59	40	77	52	85	77	11	23	58	62	82	94	97	78	17	6	90	69	73	56	27	1	11	1	6	53	43	12	51	11	87	93	
19	13	69	5	69	11	48	47	100	47	60	85	29	44	85	55	58	47	26	39	27	82	18	89	100	67	2	85	24	90	33	11	64	2	53	66	3	69	22	37	76	45	56	74	45	45	8	79	39	93	94	53	45	77	38	79	73	60	32	92	
49	63	38	56	15	15	32	56	51	13	37	8	68	49	21	29	1	41	1	24	29	71	75	77	21	64	58	30	70	62	28	74	70	24	86	1	46	72	59	35	26	6	97	69	48	31	29	27	29	57	53	87	56	29	79	21	36	88	71	27	
26	90	5	42	79	60	33	74	68	50	11	70	14	76	46	16	82	48	70	80	78	47	84	26	73	31	11	9	17	94	69	13	74	73	32	81	41	63	34	94	78	67	13	70	50	47	63	68	100	2	25	47	35	1	22	89	95	57	91	2	
68	56	52	53	4	57	65	19	3	85	50	69	42	60	16	50	75	11	98	6	94	83	90	25	68	74	95	80	67	100	26	4	42	16	52	39	74	36	44	55	22	14	13	69	15	49	51	35	15	28	33	29	46	89	17	81	58	17	35	62	
23	38	10	90	66	81	40	18	99	53	65	97	32	71	23	15	17	71	73	21	1	54	60	98	6	42	77	64	27	84	9	55	1	64	57	45	12	90	90	27	24	67	7	26	48	38	16	58	29	72	55	79	13	10	69	65	82	73	96	57	
14	26	90	68	93	87	32	92	33	17	44	61	20	88	40	34	27	68	32	35	58	22	57	85	76	18	23	33	76	66	84	53	64	59	54	69	21	61	91	100	56	97	15	41	87	71	50	80	39	10	14	77	76	67	59	97	89	31	85	70	
18	84	70	20	35	98	77	49	71	96	6	4	89	34	86	42	22	56	78	69	99	46	75	2	80	73	29	68	32	2	56	29	3	9	6	29	66	93	6	25	87	11	36	53	84	96	11	33	48	31	83	12	31	22	63	22	29	19	50	69	
98	81	8	58	84	4	95	97	70	23	95	100	43	45	95	35	6	83	44	69	49	100	47	62	8	20	66	38	11	64	63	5	22	22	81	60	44	45	27	11	42	69	94	75	41	84	13	41	30	63	79	35	37	15	36	75	77	18	4	10	
74	90	60	27	84	4	18	60	91	96	12	100	50	41	96	33	44	63	11	76	41	68	41	35	89	12	35	86	98	58	4	85	99	88	53	21	45	74	1	77	65	98	47	35	46	48	93	87	77	34	92	47	70	31	65	32	72	43	84	100	
43	54	59	72	22	34	74	83	40	18	12	20	35	9	12	25	23	2	16	73	91	97	50	39	29	10	86	47	19	72	11	32	97	45	1	98	9	52	74	18	85	11	4	53	92	70	79	89	20	44	99	82	70	32	63	39	2	38	7	23	
52	15	60	3	20	75	34	88	58	82	26	70	41	1	33	67	92	5	35	84	21	48	8	99	86	7	29	48	58	76	38	97	61	5	62	40	50	48	26	18	56	48	87	22	42	96	26	42	24	87	57	42	55	19	52	95	80	66	98	2	
40	50	21	60	94	84	70	48	73	72	84	91	55	18	34	67	11	8	13	15	95	34	5	70	93	98	7	3	15	6	42	80	68	54	36	61	25	86	56	2	84	51	22	67	68	49	66	36	69	77	24	82	49	20	63	49	55	56	17	10	
52	5	51	2	11	10	37	8	28	53	12	19	56	89	18	95	2	75	34	70	58	79	96	94	87	59	63	30	70	60	97	97	45	56	3	30	12	44	75	32	3	79	82	91	75	54	57	51	94	81	5	49	97	86	33	60	72	25	29	78	
45	48	1	31	44	36	96	93	95	79	41	85	40	39	29	49	71	82	90	98	6	68	40	28	78	39	11	48	28	97	100	92	100	19	15	41	29	3	44	70	28	3	28	48	65	56	74	66	20	42	43	93	64	18	79	67	10	40	41	49	
12	75	37	49	32	9	64	11	34	31	52	74	24	67	32	57	61	8	17	21	72	64	74	16	88	65	22	4	76	94	5	75	67	74	88	33	15	49	12	80	65	42	75	64	39	29	53	71	73	82	86	67	61	82	81	2	92	20	49	12	
8	70	53	99	5	92	53	67	72	37	86	17	81	42	59	66	75	4	94	7	40	50	89	31	95	58	26	79	54	14	31	78	47	34	6	53	30	40	52	16	32	36	56	41	7	86	30	84	14	12	92	9	66	64	22	50	60	58	81	64	
77	93	89	55	44	24	55	52	7	82	92	51	5	79	92	1	62	41	5	100	47	2	60	72	11	96	36	32	90	8	52	69	26	16	67	46	31	34	94	77	63	94	66	85	46	88	67	1	58	61	52	27	42	20	72	52	68	30	100	60	
29	70	45	89	64	95	25	21	17	34	85	95	87	68	54	5	87	28	25	68	36	81	95	27	84	51	44	99	56	66	38	54	95	71	74	17	11	54	15	24	89	51	98	63	62	49	20	36	41	91	13	86	67	17	41	100	96	39	98	78	
56	57	58	16	26	71	53	32	51	1	68	44	11	17	99	97	32	91	20	14	27	34	81	100	47	1	52	86	83	65	84	87	43	97	23	47	29	25	99	71	29	60	41	41	28	24	28	4	37	35	89	14	82	83	47	42	68	13	42	64	
27	39	96	10	53	35	15	62	97	91	67	66	52	3	11	50	27	36	31	48	78	38	57	16	80	59	68	35	87	85	80	90	90	38	60	23	18	4	68	11	61	60	83	32	89	50	99	12	40	45	51	14	18	34	30	45	15	19	4	28	
83	30	54	61	76	39	9	25	31	46	7	22	69	52	73	13	99	41	92	10	79	75	71	50	13	81	45	97	87	50	15	92	100	6	35	77	35	49	6	4	15	91	4	60	9	88	66	10	10	93	89	33	1	18	76	23	16	77	49	43	
42	71	68	56	43	26	53	17	29	75	93	45	18	13	86	69	86	86	98	47	38	8	9	13	5	30	22	26	74	44	84	28	70	36	65	40	79	51	54	30	65	23	40	84	84	74	39	28	11	31	37	39	32	35	61	85	35	35	32	43	
27	13	72	36	42	28	76	19	69	19	39	75	92	100	24	48	86	81	25	61	77	43	58	59	67	43	37	29	52	86	4	13	48	99	90	62	71	31	10	29	67	56	28	17	41	42	93	26	92	58	69	30	18	35	3	35	11	47	49	31	
55	37	100	36	63	36	70	2	48	61	79	28	27	100	93	95	52	17	95	93	28	76	75	72	84	57	18	53	65	74	33	16	57	74	89	65	3	3	96	33	77	97	30	97	92	41	93	22	46	29	49	50	20	93	39	98	67	91	52	60	
20	74	72	19	16	47	75	48	53	96	36	3	74	58	13	11	3	50	42	54	81	46	45	20	51	76	72	94	69	47	25	22	32	74	7	45	34	42	66	20	63	27	49	99	64	17	50	95	95	79	38	82	72	32	9	20	2	13	44	16	
8	7	24	32	13	17	30	77	94	5	70	10	8	56	77	50	86	23	30	76	32	63	2	43	68	55	2	22	79	41	5	65	44	13	11	37	12	65	53	5	53	22	2	33	29	95	50	27	89	84	81	28	71	88	69	12	35	11	88	21	
53	74	28	49	47	43	44	46	32	61	8	89	82	36	79	66	56	33	48	39	31	44	98	19	31	53	1	6	48	65	70	6	53	45	73	79	35	72	56	54	6	93	46	34	29	63	21	9	87	12	45	38	23	80	15	11	28	74	8	48	
63	43	54	20	73	6	19	12	67	8	15	18	29	37	40	16	55	78	16	81	78	21	60	47	10	62	2	85	2	15	88	3	77	10	46	32	32	18	31	75	20	91	93	81	25	14	47	54	31	95	92	98	12	1	68	66	58	99	32	15	
26	57	59	75	69	91	23	1	78	63	30	5	41	61	29	12	78	62	76	41	5	57	44	66	1	70	66	37	70	96	13	65	31	94	25	43	27	44	33	8	88	3	50	46	26	22	100	7	69	2	62	72	73	5	69	10	85	34	2	69	
66	92	57	59	9	39	44	27	52	31	27	97	1	80	20	45	83	78	91	13	69	2	20	24	8	45	39	17	68	43	76	53	74	86	47	40	85	84	26	52	19	39	27	27	81	24	15	62	97	97	80	71	82	15	53	77	25	86	58	96	
79	67	11	15	3	84	69	44	38	42	69	54	88	91	19	22	57	9	1	62	99	84	55	48	73	7	18	50	89	100	34	14	78	89	81	23	73	53	9	100	48	67	55	41	92	77	32	96	52	61	96	17	29	37	10	97	65	96	27	71	
70	23	79	29	83	40	12	22	46	25	92	24	88	69	21	59	41	84	30	82	14	19	69	74	8	89	99	33	78	44	76	78	22	28	72	53	8	70	85	59	32	100	13	59	57	71	90	67	98	96	77	75	23	39	12	18	99	73	87	25	
29	1	81	12	9	81	34	27	64	10	35	28	82	10	38	34	19	8	40	27	92	1	76	57	52	93	69	13	78	51	42	1	93	62	9	92	69	20	17	79	20	36	48	58	65	51	33	8	63	6	65	75	9	83	69	36	4	69	67	90	
66	89	96	12	74	6	85	39	24	75	13	64	43	80	99	87	20	19	68	26	40	64	14	57	4	90	26	13	40	35	59	93	62	13	25	99	37	27	85	20	38	48	13	23	93	50	11	95	3	42	85	59	66	70	23	90	82	6	64	8	
87	43	82	71	10	53	100	29	45	68	69	41	17	70	51	59	58	74	33	2	46	48	24	36	46	55	48	68	21	43	63	36	93	29	22	16	63	68	2	59	18	89	89	78	19	5	25	97	55	61	29	35	62	97	3	73	18	5	96	23	
51	18	6	97	10	73	23	55	24	50	79	68	40	30	76	20	39	48	72	53	95	33	86	26	38	46	69	49	13	19	97	63	8	41	51	57	11	76	15	29	1	90	83	61	56	15	87	95	22	29	64	98	51	63	10	20	74	53	41	61	
88	46	97	99	74	90	20	97	99	52	12	81	19	46	66	33	73	48	63	2	23	75	44	96	57	76	59	97	83	8	44	100	65	12	33	23	43	75	74	28	74	63	51	64	76	73	88	37	60	53	97	18	6	46	58	69	43	74	46	12	
88	97	2	15	27	66	57	28	55	6	13	16	29	55	20	73	55	59	8	49	75	99	40	90	51	66	88	94	33	79	67	66	89	46	11	77	82	68	44	18	24	57	100	49	51	90	59	73	9	93	91	36	49	4	23	11	79	27	87	42	
77	57	42	58	67	37	2	15	3	63	88	36	48	2	77	76	24	10	32	72	44	25	69	23	95	5	1	9	25	54	11	71	57	62	42	37	13	24	12	80	89	9	3	67	31	16	46	37	25	77	50	53	3	40	14	57	63	51	79	55	
2	65	16	29	48	92	57	18	27	58	78	85	100	16	54	34	91	66	20	23	25	62	51	37	46	90	97	43	60	8	53	93	64	17	97	93	19	65	33	30	26	23	42	62	29	38	97	2	58	94	11	91	92	24	85	87	42	92	64	12	
58	26	35	13	81	99	20	26	1	12	31	5	100	67	48	38	23	53	4	78	39	67	35	48	23	1	29	40	6	92	57	49	54	36	25	36	33	25	51	18	54	45	71	50	88	38	78	26	94	11	66	43	19	89	44	95	4	84	42	7	
30	8	29	34	6	13	74	65	42	17	63	46	31	96	88	13	35	84	82	1	19	86	65	49	29	24	29	92	26	41	38	73	19	14	64	66	5	91	55	73	14	57	95	48	82	41	40	16	3	17	13	24	97	97	31	23	77	76	79	18	
62	92	83	98	20	28	17	37	64	13	96	75	97	63	25	52	18	8	1	21	63	49	64	51	92	12	17	70	83	74	26	45	90	5	30	45	93	25	14	65	61	3	41	61	45	14	31	74	8	41	36	64	63	56	92	25	97	15	62	29	
12	84	34	6	45	33	51	55	79	80	17	87	35	73	22	91	100	25	67	88	54	64	29	22	32	14	96	14	94	42	60	17	39	35	70	53	59	6	74	43	93	71	23	70	55	11	22	70	41	42	83	97	51	86	12	14	73	68	74	79	
34	5	85	25	20	23	40	29	89	41	43	29	95	73	68	100	12	93	82	10	29	12	35	87	55	61	76	29	7	88	64	36	58	4	39	18	52	77	18	71	22	2	25	11	25	90	55	21	98	7	27	26	35	75	85	39	83	30	30	3	
92	16	4	92	4	19	36	100	14	23	49	70	75	70	69	55	36	98	94	70	29	57	30	11	43	11	27	92	14	14	70	39	70	22	3	44	3	78	48	82	26	87	45	43	54	71	83	5	87	33	59	7	22	31	94	64	45	28	27	38	
On machine	5
88	47	8	18	25	80	40	79	15	61	69	52	89	60	26	30	1	19	91	78	55	99	67	15	80	98	34	26	50	66	87	99	42	51	16	27	19	56	65	46	97	61	73	35	82	33	43	94	47	41	5	66	23	64	98	3	7	76	53	9	
5	65	12	49	39	93	78	95	62	56	28	81	64	52	58	99	61	96	21	24	53	76	20	100	55	1	76	66	100	98	76	68	75	98	9	88	3	56	37	57	37	79	86	7	92	96	74	87	59	36	52	31	74	18	89	85	59	4	89	29	
18	49	79	63	66	3	60	41	55	6	54	54	77	93	95	44	90	63	90	12	23	41	68	20	62	74	84	36	88	78	28	3	13	92	26	99	28	49	75	24	42	26	9	6	89	62	83	34	89	79	97	30	77	31	33	14	94	100	93	70	
73	20	26	93	2	42	65	52	93	73	75	72	40	44	2	100	93	18	50	74	21	15	5	72	57	58	51	34	45	32	28	50	22	92	79	59	60	61	99	69	67	41	80	49	85	40	89	69	21	25	27	23	7	90	40	74	8	38	25	51	
47	94	53	45	92	60	59	52	23	96	85	11	72	23	14	9	46	10	73	84	82	79	87	91	34	42	55	81	25	55	68	66	32	86	47	95	46	50	70	48	60	6	99	42	36	50	37	61	14	98	15	26	99	8	2	50	46	90	18	13	
41	93	88	35	25	60	51	83	28	92	19	13	62	69	1	65	69	53	44	8	46	96	95	78	5	72	16	61	88	2	49	93	6	96	37	1	9	52	85	33	27	13	87	68	85	76	75	28	25	30	72	8	56	12	13	69	74	31	77	75	
58	26	92	22	78	48	31	5	1	10	61	42	41	37	54	64	81	35	20	84	67	44	89	41	59	7	21	67	97	10	32	70	58	62	74	40	97	26	57	6	7	35	38	82	17	88	72	35	27	70	93	61	76	23	67	48	24	83	58	79	
75	67	71	11	80	58	76	94	78	40	8	89	33	5	34	65	76	57	29	45	30	22	3	26	3	95	18	61	21	97	82	21	18	24	12	89	75	10	34	72	45	36	12	29	11	17	83	41	20	34	80	79	91	41	75	20	48	20	85	99	
77	22	39	82	17	3	84	17	27	66	68	71	6	56	65	27	31	52	6	73	60	75	23	81	4	32	24	26	23	22	17	7	52	8	26	94	40	94	14	2	12	19	86	27	46	74	35	39	83	68	47	27	21	30	20	82	63	83	53	69	
85	93	2	20	31	61	62	60	99	79	4	38	35	79	47	15	55	64	25	80	51	79	65	75	37	20	4	42	20	95	45	77	65	89	60	31	25	96	85	57	19	48	52	77	63	39	100	88	44	32	77	18	77	8	10	3	22	97	10	75	
53	18	77	21	44	66	51	91	10	80	53	5	4	16	31	32	56	76	77	1	62	17	65	86	67	62	48	28	68	45	16	55	72	50	73	13	76	45	66	73	90	31	43	95	64	67	49	3	71	44	66	55	71	23	70	68	88	35	32	85	
78	81	28	74	81	41	49	74	99	80	75	9	30	12	51	95	61	17	86	13	91	85	39	21	46	86	39	8	37	30	6	7	32	51	60	89	10	89	69	60	93	57	40	54	53	71	97	78	30	14	86	79	96	86	55	80	40	74	30	4	
37	71	94	41	22	5	93	75	53	73	20	74	12	58	70	52	84	4	49	60	88	6	68	40	59	18	28	20	48	55	93	83	4	26	75	37	21	89	82	69	30	20	75	89	62	37	69	77	2	55	98	60	57	37	53	25	15	3	56	32	
46	29	57	27	18	15	87	19	76	81	14	63	91	76	58	53	91	8	48	18	51	52	86	43	48	19	65	89	60	40	92	89	54	60	50	40	56	74	44	88	47	92	80	36	46	100	49	89	89	53	89	30	71	71	43	44	70	96	64	77	
86	81	39	62	37	48	36	88	17	87	23	52	38	65	46	33	34	68	80	57	26	19	74	19	27	4	85	8	89	12	46	57	46	26	59	4	70	90	19	20	2	87	48	22	70	78	38	13	88	72	2	62	53	86	56	85	14	60	14	19	
8	8	42	20	87	91	62	70	41	12	34	18	1	56	98	55	66	2	93	33	71	16	21	16	63	66	59	17	57	93	21	100	11	90	94	19	86	40	46	93	15	11	90	82	1	23	7	10	35	13	82	5	39	92	27	2	91	35	6	95	
70	76	13	83	27	68	68	25	46	53	29	8	71	48	31	4	83	5	57	60	60	83	15	96	8	36	65	45	57	37	31	58	35	98	51	78	95	8	44	3	99	94	47	97	29	45	5	99	93	28	89	13	37	84	98	34	27	37	98	44	
85	48	28	67	92	61	51	94	67	20	100	8	37	40	94	77	58	64	64	43	66	38	95	52	38	84	48	37	35	61	12	40	84	8	70	5	7	51	49	22	40	38	51	85	17	17	44	10	1	28	91	65	2	93	82	1	52	55	81	10	
100	29	9	13	37	57	25	85	14	35	64	87	53	64	48	5	54	3	31	96	14	93	80	21	61	71	20	93	38	98	85	52	55	74	46	82	5	35	5	70	36	64	38	28	26	1	48	62	92	88	1	42	66	78	89	54	68	63	91	68	
41	79	47	52	91	78	35	11	63	79	85	21	26	72	33	83	55	13	7	37	40	14	59	65	36	73	47	69	7	41	64	37	79	99	29	25	92	75	4	1	27	59	14	18	99	38	94	4	85	68	21	40	61	35	28	53	80	65	21	25	
20	97	31	53	82	23	93	5	11	76	37	96	29	76	13	32	31	94	89	16	36	62	54	71	87	93	18	69	34	38	81	7	81	66	4	80	62	81	72	52	87	12	69	11	10	35	64	60	27	52	5	83	2	27	73	85	75	39	91	17	
47	76	65	54	61	38	42	48	37	71	34	19	24	29	89	39	21	67	59	53	49	40	16	76	29	91	15	27	8	76	64	74	42	95	82	99	21	81	66	4	73	19	18	82	59	54	41	76	94	39	28	24	28	70	80	8	4	50	88	37	
34	58	37	28	24	79	44	98	83	81	77	94	50	55	34	72	46	63	53	29	5	81	65	40	17	34	78	99	27	64	68	42	93	20	34	2	72	41	67	30	38	71	65	43	50	6	92	14	80	48	73	42	7	60	71	58	34	40	42	39	
43	25	35	58	90	42	63	29	46	95	3	100	63	35	70	46	79	96	41	19	74	85	68	4	32	35	50	29	22	12	91	35	39	94	72	98	20	92	51	85	50	18	3	67	68	37	58	12	44	17	65	28	42	62	64	75	22	4	74	58	
21	27	99	25	16	25	32	26	12	18	47	80	69	59	96	84	56	94	43	48	70	93	20	1	55	87	31	54	35	94	19	9	100	35	56	58	52	44	39	33	17	48	19	73	26	56	6	26	59	100	94	43	92	44	61	89	50	12	98	86	
34	97	64	69	86	10	7	57	37	37	17	100	51	31	55	58	97	23	33	26	38	1	32	56	86	62	85	4	53	9	80	18	32	73	59	51	39	38	52	19	6	94	62	98	90	25	95	4	63	66	77	8	12	59	98	20	76	31	20	79	
90	99	11	7	15	79	54	22	8	89	75	15	72	33	6	24	7	43	98	54	19	59	73	19	65	84	55	11	67	39	34	38	81	12	77	17	21	5	6	75	8	45	47	22	26	40	84	98	69	10	81	93	37	41	31	63	42	67	17	8	
70	2	63	96	72	69	19	51	94	72	38	61	47	76	26	59	4	34	69	27	68	100	8	12	37	52	57	70	14	83	18	36	77	73	15	58	37	35	65	89	57	36	48	53	30	29	22	87	19	31	33	15	61	39	35	76	48	59	68	57	
81	58	12	90	25	34	65	56	16	25	59	48	78	50	98	83	84	4	100	38	30	79	24	52	67	65	66	56	9	36	44	3	7	63	72	7	93	66	26	5	3	70	69	24	37	100	57	6	5	13	76	51	73	26	53	87	62	100	60	69	
41	50	72	42	13	86	25	98	10	86	46	53	60	16	46	48	59	4	29	35	45	52	21	42	96	88	6	59	55	83	99	67	7	1	73	30	86	31	53	48	42	36	81	1	74	58	31	61	79	12	54	5	21	1	25	33	28	9	69	66	
13	98	81	9	79	90	76	16	71	50	54	81	43	66	83	73	62	7	48	11	45	74	75	77	44	52	30	53	72	33	35	60	68	48	23	100	81	15	7	40	43	47	81	32	36	83	11	52	99	57	45	21	17	5	74	70	51	17	1	5	
77	40	28	86	8	51	32	47	42	73	30	97	70	70	42	5	94	66	94	79	25	15	18	19	64	84	33	25	9	52	18	31	37	71	12	48	22	74	34	67	5	28	15	75	16	87	61	50	68	57	64	49	41	9	86	10	2	25	73	73	
46	33	53	51	90	68	54	1	57	33	39	83	59	77	100	20	42	15	18	20	50	31	89	19	41	75	55	70	89	7	50	39	50	49	25	54	56	4	55	65	22	56	13	92	34	46	27	30	67	48	44	10	49	60	73	65	48	37	47	50	
99	74	56	35	42	38	11	76	94	88	91	14	20	28	6	1	76	65	38	65	39	36	92	90	79	84	23	58	47	68	43	43	47	34	86	100	65	58	76	20	43	22	2	9	83	7	54	88	73	88	81	42	35	5	34	36	39	7	17	22	
84	86	38	80	94	31	41	27	95	7	61	99	58	80	68	41	39	74	19	38	23	45	42	68	58	1	94	65	34	1	1	10	66	60	18	2	78	5	21	3	65	7	41	36	32	65	36	88	9	21	7	45	8	90	72	40	76	82	84	69	
50	2	28	94	29	43	17	89	54	97	34	37	74	92	35	92	75	8	60	86	8	93	52	77	47	81	62	46	50	94	67	79	18	11	82	41	70	1	28	28	11	77	52	28	78	48	82	34	39	83	94	96	16	44	36	41	45	37	5	97	
35	60	96	99	10	94	86	4	48	52	95	47	27	50	22	1	65	70	79	39	18	53	95	70	70	20	28	86	77	82	65	98	47	19	8	79	15	52	1	98	15	58	78	83	85	89	58	4	16	42	38	91	58	18	59	79	73	40	83	68	
71	100	74	40	67	97	92	69	96	50	24	92	88	37	97	12	49	60	10	76	75	60	59	45	10	42	17	92	85	43	15	50	60	11	35	8	65	29	59	65	29	18	53	14	74	48	51	49	28	33	99	78	8	4	98	2	7	89	35	28	
99	51	50	68	58	31	54	78	80	3	40	68	3	54	88	47	45	38	97	55	5	74	17	65	53	70	26	97	23	23	19	4	98	67	5	35	24	44	5	45	37	55	82	85	81	53	39	36	33	69	79	58	12	49	23	78	33	66	4	11	
17	36	74	23	94	75	48	3	27	66	1	65	98	37	58	70	7	42	12	44	35	16	25	65	26	56	14	88	72	20	44	63	18	92	44	78	31	10	35	95	17	77	89	55	46	86	24	8	70	47	53	28	3	71	83	20	65	93	59	84	
19	8	14	14	4	48	76	89	10	90	42	80	17	26	23	15	29	80	20	65	37	95	8	3	87	10	20	12	96	23	24	17	85	86	30	31	30	30	88	31	30	78	28	97	67	55	57	40	24	20	9	13	84	78	98	6	1	89	62	69	
96	74	18	93	11	95	99	23	64	95	62	5	84	59	42	27	48	77	49	83	66	87	9	63	35	84	74	32	16	12	11	22	51	6	48	41	63	89	15	38	51	100	91	66	23	59	20	26	55	69	25	19	87	11	86	68	91	69	98	34	
68	35	100	16	28	47	96	15	71	5	20	99	82	31	67	31	31	59	82	53	92	41	18	13	48	37	97	88	63	89	60	56	86	31	72	98	40	21	76	95	59	100	47	71	89	14	18	35	16	87	36	81	76	67	91	57	36	94	14	22	
44	64	25	29	61	14	65	25	73	20	41	16	45	41	47	21	53	64	75	43	87	88	41	85	70	22	54	62	67	25	68	78	1	14	61	78	78	89	29	29	30	32	11	3	75	11	94	98	33	36	76	7	39	52	78	82	78	9	41	37	
86	21	5	6	14	55	4	86	51	5	41	45	88	82	13	40	61	12	74	18	61	80	23	70	36	89	47	31	53	70	65	73	32	92	27	59	7	8	93	90	54	96	93	53	73	56	41	34	1	27	69	8	21	79	93	100	67	89	36	97	
89	40	6	59	37	93	87	35	17	19	6	21	27	76	97	70	16	75	25	49	97	20	41	32	38	17	62	22	15	26	17	51	29	55	80	38	98	32	93	6	59	5	21	32	64	43	21	60	33	24	2	42	72	70	6	67	47	74	45	84	
92	86	49	42	90	19	70	75	70	29	5	80	57	47	55	67	27	43	84	18	81	21	40	57	83	75	70	61	97	98	28	93	7	43	46	90	70	32	70	29	73	56	2	8	52	23	92	93	71	39	23	21	63	84	83	33	9	46	87	1	
15	33	61	78	26	16	38	54	76	26	34	17	19	97	86	50	55	15	55	3	9	7	34	17	59	96	71	27	62	44	35	48	5	59	5	95	48	5	14	71	97	1	27	43	17	56	75	7	62	98	38	12	88	7	93	93	30	36	87	26	
14	79	44	41	15	52	84	51	94	62	41	16	27	22	81	70	34	49	42	83	78	16	99	61	44	15	68	45	11	54	12	71	98	8	94	57	42	57	29	18	54	55	17	6	80	51	27	19	3	76	47	93	86	76	71	13	13	23	6	46	
50	29	2	62	9	39	91	12	89	80	74	21	7	64	16	96	8	17	75	33	46	86	1	26	78	24	90	57	88	35	17	4	75	5	77	86	3	29	90	97	8	62	53	44	30	21	4	19	9	49	63	81	21	77	6	41	30	63	60	36	
60	43	55	70	91	26	65	91	97	84	30	12	92	12	7	58	57	74	31	78	61	73	68	22	40	94	76	11	27	33	20	87	14	51	1	37	13	36	61	50	38	57	76	30	16	64	44	64	59	51	69	54	88	15	6	73	81	2	52	76	
60	38	16	38	61	11	82	4	70	11	98	55	98	85	8	99	32	60	12	81	89	64	76	99	20	33	60	6	14	75	26	87	42	18	26	36	9	60	52	76	33	23	77	93	14	55	62	70	1	67	90	22	41	6	62	72	3	53	84	20	
7	43	41	36	19	6	3	90	94	16	13	37	54	80	3	5	49	34	57	40	98	88	32	91	94	87	25	42	29	62	68	67	18	81	63	88	58	72	66	31	13	80	90	70	93	22	19	27	95	72	3	77	7	25	24	47	96	65	79	48	
28	47	5	28	37	45	42	47	100	49	5	16	25	1	91	71	59	86	4	82	5	68	94	24	29	45	59	75	84	14	29	7	50	66	91	39	83	78	83	28	31	70	46	24	82	78	48	45	3	74	69	82	58	69	75	29	71	12	64	82	
25	24	98	75	50	2	26	60	1	34	42	84	14	1	18	24	1	90	77	100	21	24	35	36	66	9	50	85	17	58	5	100	15	65	96	15	65	75	45	73	62	20	63	74	93	71	21	44	89	35	45	51	54	2	54	72	33	31	2	88	
35	79	48	87	79	27	17	95	74	37	90	21	2	88	41	35	89	45	91	3	18	92	9	59	89	78	18	9	56	31	73	45	2	7	31	21	67	45	46	64	69	68	99	2	17	42	29	43	33	86	32	73	20	52	13	20	22	14	86	24	
30	53	89	33	69	34	28	6	94	71	51	70	54	21	21	4	32	66	64	77	1	17	87	92	24	29	17	5	30	44	24	52	44	90	31	39	73	56	80	71	33	73	20	40	42	6	68	9	66	28	64	98	17	4	2	77	85	46	5	62	
100	99	30	86	13	84	63	24	20	98	2	68	54	35	29	7	28	72	27	18	68	45	41	1	46	2	23	47	52	79	76	76	96	75	41	6	17	92	36	56	36	18	12	72	88	21	37	10	80	31	52	93	76	47	93	23	68	3	34	4	
4	16	88	75	94	32	97	19	92	86	28	42	21	41	60	15	28	79	29	66	83	96	1	54	65	83	98	11	69	31	93	8	13	97	47	94	19	66	5	89	43	91	25	31	17	24	3	23	60	41	37	95	64	41	67	41	96	18	94	50	
19	42	55	16	15	11	46	42	66	1	15	69	65	9	76	46	50	53	1	9	66	51	85	92	59	76	50	21	31	94	35	67	29	24	15	68	39	60	68	66	84	65	5	39	46	62	77	83	88	86	50	12	58	38	77	26	21	44	14	50	
On machine	6
25	9	61	63	24	29	2	63	76	65	47	23	24	82	64	34	7	84	48	16	41	6	13	26	71	12	40	76	77	84	98	77	58	69	70	78	38	13	52	62	10	59	69	45	90	40	44	79	27	93	93	19	3	100	59	39	41	66	91	22	
99	70	75	6	10	4	40	59	85	24	33	44	90	60	75	35	26	63	73	26	82	24	67	12	10	86	29	60	60	41	94	94	40	5	89	64	86	53	9	31	89	83	52	50	91	34	25	5	89	40	10	46	41	25	51	88	40	15	61	25	
53	95	37	86	27	61	52	40	22	40	27	89	20	36	87	39	81	63	31	40	14	21	89	39	34	59	41	15	87	67	67	57	3	34	60	38	36	42	48	9	8	5	71	70	60	100	80	36	61	77	61	100	13	27	8	94	24	76	89	64	
54	58	97	5	54	13	54	99	19	48	61	4	6	68	64	17	1	24	84	81	90	91	34	52	47	43	72	55	60	39	94	83	22	68	65	76	82	35	33	89	5	47	14	84	31	1	24	51	13	19	51	45	20	96	87	69	15	19	56	93	
96	24	18	30	17	77	29	31	88	22	63	99	37	39	100	30	64	56	81	28	78	96	100	16	68	74	16	35	33	5	70	69	39	27	67	30	46	29	75	93	68	41	61	33	100	56	47	50	11	69	24	15	92	69	61	47	13	84	97	69	
94	48	60	66	62	57	38	58	54	68	99	39	80	44	34	69	60	30	87	71	11	56	89	84	89	13	92	78	91	66	62	35	33	96	12	93	63	4	15	52	39	71	63	5	10	31	8	53	59	57	55	82	25	17	72	53	55	3	26	37	
70	12	98	70	34	60	8	50	40	77	66	100	4	12	2	14	73	50	25	77	53	66	89	58	47	36	17	39	85	49	63	46	79	30	75	18	21	22	8	24	81	100	14	59	1	32	51	87	78	33	19	38	5	51	63	36	96	42	55	5	
84	22	42	84	41	8	51	62	67	57	70	31	68	78	100	61	91	4	15	27	95	92	40	7	27	74	22	75	88	49	39	89	3	30	5	53	41	18	3	95	55	9	56	9	51	65	21	45	81	66	38	99	22	59	92	97	7	25	46	24	
32	19	9	63	70	9	26	46	89	13	30	16	14	86	100	83	2	31	22	60	55	92	31	26	55	43	1	28	46	98	19	23	99	62	21	16	93	99	22	46	96	95	82	98	47	29	68	8	55	94	74	57	10	81	44	21	13	38	41	59	
54	16	28	3	57	40	55	36	57	33	41	61	27	49	97	89	6	12	1	57	8	24	32	1	53	4	27	52	12	22	46	91	90	34	30	84	31	28	6	54	93	81	39	25	16	44	96	8	51	40	6	1	21	36	67	23	36	63	38	78	
32	17	30	31	51	74	86	48	12	49	27	10	42	76	4	55	54	94	59	51	59	17	29	62	76	97	76	36	23	89	98	19	78	65	30	64	87	59	57	60	16	81	55	18	90	19	95	2	93	65	46	87	13	48	84	52	59	89	39	88	
23	50	38	48	49	56	69	42	85	5	10	83	55	75	79	63	67	8	9	100	82	3	77	60	77	67	20	80	9	7	24	2	23	42	53	65	77	28	25	64	18	100	48	67	70	7	46	8	17	73	78	77	63	74	51	17	24	44	61	74	
99	99	15	79	56	97	46	93	82	68	92	66	29	60	42	52	28	93	51	19	94	76	6	50	43	21	25	19	41	77	31	53	60	25	87	54	29	43	86	77	53	79	87	93	78	69	1	39	26	73	41	72	28	83	97	31	51	72	75	62	
92	100	54	62	20	65	1	76	30	76	81	21	34	15	78	97	69	75	73	80	55	63	57	84	67	84	58	15	17	3	97	85	54	12	29	100	99	75	1	28	27	56	7	88	67	75	53	69	15	26	70	58	67	99	19	11	93	9	38	95	
28	6	7	100	78	76	21	28	82	68	87	39	29	76	12	94	22	43	56	10	43	71	12	41	42	30	3	84	44	81	49	50	69	57	36	28	96	54	70	94	80	30	79	8	59	26	11	84	94	51	14	59	57	52	86	59	25	86	72	40	
63	60	43	85	51	12	10	29	20	77	12	37	65	70	48	80	17	99	58	90	80	15	40	65	74	82	17	62	83	84	76	90	7	70	8	96	46	43	35	6	71	69	91	54	74	77	88	35	48	52	75	35	62	95	38	16	53	38	33	58	
16	53	81	23	43	63	67	66	22	38	72	32	81	26	86	32	66	21	9	28	43	3	87	68	26	8	28	39	98	63	30	16	17	39	44	31	15	31	50	39	44	33	68	22	28	72	46	51	34	24	76	92	34	10	57	61	80	12	50	39	
62	96	76	23	41	68	73	45	15	26	51	17	67	17	25	69	34	31	23	45	60	52	40	62	70	60	51	40	63	84	99	59	72	47	42	28	36	18	28	9	12	68	39	89	11	88	29	1	34	28	73	40	62	91	75	51	42	100	35	28	
75	53	20	47	100	55	34	71	47	83	24	4	85	41	17	38	57	99	21	89	72	17	20	20	11	76	3	10	50	20	50	99	8	57	49	65	99	23	62	43	13	2	30	18	58	98	91	1	12	15	93	45	73	19	92	26	80	54	70	64	
43	35	4	90	55	90	38	43	96	25	39	33	2	99	98	82	36	85	71	77	48	51	61	22	4	55	88	21	64	91	70	49	12	61	41	24	30	22	27	85	99	60	80	84	75	81	4	65	66	20	3	16	94	70	89	12	45	43	41	63	
91	66	55	36	61	78	41	82	48	11	75	8	28	100	7	29	54	2	40	47	40	49	69	98	45	54	96	82	21	36	23	61	82	11	63	42	70	66	55	39	14	92	96	96	12	77	6	60	94	33	85	43	95	86	21	56	21	98	55	73	
35	51	42	21	83	2	16	86	36	73	4	24	30	85	20	12	94	59	38	24	4	26	9	45	82	9	17	50	71	77	26	33	67	35	5	35	40	67	92	33	26	43	12	24	27	25	68	56	27	10	31	61	62	18	62	54	57	64	47	95	
6	53	53	16	42	71	62	23	25	50	85	50	25	52	7	84	62	66	44	6	74	31	17	68	67	91	85	10	29	26	73	64	98	1	4	21	99	41	63	23	37	8	12	50	59	45	49	72	22	71	39	44	79	80	32	65	19	46	70	60	
13	3	93	88	47	45	26	82	18	56	93	38	4	15	76	17	34	96	73	47	87	92	34	58	62	90	43	63	43	31	28	93	37	38	8	88	82	93	29	12	60	28	8	54	50	96	99	74	2	78	49	93	65	25	26	49	24	54	95	63	
26	11	61	68	74	5	89	76	58	33	67	58	95	69	35	88	24	56	55	53	21	32	83	84	29	51	33	20	40	66	32	24	48	32	51	90	6	75	78	87	28	70	85	17	42	87	4	75	41	13	41	63	69	96	48	49	10	64	23	16	
66	20	34	95	54	56	39	34	32	20	85	81	70	58	82	84	26	58	45	43	5	9	5	48	94	76	59	79	1	77	58	25	3	38	85	52	47	61	81	17	57	45	23	75	58	98	8	100	53	90	95	14	89	90	15	31	58	7	66	84	
56	50	13	38	62	46	72	90	95	41	56	99	67	84	44	77	96	43	33	80	42	55	26	94	52	30	90	5	39	56	83	68	61	28	83	92	31	99	85	98	91	70	30	43	25	6	100	18	46	59	82	78	53	62	46	83	54	76	76	6	
20	61	35	24	24	65	89	58	46	53	50	87	58	42	17	22	71	11	82	55	34	64	63	19	95	45	66	74	16	27	95	9	66	53	46	4	19	71	31	21	20	59	64	94	12	96	58	15	94	68	48	32	48	20	40	9	51	9	67	15	
85	65	64	98	84	32	44	47	80	68	32	69	76	75	58	78	66	20	41	43	57	71	96	52	66	77	97	24	17	23	2	41	69	21	83	98	30	30	61	54	3	94	38	65	51	48	6	24	59	22	78	65	36	22	23	11	66	98	69	79	
70	89	57	84	40	75	39	5	33	75	28	80	42	72	75	45	56	66	42	71	27	86	64	18	52	47	1	26	20	26	77	67	29	73	20	98	31	87	38	58	71	99	50	6	87	70	60	90	51	78	12	20	98	16	85	10	4	12	65	73	
26	91	33	84	22	42	57	24	33	1	6	70	98	62	3	67	13	40	29	16	72	98	57	27	65	32	7	24	100	7	93	51	78	36	65	68	94	59	94	65	39	77	56	60	14	24	95	60	65	49	70	82	68	7	96	3	79	66	55	49	
65	62	63	49	99	17	53	34	64	58	32	79	27	91	56	21	62	14	74	69	78	83	59	21	98	85	12	53	89	34	4	16	62	68	56	82	38	46	100	68	32	98	75	82	11	68	89	89	98	86	87	37	16	5	23	8	99	81	60	4	
69	5	84	97	71	17	56	87	74	43	28	63	39	43	63	79	31	78	97	71	22	2	23	97	3	64	43	56	53	1	66	41	89	21	9	70	48	97	19	91	47	48	11	22	7	21	4	2	22	79	2	83	79	48	71	4	96	90	55	21	
22	27	56	39	17	83	17	21	94	100	68	84	57	49	10	18	71	56	9	70	76	41	85	15	60	14	88	43	42	28	79	30	78	65	26	31	7	36	94	42	20	46	64	71	1	51	72	34	40	76	64	96	21	17	42	28	65	54	73	49	
18	74	91	19	67	57	46	9	53	7	80	34	51	55	72	22	70	4	99	27	4	37	19	47	6	44	61	29	7	90	89	19	94	5	82	34	23	77	51	52	35	71	41	73	22	47	89	93	48	45	9	60	62	95	63	84	13	73	78	95	
45	5	71	73	72	79	33	56	81	99	16	64	63	90	55	6	13	7	22	67	52	23	79	6	94	74	19	90	17	35	16	77	47	82	24	86	80	6	12	12	30	26	50	42	11	71	24	22	48	85	10	81	53	72	33	41	25	95	85	6	
19	16	88	69	93	75	24	26	4	40	39	100	61	98	65	6	78	69	34	16	64	98	60	98	91	74	19	84	54	76	23	96	53	47	58	3	76	99	15	86	98	59	86	24	18	47	13	64	61	94	94	61	8	63	21	7	63	23	37	96	
62	7	2	15	42	72	74	21	99	66	44	82	6	13	12	33	18	13	77	82	83	65	95	32	40	22	41	84	28	37	70	76	39	34	94	75	43	91	75	36	43	92	29	50	2	44	99	47	59	60	14	55	60	18	87	82	65	61	40	28	
74	75	59	65	23	11	71	82	71	12	51	38	3	89	24	88	88	3	77	93	16	56	85	29	40	9	100	3	62	54	6	68	18	81	32	78	93	20	77	93	34	99	76	87	15	1	18	19	27	58	31	39	74	33	16	76	32	38	23	94	
27	15	30	51	34	83	97	4	42	75	59	95	72	60	83	23	27	73	7	17	44	93	69	95	67	55	39	62	3	22	60	27	65	19	41	18	33	89	90	71	41	59	66	62	86	19	52	53	4	47	19	86	90	44	46	10	70	87	56	36	
18	95	39	83	90	10	39	32	76	23	58	50	70	48	54	26	35	53	87	61	81	32	53	19	81	91	43	75	35	23	5	81	35	38	72	86	1	27	56	82	61	25	11	86	58	21	11	76	12	16	43	8	10	69	14	32	93	98	25	20	
31	24	28	26	76	83	22	96	99	44	32	11	11	19	3	94	8	92	29	28	63	81	61	58	52	64	74	64	95	81	74	17	33	19	67	2	21	43	10	15	6	36	39	56	43	41	79	35	4	68	71	49	38	37	6	50	14	55	9	48	
54	100	62	11	97	30	39	23	13	80	40	86	81	71	56	77	3	79	38	40	38	26	2	72	77	18	56	33	48	80	31	4	63	67	15	22	24	87	91	61	91	72	72	95	33	90	96	57	33	2	30	82	19	72	26	44	46	78	47	58	
83	9	88	78	8	11	8	77	57	77	81	81	54	78	82	62	12	91	43	37	1	28	57	76	62	79	79	46	11	52	69	54	26	45	31	41	75	6	4	9	20	55	95	39	63	41	1	57	16	79	17	16	37	58	12	75	63	55	5	73	
63	55	60	24	29	19	17	51	40	78	56	93	14	47	94	46	40	87	15	49	21	86	73	15	35	9	71	43	31	68	47	54	55	89	81	77	25	69	38	61	9	33	64	46	17	36	10	39	37	23	26	53	78	13	41	13	79	44	30	79	
13	91	55	1	2	33	48	97	53	26	86	10	84	61	87	88	56	78	7	9	96	69	58	54	51	58	79	15	19	10	5	28	10	58	11	85	12	19	61	39	1	86	92	99	93	68	67	50	64	57	88	9	59	65	57	47	84	19	24	81	
29	73	99	5	60	39	36	3	90	59	40	35	1	81	26	15	26	40	66	68	55	57	59	78	29	99	18	34	98	58	8	62	16	76	1	3	17	32	90	42	34	13	56	91	30	7	90	7	69	16	33	87	88	62	94	49	67	39	24	55	
24	5	6	35	45	46	87	85	45	71	96	79	7	61	70	84	7	92	25	78	33	12	72	27	32	52	74	78	63	37	12	95	38	87	24	63	75	61	85	24	86	87	88	13	94	95	30	37	33	97	75	89	63	96	3	79	69	12	79	44	
71	61	38	10	96	63	76	38	30	80	79	32	94	44	64	5	13	91	68	8	18	80	51	92	58	20	70	76	25	52	28	84	7	27	10	31	99	95	43	6	27	43	68	64	68	37	61	70	43	38	68	65	84	66	39	62	18	48	64	25	
4	17	43	93	10	68	91	95	90	70	41	73	8	74	42	45	17	64	51	13	88	10	37	49	67	48	89	68	67	60	70	39	88	56	14	56	84	30	99	13	26	48	93	99	84	45	7	10	96	84	77	66	85	96	1	44	41	80	26	97	
94	56	88	10	39	75	2	48	29	42	32	74	74	85	57	37	52	45	60	68	5	57	53	48	61	1	38	37	100	52	42	98	14	12	6	29	61	52	71	34	70	21	15	2	46	33	59	31	10	44	12	34	20	75	93	40	8	11	45	93	
44	18	65	10	36	93	64	100	36	93	88	74	62	89	20	32	98	48	96	80	49	59	1	33	66	62	50	73	43	28	42	15	51	64	94	62	98	5	89	69	62	8	59	79	21	60	11	36	35	82	36	9	21	95	77	60	42	75	12	44	
81	3	64	84	47	77	99	73	2	9	62	49	11	36	54	21	92	93	67	31	68	88	83	65	39	98	49	20	61	36	71	68	30	3	72	47	67	72	82	20	40	50	83	3	65	12	86	30	46	59	89	73	90	80	41	21	46	6	77	25	
45	66	22	18	59	78	43	1	92	35	20	71	2	46	72	25	90	78	99	91	51	52	33	57	35	11	21	40	78	97	73	94	96	54	94	94	67	27	39	78	81	81	57	49	38	75	37	23	25	1	9	47	35	11	71	88	53	94	36	75	
100	37	5	52	62	82	92	83	78	94	44	17	70	90	72	71	96	24	33	10	55	49	71	100	23	56	31	10	36	11	2	38	39	5	56	34	33	4	17	66	80	11	64	35	8	78	87	76	14	28	78	74	11	58	39	6	98	91	92	5	
86	8	71	28	47	28	35	13	11	2	44	10	58	90	53	51	85	89	52	93	94	9	66	74	1	28	71	14	41	4	56	68	21	31	99	5	8	20	66	4	12	26	84	44	19	55	89	62	43	3	24	78	99	70	86	46	45	56	32	64	
91	95	73	97	1	90	9	19	99	72	29	96	26	59	16	51	36	86	66	39	30	29	99	74	22	59	10	68	8	40	50	51	52	48	84	33	28	96	66	75	28	60	88	85	59	80	57	76	43	39	37	23	73	77	72	49	82	12	61	85	
65	45	96	95	88	64	49	23	88	57	98	4	57	76	94	74	90	35	27	46	67	23	33	33	44	88	77	64	91	77	52	92	72	31	40	10	24	57	79	88	8	81	77	28	84	24	89	40	16	71	82	22	97	28	48	62	59	71	48	35	
93	18	48	83	94	95	24	62	47	92	40	23	29	8	71	23	32	96	59	34	72	96	50	84	19	91	20	6	15	64	26	1	93	83	99	98	74	95	25	43	73	50	50	97	66	46	55	94	17	96	85	17	42	22	90	99	12	1	14	40	
51	73	55	27	54	32	9	82	100	93	91	2	11	57	82	21	83	63	7	33	88	77	30	84	86	57	4	32	48	28	42	77	51	36	11	68	5	14	4	87	41	44	37	14	64	27	60	44	52	99	41	91	84	41	80	44	45	41	26	34	
