Factories	3
Families	20
Machines	2
SetupType	1

Number of Jobs in each Family
4	5	2	6	5	7	5	4	5	4	6	7	1	3	9	9	8	10	6	2	

Jobs in each Family
0	1	2	3	
4	5	6	7	8	
9	10	
11	12	13	14	15	16	
17	18	19	20	21	
22	23	24	25	26	27	28	
29	30	31	32	33	
34	35	36	37	
38	39	40	41	42	
43	44	45	46	
47	48	49	50	51	52	
53	54	55	56	57	58	59	
60	
61	62	63	
64	65	66	67	68	69	70	71	72	
73	74	75	76	77	78	79	80	81	
82	83	84	85	86	87	88	89	
90	91	92	93	94	95	96	97	98	99	
100	101	102	103	104	105	
106	107	

Total number of jobs
108

Processing times of jobs
1	4	
3	4	
8	7	
6	7	
6	2	
1	5	
3	3	
8	10	
4	7	
4	10	
3	10	
3	10	
1	8	
4	8	
6	7	
4	5	
3	5	
7	9	
9	2	
6	6	
4	7	
3	8	
5	9	
9	6	
10	4	
3	6	
9	9	
9	2	
2	5	
9	10	
2	8	
7	9	
9	8	
4	7	
9	5	
9	2	
1	1	
8	5	
5	3	
2	9	
10	2	
10	3	
10	6	
1	6	
8	10	
5	6	
9	1	
7	5	
7	9	
2	2	
5	3	
9	9	
2	2	
9	4	
7	5	
6	6	
9	5	
5	10	
10	2	
1	2	
9	5	
9	5	
4	10	
2	3	
10	8	
7	2	
10	8	
7	4	
6	8	
7	2	
7	4	
2	10	
10	5	
7	10	
2	2	
1	10	
1	4	
6	8	
7	4	
2	7	
6	1	
6	4	
2	2	
8	5	
6	3	
4	7	
9	10	
7	1	
7	1	
8	10	
5	9	
4	4	
2	8	
9	3	
4	5	
3	10	
2	2	
5	6	
4	10	
4	2	
6	5	
4	1	
5	4	
2	8	
8	5	
4	5	
7	5	
6	6	

Stepup times between Families, where [f][f] represents initial setup time
On machine	1
7	1	13	15	9	3	9	15	9	20	4	17	19	4	17	10	14	7	8	2	
11	9	15	15	2	20	16	4	13	1	15	17	17	12	12	2	8	20	7	13	
15	15	10	16	13	13	14	15	1	3	10	10	17	10	20	2	2	9	17	13	
17	7	12	7	11	7	6	2	5	6	20	9	15	3	20	12	7	17	9	11	
12	18	14	18	7	6	13	4	12	10	7	3	10	6	6	7	5	17	18	4	
16	12	6	1	18	12	4	18	11	15	14	2	19	17	13	9	19	11	9	16	
1	13	6	3	9	8	7	1	7	6	6	15	3	17	19	5	19	2	12	6	
16	19	16	3	7	15	19	5	16	8	17	19	20	4	18	20	12	12	14	3	
18	10	4	16	12	15	8	19	14	9	1	3	3	13	20	2	3	7	19	19	
11	16	9	20	13	5	3	11	6	2	18	10	9	18	1	2	10	9	17	8	
7	9	11	9	10	9	11	4	3	3	19	17	3	9	17	9	17	11	4	3	
8	19	20	9	1	8	13	7	6	19	14	19	15	2	2	13	4	15	6	13	
16	2	17	3	16	10	13	18	11	1	2	1	12	9	20	14	5	9	20	7	
7	17	6	9	1	9	6	11	5	20	8	16	9	7	18	4	7	15	8	4	
7	5	13	16	4	5	9	17	1	17	17	20	5	7	3	9	9	8	10	18	
2	14	8	14	18	12	18	5	6	4	19	11	2	10	17	5	4	7	1	3	
17	5	13	19	12	17	11	9	12	4	19	3	6	14	9	10	19	8	1	6	
8	14	15	14	10	4	10	20	18	16	6	12	6	7	8	6	17	11	7	5	
13	2	9	5	14	17	20	5	9	15	18	14	18	3	1	10	6	7	11	8	
4	2	17	15	3	13	10	17	19	9	11	6	12	16	8	1	4	5	9	11	
On machine	2
11	9	6	5	2	8	20	6	19	11	2	14	18	7	6	1	4	18	19	12	
11	12	2	4	6	8	20	3	2	16	12	3	18	10	13	1	3	9	7	19	
19	20	9	13	18	13	17	13	14	13	3	2	15	2	10	18	10	5	4	10	
7	13	9	13	8	19	19	15	5	3	5	1	5	10	12	18	18	18	1	4	
3	12	1	3	13	12	1	9	4	14	18	7	12	19	15	18	12	6	16	14	
17	16	11	7	5	6	5	13	14	1	4	13	18	6	6	4	5	7	20	12	
17	5	8	17	8	12	20	14	11	8	16	19	14	6	17	9	20	6	3	17	
8	6	8	17	20	19	6	1	1	13	3	8	8	17	3	13	3	7	6	8	
3	2	2	17	12	3	3	9	1	11	9	2	18	16	18	12	19	10	13	17	
11	20	2	8	1	6	18	2	18	4	18	13	3	10	19	18	16	1	9	16	
4	14	4	17	3	13	18	17	10	17	6	1	7	15	8	13	4	20	7	1	
4	11	7	12	15	18	19	6	5	11	14	5	18	5	12	2	4	20	3	1	
2	19	11	20	3	13	11	3	6	7	4	13	5	12	15	10	12	8	18	18	
7	16	11	17	2	18	9	12	4	13	7	3	14	17	2	15	9	12	13	5	
10	19	15	15	1	19	20	19	9	18	8	6	6	14	12	7	12	12	10	20	
19	16	8	16	2	13	20	9	4	3	7	8	1	16	1	3	13	16	3	18	
10	10	16	9	3	4	9	17	13	2	17	13	1	10	19	19	18	20	9	19	
5	6	12	15	18	3	17	16	4	11	16	8	3	18	15	4	14	2	14	15	
8	10	4	4	3	13	16	5	3	6	8	13	7	1	2	15	17	2	14	7	
11	12	7	8	17	9	9	14	9	12	18	6	1	3	20	1	20	6	7	17	
