Factories	2
Families	20
Machines	20
SetupType	2

Number of Jobs in each Family
5	7	9	2	4	4	5	4	8	6	7	2	7	9	1	6	8	4	9	9	

Jobs in each Family
0	1	2	3	4	
5	6	7	8	9	10	11	
12	13	14	15	16	17	18	19	20	
21	22	
23	24	25	26	
27	28	29	30	
31	32	33	34	35	
36	37	38	39	
40	41	42	43	44	45	46	47	
48	49	50	51	52	53	
54	55	56	57	58	59	60	
61	62	
63	64	65	66	67	68	69	
70	71	72	73	74	75	76	77	78	
79	
80	81	82	83	84	85	
86	87	88	89	90	91	92	93	
94	95	96	97	
98	99	100	101	102	103	104	105	106	
107	108	109	110	111	112	113	114	115	

Total number of jobs
116

Processing times of jobs
8	4	2	9	8	3	7	1	4	3	1	4	6	6	5	7	4	8	1	4	
2	3	5	4	9	3	5	5	1	1	5	5	4	5	2	6	1	4	4	5	
5	9	6	4	2	4	6	7	8	10	6	3	6	2	2	4	2	4	2	2	
6	2	5	1	8	5	8	2	10	7	8	4	5	3	4	8	10	8	5	3	
2	6	10	4	3	9	4	3	1	10	4	9	2	5	9	4	3	5	9	3	
7	1	9	5	1	10	8	1	7	4	2	7	3	5	6	8	4	2	5	2	
9	1	1	5	6	4	1	3	9	7	6	2	5	6	8	1	8	1	7	2	
9	10	10	7	2	2	9	5	1	4	2	8	6	7	9	8	4	7	1	3	
5	8	7	9	3	5	5	9	8	6	6	6	10	2	5	10	7	3	7	3	
2	1	10	2	5	1	7	1	3	2	2	5	6	5	6	9	7	6	3	10	
2	2	6	2	7	6	5	8	6	7	8	3	1	10	7	1	8	9	10	10	
10	1	9	8	6	4	1	7	2	2	4	9	7	7	6	1	5	10	3	4	
6	8	2	7	5	2	1	5	4	1	10	10	7	6	2	10	10	6	6	9	
10	9	10	3	6	5	5	10	9	8	7	1	2	2	4	8	10	5	7	3	
4	9	5	10	9	1	7	6	2	2	8	4	4	1	10	5	1	8	2	1	
6	8	7	10	1	7	9	5	10	7	3	6	8	9	3	3	3	1	8	6	
5	5	10	8	7	4	2	4	4	10	2	5	8	9	8	4	2	1	9	7	
8	6	9	1	5	3	6	4	1	4	8	10	10	8	8	10	1	2	3	2	
10	7	5	5	9	9	6	7	3	3	10	3	2	2	10	1	10	1	1	9	
4	5	2	7	3	7	10	4	3	1	3	8	10	6	5	2	6	2	3	4	
10	5	10	10	5	10	6	8	9	10	9	3	6	9	4	4	2	3	9	5	
2	5	2	7	5	7	3	1	8	2	4	5	2	10	8	5	4	9	7	1	
2	8	2	5	10	4	10	10	10	10	1	4	8	1	3	8	1	1	5	3	
9	1	5	4	2	5	6	6	9	9	10	4	8	9	8	10	3	6	6	10	
8	2	8	10	7	5	2	4	6	9	1	7	6	7	3	2	6	4	6	2	
7	5	5	10	9	5	10	8	5	6	7	8	7	9	1	6	10	1	3	8	
6	5	6	9	2	8	4	8	1	5	5	1	1	5	3	5	3	10	8	1	
6	3	9	10	2	7	8	1	10	9	1	3	5	5	6	10	3	5	10	1	
10	8	9	5	4	7	4	10	8	10	6	5	1	5	8	10	7	8	1	6	
8	3	4	3	1	6	10	10	7	6	4	6	3	5	7	5	2	9	6	6	
1	3	3	2	2	1	3	9	8	2	3	1	3	7	2	5	6	5	10	9	
9	6	8	5	1	6	5	2	7	5	2	4	6	1	3	5	3	1	8	8	
2	5	2	3	9	7	4	1	8	2	4	2	10	7	9	10	9	9	1	8	
10	9	10	3	4	1	8	4	4	1	10	8	2	9	9	9	2	3	5	3	
7	2	1	10	7	10	7	10	3	7	2	7	6	10	5	3	4	5	3	6	
4	9	1	2	9	5	6	4	3	2	3	4	4	5	7	5	5	7	10	3	
8	8	6	4	6	10	9	1	2	10	7	9	10	5	5	4	1	3	3	3	
3	6	4	5	10	5	5	3	10	1	3	10	8	10	2	1	6	6	10	1	
5	1	6	1	4	5	1	2	6	3	9	3	4	10	6	2	10	2	3	9	
2	8	8	6	10	3	10	7	4	1	1	2	4	4	4	7	10	1	7	7	
8	7	8	5	1	3	5	5	6	10	9	5	8	3	3	8	1	3	4	5	
6	5	8	10	9	7	5	2	8	8	4	1	1	5	1	3	7	8	9	7	
2	9	6	2	1	8	3	1	1	8	1	10	2	6	1	4	1	1	4	2	
5	2	10	9	3	6	10	4	2	4	6	4	7	3	6	5	1	2	2	1	
7	8	5	7	2	5	4	3	3	9	5	7	9	3	3	8	3	9	5	4	
7	5	5	5	8	10	1	9	1	9	10	1	5	6	10	7	3	1	10	3	
1	1	2	2	6	9	6	7	6	10	3	9	5	2	5	4	1	9	5	7	
4	7	2	1	4	2	1	1	4	2	4	1	4	6	2	7	7	6	7	1	
7	8	4	10	2	4	3	9	1	2	9	4	8	6	4	7	7	5	3	1	
2	3	8	1	5	6	1	3	3	2	7	1	8	3	4	2	1	7	9	4	
5	8	6	3	6	8	1	6	10	8	7	6	3	8	8	8	10	3	4	9	
6	7	6	6	5	1	2	3	10	4	2	3	6	4	4	4	7	6	9	9	
10	1	2	5	6	7	10	6	3	5	7	2	4	2	6	8	9	10	8	9	
10	5	6	7	6	2	1	8	9	5	8	5	10	2	9	5	3	2	5	4	
9	2	10	3	10	8	10	10	3	10	10	5	4	4	5	1	3	4	7	3	
1	1	7	3	10	6	5	5	3	9	2	1	7	8	4	5	4	3	6	5	
10	3	5	3	4	5	4	2	6	3	3	10	6	1	10	7	3	6	5	6	
7	8	5	6	6	7	1	5	10	10	8	6	1	3	9	8	5	7	3	6	
8	3	4	7	4	5	8	5	2	8	8	9	5	9	2	10	2	4	6	1	
8	9	8	10	2	5	7	10	1	2	2	6	6	1	8	10	5	3	5	2	
3	9	2	3	4	1	7	5	1	9	1	10	1	8	9	2	3	5	5	5	
7	7	5	3	6	7	9	3	10	7	1	4	9	3	5	7	10	8	7	10	
5	7	8	1	10	7	2	5	5	1	7	4	8	6	9	2	9	8	1	3	
10	5	3	10	8	2	5	7	8	1	10	2	10	1	10	3	1	8	5	1	
1	3	8	6	5	10	1	4	9	8	1	4	2	7	3	7	3	2	1	8	
9	5	2	8	8	3	5	7	8	10	6	3	9	3	10	3	2	3	9	9	
3	7	9	7	2	4	3	2	5	9	1	7	1	6	10	8	3	5	3	4	
1	9	3	1	2	1	3	5	1	9	1	4	10	1	9	7	4	2	8	8	
2	5	7	7	1	2	5	4	7	6	9	3	5	10	7	6	7	5	8	7	
3	1	5	3	2	7	6	2	4	2	2	3	3	6	6	3	6	10	3	10	
2	7	9	2	6	6	5	6	2	8	10	5	9	2	6	7	4	1	1	4	
3	7	1	6	6	6	7	6	6	1	10	6	8	10	9	8	8	1	1	1	
7	7	9	2	4	6	10	8	4	10	10	3	7	1	10	5	4	8	6	9	
4	1	1	7	1	6	10	5	4	5	9	3	1	4	1	7	10	2	7	7	
5	10	1	5	2	6	3	8	6	6	7	2	5	5	10	7	5	3	4	4	
9	2	7	5	10	8	8	5	4	6	4	3	6	8	4	9	8	1	5	8	
9	8	5	6	7	9	7	3	1	7	10	5	3	6	8	7	8	1	4	3	
3	4	4	6	5	2	7	10	2	9	4	2	1	10	10	6	2	3	4	5	
4	10	2	3	8	2	10	5	7	7	10	9	5	10	5	3	3	4	6	7	
6	8	4	1	2	4	6	3	5	3	10	9	6	10	2	9	9	9	9	5	
8	2	5	6	6	2	7	10	9	3	5	2	10	3	4	10	7	6	10	2	
5	5	4	4	8	3	7	7	3	9	10	4	7	1	9	8	9	4	1	4	
9	6	10	6	6	10	10	1	3	6	8	10	7	9	8	1	7	9	5	6	
3	9	3	8	3	2	2	6	5	2	9	9	2	3	5	8	7	9	7	4	
7	1	2	10	5	3	4	10	3	1	3	6	10	5	1	5	5	8	3	8	
3	4	9	2	5	7	4	3	4	10	5	10	5	1	3	9	8	10	2	7	
9	9	9	4	10	9	8	7	8	7	4	9	1	10	7	2	4	2	4	8	
4	9	10	9	8	2	5	10	9	10	3	3	3	6	3	4	3	7	6	1	
8	6	3	2	3	9	8	4	3	10	2	9	7	4	3	8	7	1	4	3	
4	10	9	4	10	9	2	5	10	6	6	5	3	7	5	4	1	7	1	9	
1	7	10	7	5	7	8	4	2	2	9	9	2	3	4	5	7	6	6	10	
8	6	6	6	7	6	8	8	5	6	4	6	1	3	10	6	1	10	9	2	
5	7	9	1	3	1	9	1	6	5	3	9	10	4	3	10	4	2	6	6	
5	2	5	6	8	8	5	10	2	6	1	1	5	6	4	6	8	8	8	5	
4	5	2	6	8	6	1	10	2	2	10	7	5	3	10	7	7	10	3	8	
6	1	4	3	9	6	2	5	4	9	2	2	10	7	3	8	6	5	6	3	
10	10	3	6	9	10	8	4	6	3	2	1	4	1	10	1	9	5	7	1	
9	3	8	3	2	7	8	7	2	3	7	10	5	7	8	6	9	6	6	8	
3	4	9	6	3	4	6	9	10	8	4	5	1	6	7	9	10	8	4	10	
8	10	6	6	10	7	4	4	2	1	8	2	1	3	2	6	7	10	4	1	
1	7	7	9	3	1	3	10	5	8	6	10	2	4	4	8	5	6	10	9	
1	6	8	9	7	9	1	7	3	1	3	2	1	3	6	2	4	6	2	7	
4	3	10	8	4	1	1	7	3	9	7	4	5	5	8	6	5	5	3	1	
6	9	5	5	2	1	4	3	5	9	8	5	2	5	2	9	4	8	7	5	
6	9	8	2	10	4	8	4	8	8	8	9	8	3	2	9	2	1	9	7	
1	2	5	3	10	2	2	2	10	1	5	9	3	3	10	8	4	5	9	7	
1	7	3	1	6	3	5	1	1	1	4	5	6	3	1	10	2	8	2	6	
5	2	5	6	3	2	5	6	8	4	8	4	6	2	2	6	1	8	6	9	
7	2	4	10	4	10	10	5	2	9	3	2	4	10	1	3	2	2	7	1	
7	3	9	4	6	4	9	1	5	10	6	7	8	8	10	1	4	1	9	9	
3	10	8	10	8	7	3	5	3	7	6	10	6	7	2	10	4	8	1	3	
2	10	9	4	7	10	2	5	5	10	1	3	4	7	1	1	5	10	6	7	
4	2	1	10	4	10	8	5	10	6	4	9	5	8	5	10	9	6	8	4	
2	8	6	10	9	9	4	5	9	4	1	4	10	9	3	6	5	5	1	10	
4	5	10	1	1	1	1	10	5	3	8	1	7	9	10	10	7	7	2	10	
9	5	2	6	2	4	6	1	1	5	1	8	9	7	8	6	3	9	9	7	

Stepup times between Families, where [f][f] represents initial setup time
On machine	1
19	41	27	14	46	1	10	16	37	45	39	14	24	20	13	26	20	27	18	10	
33	24	1	28	4	6	35	4	33	13	11	50	19	46	38	39	3	38	16	19	
31	33	17	25	25	3	28	24	11	16	13	14	20	48	43	13	16	36	28	20	
47	11	2	2	30	45	48	9	38	42	22	44	8	10	21	34	28	15	40	43	
40	9	18	47	6	23	20	37	19	22	50	32	47	16	20	1	35	40	47	19	
3	43	47	2	25	29	36	40	1	48	14	19	31	28	5	44	5	9	48	49	
16	12	24	35	31	44	23	16	49	40	6	1	36	13	1	28	2	10	1	40	
6	27	34	42	3	28	36	19	38	15	9	36	26	25	5	22	25	45	20	43	
24	31	25	46	41	15	42	49	4	34	6	18	13	43	18	26	16	47	22	40	
39	45	44	13	39	12	2	37	49	17	25	2	50	18	14	2	50	15	19	31	
20	1	47	13	24	37	40	30	47	5	30	34	18	22	41	15	50	3	30	15	
17	42	35	16	5	35	44	24	20	9	32	29	6	25	4	26	3	26	25	30	
29	36	30	36	17	20	44	37	3	46	3	2	21	15	6	40	45	20	17	26	
42	9	50	12	8	38	29	12	4	36	39	16	44	24	42	36	21	8	48	48	
19	3	7	33	1	47	42	9	42	35	25	9	47	29	15	47	21	50	42	34	
13	2	28	47	15	3	11	15	9	22	7	6	29	22	32	16	37	18	2	44	
42	18	28	18	9	45	3	33	50	25	49	13	27	8	11	11	15	39	49	47	
21	15	37	44	27	11	17	18	9	3	50	29	37	14	21	2	20	49	9	21	
42	5	44	10	5	40	12	31	4	12	36	27	12	3	13	50	1	32	43	10	
36	12	15	44	31	36	23	40	29	35	33	40	25	1	41	45	32	46	20	8	
On machine	2
12	21	24	27	27	3	42	7	34	44	8	7	21	35	35	10	23	50	20	12	
47	9	45	40	39	3	23	25	4	26	15	32	43	8	50	24	26	29	22	19	
6	21	14	14	24	28	28	5	40	15	2	7	46	12	48	28	2	4	41	1	
49	28	29	50	11	18	7	35	12	16	17	48	21	37	13	8	2	49	21	28	
19	45	45	21	45	30	21	20	38	25	20	46	20	16	45	32	28	32	5	4	
17	22	47	12	13	30	46	11	6	50	42	6	10	46	42	29	7	5	40	23	
41	6	2	9	50	34	1	11	48	38	26	30	34	29	16	24	29	38	11	28	
16	4	21	4	39	46	46	39	20	37	37	1	11	33	14	43	48	46	4	37	
21	14	20	1	18	31	14	14	26	17	16	29	37	11	25	29	49	1	24	4	
23	14	14	7	44	11	8	45	34	11	34	3	9	49	4	2	35	38	39	40	
20	1	16	6	25	8	26	27	21	35	29	17	9	50	25	36	48	41	32	35	
10	37	1	44	20	32	24	1	12	8	20	20	11	24	29	38	25	44	12	37	
50	5	6	44	22	33	29	40	9	41	27	38	22	2	6	1	36	19	18	43	
6	1	42	39	5	7	26	48	12	35	12	35	44	29	50	10	31	28	17	28	
23	12	1	22	38	10	37	7	37	31	3	17	49	22	8	14	22	14	38	49	
22	31	20	43	5	46	38	29	17	31	7	50	16	2	30	30	12	3	33	33	
30	36	8	30	19	29	44	46	44	9	42	44	6	45	3	50	13	9	43	22	
40	40	47	47	9	9	48	10	6	17	20	42	18	20	5	1	9	42	24	46	
31	42	20	45	5	6	33	27	40	50	15	37	2	19	41	49	33	13	2	34	
8	26	44	40	14	1	48	3	2	15	13	50	49	41	24	19	39	44	12	29	
On machine	3
42	5	30	9	6	44	44	29	28	12	31	32	38	31	20	36	26	11	48	3	
11	36	44	32	2	34	12	41	43	2	1	21	31	7	31	49	41	11	19	48	
5	14	27	9	27	18	36	49	24	50	15	23	11	37	5	25	32	35	7	26	
41	8	12	43	33	35	50	40	16	28	26	27	23	17	14	25	32	21	28	4	
41	33	49	8	20	38	32	37	41	19	22	33	8	2	26	5	18	39	1	9	
12	23	49	43	48	44	24	48	4	40	6	36	34	22	50	29	20	3	21	29	
33	43	4	7	9	44	47	12	1	48	5	38	7	50	42	30	33	5	6	39	
27	41	13	32	41	46	39	47	36	35	16	26	17	35	21	5	24	6	27	26	
11	38	36	32	25	2	6	29	44	23	12	14	41	38	50	43	13	34	43	31	
37	10	48	37	34	16	12	2	8	26	9	12	33	7	17	21	33	31	5	22	
46	21	16	12	19	11	15	23	43	44	39	22	39	10	20	49	49	44	33	3	
13	12	37	31	19	27	14	28	10	45	15	33	10	5	27	16	6	6	48	15	
1	6	4	37	37	47	22	6	26	5	30	50	34	48	25	46	11	28	7	31	
14	10	17	7	20	31	6	46	49	36	23	7	6	6	11	34	16	17	10	41	
5	22	48	44	14	21	6	16	50	14	15	14	46	16	46	35	9	48	3	49	
34	9	15	10	19	6	43	40	44	10	14	10	21	11	21	8	36	49	4	21	
19	43	28	1	37	11	24	6	30	45	18	43	11	2	7	6	28	43	23	29	
14	22	29	46	5	41	37	41	48	16	5	30	47	38	36	31	11	31	25	45	
39	38	26	39	10	8	47	38	20	23	30	15	49	26	9	39	48	48	1	32	
26	4	4	7	40	1	18	40	20	39	10	40	46	44	15	21	33	15	39	37	
On machine	4
6	15	10	45	33	11	6	50	36	15	25	42	8	47	47	35	34	5	6	44	
49	19	27	25	32	13	31	14	50	31	7	9	10	41	27	18	11	3	27	18	
49	22	3	44	4	5	35	44	43	1	32	16	38	17	8	26	12	9	6	33	
7	27	26	35	50	2	2	48	21	37	33	3	49	17	50	30	10	12	20	13	
5	23	35	34	7	12	41	4	37	46	21	1	26	22	26	15	25	14	8	11	
2	19	22	21	36	12	38	19	15	11	24	3	42	41	38	17	8	17	15	1	
32	2	49	31	25	40	39	48	26	30	36	4	29	35	8	1	12	5	2	20	
16	12	6	28	18	17	3	10	14	9	41	11	3	41	30	44	19	14	34	50	
40	46	32	33	14	19	28	7	21	22	38	46	40	26	30	41	7	3	10	48	
49	45	32	4	46	37	8	1	49	12	49	48	13	43	26	13	40	22	6	46	
31	7	38	40	11	47	7	40	49	44	25	38	30	37	35	7	42	19	45	22	
50	50	27	7	40	19	22	44	5	44	18	31	12	19	1	49	28	46	11	46	
39	36	18	14	18	41	5	2	46	27	42	46	4	28	12	35	40	37	6	24	
36	50	42	35	7	32	29	42	1	15	42	1	22	25	43	47	36	48	31	2	
40	36	17	10	35	26	36	11	13	39	4	20	50	39	43	1	5	20	10	32	
22	45	27	40	3	21	14	33	50	44	36	19	37	35	28	1	32	8	32	41	
4	39	10	7	15	5	40	18	9	21	49	22	27	36	26	22	14	2	23	48	
40	2	33	26	42	47	32	18	10	36	24	4	31	25	21	1	24	29	39	9	
45	41	44	38	43	11	5	44	49	42	38	47	16	25	4	38	9	41	24	50	
46	7	15	4	33	43	36	26	46	22	48	43	37	50	39	29	26	22	45	49	
On machine	5
15	15	9	37	42	34	1	8	15	21	24	26	10	45	21	16	33	13	29	13	
33	9	45	46	40	50	35	38	32	38	36	33	29	45	25	7	18	26	27	13	
19	23	12	47	4	11	34	7	7	27	20	34	44	17	9	29	15	11	35	44	
6	41	16	49	4	20	45	44	2	21	7	40	7	33	11	26	38	14	23	36	
39	6	4	48	18	6	27	17	4	50	31	38	5	33	14	9	44	47	31	4	
28	2	4	32	42	48	15	45	16	9	26	18	40	4	43	12	41	13	19	23	
26	49	29	15	19	28	24	16	20	44	13	33	30	47	12	21	33	20	32	13	
24	3	46	42	3	7	21	15	6	28	7	16	46	40	46	46	45	6	13	30	
27	47	10	38	49	39	15	32	16	11	28	11	42	36	45	39	13	33	39	44	
4	25	5	7	6	37	44	25	24	46	3	32	23	24	8	49	6	8	19	27	
39	19	36	46	8	11	1	11	15	50	5	23	1	4	7	31	11	36	11	1	
12	11	46	49	10	25	33	33	34	15	28	14	31	24	27	15	24	47	15	3	
35	8	9	49	13	21	12	48	26	1	3	2	25	47	3	29	21	50	43	37	
9	21	38	36	27	2	43	38	21	14	21	34	11	7	30	44	31	26	41	39	
43	24	25	10	40	27	36	41	13	31	35	27	21	50	25	32	12	34	8	44	
24	13	41	47	22	43	18	23	22	21	34	44	3	34	43	30	28	13	8	17	
6	15	44	45	35	45	24	44	26	26	4	15	34	26	17	23	47	13	22	6	
1	6	33	45	21	39	19	29	8	43	9	26	2	32	40	40	46	32	2	24	
29	5	30	30	17	37	10	35	20	29	16	4	26	44	17	45	7	28	39	25	
7	43	5	12	23	7	11	34	10	49	35	29	37	44	5	37	31	42	35	34	
On machine	6
10	20	6	18	19	1	2	7	20	11	23	48	31	1	25	26	43	22	17	26	
30	19	29	9	44	49	20	11	13	39	44	23	24	47	37	39	46	40	38	33	
24	9	14	49	14	39	27	11	27	2	3	1	49	28	45	3	6	44	48	49	
12	25	41	30	5	50	7	20	45	8	16	17	18	44	37	6	37	10	43	48	
22	38	20	5	25	32	17	24	43	31	4	6	38	42	18	26	15	23	31	15	
26	29	10	8	7	21	23	2	25	16	24	10	12	22	18	42	45	31	13	27	
49	48	3	27	30	1	14	19	36	21	49	5	3	1	13	48	27	6	6	28	
11	42	40	13	19	9	37	18	4	45	2	23	34	30	28	34	21	47	48	45	
5	17	15	11	2	13	9	18	41	36	6	47	43	39	31	8	21	39	35	19	
44	39	44	29	31	26	18	18	20	2	18	11	9	1	40	30	31	6	30	9	
7	11	46	34	47	39	24	9	7	34	6	34	18	13	47	40	23	24	33	45	
19	26	28	16	9	10	20	31	23	8	31	14	28	50	20	18	43	26	33	17	
11	13	15	28	41	14	28	22	35	37	33	29	16	5	16	16	11	46	23	23	
23	20	36	22	3	47	22	50	27	29	5	26	15	28	29	7	39	8	37	48	
1	29	31	45	42	31	43	6	19	11	16	23	38	18	21	42	22	36	3	43	
27	43	46	1	42	49	4	50	48	6	25	1	40	32	47	38	4	23	21	8	
46	39	5	6	36	18	17	11	42	11	31	15	14	32	10	35	29	42	46	25	
19	4	34	16	8	24	33	17	35	34	50	49	1	14	50	37	13	10	6	4	
26	38	45	7	21	41	6	42	22	5	32	12	11	46	40	42	45	1	30	7	
33	18	31	49	21	2	46	40	44	10	26	3	18	8	5	35	7	10	30	43	
On machine	7
47	5	10	11	13	25	6	30	1	6	32	48	7	24	20	49	3	16	41	26	
48	36	48	15	7	30	3	5	28	17	29	18	25	6	28	45	8	47	14	9	
1	15	1	28	42	36	42	32	39	2	18	32	6	23	33	20	42	34	24	33	
18	2	41	20	6	17	41	16	40	23	34	10	1	3	20	7	34	18	9	38	
33	41	3	21	24	33	25	40	35	7	16	21	22	39	34	27	14	4	21	11	
17	7	5	28	19	45	10	14	11	4	17	31	20	28	50	42	45	15	24	36	
42	9	3	32	29	32	3	6	21	44	43	30	22	6	34	11	18	31	9	43	
26	23	3	34	9	37	38	38	44	34	32	29	14	10	8	2	26	5	22	34	
44	11	39	24	50	40	19	14	35	15	45	42	44	3	37	41	4	46	13	10	
19	32	3	11	12	34	24	40	22	44	25	40	10	33	23	6	43	13	6	2	
6	33	28	47	9	23	26	39	40	29	10	13	21	7	14	49	29	15	15	13	
9	34	43	17	41	16	30	11	4	27	47	10	44	43	40	21	26	27	32	21	
12	28	35	47	2	1	6	33	14	41	17	45	7	27	16	11	39	35	48	50	
44	50	32	1	40	10	16	34	12	8	1	4	24	32	40	13	38	22	47	13	
15	47	48	18	47	41	50	25	16	26	5	20	39	17	48	45	30	35	29	45	
10	40	16	47	14	26	38	41	2	31	35	10	6	33	48	37	18	24	20	39	
45	28	24	48	8	8	8	15	26	4	37	40	42	31	47	47	25	2	41	19	
30	48	27	23	42	16	10	33	10	26	24	38	26	30	24	30	17	4	26	11	
39	32	34	10	26	19	34	11	33	27	33	4	12	31	45	17	2	27	47	24	
2	9	11	14	7	14	6	39	25	23	36	10	4	49	17	36	9	44	4	2	
On machine	8
38	37	47	33	10	17	17	25	28	30	7	4	21	37	35	2	13	2	22	19	
17	24	42	24	38	35	4	7	14	27	34	8	38	50	27	12	21	12	4	29	
43	39	28	10	5	23	34	43	47	8	12	26	29	19	31	26	32	38	49	38	
8	20	42	6	26	30	27	38	12	36	25	21	12	32	48	16	2	43	33	17	
3	50	40	35	36	4	16	27	8	34	9	16	5	8	30	47	36	14	44	19	
21	37	33	34	9	37	40	37	25	6	12	29	28	25	16	15	43	19	25	48	
14	4	12	18	48	27	20	6	19	28	10	34	19	50	15	8	43	15	19	14	
9	8	20	43	38	12	7	40	16	43	24	48	47	36	17	30	37	44	36	36	
14	37	10	21	3	11	34	8	10	6	31	10	9	36	7	28	2	11	19	42	
17	46	49	47	10	7	30	43	5	39	39	6	46	5	50	23	31	32	33	5	
9	4	12	14	16	16	29	46	27	15	22	28	38	21	23	50	37	8	49	42	
43	45	12	35	27	25	18	41	40	14	11	8	41	12	48	20	22	37	11	12	
37	36	44	46	25	23	38	7	7	13	15	16	39	8	7	8	3	41	27	3	
46	17	3	40	28	40	32	31	43	1	29	5	29	14	30	49	29	20	20	9	
27	42	4	30	24	39	10	38	30	29	7	6	26	21	49	27	29	24	24	39	
10	47	15	38	50	11	28	48	37	36	4	36	31	33	28	39	26	36	45	45	
38	48	10	8	15	4	23	16	3	2	2	12	30	11	20	2	2	17	8	12	
18	21	39	40	48	24	2	38	16	24	5	20	9	35	37	6	31	28	37	35	
18	25	37	23	21	28	14	27	40	4	25	18	37	27	15	33	21	32	12	30	
27	13	23	18	30	34	13	38	3	32	36	13	36	29	12	6	48	14	37	50	
On machine	9
39	13	36	15	36	5	38	18	16	42	12	26	3	10	47	42	20	14	48	33	
18	25	42	26	19	14	3	31	2	19	16	49	41	46	5	28	15	18	19	37	
16	6	27	28	35	24	49	45	8	13	38	28	10	49	39	49	50	49	18	28	
21	41	47	11	15	26	10	37	24	34	6	6	28	37	35	7	22	28	49	47	
18	1	1	14	23	9	2	39	43	28	5	50	18	12	13	30	21	36	22	49	
6	16	49	50	40	35	17	14	42	25	27	29	19	12	37	26	34	9	6	5	
42	3	44	25	4	27	2	3	4	46	43	24	48	26	36	33	16	28	7	22	
38	37	42	27	39	48	35	39	24	37	35	16	50	18	21	38	33	15	50	5	
15	40	15	34	31	42	20	26	1	48	43	44	43	35	11	36	41	25	4	50	
26	47	35	48	34	35	10	47	20	20	34	36	50	49	48	38	33	26	48	42	
46	5	30	34	5	3	20	8	8	9	42	1	13	5	29	48	2	49	17	1	
10	3	50	49	4	4	37	39	42	2	15	18	20	10	48	19	47	9	7	34	
22	30	11	35	19	29	37	9	10	19	24	7	23	38	13	42	46	21	1	27	
43	15	36	47	15	21	40	1	39	19	15	33	42	18	49	7	10	3	3	8	
9	21	9	44	29	33	25	32	40	13	26	18	29	37	48	47	39	31	42	39	
30	15	38	8	40	22	39	12	27	10	23	4	42	32	25	3	37	12	40	33	
48	40	34	35	40	41	40	43	24	33	4	1	9	31	40	44	15	48	10	35	
9	46	12	22	16	22	9	44	22	47	49	12	41	30	19	42	27	34	3	16	
30	45	19	10	34	27	40	11	44	28	22	33	2	41	21	15	48	15	37	18	
35	26	30	42	50	43	42	8	35	36	32	39	1	43	43	47	2	33	26	4	
On machine	10
31	50	21	7	17	23	6	28	18	49	17	19	2	4	49	24	6	39	20	14	
39	1	27	26	19	45	40	15	21	45	37	42	11	42	43	13	41	22	25	44	
14	12	14	16	36	31	37	15	28	6	37	27	7	13	22	33	30	41	23	47	
32	8	35	36	29	10	5	16	8	30	24	3	23	38	46	47	36	26	34	11	
2	36	49	40	3	8	20	34	42	14	30	9	34	44	34	3	39	10	34	20	
45	23	14	20	42	48	49	27	16	42	28	15	22	18	16	4	34	3	15	17	
8	15	49	12	37	31	49	34	12	31	21	23	9	26	32	20	28	6	44	47	
1	41	30	7	13	6	29	24	5	13	31	7	9	12	3	24	16	41	18	44	
6	9	29	6	14	13	16	12	1	47	45	3	27	41	20	22	42	3	22	18	
47	4	19	22	36	38	4	21	36	48	13	40	50	16	9	16	7	37	38	19	
25	20	44	46	44	5	29	38	7	12	29	5	34	5	8	1	43	5	49	16	
9	24	11	17	43	34	30	19	28	24	26	16	28	21	26	38	45	30	29	18	
47	1	37	48	5	30	40	42	11	29	24	16	44	39	25	31	1	17	47	21	
46	41	42	24	44	32	25	30	50	10	8	7	33	20	4	18	24	23	2	17	
48	22	47	1	40	48	19	9	13	29	35	25	6	44	21	35	41	45	14	32	
23	24	9	17	45	19	23	8	20	12	5	37	28	28	43	41	47	1	31	34	
18	20	40	49	50	15	48	12	29	24	19	41	28	14	44	21	44	12	8	1	
48	23	10	9	17	42	40	49	4	32	15	17	28	4	26	42	13	25	13	13	
10	44	34	16	18	38	26	15	47	32	41	42	6	31	1	39	42	6	33	42	
29	9	13	25	21	46	15	6	9	36	8	38	38	31	6	2	12	24	27	18	
On machine	11
38	5	11	44	7	28	31	47	39	11	6	46	41	30	18	45	35	40	6	5	
31	33	12	4	4	43	39	38	37	8	49	42	41	11	38	14	7	35	22	40	
28	34	43	10	45	27	31	28	50	47	44	36	48	13	27	10	17	38	37	35	
49	32	17	20	15	12	49	50	23	25	48	18	38	45	3	27	29	30	36	27	
12	28	23	12	26	22	17	22	10	2	39	30	32	32	43	45	7	48	42	37	
2	20	38	20	40	18	44	8	10	35	19	5	27	9	23	29	42	22	5	34	
11	43	22	15	17	28	41	16	28	31	47	22	16	40	8	9	18	5	28	12	
12	37	22	14	25	48	28	13	17	9	1	31	28	47	21	41	29	43	12	6	
35	1	33	24	2	35	26	22	5	44	20	13	42	44	38	31	20	18	7	11	
15	9	48	37	46	50	13	31	50	41	26	45	26	30	40	34	23	43	29	38	
40	38	6	1	33	1	14	25	18	43	36	11	33	46	12	33	46	20	7	16	
31	24	5	38	15	40	8	19	3	28	27	42	25	36	40	1	11	33	34	17	
3	10	23	24	8	14	25	41	50	7	40	21	27	24	44	45	43	22	48	4	
13	24	10	11	24	40	47	15	17	46	2	42	21	41	15	37	42	2	10	43	
15	30	39	7	44	25	7	3	43	10	9	37	50	46	45	43	46	49	4	50	
50	30	24	6	13	5	43	9	12	34	5	7	18	1	33	43	13	5	41	38	
29	23	44	39	40	40	32	29	28	27	45	7	24	42	26	36	48	22	13	25	
43	46	40	43	22	36	22	43	9	12	2	1	10	48	2	7	5	36	22	2	
35	20	18	5	46	15	3	4	5	40	45	43	35	44	42	20	45	47	24	4	
4	7	44	31	19	34	28	42	42	12	43	15	42	24	11	43	17	41	4	23	
On machine	12
44	43	16	44	2	28	47	31	3	14	29	39	13	36	8	28	6	12	49	7	
14	30	17	13	5	3	48	24	49	35	33	9	33	15	20	48	1	36	39	25	
39	46	44	43	31	38	8	45	12	16	42	1	6	14	43	1	6	50	5	27	
50	15	28	21	39	37	23	40	19	18	25	8	42	38	32	27	46	43	9	12	
42	9	44	17	4	40	35	40	22	5	46	4	43	15	46	10	35	19	9	20	
19	22	31	29	29	16	41	34	42	40	13	50	10	37	5	20	18	1	31	11	
26	29	22	12	5	17	17	15	11	10	33	33	25	17	2	7	44	21	5	37	
46	21	6	37	42	45	33	33	38	17	34	9	18	47	16	20	15	37	5	17	
16	37	20	14	43	13	5	21	44	41	30	31	33	23	15	22	45	45	22	20	
49	45	5	14	43	45	3	33	24	35	11	40	27	10	30	6	23	43	41	42	
27	18	22	19	4	50	18	14	32	46	47	18	29	40	38	17	42	49	25	50	
48	27	23	25	48	39	45	24	19	34	32	44	26	22	40	27	3	7	27	14	
2	22	12	22	34	20	15	47	47	27	10	42	31	24	30	13	14	30	47	42	
7	48	19	30	44	23	35	4	6	46	27	43	6	34	31	35	3	23	38	7	
7	1	25	38	28	18	30	43	34	43	25	7	3	45	29	4	37	9	39	43	
33	36	22	15	48	18	28	32	28	32	11	28	45	22	3	7	38	34	33	17	
34	49	35	42	49	2	30	1	48	47	38	23	44	27	18	1	4	31	29	28	
6	14	7	43	29	23	35	45	39	35	40	29	31	20	19	6	1	9	20	27	
37	19	39	35	17	35	44	13	49	29	29	18	2	19	39	45	26	40	27	49	
38	8	39	9	2	9	26	38	44	21	20	9	23	28	2	24	6	42	44	4	
On machine	13
18	47	23	30	18	10	3	2	40	38	23	13	50	24	34	11	23	4	35	13	
39	30	20	34	21	37	5	11	23	28	17	16	23	39	30	37	9	21	33	3	
46	15	23	35	23	27	2	34	46	40	36	32	27	41	16	50	23	28	15	40	
12	8	3	48	7	5	22	34	50	44	33	29	39	1	9	22	30	34	24	48	
18	17	15	36	42	8	19	36	16	47	2	28	47	23	4	27	5	45	7	42	
20	9	8	35	31	8	2	3	38	14	46	12	14	36	34	6	46	15	12	38	
33	23	3	49	38	5	31	15	47	27	42	4	13	44	3	18	7	49	45	16	
11	5	24	30	37	45	1	50	16	16	2	21	34	49	44	7	17	13	28	3	
44	48	27	21	19	25	46	31	20	16	27	4	23	8	26	12	35	41	16	45	
19	27	23	43	24	21	19	3	5	37	44	1	31	37	26	2	21	44	39	33	
42	4	15	35	45	37	48	40	1	38	49	30	20	49	21	15	18	46	29	22	
35	19	33	46	24	44	28	29	46	24	14	26	33	35	39	38	24	44	47	2	
38	33	20	48	27	28	24	12	12	32	6	32	33	17	47	18	15	44	39	25	
1	23	12	1	27	4	5	11	37	7	24	31	30	2	3	18	45	15	30	25	
46	19	21	45	44	19	11	50	45	49	32	20	36	10	43	22	32	13	1	11	
19	42	31	30	20	7	44	49	37	5	10	27	19	47	34	16	49	47	37	49	
11	3	41	1	15	28	33	48	8	4	18	35	2	28	36	48	46	6	37	40	
31	10	50	25	12	20	19	19	44	4	21	50	42	14	10	14	28	25	49	9	
39	29	3	6	46	25	49	19	9	7	36	48	48	8	10	4	48	42	43	5	
4	42	32	40	27	22	12	10	9	41	40	24	19	26	38	19	8	44	45	2	
On machine	14
38	50	10	21	20	26	16	38	28	49	4	15	15	46	40	3	32	18	33	16	
6	25	46	4	8	30	41	28	35	12	21	16	3	43	32	12	25	39	17	26	
16	9	40	30	24	35	35	40	35	40	31	50	28	10	41	21	7	9	33	24	
7	19	47	18	8	41	45	35	20	23	49	41	2	41	7	39	4	23	44	29	
13	43	35	49	10	12	18	46	31	44	24	9	29	7	23	7	48	46	13	26	
21	35	46	26	43	43	14	21	11	26	13	25	49	32	45	29	17	32	43	49	
5	5	42	43	36	30	41	7	14	28	36	26	38	13	33	38	16	30	8	31	
26	9	7	36	39	41	25	13	25	30	48	37	31	37	15	37	38	30	9	45	
7	7	31	20	31	29	3	36	47	17	39	29	24	31	32	45	24	4	14	15	
21	4	3	6	9	22	46	36	10	8	22	25	42	49	40	34	49	3	22	39	
43	16	7	48	27	42	24	45	41	23	3	50	21	32	33	13	48	20	22	32	
21	35	47	10	43	38	19	31	7	39	4	23	17	7	20	32	50	1	28	32	
4	14	36	17	20	8	46	3	3	46	33	47	33	47	38	2	14	40	31	17	
27	39	36	35	13	35	17	47	37	2	4	45	22	7	25	29	3	24	6	45	
7	8	23	10	36	43	47	24	18	35	41	23	32	35	42	50	20	24	29	14	
29	1	17	46	14	18	40	15	24	24	27	18	3	17	4	5	21	25	35	13	
50	4	35	3	31	29	30	31	37	1	36	16	7	42	5	24	30	24	47	5	
8	47	31	4	29	29	27	25	47	25	46	4	46	25	17	16	20	35	46	1	
8	24	40	23	49	31	36	3	47	7	36	6	45	17	7	46	21	5	28	2	
43	23	44	50	23	43	45	15	34	34	37	21	7	34	29	13	30	40	19	4	
On machine	15
33	41	35	32	4	5	10	24	38	49	47	12	46	34	30	35	40	35	45	8	
5	24	8	26	35	19	26	39	50	7	50	50	9	4	23	36	30	34	39	32	
7	33	41	50	18	36	10	40	20	43	50	12	44	15	29	43	3	35	11	27	
6	36	9	24	16	20	47	30	29	22	40	45	42	11	23	23	39	40	41	34	
45	27	9	33	20	37	26	5	4	34	28	44	21	30	45	1	44	49	10	17	
40	7	33	20	42	37	27	43	14	8	49	10	45	26	10	2	35	32	9	6	
36	37	28	14	48	5	30	8	28	29	36	22	6	22	3	35	29	48	19	12	
24	15	48	34	9	11	9	41	48	9	43	7	32	44	14	37	1	15	38	1	
12	17	12	47	35	16	44	6	24	42	4	7	47	3	39	18	22	24	33	45	
16	43	11	1	49	22	46	33	4	22	44	25	3	49	22	45	18	7	16	12	
40	20	26	46	8	12	42	24	11	50	44	17	21	42	37	47	7	23	12	48	
11	44	14	16	36	46	42	34	14	8	48	34	3	32	11	20	22	48	29	24	
2	43	44	32	9	45	25	50	3	28	11	21	20	11	43	16	41	29	9	3	
19	35	10	50	16	43	39	46	19	1	9	17	29	21	48	41	5	22	3	39	
29	33	9	9	25	19	39	42	43	30	27	46	3	16	1	19	10	33	29	27	
22	24	13	23	25	2	50	3	42	27	19	13	8	20	8	18	45	31	4	35	
45	17	36	34	15	45	33	31	30	46	2	28	16	37	23	1	29	18	22	17	
33	48	36	50	37	50	46	19	47	23	31	43	9	23	48	10	48	18	12	18	
44	31	46	36	47	25	41	37	12	19	11	37	3	3	11	31	26	16	14	48	
42	4	50	38	46	45	24	25	25	11	3	48	36	26	7	46	25	6	21	9	
On machine	16
23	20	31	44	38	8	48	46	47	14	28	9	2	20	42	33	41	15	31	38	
45	48	36	46	35	12	31	44	35	47	41	30	2	15	17	23	2	14	7	26	
35	1	14	34	42	8	43	30	28	30	25	31	36	37	32	32	12	29	17	3	
24	46	26	9	5	19	25	21	20	3	49	9	32	35	26	27	42	44	23	42	
50	16	26	27	4	35	31	13	15	18	34	26	19	36	9	26	47	25	11	21	
11	4	8	41	12	24	2	49	42	17	25	34	9	35	44	6	34	30	7	39	
27	17	41	34	5	27	42	35	7	27	20	32	9	34	2	38	25	22	17	20	
26	47	25	17	42	13	42	24	5	44	21	31	1	18	25	10	50	2	11	17	
37	19	50	39	41	1	18	15	34	19	46	32	23	5	5	22	24	26	35	6	
7	11	7	38	7	23	37	41	28	37	8	24	24	41	34	46	42	19	16	18	
30	1	20	21	41	9	48	22	11	14	10	39	9	21	47	29	24	2	24	40	
46	43	26	15	43	1	44	2	12	46	39	39	45	4	41	42	16	12	42	14	
4	35	36	32	42	22	14	33	9	8	19	11	37	12	12	41	36	36	34	27	
48	28	21	44	13	14	11	12	27	48	27	37	31	11	24	20	12	32	50	17	
14	41	29	27	27	19	50	45	35	37	33	35	37	20	44	38	42	14	3	16	
33	49	30	19	1	29	35	25	7	50	13	26	4	18	46	26	7	23	26	40	
39	8	19	9	45	12	45	18	14	20	29	5	22	45	47	27	47	9	16	13	
26	42	2	26	3	5	30	31	44	29	32	50	4	50	42	30	2	27	48	19	
32	15	47	45	25	4	43	6	15	21	34	21	27	36	17	40	34	33	45	42	
16	40	40	20	14	33	5	12	31	21	15	22	1	46	44	50	17	3	24	21	
On machine	17
32	31	45	13	12	30	27	14	26	34	8	46	48	14	49	22	1	9	14	13	
36	49	41	25	10	26	20	19	2	21	26	47	31	27	23	8	1	34	42	8	
39	36	42	42	23	36	40	33	6	8	11	48	25	11	44	4	42	50	14	28	
30	2	26	33	12	3	9	1	17	10	2	13	10	50	19	34	39	40	17	5	
33	15	23	41	42	10	8	26	41	12	4	26	30	7	2	16	16	11	37	41	
34	18	20	2	7	20	15	31	4	12	50	47	13	26	34	21	6	30	8	15	
25	7	14	38	40	10	37	44	30	32	37	21	1	48	14	33	7	39	46	3	
5	18	32	24	37	22	27	24	15	38	2	16	46	26	11	25	24	37	33	18	
18	26	14	7	47	42	18	24	47	49	9	9	37	40	7	29	46	47	42	12	
10	48	3	2	33	27	47	10	46	26	44	17	43	39	8	38	27	9	21	2	
14	25	7	49	11	8	7	7	18	32	1	20	44	9	43	34	25	1	42	39	
13	17	11	8	24	49	26	10	43	49	16	47	32	21	32	46	31	22	33	32	
33	1	1	23	17	33	24	33	39	36	37	27	7	16	12	50	11	16	50	13	
39	4	16	32	45	27	40	49	12	8	23	31	31	32	38	37	22	34	17	23	
19	20	43	4	11	42	27	8	48	14	44	38	43	42	32	4	35	47	45	11	
45	30	34	22	8	50	11	36	28	20	48	39	7	9	24	3	30	31	41	39	
42	3	43	42	1	33	19	34	16	35	29	29	22	47	10	19	12	8	44	1	
37	5	44	39	22	20	12	30	17	34	26	6	10	3	3	46	31	27	48	17	
46	10	9	23	24	35	47	35	32	34	7	4	26	11	37	36	11	39	47	36	
18	36	20	14	46	6	16	5	41	26	24	4	42	38	26	18	29	36	14	33	
On machine	18
35	13	45	4	34	16	43	22	31	15	33	40	43	35	16	25	25	33	9	39	
15	27	10	6	21	21	2	33	44	40	45	7	34	35	20	40	43	25	19	24	
34	1	45	24	28	31	12	8	14	34	48	30	19	48	20	5	24	38	49	9	
34	3	16	47	19	50	16	37	18	28	19	47	20	25	32	7	3	37	39	38	
12	48	17	35	12	33	20	40	19	25	14	44	29	15	50	2	11	12	35	46	
46	13	39	3	31	5	42	15	48	32	37	32	23	10	35	16	33	46	14	46	
22	43	1	12	38	46	28	24	4	21	32	27	47	34	40	6	19	33	27	35	
46	14	40	49	35	35	27	8	11	31	43	24	26	5	10	43	41	15	33	40	
9	9	50	41	15	43	41	19	2	41	11	41	50	8	27	18	13	6	39	40	
26	34	30	39	20	39	16	39	41	26	32	36	43	44	35	46	45	44	27	22	
22	39	49	16	3	24	10	46	32	23	31	46	14	45	25	26	3	22	47	13	
41	27	32	22	40	22	1	21	36	35	4	6	17	37	6	1	9	38	3	29	
45	15	7	32	44	42	44	12	2	48	49	33	13	4	42	29	25	25	15	4	
21	16	14	18	5	28	28	23	18	42	7	20	50	11	49	33	25	15	37	16	
21	8	3	8	4	5	37	34	18	46	19	6	8	22	39	47	13	20	19	7	
27	8	13	46	26	25	49	21	31	21	9	46	30	26	14	22	23	26	18	13	
20	15	33	28	33	47	41	38	14	35	47	47	9	42	9	8	26	32	33	27	
15	48	6	49	4	25	22	31	40	1	19	24	24	8	20	11	12	40	23	42	
9	13	37	10	31	48	43	31	16	44	45	4	2	49	4	17	36	10	17	32	
4	22	44	12	50	33	28	8	37	12	25	2	26	8	3	24	4	32	43	32	
On machine	19
6	1	5	30	36	47	34	44	42	20	47	16	8	38	35	47	35	34	41	23	
14	42	3	21	5	42	37	6	22	45	43	34	5	12	11	9	50	25	31	3	
37	22	9	43	42	21	49	20	4	34	10	19	43	21	37	5	17	33	42	14	
35	5	32	48	28	33	18	15	43	36	35	5	41	4	7	49	3	34	19	18	
31	38	10	21	50	45	22	35	7	17	38	11	8	46	49	49	22	19	37	16	
21	12	34	18	45	1	9	45	3	34	12	30	3	18	19	4	7	19	12	2	
33	27	30	4	32	50	20	29	7	42	28	19	23	38	25	35	42	27	26	33	
33	45	29	23	44	29	15	41	15	50	9	49	16	47	29	23	27	1	9	9	
5	7	23	21	28	26	20	22	28	49	18	2	42	7	47	34	49	41	48	5	
37	46	38	33	1	25	50	20	42	27	49	30	12	30	21	46	12	7	37	36	
36	33	16	35	26	41	23	46	1	20	4	31	12	28	24	13	50	41	5	40	
20	26	28	43	16	31	46	37	29	45	28	9	49	24	22	23	41	34	34	27	
50	36	4	12	8	48	33	8	16	25	12	33	47	9	14	5	7	8	36	16	
30	35	18	30	28	37	38	43	40	42	33	6	1	37	43	27	21	28	29	26	
30	7	49	26	5	22	2	47	13	31	19	27	6	4	1	26	25	48	5	2	
3	30	38	50	9	7	47	18	44	2	35	50	4	31	36	18	9	22	38	10	
44	13	26	20	32	28	37	2	40	18	35	25	36	2	19	36	20	8	32	46	
28	21	3	36	9	6	37	30	10	3	20	38	4	49	22	4	5	30	26	1	
36	39	21	50	45	6	37	29	46	7	18	16	4	17	13	50	44	42	16	45	
43	40	33	18	24	5	11	9	37	38	22	41	32	22	49	34	25	42	18	4	
On machine	20
41	46	6	37	46	23	25	11	21	44	26	50	37	39	30	11	49	8	15	44	
18	7	14	11	14	39	5	28	19	40	12	42	1	38	39	12	42	37	4	48	
29	24	18	40	14	23	5	34	48	36	46	23	49	9	25	13	9	29	10	37	
31	14	2	13	24	28	13	34	42	38	19	15	2	1	36	50	42	10	18	46	
39	49	47	47	25	13	36	19	8	49	24	28	43	44	44	30	14	23	6	50	
5	22	26	36	37	13	6	42	18	41	17	12	48	21	35	47	38	26	43	8	
11	4	43	22	17	9	9	29	35	30	4	19	32	33	33	30	23	17	25	47	
33	50	2	7	50	26	44	8	23	33	34	37	49	27	48	30	38	15	45	38	
17	9	42	5	28	32	18	37	12	27	11	8	3	6	42	26	26	25	48	5	
9	49	26	29	45	8	27	40	6	9	12	38	18	49	12	45	34	10	28	40	
19	32	50	4	45	9	14	24	7	50	39	21	4	26	31	7	3	12	14	27	
17	32	29	6	20	3	6	1	6	9	14	10	32	48	31	26	34	43	42	31	
15	44	8	15	13	15	41	29	18	5	36	9	10	6	48	40	3	27	37	43	
12	20	15	10	24	10	50	1	20	36	6	30	2	10	7	19	16	43	35	27	
34	38	5	11	18	5	27	30	42	6	38	14	46	33	36	45	42	46	49	36	
22	40	23	32	16	48	34	2	40	28	33	10	4	25	32	49	21	2	7	21	
22	26	45	47	16	50	22	40	10	6	13	7	31	48	47	36	11	44	12	44	
20	15	20	8	41	13	39	12	9	14	1	1	38	5	30	20	5	11	2	48	
1	36	44	13	17	23	30	33	11	16	31	1	24	48	4	26	7	33	44	29	
33	49	42	47	34	25	36	26	44	50	43	10	12	14	29	33	47	11	19	6	
