Factories	2
Families	40
Machines	10
SetupType	3

Number of Jobs in each Family
9	9	3	9	3	6	6	8	9	5	6	3	2	4	2	10	4	2	1	7	6	7	6	3	3	6	3	7	9	4	7	5	4	10	5	9	7	3	6	2	

Jobs in each Family
0	1	2	3	4	5	6	7	8	
9	10	11	12	13	14	15	16	17	
18	19	20	
21	22	23	24	25	26	27	28	29	
30	31	32	
33	34	35	36	37	38	
39	40	41	42	43	44	
45	46	47	48	49	50	51	52	
53	54	55	56	57	58	59	60	61	
62	63	64	65	66	
67	68	69	70	71	72	
73	74	75	
76	77	
78	79	80	81	
82	83	
84	85	86	87	88	89	90	91	92	93	
94	95	96	97	
98	99	
100	
101	102	103	104	105	106	107	
108	109	110	111	112	113	
114	115	116	117	118	119	120	
121	122	123	124	125	126	
127	128	129	
130	131	132	
133	134	135	136	137	138	
139	140	141	
142	143	144	145	146	147	148	
149	150	151	152	153	154	155	156	157	
158	159	160	161	
162	163	164	165	166	167	168	
169	170	171	172	173	
174	175	176	177	
178	179	180	181	182	183	184	185	186	187	
188	189	190	191	192	
193	194	195	196	197	198	199	200	201	
202	203	204	205	206	207	208	
209	210	211	
212	213	214	215	216	217	
218	219	

Total number of jobs
220

Processing times of jobs
2	1	5	7	6	7	6	3	9	3	
5	6	4	6	10	4	7	5	10	2	
8	1	9	1	9	8	7	2	10	10	
8	9	7	4	1	1	7	9	1	2	
9	1	2	9	8	9	4	1	3	2	
6	7	5	3	4	9	1	10	3	8	
8	9	8	7	6	2	1	6	4	6	
5	9	7	4	1	8	1	8	7	9	
10	9	1	9	9	7	6	6	3	7	
3	1	10	4	1	5	8	1	2	5	
6	9	1	2	3	4	3	10	10	3	
3	9	9	4	10	1	5	3	1	1	
7	4	1	2	1	5	10	10	8	9	
8	8	3	2	9	6	5	3	6	7	
8	4	6	4	2	5	9	6	6	3	
6	1	1	3	3	4	2	6	6	3	
9	2	1	10	3	2	5	8	8	3	
2	6	9	5	3	2	4	7	2	9	
6	4	10	10	10	9	10	5	1	1	
8	3	1	9	7	5	5	7	6	5	
5	8	8	3	5	5	2	2	6	1	
4	9	4	10	7	7	6	5	8	5	
1	9	7	4	6	10	1	6	6	7	
8	2	7	7	8	5	1	10	4	3	
8	1	3	9	6	1	9	1	3	3	
5	1	3	2	8	5	2	10	5	9	
7	10	3	1	4	8	10	7	6	3	
2	2	3	4	10	10	10	1	9	9	
7	8	1	3	3	5	8	1	9	10	
7	3	7	7	4	6	4	9	7	3	
4	9	9	6	9	2	7	7	8	5	
1	2	3	2	3	2	2	5	6	9	
3	8	4	1	2	8	5	6	9	10	
7	6	6	10	5	9	1	7	4	2	
1	3	9	3	10	5	1	9	8	8	
6	1	6	8	5	10	10	1	9	7	
1	7	6	8	3	2	5	4	10	5	
4	8	9	9	6	9	8	4	3	3	
10	4	10	9	10	9	10	3	10	9	
4	4	4	5	3	2	3	1	10	7	
4	3	9	6	4	10	10	1	1	1	
2	3	1	2	3	7	9	4	1	4	
5	6	10	10	1	5	3	6	7	9	
4	9	4	3	3	5	7	10	9	8	
9	5	3	6	5	7	5	3	3	3	
5	6	9	8	2	8	3	7	6	3	
2	5	3	4	10	8	6	6	5	9	
4	10	9	10	10	9	10	1	4	2	
2	5	4	8	7	9	8	1	9	2	
8	8	2	9	6	1	3	1	1	8	
10	7	6	8	5	3	3	8	7	9	
9	2	8	2	10	1	2	7	2	10	
5	8	9	10	7	7	3	9	6	8	
5	6	1	4	3	3	1	6	3	6	
1	9	1	4	8	8	1	7	6	4	
9	4	6	7	5	4	10	2	4	8	
5	9	6	8	3	5	1	6	6	3	
10	7	7	9	8	4	7	7	10	2	
10	10	5	7	10	5	7	1	8	6	
6	3	7	6	4	9	8	1	6	4	
1	6	8	5	6	7	1	4	7	3	
8	4	6	10	8	8	5	4	4	10	
6	1	4	4	9	5	9	3	6	2	
2	8	10	3	5	1	6	7	1	3	
1	4	9	9	9	6	5	6	3	4	
6	9	7	1	5	6	9	6	8	4	
2	5	10	9	9	3	8	6	5	1	
7	4	6	2	3	4	2	6	9	6	
1	3	1	7	3	3	1	5	2	1	
4	5	7	10	5	1	7	1	4	10	
10	5	1	5	6	8	2	1	3	4	
2	5	9	10	1	9	2	3	2	4	
1	9	5	9	8	5	5	1	8	3	
3	1	10	3	2	4	2	10	3	9	
5	2	10	6	5	5	5	4	3	5	
2	4	4	2	5	4	8	4	6	10	
6	6	1	10	10	8	6	2	8	7	
4	4	1	10	1	4	2	2	6	5	
9	8	9	2	5	8	10	2	7	1	
9	5	9	8	6	3	6	10	1	3	
1	10	3	6	7	2	1	1	1	7	
4	7	2	4	8	5	3	1	3	2	
3	3	10	5	8	9	9	5	6	1	
2	4	2	9	9	8	2	8	10	8	
2	6	9	3	3	7	9	4	1	1	
6	10	3	2	9	3	6	3	7	9	
2	3	1	8	1	2	1	7	3	6	
10	9	2	7	3	7	9	3	10	2	
10	4	3	5	8	3	5	10	9	4	
2	6	8	8	10	10	1	10	1	5	
8	3	7	9	8	6	1	8	8	10	
7	3	1	4	1	4	1	3	6	5	
8	5	10	3	2	6	2	5	1	10	
3	6	2	7	1	2	10	10	2	6	
3	9	9	6	2	1	7	10	2	4	
4	3	2	2	3	5	4	9	1	2	
1	2	4	5	9	8	2	4	3	4	
1	3	5	3	6	10	5	2	1	6	
9	9	6	10	7	6	2	5	8	10	
1	2	9	7	10	10	10	8	9	1	
1	8	9	6	2	4	4	6	7	1	
9	9	6	5	5	3	2	4	7	1	
6	7	5	9	6	3	3	2	6	1	
3	10	5	5	1	4	5	7	6	3	
7	6	10	10	5	5	1	5	7	10	
8	4	1	4	9	8	9	8	5	10	
9	10	8	7	4	1	8	2	5	2	
7	2	3	3	2	1	8	10	4	5	
3	6	8	5	2	1	6	10	5	10	
5	3	8	10	10	4	6	8	7	5	
6	5	1	6	4	6	7	9	2	8	
6	4	9	6	7	5	4	8	4	10	
3	9	6	10	1	1	2	9	6	4	
1	1	8	2	6	9	3	3	9	8	
6	2	9	5	1	6	8	9	3	5	
5	7	9	1	10	6	5	4	8	7	
6	1	6	10	2	5	3	10	10	2	
3	5	1	10	2	1	2	2	3	6	
9	6	6	2	5	10	9	6	9	7	
8	8	7	4	2	10	1	6	4	8	
10	6	5	8	1	4	10	4	6	6	
4	5	5	5	3	6	2	9	7	8	
7	4	5	6	6	5	1	8	1	5	
9	6	7	1	9	1	4	2	7	9	
4	9	4	9	6	10	4	8	3	8	
5	1	8	1	1	7	4	3	2	9	
5	1	10	9	8	4	9	4	9	8	
1	3	9	1	7	1	2	8	2	1	
2	5	6	2	7	8	10	2	7	5	
6	8	10	6	8	4	4	9	5	10	
1	6	7	5	9	8	4	3	2	9	
6	9	6	10	5	10	6	9	3	3	
3	9	7	10	3	10	6	8	1	3	
10	3	3	8	1	2	9	2	3	8	
1	3	4	1	4	7	5	8	1	6	
6	5	10	1	1	9	2	9	6	6	
4	10	1	6	6	8	5	3	6	3	
4	3	5	10	2	8	10	6	1	5	
2	8	2	8	6	9	4	5	9	9	
10	5	2	7	7	2	8	9	10	7	
2	9	4	9	3	10	10	7	9	5	
8	2	2	7	5	3	3	9	5	1	
4	6	2	5	7	4	10	9	7	3	
6	7	2	10	5	5	10	3	4	9	
2	1	7	3	1	4	1	5	9	8	
10	7	5	10	3	9	5	4	4	3	
8	10	3	8	1	9	5	8	6	9	
3	7	7	9	7	9	1	2	1	7	
10	2	9	4	2	2	2	2	4	5	
2	5	10	8	10	10	3	4	7	5	
4	7	6	10	1	3	2	4	3	5	
5	2	8	1	5	9	6	1	7	9	
3	8	4	2	5	7	6	8	5	6	
8	2	3	5	3	4	9	2	8	7	
6	5	5	7	8	4	1	9	2	5	
6	5	8	1	8	4	2	5	5	7	
5	10	3	10	7	7	2	10	3	10	
1	8	8	1	6	1	5	3	3	1	
7	5	1	5	3	4	3	3	4	2	
5	6	2	10	9	8	8	5	3	3	
3	1	6	4	9	2	8	4	9	5	
3	3	1	1	10	8	7	7	7	2	
7	5	8	4	5	10	3	3	3	5	
7	6	6	3	2	4	8	2	5	1	
5	3	6	6	6	1	6	2	3	10	
9	7	1	6	8	6	10	9	2	4	
7	3	3	10	1	10	5	2	1	6	
4	3	6	3	6	8	1	3	6	2	
5	2	1	9	5	9	2	5	2	8	
1	4	1	9	3	4	7	3	1	9	
4	10	2	5	10	4	9	8	3	8	
4	2	1	10	1	3	6	5	7	9	
2	5	9	10	6	9	7	9	10	4	
10	3	9	2	5	4	8	6	7	2	
3	10	6	9	2	8	10	10	1	4	
1	1	10	5	4	5	8	7	7	3	
6	4	7	3	5	10	3	9	2	2	
9	7	5	4	1	3	10	7	8	1	
9	2	2	10	2	2	6	2	5	6	
4	5	3	8	5	9	5	4	4	3	
1	4	10	8	7	7	3	8	1	5	
7	4	2	5	7	3	9	8	9	5	
10	8	2	9	5	10	6	6	7	8	
4	2	6	6	6	8	1	3	10	4	
3	6	6	2	8	8	6	7	6	1	
4	3	4	10	9	4	8	8	4	1	
9	4	1	1	3	4	1	10	5	6	
1	2	9	8	8	9	2	9	7	9	
2	5	1	9	5	1	2	2	10	10	
5	5	7	1	7	6	3	6	7	10	
9	2	2	2	3	9	5	7	1	4	
7	4	10	2	10	8	4	10	10	10	
7	8	1	1	2	1	10	2	1	2	
3	3	9	7	2	3	2	3	9	5	
1	10	8	5	8	10	8	3	10	4	
9	9	9	1	1	3	6	8	10	7	
7	4	7	6	7	1	9	10	5	3	
2	3	7	9	10	9	2	1	6	7	
1	9	1	1	7	4	4	8	5	6	
5	8	6	1	7	4	7	6	1	9	
9	9	8	5	4	5	10	8	3	8	
4	1	1	8	1	7	6	1	10	7	
8	1	6	2	3	1	6	9	7	3	
7	10	2	8	8	5	6	2	1	1	
2	7	6	7	7	3	3	5	3	1	
3	9	6	3	2	7	6	6	9	5	
1	2	5	4	10	1	5	2	8	6	
3	1	7	4	7	2	7	5	1	10	
4	8	8	3	1	2	9	6	9	6	
10	2	1	3	9	6	1	10	7	10	
9	8	6	7	1	5	5	7	1	10	
9	6	8	4	5	10	5	7	1	5	
5	7	1	2	4	10	4	10	7	3	
4	8	9	3	2	6	1	10	4	9	
5	1	2	2	5	9	8	5	5	3	
5	5	3	1	10	4	3	3	6	6	
8	4	2	8	3	7	3	9	5	3	
3	7	4	7	8	3	7	9	2	7	
5	4	1	2	4	10	7	10	4	10	
9	5	4	3	2	7	4	9	10	1	

Stepup times between Families, where [f][f] represents initial setup time
On machine	1
28	54	10	42	30	22	19	44	42	93	99	89	79	95	29	73	46	36	8	51	75	25	66	39	45	53	15	44	46	5	64	40	59	38	29	73	64	17	63	42	
59	71	43	59	37	74	2	33	29	56	41	42	22	98	21	95	87	60	41	2	37	91	21	19	68	19	53	21	73	34	26	31	76	68	53	96	96	81	96	38	
23	4	66	22	44	26	81	10	9	2	30	32	26	13	61	83	47	77	74	43	14	98	95	70	41	93	66	16	65	16	41	51	27	41	57	24	93	71	12	75	
52	18	54	46	68	91	77	15	5	87	15	19	37	79	77	23	83	48	54	93	78	91	58	44	85	64	92	43	53	46	64	63	99	50	52	79	48	66	13	8	
21	95	74	20	56	66	37	100	77	43	93	24	5	71	47	30	53	95	51	60	1	48	78	82	78	2	38	91	12	88	33	61	92	77	49	7	43	96	87	42	
39	44	63	100	70	98	35	29	63	28	20	82	72	87	10	15	65	8	22	67	2	94	52	47	89	3	9	99	68	88	31	8	66	25	43	63	96	65	100	32	
60	86	50	75	34	25	39	54	77	73	57	79	86	37	12	13	96	82	26	73	93	9	88	23	65	53	23	17	63	85	36	76	36	24	100	24	16	37	63	64	
13	65	95	94	27	83	31	80	9	54	8	29	46	77	36	58	56	95	53	91	19	80	28	100	89	32	27	75	36	79	32	85	78	52	59	33	85	81	90	76	
33	56	66	22	9	23	97	87	35	53	94	33	69	92	12	21	1	97	31	100	49	26	51	96	26	67	10	8	44	64	16	36	55	58	50	68	100	63	56	26	
79	26	6	86	11	43	80	26	27	39	76	22	64	68	76	82	23	40	77	58	88	79	95	5	71	61	42	40	94	60	45	69	7	10	20	15	12	39	71	80	
36	74	97	94	23	76	19	7	9	5	26	7	94	21	93	98	22	2	31	66	28	28	83	77	52	37	38	43	25	67	51	87	11	90	36	24	25	38	75	2	
6	20	57	76	98	4	36	72	27	47	72	33	1	94	80	56	21	3	62	15	36	31	34	90	40	67	99	75	3	22	61	79	80	19	44	73	98	55	62	94	
50	30	95	18	73	2	26	86	70	68	1	70	60	46	57	74	27	21	99	3	12	80	82	19	6	61	97	29	56	82	4	33	68	14	62	88	100	13	2	87	
99	29	31	37	70	18	39	66	89	69	51	57	72	80	24	46	9	5	26	69	95	13	41	5	32	63	75	36	99	1	40	18	17	8	63	32	69	94	58	99	
17	21	41	5	63	7	31	91	84	77	13	40	64	20	43	61	10	40	100	10	45	91	59	79	47	98	19	98	21	74	8	12	15	58	23	42	94	55	33	91	
47	36	75	79	74	95	64	61	10	75	45	17	82	87	33	47	57	92	45	36	18	6	71	54	100	25	55	53	4	41	44	25	51	6	99	81	33	10	45	43	
21	27	88	85	7	82	52	70	24	44	2	1	49	87	81	45	99	64	63	46	89	30	1	78	30	7	47	99	41	85	14	12	10	24	72	71	19	10	29	71	
39	44	14	10	61	95	90	48	48	85	12	56	10	64	24	45	99	95	41	9	95	92	87	19	86	22	80	87	6	61	28	47	2	78	77	98	99	91	76	99	
68	62	37	3	54	73	89	91	79	58	82	78	86	84	95	18	40	50	33	32	21	33	1	69	94	68	22	98	65	87	97	7	50	37	40	4	37	68	24	92	
8	80	2	31	98	59	60	9	4	26	83	67	79	48	19	46	38	97	87	94	61	8	3	92	2	81	95	63	72	4	76	95	29	50	37	15	12	39	56	61	
58	75	89	76	52	37	8	33	38	52	6	61	15	96	56	9	41	34	79	75	62	27	47	57	70	46	94	3	71	86	8	54	59	85	81	98	45	84	10	87	
39	15	56	3	81	9	13	91	98	99	72	93	75	24	23	73	32	89	51	90	11	50	63	39	42	9	89	33	21	52	22	44	36	1	49	9	45	86	45	46	
45	46	90	60	7	3	13	48	30	60	18	97	29	29	23	9	19	65	14	34	8	23	96	75	29	94	64	63	19	14	46	17	34	10	16	77	47	52	40	25	
24	37	80	36	20	69	38	63	15	39	60	49	58	60	35	28	34	38	87	5	9	99	62	92	98	59	44	67	14	7	90	21	51	70	21	38	36	65	82	78	
33	81	35	13	88	7	29	61	12	81	4	61	17	60	58	68	76	93	96	47	21	88	57	32	58	69	96	32	62	61	13	33	21	41	15	87	9	92	20	99	
66	99	72	90	6	33	54	77	57	77	69	21	75	31	98	53	41	80	67	65	73	17	76	85	36	34	15	22	58	92	73	49	81	73	19	98	1	1	54	30	
36	41	27	88	12	52	85	92	37	78	24	78	9	40	70	62	17	71	16	59	2	29	68	85	47	9	40	57	89	98	50	76	57	50	37	33	96	19	42	31	
29	39	36	34	2	92	49	67	12	2	74	66	69	80	77	91	74	16	69	60	82	7	21	71	8	33	41	99	20	12	85	23	45	71	3	22	17	77	47	12	
46	70	77	30	47	1	87	28	42	35	76	55	24	93	64	13	22	16	77	91	3	32	41	99	25	82	29	85	73	17	25	15	25	87	17	31	57	65	39	28	
81	40	66	81	52	34	99	9	74	28	90	32	93	21	67	25	86	76	21	28	59	85	27	65	68	61	25	42	42	90	66	94	65	69	15	39	97	59	94	1	
88	94	60	39	3	45	31	45	91	25	24	75	49	33	17	65	64	36	98	91	78	82	77	75	46	24	3	17	56	48	9	78	97	73	38	52	100	78	61	44	
13	33	19	45	21	97	78	85	55	84	73	29	98	59	79	58	82	79	77	57	11	62	19	31	44	20	46	2	20	18	33	46	71	36	88	11	11	30	48	73	
92	82	87	65	1	91	23	72	87	1	23	66	84	75	89	29	21	61	6	9	56	72	10	82	61	70	51	4	13	98	49	18	3	64	51	67	43	25	84	84	
8	89	63	2	51	13	3	79	60	15	11	55	63	63	13	25	91	67	66	13	21	51	94	80	61	71	8	58	13	60	23	71	46	13	54	82	82	82	29	30	
10	70	57	73	25	33	79	54	82	28	59	85	55	19	11	94	85	39	37	86	89	14	88	49	76	4	91	49	15	40	59	5	26	46	44	90	55	5	61	22	
65	51	59	57	61	52	15	5	71	5	59	24	18	50	11	41	82	94	72	68	10	57	100	33	45	95	75	23	91	51	42	24	80	66	98	57	85	13	12	96	
28	35	94	100	33	12	48	48	97	79	31	62	57	55	50	18	14	1	56	83	4	23	81	29	84	71	80	100	31	77	88	56	7	31	66	1	68	96	70	5	
31	55	38	76	42	37	91	39	89	80	61	64	55	57	61	76	40	28	9	62	61	74	20	84	72	92	2	4	18	14	38	93	6	50	35	81	12	55	24	13	
74	48	71	91	2	41	55	19	92	64	60	13	73	15	4	53	68	81	32	76	36	90	64	63	54	93	63	74	40	77	72	99	86	53	98	43	64	39	83	11	
65	70	78	70	54	24	87	43	46	32	22	10	40	1	16	44	18	42	37	71	97	51	77	30	48	7	29	56	89	4	89	50	54	76	48	52	89	41	39	37	
On machine	2
38	72	9	22	40	37	78	3	54	54	39	15	47	45	33	13	1	59	18	60	86	98	68	8	39	5	15	61	20	26	14	31	89	29	1	83	44	71	21	50	
30	90	23	6	14	7	90	97	23	15	23	4	90	38	70	64	76	13	6	93	90	15	53	95	85	99	37	57	18	60	7	62	23	36	78	2	55	97	14	1	
44	57	5	99	70	53	61	35	66	56	76	65	64	97	52	34	61	42	99	66	93	38	46	1	24	50	96	49	49	31	25	91	4	91	28	11	80	21	98	17	
56	22	52	57	8	10	23	99	58	14	69	87	58	63	3	27	33	18	73	19	41	37	33	64	49	27	60	28	46	4	89	41	67	99	31	32	77	71	1	80	
2	75	64	91	30	1	29	79	99	94	40	41	1	24	96	2	77	72	36	67	84	44	29	83	2	39	81	51	23	16	40	5	60	81	8	67	26	70	30	34	
77	97	66	2	31	18	64	53	59	97	97	64	68	3	32	25	9	27	38	93	95	30	46	47	8	21	93	2	54	73	28	12	3	42	24	79	91	61	35	8	
48	8	87	14	40	88	32	88	44	81	41	31	68	43	80	86	71	49	10	34	48	21	37	36	57	51	88	72	3	43	30	68	39	76	18	6	99	87	82	35	
44	82	36	28	42	73	22	37	52	18	61	63	6	16	18	42	100	35	34	72	85	38	20	37	40	37	74	79	74	75	26	3	24	15	33	37	86	83	3	29	
95	49	12	42	23	5	22	3	35	78	12	28	17	1	67	62	68	27	7	70	56	6	88	39	76	90	81	70	91	84	45	93	93	24	68	87	52	16	88	67	
75	60	4	47	69	35	81	63	21	46	72	3	61	51	47	57	5	57	68	26	45	42	86	6	81	97	100	97	40	93	3	89	47	25	68	58	47	62	31	1	
41	94	62	93	37	62	73	49	58	27	13	65	97	64	51	47	39	14	90	1	67	32	13	98	23	21	22	49	78	81	33	12	48	3	5	44	93	76	84	52	
95	11	78	37	57	46	20	73	96	25	80	18	69	9	12	97	51	89	30	30	87	12	95	71	73	37	1	53	28	75	85	2	57	51	89	47	32	28	56	48	
19	9	24	21	47	17	16	63	60	7	54	4	29	87	73	95	24	29	49	44	75	60	4	82	58	58	11	94	87	2	81	71	24	82	40	10	96	94	95	48	
21	48	60	97	16	22	46	40	57	69	55	56	92	11	52	45	61	72	80	64	52	8	29	54	4	52	16	8	72	97	72	7	18	89	54	58	56	49	79	36	
5	91	61	94	33	29	95	54	3	1	99	69	14	2	61	19	97	99	14	28	60	67	54	76	80	100	38	94	90	80	56	58	11	17	44	49	14	24	51	78	
70	49	78	46	61	88	21	19	22	31	28	41	3	22	70	93	46	55	89	70	81	11	49	48	95	77	84	38	9	94	25	93	25	56	23	87	38	54	5	89	
36	92	92	75	46	68	36	3	68	24	18	73	22	23	82	27	26	25	65	33	24	81	9	82	41	90	19	75	84	69	64	3	81	54	40	84	87	23	20	29	
75	45	11	16	35	6	30	22	83	23	74	33	27	47	14	37	100	23	14	18	4	83	4	5	72	25	45	74	24	21	41	32	74	85	82	71	70	37	26	66	
86	22	36	59	8	34	6	23	4	55	96	82	92	66	79	52	73	45	46	81	16	81	9	47	53	12	56	93	39	9	86	66	71	13	76	22	25	100	35	80	
25	55	53	21	10	96	2	72	57	83	25	94	16	98	18	16	73	93	89	70	44	60	46	7	51	18	23	58	29	52	70	51	50	53	80	83	42	11	33	32	
75	77	60	96	71	58	13	23	44	94	77	44	91	16	62	76	50	20	12	61	65	46	3	61	43	50	38	69	70	53	55	45	24	29	4	25	25	56	98	25	
21	14	16	44	40	80	45	70	2	7	78	49	40	86	46	33	12	43	27	74	4	88	74	90	10	73	45	42	47	4	56	54	33	81	41	29	45	7	57	93	
89	95	92	62	54	60	58	4	14	62	83	84	15	59	44	28	55	11	71	1	3	98	97	81	58	59	89	8	96	99	80	56	34	68	31	65	4	72	92	82	
11	1	78	72	68	30	6	22	22	41	78	14	88	50	11	51	83	77	68	24	36	11	83	44	9	74	7	82	80	38	85	18	82	23	19	72	26	8	24	45	
20	29	29	81	23	16	47	52	40	61	54	67	42	7	21	48	95	62	100	56	36	26	91	33	48	52	87	8	41	19	45	77	36	6	89	92	90	9	69	74	
42	4	27	25	49	39	4	37	51	78	98	28	88	88	86	26	75	83	62	92	66	6	39	1	34	32	30	66	36	83	64	56	76	30	2	72	21	71	58	82	
82	67	20	57	7	53	68	34	42	38	96	62	43	58	60	81	27	38	24	73	65	79	38	4	43	32	1	9	50	19	33	100	34	74	23	60	33	71	83	36	
6	44	9	81	82	13	49	19	66	50	15	78	46	86	81	67	53	64	78	58	25	47	63	10	37	9	71	48	62	3	69	17	98	53	92	35	15	60	34	52	
87	63	46	68	42	74	6	68	32	84	94	35	93	99	100	41	63	50	60	54	23	30	44	4	66	89	75	64	73	35	63	35	98	2	34	55	9	65	45	35	
48	10	76	12	99	72	22	65	94	35	90	33	3	79	20	98	66	72	84	38	12	26	35	54	24	89	99	41	32	93	50	10	11	64	90	84	45	8	19	89	
60	6	96	67	50	93	23	7	67	55	56	46	52	66	40	73	32	49	29	52	26	76	24	67	47	65	6	35	33	33	9	66	64	38	56	93	77	98	67	78	
16	88	26	39	6	5	16	97	66	70	48	36	31	48	25	26	91	29	93	78	91	89	22	51	95	99	44	41	54	69	22	100	38	88	68	18	49	45	56	6	
51	8	84	70	52	59	99	12	92	39	27	13	73	34	79	45	12	29	73	63	52	61	74	4	67	7	24	50	85	64	8	15	54	16	36	86	84	72	7	61	
41	81	20	99	65	38	19	88	23	95	58	2	96	84	96	59	53	26	76	53	79	96	71	53	56	12	5	35	55	35	1	44	74	66	52	49	78	27	36	91	
81	35	21	59	44	89	47	8	56	91	38	71	58	20	31	87	79	82	27	65	85	12	84	9	39	42	74	38	53	36	76	42	48	16	16	26	79	16	45	72	
10	84	26	73	6	95	94	22	29	8	78	82	91	79	14	14	65	89	39	95	25	52	36	2	3	71	68	50	18	49	20	43	1	84	2	51	43	3	85	9	
86	8	33	7	16	64	65	16	19	20	39	39	22	77	4	39	27	30	41	3	32	24	25	84	53	98	52	52	10	35	16	1	40	29	42	31	97	11	2	58	
22	41	34	51	5	94	52	96	22	26	31	82	57	94	100	3	4	40	42	85	82	67	54	30	29	19	51	92	68	44	41	46	97	65	20	99	93	39	4	90	
63	23	42	75	25	21	37	82	40	17	34	13	24	55	49	63	36	57	49	54	91	72	50	64	52	100	28	74	98	92	3	76	70	50	77	25	61	22	84	74	
20	5	97	57	63	75	39	44	22	21	92	78	90	17	84	5	35	87	32	93	96	85	18	19	44	65	77	69	52	97	36	42	17	44	34	97	91	47	17	95	
On machine	3
22	90	71	8	80	84	20	69	11	96	34	95	60	66	97	59	60	66	54	63	46	23	14	88	50	38	55	32	92	12	59	69	20	72	52	47	41	62	87	27	
51	37	79	81	53	96	12	71	74	43	56	58	20	30	90	88	79	59	70	90	79	20	97	69	44	43	97	60	81	53	30	92	39	76	10	2	3	85	87	12	
87	54	99	94	45	96	88	59	44	79	92	56	91	8	14	1	99	11	43	62	1	43	20	19	8	87	45	7	31	30	33	5	10	57	2	68	21	48	20	61	
34	66	5	2	33	96	48	9	4	17	62	66	32	35	12	37	60	37	2	63	88	72	79	87	31	42	91	36	41	93	49	89	76	56	29	95	67	17	89	50	
88	31	62	3	98	76	45	13	54	94	34	99	83	69	9	97	87	64	24	9	28	25	28	83	46	82	19	56	51	85	46	20	53	90	54	30	19	68	80	56	
15	57	1	99	22	95	95	52	89	75	98	56	98	83	26	25	29	78	5	65	73	2	83	18	57	35	87	31	44	26	65	86	89	28	31	2	7	40	57	7	
61	63	12	4	31	23	100	65	24	73	13	57	47	47	83	89	60	32	78	41	48	78	68	22	59	2	20	9	33	42	6	91	71	12	36	70	100	17	29	99	
40	36	44	28	83	47	16	48	68	83	49	92	36	4	41	65	94	11	3	75	57	56	72	44	36	42	76	29	40	85	76	28	63	26	66	95	52	52	36	56	
71	54	20	2	71	100	23	86	1	83	17	81	98	18	69	73	11	33	41	78	48	31	88	95	27	6	18	34	87	53	88	40	97	47	57	16	17	10	43	30	
68	15	70	31	68	79	66	67	1	69	75	9	47	71	70	49	7	38	42	76	47	94	64	9	56	57	86	69	58	26	13	84	27	65	38	84	76	9	86	49	
52	30	94	33	89	9	46	46	60	49	84	14	88	35	15	7	34	83	76	83	15	24	65	41	91	26	1	60	25	23	71	20	26	65	82	87	22	25	56	17	
85	62	57	59	94	48	43	21	98	23	95	10	31	61	19	36	47	58	74	68	11	53	15	19	27	84	62	98	23	20	31	99	58	71	81	16	10	25	34	11	
57	68	51	55	79	11	46	78	63	18	46	8	26	47	68	95	1	32	23	87	95	40	53	39	72	31	76	81	43	38	65	47	98	82	20	82	25	95	40	15	
84	96	38	71	27	70	28	35	10	54	62	93	34	50	56	22	57	66	65	5	26	75	96	2	89	57	45	78	99	18	11	70	33	46	75	70	61	32	83	36	
62	24	40	17	69	27	29	8	96	96	77	32	90	72	7	59	6	85	12	56	61	66	24	72	10	22	56	44	4	62	11	66	3	84	92	83	87	65	48	64	
10	77	9	95	91	50	33	76	6	90	71	15	25	9	30	92	64	46	76	22	61	72	34	36	31	9	57	38	4	78	73	62	69	26	94	86	49	75	28	13	
56	96	11	84	41	98	71	43	50	69	38	24	99	87	70	95	18	70	6	86	65	21	51	87	52	29	3	52	77	33	98	11	69	92	55	46	16	32	65	76	
72	75	79	25	46	81	17	70	46	73	48	89	9	69	51	95	51	3	75	34	50	22	36	14	99	64	69	6	55	29	62	16	43	47	11	61	91	12	28	58	
81	89	99	100	68	48	61	13	3	65	53	92	72	24	90	73	16	1	47	32	53	52	56	99	21	3	74	90	17	86	10	99	62	54	75	98	39	29	21	78	
87	61	82	12	8	69	59	17	68	88	58	43	70	49	31	28	13	22	51	25	4	25	89	72	74	36	91	12	44	68	23	70	31	8	14	9	17	39	29	77	
9	43	6	20	63	16	57	88	96	52	28	77	93	68	11	97	16	3	8	37	70	1	82	72	4	19	33	81	87	93	38	94	45	16	99	98	42	97	92	98	
32	73	55	3	51	99	9	3	28	55	15	19	26	48	64	8	89	37	95	21	66	11	47	83	24	90	80	6	90	20	46	55	92	62	25	62	74	54	67	26	
62	24	42	67	58	77	55	47	46	9	23	12	67	84	68	1	68	80	63	27	8	29	45	62	24	97	30	96	55	16	25	5	87	75	53	8	65	40	96	61	
48	77	82	59	93	90	96	76	83	100	98	70	98	80	9	64	57	19	2	41	12	55	75	61	74	2	18	94	79	2	11	97	42	84	68	93	45	84	21	43	
84	29	70	66	87	18	72	9	30	5	72	23	28	18	28	13	47	70	39	75	93	45	79	44	92	70	49	3	86	43	45	82	32	79	3	72	31	61	57	24	
60	29	77	91	76	70	81	94	71	8	94	80	58	2	34	61	34	43	65	100	4	53	93	43	30	62	25	36	83	18	71	73	73	28	89	19	94	25	54	76	
57	6	57	72	59	50	26	21	89	7	55	53	83	51	77	83	94	18	27	29	86	42	11	97	79	79	52	39	49	76	83	70	25	26	77	33	2	87	28	31	
84	70	29	22	72	61	93	5	52	59	46	44	48	71	93	76	94	49	78	71	33	3	60	97	12	58	5	67	61	23	32	44	28	100	69	90	42	83	92	79	
77	57	82	100	6	55	49	29	80	41	15	62	35	35	60	48	25	60	95	75	36	16	81	48	4	33	92	98	97	2	12	85	20	20	7	74	55	64	34	53	
47	93	46	80	70	78	48	91	56	55	1	9	85	80	41	10	44	5	50	77	34	20	43	12	10	21	97	33	55	48	90	16	78	4	96	54	50	26	8	4	
74	31	52	16	66	2	94	3	20	17	66	84	44	51	94	56	85	62	27	66	23	38	11	93	74	10	89	100	80	85	44	65	90	7	12	33	62	26	13	70	
21	67	2	98	15	29	97	16	99	48	83	57	10	18	78	100	74	6	85	93	63	45	44	30	60	5	77	83	18	4	54	68	10	21	52	88	60	32	31	5	
80	48	79	41	56	16	91	62	98	26	15	98	59	44	51	64	88	8	86	87	41	75	29	88	95	9	49	50	90	59	70	70	70	96	4	51	33	12	69	11	
78	1	49	38	93	36	95	3	55	36	77	17	99	29	65	35	1	97	28	67	9	53	100	4	87	94	82	70	6	2	54	18	91	60	53	94	48	92	58	26	
84	5	92	72	88	1	48	49	55	43	63	48	82	44	98	38	99	72	72	11	70	62	36	28	92	29	72	1	40	64	41	49	80	64	76	8	33	76	12	45	
37	77	29	24	4	7	92	77	76	64	72	73	46	52	32	28	46	37	14	56	42	84	36	34	57	91	45	38	53	20	82	16	68	26	69	88	63	34	65	1	
76	33	16	49	17	80	6	11	64	76	58	43	88	72	14	79	74	3	82	34	97	50	65	57	47	81	32	19	43	33	51	29	30	43	73	54	27	6	9	13	
2	7	22	37	81	24	72	24	68	77	45	87	3	98	59	73	86	68	38	54	89	60	72	21	47	54	15	29	16	67	15	73	92	16	92	7	42	56	27	50	
57	91	88	18	77	81	78	75	73	42	38	56	40	23	69	15	82	94	85	70	53	53	50	75	47	96	57	40	61	64	9	12	32	90	8	66	19	25	92	52	
45	27	58	10	65	75	2	48	67	23	65	64	33	2	91	9	90	68	9	53	85	28	42	7	33	83	69	68	87	44	87	27	45	11	60	60	58	86	55	39	
On machine	4
82	65	33	56	12	100	70	36	89	87	44	49	58	8	32	35	77	77	2	80	35	64	39	1	66	47	5	5	13	41	59	10	48	80	78	49	11	17	39	63	
57	72	61	93	17	85	74	75	59	11	81	13	47	99	78	18	6	21	29	70	14	44	36	25	64	56	20	68	41	35	2	100	52	9	62	68	97	13	15	76	
83	95	44	8	33	72	82	89	84	86	68	70	8	12	92	21	79	17	51	96	78	24	50	63	9	49	17	19	58	70	20	97	69	32	68	24	99	90	21	39	
85	90	62	42	3	75	20	78	47	84	98	42	58	31	28	49	9	76	3	82	57	46	77	71	14	26	33	17	12	47	81	63	83	86	86	85	3	51	68	79	
39	75	94	70	14	56	32	89	10	69	96	12	77	15	25	2	89	81	55	29	69	78	35	98	57	20	53	16	72	3	67	85	64	43	39	35	70	11	46	25	
83	14	43	26	62	63	58	69	15	97	53	94	57	75	78	55	67	74	47	83	3	42	39	63	16	9	5	82	80	60	73	2	9	90	98	95	89	96	54	28	
55	42	49	68	96	6	24	19	18	26	52	17	52	34	54	54	98	20	32	82	62	47	39	10	15	10	79	52	25	33	14	72	17	16	69	68	99	91	39	82	
57	90	91	10	33	86	5	5	22	59	64	96	23	100	18	13	37	16	11	49	98	10	54	5	53	19	42	34	72	66	8	11	44	76	58	48	92	94	72	5	
48	44	12	39	3	95	39	79	59	21	86	97	69	11	82	66	64	47	32	61	53	15	71	42	19	62	11	100	64	66	18	18	13	86	97	56	3	24	54	19	
10	33	35	64	88	36	22	40	57	32	42	2	6	70	56	28	31	23	83	1	54	58	65	79	1	97	35	10	82	27	63	81	93	29	92	11	6	1	85	18	
89	35	42	36	54	80	39	53	8	99	42	69	53	46	47	32	2	24	18	59	33	97	89	94	24	15	23	54	28	2	36	29	54	50	74	64	53	43	87	81	
88	98	60	48	85	50	57	62	22	45	38	16	2	68	41	22	36	96	5	100	28	55	27	45	34	39	15	77	83	73	85	78	25	60	76	43	2	10	7	61	
44	35	90	51	39	98	48	4	32	81	78	46	1	20	62	45	17	60	81	60	89	64	5	59	78	21	36	14	17	78	93	29	29	70	40	60	84	21	23	21	
96	73	54	79	11	78	65	49	33	71	19	52	74	94	39	70	23	85	18	76	37	59	66	37	15	91	58	62	3	59	69	60	61	39	16	48	11	87	11	51	
96	31	19	19	38	57	31	36	77	56	75	70	98	35	64	65	88	4	80	66	30	10	41	14	98	17	50	53	84	24	1	48	29	59	35	78	10	95	12	24	
71	2	58	95	29	8	77	70	76	82	84	72	53	60	46	54	95	42	42	89	6	14	15	19	33	81	64	79	76	67	99	70	14	24	93	40	57	60	14	80	
86	29	13	3	94	8	77	89	81	46	85	40	54	63	93	78	87	48	66	22	55	12	65	24	56	20	70	84	34	57	39	62	34	82	82	7	67	34	50	35	
98	29	7	48	59	97	55	45	15	48	41	66	92	88	63	3	31	24	86	64	9	45	67	92	52	43	8	25	47	70	65	15	1	54	3	42	49	51	44	53	
85	65	92	32	93	30	8	2	47	98	41	8	57	22	36	56	81	14	79	17	39	28	74	93	87	20	10	49	17	80	26	6	46	83	25	92	61	62	27	91	
90	40	71	99	50	99	68	76	40	29	87	70	42	68	84	79	66	56	33	79	46	22	79	79	21	54	82	77	25	84	71	42	94	44	80	45	21	4	4	16	
93	86	55	29	16	70	56	79	25	55	42	4	84	28	8	24	15	58	8	11	7	16	9	40	3	40	11	16	97	12	8	85	48	52	53	93	49	26	2	17	
64	13	82	85	71	98	33	3	75	43	51	39	98	59	65	9	3	19	42	97	98	17	59	59	94	54	75	23	58	12	22	18	28	54	100	74	44	84	65	13	
93	58	30	1	7	95	47	12	28	41	87	7	76	94	63	93	63	58	26	99	22	16	68	49	4	39	46	46	66	50	29	29	41	45	67	20	12	89	18	86	
57	29	98	12	44	64	70	79	29	59	14	28	13	15	11	87	61	58	6	69	98	44	78	97	100	18	52	85	16	58	60	10	79	9	97	76	5	1	25	86	
50	17	46	74	32	95	45	80	41	33	1	33	59	30	74	73	33	19	78	4	83	28	75	37	61	36	7	52	64	26	88	90	89	24	36	90	74	61	48	51	
38	18	59	83	65	20	41	86	76	58	13	8	42	80	84	95	83	98	23	16	47	75	7	7	59	8	66	56	63	34	85	29	84	71	76	62	60	11	21	72	
14	77	21	21	12	43	63	47	33	48	74	67	80	68	13	91	82	57	21	7	20	49	39	85	25	42	47	28	81	77	5	74	74	82	5	92	77	24	40	37	
48	40	28	97	83	74	64	41	25	64	57	68	56	89	52	32	87	85	78	69	27	12	8	9	96	80	74	57	14	18	94	14	75	91	21	88	66	75	98	95	
33	15	98	23	47	24	10	53	37	51	39	62	94	90	31	68	32	74	4	47	62	99	62	98	39	85	60	78	7	73	8	30	64	99	71	79	30	1	95	9	
24	88	3	75	71	37	26	84	43	38	7	79	21	90	64	52	74	39	23	63	10	46	74	97	53	37	78	100	100	52	1	100	39	48	17	99	9	23	32	97	
73	39	35	64	87	31	72	49	30	35	20	64	5	28	63	92	44	79	49	43	53	56	12	65	86	11	95	15	52	6	11	18	36	81	4	3	49	78	82	65	
99	87	68	24	18	98	61	13	98	47	25	20	73	79	34	21	13	57	19	30	9	89	73	35	66	96	5	87	94	99	73	83	51	73	19	45	37	83	74	2	
50	87	9	66	13	64	21	19	13	98	79	73	47	91	51	9	2	52	63	97	67	14	11	63	68	75	28	52	12	97	59	7	12	85	83	10	80	72	51	92	
89	14	65	99	62	14	33	76	32	14	6	73	75	59	50	38	45	68	89	27	85	63	64	49	13	88	57	35	15	45	86	7	94	13	33	53	14	45	55	11	
89	80	34	10	54	18	63	16	19	63	28	78	63	25	52	23	87	75	49	50	17	76	43	9	18	7	53	3	88	80	77	63	12	79	15	97	68	91	74	8	
73	2	78	68	47	7	45	3	85	28	45	55	78	5	89	49	4	5	20	40	31	71	42	23	26	7	52	9	78	27	30	71	35	60	39	18	63	49	77	62	
64	58	1	37	58	57	82	53	65	45	37	49	20	14	15	56	93	93	86	51	67	56	97	32	46	77	51	40	2	75	41	54	66	9	79	44	6	34	96	82	
31	1	13	37	58	57	16	98	59	63	97	78	87	23	93	28	89	93	85	69	49	54	49	35	70	57	38	49	69	93	60	14	9	79	20	33	77	29	49	96	
12	11	65	43	47	61	23	34	92	44	54	65	82	40	97	41	73	78	45	44	19	71	22	61	83	49	74	28	37	8	2	70	18	59	6	18	50	44	79	35	
63	2	38	14	76	70	68	74	13	12	69	16	93	18	18	42	49	81	54	99	27	87	54	46	23	33	75	66	96	34	4	23	87	3	21	85	67	60	36	85	
On machine	5
41	67	82	74	54	72	67	86	16	45	45	49	62	43	2	89	82	56	93	43	46	6	64	93	95	16	23	49	52	47	55	92	18	48	91	18	94	80	79	97	
36	40	72	40	54	66	30	78	32	48	57	95	23	19	77	54	27	39	100	55	22	45	70	60	86	93	42	39	98	10	12	14	71	2	56	53	76	66	74	59	
16	65	60	23	11	79	80	17	4	73	43	22	97	20	9	20	28	71	49	49	48	41	83	21	31	95	28	66	27	29	90	88	26	90	37	22	87	9	29	71	
89	51	85	84	26	19	23	84	8	19	97	57	55	39	24	11	71	51	51	43	71	97	21	94	31	45	55	74	25	81	36	7	58	35	90	33	52	37	14	38	
35	3	74	91	20	83	22	80	20	66	24	39	65	89	65	17	77	14	89	87	28	47	28	94	100	91	94	90	11	88	72	68	60	61	36	70	77	1	51	67	
89	4	20	3	60	41	100	100	23	11	12	62	57	79	27	44	46	45	69	63	72	99	38	42	47	88	43	39	53	37	69	17	66	25	11	71	68	72	99	59	
6	53	72	19	38	61	63	36	4	59	90	51	57	46	76	97	73	51	94	97	69	84	57	17	15	57	9	70	65	84	82	24	40	88	49	37	54	93	97	26	
67	60	2	43	61	21	33	12	57	80	86	5	75	84	15	60	49	60	26	52	88	60	56	24	84	96	27	88	89	60	68	16	98	40	21	54	29	32	11	77	
31	38	91	43	17	26	94	82	23	59	45	94	100	64	86	2	10	22	29	34	84	92	42	39	41	91	31	21	43	3	32	49	39	21	49	86	35	86	100	22	
37	76	20	96	94	80	53	4	67	44	80	24	74	38	97	78	89	100	20	40	74	38	37	30	2	21	68	94	59	53	59	96	36	37	5	13	89	37	55	86	
14	40	72	69	28	27	39	15	72	61	43	62	90	61	86	96	87	66	27	93	23	61	48	30	43	96	61	62	69	45	48	9	23	84	5	67	68	37	54	78	
72	26	98	31	88	40	95	63	71	48	43	24	83	100	35	49	94	7	15	78	10	69	42	77	47	86	11	42	52	66	50	100	45	49	47	80	91	96	31	53	
9	23	100	90	89	4	68	96	34	56	1	94	49	17	28	65	45	52	93	75	27	52	57	57	94	15	23	1	20	63	80	97	69	83	54	84	55	59	87	76	
54	97	53	26	21	50	85	58	89	88	61	70	74	93	22	96	63	44	29	41	85	91	16	65	63	16	97	57	93	64	15	48	90	13	76	53	86	74	50	15	
100	1	89	90	28	28	44	6	12	52	7	41	32	46	32	70	16	11	57	15	33	3	97	66	55	20	46	76	1	83	7	33	5	59	90	20	25	13	12	18	
78	24	31	61	29	10	76	63	27	86	97	22	45	71	97	30	75	70	39	50	81	79	63	51	44	66	79	71	26	88	66	33	40	6	83	56	6	81	79	4	
76	95	86	35	52	18	31	17	89	75	71	27	6	88	12	50	37	58	46	76	22	9	33	30	58	48	77	34	93	5	95	27	24	88	28	98	43	39	70	7	
74	83	25	45	85	45	32	18	81	35	9	27	97	44	27	94	5	60	97	100	73	45	30	6	70	51	31	50	33	46	72	55	60	6	54	34	17	38	56	14	
51	97	97	71	63	49	14	84	92	24	69	46	67	9	9	21	62	30	38	16	98	67	11	22	50	88	18	82	34	67	36	7	68	76	70	48	97	56	15	66	
15	15	15	51	14	92	44	97	61	43	95	47	10	11	84	80	60	9	41	66	24	83	44	40	94	36	60	55	66	85	34	45	47	44	33	92	90	36	66	93	
70	37	20	20	38	68	7	3	19	77	87	22	44	88	72	62	7	10	3	12	3	100	31	3	35	21	85	96	92	100	29	15	69	56	66	99	41	15	84	78	
30	1	23	9	5	97	31	96	27	88	34	62	30	85	86	28	75	53	8	20	50	89	3	72	86	80	89	7	75	40	34	63	78	19	19	75	52	75	86	75	
20	3	98	74	37	5	62	15	7	80	37	76	54	93	45	50	94	53	48	25	93	16	2	55	57	41	13	30	20	100	89	3	96	80	3	75	4	70	80	33	
80	42	50	31	88	49	3	73	72	51	73	56	6	97	49	61	9	37	14	35	9	69	76	91	79	45	65	46	41	78	12	58	25	75	53	45	99	77	37	9	
85	82	94	28	54	21	57	62	17	45	1	49	11	26	7	91	67	56	68	95	54	39	14	9	15	51	31	3	59	81	66	92	4	22	16	95	74	70	58	45	
78	67	24	14	83	68	89	33	38	4	63	85	7	15	66	74	1	6	64	45	72	46	96	9	45	11	43	99	29	50	78	71	99	41	1	34	72	33	55	14	
16	44	76	5	62	13	31	55	47	77	8	70	35	38	13	78	36	85	51	40	75	8	87	7	32	66	53	70	90	82	53	13	35	66	65	66	9	24	95	53	
61	26	18	99	39	7	30	28	54	53	15	7	69	11	82	66	10	10	4	6	46	56	55	8	41	89	95	5	63	90	60	19	64	90	88	11	4	51	75	26	
82	81	21	83	90	73	75	96	72	5	18	17	3	10	85	55	25	1	97	13	37	34	50	70	51	2	80	79	47	84	99	16	16	6	83	42	46	25	34	20	
6	83	91	100	25	15	82	87	56	18	9	11	38	92	43	69	66	88	59	95	7	37	72	16	65	65	22	41	10	47	47	2	76	72	22	46	69	93	44	72	
13	60	1	38	66	20	70	82	30	82	97	10	92	53	80	16	80	89	29	70	12	67	85	84	27	4	16	100	53	15	21	21	88	43	51	91	85	86	78	85	
42	10	61	33	98	94	36	80	93	45	66	41	82	61	41	7	46	39	49	1	92	65	14	86	85	15	69	30	20	42	72	95	78	2	33	63	22	71	32	81	
13	31	95	86	40	57	31	62	98	37	29	10	91	43	79	61	85	25	3	30	90	24	8	36	59	17	19	57	83	8	51	30	27	10	18	96	69	64	51	39	
61	26	36	79	56	1	23	11	47	51	39	32	76	13	62	3	19	47	36	62	34	13	31	17	67	13	69	87	81	36	89	74	57	63	53	15	14	3	75	43	
43	74	99	59	85	7	29	1	37	16	36	83	86	42	22	99	41	2	20	100	48	50	16	8	54	6	1	87	62	97	52	3	54	71	41	68	21	55	91	77	
34	16	39	79	11	3	1	46	6	4	85	99	39	59	58	57	63	45	1	18	50	47	20	15	75	52	91	30	84	54	18	48	12	67	68	7	77	49	96	66	
61	11	38	3	49	69	93	44	40	34	78	21	29	33	31	40	10	27	13	14	99	82	63	10	82	93	20	7	81	50	55	74	83	15	65	25	2	66	54	98	
53	95	31	3	8	15	63	82	44	70	9	75	89	1	2	94	37	46	92	46	46	59	9	27	63	77	84	32	83	52	57	58	82	14	23	25	25	38	7	48	
4	23	82	63	34	85	31	8	75	46	14	17	93	44	16	57	65	83	48	85	39	45	73	33	20	77	21	7	47	92	78	59	30	57	71	79	46	64	61	1	
78	45	26	31	32	90	46	99	37	22	84	99	78	80	95	10	99	35	66	92	34	23	77	70	39	44	21	21	98	77	97	29	6	27	34	97	9	95	28	65	
On machine	6
68	18	86	83	5	36	68	82	69	72	98	80	11	17	88	82	62	55	44	41	58	80	23	55	94	41	12	10	92	9	74	9	61	56	52	69	14	15	86	81	
20	36	97	32	93	84	86	98	71	60	24	82	52	80	15	48	54	1	9	23	11	27	15	88	60	22	51	44	36	96	1	82	23	75	7	28	92	42	97	35	
18	94	44	77	6	67	65	87	14	25	73	80	28	64	9	5	58	2	19	52	20	7	51	98	27	69	15	7	85	33	67	77	36	57	30	54	3	76	88	89	
11	87	56	84	30	14	90	97	58	10	64	67	84	96	90	52	90	66	6	34	2	40	93	19	32	17	72	24	24	27	50	46	27	5	82	24	66	56	87	83	
72	64	30	46	39	87	64	73	19	42	72	29	10	99	31	98	91	39	99	95	7	89	69	25	57	86	6	19	79	14	76	17	29	79	28	44	90	92	67	64	
27	41	73	35	66	62	17	53	79	53	42	96	59	12	86	99	70	41	93	6	77	100	24	59	96	2	11	31	35	36	16	34	76	7	73	88	56	61	43	37	
7	56	39	47	41	29	61	47	84	48	40	84	56	2	17	82	89	79	31	43	36	57	46	2	73	81	3	49	95	80	88	5	92	13	24	27	79	56	5	94	
26	78	48	74	49	96	57	30	68	89	12	1	85	48	47	25	98	5	100	98	24	15	49	54	36	14	75	69	28	90	84	31	37	39	88	87	75	70	37	86	
6	8	78	53	65	82	61	71	84	17	4	78	13	14	78	24	82	56	34	1	100	45	16	63	68	71	35	60	23	28	69	75	18	48	60	70	52	9	81	11	
34	55	23	18	97	5	79	94	86	64	82	70	8	83	74	65	79	46	100	85	68	58	49	96	65	49	55	45	90	3	59	58	68	93	5	41	33	1	44	80	
13	29	2	84	55	14	82	22	10	32	28	45	86	29	60	58	86	19	67	33	48	14	27	67	15	97	30	60	11	28	48	80	10	42	84	40	73	32	83	58	
50	33	71	49	13	91	8	73	65	67	100	7	20	44	40	99	82	73	49	43	46	95	56	91	97	25	14	94	59	47	79	72	26	86	49	60	46	14	83	60	
98	95	30	2	1	44	40	90	21	20	51	49	50	63	84	56	78	1	89	57	32	17	84	69	15	21	85	3	8	12	94	83	58	8	100	43	40	45	21	47	
64	38	28	99	96	34	4	56	30	90	37	98	44	81	3	60	67	7	5	21	55	51	37	12	96	79	28	10	55	29	28	22	20	27	8	32	51	70	36	82	
80	12	58	76	7	63	60	2	48	41	71	19	68	77	63	52	8	74	28	74	53	95	65	72	41	51	22	12	43	6	91	96	61	51	19	44	62	99	99	54	
2	89	84	25	90	88	74	58	71	31	89	99	75	19	15	61	25	6	4	33	96	29	99	34	20	59	30	41	8	13	83	17	47	13	12	90	57	95	92	51	
36	80	35	39	48	65	88	28	82	24	56	37	63	45	42	10	17	52	29	68	10	5	62	35	49	8	94	54	69	26	94	98	99	23	25	67	36	77	42	18	
35	97	87	64	56	37	21	73	20	78	97	45	59	95	38	55	20	1	72	19	87	56	76	37	73	22	93	22	27	47	90	18	80	53	41	7	49	41	60	50	
78	53	14	19	39	15	68	1	46	54	56	6	34	79	49	12	41	11	69	94	70	83	32	21	30	21	98	86	80	5	98	6	50	57	67	27	66	17	95	71	
61	26	31	30	59	70	87	12	3	85	90	31	76	78	19	95	8	55	5	76	44	29	33	84	41	35	10	64	81	34	81	70	44	73	45	29	73	17	8	97	
36	72	96	74	54	70	93	15	78	80	83	9	70	61	11	62	65	65	33	15	55	76	40	9	84	87	53	31	84	61	53	34	94	100	62	87	34	48	8	29	
21	89	56	11	76	97	33	96	84	57	65	87	20	76	10	74	80	56	49	21	24	88	86	100	12	61	2	21	82	85	81	62	60	100	48	95	12	85	55	15	
70	21	70	81	1	79	45	57	80	100	23	11	26	35	51	74	31	15	98	25	54	63	40	42	95	3	23	100	54	18	16	55	5	31	47	21	53	80	85	27	
72	43	40	64	45	90	51	17	9	18	35	98	68	56	37	72	7	85	44	20	41	6	46	91	19	94	34	54	60	22	60	92	93	69	68	9	33	54	40	89	
45	94	1	1	6	47	12	33	19	61	49	75	37	75	55	44	51	17	5	16	99	63	17	31	90	62	11	89	39	9	56	29	19	68	56	17	7	35	20	77	
99	53	40	78	6	35	12	69	18	38	69	73	41	46	23	68	19	75	73	81	70	89	60	49	88	90	27	19	76	70	6	27	32	76	94	93	69	8	69	99	
83	60	6	6	54	26	99	1	53	22	65	44	30	8	100	35	87	81	11	7	44	83	2	51	5	46	87	79	45	68	33	5	86	55	32	30	35	77	53	64	
3	20	32	35	84	100	39	76	28	30	45	68	35	22	24	90	58	11	2	53	10	37	98	36	47	55	66	43	70	22	44	1	98	82	58	62	91	8	67	79	
36	19	62	15	6	83	8	92	3	51	21	86	72	18	42	12	63	64	66	1	82	29	54	65	4	22	95	60	71	27	54	45	14	66	41	51	3	10	77	44	
69	78	34	75	68	30	30	92	9	46	54	89	12	18	81	15	7	18	99	21	9	3	93	25	42	86	57	37	73	31	76	43	27	72	62	7	94	79	50	81	
70	1	27	79	6	25	78	16	34	81	93	62	80	63	96	9	13	94	89	56	85	90	1	92	26	41	65	27	40	12	38	18	13	61	17	66	31	35	53	76	
54	55	74	23	24	47	62	89	30	72	22	17	41	43	100	100	24	98	42	71	92	97	22	88	78	55	91	70	51	78	30	74	86	47	74	100	73	15	9	38	
9	99	8	87	100	99	77	87	63	49	91	62	65	50	77	46	21	77	55	5	91	39	89	99	90	67	93	79	24	71	7	68	11	87	71	87	86	48	19	76	
27	67	50	53	36	35	36	93	75	25	83	68	38	46	61	78	39	22	35	43	100	7	49	26	70	12	3	65	52	95	4	100	42	29	88	83	71	100	83	97	
15	57	20	22	9	48	99	48	15	84	75	58	50	59	47	73	41	50	99	92	73	29	58	30	50	69	85	17	8	6	90	73	97	99	46	81	78	7	75	21	
85	89	59	85	88	16	97	8	13	13	61	29	93	84	30	82	35	93	85	42	3	31	81	37	90	77	77	53	51	33	13	44	86	77	97	39	56	44	82	36	
96	5	87	95	13	14	55	42	91	40	67	71	47	36	99	18	69	13	68	67	27	21	25	41	4	85	74	28	22	96	76	41	5	2	18	99	96	54	55	72	
96	41	89	40	20	98	73	84	58	66	76	79	67	10	74	13	2	43	77	86	49	41	65	6	68	40	29	40	66	87	36	40	34	34	33	76	34	39	23	43	
25	87	61	68	26	62	14	32	88	56	64	99	97	93	94	95	62	28	30	79	12	11	27	55	35	18	28	63	62	37	17	73	83	66	19	3	88	16	79	9	
83	20	25	15	50	18	95	10	2	32	71	60	13	77	40	69	9	93	66	10	39	78	79	69	24	22	82	43	66	28	94	33	50	72	26	3	92	63	47	60	
On machine	7
53	22	1	58	13	13	79	37	7	55	46	49	93	68	84	57	46	75	54	73	99	2	2	96	65	38	97	90	32	23	56	64	53	100	8	66	48	99	28	23	
30	68	2	67	80	30	62	41	67	73	6	33	55	26	69	69	17	16	74	29	42	12	8	43	92	68	84	39	51	31	26	1	52	96	4	13	53	63	95	67	
42	68	47	90	30	36	9	56	69	37	63	60	84	57	16	64	65	88	88	86	49	17	2	48	64	99	93	91	59	57	52	52	43	9	57	64	17	84	59	78	
65	24	6	18	56	2	72	65	49	62	18	10	31	53	100	19	95	5	13	28	71	43	89	90	83	42	16	36	67	70	75	23	62	7	49	24	45	3	59	90	
31	85	72	68	79	79	88	40	91	75	75	8	60	73	13	45	57	48	43	78	29	10	1	22	91	45	38	25	68	4	47	96	75	21	55	75	40	20	18	11	
75	31	65	76	22	11	22	93	34	71	60	81	41	4	97	12	96	62	26	94	4	93	22	75	58	98	39	72	51	82	61	41	11	66	33	96	17	5	26	13	
64	60	25	66	77	1	46	72	69	14	32	59	25	78	93	94	35	75	68	23	14	54	11	14	80	69	36	27	34	88	30	61	73	21	63	72	69	27	17	55	
75	25	50	71	99	11	20	62	38	82	85	15	92	41	46	49	5	94	2	50	84	34	54	98	1	32	42	36	7	64	98	20	29	15	38	6	23	64	19	30	
79	43	75	25	73	61	95	47	86	31	23	69	48	76	37	28	30	100	26	46	81	38	65	68	20	4	61	34	88	90	21	19	15	48	22	56	46	20	46	75	
4	31	66	46	28	54	9	94	90	32	86	49	75	95	46	7	15	80	87	76	78	55	16	93	77	54	50	1	90	65	2	46	50	81	1	68	58	97	80	13	
52	70	95	50	63	58	52	52	30	27	84	83	74	45	10	23	45	49	15	75	77	99	88	79	92	31	98	45	34	43	55	76	1	49	66	12	87	34	88	24	
53	30	91	24	19	58	96	21	44	90	44	55	47	36	81	99	10	32	98	78	42	54	50	16	68	41	8	52	46	17	6	86	25	3	22	98	81	44	54	73	
73	95	39	37	97	43	79	74	97	100	12	58	68	32	72	72	57	50	40	49	69	78	14	43	57	95	19	23	93	65	51	4	81	17	98	76	18	32	30	43	
56	83	22	34	92	35	83	89	57	75	13	36	47	5	72	38	41	23	99	11	14	35	5	49	90	41	26	85	67	67	8	55	4	93	78	45	84	66	25	23	
62	87	82	36	96	2	60	24	18	30	14	63	32	17	22	13	38	17	63	35	23	92	99	65	32	10	70	88	50	45	67	33	83	51	8	34	64	89	45	25	
67	95	87	71	96	87	95	15	5	95	20	51	66	67	17	34	44	46	84	82	17	40	61	56	5	32	19	34	92	66	12	40	48	32	44	50	17	4	4	5	
49	90	10	84	64	4	88	65	56	45	17	8	78	34	43	67	26	62	47	31	15	53	1	78	34	48	11	9	99	46	44	83	8	82	86	11	54	59	97	71	
97	84	96	34	84	97	9	15	21	69	92	82	98	15	72	50	8	86	21	75	42	36	37	50	65	82	30	63	63	40	43	67	38	69	23	83	51	44	66	23	
46	86	93	94	32	66	36	45	98	56	10	5	11	82	53	18	45	4	66	98	80	72	20	78	63	41	100	39	19	72	47	24	34	3	23	72	5	39	95	58	
8	61	46	43	25	5	49	38	19	59	88	61	55	25	66	72	1	9	32	12	61	59	72	54	60	50	30	39	97	47	63	26	59	77	4	92	73	43	37	35	
39	23	59	22	70	89	10	52	23	75	31	96	76	70	9	28	48	85	58	80	53	52	49	24	78	40	97	44	29	49	49	40	29	72	10	13	29	98	36	67	
17	13	73	15	89	17	18	94	63	34	59	66	44	64	9	5	6	22	70	84	71	27	100	62	98	79	10	81	2	6	44	4	44	58	41	46	54	93	74	17	
84	51	52	99	2	45	54	57	93	92	40	52	67	62	96	81	61	50	31	7	87	47	21	56	11	45	20	60	89	72	74	29	99	30	63	28	87	69	18	79	
6	16	94	47	47	20	59	48	83	26	80	55	8	71	9	94	38	76	67	50	6	47	70	38	13	90	50	67	24	95	15	12	82	63	23	90	37	51	66	95	
34	43	71	48	83	45	2	59	22	18	36	68	75	27	98	58	100	51	42	88	29	31	50	99	11	34	18	61	89	53	81	56	68	6	50	70	62	49	81	35	
38	3	91	21	66	67	14	48	23	1	38	14	12	96	15	29	56	59	76	31	85	8	51	8	81	49	2	90	88	47	46	45	74	27	30	74	7	70	93	2	
79	24	44	30	15	32	54	29	25	36	97	24	3	11	82	34	79	42	47	40	30	87	16	22	26	90	51	50	20	94	33	56	18	72	30	12	73	58	94	68	
7	27	49	29	11	73	28	23	16	51	45	39	55	61	33	1	39	20	96	30	59	6	48	91	31	61	5	91	15	78	21	54	33	30	72	86	43	24	66	10	
92	42	20	96	55	49	55	99	100	13	67	49	35	58	75	91	55	39	81	87	63	9	37	2	15	3	5	94	93	39	24	97	77	14	3	46	86	75	63	31	
42	93	76	36	25	86	70	47	4	54	74	17	76	85	31	36	5	76	29	10	16	78	49	32	97	62	95	82	65	15	89	94	75	57	37	11	64	6	4	60	
36	55	68	49	27	23	78	21	72	72	92	81	97	81	11	68	47	84	64	20	3	61	53	56	89	27	33	49	48	50	43	70	59	84	18	10	30	55	76	61	
60	83	78	12	78	4	32	65	72	43	86	63	40	86	58	88	84	28	83	15	5	98	33	24	51	54	81	21	20	62	7	36	91	65	75	30	2	87	85	58	
59	31	1	11	77	76	65	42	70	17	76	100	56	82	43	10	42	10	85	22	29	74	5	28	67	42	6	89	2	86	34	56	8	8	88	49	9	73	86	7	
73	48	72	53	80	14	93	25	4	26	62	80	18	69	92	100	99	2	1	30	40	70	23	6	95	34	96	25	60	59	85	79	93	43	66	45	58	22	90	37	
19	44	44	83	6	9	76	50	12	65	54	55	75	57	87	1	13	65	14	38	15	40	14	29	76	89	24	37	56	83	96	89	49	39	2	48	9	4	19	22	
40	15	34	56	91	16	48	69	93	25	59	17	89	66	45	70	80	69	12	17	12	23	89	34	34	14	78	79	40	80	36	30	29	40	45	44	69	100	44	81	
48	3	26	10	90	3	33	18	41	37	39	28	18	84	6	27	24	43	78	71	38	11	26	27	7	57	58	28	52	71	36	49	100	53	74	24	19	2	23	68	
37	8	9	2	96	56	63	69	17	97	51	77	35	88	78	80	8	48	50	3	8	47	72	59	19	96	70	91	43	27	15	84	30	66	70	100	32	45	35	63	
84	44	12	72	59	83	64	22	46	95	2	22	38	91	15	4	85	17	79	100	86	58	89	75	23	23	2	70	6	73	16	26	14	88	15	25	3	84	80	68	
49	44	60	97	65	82	55	83	20	2	41	31	36	59	85	21	29	95	20	52	20	78	84	10	34	61	82	59	50	95	5	32	51	77	12	27	45	50	94	37	
On machine	8
62	33	96	51	10	6	58	45	42	94	81	72	80	47	4	42	88	31	70	91	13	4	4	42	70	72	48	73	27	38	93	17	27	93	19	89	83	27	17	76	
1	32	41	57	13	80	96	91	28	62	43	93	67	11	33	63	66	7	91	82	21	6	32	41	69	97	28	96	28	34	26	17	87	17	92	13	80	97	32	100	
19	55	33	60	80	32	96	35	9	57	36	63	34	98	6	73	30	27	1	81	44	15	1	77	94	30	34	76	32	62	36	50	4	68	8	13	16	3	53	73	
17	33	16	11	31	2	37	50	21	94	95	8	27	14	78	8	29	41	62	75	17	27	87	100	3	2	3	63	36	73	16	98	17	9	31	15	74	94	27	16	
39	78	98	68	65	88	12	69	40	59	50	90	43	20	50	47	49	82	63	79	91	36	84	37	50	24	52	86	54	62	69	22	19	55	69	73	11	39	13	56	
24	93	68	28	83	57	9	63	53	2	97	52	65	42	74	27	31	86	89	61	87	10	7	93	13	69	38	28	8	57	7	79	88	77	93	22	100	66	36	59	
3	88	86	99	99	17	94	12	92	31	16	32	22	26	5	28	13	28	3	29	32	12	11	47	48	53	36	60	55	92	87	87	100	98	81	28	32	75	68	7	
37	32	14	82	30	79	14	68	60	40	1	28	52	22	92	19	69	88	15	53	2	29	73	8	87	58	69	66	64	6	40	4	87	55	3	20	48	87	4	25	
37	45	4	31	63	89	72	52	58	85	12	37	59	18	91	58	88	87	73	37	88	56	41	68	37	37	67	77	6	84	65	54	73	48	84	9	57	63	25	85	
99	46	16	73	2	20	25	76	4	77	86	55	27	48	89	39	96	78	61	74	30	52	74	83	74	55	88	84	54	11	12	24	24	70	19	13	5	73	11	11	
82	11	4	17	97	89	54	28	50	79	83	58	72	57	95	49	26	67	66	36	3	45	13	21	42	57	17	96	34	3	73	87	10	79	95	22	79	69	61	24	
97	2	91	34	14	13	43	60	93	89	64	6	80	65	96	66	72	3	6	23	53	45	18	31	92	32	26	52	11	59	85	87	13	49	86	94	34	82	88	99	
13	87	7	90	87	14	81	56	47	40	85	81	84	54	12	15	9	54	70	79	28	79	92	83	16	78	72	57	99	11	52	91	76	31	50	39	90	91	7	97	
42	64	95	19	45	36	1	84	84	62	72	4	27	65	96	91	76	55	84	64	46	60	12	36	10	83	87	98	84	37	35	1	45	3	40	72	51	6	90	22	
90	70	6	83	98	37	2	57	1	6	100	14	66	4	28	69	57	77	16	34	57	13	78	56	88	17	32	69	43	100	99	56	37	27	56	27	28	96	66	74	
77	25	98	32	15	37	83	70	39	44	71	72	58	59	33	53	84	67	51	30	24	2	3	51	56	45	8	40	97	56	96	37	74	71	59	97	78	34	79	96	
87	12	86	64	66	35	55	60	88	75	44	94	90	76	32	15	80	5	48	20	82	50	88	19	35	68	35	82	97	83	38	3	46	77	1	45	22	46	15	54	
64	34	1	98	33	38	32	27	95	17	70	80	18	95	57	63	17	40	46	78	14	25	33	62	67	99	94	47	56	14	72	15	61	1	76	97	10	16	72	11	
60	59	32	99	69	49	40	58	87	75	51	42	65	46	92	46	86	6	43	60	34	44	71	34	66	31	94	4	100	58	40	60	79	5	31	43	32	61	25	27	
89	29	76	82	9	51	31	6	47	54	30	25	80	89	44	40	83	75	18	94	48	25	43	46	5	65	70	32	58	92	52	39	15	90	19	29	38	92	81	63	
71	3	41	81	76	52	43	4	89	91	14	60	24	27	75	44	97	77	19	51	99	85	17	2	34	74	13	12	72	38	32	17	93	9	97	49	40	16	71	39	
43	93	84	21	30	89	82	71	63	51	16	4	64	31	67	31	93	69	93	42	92	39	90	35	26	28	89	52	44	83	53	60	13	3	97	90	26	88	65	86	
19	22	38	18	92	40	3	47	48	92	37	60	37	61	80	65	24	13	15	60	58	68	2	96	48	36	65	99	66	47	76	22	62	62	1	46	51	3	13	13	
36	25	83	61	47	18	18	92	58	86	69	37	80	3	44	47	39	8	64	7	4	5	90	82	99	7	85	99	70	24	37	34	40	50	80	98	51	76	67	8	
73	65	88	8	69	99	99	84	54	67	74	63	84	84	33	47	83	93	9	10	72	91	3	53	16	81	76	51	76	14	17	80	27	100	76	17	14	90	5	91	
45	93	46	6	12	23	83	73	77	52	31	3	41	76	23	55	37	32	91	51	10	91	70	17	22	45	73	67	30	51	16	22	69	98	69	65	90	5	73	51	
89	20	73	61	57	31	96	100	18	13	13	26	1	57	87	99	41	78	23	87	25	79	10	6	65	94	31	28	49	36	23	86	39	61	68	56	61	92	11	51	
19	38	1	58	62	67	80	81	41	85	5	93	7	80	17	14	50	94	28	74	82	31	69	17	92	39	12	17	56	75	72	84	45	82	49	52	96	33	80	59	
60	45	36	91	9	47	50	20	14	36	88	35	4	58	39	29	91	19	72	32	39	80	7	13	79	53	23	7	4	43	73	38	46	70	4	52	90	88	48	44	
67	65	78	40	99	65	76	45	56	27	22	44	68	24	59	91	49	26	23	77	49	73	97	94	25	39	65	62	42	27	65	11	25	22	67	5	75	16	45	30	
20	60	68	90	65	69	62	49	28	11	23	6	51	11	9	78	71	30	11	2	82	1	11	85	14	45	64	69	69	27	30	87	94	79	55	61	46	96	34	53	
98	43	94	99	30	29	89	15	63	18	69	43	21	32	79	73	76	40	6	65	80	59	71	98	99	42	63	6	49	2	48	47	58	62	47	80	67	80	65	72	
98	80	8	13	35	58	53	56	63	45	76	12	36	22	24	80	1	7	43	33	84	29	60	16	13	73	31	32	65	98	56	54	14	22	96	98	25	29	1	53	
69	62	89	23	90	45	64	59	46	65	17	5	47	71	81	84	17	42	62	32	65	4	32	9	29	53	37	40	22	47	74	93	36	62	28	70	25	37	92	71	
57	3	39	11	68	39	13	82	97	6	60	75	25	99	51	24	39	9	75	39	82	63	18	11	83	76	50	44	22	56	88	23	35	79	70	62	1	88	2	83	
29	65	48	86	75	29	54	27	83	62	86	52	94	9	91	84	75	74	79	29	15	76	24	64	59	80	74	95	29	60	21	66	34	88	52	76	99	96	73	55	
45	17	17	62	37	32	74	60	19	55	43	3	42	19	56	18	53	26	15	1	1	78	94	52	75	69	2	82	79	79	55	16	57	8	21	7	55	98	67	30	
3	15	73	27	30	91	27	44	53	33	64	1	20	46	65	68	28	42	31	99	25	73	6	61	92	5	18	80	52	18	57	27	24	18	3	60	4	47	99	82	
72	21	27	66	54	52	29	15	14	69	7	45	8	92	80	15	37	6	100	39	93	20	18	54	92	28	3	79	47	22	54	77	1	38	10	29	35	32	4	68	
64	12	1	93	93	63	86	74	88	13	58	24	73	16	76	24	29	5	82	59	75	2	29	13	45	68	62	14	20	70	92	45	22	66	59	45	75	62	20	45	
On machine	9
21	89	58	71	45	67	76	24	67	78	80	58	61	54	12	81	19	24	63	32	28	2	50	35	45	90	55	89	42	49	29	40	25	98	66	39	28	11	54	47	
17	37	81	28	40	62	10	50	79	20	64	20	40	77	85	68	64	78	6	41	10	64	51	44	96	35	51	40	98	41	26	60	35	43	64	47	12	58	53	60	
65	1	87	41	62	25	63	16	23	85	64	35	60	31	72	21	12	98	21	51	27	97	31	72	53	53	86	12	1	90	55	89	94	80	90	44	37	95	30	90	
46	71	49	38	63	22	33	70	27	14	83	68	20	68	62	99	84	89	99	81	28	23	85	28	57	99	34	72	90	52	24	11	34	24	84	64	88	57	30	100	
8	7	51	78	36	24	99	64	51	73	99	70	76	67	63	39	94	100	83	26	51	6	63	71	98	64	30	26	30	76	43	26	100	37	7	26	99	19	38	96	
22	27	46	15	53	83	28	23	54	93	36	61	75	19	92	69	31	79	87	23	13	96	71	73	89	96	36	79	30	87	31	98	10	37	72	47	32	83	78	91	
68	84	99	27	10	1	70	81	100	89	19	11	57	19	4	69	45	41	62	66	8	82	50	51	38	22	80	82	80	28	23	60	72	80	10	25	100	78	79	57	
17	47	98	8	75	63	48	53	80	90	73	2	73	3	18	39	78	97	7	1	90	56	32	89	18	84	14	85	18	57	53	14	42	67	96	51	42	26	28	69	
17	36	100	28	30	66	80	53	6	84	29	4	84	93	89	75	71	2	23	95	32	30	13	55	44	66	88	3	62	58	60	38	56	96	72	76	9	2	100	29	
19	62	90	46	48	45	70	25	71	69	21	30	36	1	99	77	70	29	23	18	100	21	7	84	45	24	26	33	37	57	62	72	84	79	37	80	93	66	66	20	
100	21	59	23	20	93	39	63	80	66	81	72	15	29	91	42	9	70	32	79	67	30	70	30	18	51	56	41	60	63	58	12	60	26	27	34	3	76	12	95	
11	59	50	2	27	45	82	85	51	52	62	52	49	97	11	26	12	54	65	30	16	20	42	28	22	84	83	10	30	70	51	97	46	86	50	32	20	45	9	29	
15	52	62	9	26	54	30	89	38	68	57	30	93	4	74	73	6	92	56	55	43	9	45	38	77	25	40	9	71	88	48	61	98	53	10	5	71	41	91	54	
44	38	56	90	80	37	90	18	13	16	46	70	45	78	63	58	77	87	17	10	19	20	66	77	66	34	91	78	14	19	42	66	59	70	93	42	31	50	50	84	
18	17	84	71	33	77	32	68	60	80	77	30	97	28	81	82	38	9	25	96	53	94	87	9	22	9	70	13	29	91	97	58	74	27	80	5	65	54	67	93	
25	44	88	58	100	88	95	52	39	21	68	48	44	91	45	6	49	28	53	52	79	61	64	5	47	7	4	73	28	74	63	24	41	86	22	38	84	89	37	6	
39	18	80	14	69	47	62	25	69	33	51	66	87	70	35	64	47	15	69	99	38	15	41	34	94	48	86	5	1	33	83	1	89	72	20	65	11	16	96	71	
89	30	4	20	84	15	14	80	66	13	55	2	4	75	5	99	11	34	26	87	64	9	29	36	18	95	26	30	39	4	32	92	25	89	92	69	98	8	93	73	
98	24	14	18	65	96	47	66	69	78	20	34	12	53	94	20	28	59	28	60	90	61	69	8	10	80	30	26	18	10	47	2	93	71	97	48	85	40	79	95	
82	85	85	19	49	50	48	65	74	72	67	64	97	89	97	45	15	6	72	58	91	95	41	36	6	12	29	80	61	50	64	19	52	91	8	8	72	98	81	90	
81	7	18	77	16	71	54	42	60	34	36	62	29	56	59	14	38	34	70	57	12	81	88	42	83	60	47	57	72	51	70	59	59	66	59	88	65	6	37	5	
10	98	15	86	73	66	37	53	100	25	16	16	58	43	21	43	30	29	92	78	69	35	79	41	23	54	4	13	62	44	26	18	72	97	5	73	22	16	31	41	
52	5	35	84	43	91	52	11	57	60	77	74	12	36	55	12	5	8	38	23	14	80	21	6	34	95	33	20	72	77	85	9	27	26	27	46	40	97	92	5	
72	51	96	73	44	49	36	55	46	94	49	46	26	62	42	1	92	56	5	18	80	3	94	93	39	4	31	73	52	13	39	94	64	100	21	92	1	49	12	27	
65	46	93	72	97	50	96	6	27	44	55	80	97	97	7	38	83	91	56	34	40	11	75	54	64	1	58	75	84	34	56	60	58	31	66	42	87	88	8	66	
22	51	24	78	71	11	92	96	24	99	50	49	31	7	69	32	48	49	13	85	52	47	32	93	70	12	27	91	16	36	95	4	46	74	88	3	75	81	73	26	
80	80	25	65	41	37	13	53	40	3	68	15	29	12	55	38	20	55	81	45	5	71	50	77	41	35	94	75	79	87	57	93	42	78	69	87	18	49	15	48	
5	57	1	44	63	37	27	16	40	55	28	84	61	47	64	89	97	63	28	71	82	97	74	72	14	74	65	74	7	44	3	54	54	34	65	9	67	46	2	19	
38	8	76	17	92	73	8	11	82	15	72	91	41	59	70	44	81	42	42	11	75	68	60	50	12	26	79	74	80	11	21	50	39	42	33	72	99	38	73	96	
38	45	83	22	78	1	14	97	34	64	60	41	22	51	87	89	10	53	5	22	39	20	80	50	6	81	46	4	45	12	4	31	91	11	21	49	8	71	26	26	
13	46	15	97	41	39	8	62	96	71	33	97	2	78	59	2	20	85	96	26	87	81	1	12	9	31	82	75	39	97	81	100	67	30	43	3	87	26	95	6	
58	68	28	100	32	35	57	95	100	78	35	37	75	15	80	13	70	27	97	97	80	56	73	30	59	90	11	38	8	22	12	93	1	28	90	55	10	60	64	61	
82	84	87	66	91	32	80	76	32	18	36	67	94	38	48	33	61	100	96	74	49	53	38	38	36	72	91	9	18	6	18	35	10	92	76	28	10	99	27	53	
98	19	1	60	9	89	39	100	58	63	39	41	49	94	42	66	56	82	34	3	99	35	80	29	77	88	29	64	69	63	95	5	49	84	37	12	50	95	2	64	
44	51	53	56	8	69	76	36	95	7	65	65	21	65	30	64	14	61	12	6	31	26	85	64	76	60	52	49	32	66	41	96	30	100	89	66	23	49	84	53	
35	64	62	82	84	59	99	32	69	96	91	41	88	99	76	37	15	95	61	84	67	88	83	77	65	78	66	1	80	24	90	96	4	99	74	98	13	96	77	100	
35	11	39	50	29	78	10	72	83	69	50	92	64	67	73	27	47	85	71	85	2	97	42	82	4	26	21	14	64	6	66	41	79	56	28	68	36	43	74	59	
70	62	5	67	90	22	11	73	51	57	65	71	66	20	39	3	17	23	58	22	83	100	27	71	49	13	69	24	20	54	11	91	50	86	83	65	41	21	49	52	
30	90	76	27	14	97	34	58	71	36	11	73	84	70	4	45	6	100	44	33	18	19	18	7	39	18	44	63	78	16	27	71	14	84	36	52	81	45	67	87	
36	8	6	4	70	92	64	91	17	28	67	72	96	99	79	49	96	32	83	28	83	7	1	15	49	68	13	98	31	94	98	40	62	79	44	14	42	90	25	14	
On machine	10
66	77	59	72	85	100	93	33	93	5	38	90	7	74	18	71	55	4	78	79	57	29	38	34	12	25	25	24	95	72	57	90	45	59	76	58	5	79	18	88	
82	46	39	62	55	85	7	40	94	53	72	92	78	47	21	100	59	54	53	45	53	58	85	38	59	18	9	42	9	9	96	10	24	57	31	19	69	84	88	25	
48	44	7	100	10	94	29	8	18	70	35	46	32	88	89	83	59	98	92	95	8	8	56	6	26	48	86	90	12	35	65	39	37	67	63	17	30	100	3	98	
85	45	84	55	13	82	97	56	6	7	19	46	42	50	78	57	72	85	84	34	76	51	62	2	27	48	56	15	41	75	67	23	68	83	13	87	3	9	60	66	
3	85	95	46	16	17	98	82	91	10	40	93	18	54	54	5	96	78	9	95	43	13	32	7	20	52	3	51	70	87	84	25	70	40	24	72	57	79	3	42	
26	54	40	71	21	25	74	85	36	45	44	77	65	88	32	81	68	56	77	78	79	50	91	20	67	76	14	23	57	86	35	8	93	20	38	61	61	53	38	13	
13	72	87	72	94	62	13	17	56	95	58	89	89	48	90	47	3	34	44	56	5	4	20	53	92	74	27	83	47	80	50	42	5	45	67	17	82	38	16	29	
37	2	5	31	84	11	13	75	61	48	95	55	80	80	7	97	64	83	98	8	42	28	98	24	39	19	19	71	6	8	97	71	74	7	47	9	81	21	75	80	
5	87	52	55	58	46	28	95	96	79	53	5	78	68	26	58	48	10	45	87	41	76	100	35	44	76	16	15	23	8	46	77	76	20	32	21	75	14	38	12	
85	22	90	93	12	23	97	12	47	38	83	69	87	94	20	90	33	71	16	100	14	83	80	27	61	82	98	72	100	12	43	19	10	12	15	21	95	27	92	99	
60	51	10	52	8	34	11	79	7	22	19	9	19	42	22	94	56	36	41	53	92	84	69	29	55	41	66	60	39	35	47	39	91	65	70	56	61	80	71	83	
77	56	32	37	33	24	32	81	70	16	24	95	72	22	97	29	56	38	87	3	20	11	86	87	21	29	79	62	65	100	25	62	64	32	100	77	76	59	93	100	
58	85	48	59	90	38	91	44	22	61	60	70	75	75	80	12	9	21	21	74	69	10	17	43	67	44	7	8	100	86	7	8	84	39	49	28	24	53	39	77	
76	3	100	36	67	91	95	53	27	54	51	19	47	43	6	99	98	15	69	35	18	29	60	65	24	73	67	39	82	41	44	69	18	21	58	34	21	7	9	59	
24	73	26	50	69	77	77	41	14	37	74	53	33	61	29	2	35	81	10	92	63	23	67	36	93	37	59	87	60	19	59	50	59	88	42	6	35	45	99	90	
81	98	14	47	50	36	42	64	48	58	25	6	31	40	52	33	24	41	95	44	96	7	65	89	4	9	63	56	35	92	58	70	46	86	48	29	95	55	11	66	
8	60	62	26	74	42	31	25	79	87	62	76	41	100	66	13	44	10	89	24	95	44	31	84	98	21	73	30	26	42	71	65	38	48	71	19	13	67	88	47	
39	61	23	80	100	40	92	29	74	65	55	21	27	79	77	36	39	23	57	75	99	62	44	57	70	8	8	82	26	30	63	12	27	50	83	39	40	88	89	57	
98	13	39	88	77	24	46	11	84	13	4	79	88	33	100	13	84	97	31	94	24	34	11	71	11	69	79	67	53	17	22	55	69	94	79	84	83	19	4	97	
89	69	53	15	7	21	36	45	37	3	3	32	8	93	45	17	40	36	85	29	64	54	15	53	82	75	24	98	80	19	72	57	91	12	14	78	92	40	96	38	
64	15	87	60	76	74	61	86	4	2	13	83	88	34	4	59	45	62	57	5	29	34	58	28	5	23	65	89	37	24	79	52	45	15	84	65	55	89	43	81	
10	79	77	13	73	83	48	18	42	58	64	6	21	83	22	54	91	80	23	24	40	16	75	54	37	57	66	28	66	34	27	51	3	83	27	22	92	36	96	18	
6	27	99	24	40	38	43	86	50	1	40	86	53	79	86	53	43	23	5	52	24	21	4	19	77	90	52	11	12	80	80	86	76	6	56	44	98	83	22	48	
1	61	71	31	90	91	73	61	43	63	80	62	5	78	51	14	71	49	9	64	97	85	84	90	41	57	97	70	4	22	80	9	68	71	78	13	65	11	48	1	
98	60	5	45	81	13	96	3	66	34	55	92	39	34	80	8	63	45	18	97	61	71	87	9	24	77	51	33	81	15	74	1	43	25	94	74	53	86	23	67	
88	22	57	31	23	27	28	54	21	2	57	14	34	31	3	59	52	86	91	58	39	95	73	34	94	8	68	17	48	6	68	54	79	21	13	74	64	12	71	52	
32	89	16	64	77	16	74	16	12	6	66	42	1	55	47	8	43	84	51	61	91	59	18	23	23	40	93	37	39	57	42	35	66	68	73	16	49	91	66	75	
12	77	79	29	90	87	21	10	31	65	34	54	64	18	51	6	78	17	3	27	83	38	25	38	30	65	2	29	95	69	64	37	69	39	72	24	23	95	7	29	
5	27	15	1	13	8	93	44	86	26	84	9	28	88	24	74	48	6	51	52	93	12	72	13	78	96	55	51	82	32	69	32	94	14	24	30	46	27	93	49	
67	1	83	70	2	81	63	31	53	49	6	92	14	66	50	20	80	52	77	93	70	100	22	92	37	98	98	24	65	97	86	8	47	16	50	23	26	46	53	100	
56	52	86	47	90	22	42	50	26	43	86	27	27	84	8	57	50	20	41	96	32	53	94	50	68	38	67	72	83	28	23	18	13	37	14	70	49	23	79	98	
80	37	2	16	14	53	13	14	29	18	29	78	74	42	91	11	17	67	91	76	17	81	25	56	92	27	51	75	48	63	11	41	50	71	17	49	90	21	14	23	
47	97	73	93	44	34	70	98	91	70	46	51	1	83	95	31	74	74	25	98	3	45	44	54	57	39	22	5	43	54	43	21	91	62	55	21	21	8	79	95	
65	81	60	75	2	52	89	67	14	66	36	30	24	29	99	94	96	10	14	21	86	99	15	52	89	79	25	71	17	28	86	27	91	31	65	77	84	98	51	91	
49	87	87	56	21	83	55	20	11	49	25	93	30	19	100	31	50	86	36	71	1	6	11	58	69	16	60	48	68	40	8	7	26	89	52	52	93	95	42	1	
23	82	91	36	79	60	52	83	25	13	15	72	71	6	25	59	8	32	50	2	41	13	77	96	1	20	37	81	5	37	10	45	63	7	52	26	98	49	16	40	
78	30	20	87	90	4	90	11	63	76	43	7	15	39	94	74	46	64	55	99	79	57	60	35	43	19	47	65	13	62	52	5	54	31	49	15	11	92	52	97	
99	6	47	60	98	49	47	32	10	69	21	55	70	59	84	28	16	42	89	6	51	59	75	26	72	18	36	49	52	46	75	14	95	15	42	13	27	27	11	7	
16	80	89	49	23	91	58	55	49	3	94	32	57	80	23	56	96	18	15	5	56	91	81	62	71	95	79	73	33	73	48	2	36	43	9	44	16	85	42	85	
54	28	46	13	13	49	14	23	3	59	94	22	31	33	41	48	95	71	12	40	41	35	40	66	55	3	43	25	84	90	19	33	19	72	33	9	22	38	25	26	
