Factories	2
Families	20
Machines	20
SetupType	2

Number of Jobs in each Family
5	9	8	10	7	10	2	9	5	6	6	8	6	4	5	5	7	3	4	8	

Jobs in each Family
0	1	2	3	4	
5	6	7	8	9	10	11	12	13	
14	15	16	17	18	19	20	21	
22	23	24	25	26	27	28	29	30	31	
32	33	34	35	36	37	38	
39	40	41	42	43	44	45	46	47	48	
49	50	
51	52	53	54	55	56	57	58	59	
60	61	62	63	64	
65	66	67	68	69	70	
71	72	73	74	75	76	
77	78	79	80	81	82	83	84	
85	86	87	88	89	90	
91	92	93	94	
95	96	97	98	99	
100	101	102	103	104	
105	106	107	108	109	110	111	
112	113	114	
115	116	117	118	
119	120	121	122	123	124	125	126	

Total number of jobs
127

Processing times of jobs
5	7	3	10	8	3	1	3	7	2	10	5	7	7	10	6	10	6	5	3	
2	2	5	7	4	2	5	3	4	5	5	3	6	5	9	3	5	9	6	5	
1	5	6	8	9	10	6	3	9	3	10	7	4	4	9	1	5	5	4	2	
6	3	6	3	7	5	4	8	6	5	6	5	3	10	8	6	9	7	4	3	
3	2	1	8	6	2	9	9	9	9	4	7	10	8	5	7	7	8	9	10	
8	5	8	8	10	1	2	10	6	4	10	9	1	9	5	8	6	4	5	2	
1	9	7	4	1	2	6	8	9	6	5	8	10	3	7	9	1	9	1	3	
3	7	3	9	3	1	2	5	4	5	10	6	7	3	8	6	1	8	8	5	
4	8	7	3	10	10	9	2	2	4	1	4	3	10	9	4	6	2	8	8	
4	3	4	10	5	9	10	4	4	5	10	5	8	6	5	10	2	6	2	9	
5	4	2	6	6	7	8	1	6	4	3	3	3	6	9	10	10	9	6	1	
9	5	8	10	3	8	1	2	10	4	4	10	3	3	3	5	2	4	7	7	
8	5	4	7	5	8	10	4	5	1	7	8	3	3	4	1	9	6	1	2	
2	7	1	5	5	1	5	2	4	8	5	9	9	9	3	5	8	6	5	5	
8	5	2	8	1	3	4	8	2	2	7	4	6	4	9	5	8	6	5	9	
9	7	10	2	1	8	6	10	3	1	10	6	4	1	2	6	3	4	9	7	
8	2	10	5	2	8	8	10	5	10	8	8	5	10	4	1	1	6	4	9	
6	4	9	2	10	10	4	2	3	2	6	7	10	8	1	1	8	3	6	3	
8	4	3	10	5	4	4	9	1	3	6	1	10	2	3	4	6	5	9	3	
9	9	7	5	1	5	7	7	10	4	3	3	9	4	7	4	4	5	4	8	
6	6	6	9	8	7	5	4	2	2	9	5	5	5	2	3	6	3	6	7	
3	8	7	5	7	3	9	5	6	5	8	3	3	5	2	5	4	6	3	10	
9	6	4	3	5	4	1	9	5	10	4	3	10	3	7	6	5	10	6	4	
8	4	2	1	3	10	3	6	7	3	9	4	10	5	3	3	5	2	3	6	
9	2	4	5	10	10	10	5	9	3	8	7	7	6	5	1	6	3	3	2	
8	2	6	1	6	9	2	7	7	3	2	4	10	9	1	6	9	3	2	1	
2	6	3	1	3	6	8	6	4	2	4	1	4	3	4	3	6	2	7	7	
5	6	8	8	1	9	8	4	7	10	7	2	9	5	1	5	1	8	1	9	
2	9	6	8	7	10	3	2	2	2	3	8	2	1	4	8	9	6	9	1	
3	1	8	7	10	6	3	8	5	2	10	3	3	6	2	10	9	5	2	6	
2	6	2	6	1	8	10	2	8	4	8	1	2	9	9	10	10	6	4	1	
10	6	5	8	10	8	5	5	5	10	7	8	5	8	8	3	3	1	9	1	
1	6	5	3	1	2	6	10	1	9	10	5	3	10	5	3	9	9	7	1	
8	8	2	2	10	7	10	10	6	2	4	4	10	6	10	4	6	1	3	3	
4	2	7	1	2	8	10	1	5	8	2	7	7	9	6	1	3	2	5	1	
6	7	8	3	6	7	3	7	1	6	1	7	8	9	1	10	2	6	6	5	
7	3	2	1	4	6	4	9	3	3	5	5	8	6	3	8	4	8	6	7	
4	2	3	6	7	9	8	1	8	4	2	6	3	5	4	8	9	2	5	3	
9	2	4	7	5	3	3	6	8	7	10	8	8	1	1	1	8	4	3	2	
8	4	7	9	9	5	7	3	4	5	5	4	3	1	6	5	6	4	4	3	
1	10	6	10	6	9	7	10	2	9	5	6	2	3	7	9	6	9	9	9	
3	3	2	1	2	8	7	7	9	6	9	2	4	10	8	8	1	3	5	1	
7	2	8	6	8	1	8	1	1	8	4	5	4	9	6	1	3	8	8	4	
8	7	1	2	1	2	6	10	8	2	8	6	1	6	4	3	8	7	3	10	
10	4	8	6	6	10	3	5	10	10	8	10	9	9	7	10	5	6	5	5	
9	8	10	2	2	3	6	2	8	10	6	4	2	7	2	1	4	8	4	4	
4	4	9	4	10	8	1	3	2	7	7	4	4	2	5	6	1	6	6	4	
4	3	5	10	10	8	10	4	1	10	7	8	6	9	1	9	1	4	8	7	
1	1	4	2	5	6	5	3	8	3	10	6	6	9	4	5	1	7	8	10	
7	8	2	6	2	3	5	2	2	7	4	7	5	4	1	6	6	8	8	4	
3	10	7	6	8	10	10	4	9	6	9	2	5	8	7	4	6	6	3	4	
3	7	5	9	6	4	2	5	10	4	7	7	3	9	7	7	5	5	6	8	
8	3	9	3	5	4	5	8	5	6	7	10	8	7	8	6	5	5	1	10	
6	8	7	6	1	2	7	6	10	1	2	10	2	8	1	8	10	8	3	1	
4	9	6	9	8	3	1	8	7	3	3	7	6	6	3	2	1	6	1	4	
8	8	4	5	7	6	5	2	3	6	5	2	8	8	6	4	2	9	8	10	
10	9	2	7	10	6	3	5	1	8	5	5	7	3	8	3	1	1	1	10	
2	2	9	5	9	1	6	3	1	3	9	9	8	9	3	5	2	4	3	2	
10	2	10	3	4	8	3	3	9	6	10	9	8	1	9	10	3	9	2	5	
5	7	9	8	1	8	2	8	3	9	6	6	3	1	8	4	9	5	5	4	
6	1	8	8	3	1	4	6	10	1	6	1	10	7	7	4	5	9	5	1	
9	3	4	6	5	1	6	2	5	8	4	5	7	3	6	1	6	9	8	9	
2	7	3	2	9	9	3	5	2	2	7	7	2	9	9	9	5	6	2	4	
7	4	9	3	4	2	10	9	2	2	3	4	5	7	3	9	7	3	3	6	
2	9	6	1	7	10	2	1	3	4	2	8	3	7	5	5	1	4	2	5	
5	6	10	6	9	7	4	3	9	10	9	5	1	4	9	5	7	2	9	1	
5	5	9	3	8	8	4	4	5	9	7	2	10	1	3	8	10	1	7	3	
9	10	6	8	9	9	10	10	8	3	10	9	8	1	5	2	10	6	4	9	
3	2	3	5	4	8	5	7	4	8	2	8	5	6	5	6	2	3	1	6	
7	4	10	4	3	3	6	4	2	5	6	9	10	1	8	7	5	6	1	10	
8	1	9	3	9	9	8	4	6	7	5	3	5	8	8	10	1	5	8	10	
7	5	10	8	6	3	5	7	8	5	2	2	1	8	7	8	5	7	5	4	
7	9	2	8	8	7	8	2	8	4	10	3	5	4	4	9	5	9	3	9	
8	2	4	1	4	4	8	2	5	6	4	4	2	2	10	2	4	8	2	9	
2	7	3	8	5	4	2	3	3	1	3	10	5	1	9	6	3	5	1	8	
5	1	6	9	6	4	10	1	2	7	6	1	7	10	9	7	10	10	1	7	
2	9	8	1	7	6	7	8	5	1	10	1	1	3	3	7	2	3	8	5	
9	2	5	2	3	7	6	7	8	5	6	10	2	1	7	5	1	1	6	10	
10	6	5	8	3	8	7	5	8	9	4	7	2	1	3	3	10	8	6	10	
3	3	7	3	1	1	5	5	2	2	8	3	2	10	1	1	4	9	9	1	
2	7	7	7	4	4	10	6	6	7	2	4	2	7	4	1	7	6	1	4	
3	7	5	8	7	8	4	1	9	2	1	1	1	5	9	8	3	1	3	2	
5	1	1	6	7	1	3	10	8	5	10	7	4	8	4	4	4	6	3	2	
7	3	6	2	6	10	7	10	3	7	8	6	9	2	9	3	4	1	3	5	
1	2	2	5	2	4	10	10	5	1	8	1	8	4	5	7	9	2	5	9	
7	6	2	1	1	2	10	3	5	3	10	1	5	6	3	9	2	7	1	3	
4	2	1	10	6	3	1	10	3	6	9	9	2	1	1	10	8	9	10	8	
3	7	2	1	3	3	5	3	10	4	3	1	8	9	7	8	8	4	10	5	
7	10	6	6	8	5	3	4	7	5	6	5	2	5	8	6	1	7	3	4	
5	10	5	9	8	6	2	2	5	1	2	3	3	8	2	1	8	2	5	2	
10	2	4	4	3	8	9	7	9	4	9	9	7	1	3	2	6	3	6	5	
8	7	3	4	8	3	4	7	9	8	5	5	1	4	2	8	3	8	9	7	
4	4	9	7	3	9	5	3	7	10	8	2	3	2	8	9	5	6	8	9	
7	9	8	3	9	9	3	7	1	10	2	5	5	7	7	9	8	2	8	7	
4	10	8	9	6	4	10	7	2	7	2	1	3	5	10	9	1	3	10	5	
9	5	5	6	7	6	9	10	4	4	4	4	3	2	4	1	1	1	4	5	
6	1	5	8	4	7	1	4	4	6	7	8	3	7	10	2	8	3	10	7	
3	6	9	7	10	6	1	6	8	5	4	2	6	8	3	5	4	7	6	9	
8	7	4	4	9	10	5	8	4	1	5	10	2	6	2	2	4	5	5	2	
7	10	7	3	8	8	6	3	5	6	1	3	9	10	6	2	7	10	4	9	
7	9	7	6	6	10	5	6	4	1	9	8	3	2	9	3	10	3	10	5	
8	2	8	5	9	9	7	9	1	5	2	10	7	3	10	4	2	6	3	9	
1	6	5	3	5	6	6	6	9	5	8	9	9	2	2	6	10	6	3	9	
6	6	6	6	6	5	4	5	9	4	2	4	2	10	3	6	10	7	3	5	
8	4	3	8	2	10	1	10	4	3	4	7	3	3	4	8	6	4	8	2	
7	8	8	2	3	9	6	10	10	1	8	5	4	2	1	8	5	3	7	2	
4	5	7	5	3	8	2	9	3	1	8	2	2	6	4	6	8	4	8	5	
6	3	7	5	3	1	10	10	7	5	7	6	9	1	6	1	8	7	8	1	
9	4	4	2	3	8	8	3	10	3	8	1	9	9	10	8	7	7	7	10	
6	3	8	2	10	7	9	1	6	6	7	3	5	8	1	3	9	6	5	3	
6	9	2	6	5	1	10	1	2	7	6	3	9	9	8	7	7	2	6	7	
10	1	9	4	6	7	1	1	5	1	5	3	4	7	2	1	4	7	8	3	
9	9	7	4	3	4	9	8	9	2	9	2	9	2	10	1	9	3	7	7	
3	9	8	9	7	1	1	8	9	3	2	2	10	1	9	9	6	10	5	1	
2	5	1	2	2	7	1	5	6	4	5	1	5	6	1	8	2	9	3	7	
5	8	10	7	9	5	8	8	5	1	6	10	1	5	9	3	6	2	9	7	
9	6	7	5	5	8	2	4	3	9	4	10	4	10	2	10	7	5	2	8	
1	3	4	4	7	6	8	9	1	8	2	8	7	7	6	6	1	7	5	3	
5	3	3	6	3	6	7	1	4	4	2	7	4	2	5	3	8	6	8	9	
1	3	2	9	7	7	10	5	5	9	6	3	9	2	4	1	1	3	2	7	
3	7	3	6	7	10	10	10	7	8	7	6	7	8	8	3	4	1	1	10	
7	10	4	3	3	7	3	4	5	3	9	9	3	4	9	4	1	3	6	3	
2	6	8	3	4	8	10	6	6	7	6	4	9	3	6	9	6	6	1	1	
1	8	8	2	2	2	8	2	6	8	2	10	2	7	5	5	6	9	6	7	
7	2	1	5	5	2	4	3	7	4	9	7	7	6	1	1	7	3	10	5	
9	5	6	5	6	6	2	6	10	5	10	7	5	3	2	8	6	5	4	2	
6	1	9	7	8	9	5	6	5	7	1	10	5	2	9	10	2	3	10	2	

Stepup times between Families, where [f][f] represents initial setup time
On machine	1
13	45	29	7	4	20	14	25	3	10	21	48	35	21	13	34	21	40	24	35	
37	32	42	4	34	21	33	50	35	10	27	12	43	29	8	24	18	37	34	11	
19	47	49	6	19	22	21	31	29	26	28	30	9	46	40	42	50	16	44	24	
34	46	12	36	30	28	27	25	39	8	50	5	32	46	2	23	9	30	45	37	
36	7	18	2	3	13	47	24	22	31	5	45	37	4	25	21	5	22	48	31	
25	15	8	40	32	15	9	34	4	36	27	29	49	16	48	44	2	47	13	9	
3	14	6	35	17	12	6	8	21	50	3	6	14	37	44	25	20	32	36	34	
48	32	33	29	37	21	41	37	13	13	6	4	39	1	39	9	39	27	6	10	
29	36	25	35	39	22	40	42	23	19	5	7	15	13	30	42	16	2	46	8	
42	23	47	34	41	23	34	38	31	43	25	16	24	6	6	31	25	32	20	14	
29	1	35	44	21	34	17	3	26	9	10	1	4	20	27	36	10	10	4	17	
15	14	35	20	12	30	18	9	43	43	46	21	9	16	36	10	42	1	3	19	
40	5	33	6	10	33	40	19	13	26	2	33	12	48	43	25	27	31	6	30	
27	49	13	18	6	18	20	12	38	38	14	5	21	2	19	36	48	3	2	14	
24	33	18	12	13	49	44	23	50	45	15	25	37	8	34	33	10	9	18	30	
25	47	44	48	47	27	44	25	19	21	11	47	17	9	26	19	13	21	50	49	
38	41	17	35	14	28	46	17	44	11	47	36	33	34	8	11	7	8	1	18	
16	13	22	13	42	30	20	46	27	32	13	11	41	22	46	21	41	49	39	47	
17	40	15	38	4	16	9	47	48	40	3	16	31	34	43	50	39	6	31	27	
19	18	3	4	10	36	27	8	29	43	2	23	39	46	10	8	39	42	4	49	
On machine	2
18	27	17	8	47	39	14	39	34	28	13	49	15	48	8	21	18	19	18	38	
2	33	17	36	13	46	11	37	3	50	47	1	4	47	29	11	43	14	50	30	
42	3	32	40	50	2	23	6	17	33	19	46	47	35	44	16	36	38	48	9	
3	3	16	46	23	36	30	30	43	32	50	37	44	21	13	24	23	13	9	12	
24	10	42	45	7	22	36	36	2	18	39	29	27	33	13	31	39	36	30	30	
33	41	34	38	11	35	35	43	42	46	16	49	32	12	26	32	42	45	49	24	
47	33	36	47	7	36	50	29	41	48	5	29	44	11	40	12	29	1	28	32	
28	13	48	38	9	3	42	32	21	3	21	35	22	28	46	19	34	26	37	3	
30	44	8	24	17	8	45	7	44	5	6	49	30	26	41	19	42	10	34	26	
40	27	30	46	36	30	12	4	49	14	8	25	22	8	39	14	39	30	43	43	
13	31	24	11	24	48	38	41	4	9	12	37	43	19	39	38	10	32	14	43	
49	26	43	22	22	7	22	26	7	44	50	2	23	30	20	24	17	2	34	11	
37	24	10	45	1	42	49	40	13	42	2	8	45	23	24	46	50	9	29	11	
31	42	50	3	23	2	6	37	40	50	45	26	21	49	45	1	28	24	46	50	
3	2	10	3	25	47	29	38	23	13	41	40	47	41	30	41	33	12	42	19	
23	15	37	23	5	22	39	34	16	10	20	7	38	35	45	19	7	5	16	34	
30	18	3	12	40	50	1	1	45	41	43	49	36	39	16	16	10	15	16	11	
5	12	29	7	37	45	33	22	4	1	21	39	43	18	37	15	19	29	37	8	
23	19	46	48	48	42	5	6	37	2	5	41	44	39	20	39	27	37	34	17	
21	11	37	34	27	26	27	44	6	38	6	46	25	41	21	39	38	48	16	19	
On machine	3
16	34	17	39	28	1	42	15	32	32	31	1	26	3	27	8	8	38	17	3	
36	1	22	3	23	36	12	28	31	9	29	38	38	15	40	30	11	5	30	2	
5	33	8	45	50	31	39	40	27	31	30	34	18	10	6	28	19	47	29	16	
43	46	27	23	20	28	10	41	45	23	5	43	43	37	36	26	15	32	25	50	
47	31	33	4	42	4	32	43	19	33	1	39	7	41	14	3	12	26	32	13	
42	44	44	40	36	32	22	31	42	4	40	31	14	11	8	8	10	37	10	25	
33	18	33	3	44	47	11	19	21	7	34	40	25	24	42	32	38	33	47	3	
26	16	10	15	17	32	43	39	1	31	35	27	11	43	9	17	10	12	31	49	
33	3	46	23	12	34	44	33	14	4	5	24	29	50	11	14	7	47	10	40	
40	3	40	10	11	48	5	22	2	21	19	30	31	44	18	5	33	6	19	32	
24	24	30	1	18	21	41	23	46	11	18	7	12	41	47	7	27	3	13	43	
44	34	7	6	23	44	1	21	31	12	39	27	36	41	10	15	10	41	1	35	
25	30	31	42	12	44	42	41	42	30	30	33	9	1	29	28	32	48	36	44	
23	16	26	17	36	34	17	21	46	8	12	43	11	41	47	43	34	31	36	47	
37	31	8	16	12	15	11	6	21	50	15	39	7	36	9	17	13	46	47	34	
16	17	30	38	50	44	1	7	30	32	39	47	18	24	47	9	13	37	25	5	
4	10	32	45	7	37	2	42	26	19	8	3	50	10	33	12	3	41	1	31	
15	12	1	18	23	11	38	3	48	13	19	48	16	4	5	8	14	31	1	33	
23	46	3	41	45	46	35	33	20	14	2	10	32	17	22	49	48	6	23	9	
38	50	5	48	44	6	49	31	8	15	31	26	16	17	17	31	22	19	49	45	
On machine	4
34	47	18	39	2	12	41	1	34	12	31	34	25	38	2	44	15	38	38	41	
47	35	44	40	29	6	22	16	29	20	31	47	18	4	29	12	23	37	49	25	
37	5	46	5	15	3	13	15	17	24	12	39	5	34	35	23	44	36	10	28	
49	19	19	32	46	15	20	19	23	40	8	12	19	2	50	27	8	17	48	12	
20	36	48	18	47	24	16	31	7	43	10	38	35	8	40	25	13	8	13	5	
8	11	30	15	43	14	34	39	35	16	17	13	19	8	45	9	34	27	3	39	
12	47	20	27	39	21	37	21	15	13	13	22	26	26	17	38	30	33	22	12	
19	22	33	33	7	13	21	3	22	19	47	2	39	34	8	50	26	32	28	12	
23	41	16	47	23	7	38	12	26	7	25	20	28	39	48	31	16	33	28	29	
11	41	38	11	22	6	11	18	17	40	31	34	20	48	2	49	22	30	19	25	
46	25	9	8	42	49	46	20	29	19	23	26	15	13	16	1	3	46	21	48	
50	31	49	48	32	28	20	17	42	14	50	41	26	46	6	35	37	39	18	7	
37	6	18	22	5	40	10	44	32	36	50	35	22	36	10	6	18	5	24	18	
44	47	46	25	35	44	21	30	14	39	8	39	10	6	23	2	1	45	2	6	
9	41	43	27	39	25	6	15	9	1	37	39	34	49	7	26	50	42	28	28	
23	50	28	17	47	1	8	43	31	26	42	42	41	9	18	33	42	43	1	40	
19	4	37	13	35	22	50	40	13	44	3	42	4	1	11	5	23	22	22	10	
22	21	33	30	19	19	12	32	10	4	48	36	23	4	50	8	39	50	48	43	
23	38	27	5	46	40	7	18	42	45	40	46	25	46	34	25	24	49	49	31	
3	4	48	20	36	36	43	3	9	31	46	18	13	42	18	11	47	11	41	15	
On machine	5
5	15	20	14	4	17	7	36	30	43	37	25	26	22	45	41	6	34	2	33	
10	17	18	35	38	26	10	25	18	9	5	13	21	10	8	5	36	15	28	48	
29	44	39	33	11	2	29	14	42	16	33	39	28	20	16	9	50	40	42	3	
30	12	41	1	46	21	2	13	21	21	35	4	20	44	23	16	35	1	16	41	
46	34	26	22	36	39	40	26	15	1	25	11	17	25	34	44	46	38	37	25	
30	47	26	34	14	50	41	42	39	29	21	11	49	2	44	21	6	34	12	48	
42	39	21	50	22	10	32	29	34	21	35	2	18	24	27	45	33	2	46	36	
38	29	30	11	26	18	18	3	37	50	40	25	16	21	12	3	20	40	27	33	
49	6	20	11	43	44	16	2	14	7	17	28	10	37	33	28	31	46	48	20	
6	32	18	1	19	26	18	19	42	35	38	45	10	32	3	11	18	17	17	6	
16	17	12	43	13	11	4	29	47	48	40	17	35	4	42	23	12	32	7	43	
4	1	13	5	11	19	49	35	24	35	34	5	49	36	17	45	33	19	9	35	
50	3	34	16	41	44	14	50	50	1	23	41	26	26	32	48	28	20	42	22	
47	40	49	33	30	34	30	19	12	1	43	7	13	3	7	26	19	5	5	13	
31	43	28	22	13	13	10	49	13	4	18	35	8	20	19	34	24	29	41	28	
44	40	9	32	17	41	40	13	41	12	4	16	50	16	19	33	26	12	50	37	
44	35	18	47	48	50	17	6	21	20	5	24	14	6	30	37	40	44	33	5	
42	3	20	36	28	31	13	30	26	40	12	3	49	33	2	2	11	48	41	40	
8	23	3	16	3	28	28	40	39	34	38	46	34	17	1	12	33	8	31	43	
29	32	20	42	32	44	50	1	46	3	35	35	34	19	45	36	20	10	33	14	
On machine	6
47	17	13	29	10	4	13	1	11	5	31	41	35	2	19	25	37	16	44	23	
1	50	4	31	5	40	19	43	33	49	43	44	26	34	17	32	19	50	7	22	
1	9	4	21	4	13	11	46	44	45	21	49	33	7	16	19	45	31	25	17	
8	39	23	33	35	2	46	43	9	41	9	17	22	8	18	15	20	14	30	22	
41	43	36	20	45	24	29	41	35	22	4	31	6	46	30	46	23	11	48	6	
23	9	23	33	37	40	35	15	1	16	32	45	6	39	49	1	17	2	5	21	
36	37	1	46	30	47	34	3	22	10	44	22	46	18	14	24	3	21	44	22	
25	12	40	33	21	25	4	49	42	38	37	11	3	7	26	15	29	2	49	33	
38	19	20	1	26	19	45	23	6	18	17	26	26	30	19	5	39	9	19	42	
41	28	46	18	3	18	13	33	16	38	3	18	10	20	3	27	23	6	4	50	
42	49	46	24	8	45	34	14	11	33	9	15	44	5	16	42	28	15	48	2	
27	45	45	37	49	47	21	38	43	8	43	30	40	12	11	19	30	33	32	42	
32	37	48	49	29	27	21	40	20	4	36	9	14	50	12	6	18	28	22	33	
48	22	22	18	33	22	43	24	33	16	38	5	8	27	26	41	1	24	3	42	
46	40	37	40	38	23	44	32	34	29	23	16	34	6	33	20	5	7	45	26	
50	16	9	36	23	7	20	20	43	4	7	1	3	9	27	33	24	38	49	44	
29	28	46	32	7	4	25	36	33	15	39	1	27	23	38	13	8	16	29	49	
48	43	34	46	45	17	41	19	20	47	7	33	31	6	14	19	47	38	13	41	
20	38	49	14	36	23	38	1	2	2	3	1	23	49	34	46	45	32	10	35	
9	6	16	26	29	35	23	36	36	20	5	15	48	38	37	7	16	2	11	27	
On machine	7
9	4	30	9	34	12	47	10	30	38	42	25	29	50	45	45	38	29	17	34	
30	1	19	47	14	40	16	13	26	28	45	4	8	5	49	8	27	36	49	37	
42	36	25	25	35	29	47	13	2	42	31	2	27	23	2	12	5	35	22	4	
28	20	9	21	26	37	4	12	25	30	15	20	2	25	6	12	6	42	32	50	
30	2	19	43	9	5	50	1	23	15	25	41	39	8	33	25	47	48	41	38	
15	24	45	39	6	19	47	33	34	41	28	48	35	13	36	8	31	33	45	19	
45	17	32	31	8	44	11	35	38	20	44	13	7	10	7	15	15	17	16	32	
6	39	16	4	49	13	10	48	48	44	22	5	28	31	18	48	43	22	26	29	
24	15	30	2	46	36	4	44	16	13	15	20	5	32	12	9	11	25	35	31	
39	4	5	12	40	27	35	45	33	8	14	8	27	12	24	16	47	36	10	16	
7	3	19	21	38	3	4	9	40	16	28	18	46	29	18	41	27	41	11	30	
9	28	14	30	12	39	34	50	10	26	2	36	33	13	21	47	11	42	33	22	
48	40	7	44	37	4	42	48	32	7	1	38	15	12	18	29	5	22	6	27	
12	22	46	43	15	21	33	36	6	46	25	31	43	32	10	36	29	7	39	12	
6	11	11	39	22	19	4	44	15	3	38	45	36	5	22	9	3	36	5	11	
18	39	10	34	30	22	49	27	13	19	46	20	29	20	35	50	47	8	3	40	
5	22	15	37	50	35	17	18	25	48	39	26	2	50	21	24	22	46	47	38	
11	3	35	17	28	46	33	40	34	37	17	19	7	39	9	32	30	44	39	25	
21	12	25	4	8	15	11	1	12	16	39	36	40	19	28	20	6	6	38	38	
40	47	15	45	24	40	44	15	15	6	13	12	8	35	36	47	49	9	36	41	
On machine	8
19	14	43	9	41	44	4	22	46	29	19	15	31	26	9	3	43	13	31	27	
36	49	35	48	32	37	35	24	30	21	6	21	41	35	11	34	36	23	27	38	
20	43	32	44	22	12	39	19	8	30	35	1	38	33	37	28	17	40	22	18	
37	6	49	34	8	23	19	47	28	45	14	28	22	28	49	12	16	43	38	10	
45	44	22	44	12	14	4	23	47	28	13	14	15	15	14	38	39	5	26	43	
26	17	3	3	14	26	34	9	19	22	38	50	24	21	14	1	22	48	42	40	
39	19	47	25	23	2	3	3	1	42	13	24	20	13	50	17	24	13	16	50	
42	49	43	39	37	46	16	27	48	9	11	12	15	48	31	2	11	18	36	42	
22	40	48	27	13	22	14	35	26	46	32	24	27	41	43	47	30	2	6	2	
15	18	34	48	27	44	10	6	46	11	22	37	41	25	33	21	32	12	25	9	
19	35	16	26	11	1	13	20	7	3	14	27	40	11	30	30	27	9	14	19	
50	32	41	47	9	3	8	28	17	5	17	15	32	15	12	11	23	7	34	47	
30	47	40	45	35	23	50	45	20	22	9	48	30	13	36	21	38	28	32	9	
6	19	41	1	6	44	44	22	41	9	4	3	43	31	35	5	11	7	14	5	
13	29	33	23	31	15	47	30	1	21	19	20	28	22	5	12	7	25	28	12	
2	35	43	8	33	33	22	34	17	46	26	48	21	42	26	2	15	5	6	21	
1	19	49	4	8	28	49	12	33	28	27	23	3	31	7	19	35	46	11	43	
19	23	36	49	2	21	16	28	35	39	6	49	16	24	43	47	17	5	2	23	
7	21	30	36	40	25	19	36	24	32	14	7	10	2	18	45	14	42	29	40	
7	48	7	9	6	37	23	24	17	17	14	25	50	21	27	41	50	45	26	49	
On machine	9
22	16	45	22	43	48	43	10	22	48	50	30	10	40	4	19	6	8	12	2	
4	10	34	21	9	12	42	38	16	48	24	21	48	4	23	5	16	22	13	26	
39	13	14	32	15	24	49	20	31	35	24	5	30	31	36	40	24	25	4	12	
48	42	35	41	42	22	4	18	21	6	16	32	4	8	11	21	39	24	44	47	
40	50	39	46	12	6	8	47	17	25	47	44	22	35	27	21	17	40	10	15	
49	7	48	44	49	42	15	47	26	45	44	39	36	34	42	47	26	15	31	23	
4	40	39	18	19	31	7	28	4	49	4	17	15	37	50	29	38	1	5	31	
18	46	43	11	1	31	37	3	10	12	17	46	9	36	17	10	20	20	21	22	
49	49	49	9	30	4	10	2	47	5	29	22	17	44	3	18	13	36	15	34	
32	27	18	24	6	37	41	5	16	38	15	39	9	27	31	47	15	17	8	14	
24	4	23	39	49	42	21	23	25	27	4	17	37	15	35	40	9	23	36	45	
40	21	6	34	38	36	2	43	40	46	3	24	3	4	24	11	24	46	1	43	
38	31	48	35	49	31	43	46	12	50	4	43	6	5	13	24	15	42	19	4	
47	32	34	31	39	1	6	5	43	5	29	26	46	20	18	31	16	33	20	39	
23	12	27	22	40	41	12	44	17	45	44	40	13	47	15	28	21	47	31	16	
39	1	48	17	40	4	14	18	20	22	44	20	39	30	42	11	27	9	11	13	
28	25	37	36	21	10	42	45	46	39	44	42	19	1	36	12	1	37	27	19	
34	36	15	34	9	46	23	49	48	43	40	29	15	32	50	37	35	23	50	21	
22	23	49	24	3	3	6	25	43	43	17	49	9	9	1	48	4	14	32	45	
29	23	47	20	3	10	50	8	28	38	27	17	4	47	29	45	5	38	10	29	
On machine	10
5	9	28	12	28	43	9	1	42	4	46	50	41	15	50	7	46	23	12	24	
37	21	47	38	8	39	26	40	20	3	18	19	24	3	45	33	47	4	48	44	
38	2	19	8	33	9	41	30	12	30	44	48	44	24	1	11	11	25	16	40	
35	6	21	35	12	44	18	15	2	40	30	15	14	10	49	16	49	21	44	38	
26	43	42	21	22	10	41	3	34	33	12	32	1	26	45	36	27	2	21	17	
10	17	3	11	6	46	29	16	42	42	37	6	12	18	4	23	44	42	29	39	
45	3	14	41	25	5	37	24	38	42	12	40	30	16	50	19	48	8	16	37	
46	14	34	45	34	49	15	37	6	18	20	34	37	28	6	20	49	4	47	26	
44	46	50	5	30	29	47	48	29	15	26	19	8	46	38	28	24	24	29	9	
2	33	36	29	50	28	45	11	37	27	43	24	20	13	2	29	31	20	48	19	
35	27	37	24	13	28	36	33	35	15	6	41	21	47	39	38	35	28	6	9	
38	49	50	9	3	5	36	32	38	49	14	39	34	9	37	34	49	15	18	29	
3	46	21	6	12	2	22	30	23	33	1	40	39	9	42	12	9	35	40	9	
9	8	45	41	1	42	12	12	9	45	46	42	25	36	7	23	38	26	34	18	
34	43	12	18	8	44	33	4	46	31	36	46	11	3	5	17	23	16	6	42	
18	25	17	23	24	3	48	46	18	25	45	19	7	46	23	28	25	23	36	32	
5	38	19	38	39	30	33	46	34	45	45	46	28	37	13	46	3	48	30	21	
20	6	11	12	21	43	6	33	33	32	21	48	17	14	20	1	47	6	2	32	
29	20	30	42	36	16	24	8	8	42	26	21	24	41	38	44	16	15	34	35	
32	40	26	45	10	50	39	26	6	6	39	23	28	49	24	15	49	32	35	50	
On machine	11
31	47	32	8	37	33	39	24	15	16	2	25	4	13	42	42	9	39	28	14	
25	50	39	18	2	5	34	50	37	34	28	18	44	31	42	33	26	39	12	16	
13	41	24	21	39	49	30	44	11	2	27	19	48	23	3	14	8	12	50	44	
15	18	27	13	41	38	6	39	21	9	41	25	2	20	34	46	26	45	40	3	
14	44	13	20	41	29	50	9	22	7	32	48	7	2	35	47	2	18	11	43	
15	29	13	32	6	35	36	16	28	20	36	7	41	21	50	5	19	18	17	45	
45	12	9	8	36	28	36	21	14	48	12	36	25	13	36	4	38	44	17	18	
40	47	8	36	26	34	50	3	25	40	33	21	8	11	50	2	17	46	3	13	
8	22	19	15	49	15	35	20	9	11	40	31	48	25	28	28	50	19	34	14	
44	9	40	9	18	8	40	13	42	31	44	2	13	18	26	37	30	45	28	31	
42	44	33	26	18	12	7	10	38	28	42	31	7	8	6	22	25	20	34	13	
33	8	3	29	33	8	33	48	21	21	11	28	35	35	30	12	29	20	40	50	
26	43	29	21	40	17	31	12	29	45	27	17	25	41	13	7	18	20	41	33	
38	22	5	42	1	43	49	41	2	22	47	25	11	30	27	40	31	29	18	11	
23	32	12	46	28	33	42	43	15	26	38	36	24	24	16	16	11	4	45	4	
21	42	44	1	2	3	48	18	31	9	44	49	40	13	24	27	30	10	44	31	
29	14	32	11	31	39	3	12	19	27	28	15	47	22	4	2	19	10	27	12	
47	47	3	4	32	19	12	15	35	44	26	6	45	24	50	29	14	11	14	33	
50	33	42	34	5	14	21	25	47	29	4	32	3	23	25	43	8	44	34	18	
2	7	33	10	24	8	41	25	12	30	29	26	48	6	4	20	11	42	7	43	
On machine	12
25	40	16	17	32	41	44	37	39	16	46	5	7	35	46	28	10	3	5	23	
35	22	17	24	14	18	13	14	30	40	9	34	11	18	9	40	45	27	47	1	
7	44	10	14	17	32	46	18	35	27	12	17	30	27	18	4	43	18	41	41	
1	28	48	16	20	23	13	38	16	4	42	9	41	39	7	28	31	31	38	11	
32	13	19	46	29	50	40	33	13	7	30	22	44	41	45	18	14	13	45	18	
45	42	37	36	28	41	5	5	22	34	13	46	10	28	20	24	19	11	26	36	
40	1	23	49	6	29	22	24	48	12	9	11	45	47	29	19	20	25	42	38	
8	24	12	3	3	2	29	32	5	15	25	43	9	15	18	20	11	6	43	9	
39	28	42	40	7	20	49	3	11	29	39	16	23	16	14	16	10	3	44	1	
29	49	21	43	45	13	33	46	32	22	6	20	1	13	40	2	18	15	21	19	
10	25	25	48	43	8	5	16	42	40	50	10	4	11	20	15	17	7	2	5	
48	23	9	30	23	7	47	19	21	15	29	29	16	1	48	3	36	12	17	35	
3	43	22	20	13	21	10	28	10	25	50	36	37	5	26	38	23	45	12	16	
44	37	18	10	44	25	40	25	18	22	8	50	7	39	50	44	2	10	37	27	
48	11	20	2	36	14	27	11	16	47	39	46	23	45	50	36	17	49	2	43	
19	4	17	42	33	6	16	37	34	27	46	29	37	43	43	41	27	42	24	14	
7	13	48	50	39	38	23	6	5	41	26	50	7	13	25	36	18	35	32	47	
10	2	38	27	44	11	48	25	5	49	49	13	2	9	33	29	1	46	21	20	
20	35	38	9	16	27	12	11	33	34	1	43	12	16	49	50	48	40	8	43	
43	28	49	1	14	35	3	40	14	32	49	9	7	45	16	7	25	19	48	22	
On machine	13
35	27	45	17	17	11	37	26	4	36	26	19	24	1	43	11	36	39	7	14	
10	6	32	22	1	2	25	23	23	15	35	14	32	18	38	39	29	1	42	48	
46	38	29	34	40	44	6	34	36	17	13	38	33	46	48	35	34	36	34	10	
45	2	32	40	42	14	41	50	33	28	11	38	4	19	44	11	3	25	30	1	
33	49	27	10	5	8	43	14	17	43	49	45	17	36	33	26	44	17	33	33	
38	16	44	8	20	11	21	46	45	2	25	33	50	46	21	45	26	6	3	18	
37	17	10	43	31	38	50	21	47	12	2	28	34	25	41	25	8	38	26	45	
44	25	8	9	11	18	4	7	40	42	45	43	10	18	13	48	24	8	2	18	
17	36	16	13	20	43	40	18	36	15	48	36	26	16	48	49	15	8	43	30	
4	8	29	26	13	23	5	39	25	49	43	14	39	39	16	29	26	26	3	35	
43	9	13	35	44	40	18	46	22	25	20	19	3	25	47	30	3	21	37	23	
41	13	26	32	34	19	44	2	27	13	39	33	34	20	13	21	11	49	37	50	
7	41	5	7	32	47	44	8	12	38	47	13	24	49	47	49	6	26	48	19	
22	22	47	44	22	47	45	26	36	9	6	22	3	48	38	2	49	10	21	35	
5	13	43	28	42	3	2	22	38	40	10	5	10	25	42	39	17	2	10	7	
37	32	36	42	4	1	29	15	7	32	14	30	18	16	49	47	19	43	22	9	
39	7	17	27	45	4	32	16	40	31	14	44	16	34	28	49	36	17	39	34	
32	49	45	16	6	19	31	37	7	29	26	13	29	7	6	26	33	45	39	10	
5	14	25	45	30	27	35	40	32	4	1	20	38	11	8	42	46	6	20	40	
24	25	4	41	25	33	5	17	21	44	38	32	9	43	25	3	50	5	17	3	
On machine	14
24	11	17	41	9	14	10	16	48	49	5	23	47	24	15	44	20	45	26	39	
34	19	47	15	3	12	40	7	11	30	16	49	2	40	27	22	8	8	4	47	
29	46	22	26	13	37	36	27	4	1	1	38	43	17	30	36	39	31	37	31	
21	10	28	46	2	41	4	48	47	40	25	42	21	48	35	13	5	6	32	21	
9	11	45	49	28	50	40	27	12	4	1	45	5	22	2	19	21	30	30	24	
46	36	40	44	49	19	1	19	1	6	39	47	14	29	18	34	18	30	1	25	
28	42	22	38	44	22	44	20	4	3	31	33	38	11	13	4	50	24	40	11	
42	9	42	34	42	47	24	11	16	32	36	46	4	29	42	46	18	16	6	38	
35	8	46	11	48	40	32	31	41	44	34	37	11	23	1	1	46	33	26	37	
38	21	29	45	37	23	40	4	16	10	33	38	48	9	11	5	50	49	31	10	
10	5	6	9	4	34	26	8	18	44	19	47	30	2	10	32	49	8	46	29	
40	42	4	7	3	33	49	50	27	14	28	45	17	39	16	44	43	14	48	20	
37	14	7	11	47	16	30	8	27	6	46	40	18	14	33	8	37	38	6	23	
8	40	10	35	26	18	21	16	49	31	33	46	18	10	42	45	22	3	11	18	
34	15	27	16	27	46	6	45	34	19	44	43	13	18	14	50	31	6	41	6	
17	22	1	35	27	19	31	2	19	21	47	12	44	21	31	24	1	5	44	9	
20	19	48	31	47	2	1	3	4	8	22	36	23	35	26	8	5	5	18	28	
43	39	31	45	28	23	2	9	20	9	39	21	4	27	36	22	34	15	3	48	
46	14	37	6	2	21	17	44	4	16	49	8	13	27	27	33	33	1	3	19	
44	22	19	2	35	48	32	3	5	23	34	9	2	47	10	16	3	13	3	30	
On machine	15
9	34	8	19	44	4	21	49	3	19	2	45	10	26	48	2	41	6	29	7	
39	14	47	4	29	31	35	26	34	23	2	12	8	21	44	26	6	7	16	3	
6	7	18	2	15	35	25	47	46	20	6	2	4	4	15	26	45	17	39	23	
34	49	14	23	44	24	18	22	39	16	35	18	11	11	11	11	2	27	41	29	
21	43	29	49	23	45	47	37	46	41	26	32	16	17	10	3	28	35	2	20	
38	1	8	35	9	39	35	35	27	16	50	20	10	29	34	1	33	49	3	29	
25	42	12	2	42	43	36	40	8	48	42	25	30	7	47	39	7	19	25	43	
36	44	14	31	37	27	9	17	48	1	17	30	15	50	22	25	1	32	2	1	
3	5	22	3	2	34	18	23	20	27	27	46	28	3	45	50	40	39	12	12	
44	11	7	27	15	32	32	28	24	30	21	37	16	14	41	37	36	41	41	35	
10	19	29	11	4	4	26	16	32	29	38	43	11	10	9	15	49	20	19	34	
5	25	13	36	22	49	39	37	41	44	6	14	17	36	34	47	50	19	11	29	
24	45	36	9	45	25	17	29	5	31	18	22	36	27	48	40	47	32	40	9	
22	34	23	24	42	32	3	2	11	6	4	15	34	1	24	47	8	16	39	44	
15	41	30	27	18	6	17	20	23	33	5	40	29	7	3	5	12	13	30	49	
42	19	34	37	12	28	22	36	22	11	8	26	5	32	41	27	44	18	32	20	
15	24	31	49	6	19	29	30	37	47	47	3	47	12	10	16	34	16	20	30	
37	16	23	49	47	30	46	21	7	33	23	39	46	8	20	40	42	13	4	6	
2	22	6	49	3	39	16	50	39	28	13	4	47	5	40	44	39	45	36	49	
24	3	5	2	36	33	40	27	4	43	48	40	18	20	11	50	19	18	36	5	
On machine	16
27	25	32	25	42	35	29	15	9	21	47	28	25	48	49	6	30	20	50	33	
23	16	20	33	29	43	35	40	13	18	25	44	8	13	9	20	40	10	35	25	
31	32	41	46	2	34	29	24	39	34	10	2	35	38	50	41	21	24	41	46	
33	23	9	17	21	50	32	36	3	1	38	9	36	1	43	34	24	28	5	1	
13	39	50	35	28	44	50	46	41	27	43	18	22	13	32	15	35	42	23	45	
6	28	22	42	39	50	25	43	6	12	4	8	21	1	2	43	32	20	39	37	
17	32	7	11	16	4	24	37	44	11	10	12	2	44	2	29	27	3	15	3	
8	32	28	7	36	31	17	25	19	2	21	26	17	35	19	27	11	26	36	22	
38	46	18	21	18	31	22	7	20	46	24	15	49	2	29	47	46	43	4	22	
27	4	36	16	41	16	20	17	19	41	39	17	4	12	34	37	16	39	22	43	
31	31	21	35	44	36	27	38	36	44	5	17	4	12	46	18	32	49	19	46	
11	29	7	27	37	33	24	10	12	19	13	27	48	26	9	32	39	9	49	29	
31	32	14	13	40	23	12	33	30	14	48	31	3	16	18	11	30	42	28	15	
25	33	27	36	45	1	25	46	21	14	7	10	3	46	13	42	23	16	19	20	
18	17	37	3	38	28	32	23	34	3	37	19	44	46	17	9	50	20	14	6	
5	29	31	27	2	28	21	21	36	41	37	43	41	16	22	10	23	42	34	4	
47	18	15	45	25	19	21	39	40	50	5	1	5	43	39	2	7	18	44	44	
22	5	4	43	20	36	26	11	25	28	43	21	45	33	6	8	1	14	45	13	
49	21	11	8	7	32	37	32	9	22	4	33	34	6	16	14	23	47	9	20	
20	14	18	31	15	47	31	12	47	24	2	4	43	47	3	32	32	50	14	33	
On machine	17
25	13	46	9	6	2	14	16	14	21	15	28	50	34	46	31	6	36	26	4	
37	10	4	47	35	4	35	48	7	1	49	16	33	23	1	39	48	19	35	38	
1	10	7	33	16	12	10	44	11	13	32	19	4	45	2	32	42	24	49	24	
41	25	5	14	25	43	5	47	19	47	11	35	32	18	6	4	47	32	7	15	
34	6	45	16	9	20	36	22	50	47	7	49	17	4	16	17	37	22	10	45	
16	27	50	48	23	29	48	2	36	50	38	30	11	24	9	14	8	25	42	37	
34	19	22	39	49	11	2	27	32	44	5	22	36	47	24	30	34	43	25	31	
49	47	10	16	50	39	41	20	2	47	31	9	34	45	12	2	45	26	36	30	
1	9	20	6	35	12	31	3	15	9	48	48	1	41	15	39	7	29	13	33	
38	24	17	21	19	32	15	13	8	50	44	38	17	47	15	14	49	9	32	15	
48	43	47	37	35	14	45	26	2	48	13	26	40	44	50	36	30	20	38	47	
19	16	6	6	25	8	42	9	24	40	48	21	26	40	40	5	21	48	31	9	
13	2	2	28	8	5	47	36	27	16	6	27	4	36	37	43	3	4	18	6	
34	38	31	17	4	14	29	2	5	7	43	43	44	46	23	11	9	45	50	11	
45	4	3	8	2	26	23	20	5	13	50	12	33	8	23	40	13	28	21	13	
32	19	15	41	17	30	46	18	48	12	15	44	13	38	25	48	26	45	3	27	
11	30	32	8	17	13	15	17	13	41	28	37	7	12	24	25	43	41	3	33	
48	22	5	9	4	20	27	12	20	38	19	13	19	31	6	35	28	16	9	16	
10	29	42	7	45	14	28	22	31	49	18	18	37	5	18	49	38	19	15	7	
23	17	17	35	16	26	24	5	38	19	17	27	3	1	49	2	6	35	25	16	
On machine	18
34	33	49	3	27	9	23	4	45	31	15	46	33	5	42	40	1	37	35	19	
28	31	44	1	39	31	17	40	30	50	12	2	16	29	23	14	22	47	42	18	
20	25	5	20	47	12	50	33	21	6	29	5	25	48	12	44	4	10	35	28	
17	49	28	12	1	50	7	46	37	11	15	41	30	45	18	4	4	44	25	42	
48	37	30	1	16	48	14	35	3	24	12	32	46	22	11	19	46	26	33	40	
32	47	3	49	25	42	5	19	20	7	8	36	32	4	31	26	1	41	32	29	
45	14	43	42	23	23	21	4	48	2	7	39	29	47	38	25	48	40	22	24	
42	21	28	41	6	26	15	3	42	1	44	20	22	15	42	37	48	24	4	7	
34	42	37	15	44	35	1	42	36	37	45	20	45	42	31	9	7	3	48	32	
10	20	3	28	19	30	29	6	19	29	6	4	24	37	14	25	42	36	48	49	
23	26	16	15	9	4	3	11	5	40	34	13	40	22	33	29	1	42	7	9	
43	6	48	18	20	31	37	22	27	21	35	50	36	48	18	24	20	27	44	16	
49	4	14	1	27	28	8	39	40	3	2	30	24	24	17	23	32	15	24	47	
49	46	39	40	14	45	34	36	34	46	30	25	46	43	30	40	11	10	5	49	
9	28	6	48	22	31	39	6	32	14	9	15	38	32	40	22	7	8	2	46	
36	7	18	37	14	39	30	31	26	3	40	40	3	49	34	13	17	11	8	22	
6	17	50	48	19	15	36	21	43	9	30	41	42	27	21	38	22	22	46	3	
38	46	47	2	32	27	37	28	8	44	3	38	48	11	7	25	27	31	15	24	
15	36	28	50	26	37	41	22	43	6	47	19	19	3	13	44	34	46	17	45	
48	28	46	43	14	20	23	2	43	30	14	19	38	43	8	40	43	33	12	8	
On machine	19
33	4	6	24	21	28	27	22	8	49	33	18	41	25	19	34	24	45	17	22	
39	44	26	7	43	50	37	21	25	11	22	20	41	42	33	29	28	17	21	14	
15	46	42	40	30	15	15	48	41	4	23	21	21	41	29	24	5	25	18	24	
17	50	30	41	9	30	22	9	30	6	37	36	42	14	41	36	28	38	12	30	
40	49	13	24	4	17	23	3	42	2	9	39	6	39	15	12	12	26	5	42	
47	38	10	45	24	11	14	12	47	25	37	48	40	48	46	48	45	19	25	46	
50	31	34	16	24	42	41	10	47	40	1	31	12	11	29	9	3	28	28	2	
8	14	42	11	21	13	50	48	50	27	41	14	8	11	4	22	34	30	44	10	
12	26	48	2	18	37	11	17	21	21	9	35	45	46	29	35	9	12	23	25	
2	35	27	26	17	22	39	6	9	11	28	6	44	26	36	27	36	10	5	17	
27	31	27	39	5	30	3	30	27	7	32	47	26	1	28	24	43	27	3	1	
32	25	32	33	14	8	46	27	50	6	19	44	36	26	15	39	9	18	26	40	
20	44	17	11	46	5	24	40	13	23	37	4	49	8	2	33	32	46	37	37	
2	33	5	45	2	44	3	16	9	34	24	21	35	17	15	20	27	19	35	31	
30	20	15	11	50	50	2	41	40	23	49	13	33	17	47	3	30	21	9	21	
2	13	30	36	40	5	8	1	48	1	44	45	44	30	30	15	20	2	13	33	
42	25	48	17	44	12	32	13	15	41	38	1	27	22	48	20	3	32	22	36	
15	24	44	21	16	10	34	15	8	48	9	4	14	35	9	38	46	44	21	24	
49	23	14	23	4	49	28	2	36	24	10	35	47	25	27	2	19	1	41	15	
19	7	9	11	18	38	8	4	45	32	24	11	35	13	31	14	15	43	49	48	
On machine	20
27	5	40	30	5	26	39	25	19	45	6	29	25	11	42	34	24	46	27	18	
28	28	23	22	37	26	2	8	33	18	21	33	10	47	36	41	13	46	48	17	
47	47	21	10	38	43	37	8	28	9	14	21	6	38	35	10	34	28	13	28	
13	24	7	22	49	6	23	1	7	5	22	45	5	29	44	3	20	15	10	11	
40	22	4	32	39	10	48	39	9	30	33	39	20	7	27	38	48	36	16	46	
18	1	32	16	50	11	38	10	39	43	29	28	50	47	4	40	27	46	36	13	
14	28	18	44	29	13	33	12	11	40	45	37	37	4	5	13	7	47	7	3	
29	4	50	35	38	11	40	44	5	12	27	41	8	16	12	42	46	2	16	29	
49	2	14	8	1	27	21	42	20	21	49	35	16	7	15	31	16	42	8	17	
10	6	48	26	30	37	28	16	35	38	2	18	7	26	11	3	25	2	10	32	
40	33	39	12	22	50	20	5	21	31	38	3	50	9	18	40	12	15	48	13	
9	46	38	49	34	10	44	38	15	42	24	2	15	36	21	47	13	38	11	4	
6	36	33	39	39	17	23	17	50	25	24	14	23	48	24	29	30	36	8	35	
29	9	32	15	4	24	4	27	50	31	41	1	13	13	15	3	1	39	21	48	
34	7	13	46	9	5	46	9	19	2	2	43	16	48	13	6	10	14	24	17	
8	35	47	6	35	20	40	46	44	41	2	11	30	50	22	7	30	6	11	12	
40	22	26	17	17	37	41	32	48	21	29	16	18	6	37	38	19	10	37	44	
17	46	45	11	36	6	49	38	9	37	43	19	8	8	18	18	40	50	16	44	
44	19	44	20	10	32	37	23	31	3	3	45	47	47	35	43	8	15	22	50	
32	6	6	19	32	7	36	18	34	29	20	16	38	24	9	28	26	33	30	30	
