Factories	2
Families	20
Machines	20
SetupType	3

Number of Jobs in each Family
5	9	10	10	3	5	8	7	3	1	3	2	8	4	4	1	5	1	6	4	

Jobs in each Family
0	1	2	3	4	
5	6	7	8	9	10	11	12	13	
14	15	16	17	18	19	20	21	22	23	
24	25	26	27	28	29	30	31	32	33	
34	35	36	
37	38	39	40	41	
42	43	44	45	46	47	48	49	
50	51	52	53	54	55	56	
57	58	59	
60	
61	62	63	
64	65	
66	67	68	69	70	71	72	73	
74	75	76	77	
78	79	80	81	
82	
83	84	85	86	87	
88	
89	90	91	92	93	94	
95	96	97	98	

Total number of jobs
99

Processing times of jobs
4	2	6	4	3	2	3	6	4	9	10	3	7	8	4	2	6	2	7	4	
2	6	9	8	8	10	6	10	7	3	6	10	9	2	10	1	10	10	4	9	
2	2	8	3	5	10	3	1	10	2	1	8	8	6	3	4	3	4	7	7	
1	9	2	5	4	1	6	5	5	5	4	10	4	5	5	2	3	9	9	10	
3	10	9	4	9	4	9	10	8	8	3	3	6	1	5	4	2	5	5	3	
7	1	6	7	1	8	8	5	10	9	10	5	6	3	6	9	3	6	6	9	
7	4	1	6	3	3	5	2	5	2	10	10	1	6	6	1	10	9	9	1	
7	4	1	3	6	9	1	10	10	8	4	10	5	4	1	9	10	1	4	2	
4	10	3	5	9	8	4	10	7	5	6	5	7	10	5	7	6	4	8	1	
8	8	1	6	6	6	10	1	6	3	4	6	6	1	6	9	7	5	3	9	
7	6	4	4	7	1	10	2	6	10	1	6	5	10	10	2	5	7	2	5	
8	9	6	5	7	7	7	8	4	7	5	6	9	7	7	2	5	9	6	3	
10	5	1	9	5	3	5	2	9	3	1	6	4	9	3	9	4	2	1	9	
5	9	10	6	3	7	3	2	5	5	3	1	3	4	4	2	7	10	2	9	
10	6	8	7	9	6	10	8	4	1	7	1	9	5	3	2	10	4	1	6	
8	1	10	7	10	4	10	4	8	5	6	1	3	6	5	1	7	4	4	1	
7	10	7	9	4	8	8	2	10	8	1	7	5	2	1	5	6	9	8	7	
9	7	3	2	3	7	2	7	3	9	6	7	4	10	9	6	6	7	3	1	
7	8	6	7	6	9	2	10	9	8	7	10	8	4	8	7	8	5	10	8	
2	7	5	10	5	9	3	9	1	2	9	5	6	9	6	3	4	2	8	5	
2	7	7	1	2	2	9	9	1	4	8	10	2	8	4	6	7	2	7	7	
5	1	6	3	1	5	1	4	2	9	9	3	7	10	1	8	7	7	10	4	
9	5	10	6	10	10	8	2	7	7	2	6	4	6	7	5	8	3	4	10	
4	2	10	7	5	3	2	6	1	7	2	6	6	4	6	9	7	7	5	8	
5	4	9	3	10	3	10	10	5	1	5	6	7	3	9	6	1	4	9	2	
10	1	9	4	5	5	8	6	3	1	7	3	8	8	8	8	3	5	9	7	
9	7	7	10	8	9	10	1	9	6	6	10	3	9	8	3	8	6	10	4	
6	9	8	1	8	5	1	5	9	8	7	9	5	3	6	3	5	10	4	1	
8	3	10	2	8	4	1	3	4	7	3	8	6	5	5	2	10	4	9	7	
7	2	2	7	6	9	8	5	4	8	9	3	10	4	9	3	3	3	2	1	
6	10	10	1	3	10	5	7	1	10	6	5	8	7	10	10	8	1	2	5	
4	9	4	7	2	2	7	5	3	4	4	8	2	3	3	4	1	1	10	5	
7	1	10	1	5	1	6	7	7	5	8	6	4	7	7	6	5	1	3	5	
1	1	1	3	3	6	10	2	8	8	2	6	9	7	8	3	2	10	5	8	
2	7	2	9	9	10	6	7	5	1	5	8	7	8	5	7	7	8	1	5	
2	9	5	10	4	8	8	6	3	6	8	8	2	6	5	7	6	4	10	3	
3	10	9	9	8	1	3	10	5	9	1	2	9	3	4	4	6	4	5	4	
7	7	6	4	3	2	5	8	9	1	3	1	2	8	4	7	5	5	9	8	
10	8	5	2	1	10	9	4	4	3	5	6	1	9	4	9	10	7	4	9	
6	3	9	8	2	7	2	9	6	7	9	2	6	4	7	2	8	3	8	1	
3	7	6	4	1	4	5	10	4	5	9	8	8	5	3	1	10	1	7	2	
5	1	6	4	6	9	5	1	2	4	8	4	7	5	7	2	10	9	6	10	
9	10	4	2	8	7	4	6	7	9	8	2	1	6	7	3	5	7	9	7	
6	4	6	2	9	5	10	8	9	8	8	10	8	8	2	9	8	8	3	6	
5	1	9	10	3	6	8	10	3	1	1	9	9	5	2	8	10	9	1	10	
5	5	1	2	10	7	5	10	9	7	9	8	2	1	5	3	6	3	7	2	
3	8	2	7	6	9	6	2	6	5	3	7	8	4	1	9	5	10	5	2	
10	3	9	9	5	7	8	10	1	5	10	8	8	6	1	2	1	2	5	3	
5	9	4	4	8	3	8	6	10	3	9	7	7	3	10	8	1	1	10	4	
10	10	3	3	8	6	4	8	2	10	1	1	6	3	4	10	2	1	1	6	
8	3	3	6	5	5	7	10	7	3	8	6	1	7	10	6	1	6	7	4	
6	4	10	5	6	9	6	7	5	7	3	2	9	10	6	9	5	2	9	8	
9	3	6	5	1	6	5	7	4	10	9	3	10	10	8	9	10	7	10	10	
10	1	10	5	7	5	6	9	7	8	4	9	9	4	4	8	5	10	3	3	
8	2	8	2	4	3	8	2	4	6	7	4	7	10	6	10	5	10	9	4	
7	10	10	6	1	4	5	6	3	4	3	5	6	10	10	2	9	6	7	9	
6	8	10	8	5	6	9	10	2	10	4	1	4	10	5	9	10	10	8	3	
8	10	10	8	9	6	4	1	8	1	3	1	8	10	10	5	2	7	5	10	
9	1	1	9	9	5	8	9	2	1	9	4	3	10	8	9	1	4	10	4	
9	6	10	5	6	7	1	7	7	7	9	4	10	6	4	1	5	9	7	1	
3	9	6	8	8	8	1	1	6	3	3	8	3	9	8	3	4	3	2	9	
7	10	6	3	7	7	6	8	5	5	4	8	4	6	7	6	2	8	4	9	
1	3	9	8	3	8	8	2	4	6	2	3	10	6	8	8	6	5	7	2	
3	7	7	3	5	5	2	1	10	9	2	8	5	7	10	6	9	6	4	7	
10	7	7	6	3	6	1	10	3	8	3	4	7	4	6	9	5	1	6	4	
8	4	8	10	4	6	9	8	8	3	10	5	6	10	9	4	10	4	10	8	
6	4	5	8	6	10	2	9	7	6	10	8	7	1	2	2	7	9	8	4	
5	2	5	9	9	4	3	2	8	5	5	9	1	5	7	7	3	2	4	3	
7	9	2	5	5	3	2	10	5	9	5	4	6	3	4	10	8	9	1	7	
4	10	6	2	8	9	4	1	2	4	5	8	4	2	4	10	1	10	2	10	
4	4	3	3	7	1	3	9	6	2	3	1	8	5	8	3	3	3	2	9	
4	2	5	7	9	9	2	4	8	2	4	3	9	7	9	5	9	4	2	9	
5	7	6	5	7	10	3	7	10	4	9	2	6	10	6	3	5	2	9	2	
2	9	7	2	9	7	9	3	1	3	9	7	7	4	3	3	8	8	8	8	
5	10	8	4	8	6	9	7	8	1	2	3	2	4	6	9	2	2	1	1	
6	8	6	7	3	3	3	8	7	2	7	4	4	6	9	6	9	7	8	2	
2	2	5	10	7	1	8	7	6	7	9	7	2	6	7	2	6	6	8	6	
9	8	4	2	10	4	7	2	4	8	5	5	6	5	8	10	3	5	2	10	
6	10	7	7	8	7	2	3	1	4	6	8	1	1	2	7	10	2	2	7	
1	5	1	10	9	3	3	7	2	4	4	3	7	9	2	3	1	4	1	1	
8	5	3	1	7	9	3	9	2	4	8	7	10	7	2	10	4	8	7	10	
2	9	6	10	10	6	3	2	5	9	4	5	10	10	9	4	9	4	6	6	
3	4	8	1	4	10	9	3	7	3	2	3	7	6	4	10	6	3	10	3	
1	6	3	6	10	10	5	4	4	4	1	9	6	6	4	6	10	10	8	6	
8	7	8	9	9	3	5	6	7	3	7	1	9	1	8	3	8	3	5	2	
5	5	4	8	1	1	4	1	5	9	9	7	7	2	8	4	10	8	2	7	
3	2	10	8	6	4	3	1	5	1	9	7	3	9	10	6	5	1	7	7	
8	1	3	5	10	2	5	7	6	9	1	4	3	5	10	9	9	1	9	8	
1	7	5	1	1	2	9	4	8	3	9	2	7	5	8	9	3	6	3	9	
5	3	6	1	2	5	2	9	8	6	7	1	6	2	10	5	1	4	7	1	
3	4	6	7	8	1	4	7	9	7	6	6	8	8	2	1	2	8	4	1	
5	2	2	8	7	2	2	2	3	4	2	6	3	2	1	8	10	2	2	2	
7	5	5	3	2	3	3	6	8	6	8	4	1	7	6	1	6	6	5	1	
10	8	3	8	6	7	2	10	6	5	2	4	6	1	8	4	2	8	7	4	
3	3	10	4	9	5	1	7	7	2	10	3	9	3	3	4	3	8	10	3	
10	4	6	6	2	7	5	6	6	10	10	6	9	5	6	6	8	6	2	9	
10	10	4	9	2	2	10	4	5	2	7	8	3	9	3	2	8	7	6	3	
10	1	7	9	9	7	1	6	3	2	3	9	2	10	3	2	6	9	4	9	
10	1	5	2	2	6	6	3	6	3	10	4	9	7	3	5	4	6	4	5	

Stepup times between Families, where [f][f] represents initial setup time
On machine	1
32	3	60	96	40	56	41	52	42	82	31	5	77	4	71	75	5	61	99	34	
97	75	29	62	38	59	30	94	34	74	41	97	5	31	62	66	94	4	11	86	
86	98	14	16	44	33	63	40	17	54	52	54	6	99	51	36	14	1	30	95	
9	40	26	31	13	68	60	22	49	82	3	75	75	9	60	45	82	94	26	9	
87	49	47	32	51	73	50	89	34	6	5	44	14	26	70	62	47	63	44	68	
82	42	61	46	40	74	85	43	72	63	30	71	47	41	18	80	11	54	16	57	
50	66	70	84	12	28	39	97	79	94	64	31	71	80	13	72	93	87	41	12	
28	96	93	54	74	90	5	73	90	80	20	79	98	38	15	15	96	30	11	53	
58	70	82	96	19	45	42	64	90	35	48	48	21	33	60	89	54	92	18	7	
25	76	85	39	23	12	26	63	53	61	23	82	11	72	88	39	90	99	49	75	
100	42	97	36	87	62	23	21	58	39	36	35	43	79	92	27	80	10	64	5	
31	99	27	47	43	6	15	27	13	24	58	64	66	28	82	20	23	51	98	97	
59	23	74	5	68	7	73	72	73	18	56	16	6	73	98	85	4	82	62	80	
7	10	41	100	81	49	1	99	84	57	16	42	15	36	85	16	53	66	44	45	
79	58	36	90	19	59	98	71	24	7	3	83	88	71	94	23	79	90	19	65	
91	10	35	51	93	34	57	97	77	71	76	24	56	81	70	79	33	54	5	89	
6	52	40	72	69	98	32	48	7	69	7	100	22	64	25	30	37	6	49	96	
16	89	63	93	75	39	99	28	12	60	20	33	71	91	86	42	53	30	20	96	
22	3	39	42	55	17	15	56	72	6	55	20	7	70	79	13	81	47	31	5	
77	39	31	33	14	59	53	46	8	61	82	66	94	76	57	19	26	83	49	15	
On machine	2
33	87	73	33	13	45	57	51	100	23	42	33	79	29	42	93	7	28	25	95	
30	62	58	59	38	69	42	20	97	28	62	67	100	38	4	60	26	30	13	13	
3	14	48	29	30	84	80	30	70	66	85	54	76	21	40	86	14	96	74	88	
98	98	40	11	62	5	52	45	2	17	50	80	71	100	64	64	71	11	58	96	
68	5	59	50	97	10	8	68	91	71	41	93	48	20	21	24	58	10	25	23	
90	54	94	74	63	61	79	3	69	26	8	50	8	81	37	96	6	13	97	61	
52	73	63	24	64	74	98	50	32	68	67	91	65	1	51	59	51	74	17	65	
56	100	50	64	11	58	48	100	10	66	92	64	89	77	67	31	21	83	83	47	
13	90	57	64	100	34	86	3	83	17	38	63	20	51	56	12	40	1	56	89	
45	53	65	85	42	97	15	54	27	93	7	10	4	62	12	19	62	77	83	49	
56	67	38	97	18	78	50	43	71	72	32	20	75	75	44	37	60	72	69	93	
47	27	92	77	17	27	52	88	79	74	41	49	5	96	16	94	29	97	43	16	
60	68	78	100	61	46	40	44	7	78	33	30	43	57	4	57	17	97	1	58	
39	46	18	28	82	49	77	71	94	73	100	93	72	18	4	34	86	63	19	98	
17	55	77	48	5	8	72	1	70	84	83	45	95	31	88	18	84	96	26	67	
52	84	41	14	50	12	19	45	34	7	99	69	12	75	44	49	53	50	4	2	
31	96	29	55	90	19	48	58	82	43	4	47	35	95	34	56	50	80	71	50	
82	40	53	68	19	10	41	57	30	68	100	59	89	77	36	45	68	44	78	97	
60	60	26	98	35	50	39	39	5	44	11	25	1	8	5	77	47	64	17	58	
44	34	43	45	54	67	41	70	62	28	82	18	51	53	39	1	41	42	31	90	
On machine	3
94	30	25	97	55	1	98	20	78	73	56	57	31	65	3	39	9	38	81	71	
3	69	43	86	26	89	94	92	36	81	75	78	73	25	71	22	41	97	66	99	
10	37	10	89	88	95	38	30	14	30	67	51	83	53	7	36	37	36	48	30	
64	24	87	74	42	52	42	46	14	87	59	15	87	93	70	39	42	74	89	14	
10	16	42	64	86	79	32	9	85	93	57	99	98	48	71	63	14	65	34	38	
22	79	14	19	91	71	30	90	9	32	56	90	84	30	53	26	97	27	99	57	
40	26	17	8	73	40	51	33	49	83	47	25	13	60	87	92	25	4	84	44	
42	19	18	71	96	10	85	42	24	61	76	35	61	2	92	57	49	71	67	47	
45	26	48	89	60	36	58	1	26	57	65	93	80	30	81	72	91	22	94	76	
1	29	82	7	9	49	49	65	19	99	50	9	84	10	47	74	31	62	54	76	
83	25	77	58	95	8	99	50	84	68	68	47	98	91	59	15	62	31	25	49	
66	23	49	64	25	19	82	9	20	6	93	29	29	71	55	47	19	51	49	4	
75	46	2	64	6	91	97	68	7	9	96	77	70	31	100	96	4	2	66	86	
89	89	45	73	76	89	13	91	49	34	91	39	73	22	94	62	49	89	77	21	
44	9	2	12	39	55	91	64	2	5	83	48	53	41	31	68	42	38	57	15	
5	81	76	3	65	59	74	34	8	93	99	100	50	92	59	38	78	47	97	37	
46	77	48	67	28	47	63	9	29	45	40	98	1	36	38	79	47	21	15	28	
62	95	15	73	48	82	82	64	14	39	80	18	73	62	19	73	23	39	100	1	
80	68	10	45	87	87	31	96	100	68	89	83	52	68	64	81	71	4	56	26	
44	11	54	24	65	73	50	79	9	66	60	23	20	30	23	52	66	6	64	89	
On machine	4
75	96	71	31	76	98	71	8	29	80	41	43	50	27	88	75	84	84	6	100	
82	22	77	28	16	87	70	70	74	49	97	67	72	97	43	58	32	27	49	73	
48	100	25	100	19	99	2	34	66	41	15	98	3	21	8	8	44	27	44	43	
40	21	46	9	71	63	83	9	76	5	27	77	96	50	40	32	92	91	3	69	
29	51	44	29	27	57	93	30	64	70	9	4	55	4	10	76	25	86	80	87	
94	70	60	55	83	52	18	4	39	44	21	26	3	85	99	78	70	40	91	2	
45	37	33	77	72	35	43	95	37	54	54	17	100	72	83	52	35	89	58	36	
63	52	66	86	91	21	50	13	9	28	88	5	98	10	52	45	69	31	19	39	
51	91	65	50	34	77	55	87	23	81	33	35	56	89	7	44	14	26	10	97	
83	99	82	31	16	42	6	45	56	58	99	52	24	18	72	92	34	36	53	53	
24	44	19	38	7	13	96	94	99	40	91	83	60	40	94	39	1	50	70	41	
5	66	27	53	91	21	41	75	30	81	41	50	33	25	60	68	3	30	41	12	
86	31	77	46	1	59	32	2	35	12	25	20	10	50	70	35	65	85	74	88	
49	56	3	17	18	74	35	73	52	94	33	43	64	35	52	23	97	76	88	96	
78	46	19	90	33	57	50	97	4	31	40	11	44	93	43	3	95	6	98	95	
99	11	85	43	59	20	71	2	64	95	9	39	64	30	40	56	29	49	37	16	
78	42	46	11	98	36	48	95	89	98	99	64	74	100	98	3	50	18	95	66	
50	4	96	58	79	10	8	42	79	5	56	3	66	97	38	17	55	45	99	58	
7	96	99	64	12	97	21	59	86	29	84	87	64	3	70	51	47	96	14	95	
94	49	55	51	29	14	94	81	51	64	56	59	30	9	90	8	66	18	29	89	
On machine	5
69	49	6	30	73	76	1	91	74	66	55	92	46	25	98	52	2	40	100	9	
23	85	35	11	85	49	68	100	26	31	13	6	6	78	60	79	74	23	81	93	
10	63	63	60	35	89	68	45	69	54	6	68	30	48	40	29	44	89	32	95	
71	84	16	37	53	9	52	81	61	61	92	78	50	59	38	56	58	17	6	7	
55	2	36	48	96	78	58	7	59	3	19	13	78	77	39	44	7	36	88	69	
20	52	64	41	99	62	84	92	2	29	36	53	99	27	84	62	70	45	67	74	
91	32	37	60	49	54	30	31	79	89	81	70	99	77	50	51	76	12	76	67	
20	97	34	80	17	73	44	81	67	70	93	40	79	81	26	65	19	11	97	47	
25	90	11	65	8	65	22	51	41	13	60	77	23	41	100	15	1	48	18	65	
59	58	85	49	75	53	66	19	77	97	28	8	46	1	30	30	53	27	4	26	
2	1	78	71	87	66	18	35	28	93	4	36	83	28	10	88	76	19	4	100	
49	66	66	9	85	9	21	60	98	54	40	32	12	48	19	25	12	86	55	19	
45	82	43	100	34	11	26	22	20	49	94	76	14	99	44	83	98	5	77	12	
5	60	29	36	34	86	99	34	99	39	4	88	49	52	42	25	4	29	71	83	
98	42	90	44	52	85	79	73	54	79	58	29	96	100	57	75	8	52	77	91	
35	71	9	70	46	43	47	36	14	45	6	14	35	98	17	52	4	66	4	92	
31	82	92	48	22	13	90	96	55	76	10	72	44	84	98	68	54	92	72	80	
11	7	47	31	77	84	35	75	1	64	78	31	56	2	15	28	28	25	89	52	
6	60	99	47	71	20	54	91	5	65	34	63	71	78	26	27	75	30	43	46	
39	18	12	19	94	91	59	22	53	71	29	38	69	30	38	79	95	81	47	90	
On machine	6
37	100	89	46	30	8	63	98	62	35	75	20	74	47	65	60	95	33	99	69	
33	75	8	23	1	20	31	86	52	10	67	54	4	63	61	83	89	88	97	83	
13	28	1	46	95	25	54	33	14	44	76	34	96	37	8	47	97	24	52	41	
74	67	55	82	6	20	74	86	75	31	58	27	84	3	62	91	46	99	83	87	
92	72	2	41	3	9	34	61	69	36	7	11	90	95	7	79	81	2	95	87	
9	27	56	17	39	85	34	52	1	41	40	17	39	33	61	69	37	60	6	53	
38	83	10	53	87	88	71	93	51	72	21	45	74	21	91	14	91	70	96	81	
30	31	64	20	17	8	1	55	79	72	36	89	39	57	7	14	50	85	50	75	
83	96	24	76	82	69	49	18	95	83	2	85	32	37	21	39	98	7	45	26	
39	10	84	6	80	81	51	31	90	46	97	86	18	33	76	85	5	12	69	4	
83	46	66	33	64	71	89	87	28	75	18	35	19	22	33	83	54	49	61	99	
47	40	88	61	11	79	21	72	44	4	42	20	68	84	81	80	80	65	37	52	
37	57	80	89	87	73	52	6	91	48	31	39	21	57	83	9	30	26	2	88	
30	82	81	24	73	18	39	75	98	31	85	29	61	60	63	89	66	5	97	99	
42	66	19	27	77	98	98	77	83	98	4	14	51	3	18	77	34	3	68	89	
58	98	8	22	18	27	99	58	11	48	40	99	92	24	90	94	70	19	65	90	
95	55	11	49	28	66	69	86	28	90	99	51	67	76	68	41	70	32	59	78	
73	13	45	46	47	40	44	33	20	53	39	11	33	54	79	54	72	22	41	60	
14	33	70	49	57	22	43	67	57	14	85	50	29	23	59	55	18	67	85	59	
76	50	93	45	74	81	100	12	27	41	24	86	28	83	51	90	56	81	34	63	
On machine	7
61	44	51	72	85	88	15	15	97	21	84	9	77	12	87	36	76	93	33	64	
62	70	28	22	51	24	83	42	53	7	29	91	48	28	38	64	9	31	70	21	
21	87	87	14	27	17	1	71	41	43	12	42	39	72	86	68	5	3	78	98	
67	10	64	23	21	33	61	69	59	92	93	78	69	79	4	95	91	99	66	75	
49	81	71	1	89	65	78	65	33	70	15	74	74	9	2	8	37	63	74	52	
29	59	83	29	69	11	20	28	96	69	40	47	22	29	79	17	61	8	11	61	
76	72	48	41	82	75	20	66	23	50	31	41	2	68	51	27	58	29	19	80	
62	22	89	64	66	1	12	32	73	49	7	11	32	22	63	96	28	30	87	88	
55	30	93	15	59	7	28	95	51	79	56	12	38	36	10	5	93	15	45	35	
36	80	8	76	4	62	49	27	8	73	84	46	85	99	20	46	38	76	3	3	
8	71	25	71	3	6	47	59	29	17	60	13	87	78	11	96	8	37	34	77	
44	56	86	50	46	58	12	99	45	27	16	20	2	51	52	98	93	40	32	58	
44	89	39	8	60	1	32	9	37	91	13	82	90	47	52	45	81	1	37	94	
44	92	91	96	80	26	70	24	44	94	48	1	21	78	71	16	49	90	74	38	
66	33	56	35	29	94	57	26	42	57	66	74	58	88	75	19	6	4	15	2	
17	76	36	69	21	96	76	62	78	1	27	5	76	1	97	52	2	61	2	87	
98	23	72	76	75	45	66	16	16	93	55	11	67	42	20	45	79	51	13	94	
97	75	97	43	29	4	41	40	11	28	71	68	56	89	35	24	43	8	50	56	
99	97	65	88	47	28	76	86	79	55	48	15	52	30	13	91	99	79	64	64	
58	60	100	14	40	17	67	69	39	42	64	51	14	88	91	25	35	59	4	27	
On machine	8
81	48	43	86	51	72	59	29	38	65	14	12	35	31	49	45	83	65	88	15	
2	89	68	16	70	70	79	5	74	65	20	73	94	74	3	26	28	51	35	79	
8	29	70	94	29	38	93	20	96	55	81	95	28	79	5	43	50	79	78	69	
97	67	27	71	33	37	32	12	81	37	60	35	83	77	86	17	24	90	29	40	
3	46	40	97	82	51	41	30	18	83	75	16	2	34	50	42	27	78	70	75	
2	13	12	65	82	8	16	39	64	9	10	80	5	90	23	64	51	64	26	82	
82	51	96	35	48	12	65	50	82	67	64	76	41	11	17	46	70	22	85	77	
90	73	69	89	13	74	59	69	51	60	97	13	31	13	63	37	55	35	36	26	
84	73	27	27	16	78	88	26	54	19	52	6	1	68	65	22	19	88	15	3	
62	26	46	11	92	71	9	95	3	50	10	83	97	1	80	67	34	12	61	32	
22	62	19	59	25	36	5	76	91	15	61	83	25	2	49	68	9	19	98	1	
37	84	93	4	59	49	73	24	68	28	19	24	38	50	84	91	54	28	20	55	
10	39	67	84	39	8	1	19	71	55	66	6	61	87	71	46	60	55	98	88	
49	18	40	80	47	44	85	15	73	15	59	2	35	77	78	39	69	12	56	72	
9	41	53	86	5	50	57	72	28	82	49	32	69	94	46	5	68	73	28	70	
62	83	58	38	35	11	38	68	6	34	80	12	99	39	66	75	99	17	43	91	
73	61	56	27	52	49	86	26	34	65	90	49	27	99	37	86	56	22	95	86	
34	42	30	95	30	8	50	26	98	80	45	47	49	58	20	31	15	57	60	65	
23	44	86	4	6	79	39	47	29	22	69	30	1	85	82	84	100	40	22	90	
51	79	98	59	19	68	77	56	1	43	84	90	58	71	30	46	30	23	94	28	
On machine	9
87	60	79	59	84	93	99	84	92	26	63	69	5	6	91	56	96	87	99	79	
82	47	33	78	4	100	76	71	91	79	80	42	48	78	50	94	18	83	63	74	
23	24	64	59	96	33	32	37	67	43	30	96	63	58	64	77	7	25	81	41	
42	44	34	13	71	54	79	74	3	52	76	39	31	57	48	45	96	48	81	47	
96	60	81	94	3	46	58	42	90	64	69	65	66	28	76	68	96	62	59	68	
32	42	59	7	59	77	74	71	66	87	54	33	63	98	70	50	26	33	76	6	
21	7	4	86	40	28	13	75	72	80	61	100	24	19	20	77	32	41	43	36	
29	3	83	84	25	81	79	35	53	85	73	36	80	72	49	30	34	20	7	48	
61	78	20	81	31	21	54	89	52	99	19	33	73	98	55	99	13	33	33	74	
95	56	52	13	92	13	41	17	83	33	4	100	70	66	43	83	30	78	11	28	
65	4	6	41	43	22	11	47	40	42	87	50	28	45	36	20	25	81	53	24	
12	37	37	26	48	47	39	36	92	97	21	46	31	40	43	1	82	73	11	76	
96	97	39	4	89	67	6	18	25	24	23	87	46	26	94	87	93	25	24	93	
85	34	9	42	85	24	76	40	26	37	3	69	52	84	19	68	41	56	90	39	
54	94	95	29	2	38	79	94	12	36	10	29	37	29	79	85	7	2	47	47	
8	40	50	19	49	89	28	29	44	23	72	58	11	71	55	31	60	63	87	57	
90	16	20	46	73	69	59	86	57	24	41	66	19	64	74	93	17	30	38	68	
86	32	56	56	49	67	49	68	90	72	63	96	58	33	7	100	44	60	96	30	
40	100	10	64	47	4	13	100	54	57	21	52	48	95	65	88	91	30	35	69	
30	49	8	9	56	51	32	8	95	22	23	9	3	80	9	33	9	4	60	19	
On machine	10
79	20	20	78	9	72	8	15	9	72	99	53	75	97	71	93	72	38	89	42	
69	53	61	54	6	71	32	23	80	91	27	7	13	33	53	29	6	7	17	8	
19	1	69	1	18	34	59	95	71	58	42	65	66	6	80	42	89	52	37	39	
68	39	78	60	30	11	98	14	38	57	72	44	82	61	11	13	78	27	31	60	
60	8	29	29	18	81	40	16	69	97	25	80	5	75	100	13	10	66	12	96	
69	64	45	74	37	29	56	48	35	92	30	15	63	82	52	48	50	26	23	1	
5	49	96	32	52	3	62	79	79	10	83	36	19	49	87	23	100	11	7	23	
65	94	89	22	77	41	89	87	17	74	23	24	38	80	21	75	68	48	24	41	
75	86	71	10	41	21	12	55	100	45	37	45	5	43	60	21	13	82	46	41	
99	35	30	86	19	30	42	10	2	80	98	24	17	40	3	57	14	98	78	45	
44	5	54	79	54	4	79	57	59	95	39	92	41	7	46	66	8	3	69	65	
100	84	12	27	30	12	80	6	10	86	2	38	84	61	37	44	41	89	70	82	
84	38	86	12	46	32	63	13	81	3	83	23	4	32	86	91	20	44	38	8	
34	67	51	89	81	83	4	89	16	91	44	23	31	2	74	66	46	40	59	19	
23	34	100	56	50	9	87	95	5	73	81	40	13	79	47	59	10	41	37	14	
65	52	98	81	56	10	26	10	38	38	100	15	97	29	40	66	100	13	8	60	
81	75	17	1	7	5	96	84	23	2	25	82	100	97	17	31	60	84	35	55	
9	17	36	6	44	90	95	7	80	30	25	50	87	19	25	48	69	8	96	38	
53	98	28	41	91	35	34	54	58	43	65	70	43	19	69	39	50	82	88	23	
10	54	2	64	75	43	87	97	13	74	57	8	38	97	38	100	40	21	8	5	
On machine	11
70	75	80	14	53	99	60	35	13	6	16	19	4	71	86	47	73	48	85	87	
50	30	79	80	1	63	55	27	43	26	82	17	68	32	51	40	10	61	48	53	
45	56	47	90	40	40	83	82	26	3	8	11	81	56	20	55	39	24	78	42	
90	72	51	58	65	30	52	88	18	61	35	62	28	98	49	54	22	40	47	26	
17	42	80	92	40	48	82	36	30	80	44	91	99	62	64	7	52	53	21	89	
37	99	99	38	32	58	26	84	80	1	87	10	78	31	60	39	22	82	95	4	
93	55	61	13	17	48	57	81	66	49	39	99	28	63	13	96	65	34	21	14	
12	30	99	7	17	33	13	51	80	86	69	78	28	13	73	2	85	30	18	7	
22	35	21	99	42	85	33	60	49	49	79	68	69	55	31	97	55	48	40	57	
64	1	4	51	12	78	92	42	6	92	90	50	44	21	85	25	27	17	67	28	
50	31	48	25	72	48	18	31	24	3	75	4	52	17	54	91	36	43	1	78	
44	34	67	17	72	88	54	72	24	56	79	69	47	4	80	58	95	1	49	6	
34	96	59	65	20	7	58	73	65	98	54	74	91	68	31	25	55	81	83	57	
4	48	48	98	97	23	95	27	49	86	64	53	39	18	67	4	99	96	39	45	
77	33	73	89	68	94	15	26	52	42	1	55	100	27	79	65	31	14	84	19	
31	23	59	49	6	97	81	40	85	18	10	64	30	70	51	36	58	88	75	15	
35	49	72	35	2	67	92	30	97	97	77	74	7	85	46	77	80	25	79	54	
2	63	3	62	92	63	15	55	70	46	18	96	89	40	63	53	100	34	63	94	
83	58	100	98	32	54	29	26	47	94	82	13	3	97	70	6	41	98	67	72	
74	81	38	47	73	93	12	88	10	34	20	65	94	82	90	8	94	35	91	91	
On machine	12
77	25	46	10	34	6	46	9	35	29	5	42	72	47	81	49	63	11	57	45	
42	29	10	58	9	57	14	59	38	77	41	81	82	8	95	28	38	25	93	91	
45	71	70	75	92	58	48	97	7	34	43	87	2	26	66	61	53	99	82	52	
7	46	7	4	85	64	56	76	16	33	85	43	16	44	70	72	88	100	91	52	
70	97	82	67	25	48	13	72	60	25	68	18	37	24	33	47	54	82	62	50	
34	64	55	97	75	28	49	56	46	15	86	57	92	6	58	60	72	69	20	93	
80	81	86	11	61	42	86	35	69	44	81	73	83	65	51	30	90	39	87	12	
10	57	56	90	91	28	22	67	66	76	50	100	73	85	18	7	70	11	88	3	
87	36	49	58	20	64	44	54	45	89	35	43	54	64	14	71	65	31	32	47	
91	73	82	82	73	79	48	75	84	29	73	24	79	76	74	40	24	41	60	92	
65	58	14	14	80	23	29	30	89	47	78	81	95	80	83	94	98	45	2	7	
56	7	38	13	25	46	100	80	7	56	37	73	53	26	16	12	51	2	82	100	
15	45	89	9	19	33	6	37	7	94	34	18	60	69	27	59	50	29	6	61	
41	85	76	100	62	1	65	82	92	85	48	23	8	51	97	26	98	81	91	19	
73	33	10	49	3	59	4	26	24	36	77	28	91	20	57	82	50	59	93	92	
22	40	18	83	79	98	37	85	97	58	62	51	79	8	92	63	50	33	88	13	
98	49	65	45	88	70	15	39	23	45	31	1	89	47	3	72	81	15	15	33	
6	45	34	90	17	58	49	81	99	67	84	69	29	79	94	67	85	89	76	94	
65	97	85	25	1	6	36	17	12	96	69	3	47	7	37	63	64	91	84	83	
37	81	16	41	91	70	88	42	68	83	78	79	71	89	25	6	31	29	33	58	
On machine	13
50	34	80	54	36	90	57	7	66	11	75	36	84	15	64	58	31	98	78	75	
15	74	86	36	81	59	28	74	74	80	98	8	19	90	92	35	47	91	99	98	
90	58	28	100	17	53	24	15	46	39	29	94	70	31	80	42	79	45	37	49	
27	36	91	87	49	87	92	21	86	87	55	19	5	68	60	92	79	36	12	89	
38	33	10	82	63	7	28	20	61	49	38	80	76	91	87	86	54	16	66	10	
53	5	37	94	1	45	19	88	39	10	67	23	30	88	58	84	60	37	18	96	
36	41	81	34	71	86	83	6	89	67	36	87	6	52	40	56	37	90	61	51	
91	45	78	42	11	77	84	68	20	36	25	6	56	56	87	72	24	50	32	90	
55	95	63	66	71	90	17	45	25	69	73	38	97	23	89	6	59	2	99	21	
64	6	42	27	51	94	48	78	73	53	99	19	99	20	11	83	64	90	72	72	
82	83	17	93	9	10	64	82	57	100	14	27	3	94	17	42	63	87	92	27	
20	53	11	48	77	62	44	97	63	8	61	90	39	97	87	55	41	52	50	83	
1	76	18	23	81	96	18	41	79	31	83	52	93	89	43	42	26	73	33	93	
74	16	96	63	40	41	52	16	71	79	53	24	68	28	63	73	3	92	96	21	
32	26	56	40	82	80	90	5	24	37	16	79	32	34	72	22	6	13	44	61	
2	38	59	62	41	26	73	28	99	10	61	89	28	100	12	72	73	64	1	12	
66	70	3	86	2	66	75	11	100	39	70	34	67	21	13	28	20	1	7	69	
100	62	3	22	26	81	95	20	45	92	48	84	53	56	71	2	6	96	71	79	
34	17	40	66	93	71	43	63	46	52	99	59	23	72	3	75	87	97	81	11	
7	100	83	44	99	7	4	8	98	24	85	50	97	38	96	46	68	82	29	11	
On machine	14
37	9	11	59	22	84	93	74	93	40	82	29	94	36	81	29	99	3	17	8	
58	2	93	87	20	62	55	89	77	61	42	59	64	35	84	85	72	23	61	19	
31	35	81	83	38	32	40	42	21	93	68	29	29	63	22	63	15	13	69	100	
30	32	35	36	64	26	54	76	81	59	42	87	33	40	99	9	63	4	6	32	
50	51	47	24	79	49	90	53	6	47	90	7	69	100	16	73	63	74	32	60	
50	49	97	26	80	45	25	62	26	16	80	55	13	91	47	33	8	29	31	14	
58	20	77	61	94	19	81	15	92	7	32	62	74	98	7	91	95	4	16	55	
6	12	50	6	46	51	100	91	77	12	66	1	86	56	91	6	100	26	10	9	
96	17	32	58	77	24	65	79	10	39	3	63	48	21	55	85	2	77	6	18	
5	60	71	19	47	39	29	43	79	41	3	80	30	28	21	83	12	65	26	29	
42	68	85	79	54	21	93	5	40	40	36	99	76	51	41	40	40	89	56	96	
83	33	15	23	94	64	87	30	58	72	61	18	46	13	29	91	94	69	74	50	
36	47	95	70	67	76	90	11	81	26	79	44	61	84	51	11	100	46	22	83	
23	44	25	97	90	57	40	6	96	42	99	12	39	36	95	58	84	42	52	25	
94	99	1	64	84	28	39	88	41	96	17	49	44	63	99	27	90	16	94	28	
78	62	56	85	43	78	48	20	94	75	80	41	48	58	33	47	92	79	27	5	
16	99	42	92	52	96	79	8	3	6	35	15	62	71	17	80	27	77	38	95	
26	46	50	64	58	84	88	50	82	3	10	91	5	44	95	1	7	55	81	79	
69	75	10	48	92	56	41	75	72	33	17	52	2	11	22	5	16	94	82	17	
81	11	46	9	1	13	81	56	61	4	77	89	66	71	5	66	74	20	73	22	
On machine	15
44	14	72	82	41	74	7	49	27	98	67	47	41	98	5	4	71	92	39	60	
67	87	22	25	88	6	38	66	78	53	50	19	18	20	64	66	24	19	75	88	
6	10	99	33	46	10	12	55	63	27	15	38	64	32	25	52	74	24	34	3	
99	54	86	99	47	83	21	80	58	50	8	21	13	73	1	58	41	6	47	51	
70	4	55	77	93	47	18	69	4	69	53	19	30	7	53	36	93	35	75	15	
43	83	83	21	53	30	70	27	98	94	42	88	63	66	9	18	20	92	17	57	
75	85	59	18	90	48	81	50	2	73	93	96	79	87	23	3	9	59	38	39	
15	34	80	69	54	29	63	25	8	76	22	31	58	81	83	26	91	57	76	29	
62	23	49	30	91	8	10	19	41	99	73	15	90	98	34	39	39	69	73	57	
10	85	24	84	38	95	30	92	77	98	39	72	35	83	49	22	66	43	6	35	
57	58	11	66	10	74	96	81	23	66	1	58	12	60	97	48	73	69	72	22	
21	87	54	47	35	11	70	95	84	41	33	85	42	8	28	61	59	34	10	88	
89	60	6	2	61	90	71	62	73	73	17	16	18	53	93	3	50	69	28	66	
58	96	93	77	23	53	67	28	54	67	72	59	62	95	55	14	61	9	59	7	
89	13	13	62	28	38	12	60	78	11	39	11	23	54	78	96	41	65	41	82	
98	39	2	67	17	79	17	81	85	39	64	2	82	92	40	3	76	71	54	41	
65	31	22	89	79	73	2	2	15	80	2	64	96	3	67	91	38	84	64	12	
60	11	8	76	95	77	17	43	9	61	85	83	3	84	2	92	55	63	27	90	
73	99	2	5	10	28	60	20	17	82	71	42	10	44	29	64	12	6	65	11	
72	66	87	93	22	57	40	98	6	83	71	33	59	88	32	30	34	60	57	50	
On machine	16
99	14	16	93	91	4	25	43	66	42	76	23	71	28	96	52	4	72	97	8	
48	5	72	78	58	48	18	82	20	33	22	48	99	46	45	81	16	38	6	29	
96	53	46	86	40	33	70	51	40	16	40	85	93	53	87	46	69	12	22	66	
14	26	34	91	81	16	79	43	28	78	8	45	58	3	70	33	74	91	52	19	
31	73	72	43	50	99	91	96	32	74	77	10	62	70	35	62	86	58	70	75	
32	36	17	24	80	56	50	87	98	53	69	60	24	95	64	90	18	27	18	97	
4	68	18	97	67	11	43	86	33	74	10	32	59	72	7	69	43	40	24	61	
95	22	38	85	11	30	25	27	62	77	14	25	48	21	19	36	30	8	35	26	
54	26	91	23	69	66	72	61	98	19	97	58	13	84	63	79	28	94	3	42	
5	65	84	95	8	24	55	94	42	5	39	23	58	84	44	83	50	42	90	83	
46	17	49	75	61	42	96	1	24	4	10	46	99	59	84	63	72	43	1	60	
27	62	7	89	64	75	2	69	55	44	26	100	97	63	23	96	6	76	48	16	
58	70	98	79	92	43	90	62	9	33	42	13	1	51	2	43	4	63	37	33	
59	29	67	76	73	47	37	96	48	86	13	67	34	5	90	67	61	81	30	96	
95	86	62	94	9	64	49	45	54	43	53	78	3	35	87	22	10	26	45	8	
43	88	5	99	1	90	75	95	41	22	87	9	52	26	48	62	58	5	56	65	
39	9	26	68	53	51	76	50	82	93	68	23	48	10	93	36	54	63	49	6	
96	60	62	19	82	41	58	38	17	30	83	76	54	88	35	93	39	18	79	85	
83	98	98	90	10	1	65	5	29	6	76	66	23	77	11	89	64	87	86	98	
13	43	10	97	80	5	97	94	21	86	96	91	13	67	67	44	5	51	92	42	
On machine	17
79	89	56	63	73	99	10	85	55	52	29	41	70	29	41	14	4	18	64	78	
13	93	43	71	50	51	70	50	74	41	72	24	63	22	24	14	30	4	19	79	
89	52	87	60	76	90	59	59	94	16	56	66	97	53	59	70	20	1	45	27	
48	96	83	35	89	76	58	23	71	51	17	57	80	75	64	34	76	76	73	37	
62	87	1	45	16	4	2	8	59	3	94	52	88	90	26	34	74	91	64	17	
3	11	42	36	88	38	100	36	13	53	43	60	65	55	91	21	39	61	82	8	
45	40	94	25	16	81	53	86	81	3	23	85	26	14	80	51	80	23	70	29	
91	3	49	43	38	73	25	58	29	20	64	38	40	28	57	5	18	7	72	95	
50	47	50	66	1	27	3	35	72	11	87	34	39	56	22	51	93	91	36	14	
46	29	64	7	79	15	94	73	5	94	42	44	1	29	67	65	18	42	73	67	
88	19	35	95	52	94	84	47	23	63	64	30	47	52	85	27	11	81	59	36	
18	9	8	49	63	80	60	38	64	27	5	33	1	89	98	79	50	44	73	72	
63	3	49	80	42	65	53	53	26	6	70	23	24	72	3	75	11	1	90	32	
16	70	62	21	25	39	99	10	49	82	14	9	61	97	66	56	46	64	74	82	
67	66	20	90	87	86	13	90	66	90	17	87	16	71	33	68	87	8	64	74	
26	3	87	47	42	92	65	10	96	25	81	17	79	41	33	80	100	69	42	1	
58	12	9	68	67	82	22	46	92	76	87	8	20	49	24	14	9	68	60	48	
58	72	54	35	92	72	8	93	45	20	84	93	66	63	66	59	33	4	57	2	
90	50	65	11	100	11	76	13	78	4	72	73	27	13	96	20	77	1	11	58	
41	55	49	22	7	8	91	7	71	83	49	57	76	72	2	69	57	29	80	88	
On machine	18
9	14	57	71	59	73	65	95	50	69	76	23	61	6	34	19	15	37	93	45	
4	16	32	6	23	49	34	94	51	60	96	93	75	73	74	91	39	22	67	28	
76	17	12	95	75	86	27	20	1	48	84	32	13	88	88	86	46	53	36	91	
30	6	100	81	55	93	53	36	46	82	31	93	58	15	59	7	50	89	96	74	
53	63	44	85	72	21	58	73	77	56	18	84	75	56	92	91	14	14	92	34	
20	87	41	99	48	1	97	78	78	96	65	33	4	44	25	12	55	65	66	50	
88	94	94	56	61	78	20	25	55	44	28	39	98	27	61	5	11	46	9	89	
16	32	13	56	32	45	10	40	94	78	24	41	64	72	81	16	56	25	55	63	
30	92	65	25	7	100	83	68	54	49	45	76	11	7	70	44	96	24	93	94	
83	2	95	79	4	56	98	95	57	95	22	62	67	60	11	92	75	92	78	27	
61	16	27	98	75	46	18	4	61	36	32	17	44	96	64	36	81	47	71	82	
23	74	29	82	7	21	77	33	19	34	7	88	96	10	48	71	49	90	93	53	
73	1	24	14	28	100	3	59	13	46	90	56	6	24	8	26	33	80	13	60	
90	74	54	3	36	31	68	41	32	62	89	46	91	71	68	76	80	69	100	33	
34	83	52	22	55	27	6	3	77	3	1	80	28	76	83	30	100	11	50	69	
20	65	45	80	16	66	34	20	7	9	35	54	52	23	57	72	81	14	29	64	
80	60	98	53	37	20	81	30	21	46	96	82	2	89	24	59	95	70	60	89	
77	7	67	88	53	63	73	25	52	60	63	98	61	49	91	37	18	34	90	77	
74	100	44	21	65	69	75	26	20	99	56	48	18	99	18	46	39	66	40	89	
37	31	85	4	16	40	10	37	30	94	100	51	79	33	67	29	21	25	2	34	
On machine	19
59	1	100	85	91	38	54	42	18	55	65	97	95	66	91	55	22	96	17	24	
62	28	60	4	4	73	9	96	47	57	93	74	97	60	72	47	47	22	64	1	
44	96	62	73	14	25	29	63	66	12	13	56	97	44	2	62	26	13	81	10	
41	81	55	47	57	21	94	71	99	36	60	54	19	44	9	65	78	16	66	47	
12	54	34	13	79	66	10	28	100	11	69	81	38	97	18	60	11	94	52	16	
89	12	69	70	86	91	94	39	32	63	59	35	5	49	20	4	48	35	59	8	
26	24	91	38	63	53	96	26	8	60	4	71	23	63	73	28	2	61	3	62	
51	38	16	29	31	57	47	93	73	37	38	19	17	9	4	7	2	45	90	100	
75	96	76	75	65	87	42	49	34	10	95	52	100	61	29	2	93	74	26	31	
81	46	96	84	96	88	32	4	38	85	88	80	84	76	100	61	73	30	97	92	
62	26	61	50	77	5	82	73	32	56	7	99	96	80	95	32	63	15	39	65	
47	37	29	99	20	10	78	21	69	50	14	90	74	29	34	59	5	52	7	96	
38	27	76	64	39	77	19	34	99	77	56	53	34	10	43	35	42	37	13	34	
5	61	84	19	75	39	14	99	37	7	23	35	46	79	54	87	21	51	10	3	
95	57	53	88	66	94	76	72	90	96	76	72	55	53	93	58	76	40	5	24	
87	19	7	27	32	1	32	83	18	40	22	54	51	77	32	79	3	35	61	1	
49	61	80	64	93	68	39	32	69	17	78	36	62	54	83	20	57	79	8	93	
66	91	100	16	84	84	70	62	70	55	18	87	82	67	69	62	86	97	43	68	
91	52	11	63	66	62	99	29	52	66	76	17	98	68	8	89	85	62	78	60	
14	60	87	70	29	86	95	9	31	12	45	39	89	94	50	62	32	38	54	83	
On machine	20
33	51	73	42	38	19	98	12	22	91	70	22	83	4	59	97	42	18	73	74	
15	1	41	20	56	24	76	8	50	29	34	13	89	48	35	12	72	40	38	33	
79	19	96	55	18	93	83	52	86	63	96	13	90	68	74	64	62	89	77	70	
11	65	45	96	91	11	70	1	18	43	51	42	49	58	78	88	86	46	24	100	
68	57	57	9	5	65	82	63	89	32	40	40	28	89	12	11	51	55	22	98	
87	88	82	32	35	20	6	8	15	99	32	41	9	96	14	66	30	96	47	16	
32	67	91	33	79	61	83	15	98	59	2	26	15	19	27	10	54	81	72	28	
34	36	47	50	72	81	67	50	71	9	10	95	28	69	24	90	71	89	86	36	
99	73	31	55	3	60	34	82	32	86	42	16	25	57	63	12	33	6	86	78	
24	40	30	50	60	13	40	74	69	33	8	45	38	44	25	53	46	51	7	68	
43	41	47	95	39	10	54	15	48	100	73	96	16	2	21	34	24	9	3	6	
36	97	54	18	40	80	76	77	1	53	33	25	71	55	90	86	17	27	21	57	
50	92	38	72	31	61	45	10	25	96	21	66	60	73	16	9	43	29	76	39	
50	32	90	21	42	69	44	92	61	88	48	45	46	76	23	66	53	94	92	12	
45	46	33	21	93	29	70	39	66	31	20	78	7	13	4	59	66	17	85	46	
6	57	39	21	60	10	45	25	91	34	64	16	51	31	16	99	16	21	48	11	
34	30	41	55	80	65	24	88	91	41	25	3	76	42	86	74	61	52	51	25	
84	56	17	75	80	55	18	82	68	86	34	63	53	66	7	21	3	7	86	27	
47	76	79	8	96	40	96	63	56	28	31	95	96	87	1	13	86	87	55	11	
85	38	63	7	74	79	58	53	6	74	9	5	44	57	32	64	45	25	71	89	
