Factories	2
Families	20
Machines	2
SetupType	2

Number of Jobs in each Family
4	4	9	2	7	2	1	10	8	10	6	10	1	7	2	1	1	6	10	8	

Jobs in each Family
0	1	2	3	
4	5	6	7	
8	9	10	11	12	13	14	15	16	
17	18	
19	20	21	22	23	24	25	
26	27	
28	
29	30	31	32	33	34	35	36	37	38	
39	40	41	42	43	44	45	46	
47	48	49	50	51	52	53	54	55	56	
57	58	59	60	61	62	
63	64	65	66	67	68	69	70	71	72	
73	
74	75	76	77	78	79	80	
81	82	
83	
84	
85	86	87	88	89	90	
91	92	93	94	95	96	97	98	99	100	
101	102	103	104	105	106	107	108	

Total number of jobs
109

Processing times of jobs
2	5	
9	2	
6	2	
1	1	
3	1	
5	2	
1	1	
6	5	
8	8	
6	6	
1	4	
9	5	
1	8	
2	4	
10	9	
7	3	
8	10	
5	3	
3	6	
10	7	
9	3	
3	8	
3	9	
6	8	
3	6	
10	3	
9	4	
7	5	
10	7	
9	9	
7	8	
2	5	
8	6	
9	3	
4	3	
6	3	
4	2	
7	2	
3	6	
7	3	
1	9	
5	3	
2	3	
7	6	
9	9	
9	2	
6	6	
1	4	
4	5	
9	10	
10	2	
1	9	
2	9	
2	6	
5	5	
3	2	
4	1	
2	2	
5	1	
1	4	
1	4	
3	2	
7	10	
10	4	
10	4	
1	10	
2	6	
9	9	
5	3	
7	8	
10	6	
6	10	
3	10	
8	2	
6	5	
3	9	
6	1	
2	5	
9	7	
6	7	
1	2	
3	1	
3	10	
10	7	
9	3	
8	3	
10	5	
8	4	
4	5	
9	5	
4	5	
2	4	
6	4	
7	2	
2	10	
8	9	
1	10	
9	7	
10	7	
10	4	
7	9	
4	1	
9	1	
6	8	
3	8	
8	7	
7	8	
7	9	
7	8	

Stepup times between Families, where [f][f] represents initial setup time
On machine	1
16	28	36	32	36	36	36	15	5	38	30	6	16	2	26	16	43	12	10	11	
27	5	29	18	50	18	33	4	11	29	19	48	31	21	18	39	27	27	1	33	
27	9	42	12	15	25	50	41	32	44	43	15	4	25	10	22	9	13	1	44	
50	21	13	40	24	11	32	18	28	28	12	8	47	32	28	15	20	32	27	41	
46	35	48	35	35	38	12	19	16	34	29	5	40	1	46	31	7	29	27	44	
38	6	3	29	6	19	22	22	35	9	40	18	33	7	34	2	5	48	37	28	
44	5	41	31	37	37	20	15	42	18	25	34	43	50	43	44	43	34	42	14	
8	49	7	46	48	48	46	36	26	5	22	9	27	12	2	22	29	39	37	43	
48	26	14	47	35	7	7	20	37	39	47	14	50	19	46	1	43	45	3	32	
9	9	46	23	45	7	45	23	48	21	17	25	10	14	19	12	7	42	41	18	
18	44	28	33	14	43	50	39	17	16	4	8	39	42	19	28	7	26	41	14	
22	25	19	26	3	24	2	36	38	41	23	8	22	25	49	24	17	16	11	5	
41	45	38	24	14	18	41	21	48	35	28	36	21	47	40	1	17	32	13	15	
13	47	3	10	50	24	26	32	36	14	43	35	5	32	32	43	27	1	11	4	
15	20	48	36	45	44	26	49	34	30	3	2	30	25	35	45	15	49	13	40	
43	32	45	2	2	11	29	10	16	38	3	6	34	44	15	3	7	42	13	9	
1	40	9	24	50	3	39	17	37	7	29	42	4	22	36	40	13	10	12	19	
46	5	23	28	41	5	27	14	44	13	23	7	23	18	41	32	12	42	45	7	
19	36	2	49	16	43	24	41	36	45	47	10	28	46	16	29	20	34	19	6	
25	47	27	28	35	36	25	19	46	18	47	50	40	39	8	21	50	36	17	34	
On machine	2
42	44	24	10	50	37	12	8	45	42	13	4	46	16	39	18	34	46	43	16	
16	7	29	10	22	7	32	20	26	18	45	10	20	20	31	7	13	36	13	23	
4	8	1	11	29	6	37	8	42	3	29	46	27	50	7	23	20	37	5	33	
41	10	37	11	28	31	47	28	10	34	38	37	33	23	45	33	27	21	6	24	
13	7	18	24	44	3	4	13	11	50	35	39	33	50	15	9	13	4	19	38	
33	36	44	39	4	15	40	1	21	11	16	47	26	42	3	21	50	21	27	30	
5	46	28	24	7	19	15	15	5	32	46	30	15	14	41	40	11	25	22	38	
33	45	22	16	8	40	42	47	47	8	8	17	23	24	27	45	24	35	12	27	
9	3	15	35	2	41	43	9	19	24	29	41	2	21	35	43	11	35	17	23	
7	5	7	3	26	14	16	36	12	47	34	38	42	43	17	26	3	33	14	41	
23	6	18	13	9	5	2	48	34	5	25	40	8	42	45	44	26	47	9	4	
40	21	12	31	50	37	27	50	33	10	26	17	48	24	14	13	44	27	21	44	
2	48	4	49	24	25	24	19	27	5	44	49	41	2	16	43	39	8	8	11	
10	24	32	48	26	30	15	46	46	3	42	13	19	43	8	7	27	34	4	32	
26	47	10	24	22	5	12	23	12	26	41	2	39	41	9	31	39	46	39	2	
14	23	25	14	3	32	32	13	45	21	9	9	36	18	19	42	7	38	27	6	
17	42	30	26	25	9	19	22	44	38	19	14	24	21	26	14	47	26	36	4	
38	35	38	36	10	44	31	22	42	48	37	21	24	24	13	24	32	8	10	50	
10	43	15	20	33	2	9	2	38	19	36	46	10	35	6	36	49	16	46	25	
40	9	3	38	7	6	15	47	36	5	34	20	18	25	17	22	22	44	2	25	
