Factories	2
Families	60
Machines	6
SetupType	3

Number of Jobs in each Family
9	1	4	6	8	7	5	10	1	6	8	2	5	4	7	4	10	5	4	6	4	10	1	2	1	3	10	9	2	5	8	1	7	9	10	4	7	3	3	10	1	1	8	2	5	1	7	4	3	3	2	7	6	7	1	10	4	8	8	10	

Jobs in each Family
0	1	2	3	4	5	6	7	8	
9	
10	11	12	13	
14	15	16	17	18	19	
20	21	22	23	24	25	26	27	
28	29	30	31	32	33	34	
35	36	37	38	39	
40	41	42	43	44	45	46	47	48	49	
50	
51	52	53	54	55	56	
57	58	59	60	61	62	63	64	
65	66	
67	68	69	70	71	
72	73	74	75	
76	77	78	79	80	81	82	
83	84	85	86	
87	88	89	90	91	92	93	94	95	96	
97	98	99	100	101	
102	103	104	105	
106	107	108	109	110	111	
112	113	114	115	
116	117	118	119	120	121	122	123	124	125	
126	
127	128	
129	
130	131	132	
133	134	135	136	137	138	139	140	141	142	
143	144	145	146	147	148	149	150	151	
152	153	
154	155	156	157	158	
159	160	161	162	163	164	165	166	
167	
168	169	170	171	172	173	174	
175	176	177	178	179	180	181	182	183	
184	185	186	187	188	189	190	191	192	193	
194	195	196	197	
198	199	200	201	202	203	204	
205	206	207	
208	209	210	
211	212	213	214	215	216	217	218	219	220	
221	
222	
223	224	225	226	227	228	229	230	
231	232	
233	234	235	236	237	
238	
239	240	241	242	243	244	245	
246	247	248	249	
250	251	252	
253	254	255	
256	257	
258	259	260	261	262	263	264	
265	266	267	268	269	270	
271	272	273	274	275	276	277	
278	
279	280	281	282	283	284	285	286	287	288	
289	290	291	292	
293	294	295	296	297	298	299	300	
301	302	303	304	305	306	307	308	
309	310	311	312	313	314	315	316	317	318	

Total number of jobs
319

Processing times of jobs
10	4	5	6	4	3	
9	8	3	5	5	6	
6	3	3	8	10	2	
7	3	5	2	3	3	
5	8	6	7	3	9	
9	10	1	7	6	6	
10	1	1	10	6	8	
1	2	10	10	2	4	
2	2	7	7	2	10	
7	4	6	10	4	10	
6	1	2	9	2	5	
8	4	7	10	4	8	
6	9	5	2	1	7	
5	6	5	6	9	6	
1	2	3	4	8	3	
2	5	1	1	2	7	
7	1	7	3	8	2	
4	8	9	1	7	1	
1	10	9	4	7	6	
1	10	10	4	7	7	
7	5	3	2	5	6	
6	10	10	2	2	8	
4	2	3	6	7	9	
4	3	8	6	3	4	
1	1	9	3	8	9	
6	9	3	9	7	10	
10	5	10	10	4	7	
6	10	3	3	5	9	
7	9	10	10	2	7	
3	10	9	4	5	3	
5	8	9	9	8	5	
5	1	6	9	8	7	
10	3	5	1	5	9	
3	2	2	10	1	10	
9	8	8	1	5	4	
1	4	5	1	3	3	
4	1	6	9	10	4	
5	8	4	7	3	6	
3	7	2	9	10	3	
6	9	6	10	9	5	
2	7	9	9	9	6	
6	4	6	7	10	8	
5	7	8	3	2	3	
7	1	3	1	9	7	
3	1	8	3	6	3	
8	6	1	5	3	6	
9	2	4	5	5	10	
4	4	1	5	9	2	
1	10	5	9	9	8	
10	4	2	3	7	2	
5	10	7	10	8	2	
9	3	1	10	5	4	
7	4	9	8	6	7	
9	9	3	7	7	2	
7	8	6	10	9	4	
3	1	3	7	9	5	
7	4	10	8	6	6	
1	5	6	8	9	5	
8	6	3	10	10	9	
9	9	10	6	1	5	
2	5	5	7	1	5	
1	5	10	6	7	7	
4	4	2	8	4	4	
7	1	3	7	3	7	
5	7	6	1	4	1	
5	3	8	3	9	10	
9	2	6	8	5	2	
6	2	7	7	8	7	
8	9	10	5	4	7	
10	10	8	2	8	4	
3	6	10	7	7	1	
5	3	1	1	4	8	
2	5	5	3	4	3	
9	5	1	10	4	3	
2	4	7	10	5	5	
10	7	7	8	5	5	
3	5	5	6	10	9	
3	2	1	6	10	2	
7	3	3	2	9	6	
9	1	1	1	2	5	
5	5	7	10	8	9	
4	10	5	10	6	3	
6	4	1	6	4	8	
10	8	5	2	5	2	
10	2	2	5	5	5	
5	9	2	7	4	2	
7	10	9	7	10	6	
9	2	5	5	9	7	
9	10	5	1	6	1	
8	8	4	10	6	5	
5	5	9	3	9	3	
5	9	7	7	1	10	
8	7	4	7	8	6	
3	4	2	1	3	2	
6	3	5	10	4	9	
8	2	5	4	9	5	
4	6	2	4	7	8	
5	5	9	4	5	1	
9	10	7	9	7	8	
9	10	10	4	4	2	
2	7	4	6	1	7	
4	3	7	3	7	10	
5	2	9	6	1	8	
2	10	1	7	3	6	
4	10	6	7	10	1	
1	6	6	9	8	4	
2	1	7	3	3	5	
10	8	7	2	4	7	
1	5	2	9	10	8	
4	10	8	5	6	1	
9	2	3	1	3	5	
4	9	8	5	10	6	
6	1	1	7	4	1	
3	3	3	5	9	1	
10	10	4	2	6	4	
8	1	1	4	1	1	
1	8	7	7	9	2	
9	2	4	7	4	3	
2	10	4	5	3	5	
9	8	6	2	3	4	
9	5	4	9	8	9	
4	8	7	3	9	7	
2	6	7	8	8	10	
3	5	1	1	3	1	
6	3	1	2	4	3	
1	5	9	2	5	4	
7	6	2	3	10	2	
10	2	2	2	3	6	
8	6	2	3	10	4	
7	6	10	2	5	5	
6	6	3	1	10	4	
8	2	10	4	1	6	
9	10	6	9	5	1	
5	3	6	10	4	6	
7	9	5	8	6	5	
10	3	1	8	6	10	
7	6	5	8	3	3	
5	1	10	3	6	3	
7	2	2	8	3	6	
6	2	3	1	2	5	
4	1	5	3	3	3	
7	2	4	8	3	8	
7	10	2	4	3	8	
2	8	4	4	3	7	
10	5	5	6	10	4	
1	1	10	7	8	9	
10	4	10	3	3	9	
9	8	3	1	8	3	
10	1	6	3	4	6	
10	6	9	10	5	10	
4	6	10	4	1	8	
6	6	9	6	1	1	
9	7	6	4	4	3	
2	5	5	3	4	10	
10	1	4	6	2	2	
10	7	10	1	9	7	
3	3	8	10	5	6	
9	3	7	3	4	10	
4	4	7	9	4	9	
7	5	1	1	2	7	
3	10	9	3	6	6	
7	6	5	2	1	8	
6	7	3	9	3	3	
3	5	9	3	10	1	
5	6	8	2	7	5	
6	10	4	4	9	1	
3	9	7	4	3	4	
5	10	2	8	5	2	
3	10	10	9	1	5	
5	8	7	1	10	9	
2	3	10	9	5	3	
6	1	7	1	7	8	
9	8	4	4	7	10	
6	3	1	3	10	1	
10	3	9	10	1	9	
3	8	7	5	7	5	
6	1	7	4	6	6	
4	10	8	9	9	7	
3	7	1	8	5	4	
3	8	7	8	8	9	
1	3	3	3	8	2	
2	8	4	7	9	10	
1	1	9	8	10	4	
3	7	4	10	4	3	
10	8	10	10	8	1	
7	7	7	7	9	2	
7	9	2	8	8	5	
2	9	8	9	2	2	
5	6	3	5	4	9	
10	4	3	5	2	5	
1	9	7	10	10	2	
4	8	9	4	2	2	
9	2	5	7	1	7	
4	2	2	4	3	3	
9	5	8	5	2	6	
3	8	4	2	8	10	
2	1	10	3	6	5	
10	2	5	7	1	10	
7	6	8	9	9	6	
1	6	1	10	4	1	
3	5	6	10	6	9	
7	2	7	1	4	7	
8	3	10	5	7	6	
2	5	6	7	10	6	
10	7	7	6	6	5	
7	8	3	9	4	1	
5	3	10	6	6	5	
7	6	2	6	5	1	
5	8	3	10	6	3	
9	9	10	5	5	1	
7	3	10	9	2	7	
3	4	1	3	10	9	
3	8	1	10	1	9	
4	9	1	5	5	4	
6	4	8	3	5	7	
1	10	3	8	3	10	
8	6	5	1	1	2	
8	10	2	9	9	3	
5	7	7	9	2	6	
10	1	10	9	1	6	
2	5	9	10	8	7	
6	8	8	3	1	6	
6	3	4	5	6	6	
4	5	6	9	7	7	
4	3	8	6	9	4	
6	8	7	5	3	7	
8	10	6	3	4	5	
6	9	6	1	1	8	
7	2	2	3	2	2	
9	5	7	7	4	9	
1	1	4	1	4	7	
3	10	8	4	8	1	
2	5	1	6	1	6	
6	7	4	2	2	1	
9	5	5	9	1	3	
5	2	10	3	8	7	
4	2	4	5	8	1	
5	9	3	9	1	7	
10	1	1	8	7	1	
5	9	4	7	4	8	
9	8	2	10	3	7	
3	3	3	4	1	7	
2	2	8	9	7	8	
6	4	7	2	7	4	
4	10	3	2	2	2	
9	9	6	5	4	3	
6	5	9	9	6	9	
3	4	2	8	5	2	
3	3	8	9	2	3	
9	5	8	2	8	8	
5	5	2	4	10	4	
9	10	5	3	8	6	
5	10	8	5	7	9	
10	9	3	9	10	8	
5	9	5	5	7	6	
7	3	7	8	8	6	
1	8	3	9	5	4	
4	3	4	1	4	5	
2	1	10	6	7	3	
1	8	9	9	5	8	
5	5	5	5	9	1	
3	9	5	9	1	1	
3	8	3	8	4	1	
4	8	3	5	6	4	
6	4	7	3	5	9	
6	10	9	4	5	7	
5	9	2	7	1	2	
2	2	10	6	7	7	
5	3	9	3	10	5	
6	4	10	3	7	5	
7	1	1	9	4	5	
7	7	9	7	2	6	
10	1	8	10	1	1	
10	10	5	9	4	4	
9	10	1	7	4	6	
10	2	7	4	3	7	
9	3	1	3	4	5	
9	8	1	1	4	5	
3	6	4	5	1	5	
9	10	3	3	2	8	
10	6	8	10	7	8	
1	8	10	5	5	6	
8	1	10	2	1	7	
5	5	5	4	1	7	
7	10	6	7	7	9	
5	5	6	3	2	2	
2	8	1	4	3	4	
9	8	1	4	7	8	
3	9	5	5	4	10	
2	3	9	2	7	5	
7	7	8	3	9	1	
7	1	5	5	1	1	
10	7	1	3	2	4	
1	9	6	2	3	6	
3	1	8	7	2	6	
10	8	5	6	4	2	
1	1	7	7	1	8	
2	10	5	5	7	1	
3	6	9	1	1	10	
5	8	6	1	10	8	
1	9	5	8	1	9	
4	2	2	6	3	5	
1	8	7	3	7	3	
5	6	1	5	1	1	
9	10	4	2	7	5	
6	8	2	4	2	7	
6	5	9	7	1	1	
7	9	2	4	2	6	
6	9	1	1	2	6	
4	7	10	6	5	10	
4	8	1	3	3	4	
3	5	8	8	4	7	
8	3	8	9	9	3	
6	1	10	8	1	7	
2	2	7	7	8	9	
8	2	4	7	5	9	
10	4	10	9	5	9	
5	10	9	4	7	7	
7	2	2	8	1	4	

Stepup times between Families, where [f][f] represents initial setup time
On machine	1
33	54	28	88	76	12	22	72	26	18	2	29	42	2	59	73	84	99	40	61	74	44	27	51	2	1	51	59	84	84	12	53	97	39	76	65	48	5	8	44	80	90	76	91	50	65	59	14	32	65	52	55	62	53	10	35	100	95	27	75	
49	78	70	94	30	60	23	95	2	92	54	10	84	97	8	96	74	34	5	95	73	19	21	94	68	11	97	48	93	56	81	6	66	4	44	92	49	57	7	97	38	68	97	22	20	61	18	79	38	34	47	55	75	25	41	53	97	99	42	84	
58	46	40	56	11	53	51	17	32	86	46	99	65	97	77	15	92	91	9	50	6	90	3	62	94	31	62	77	95	27	3	28	30	46	22	68	8	81	14	65	54	87	49	71	37	71	69	89	34	8	75	54	59	56	30	74	19	1	50	89	
60	5	41	23	78	57	61	31	58	44	56	53	80	49	44	50	89	50	87	98	77	82	62	17	20	90	20	37	65	47	25	19	96	43	52	67	24	53	46	37	40	98	4	61	8	6	47	91	98	26	13	19	10	35	99	35	57	78	37	23	
9	97	97	68	85	83	40	84	58	32	17	53	11	95	23	20	61	79	89	12	18	91	64	55	18	1	5	11	15	42	76	29	21	96	24	46	89	64	72	55	96	68	37	19	74	55	45	87	59	36	92	45	52	33	64	31	82	66	54	90	
53	65	74	38	35	2	56	5	15	25	89	52	16	55	88	53	73	31	74	45	83	62	62	95	76	77	37	98	78	97	100	92	39	98	72	31	47	57	91	68	48	8	67	2	56	68	68	72	68	37	17	99	40	87	60	74	83	41	10	30	
72	41	89	8	53	59	8	40	43	51	50	36	15	80	54	26	83	63	34	79	28	26	84	12	34	29	66	1	40	14	17	91	66	32	50	6	56	31	26	56	77	26	4	13	92	45	66	99	94	79	90	71	68	79	53	5	62	51	11	33	
27	49	24	70	51	49	70	91	83	94	44	96	93	1	15	46	96	71	55	90	44	6	100	63	80	74	41	54	19	32	85	73	1	28	68	47	48	88	16	47	83	96	8	31	97	47	61	87	25	94	76	55	17	79	7	73	1	29	100	26	
57	34	22	26	65	5	24	57	72	61	79	93	83	49	44	58	59	18	7	33	89	78	54	77	61	86	81	57	14	19	17	81	61	68	51	75	35	58	2	61	99	96	69	26	51	97	38	65	42	49	41	52	72	91	53	28	85	96	72	84	
79	23	22	37	73	62	84	9	100	73	48	10	37	1	16	49	7	53	18	62	71	92	99	19	41	29	5	5	88	23	21	26	1	83	5	95	32	56	84	24	67	61	48	13	83	37	100	7	8	91	14	52	97	79	9	51	36	57	41	60	
71	36	20	30	94	78	67	26	39	42	73	23	48	70	52	2	68	42	27	16	29	52	60	61	68	26	46	4	45	69	71	72	56	83	48	17	57	12	8	12	88	60	53	14	72	12	84	32	44	41	84	67	86	13	26	38	28	65	43	8	
37	27	65	10	65	97	39	50	59	61	99	33	70	66	49	19	9	95	38	52	100	7	14	92	8	12	82	90	46	8	84	38	51	57	4	97	14	20	75	98	54	29	50	58	1	64	5	27	10	31	8	65	79	90	78	1	34	87	5	82	
21	19	41	36	79	21	100	86	77	18	97	5	1	56	35	83	62	42	21	5	100	28	28	31	90	32	24	35	48	76	74	1	14	75	38	23	54	73	37	81	28	1	29	18	77	78	3	87	28	69	44	27	89	62	32	72	99	15	88	53	
83	17	39	28	79	70	50	58	87	7	2	13	31	63	82	65	96	31	70	46	32	95	48	37	56	37	25	30	4	9	57	80	42	77	50	31	98	13	10	10	66	10	52	39	48	78	54	75	60	83	24	26	72	22	87	92	33	25	82	69	
64	97	73	87	13	92	96	5	19	97	34	18	27	5	48	34	33	72	63	56	41	3	21	49	74	32	6	20	61	35	17	82	100	10	62	80	61	93	1	30	76	60	58	67	51	46	51	70	5	20	46	19	26	89	20	59	58	59	69	88	
55	65	8	16	23	98	5	79	92	14	61	20	7	28	38	76	26	52	96	73	77	42	27	53	79	6	50	61	38	45	55	41	80	21	8	45	45	24	70	5	29	54	40	36	8	4	85	78	22	43	50	61	52	78	50	49	8	19	11	50	
56	92	38	94	10	69	37	94	35	68	8	58	33	9	37	37	65	43	61	9	85	35	20	6	34	48	10	12	2	58	7	76	19	43	72	40	31	11	19	53	59	58	97	9	18	7	57	100	68	47	48	80	74	44	15	41	20	20	24	82	
59	17	74	80	24	26	98	42	74	77	82	66	80	38	59	71	3	13	8	32	60	71	15	76	93	54	47	58	64	82	65	42	90	59	55	96	66	48	80	73	16	69	21	65	15	100	75	96	20	17	66	91	50	79	17	88	55	46	96	32	
88	66	51	81	16	76	95	48	33	39	65	45	8	82	37	76	18	21	45	10	82	12	79	65	9	23	64	85	87	98	50	36	8	56	94	98	3	27	42	16	10	38	23	45	50	80	34	82	32	91	20	16	76	26	26	28	33	67	82	38	
94	91	60	65	95	17	56	98	30	70	48	34	71	2	8	65	19	22	84	89	29	15	74	88	3	48	65	81	46	27	89	96	90	2	87	68	89	63	19	24	54	28	1	37	62	69	61	11	2	38	31	94	46	18	65	43	73	68	14	46	
73	67	15	14	37	41	23	88	54	91	85	97	6	25	56	39	47	28	10	52	99	55	50	16	10	34	38	100	12	8	2	7	93	31	84	21	39	18	100	94	83	46	8	8	34	81	11	84	89	15	71	43	54	30	62	35	77	21	25	59	
20	54	56	100	83	16	2	85	14	39	86	5	31	91	64	26	26	84	60	42	80	50	7	70	24	21	15	21	36	77	10	58	43	96	10	20	81	64	31	17	88	82	16	39	46	33	15	27	55	87	4	66	4	70	76	97	8	85	1	32	
98	56	64	7	39	49	98	55	53	1	85	34	36	50	64	65	9	66	7	22	64	40	46	75	10	21	48	29	18	10	8	16	71	56	81	90	11	1	57	14	63	69	62	95	43	15	8	45	54	33	10	36	78	28	60	70	5	5	20	78	
79	84	68	50	60	95	67	68	72	31	31	65	97	26	83	97	4	49	25	67	20	21	74	96	35	67	56	18	93	4	36	95	26	96	76	30	28	4	23	41	13	93	96	67	73	42	87	48	91	19	66	6	32	72	44	43	81	74	80	5	
39	48	95	41	4	28	33	47	67	63	65	48	6	98	68	33	38	43	68	91	93	63	85	63	48	73	43	84	44	59	14	39	2	16	87	15	71	2	11	9	65	68	28	5	31	62	62	38	65	64	72	50	4	80	36	62	19	28	89	72	
58	72	42	57	2	71	46	26	97	32	18	58	39	63	6	34	17	29	99	11	21	92	96	50	67	39	44	18	58	57	44	67	41	92	22	83	23	91	69	53	30	36	29	51	32	44	5	28	31	80	71	39	70	61	28	63	35	2	5	71	
8	60	29	32	53	26	12	68	10	35	64	21	28	61	26	7	49	19	22	94	94	89	38	67	5	58	40	28	74	2	19	50	1	58	52	43	64	56	74	17	98	11	98	90	61	55	91	100	88	48	9	6	29	33	96	31	77	15	56	62	
91	35	86	75	37	81	37	46	60	53	38	61	92	79	25	31	44	29	45	30	79	72	98	48	76	88	44	22	34	80	87	56	42	98	9	25	9	78	64	62	100	61	41	21	51	43	79	20	6	97	44	18	46	45	80	81	87	95	20	57	
84	85	98	7	92	85	65	1	68	13	64	22	57	20	50	77	63	27	21	79	50	2	79	48	4	40	96	69	55	24	62	75	32	10	41	55	84	22	98	95	30	35	22	92	82	34	11	28	48	4	27	61	24	88	48	87	33	14	43	51	
55	85	79	77	77	52	20	75	42	3	88	90	72	38	46	16	71	43	98	70	87	24	29	69	24	63	49	32	41	33	34	8	71	12	82	14	79	21	27	24	31	18	87	58	65	32	24	79	64	83	92	84	51	92	10	41	23	35	51	2	
97	19	72	27	32	43	57	35	59	10	69	25	30	25	46	32	9	12	4	5	14	58	77	14	45	24	8	57	72	45	26	38	96	39	44	69	12	13	18	75	100	32	79	15	95	46	23	100	97	53	81	57	16	100	41	23	63	57	13	6	
64	95	82	7	30	76	57	69	98	58	90	27	47	73	41	65	27	72	12	5	52	13	40	43	78	14	3	100	99	5	34	84	41	26	62	34	19	64	40	4	19	41	29	75	70	79	23	28	5	87	42	52	90	67	86	9	21	30	61	25	
73	66	3	90	53	7	51	67	12	82	73	90	53	32	31	62	7	68	17	91	21	11	12	32	59	3	40	41	76	13	9	33	31	23	99	69	100	40	98	77	84	30	56	18	83	26	60	85	85	50	30	83	75	64	92	98	96	25	17	99	
52	28	12	20	19	35	64	36	52	95	57	60	40	52	77	53	78	55	15	67	61	76	60	76	16	30	88	89	4	89	44	20	35	6	6	3	40	52	48	84	31	70	52	38	11	76	7	30	45	15	69	89	86	50	21	81	67	25	41	38	
80	63	4	11	59	6	30	58	59	65	96	76	1	99	77	84	25	82	7	66	4	67	94	55	8	23	82	83	1	65	31	69	47	99	66	89	99	58	94	84	71	86	4	53	36	81	62	69	2	26	25	44	91	37	34	24	68	97	66	5	
96	30	6	25	25	65	90	10	12	89	8	70	64	71	19	59	58	11	8	51	27	52	57	93	15	18	69	16	1	23	15	84	46	69	50	79	26	77	48	5	29	22	21	31	54	64	11	81	98	19	83	10	43	53	59	80	31	38	82	8	
39	65	23	91	23	92	18	90	95	68	3	47	30	19	17	72	22	53	66	79	33	36	95	55	59	31	66	46	39	18	26	64	6	71	40	75	73	76	35	11	35	16	5	11	36	99	84	53	39	10	61	23	18	54	52	14	73	43	8	7	
20	16	58	43	59	6	64	23	26	2	30	17	42	54	56	18	81	54	45	93	42	59	56	18	85	65	33	10	83	62	59	86	29	86	67	58	77	80	83	32	22	8	64	41	13	27	77	28	48	72	29	36	90	68	31	51	78	97	56	20	
13	38	20	80	66	50	20	48	4	90	75	70	39	40	72	39	99	93	76	8	54	73	1	15	43	58	21	8	22	6	71	79	45	77	74	92	80	94	12	42	13	44	62	80	43	1	93	94	84	34	49	98	73	42	58	90	85	95	80	53	
48	48	99	48	97	94	95	67	26	37	46	60	3	71	62	15	6	66	30	74	13	73	7	15	16	65	39	72	65	65	14	59	37	48	67	42	40	24	37	24	8	63	27	45	2	77	73	30	78	73	96	77	25	49	55	47	75	59	51	2	
90	66	16	70	11	24	69	2	47	49	82	88	39	23	31	29	31	20	48	26	89	93	3	88	52	24	45	89	87	41	1	44	96	80	2	37	4	97	3	60	13	100	56	95	77	99	34	74	9	6	94	7	46	94	67	18	91	1	85	46	
31	25	70	80	84	37	67	21	100	88	70	71	66	93	11	16	61	38	83	93	48	25	5	88	70	80	39	64	64	68	35	62	35	92	74	93	45	19	1	89	17	79	74	48	59	88	85	100	4	88	32	93	21	12	23	21	88	51	44	89	
58	29	74	88	68	23	65	81	99	85	42	14	97	24	23	26	74	65	100	2	100	29	31	3	31	55	85	35	76	7	75	71	50	72	4	16	13	29	99	5	30	15	15	11	52	2	92	66	90	84	2	83	20	6	41	78	38	22	75	66	
54	12	90	51	50	29	43	79	30	21	67	44	15	100	32	37	40	28	31	19	76	21	49	82	12	93	18	28	71	64	97	21	55	67	57	92	93	88	64	17	24	9	30	75	93	18	92	52	31	52	54	62	34	68	93	40	73	3	30	89	
80	47	11	49	86	98	78	78	75	46	27	45	46	36	56	25	97	24	81	95	76	85	82	90	91	66	36	77	38	77	72	55	80	22	60	9	35	70	55	91	89	17	75	16	88	42	77	51	90	95	69	74	100	39	39	96	71	5	69	16	
28	53	49	71	80	54	45	66	3	44	98	96	90	2	78	25	90	3	65	64	92	17	81	43	74	58	49	60	23	58	31	57	1	40	1	15	50	53	82	56	65	46	17	88	59	46	18	9	5	55	27	33	23	27	61	59	14	18	7	85	
62	78	19	5	67	11	36	51	57	16	75	58	77	70	93	81	70	11	68	43	28	70	41	18	64	49	9	21	16	63	82	100	92	67	13	8	42	1	34	67	25	23	48	25	72	38	77	15	65	75	52	80	64	20	53	2	86	15	72	3	
85	65	6	56	18	15	17	53	88	13	43	74	79	99	80	84	29	44	55	55	8	32	81	76	100	41	48	26	25	14	56	17	4	64	87	62	3	52	50	1	47	53	14	8	98	54	32	35	4	43	17	89	25	24	21	62	32	33	78	89	
14	44	51	52	38	69	33	53	3	64	54	88	6	84	36	98	30	14	56	56	98	55	24	96	74	42	22	79	36	65	34	12	76	87	66	36	89	14	19	54	7	50	55	89	94	10	1	60	12	85	56	57	90	35	72	45	38	26	89	38	
29	35	42	74	31	9	65	4	79	36	31	77	62	58	70	88	54	26	69	69	47	57	20	30	4	69	61	95	62	100	78	60	78	77	64	48	28	92	31	1	4	40	15	61	76	52	63	42	38	34	71	90	27	68	91	72	8	44	58	31	
53	67	33	72	91	85	33	26	42	31	34	74	70	92	96	3	21	76	21	15	78	29	77	14	13	72	99	19	19	76	5	61	79	17	49	43	89	93	52	91	13	37	28	16	31	26	30	22	30	94	54	46	19	8	89	18	20	40	26	50	
24	81	76	16	4	17	80	81	71	59	59	88	38	40	90	58	19	8	8	95	94	50	84	48	12	65	12	9	96	24	41	81	64	76	16	84	17	20	92	69	45	81	97	48	44	15	48	5	40	4	32	57	38	68	60	72	26	93	26	80	
50	56	32	74	49	75	73	14	5	60	42	64	36	50	9	28	55	54	85	37	16	77	64	33	77	92	14	79	4	52	10	83	48	56	74	27	10	23	66	42	17	18	73	29	75	25	12	75	19	65	35	73	46	23	77	38	23	46	65	73	
2	3	14	93	93	20	64	12	48	1	85	95	91	62	15	37	74	32	90	94	17	4	20	73	39	38	75	45	80	3	19	57	84	32	88	79	38	64	15	14	13	19	84	58	1	73	14	31	21	94	62	12	20	11	81	7	18	82	1	86	
53	85	34	51	67	32	93	28	9	84	29	16	64	54	60	74	11	45	76	64	53	99	22	82	97	43	46	48	47	47	69	12	33	30	23	9	70	92	17	57	17	60	58	19	9	51	77	8	79	60	51	63	13	3	96	48	42	98	95	47	
70	61	61	4	48	56	82	60	29	31	92	37	42	52	80	55	29	49	66	52	63	76	51	29	94	27	81	9	81	33	63	26	80	12	94	29	15	1	99	79	57	36	81	29	53	41	86	3	87	87	1	85	43	39	70	70	94	21	77	90	
34	48	4	81	40	92	92	48	13	15	10	72	44	93	54	88	85	81	23	12	55	75	52	12	97	8	22	33	64	38	88	6	80	60	24	85	31	57	79	76	18	32	38	95	29	21	81	55	30	50	60	41	85	16	32	96	99	54	41	7	
93	30	54	94	59	3	84	50	43	60	82	22	34	35	96	5	21	100	39	34	81	38	81	55	6	46	53	21	80	39	49	55	51	46	50	53	43	91	96	59	11	55	66	82	90	88	48	69	82	49	72	80	85	19	93	94	57	37	31	65	
5	66	51	82	85	100	57	68	64	87	59	73	12	27	67	79	82	39	10	29	15	14	59	10	22	79	90	69	27	57	17	30	61	91	74	63	55	74	23	83	47	6	95	59	8	29	89	94	60	16	85	98	1	10	86	95	1	24	50	36	
43	6	69	4	68	18	68	19	98	14	68	33	48	42	74	58	66	44	72	26	10	99	31	98	67	50	39	68	21	73	74	88	81	84	45	4	39	99	63	6	97	98	79	10	81	74	89	49	66	87	92	72	39	80	90	25	49	76	43	81	
On machine	2
46	62	78	61	61	23	6	2	48	2	12	59	44	72	18	64	24	94	20	25	36	8	64	15	87	71	59	15	31	1	58	13	69	75	70	98	16	23	20	61	97	79	23	82	79	78	43	32	48	10	30	78	45	54	37	64	55	28	54	79	
42	33	79	96	72	12	74	80	85	44	18	2	18	30	88	92	51	59	87	49	22	82	41	47	9	69	31	18	70	27	11	33	17	17	8	59	42	21	1	98	93	51	74	36	34	36	19	9	88	55	86	33	73	14	87	8	86	100	70	67	
89	25	85	70	76	23	79	18	16	2	16	17	2	2	62	96	1	27	15	61	28	42	76	28	57	98	61	46	50	25	78	56	26	24	17	90	80	92	33	80	100	99	71	41	58	95	59	9	67	85	93	50	25	56	64	7	26	2	75	53	
48	51	86	91	31	50	72	96	36	97	78	42	93	44	70	49	17	20	13	92	41	4	61	87	38	37	64	26	93	50	25	61	77	90	60	100	12	1	27	37	28	41	94	91	87	14	37	61	77	35	7	16	94	98	43	22	75	89	86	4	
97	75	62	77	39	15	66	34	99	35	21	100	85	95	28	76	71	35	15	3	84	31	63	83	26	89	15	48	57	48	15	82	42	63	24	81	88	32	44	38	26	14	41	46	50	93	34	65	96	84	1	76	93	63	35	42	66	23	76	92	
11	14	70	23	93	48	1	94	20	46	36	76	85	60	26	10	39	38	98	17	70	86	47	55	41	21	52	75	100	23	11	30	46	56	77	84	5	12	2	44	6	97	21	7	94	36	5	69	85	30	81	16	2	47	21	54	71	60	10	50	
15	64	57	8	48	72	26	44	66	21	91	66	98	54	46	11	35	58	58	39	62	33	7	40	59	25	15	29	75	96	41	62	52	100	3	11	83	64	82	40	93	21	83	4	92	51	28	61	83	22	53	11	25	78	43	18	1	59	68	45	
89	17	48	60	89	6	28	70	59	58	9	100	93	78	84	76	65	94	55	53	11	8	10	81	71	32	90	41	21	100	46	6	26	39	37	52	25	66	95	15	62	20	11	7	38	67	12	4	100	45	51	6	82	12	68	91	10	20	17	87	
2	86	31	19	45	46	82	37	57	16	87	58	26	44	60	37	61	84	12	20	29	6	43	97	24	42	20	83	29	7	66	28	24	4	24	40	15	54	64	3	75	44	73	48	95	60	95	24	21	4	80	29	28	8	29	61	25	94	14	77	
28	85	78	25	95	54	13	27	51	43	63	99	34	83	9	41	55	27	66	21	74	21	63	11	18	14	7	23	70	40	14	70	84	46	68	30	20	84	9	77	13	94	98	93	11	47	39	68	40	69	51	79	4	42	63	85	63	22	14	99	
2	40	40	25	20	19	54	86	94	62	37	1	37	85	91	12	84	37	90	66	29	77	34	68	56	92	2	79	73	27	90	28	93	35	31	55	37	90	86	57	78	68	50	77	40	62	64	9	56	34	80	82	11	45	5	48	69	73	21	62	
2	21	78	6	80	43	13	72	45	53	21	37	91	34	10	61	49	67	14	28	59	32	75	33	53	92	55	40	12	10	48	74	85	100	24	22	58	37	64	67	34	58	51	71	81	36	41	82	68	10	37	64	86	80	32	15	67	6	75	20	
47	71	31	31	99	20	10	88	83	6	81	37	40	31	40	66	60	39	85	76	82	65	1	77	24	71	91	59	77	44	66	87	32	76	1	23	30	73	21	71	8	49	83	85	41	22	83	48	33	49	33	18	86	74	41	80	57	48	16	73	
20	56	92	33	19	94	16	81	17	16	45	64	12	85	76	56	95	53	54	5	31	64	68	61	52	76	66	13	62	70	18	74	39	27	25	8	54	7	14	75	69	71	42	19	71	48	82	1	73	39	87	82	82	54	87	28	64	74	84	35	
78	79	66	50	63	41	36	14	47	17	88	18	44	91	71	75	22	21	47	49	20	64	91	11	11	45	46	52	19	74	11	67	5	66	48	96	58	83	71	15	2	2	18	61	41	33	34	96	60	100	1	64	95	44	9	83	1	11	16	73	
25	47	27	84	39	3	4	49	74	99	40	32	81	64	71	96	76	79	61	71	81	100	60	53	2	27	59	83	96	6	59	2	64	25	52	23	37	78	62	89	3	71	60	8	78	78	33	93	74	51	25	80	37	51	62	33	21	93	23	46	
37	33	85	59	70	44	9	39	50	27	33	99	15	77	51	45	17	75	10	90	34	95	65	26	45	32	29	23	81	54	23	73	27	47	95	9	50	36	55	49	91	38	19	3	92	99	32	68	8	1	59	35	40	29	95	70	80	68	7	20	
85	90	13	15	94	50	73	16	24	2	54	57	67	79	38	70	61	80	65	59	1	79	28	17	17	36	57	27	83	37	90	59	82	77	21	85	30	25	27	59	57	4	38	94	14	66	31	72	95	95	44	94	31	53	48	67	35	27	73	42	
53	96	27	53	66	59	13	51	56	72	45	19	24	7	75	13	64	35	90	56	77	54	66	32	99	47	37	55	9	84	25	79	50	21	53	17	12	9	52	4	83	75	74	87	14	39	100	25	74	99	94	43	99	100	67	98	99	1	33	22	
32	50	37	61	30	1	94	45	33	69	9	97	24	30	79	60	57	29	58	99	99	56	41	28	70	37	51	4	58	39	61	54	10	5	3	68	14	74	56	66	59	13	57	33	14	85	44	78	99	3	25	94	87	19	85	48	5	73	57	49	
89	30	33	11	58	57	18	5	45	61	100	22	97	11	4	13	85	37	73	84	96	87	81	91	15	85	95	46	68	12	66	61	74	28	45	57	37	82	81	100	63	35	10	93	31	1	30	56	29	60	58	98	78	39	78	98	86	64	31	71	
99	90	22	26	20	2	48	98	53	20	61	72	5	78	86	66	57	53	82	43	71	51	74	82	27	17	35	14	100	82	4	83	83	11	77	13	95	72	80	17	25	11	62	62	2	60	83	34	16	37	13	77	58	19	86	33	30	44	77	23	
86	50	12	45	51	44	51	93	32	71	63	32	78	96	27	6	42	64	75	69	96	20	12	84	34	54	78	30	56	40	29	75	31	91	73	98	43	87	100	83	86	81	74	40	90	77	34	59	82	22	56	78	91	2	68	13	8	66	86	19	
16	93	88	35	87	47	56	85	80	9	83	66	13	68	45	8	8	59	97	37	100	81	75	77	79	15	12	42	11	41	34	88	70	22	53	34	99	5	85	63	25	7	97	76	94	79	23	48	32	11	1	77	75	75	96	91	11	91	7	35	
7	21	61	70	51	81	95	18	5	5	40	23	54	11	74	9	4	9	78	42	35	99	66	11	8	47	74	84	20	94	20	15	85	25	69	1	73	86	17	31	76	35	80	2	56	87	50	82	15	72	100	80	36	93	84	22	33	61	51	95	
49	52	88	27	64	89	68	24	63	87	96	38	73	95	59	76	94	61	65	71	60	27	30	94	67	92	47	91	77	25	17	37	86	93	19	11	24	32	31	91	22	33	12	95	54	5	43	92	80	63	58	75	65	86	32	25	69	91	86	81	
29	68	53	61	95	13	89	94	73	56	78	64	100	72	77	13	6	33	57	42	35	84	10	83	53	73	53	48	97	24	34	21	3	96	91	28	89	68	78	92	48	44	84	4	20	16	79	64	9	96	76	56	26	52	1	10	73	64	95	21	
47	86	63	27	13	34	50	74	23	55	69	50	44	60	10	58	90	46	37	42	72	56	30	3	97	55	83	93	71	79	80	33	31	5	9	2	99	22	4	6	97	60	16	68	90	88	41	68	23	72	76	32	98	30	33	66	37	52	44	28	
54	94	49	22	38	9	84	10	59	17	43	72	56	41	41	1	37	57	75	90	46	4	24	9	20	15	23	27	80	33	7	34	54	29	30	96	99	90	99	41	91	21	80	30	23	20	69	66	1	77	32	21	99	52	13	7	28	53	18	14	
40	18	2	19	4	20	3	71	27	76	3	72	19	56	47	73	66	51	95	66	94	13	22	97	99	58	75	14	80	10	62	28	73	61	55	84	59	88	35	1	9	55	16	38	93	88	28	44	66	20	21	30	85	5	72	93	73	60	13	47	
91	60	49	77	82	47	71	21	40	99	48	53	45	19	26	64	95	39	95	16	46	81	45	46	9	18	61	94	61	68	69	42	38	29	94	40	11	64	49	77	57	39	48	29	83	88	25	37	33	72	3	12	42	17	8	89	58	54	90	91	
16	17	53	94	28	92	64	42	20	92	99	93	88	6	96	42	44	87	41	27	9	39	33	54	35	12	50	60	57	75	11	17	97	79	42	24	25	5	12	10	78	84	63	29	37	50	4	43	99	66	69	34	21	3	13	10	15	82	15	18	
89	83	31	43	12	90	55	7	62	76	14	17	68	54	87	40	66	33	71	92	92	79	14	79	64	78	95	89	21	7	87	11	66	4	44	50	49	86	10	12	26	25	29	6	46	16	53	2	37	69	51	23	48	8	12	10	23	95	14	3	
66	35	45	45	97	73	28	26	37	99	29	63	69	56	71	94	85	48	45	84	69	53	50	10	38	75	71	26	81	98	64	75	12	78	14	18	81	78	16	30	83	65	73	7	71	89	38	8	32	32	57	78	47	97	25	33	74	58	66	92	
14	47	83	34	62	16	50	14	82	19	60	31	76	48	34	16	73	92	19	14	83	11	75	67	14	24	24	49	17	75	47	23	62	19	4	16	32	57	45	82	24	47	32	72	78	12	80	55	10	49	86	85	7	60	33	56	6	48	78	53	
2	5	60	28	58	72	75	63	83	77	31	54	28	64	92	2	35	22	79	12	15	60	31	67	55	57	57	44	28	56	5	51	77	28	62	7	29	47	32	30	54	21	39	89	41	85	47	44	99	4	66	94	10	41	66	16	55	9	52	84	
70	25	43	48	38	56	41	47	31	68	30	39	30	27	7	39	40	75	34	63	68	55	86	74	85	89	90	27	79	24	53	56	26	73	49	34	54	65	88	65	17	40	78	55	69	69	73	10	60	44	33	99	88	4	47	7	88	82	88	37	
80	38	38	27	12	41	71	65	44	67	69	96	98	49	73	53	13	85	14	31	33	25	52	27	47	5	65	10	93	86	100	54	17	59	81	57	7	49	69	41	33	2	46	100	82	1	61	78	81	13	73	61	87	62	79	3	11	20	56	59	
6	43	50	29	67	55	31	31	19	65	62	100	28	46	24	35	70	46	10	85	2	23	36	42	43	48	25	53	58	72	7	49	95	47	50	18	81	98	4	57	84	42	56	25	45	71	7	71	93	54	10	35	83	17	85	46	84	93	55	42	
80	48	76	1	18	73	95	23	19	21	20	30	31	78	37	34	80	17	3	44	7	8	67	63	44	30	9	98	54	86	85	81	75	74	21	62	33	80	7	13	93	58	2	43	87	59	18	92	42	21	91	11	69	39	42	46	14	94	100	50	
94	72	51	84	25	1	7	33	55	42	52	3	56	42	12	71	4	15	95	98	46	53	85	87	58	97	83	68	36	9	86	9	3	38	77	39	85	49	97	9	65	14	90	78	3	74	8	55	31	28	15	96	56	82	35	78	82	45	90	16	
30	7	31	76	77	55	38	79	92	38	65	39	34	68	31	69	78	80	27	87	43	25	52	4	81	77	98	77	82	95	83	90	60	84	34	38	73	13	32	72	93	16	13	98	30	24	38	6	2	62	37	18	12	53	92	12	40	5	61	6	
52	43	1	96	71	36	68	8	41	47	73	29	12	3	51	19	17	18	94	1	74	10	41	57	70	6	44	16	97	97	54	9	90	33	73	43	82	91	73	25	32	41	30	2	85	11	25	22	88	70	68	35	2	22	17	3	78	95	72	25	
93	87	71	86	16	57	43	90	62	9	25	50	83	99	59	85	61	25	15	22	26	80	52	100	11	57	43	81	59	44	55	82	51	38	50	96	13	92	11	91	17	18	72	35	32	1	67	75	67	55	7	56	12	97	86	91	31	7	32	2	
62	61	31	77	99	77	57	87	93	60	29	50	73	43	61	55	42	15	83	15	39	14	23	51	57	87	33	49	9	64	4	71	98	2	54	67	17	70	64	100	96	2	36	76	30	6	81	43	42	89	24	83	94	83	21	92	29	31	11	81	
66	84	47	51	7	75	97	22	58	8	17	31	55	7	26	49	99	65	21	22	14	51	56	3	91	100	59	54	92	58	50	44	36	23	16	95	25	33	56	50	57	19	26	35	33	45	9	60	36	74	70	9	45	81	31	36	70	79	37	70	
43	14	43	30	34	69	40	11	81	46	79	66	23	27	9	89	54	38	50	6	9	23	95	7	8	75	27	18	80	26	89	31	33	29	30	6	81	42	84	34	98	67	97	27	11	93	16	96	3	52	33	90	98	62	59	45	77	10	3	60	
16	15	18	51	46	9	7	44	79	30	46	53	29	64	68	97	57	35	36	81	95	41	97	57	28	45	97	43	51	44	38	11	18	53	63	67	94	16	85	29	10	49	62	51	20	90	62	47	5	46	28	95	2	4	67	58	35	91	14	44	
90	19	33	30	71	44	1	41	14	57	33	81	30	83	42	33	81	39	8	53	80	78	86	79	97	56	20	54	97	80	86	16	51	25	76	50	70	91	80	61	10	56	7	31	78	85	60	94	16	65	18	5	49	20	8	65	74	63	86	45	
76	64	89	84	85	4	70	74	23	100	16	34	72	52	47	16	98	65	29	91	87	95	91	92	92	22	63	72	64	40	81	70	39	91	39	96	36	42	13	51	14	38	92	97	94	67	45	79	18	9	65	64	56	44	81	17	66	6	19	80	
16	47	79	78	3	5	19	91	13	77	79	1	8	5	34	6	59	4	80	5	75	59	88	84	42	6	26	17	42	50	20	95	16	64	98	56	58	22	82	34	82	96	37	19	80	1	32	76	48	51	90	54	51	97	86	8	30	60	87	11	
100	76	42	6	39	83	20	1	47	18	88	45	42	67	71	38	83	27	47	79	99	9	57	57	73	98	50	51	95	30	8	53	33	95	96	36	58	84	3	16	15	5	61	67	82	42	21	1	47	45	46	80	87	60	22	55	46	41	9	22	
77	28	52	3	44	54	35	23	71	56	100	78	92	91	33	4	24	21	79	93	51	52	99	31	37	73	77	95	20	100	28	16	8	42	9	34	13	35	11	67	8	73	10	70	81	53	35	13	47	84	20	1	80	45	40	43	43	28	1	66	
90	18	8	22	85	48	13	22	36	81	80	25	25	60	59	85	34	29	72	46	28	31	13	26	68	50	79	85	60	58	28	27	61	99	88	51	31	34	25	86	50	4	2	77	5	22	53	55	12	29	48	74	69	42	6	4	90	28	94	49	
100	41	8	83	84	19	7	72	63	4	53	83	6	48	72	26	28	77	89	19	22	87	7	98	5	45	71	14	70	40	98	18	76	7	46	77	55	46	44	81	60	46	97	12	29	85	23	69	34	67	47	58	16	45	61	37	25	21	100	8	
41	9	74	32	91	34	2	58	46	20	12	57	30	29	40	82	94	27	91	21	60	6	95	91	23	37	58	4	55	92	68	16	14	26	44	88	45	48	51	86	46	41	27	77	41	3	52	37	49	11	80	63	100	32	56	47	50	33	49	71	
42	71	40	35	45	13	98	74	31	91	27	24	82	14	77	4	58	38	91	100	58	75	66	90	49	60	4	62	49	100	91	93	98	51	32	8	34	93	61	69	40	89	12	45	31	69	85	63	40	48	98	63	94	60	92	31	24	57	65	11	
52	38	40	59	28	34	16	16	98	18	65	10	20	49	79	28	43	75	45	97	71	99	73	100	76	35	8	30	7	37	20	10	100	47	60	8	35	82	12	50	56	44	74	88	51	59	84	94	84	97	83	79	36	69	95	48	32	66	64	94	
73	63	37	52	81	91	78	72	11	30	31	72	81	87	59	88	74	91	3	70	98	65	36	1	42	92	38	30	71	27	81	51	63	51	35	65	25	34	32	41	16	65	71	18	84	31	58	85	88	33	67	25	35	9	36	14	61	11	20	63	
12	12	83	91	72	25	88	56	10	72	24	29	67	93	10	2	57	28	13	44	26	21	94	67	65	24	90	94	25	54	86	18	19	59	29	19	28	65	90	38	55	65	95	72	12	97	53	5	36	58	37	21	43	39	18	11	28	5	40	43	
On machine	3
95	96	32	65	69	62	53	74	19	31	18	62	60	9	21	31	57	13	56	90	70	37	10	95	91	55	96	49	14	78	64	46	26	99	69	48	81	55	17	78	98	95	8	89	38	29	50	26	72	89	58	54	86	77	51	3	86	53	35	11	
57	70	43	54	3	34	71	88	19	33	94	15	40	86	75	55	8	51	29	32	56	25	57	40	53	59	50	72	37	30	69	66	32	5	97	69	69	93	56	81	96	56	56	90	18	6	29	67	38	64	79	81	66	69	99	26	21	93	29	55	
79	68	76	97	32	71	45	19	64	49	33	26	30	88	78	35	34	80	60	5	41	25	24	67	24	17	53	100	16	89	17	27	44	64	94	86	88	60	13	93	56	88	62	100	24	53	74	37	50	45	13	94	40	24	56	99	44	17	39	27	
46	89	78	21	61	63	9	61	80	60	59	31	42	15	59	82	87	43	58	73	90	19	52	66	67	47	3	20	38	62	64	75	25	3	43	61	81	92	29	23	100	55	16	68	13	82	55	65	41	50	51	78	72	8	65	88	39	49	64	24	
9	94	90	19	15	70	54	26	56	62	52	12	81	1	16	61	53	90	8	13	21	30	73	81	78	27	20	73	11	45	41	95	25	43	31	80	23	29	13	88	63	99	57	75	38	82	31	25	11	57	88	61	71	40	84	29	47	43	8	41	
19	25	4	46	78	15	84	45	66	54	33	77	73	10	43	4	27	15	65	33	94	17	24	21	84	66	43	31	84	6	42	83	44	68	30	45	93	100	73	83	75	80	26	10	22	18	67	93	53	50	29	80	38	48	60	15	59	61	83	19	
20	15	18	31	77	58	63	47	53	72	1	65	22	11	8	34	71	65	69	48	31	100	36	19	44	84	31	64	76	14	73	80	47	50	20	94	90	43	50	37	70	85	30	36	59	83	30	79	74	38	40	9	18	50	34	62	35	4	23	7	
28	39	46	59	86	39	52	88	95	3	9	86	84	46	38	20	19	28	86	37	54	41	98	65	84	10	11	44	67	35	74	81	82	90	81	95	51	62	69	64	21	18	26	91	32	70	90	8	73	14	62	25	20	26	5	39	15	26	87	21	
89	91	77	37	86	14	85	13	57	11	16	55	39	32	94	39	42	31	74	5	78	73	91	47	82	61	50	64	34	9	53	78	12	95	44	61	1	26	73	32	37	98	21	28	98	89	37	75	72	76	94	82	97	69	37	34	75	67	5	16	
14	3	74	55	8	59	6	49	62	8	62	93	93	47	68	28	56	66	86	35	76	73	74	60	6	67	67	70	95	38	30	38	6	83	78	48	9	71	17	74	17	71	4	95	88	99	25	39	55	37	75	10	1	38	93	94	25	93	87	5	
71	27	69	87	70	23	37	11	44	7	47	44	95	95	55	95	42	76	15	52	79	75	38	17	56	35	16	81	55	45	71	100	54	30	89	58	79	98	19	91	4	87	53	10	98	24	43	73	76	51	80	100	54	57	16	63	11	12	27	93	
39	13	96	54	93	28	7	20	15	80	31	54	74	51	15	65	45	34	95	32	33	13	82	22	54	17	85	13	32	30	66	9	65	59	78	13	30	15	63	49	45	73	19	97	64	20	29	40	61	33	13	69	53	64	2	98	99	29	57	54	
79	67	53	49	34	73	33	17	71	69	49	96	38	49	97	67	16	60	78	44	20	29	95	67	41	90	7	50	83	96	79	99	7	84	35	38	89	81	12	31	15	85	9	85	16	9	14	40	34	92	36	89	5	62	82	71	92	26	87	4	
80	17	5	52	32	58	41	12	22	70	76	43	23	38	38	49	74	55	89	14	13	49	89	62	12	72	81	12	98	19	16	96	46	98	89	4	30	11	55	11	65	95	17	64	50	18	26	92	88	20	48	43	45	45	50	59	82	96	6	83	
12	7	87	3	39	2	56	7	78	53	13	17	67	78	63	99	80	68	71	93	75	72	49	75	50	82	47	82	98	36	35	64	49	1	16	41	73	97	34	70	39	6	39	53	84	38	82	71	94	8	34	41	2	44	22	79	76	39	63	40	
93	98	21	94	49	65	67	33	31	79	86	57	45	76	40	49	50	27	10	1	95	10	90	96	77	30	65	82	68	11	36	52	37	80	84	2	52	47	64	43	14	12	82	59	16	82	50	41	47	29	50	61	19	30	37	93	89	96	14	37	
62	80	20	71	52	84	16	7	91	7	10	13	96	60	56	21	41	95	47	75	66	28	47	50	30	68	25	72	1	37	43	52	56	37	24	100	69	40	8	54	57	89	66	84	68	51	17	15	31	1	68	68	43	5	13	24	85	44	55	18	
57	44	58	58	80	26	12	9	29	18	94	10	75	53	12	47	59	77	9	68	63	99	69	46	27	42	28	96	3	26	19	55	14	15	73	80	53	39	63	42	87	45	4	68	91	7	48	92	15	67	43	64	36	73	57	9	77	84	11	70	
65	62	25	78	35	73	2	65	96	52	15	56	7	85	75	75	20	44	58	87	91	11	5	48	50	23	30	65	98	79	84	5	13	52	69	60	68	10	62	50	16	53	54	75	34	98	83	72	99	2	49	9	87	98	13	52	97	97	98	93	
36	4	37	90	17	77	98	44	33	82	40	31	89	50	21	2	87	79	100	55	30	2	79	6	84	89	56	99	98	24	66	49	89	69	99	96	77	31	17	51	67	13	30	59	47	95	80	46	34	90	73	79	76	85	94	33	1	34	26	38	
100	50	54	94	61	84	66	92	83	64	46	40	13	23	58	10	23	60	75	54	19	55	19	89	93	1	91	87	42	91	87	73	16	36	1	32	66	56	6	2	25	66	93	80	64	100	53	22	72	98	9	51	63	96	22	20	34	20	90	7	
88	79	70	66	80	26	37	38	2	92	22	37	87	51	54	43	19	96	51	80	14	75	68	33	69	6	38	97	78	61	26	70	26	81	77	4	62	81	40	65	40	66	87	38	11	10	8	12	94	63	20	3	62	77	26	71	81	5	59	71	
1	23	92	27	60	19	46	97	22	7	11	36	1	49	14	32	3	82	24	76	45	86	67	60	91	2	76	77	56	50	44	51	39	56	33	39	38	8	18	14	82	62	70	84	76	45	44	40	30	93	90	62	9	79	70	50	5	100	66	37	
61	59	95	65	57	59	79	38	53	96	4	42	60	20	56	80	9	90	32	69	89	50	46	11	1	59	39	91	69	33	59	76	13	17	10	4	46	76	10	31	72	31	54	2	68	35	31	73	53	19	61	88	35	5	84	30	45	7	91	95	
42	15	77	29	98	45	26	13	63	39	36	35	80	29	82	61	80	10	5	47	34	35	86	56	52	98	20	40	82	34	46	63	44	9	58	1	22	25	87	95	55	60	75	1	100	66	46	88	30	1	11	33	99	35	68	86	88	13	85	33	
23	87	91	87	60	91	63	43	33	7	32	11	98	31	73	62	72	90	100	98	81	8	1	96	29	20	67	18	84	86	100	72	64	44	88	50	65	20	68	41	53	38	78	44	32	28	92	85	44	9	5	40	94	82	15	15	94	86	83	83	
75	1	37	34	78	48	27	57	99	74	72	59	56	66	42	3	58	79	81	15	45	68	56	82	52	57	77	71	33	65	52	66	94	91	88	30	12	6	77	39	94	76	97	2	89	70	42	55	67	56	75	35	46	73	55	47	3	48	98	87	
34	18	41	78	96	38	100	17	94	28	70	85	47	66	9	78	13	64	34	90	20	84	32	38	31	33	4	19	23	88	11	28	66	39	95	88	37	39	39	22	32	21	46	7	81	69	37	38	31	23	12	85	63	65	58	56	29	21	76	8	
17	87	32	34	68	90	90	55	97	43	55	14	43	57	76	72	13	51	89	43	59	23	39	46	78	57	50	28	11	7	47	76	16	78	1	48	32	29	74	28	89	76	21	4	54	8	41	40	21	37	65	56	93	8	46	69	73	62	24	67	
65	33	29	43	81	69	74	90	23	14	31	14	80	84	29	41	42	42	54	96	47	27	80	86	38	19	34	37	14	98	12	28	84	98	69	58	98	57	94	53	88	35	80	79	6	93	54	85	89	32	96	80	95	74	40	45	45	94	11	95	
67	67	69	72	79	5	20	88	85	48	58	73	47	18	47	40	27	13	98	31	62	44	90	91	27	44	67	88	43	6	16	43	56	87	73	66	98	56	39	62	54	35	18	90	37	14	22	47	32	35	43	88	98	11	91	50	1	87	38	75	
38	27	95	36	67	57	46	23	10	18	48	96	7	27	10	18	100	79	70	100	5	31	26	67	87	70	58	5	5	1	49	12	48	94	30	90	14	89	5	23	86	23	75	97	50	79	90	16	99	33	22	58	56	92	39	21	24	47	88	23	
53	68	51	4	37	41	38	10	8	83	18	25	14	35	86	66	75	94	33	10	99	60	84	42	27	24	58	13	53	12	49	100	55	83	46	38	79	38	39	60	18	51	68	26	26	18	47	58	40	30	37	40	82	44	58	56	53	46	46	76	
63	23	73	21	15	57	56	35	60	83	93	91	11	21	33	97	99	36	64	54	63	54	84	15	71	37	89	67	63	26	53	86	49	14	68	94	99	20	58	30	12	78	24	48	79	37	3	51	20	81	7	89	91	18	75	23	39	19	21	63	
47	53	49	26	23	7	73	18	1	47	80	25	41	54	63	98	78	59	91	75	90	49	88	60	33	58	66	87	96	38	70	25	28	25	91	84	73	100	37	50	8	98	69	68	37	38	43	66	93	27	65	30	15	33	89	51	56	90	32	8	
40	75	20	57	15	91	86	61	100	16	72	37	41	45	63	44	63	32	68	36	99	1	9	48	89	23	25	5	60	46	35	26	39	8	58	18	86	19	32	25	16	47	30	84	74	48	80	17	64	27	46	79	4	22	62	72	44	44	47	87	
1	6	89	88	7	82	77	61	44	22	43	24	39	17	99	18	82	43	65	50	95	19	49	59	9	8	17	50	90	21	12	56	4	2	63	14	42	42	37	62	21	94	89	40	75	14	70	61	66	86	10	56	20	100	92	65	9	33	18	39	
53	72	80	25	80	46	77	37	80	94	2	52	78	53	56	36	67	94	37	18	56	50	63	14	51	62	24	73	28	15	65	3	33	87	46	65	42	66	70	57	71	16	8	55	34	21	20	46	40	77	30	59	43	49	91	17	45	97	30	86	
19	24	74	45	8	53	76	41	92	39	40	17	45	47	54	20	5	44	11	74	60	15	82	76	43	20	16	93	1	93	31	97	61	78	85	10	72	53	4	37	32	91	65	2	6	26	86	51	72	48	76	74	77	60	65	80	41	48	76	45	
100	43	86	90	30	79	21	50	93	9	3	96	90	64	78	3	40	59	42	75	70	75	46	95	15	65	50	80	8	31	100	21	28	29	58	4	95	6	59	56	17	100	13	54	20	48	67	53	9	17	71	13	35	80	78	40	8	8	14	71	
16	19	32	7	91	76	42	3	19	59	31	64	70	78	46	68	8	49	3	23	52	68	88	8	95	71	80	6	6	75	38	6	30	75	7	92	33	1	7	12	98	86	53	79	55	23	50	54	66	89	48	26	26	48	47	61	7	100	76	76	
69	12	4	97	9	78	43	79	12	22	25	75	16	15	97	17	21	15	8	52	64	6	80	18	90	25	2	95	22	7	81	32	31	65	28	11	41	58	14	41	98	57	36	95	58	90	82	33	94	34	41	56	76	87	64	58	20	99	46	59	
53	44	28	66	10	80	36	73	75	58	77	61	71	21	15	33	99	7	89	88	13	92	73	89	61	32	20	15	36	34	75	61	75	47	37	11	66	35	51	98	53	6	12	93	57	29	12	72	12	42	46	53	91	65	64	61	80	61	20	64	
3	63	21	60	24	64	48	75	69	73	36	95	18	42	18	33	94	63	41	89	64	19	69	37	26	30	10	8	84	38	88	90	32	48	84	13	28	63	85	37	37	69	88	59	99	26	13	18	29	34	91	16	15	14	26	60	53	61	78	55	
53	15	3	80	7	50	35	63	16	61	96	86	97	65	75	79	94	62	67	92	23	54	82	76	21	16	8	45	92	67	6	54	31	20	30	35	97	2	83	79	7	20	44	17	90	68	68	66	26	42	73	6	47	35	9	13	35	95	89	56	
36	21	96	8	55	69	21	59	45	58	41	84	81	54	50	31	31	82	77	57	11	2	75	85	17	85	34	68	68	9	31	3	60	93	93	86	24	22	44	95	71	48	18	31	51	25	50	40	84	15	76	44	30	30	37	28	93	48	23	69	
60	92	15	63	80	89	8	72	31	28	27	31	44	62	69	92	52	11	72	27	89	36	14	10	90	95	10	8	84	64	9	100	80	98	44	59	61	44	59	81	62	9	77	28	75	58	13	30	52	38	24	48	99	79	75	32	60	15	64	41	
37	5	100	3	27	93	4	84	42	61	28	49	71	78	59	86	52	59	73	1	44	84	5	4	9	81	11	37	2	24	89	78	17	80	4	81	89	63	5	41	43	42	72	1	66	92	57	44	12	85	74	51	51	4	1	99	96	10	45	18	
10	4	30	47	94	23	64	88	22	39	72	72	28	54	15	57	53	57	7	87	66	23	16	13	57	73	14	80	42	31	39	18	72	89	15	53	90	39	30	40	39	69	21	25	6	93	85	56	34	31	65	71	70	95	95	18	7	49	1	100	
49	74	87	10	98	89	59	72	33	65	84	10	84	17	52	62	96	27	46	99	5	53	42	23	96	84	82	12	39	67	73	87	25	41	54	86	2	38	36	19	97	67	83	26	91	62	17	76	63	52	65	73	20	74	100	15	89	10	82	39	
92	15	60	7	88	58	12	65	87	79	64	87	68	47	14	7	30	35	91	9	18	96	79	27	1	100	53	24	8	22	72	64	59	65	12	39	8	55	96	88	18	72	20	72	46	3	75	66	92	9	99	37	81	55	64	96	91	50	6	38	
90	66	30	75	66	65	66	97	93	26	52	22	90	28	68	13	37	1	92	34	33	13	90	16	52	89	28	9	35	56	79	12	13	27	68	19	64	52	10	6	29	33	22	56	91	41	87	90	95	4	3	40	70	55	25	5	8	59	19	86	
100	70	47	15	8	49	76	32	1	8	20	93	86	99	55	37	38	82	47	88	87	76	74	64	46	59	27	4	4	55	52	34	50	56	40	87	76	13	72	44	54	98	60	99	7	16	71	70	9	43	2	71	22	45	45	45	2	66	35	54	
40	34	81	54	13	62	4	7	35	61	50	4	58	3	77	35	49	8	54	50	78	97	61	70	87	71	94	79	72	62	40	7	97	21	28	1	74	52	8	31	76	7	100	23	45	53	40	54	11	31	31	30	13	30	52	30	82	14	31	92	
18	20	87	50	30	71	86	92	16	6	40	56	39	89	23	99	8	93	5	47	41	5	96	86	9	47	55	30	19	66	74	89	32	61	40	48	39	3	82	98	16	53	7	82	41	53	50	88	70	20	80	51	27	18	11	17	90	100	69	95	
87	19	73	45	64	20	87	36	5	71	50	80	76	99	3	88	77	69	87	7	11	41	93	38	6	90	77	48	8	26	84	57	85	29	85	13	28	12	95	95	19	61	92	57	34	73	74	91	51	47	40	92	12	83	23	91	57	5	97	62	
80	71	6	83	94	84	33	48	68	75	25	8	49	91	45	42	14	84	21	46	51	22	86	6	8	88	39	99	72	16	45	96	77	5	60	21	36	73	15	56	50	88	54	68	44	12	85	35	6	55	64	90	38	98	37	34	3	79	97	89	
20	1	31	45	71	74	62	88	14	82	25	33	40	51	44	43	27	4	56	59	96	25	42	90	51	47	77	19	90	28	69	2	84	14	100	66	27	44	75	80	5	65	100	36	65	43	47	72	70	83	6	31	60	16	49	31	79	69	89	62	
60	91	15	45	20	65	36	35	4	94	89	60	35	4	44	45	78	62	33	3	53	29	50	22	40	67	63	97	49	100	67	55	97	72	83	71	1	36	23	51	22	51	6	37	74	85	29	95	94	19	24	26	5	54	45	65	70	61	17	51	
5	4	33	13	81	55	4	40	42	5	17	42	65	61	87	27	69	90	35	47	25	75	66	34	93	38	47	44	81	4	63	26	31	49	16	40	53	44	99	83	3	50	77	90	10	83	44	17	45	1	73	85	75	72	53	66	38	90	16	6	
On machine	4
98	11	41	65	28	63	48	1	16	23	8	40	89	14	65	100	96	61	8	3	8	97	60	83	45	67	34	64	62	20	16	83	72	50	75	85	3	47	64	16	35	24	23	61	15	73	11	39	56	83	33	90	38	26	84	44	94	4	12	12	
75	69	78	72	51	69	8	9	44	59	70	28	32	96	55	63	45	66	51	25	85	25	53	54	93	31	33	86	14	71	45	3	93	14	39	53	79	32	41	2	52	96	72	6	97	37	6	45	84	3	55	70	7	75	97	78	15	26	35	26	
22	41	3	69	42	57	8	33	25	55	58	67	34	19	15	9	78	92	26	73	14	23	66	11	70	37	73	23	51	18	49	67	97	68	87	81	64	72	22	77	88	99	63	86	83	18	79	54	17	26	20	59	2	62	59	76	91	68	81	88	
62	84	44	69	79	22	41	56	11	97	32	40	28	74	80	8	61	87	15	81	20	49	80	52	17	93	15	44	9	98	36	78	22	30	20	54	37	21	69	77	77	2	17	35	34	9	84	95	50	81	45	53	19	87	49	12	13	50	18	60	
93	16	76	41	13	97	85	28	2	35	90	41	4	54	96	98	21	13	8	15	37	91	55	91	40	83	61	34	53	34	88	19	5	23	91	64	99	89	11	27	30	79	82	51	11	56	90	88	2	44	36	75	59	71	42	42	41	60	30	27	
45	81	48	46	39	65	26	75	87	46	10	40	78	21	35	80	63	74	91	89	47	76	36	24	59	76	2	7	5	28	97	34	10	56	92	52	15	44	41	43	93	73	97	82	89	72	98	48	67	75	95	79	58	31	32	18	97	58	99	13	
45	74	18	44	11	25	14	42	47	39	55	80	13	100	57	27	75	66	39	10	43	55	29	19	98	15	67	20	73	69	36	45	32	38	69	84	56	18	15	7	77	45	70	65	92	1	10	100	40	82	9	31	92	46	99	68	56	83	3	66	
68	93	55	10	2	40	13	23	2	65	31	69	12	76	8	27	13	6	48	91	17	80	18	82	52	76	71	71	19	70	22	1	41	14	62	73	51	48	36	100	12	96	97	1	49	59	78	94	8	49	62	76	97	72	56	44	49	73	22	67	
31	62	61	45	29	80	2	90	4	82	72	69	98	70	27	69	15	70	76	73	17	29	18	23	5	51	72	68	15	66	60	82	1	26	8	21	11	8	59	40	80	74	10	83	13	14	63	29	34	69	49	8	97	42	14	55	56	23	62	15	
25	13	33	68	100	46	70	98	15	40	48	96	60	45	93	40	92	22	86	97	54	96	35	88	80	83	23	24	94	49	82	20	35	39	56	3	56	54	45	16	45	25	95	49	18	89	51	80	11	17	16	75	88	75	20	73	72	82	81	67	
59	33	35	56	13	69	82	84	97	98	11	85	50	8	86	52	93	55	66	78	94	23	73	26	43	10	45	62	63	34	99	84	52	100	14	75	4	25	35	69	76	43	5	100	89	63	86	80	82	40	40	23	42	28	80	36	20	25	6	100	
88	99	23	26	36	84	31	64	63	97	7	74	8	99	79	51	2	36	23	66	11	22	27	75	66	56	66	14	46	56	83	34	56	33	35	74	35	7	50	20	94	71	26	3	37	27	76	43	74	65	32	1	3	31	36	97	59	59	95	59	
81	88	43	21	21	28	20	27	34	71	91	14	42	1	92	83	68	39	90	19	96	60	51	99	6	41	62	1	88	89	67	31	9	23	40	93	21	9	34	14	80	62	58	91	98	6	72	2	100	96	99	96	44	92	18	29	64	46	19	33	
65	67	18	44	79	79	80	85	32	30	1	82	13	79	6	3	30	69	39	37	62	36	4	65	34	100	78	57	18	21	73	50	82	7	88	3	98	54	92	9	45	12	16	8	6	70	16	9	86	76	33	88	8	85	93	27	63	22	43	99	
100	90	81	47	44	94	20	39	70	30	20	18	28	76	44	88	85	34	84	9	91	74	66	14	56	81	38	85	39	93	29	66	72	89	15	61	30	9	27	70	60	5	31	72	61	40	22	45	49	85	26	76	84	79	53	64	53	82	98	20	
12	49	23	59	24	9	35	71	100	66	57	40	59	93	79	38	1	58	16	23	47	86	14	26	10	3	44	9	4	91	86	20	48	90	47	70	75	88	56	27	91	47	98	18	23	53	2	89	19	76	34	96	97	49	3	46	64	94	25	46	
80	92	2	44	86	84	59	78	38	78	75	21	86	94	38	64	68	65	93	73	27	80	90	85	10	66	70	33	50	28	89	30	41	56	98	29	14	64	88	23	19	45	17	54	77	21	68	25	3	88	96	13	86	85	94	81	55	49	11	90	
16	18	28	38	80	1	78	50	65	24	66	70	89	10	15	98	37	3	49	42	3	64	78	37	98	2	31	54	34	23	10	26	91	38	37	74	83	58	2	56	46	97	28	39	45	37	32	32	80	48	81	78	33	52	89	50	46	81	21	4	
41	94	35	93	14	97	86	93	65	79	13	38	78	43	12	5	45	42	47	81	5	100	32	22	20	56	35	28	23	97	20	88	100	19	41	82	1	36	9	16	99	61	44	61	27	27	92	5	44	90	91	4	81	30	6	18	56	69	41	22	
67	30	20	54	61	3	38	25	81	61	11	46	59	82	79	60	71	71	45	31	54	27	49	38	26	12	42	1	57	25	51	93	61	56	84	5	3	68	20	63	93	46	4	84	8	39	22	84	66	73	55	66	56	83	61	27	71	18	54	99	
72	13	61	36	66	15	78	70	99	52	36	8	57	57	64	49	74	44	65	85	42	20	2	82	85	32	51	86	21	82	20	30	72	69	90	60	52	83	36	32	86	69	21	48	34	36	42	54	78	58	83	22	81	71	41	12	73	72	63	7	
62	77	57	31	93	78	8	13	42	100	31	36	61	93	29	77	99	50	88	70	3	55	9	96	70	16	29	76	17	10	96	55	24	35	52	36	68	6	5	46	25	39	70	81	48	71	34	98	4	30	92	22	93	60	91	82	78	42	26	53	
4	37	100	2	83	92	31	1	20	3	58	23	79	34	67	92	33	34	65	85	14	82	43	30	89	50	33	29	84	37	28	12	18	95	13	95	90	81	16	38	69	67	31	13	87	26	68	17	30	68	34	90	36	1	5	33	22	12	91	25	
12	21	35	80	3	71	92	87	9	32	5	50	64	80	71	92	45	84	58	59	18	32	77	70	58	19	73	96	56	17	9	1	31	78	83	74	36	5	12	5	84	11	64	65	80	37	84	75	30	6	25	82	98	42	78	21	76	68	85	10	
16	55	82	25	19	60	43	1	16	17	7	18	36	80	61	100	89	49	56	55	25	62	25	8	37	26	80	50	3	8	39	56	85	29	91	78	39	83	24	94	40	43	23	2	96	1	70	99	56	14	32	64	62	51	86	10	95	60	40	70	
26	3	48	2	43	55	8	44	24	63	6	9	31	35	33	72	40	69	65	93	76	71	72	5	50	68	3	59	60	36	39	64	10	46	84	43	67	69	53	82	56	80	5	25	9	93	57	85	24	11	92	39	37	48	59	90	76	15	13	45	
49	67	42	29	97	95	30	31	55	55	1	57	94	82	37	79	22	1	39	4	17	85	97	16	23	85	95	76	72	19	16	84	73	39	4	65	13	43	68	11	10	77	82	44	10	14	89	98	79	92	75	2	26	82	33	65	79	6	66	87	
14	76	52	49	40	93	28	79	58	15	52	79	21	83	42	24	53	54	22	35	15	44	12	22	76	94	87	46	44	83	17	26	91	46	65	4	15	86	41	88	74	65	35	94	42	5	50	85	50	12	28	65	30	55	87	85	2	41	85	10	
87	4	40	34	2	89	34	36	29	88	52	47	87	51	13	37	24	87	26	22	5	98	39	21	85	71	88	50	80	47	85	1	2	74	15	26	92	29	72	90	39	53	97	20	65	91	46	79	7	57	45	4	3	86	23	59	31	54	23	50	
2	64	52	20	16	43	45	27	16	26	35	1	95	15	24	45	86	75	33	17	32	28	1	42	39	82	47	94	20	78	88	29	5	44	54	91	46	80	16	1	74	36	43	62	47	28	4	32	8	86	44	3	98	90	40	53	17	96	20	62	
97	5	94	66	100	8	27	29	6	38	34	83	46	48	20	24	34	23	99	1	34	7	49	12	65	85	63	60	90	63	87	29	65	42	78	50	80	38	10	39	39	79	60	85	89	48	29	60	61	83	15	77	45	92	57	48	90	3	22	32	
20	87	89	44	92	45	28	12	79	83	13	17	13	21	74	28	2	57	68	34	91	74	17	28	64	88	44	1	56	86	93	72	82	40	81	86	75	53	16	21	79	28	82	50	60	27	7	4	1	96	3	69	16	43	56	25	63	11	93	52	
11	20	31	93	93	54	14	53	68	24	2	88	8	83	34	82	41	76	49	12	43	15	39	78	93	18	38	84	91	5	54	76	92	11	85	51	19	33	75	5	58	25	2	98	68	98	53	14	76	66	2	61	31	64	84	28	68	11	82	63	
38	86	81	67	70	78	55	5	99	41	25	55	90	44	79	11	41	15	62	6	47	4	27	99	77	25	81	84	20	50	67	19	78	30	31	81	73	89	57	92	22	78	92	79	6	49	22	90	55	48	87	5	32	86	36	81	10	48	12	25	
18	11	22	59	27	82	32	95	94	96	99	19	50	76	40	36	41	93	3	11	12	40	22	52	70	20	92	35	65	80	23	64	100	87	63	25	44	16	11	44	83	99	37	71	61	64	73	82	59	38	14	88	66	31	32	78	94	30	17	98	
90	33	71	64	89	16	57	1	1	77	70	22	59	46	50	35	43	36	94	95	53	1	2	6	76	65	85	4	99	24	13	50	45	19	44	82	77	23	98	80	50	70	11	42	27	1	71	12	26	89	76	8	10	15	65	64	15	14	53	41	
41	22	73	38	71	82	33	66	49	49	56	94	52	69	75	83	25	80	16	5	56	84	67	48	10	90	21	28	34	50	7	26	72	64	73	91	47	98	72	19	16	76	96	82	14	80	2	70	52	43	57	27	21	43	11	65	98	92	75	10	
61	45	28	51	5	70	45	72	70	43	55	2	86	14	66	89	52	5	72	30	68	3	50	30	87	28	28	63	77	95	87	59	4	3	29	99	79	9	40	90	11	25	19	2	28	9	66	38	99	82	68	5	62	86	74	41	100	62	69	43	
15	61	100	35	16	60	59	79	98	99	28	57	54	84	4	60	37	67	51	90	94	14	40	99	17	1	58	29	84	33	60	57	5	32	80	33	24	84	73	22	59	74	99	60	27	24	50	43	73	2	31	80	21	100	78	5	41	41	86	65	
69	96	59	52	2	34	9	93	72	43	26	49	53	16	62	27	39	86	36	44	89	48	64	17	80	74	39	43	11	80	62	34	73	73	95	29	58	6	92	97	13	70	45	75	100	59	49	63	41	36	75	75	32	20	31	53	12	71	82	84	
26	40	74	92	15	83	3	83	18	4	21	63	10	95	59	1	49	81	7	76	61	79	88	75	78	82	100	75	36	19	77	97	14	60	34	66	68	46	85	31	53	100	4	51	40	52	68	91	43	80	42	49	76	16	92	41	31	78	90	16	
53	50	86	1	32	59	1	28	11	10	11	13	35	14	72	98	89	67	40	92	18	67	8	39	37	14	46	24	24	4	43	47	70	60	83	13	67	75	60	91	100	27	94	28	56	50	43	11	23	38	15	49	75	70	14	46	8	72	45	37	
16	72	17	49	43	9	74	68	63	95	47	71	7	45	10	32	45	24	51	7	85	92	100	61	73	32	88	41	66	56	84	79	32	6	25	73	36	94	67	27	28	83	82	27	81	45	7	38	17	40	53	10	32	88	8	17	68	79	13	36	
98	29	96	43	18	50	67	80	62	37	12	10	35	59	40	60	45	41	5	50	57	78	25	15	95	88	87	64	44	18	91	52	100	19	53	44	20	61	95	37	76	99	24	92	11	87	19	9	39	78	91	27	35	39	62	63	86	47	21	7	
46	73	8	49	16	57	27	55	14	77	48	21	10	37	22	6	17	15	65	55	80	1	22	90	25	69	13	29	62	21	66	41	13	17	9	94	71	69	26	8	63	55	51	12	13	41	95	75	40	39	79	22	91	20	94	46	27	65	83	2	
89	70	78	19	82	36	18	64	60	82	97	54	31	100	84	33	4	65	3	16	28	39	81	69	80	45	71	96	95	8	22	74	14	78	84	49	11	35	19	74	64	88	90	6	42	98	43	49	19	31	42	64	25	44	14	33	64	82	85	96	
23	88	75	12	58	33	81	34	94	66	75	81	70	80	87	67	17	51	16	95	71	25	43	16	36	96	4	57	2	41	75	93	23	19	69	56	27	23	5	95	51	66	12	81	46	76	80	62	98	10	71	52	19	34	75	59	60	56	97	93	
70	93	47	92	41	92	18	55	64	65	24	15	60	81	100	77	36	69	59	74	64	42	99	35	63	73	11	3	25	97	62	31	85	10	43	88	83	83	24	33	29	9	45	67	63	81	32	17	33	79	87	44	16	97	13	73	52	28	89	81	
20	46	51	5	74	95	44	2	48	79	40	17	59	72	78	46	100	80	56	18	36	95	59	72	20	6	77	66	44	14	89	51	64	38	72	51	13	86	65	41	65	22	6	12	33	3	1	73	97	8	71	40	93	31	12	77	67	49	39	85	
10	79	25	97	33	99	80	18	54	18	28	42	25	67	18	62	11	48	99	92	84	80	31	50	29	77	50	72	46	90	39	47	95	35	15	90	36	64	92	26	94	91	19	60	12	50	87	18	98	89	56	2	81	87	6	89	11	47	45	28	
72	73	96	39	29	30	12	27	8	20	40	2	8	74	32	12	38	91	46	72	41	69	59	31	70	11	57	5	55	91	8	6	21	58	91	58	83	9	41	96	45	37	8	14	49	61	61	70	80	58	52	25	68	67	38	61	97	43	96	53	
86	92	89	21	65	89	16	39	38	14	27	8	71	30	68	40	47	21	38	97	5	3	39	49	84	25	83	97	97	27	86	29	7	61	34	50	73	90	91	27	20	22	1	63	75	35	80	94	49	14	33	14	46	91	35	23	72	54	63	6	
75	51	49	2	2	80	64	25	36	38	16	6	71	9	29	22	68	100	87	100	4	5	48	64	57	72	22	72	92	62	10	6	21	91	19	84	27	60	3	69	47	87	14	99	7	48	49	1	27	89	22	23	14	20	61	16	65	75	94	55	
52	53	95	77	62	35	25	26	59	45	42	62	88	42	27	74	22	13	63	7	55	50	69	34	22	21	46	61	79	49	72	41	1	35	28	20	47	87	75	21	9	11	11	41	5	92	17	36	58	74	84	5	52	44	32	78	16	66	51	84	
45	20	28	9	70	80	83	63	90	36	1	64	42	34	76	2	74	7	97	65	31	37	55	82	78	17	35	43	97	13	62	56	34	2	54	40	32	56	77	89	30	16	18	100	61	54	6	96	93	73	38	48	71	72	94	19	86	94	89	20	
44	52	30	11	78	54	26	94	6	67	58	39	71	80	68	5	50	48	5	68	96	57	94	82	52	14	51	84	95	20	23	78	77	41	14	34	5	51	43	34	20	49	14	76	10	93	37	70	5	82	49	82	6	42	71	67	61	63	47	36	
13	53	89	24	100	35	39	71	72	19	23	1	50	35	1	25	38	73	70	87	35	65	81	97	44	62	30	78	95	54	74	95	49	99	91	7	58	86	69	26	95	97	36	6	49	91	78	65	75	18	63	93	55	66	19	25	57	64	87	67	
29	85	28	35	70	48	49	51	74	14	4	58	52	41	39	70	48	82	10	97	70	43	31	32	29	87	45	7	53	80	42	23	15	55	5	53	68	6	7	83	53	39	43	84	17	91	43	20	23	41	93	85	66	7	80	19	66	98	12	7	
5	54	47	46	85	60	40	40	72	60	28	7	6	45	64	80	57	99	78	25	95	94	31	44	99	60	64	11	85	29	79	8	11	82	41	71	52	64	2	10	29	45	29	36	25	80	5	41	37	69	26	61	95	7	64	18	70	61	24	76	
82	82	40	55	98	8	54	47	99	28	99	99	55	15	10	22	46	28	79	59	79	85	24	75	35	39	31	73	37	86	92	17	34	55	25	83	87	92	64	25	63	78	43	68	90	37	27	56	86	69	1	47	6	15	28	60	68	50	13	30	
On machine	5
27	95	79	78	28	78	68	17	96	42	67	66	51	7	78	69	71	95	55	71	36	84	57	41	27	75	82	43	61	31	90	72	17	28	91	16	28	82	3	5	36	83	21	38	87	7	87	13	61	53	56	74	32	51	33	36	88	65	14	33	
26	76	82	69	57	9	46	91	79	59	70	54	11	85	29	16	71	71	92	96	21	59	12	46	27	15	23	49	24	66	71	37	51	40	41	81	86	10	21	2	67	73	15	28	26	41	82	80	16	85	47	12	70	46	56	43	12	53	85	24	
67	72	58	12	5	79	58	97	36	19	76	26	95	48	81	80	8	20	93	56	77	7	45	74	24	56	44	24	28	7	52	60	78	97	95	81	99	49	95	25	72	72	59	10	36	12	83	90	13	8	26	5	22	23	13	21	91	86	15	62	
21	87	55	45	44	35	90	13	26	2	82	32	85	58	69	47	16	53	42	57	62	43	1	66	64	87	21	47	80	12	31	32	89	32	68	96	13	64	7	48	84	59	52	42	92	43	96	64	34	95	46	78	66	8	21	49	61	86	99	72	
54	95	38	18	3	81	29	17	66	75	89	69	24	38	76	5	75	77	10	3	2	63	18	33	69	2	12	6	16	68	88	73	41	41	37	78	84	72	15	35	6	43	41	65	67	88	60	91	8	26	8	37	45	75	88	97	72	43	16	98	
42	84	96	86	66	8	80	78	91	12	38	71	33	58	15	63	51	93	14	96	63	8	34	88	30	52	54	34	42	62	98	56	65	84	35	66	44	70	75	90	100	1	82	68	43	27	19	36	23	2	83	41	2	49	55	16	69	47	49	1	
35	39	74	90	20	15	17	98	87	81	13	59	63	75	98	59	61	38	13	27	43	29	51	69	87	99	25	52	23	10	45	42	75	70	15	45	24	93	93	53	4	80	7	9	9	34	12	3	70	95	45	53	48	20	2	18	5	53	14	73	
59	27	50	28	75	67	47	11	36	94	52	60	62	51	25	31	81	14	46	81	51	82	46	10	53	54	28	9	5	87	83	59	57	13	40	52	14	90	8	16	60	99	18	42	57	97	83	61	32	11	29	33	43	3	69	93	86	74	16	28	
30	60	76	64	46	47	94	65	97	83	31	32	12	50	15	8	49	4	21	77	61	90	61	54	50	42	22	10	83	26	32	79	20	18	92	19	93	47	97	44	55	70	64	66	21	56	43	62	55	3	99	92	8	49	9	33	68	32	97	42	
29	85	6	94	8	48	17	94	14	24	1	85	52	59	42	70	90	61	65	95	58	78	24	65	29	49	79	45	58	87	5	77	20	23	38	59	88	26	21	66	70	90	98	79	8	7	91	37	71	38	18	24	67	26	65	26	89	51	9	27	
39	40	80	11	26	16	34	89	18	41	97	86	31	21	12	6	44	52	49	99	25	25	79	56	17	93	6	47	67	17	48	2	59	36	72	78	65	36	69	50	82	63	21	79	48	29	38	72	3	16	13	27	59	64	17	88	76	76	83	5	
15	5	40	23	63	37	54	57	100	87	18	2	27	45	93	12	14	22	9	2	61	1	31	2	25	89	15	43	68	19	20	56	70	5	68	62	86	89	86	62	72	73	30	31	25	59	60	22	3	40	62	51	19	61	71	79	84	6	88	98	
50	51	96	91	7	11	90	50	96	50	75	85	31	98	21	74	80	54	28	92	98	23	34	92	40	62	20	19	79	50	87	25	37	78	72	79	18	10	92	39	54	98	55	60	43	62	11	66	89	64	87	75	27	11	100	28	16	90	88	89	
94	21	1	15	41	61	68	59	35	57	35	79	47	56	44	56	80	34	23	28	43	7	14	67	31	9	39	81	67	8	33	66	94	18	54	20	35	73	52	48	7	6	83	35	95	32	11	56	96	44	51	39	62	13	5	3	61	51	98	67	
74	100	72	2	53	43	74	81	86	5	48	2	90	12	68	38	74	81	80	9	90	93	57	37	95	64	43	92	81	43	62	23	81	94	69	84	26	27	93	98	22	92	64	84	18	91	93	34	25	9	63	14	3	46	6	14	17	55	30	85	
32	83	51	81	22	38	79	12	10	98	10	26	100	24	31	62	73	95	64	99	52	3	55	69	88	30	70	23	100	97	24	39	33	41	57	24	99	60	76	24	83	20	30	46	7	4	30	17	46	8	55	34	13	99	6	50	46	8	84	72	
8	20	98	85	48	47	39	65	3	36	18	65	64	90	61	94	87	84	97	33	41	11	79	91	2	82	54	42	21	42	26	60	38	67	16	96	86	35	95	3	26	94	86	90	21	98	11	65	48	64	88	69	71	18	52	53	6	86	52	33	
31	91	6	12	78	62	57	84	2	100	23	31	49	74	12	57	63	37	28	43	63	28	10	58	31	10	89	20	69	60	80	86	46	14	41	39	10	81	95	36	92	74	96	65	83	36	16	34	81	35	27	5	59	8	93	39	90	31	16	90	
36	4	29	42	9	69	47	14	80	12	12	13	1	17	18	44	69	85	1	30	40	49	29	19	97	20	51	29	98	62	55	12	10	99	85	76	77	47	12	65	27	95	53	14	16	57	64	64	73	43	96	61	18	33	90	72	63	92	17	48	
81	45	99	97	55	39	82	77	17	4	27	11	19	86	46	16	5	86	16	15	25	48	78	82	73	77	2	81	8	36	15	23	47	22	48	43	64	74	41	37	73	60	53	60	85	54	3	2	44	64	88	6	17	86	76	90	41	35	61	49	
73	16	16	26	42	68	33	74	60	94	38	55	5	35	86	49	52	85	91	93	22	15	33	8	31	27	13	56	64	61	31	41	64	9	50	67	64	90	60	3	91	45	32	39	46	18	62	34	69	80	100	88	74	95	71	10	17	21	24	57	
4	6	15	41	12	5	95	27	84	94	35	70	2	85	9	6	11	91	17	62	50	24	100	24	12	60	30	67	83	70	100	80	60	22	18	60	81	82	52	1	55	87	35	2	32	24	31	44	57	39	55	6	5	15	88	45	25	67	1	49	
95	89	18	50	49	25	80	31	92	94	9	19	72	37	72	20	13	17	55	16	54	79	55	30	38	3	8	38	16	98	18	88	55	10	10	35	26	98	81	13	64	83	70	21	43	16	30	99	10	36	89	91	16	57	62	85	11	51	27	96	
98	74	15	41	54	45	60	6	31	55	100	22	73	3	94	52	85	24	61	40	10	5	57	49	3	91	92	51	18	38	31	50	61	16	29	20	13	58	4	80	44	11	23	96	28	60	30	68	96	61	20	35	33	60	42	4	17	91	97	93	
14	94	26	45	75	3	99	28	47	61	97	44	58	11	36	33	63	37	43	96	19	63	32	63	91	53	41	19	76	3	1	7	16	30	37	24	87	54	39	58	100	14	52	95	12	33	96	53	9	6	50	36	71	94	29	100	93	52	43	92	
40	5	59	72	99	38	44	80	90	83	27	62	76	93	29	68	55	54	63	33	23	83	58	66	86	18	7	7	6	77	86	28	11	75	36	29	35	62	11	73	55	5	81	46	12	90	80	40	46	18	1	77	59	68	58	67	39	67	33	72	
63	60	62	10	75	88	28	41	92	90	89	42	94	31	51	45	99	13	5	62	25	66	9	76	64	45	61	98	50	34	81	38	22	82	53	91	59	16	39	65	31	98	19	28	72	7	29	81	61	19	27	28	76	4	24	78	47	42	100	89	
20	49	57	42	69	41	21	34	4	3	37	77	43	74	57	18	56	44	41	35	83	78	56	67	28	73	18	61	10	75	91	44	92	38	6	7	20	50	19	40	57	85	65	48	45	22	47	69	30	18	49	78	76	47	86	53	52	14	67	18	
88	72	74	76	86	27	76	18	17	6	19	20	18	2	33	34	16	98	21	80	22	5	87	2	48	95	66	34	68	94	51	76	6	46	5	5	39	74	83	47	34	20	13	91	23	90	87	56	64	3	63	92	73	46	21	29	68	41	95	29	
5	84	49	9	54	87	27	22	26	70	14	25	35	83	13	77	61	85	12	54	25	87	76	84	30	79	24	33	99	84	99	99	69	54	83	21	79	8	37	64	39	2	26	9	46	73	14	9	95	23	28	91	28	88	17	45	58	45	71	82	
33	78	80	48	83	39	39	41	93	34	88	70	11	96	79	74	93	81	70	28	97	5	58	24	32	84	62	71	95	80	8	33	23	54	3	51	40	3	42	85	37	3	13	57	20	3	37	25	23	46	83	45	56	29	27	33	25	9	43	93	
27	25	13	33	84	92	48	56	18	13	88	60	42	41	71	12	93	43	32	53	17	58	78	81	67	61	100	52	20	77	7	92	86	10	7	24	56	91	47	56	36	67	72	67	40	51	5	68	63	36	100	79	14	24	30	31	42	31	75	12	
28	18	92	15	74	41	10	63	79	29	88	15	59	64	32	61	19	52	74	93	80	98	12	74	82	28	5	28	2	37	20	63	85	11	20	55	49	48	46	40	86	69	78	4	30	97	34	55	32	18	31	98	99	45	45	71	85	42	17	48	
42	73	9	46	59	48	100	75	75	33	7	99	68	88	43	4	37	96	55	20	59	32	76	4	25	61	11	94	12	82	71	74	42	1	16	60	75	40	60	48	90	27	92	40	82	12	61	98	12	86	71	17	6	62	65	34	4	26	26	86	
18	85	23	30	23	48	55	30	24	81	16	54	84	93	66	22	11	82	32	83	68	63	61	98	11	92	73	21	98	21	6	20	16	65	49	46	52	38	4	67	55	42	35	44	56	29	33	25	31	90	78	91	24	16	43	38	5	86	30	40	
11	56	6	23	80	87	9	91	5	62	16	12	79	83	74	15	15	94	33	58	18	9	2	65	48	71	35	38	81	60	14	72	89	44	51	80	16	35	54	48	39	46	46	92	36	9	73	98	16	52	42	85	5	61	63	85	53	49	94	21	
89	42	62	37	30	62	69	66	88	70	85	67	88	77	84	92	62	6	60	38	91	27	39	25	87	15	6	77	62	7	12	36	15	48	94	98	70	53	92	14	23	70	58	40	67	11	24	24	18	11	83	14	52	79	5	23	88	96	63	2	
7	100	17	86	35	71	17	91	59	24	84	15	40	65	81	4	29	1	63	19	63	12	42	87	88	64	60	82	61	35	86	99	5	11	76	100	20	53	93	94	27	49	84	83	58	30	82	31	44	1	69	2	81	10	24	16	66	75	92	27	
53	51	78	77	11	62	91	66	2	55	68	88	46	35	66	87	18	92	8	68	27	60	78	88	53	55	70	42	31	30	93	41	4	46	65	91	61	4	64	27	77	86	43	100	66	17	4	57	62	25	60	8	34	30	97	50	22	13	72	9	
73	86	58	1	19	35	57	31	4	85	40	15	34	68	70	28	17	5	47	81	58	20	27	10	2	96	68	15	56	66	10	36	62	32	85	35	60	81	51	65	62	56	95	91	56	43	89	44	74	30	10	34	96	49	46	47	46	36	37	40	
88	12	51	48	10	82	8	34	22	66	31	34	74	31	76	35	23	98	59	97	54	96	79	49	38	100	48	94	90	68	21	33	77	62	49	12	7	58	64	74	58	53	68	18	21	89	37	54	7	36	61	71	56	71	76	86	67	45	12	72	
7	2	72	97	43	79	74	5	91	42	61	61	50	86	84	72	97	47	28	45	45	79	28	61	20	87	26	24	28	68	69	36	12	52	45	89	71	41	87	38	10	84	42	88	77	93	89	93	5	11	74	28	1	62	41	3	66	44	61	71	
63	5	40	24	29	60	66	92	36	75	32	68	86	98	89	6	8	19	80	49	61	94	3	82	29	1	43	39	59	7	9	88	42	8	65	37	67	40	29	47	78	89	41	91	25	66	16	57	77	18	73	18	62	40	10	39	19	64	25	18	
42	2	6	99	29	41	36	93	41	31	99	17	29	7	33	78	10	67	44	5	46	99	35	51	75	22	29	28	50	99	30	99	3	62	91	11	15	89	64	44	11	41	12	23	86	37	45	70	66	13	97	75	39	54	24	6	89	82	30	97	
99	6	59	44	7	48	37	61	20	46	19	21	17	46	4	76	4	99	37	54	64	80	66	47	38	88	82	48	62	25	18	21	68	29	60	25	97	18	88	41	60	61	47	25	44	82	50	13	36	33	85	55	88	12	49	24	57	19	70	84	
68	24	69	97	91	65	73	55	97	66	28	66	12	63	57	32	87	89	28	94	24	28	21	4	98	85	76	35	36	21	36	94	27	18	95	81	60	60	22	86	72	50	37	44	79	62	41	93	87	71	84	2	47	14	29	42	35	39	16	99	
77	44	48	32	33	74	11	83	30	71	82	45	1	28	70	72	61	20	6	100	95	96	35	78	38	48	44	16	14	14	9	57	10	90	61	92	60	62	71	42	85	79	86	33	40	55	85	6	19	44	22	83	75	32	100	85	95	95	59	79	
32	83	95	44	27	42	85	10	63	17	61	48	1	38	83	57	90	19	40	89	76	25	35	15	67	16	73	48	41	37	82	95	27	84	53	85	46	32	10	95	3	39	74	22	19	90	42	66	98	75	100	58	48	5	86	42	60	78	76	78	
32	40	77	31	53	18	32	92	85	75	85	31	91	60	1	71	38	25	54	83	52	41	28	40	15	39	63	52	49	52	6	80	48	19	59	64	6	58	81	72	83	37	78	73	79	11	12	60	22	81	94	37	56	72	30	52	82	67	46	5	
78	32	31	46	66	1	34	9	60	2	22	53	13	29	8	21	31	91	37	44	27	13	93	100	91	16	76	69	52	73	94	36	68	52	51	63	90	100	88	59	1	52	11	57	74	79	49	81	60	93	14	4	38	88	32	15	48	58	43	88	
54	29	61	85	50	70	74	3	86	11	30	45	93	75	78	25	58	31	59	94	17	46	85	11	3	28	79	67	96	12	75	33	11	87	13	5	68	84	71	36	48	42	92	72	78	66	49	60	21	46	87	19	3	78	91	26	28	100	26	15	
17	59	56	83	11	79	43	84	11	53	91	15	63	85	86	20	10	91	61	20	80	30	97	46	28	81	79	1	83	52	44	60	38	47	2	75	34	90	91	53	9	1	15	23	52	16	47	8	88	81	82	85	46	76	77	43	83	16	35	11	
99	52	99	41	28	89	68	36	89	50	20	49	45	19	24	30	22	23	32	97	89	28	52	32	91	56	62	51	65	37	41	56	36	80	69	7	5	59	47	51	11	8	80	19	4	33	77	96	49	14	81	54	100	28	15	21	52	27	81	22	
88	2	22	94	47	33	23	78	60	39	64	31	68	61	5	80	56	98	29	10	65	9	22	56	21	73	46	75	88	59	11	75	7	65	38	38	79	57	81	49	33	67	84	73	85	87	16	28	12	2	75	80	3	12	35	50	28	23	99	39	
59	38	17	43	58	16	49	27	13	13	18	24	9	89	42	69	49	48	57	94	65	98	12	73	18	76	56	93	46	2	56	80	82	34	18	61	53	5	22	91	83	77	28	13	46	7	41	98	44	18	87	86	45	72	40	14	62	67	36	16	
74	66	74	59	4	65	85	42	85	54	90	14	24	78	25	65	87	99	52	32	15	27	56	53	70	77	95	50	16	39	84	24	93	3	44	91	1	30	73	37	54	46	62	41	97	54	74	75	81	100	88	1	65	14	62	19	64	29	52	54	
23	54	92	61	89	38	60	85	42	12	63	7	74	65	76	72	23	67	31	4	26	14	29	22	30	35	62	11	62	45	53	21	51	98	8	46	69	53	88	73	90	77	51	16	39	59	76	66	55	51	100	95	93	13	55	74	38	98	28	66	
12	39	76	72	1	65	63	72	74	70	61	74	41	4	21	7	16	76	12	72	5	32	8	58	71	29	21	55	46	90	88	63	74	93	6	19	96	37	79	38	98	39	19	69	79	89	9	93	90	64	66	61	11	45	100	81	87	66	80	57	
37	49	53	87	17	53	27	93	24	41	94	53	43	78	66	61	21	12	38	61	52	35	96	30	43	78	45	94	17	88	29	97	28	95	92	62	92	65	94	90	70	89	65	64	92	69	13	11	78	65	53	44	6	33	20	34	32	98	24	62	
49	95	58	47	22	62	26	87	91	40	69	24	77	72	40	28	66	94	10	34	55	60	82	41	36	70	34	18	67	91	12	64	12	19	35	34	91	99	57	71	18	85	42	100	49	68	83	73	39	100	71	75	19	86	41	65	35	22	36	82	
On machine	6
3	24	100	45	85	89	94	46	31	10	13	25	26	14	82	53	86	100	13	2	27	67	49	65	62	53	34	99	42	98	25	53	52	77	67	68	52	99	73	97	3	39	8	6	6	98	89	33	85	76	67	60	20	7	68	61	76	82	48	36	
9	36	36	48	58	51	42	59	82	46	82	84	58	55	4	41	35	45	66	52	1	85	37	30	24	95	20	75	78	46	93	40	29	46	42	38	58	56	13	58	50	91	95	70	12	68	23	67	92	95	23	15	19	97	35	5	22	77	100	46	
47	67	63	50	9	30	87	24	83	89	48	78	12	56	28	69	42	8	35	59	77	84	34	82	85	33	25	84	43	61	41	35	91	47	75	15	1	94	14	25	94	62	39	3	69	3	31	53	51	17	64	70	94	16	16	100	73	61	23	72	
89	21	47	93	11	72	60	54	2	40	41	22	45	4	29	28	64	55	59	23	7	93	24	88	64	63	85	77	87	2	100	52	82	62	54	65	70	44	44	96	51	6	18	51	54	53	83	54	21	99	67	99	71	43	9	80	82	58	61	15	
21	86	45	77	82	92	6	82	28	46	65	9	100	91	66	71	65	38	86	20	9	93	16	92	30	90	41	51	25	35	68	32	1	67	38	75	28	16	78	37	70	9	85	67	50	95	13	66	48	32	35	43	71	56	34	39	36	76	54	80	
75	59	29	76	83	39	39	81	40	68	20	42	10	51	50	57	71	18	83	45	73	90	93	46	99	8	57	31	34	24	73	56	34	99	77	84	45	52	31	40	46	17	82	72	27	99	60	1	54	24	44	40	36	83	67	90	29	1	84	89	
63	38	41	70	42	49	76	15	65	69	20	99	55	68	53	20	22	69	37	64	28	77	59	7	59	69	52	83	42	19	89	85	59	6	56	59	21	7	30	23	15	33	92	19	54	19	57	73	61	21	87	17	39	73	69	92	60	47	65	64	
61	46	82	18	50	96	100	31	69	99	75	81	57	74	24	95	71	36	85	76	39	31	4	73	38	40	14	66	54	5	74	90	23	62	40	76	97	28	10	69	30	91	22	55	89	35	44	68	50	18	2	96	45	95	66	83	25	6	2	91	
82	43	3	48	11	52	10	8	83	2	42	29	58	6	16	37	98	40	68	50	80	61	77	26	25	86	5	44	13	95	81	51	11	45	91	75	17	58	82	82	56	34	72	77	55	4	37	38	1	97	63	60	57	28	76	45	61	62	75	56	
57	68	34	55	9	75	68	10	9	29	39	93	25	25	96	14	96	9	37	31	8	98	18	59	23	81	8	62	25	96	83	26	22	47	15	71	32	49	48	34	8	42	8	94	93	85	61	55	74	12	4	44	30	79	41	82	36	83	48	41	
84	77	84	2	54	90	78	22	69	63	32	3	37	7	82	24	93	48	4	18	20	35	29	96	96	64	28	70	59	90	42	1	66	43	27	77	43	51	48	21	67	29	76	76	68	66	93	52	83	24	13	63	46	34	6	63	40	90	91	6	
73	30	4	55	31	80	40	11	25	52	56	76	39	43	51	57	54	61	40	34	53	75	96	23	44	27	65	47	17	39	98	47	64	27	55	38	96	58	11	43	10	11	68	45	19	50	55	92	22	34	61	17	19	11	49	74	51	35	7	69	
79	84	68	88	2	38	51	75	39	27	75	18	24	82	50	51	9	72	30	94	76	56	30	74	55	90	51	63	10	42	67	80	7	6	10	70	31	49	80	49	7	22	26	88	70	16	43	4	5	55	81	26	36	99	88	64	71	55	3	78	
82	100	87	17	44	39	84	69	74	17	73	37	65	22	6	44	61	97	19	69	61	85	24	81	31	66	83	8	66	29	62	53	33	58	41	11	58	65	2	36	67	63	27	35	79	97	12	86	56	5	58	73	27	40	35	70	69	95	99	17	
1	50	97	86	81	98	11	48	82	79	63	68	22	69	10	98	76	58	96	23	91	56	40	65	51	70	5	71	100	53	19	56	67	9	7	57	86	34	11	4	75	96	89	60	32	25	26	39	9	1	93	3	82	98	48	48	71	17	47	68	
90	76	1	84	80	42	35	51	14	44	61	16	25	78	50	57	64	9	15	61	93	38	29	45	54	75	71	55	89	64	62	95	46	64	3	50	56	33	48	27	83	10	15	76	81	36	39	38	66	75	89	57	40	29	78	14	46	67	33	73	
36	15	31	81	20	14	54	58	68	54	67	50	20	7	67	31	85	62	36	60	99	2	27	46	86	18	37	45	75	82	26	11	37	54	97	4	13	24	18	7	19	54	64	60	98	46	11	90	12	100	5	51	97	5	78	69	68	29	22	15	
31	100	14	41	43	81	51	16	32	91	98	82	6	31	31	72	64	37	45	48	95	38	97	14	11	62	98	26	77	71	68	44	24	26	96	18	2	44	68	37	66	12	64	94	87	70	15	7	14	87	38	94	60	52	85	62	66	88	7	72	
38	66	65	87	70	2	10	62	90	75	17	34	13	13	58	12	84	100	14	60	89	68	25	72	66	30	25	10	68	91	33	87	1	88	55	76	96	2	94	79	12	54	14	75	83	87	25	95	77	35	46	100	35	88	84	53	97	44	65	51	
32	47	71	76	12	55	67	21	42	96	89	99	99	77	63	9	68	31	77	92	76	4	84	3	87	51	89	61	98	14	65	84	87	100	86	67	79	4	81	31	92	90	10	10	44	89	56	88	30	32	33	42	87	52	20	20	14	61	89	81	
44	77	13	50	71	90	15	79	36	24	33	97	78	18	71	93	69	16	68	3	83	81	79	79	10	38	30	75	38	54	68	21	72	15	76	60	35	57	27	89	81	14	11	45	73	18	90	83	56	67	64	91	50	36	73	88	35	37	45	1	
86	31	78	12	8	98	11	71	8	74	1	29	37	57	22	43	29	25	56	73	85	3	29	59	32	84	72	15	88	75	18	2	34	26	42	75	82	40	98	43	96	43	80	22	93	19	27	68	44	3	61	83	94	62	96	88	8	45	76	64	
53	59	85	25	3	72	54	26	78	7	97	79	18	37	11	84	96	83	6	71	92	20	33	84	49	34	24	1	2	75	49	26	40	13	70	91	88	70	44	64	78	13	91	88	70	25	11	20	54	45	27	74	28	40	68	77	82	26	56	95	
83	22	94	54	23	5	85	92	1	46	9	53	92	88	86	53	93	5	4	94	40	17	77	42	17	59	33	85	47	89	87	74	97	6	17	88	37	91	57	31	95	34	21	10	23	43	100	67	74	15	78	89	16	63	62	82	33	73	1	53	
30	29	98	49	71	43	60	27	11	75	72	16	33	60	15	43	72	74	46	25	9	86	60	86	13	91	8	3	67	46	44	53	78	29	61	5	6	81	68	91	3	73	64	64	95	54	37	19	66	88	16	36	75	81	16	16	84	61	28	60	
48	2	6	80	100	25	96	33	52	36	89	29	67	53	90	31	2	75	29	27	25	79	62	76	58	34	44	40	79	49	90	47	90	69	35	50	63	33	78	34	100	20	42	77	83	99	26	48	21	47	40	14	2	22	15	100	25	72	81	6	
77	48	78	64	80	40	10	40	99	53	37	47	54	46	17	30	58	44	35	20	60	30	22	85	39	73	100	1	49	91	99	53	82	60	63	52	86	69	88	18	100	97	19	21	99	92	100	73	64	66	31	90	79	48	95	36	46	5	89	14	
88	51	41	45	31	10	6	95	53	14	58	7	55	97	93	12	94	68	24	14	65	30	84	79	43	21	18	18	55	72	46	48	41	80	89	35	19	35	52	48	4	97	9	20	11	65	79	79	75	48	49	20	22	81	83	14	99	5	16	7	
29	43	83	18	85	2	21	71	2	21	98	8	39	40	40	96	45	98	84	58	31	78	79	79	22	81	100	60	4	88	90	72	92	38	68	81	43	41	58	20	33	6	63	46	7	61	82	32	95	2	6	62	85	61	81	8	81	40	98	61	
25	54	69	1	64	94	88	32	15	21	88	7	59	5	18	39	63	46	70	12	27	6	19	75	45	4	96	43	44	49	27	96	78	23	60	45	58	93	16	12	45	99	3	84	20	53	54	74	11	14	41	15	5	51	28	53	64	81	36	47	
49	83	17	22	51	12	34	41	17	1	12	65	26	61	30	90	89	100	48	8	63	81	39	5	47	27	85	94	100	27	45	73	31	68	25	34	17	71	2	52	9	32	24	74	25	60	3	89	61	9	32	77	80	63	8	12	39	8	62	73	
100	78	75	64	51	7	91	37	55	13	9	67	99	20	83	68	54	49	20	38	28	28	22	52	66	40	59	13	29	49	86	100	77	38	42	53	99	24	75	74	25	55	71	94	82	8	43	46	74	14	54	17	46	53	22	50	31	60	14	51	
87	85	2	99	65	39	37	31	94	87	56	98	64	75	8	68	10	59	10	49	84	37	76	93	64	96	87	58	41	35	91	19	83	6	11	96	71	49	85	47	81	84	36	33	87	19	8	14	67	19	9	92	100	68	100	95	25	17	62	5	
95	77	47	8	80	47	31	92	48	32	14	41	3	83	65	78	22	66	30	83	30	79	52	96	15	89	4	74	2	92	75	94	13	30	10	28	71	56	98	97	94	20	92	76	60	68	52	42	6	55	67	48	71	15	71	93	64	47	6	71	
25	13	10	70	20	38	76	79	39	69	42	95	51	78	50	5	84	40	88	36	90	100	87	4	88	51	85	82	63	22	92	86	93	57	3	48	23	74	44	23	100	66	37	74	43	32	62	71	68	45	87	16	34	40	90	40	47	95	31	44	
72	58	50	74	59	42	9	89	39	12	51	41	62	47	84	33	32	80	34	11	31	16	79	12	78	15	48	35	67	35	1	62	64	99	74	15	41	77	70	25	94	94	69	7	98	92	99	76	64	44	11	48	21	66	18	90	7	97	33	58	
68	43	39	61	86	89	95	15	86	51	48	27	30	22	42	53	71	30	54	16	27	22	9	35	83	21	74	62	16	26	24	69	63	40	77	40	67	36	8	67	34	62	24	76	98	70	14	35	41	3	73	73	87	68	76	44	20	31	71	45	
46	70	66	83	59	60	31	40	46	48	18	58	54	68	65	59	95	41	69	28	65	8	31	38	58	8	99	38	32	18	91	63	48	1	79	9	25	88	72	40	39	65	29	29	9	68	97	37	28	34	22	72	90	54	62	80	60	97	35	73	
80	60	28	47	18	52	15	78	23	93	89	61	10	59	16	83	23	77	22	13	81	19	98	92	29	31	48	6	95	90	13	27	19	48	68	70	32	25	97	47	47	89	94	67	32	35	93	74	84	29	38	64	87	31	53	72	20	49	89	33	
9	77	58	69	33	22	81	11	75	17	51	27	17	42	83	89	56	95	70	50	5	7	91	38	21	66	83	55	65	94	47	16	93	41	41	26	66	38	92	59	14	97	7	55	79	67	71	8	78	45	68	52	65	7	13	58	35	24	83	38	
91	40	29	84	84	34	29	16	95	100	76	5	89	59	98	59	79	91	96	71	7	15	7	76	65	73	26	25	61	1	91	44	91	74	62	9	93	76	93	79	19	64	31	86	21	69	91	90	52	96	12	3	62	75	11	5	72	37	4	74	
76	93	41	54	48	99	31	34	12	15	78	80	67	98	39	10	77	54	60	57	31	73	96	3	7	23	40	20	78	7	73	54	35	28	42	71	42	1	72	12	77	99	28	43	98	54	5	92	65	41	48	59	11	2	76	8	51	93	25	52	
7	43	11	48	3	34	70	56	50	79	73	34	73	13	91	47	64	100	17	24	41	24	30	53	80	71	68	66	13	12	31	62	8	21	51	85	90	72	4	29	71	53	73	1	55	99	19	60	13	52	19	35	38	30	23	50	22	92	71	96	
61	12	30	66	92	66	80	33	86	96	62	65	5	19	38	84	63	38	67	48	86	74	39	65	36	83	11	59	14	85	10	90	35	20	26	67	32	48	4	99	59	67	30	97	76	93	14	68	46	75	92	56	54	51	24	58	21	39	49	71	
31	90	25	86	60	98	31	97	62	92	13	99	51	74	97	48	73	71	2	5	31	20	22	99	49	41	79	64	63	54	95	75	74	63	76	89	99	73	88	46	80	35	20	22	88	71	55	67	11	34	90	90	22	15	21	7	96	26	24	14	
5	16	7	79	70	72	79	18	65	2	14	87	74	95	25	100	70	48	100	57	66	40	17	27	36	2	57	36	18	32	35	6	8	13	86	82	79	6	34	95	13	43	29	27	30	78	76	68	11	56	63	83	11	2	81	93	36	55	65	35	
63	5	72	80	70	29	96	45	85	31	28	48	11	53	53	55	94	66	12	71	33	46	14	28	77	45	92	72	94	13	55	76	44	36	50	54	73	52	41	79	37	97	66	18	35	20	78	58	9	93	27	97	76	40	91	5	93	11	51	55	
95	48	1	86	64	32	71	13	41	31	29	93	42	38	44	49	46	32	100	74	12	42	27	69	82	85	35	14	81	58	78	39	34	96	16	18	59	19	21	24	45	48	67	14	36	36	42	92	43	78	14	35	66	45	13	19	13	97	58	46	
91	24	81	100	19	28	15	15	22	68	72	20	65	52	4	63	52	53	23	8	38	8	57	63	31	14	1	92	4	92	39	18	38	99	83	49	34	46	88	78	11	67	22	16	93	92	20	84	49	71	77	28	92	76	33	3	60	13	26	100	
72	82	64	33	27	86	65	38	12	17	21	99	45	20	50	94	34	46	3	12	15	17	74	97	40	28	82	93	3	86	14	98	75	47	19	56	25	5	28	64	60	42	7	25	69	47	19	46	2	28	72	71	98	71	7	26	94	50	47	25	
71	29	39	15	52	99	29	75	64	91	54	63	31	51	74	96	57	84	18	5	92	81	89	79	43	88	56	72	15	57	10	19	33	82	66	54	84	14	86	33	69	30	83	74	55	77	22	41	80	47	87	79	41	81	80	73	89	82	17	31	
74	29	53	81	59	5	11	60	33	37	21	66	58	53	41	50	11	48	51	48	34	69	18	15	35	3	10	20	69	8	9	6	83	9	29	46	8	74	41	49	70	74	100	67	46	44	6	79	84	29	32	60	12	100	22	66	65	25	83	6	
10	6	5	73	38	15	62	100	4	10	46	80	47	66	93	52	74	67	75	60	8	46	74	46	33	69	33	27	40	18	67	43	4	1	29	86	44	86	43	60	64	51	36	17	25	22	5	60	48	3	100	29	26	93	21	65	46	57	69	3	
75	22	37	100	35	95	25	34	48	34	38	29	35	87	4	70	43	44	80	24	99	78	85	99	26	96	21	66	93	26	35	70	66	41	71	37	48	41	25	52	47	67	41	99	89	20	34	80	21	38	62	31	87	73	22	58	77	13	58	57	
48	22	55	43	89	79	15	37	18	11	45	78	80	93	57	28	63	36	26	74	20	7	66	94	33	49	86	65	21	2	83	1	43	35	9	14	93	73	54	41	13	22	88	24	95	85	58	54	52	69	68	41	15	18	46	17	88	80	43	53	
17	17	22	87	36	11	92	48	77	89	7	48	66	72	47	15	88	49	52	45	16	37	67	88	58	9	56	91	28	91	7	97	30	49	1	58	53	73	57	85	82	96	64	79	32	15	62	11	36	22	50	58	8	39	84	21	13	11	53	100	
62	91	82	14	74	50	49	87	41	29	8	4	26	95	19	81	99	45	65	47	86	9	34	9	75	55	67	24	57	56	33	90	53	67	94	23	40	8	65	97	49	98	1	58	75	48	33	23	84	80	39	100	70	76	54	69	93	17	84	55	
73	44	59	54	33	26	50	57	65	7	87	73	48	90	48	75	37	20	6	1	26	47	86	85	97	29	31	66	66	37	86	43	98	3	33	51	59	22	13	20	92	63	85	90	6	56	44	21	34	76	42	98	65	25	28	95	18	30	88	22	
27	11	15	94	3	65	57	94	14	58	64	87	49	96	5	81	19	100	39	43	64	11	77	90	34	8	42	93	97	49	55	46	35	15	97	56	12	22	40	54	46	86	75	79	4	86	21	66	80	7	71	19	71	84	54	42	60	7	56	20	
43	17	94	73	47	41	77	81	89	70	26	57	64	74	98	87	74	81	17	92	8	43	61	74	41	57	19	46	63	14	86	20	11	61	38	61	46	1	23	59	15	34	58	23	34	70	44	44	50	62	11	32	48	25	85	39	44	21	86	14	
