Factories	2
Families	40
Machines	6
SetupType	2

Number of Jobs in each Family
7	8	2	7	2	3	9	10	2	6	3	1	9	6	9	5	5	5	2	6	6	2	5	3	9	6	4	10	1	2	3	10	9	9	6	3	9	8	5	8	

Jobs in each Family
0	1	2	3	4	5	6	
7	8	9	10	11	12	13	14	
15	16	
17	18	19	20	21	22	23	
24	25	
26	27	28	
29	30	31	32	33	34	35	36	37	
38	39	40	41	42	43	44	45	46	47	
48	49	
50	51	52	53	54	55	
56	57	58	
59	
60	61	62	63	64	65	66	67	68	
69	70	71	72	73	74	
75	76	77	78	79	80	81	82	83	
84	85	86	87	88	
89	90	91	92	93	
94	95	96	97	98	
99	100	
101	102	103	104	105	106	
107	108	109	110	111	112	
113	114	
115	116	117	118	119	
120	121	122	
123	124	125	126	127	128	129	130	131	
132	133	134	135	136	137	
138	139	140	141	
142	143	144	145	146	147	148	149	150	151	
152	
153	154	
155	156	157	
158	159	160	161	162	163	164	165	166	167	
168	169	170	171	172	173	174	175	176	
177	178	179	180	181	182	183	184	185	
186	187	188	189	190	191	
192	193	194	
195	196	197	198	199	200	201	202	203	
204	205	206	207	208	209	210	211	
212	213	214	215	216	
217	218	219	220	221	222	223	224	

Total number of jobs
225

Processing times of jobs
8	1	3	2	9	4	
6	8	7	6	6	8	
7	7	8	6	9	5	
2	3	4	5	1	6	
8	5	7	4	9	4	
4	7	4	6	4	2	
4	8	6	9	1	2	
7	4	5	2	4	5	
5	8	3	1	3	9	
1	7	5	8	7	8	
6	3	5	1	1	5	
6	2	6	10	3	1	
10	8	5	1	9	5	
1	7	5	1	1	5	
3	4	6	8	7	3	
5	6	6	1	3	7	
4	8	7	4	5	10	
1	10	7	6	2	8	
5	8	6	9	2	10	
2	8	3	4	8	1	
10	2	5	10	5	4	
8	7	5	1	10	9	
8	1	3	8	8	8	
8	2	8	3	6	6	
9	2	3	5	4	1	
7	7	7	1	7	4	
8	4	8	4	5	10	
3	7	8	8	8	10	
4	7	9	9	9	7	
8	5	4	9	8	5	
10	1	9	4	6	9	
4	7	7	8	3	1	
7	5	10	7	2	1	
7	5	4	3	4	2	
6	2	10	7	7	8	
3	8	5	3	3	1	
10	5	10	8	8	8	
4	9	1	2	1	8	
4	5	7	9	7	2	
6	10	2	8	9	7	
4	5	5	9	5	5	
6	8	10	10	5	7	
4	3	10	9	8	6	
7	5	1	10	5	2	
9	10	10	10	6	9	
6	9	7	5	1	6	
5	9	10	10	6	5	
4	10	8	6	7	8	
6	7	1	9	1	8	
8	5	10	10	8	1	
4	3	9	10	10	4	
1	2	7	3	9	2	
7	4	1	8	6	8	
1	5	8	1	5	9	
5	1	7	6	3	4	
4	8	6	4	6	3	
1	6	9	9	1	7	
5	3	3	1	9	1	
1	6	8	7	1	2	
3	4	8	5	5	10	
9	6	3	4	5	2	
6	7	4	3	3	2	
3	9	6	2	1	9	
4	8	2	10	5	1	
1	8	7	6	6	4	
6	8	10	9	9	10	
2	7	9	1	7	5	
5	2	6	1	3	7	
8	8	8	10	9	5	
10	3	1	8	10	8	
4	7	10	7	3	3	
4	3	5	1	7	1	
2	5	8	5	8	10	
5	7	8	4	8	4	
7	6	3	6	6	1	
5	1	6	2	10	8	
1	4	7	1	5	9	
9	3	9	5	3	8	
5	4	4	4	10	7	
6	9	6	5	7	7	
10	1	8	4	5	10	
10	2	2	4	1	9	
3	1	4	4	6	10	
2	3	1	7	10	8	
3	1	2	9	5	1	
3	3	5	3	3	10	
6	4	4	2	5	1	
2	4	6	6	6	8	
10	8	1	7	7	9	
4	10	7	6	7	9	
7	6	9	1	10	9	
2	4	3	8	3	8	
5	2	6	3	8	3	
3	2	6	10	10	2	
10	8	6	9	3	6	
1	3	2	4	7	9	
6	7	5	9	5	6	
3	3	6	6	9	5	
5	1	1	3	1	10	
10	3	8	8	10	9	
4	2	8	8	3	9	
10	8	6	3	1	7	
5	5	7	3	9	7	
9	7	8	9	8	8	
9	6	2	7	4	7	
5	10	10	10	5	2	
6	1	4	4	3	1	
9	7	7	2	3	1	
5	6	1	10	6	3	
7	2	6	6	6	9	
9	5	7	5	2	4	
9	10	8	7	5	8	
9	9	5	1	10	1	
1	1	8	7	2	4	
8	4	1	2	7	9	
2	4	5	10	6	9	
2	2	8	9	10	5	
5	6	4	4	5	5	
3	1	8	3	2	8	
10	10	2	8	4	2	
5	5	2	6	1	9	
5	10	7	4	10	2	
5	6	1	5	5	4	
2	2	8	6	2	7	
4	1	5	7	9	4	
6	3	10	9	9	8	
5	4	7	5	4	10	
2	6	9	9	10	8	
5	2	10	5	1	10	
6	6	1	2	10	2	
4	10	5	9	1	6	
3	8	10	9	8	3	
7	4	2	9	4	2	
8	1	6	1	9	4	
3	9	8	8	2	6	
9	2	7	7	8	9	
5	8	8	2	9	10	
10	5	9	6	10	8	
2	5	7	7	9	1	
10	9	5	3	4	10	
3	9	8	6	2	7	
6	7	6	9	3	5	
2	1	7	10	8	6	
4	7	5	2	1	8	
5	4	9	1	2	8	
1	9	8	10	6	9	
6	3	10	8	5	9	
5	2	2	7	3	4	
5	7	3	6	1	7	
1	5	4	2	5	8	
7	8	5	1	7	10	
3	2	8	9	5	5	
3	8	6	4	8	1	
5	3	3	9	7	2	
4	9	9	8	7	9	
8	7	4	3	4	4	
3	1	7	4	1	2	
6	2	6	1	6	6	
8	9	4	6	6	4	
4	4	4	10	7	8	
9	10	2	3	5	10	
8	8	8	4	1	3	
5	2	2	6	3	5	
4	4	2	2	10	3	
3	10	7	10	7	3	
8	4	2	3	10	5	
7	1	10	9	2	8	
2	2	4	10	10	3	
3	6	2	2	3	10	
7	1	7	3	5	4	
4	6	7	1	2	3	
2	4	5	5	3	8	
5	6	2	2	6	2	
5	8	8	9	6	10	
3	7	10	3	10	8	
8	3	8	6	8	8	
8	4	4	7	1	3	
3	8	8	5	3	2	
3	6	7	5	9	2	
6	3	2	5	7	6	
3	6	8	1	9	9	
1	8	8	9	7	5	
2	3	10	8	1	9	
5	1	1	4	8	7	
10	9	1	1	10	6	
2	7	3	3	6	3	
10	8	5	10	4	6	
3	9	3	7	4	8	
8	7	10	8	10	2	
9	3	7	6	6	8	
10	2	4	5	2	2	
6	7	4	3	2	4	
6	4	10	5	2	8	
4	7	5	1	1	10	
2	9	2	8	4	9	
8	2	6	5	3	3	
6	7	6	9	1	7	
6	7	7	7	1	6	
4	4	9	6	3	5	
5	3	9	2	1	9	
8	3	8	7	1	4	
10	7	4	10	1	6	
4	6	5	6	3	4	
5	4	4	6	1	4	
3	7	2	10	10	3	
7	6	7	4	7	4	
4	3	9	10	7	5	
3	3	1	9	10	6	
7	5	8	9	8	8	
8	4	10	3	10	8	
6	7	4	8	9	9	
10	9	1	5	2	7	
10	8	4	10	7	10	
2	4	8	1	6	8	
10	5	6	6	2	9	
2	6	10	2	5	1	
5	9	4	3	7	7	
4	5	8	7	9	3	
1	9	4	1	2	2	
5	4	1	3	10	7	
9	3	4	1	4	8	
8	10	10	2	6	7	
5	3	1	1	1	8	
10	5	3	10	5	6	
4	8	5	5	10	10	

Stepup times between Families, where [f][f] represents initial setup time
On machine	1
46	9	46	9	48	22	40	11	9	13	30	34	24	18	27	15	3	42	31	24	42	2	12	15	28	47	39	27	48	4	34	44	32	6	48	38	27	40	49	9	
29	33	12	15	6	27	48	22	27	17	15	25	49	19	43	14	12	25	19	15	50	35	27	40	3	3	3	8	29	34	44	33	40	33	3	15	19	33	35	15	
17	13	18	48	13	23	28	49	14	22	29	32	14	2	4	34	10	49	8	21	26	43	22	3	18	27	13	17	22	21	4	46	27	42	34	4	33	21	50	25	
13	20	38	36	23	42	20	45	47	15	22	23	31	45	3	42	6	24	45	2	26	18	24	14	14	35	36	31	13	30	24	30	5	20	48	34	50	2	29	37	
36	16	15	16	3	43	41	37	4	36	45	2	27	40	48	1	24	20	9	37	27	19	20	16	22	49	4	14	19	17	44	29	43	4	36	28	28	28	50	4	
44	4	42	16	25	10	50	39	20	11	31	25	50	39	10	35	35	24	45	16	6	18	9	15	48	39	42	7	8	33	18	49	33	6	5	38	42	42	44	24	
22	31	9	50	12	40	7	39	31	20	39	10	6	21	45	43	5	24	23	32	33	19	35	2	8	47	50	14	34	28	39	20	14	43	12	32	45	19	2	44	
37	17	18	14	22	34	15	8	20	17	12	13	45	13	29	47	49	18	36	38	27	9	40	37	37	19	2	8	18	43	50	48	49	39	21	16	23	42	49	37	
49	49	50	26	37	24	42	33	36	22	38	2	17	26	48	21	3	50	37	42	36	3	11	49	29	18	17	30	12	33	49	24	24	13	11	30	10	46	46	5	
35	34	34	33	37	19	19	47	23	24	4	4	9	36	33	46	31	19	5	8	36	38	34	46	23	2	11	17	16	16	40	29	48	2	24	3	6	6	47	5	
33	18	2	8	45	27	20	31	9	41	9	33	22	30	48	9	49	25	13	11	41	13	15	32	33	33	30	3	30	14	46	38	33	46	38	2	30	29	1	17	
39	15	49	33	17	2	13	19	39	42	6	32	44	18	44	6	32	23	1	22	35	23	12	35	30	31	49	32	30	44	4	31	29	20	43	6	26	7	13	18	
1	4	41	19	21	26	9	47	23	12	33	30	30	24	35	18	34	8	1	47	29	17	19	15	30	4	13	48	19	23	45	26	47	37	30	26	34	16	4	47	
42	41	50	31	1	14	33	41	23	44	20	37	41	34	44	29	5	41	17	3	22	31	48	13	38	28	49	5	18	49	4	44	3	31	5	27	46	46	2	41	
28	4	29	33	38	41	44	12	10	44	21	31	13	7	24	49	10	15	50	43	9	34	40	48	31	25	26	4	36	47	32	19	37	8	9	42	20	1	23	35	
19	35	49	8	21	32	19	36	49	13	11	4	49	30	25	30	49	6	42	42	15	22	45	29	34	31	6	24	35	27	31	40	23	9	11	41	16	30	11	23	
44	13	10	22	13	45	49	26	5	48	18	45	25	10	1	18	32	23	27	19	4	31	48	12	38	37	38	21	34	46	16	28	23	43	1	29	48	16	14	25	
43	15	38	8	13	15	12	2	39	46	37	15	16	35	17	37	12	26	27	22	16	17	35	32	14	22	28	23	6	36	18	30	50	46	11	29	31	40	45	15	
2	45	48	20	15	38	5	19	46	45	33	31	21	36	7	16	16	12	3	33	19	4	15	41	12	3	8	4	46	20	35	1	24	45	37	19	29	10	25	40	
16	36	26	2	49	24	37	27	49	14	14	36	29	29	11	8	5	7	44	27	20	6	4	40	26	8	35	49	9	10	35	50	44	46	50	37	12	37	42	8	
18	20	43	46	26	40	36	32	37	19	45	44	41	31	45	12	30	22	24	30	39	24	23	49	27	47	32	40	17	42	32	41	49	13	18	4	41	12	48	24	
5	4	33	13	24	12	3	25	29	14	28	45	41	30	4	20	29	4	39	10	18	30	27	15	18	16	42	36	5	41	35	20	44	39	27	26	35	44	8	24	
4	20	18	44	6	41	3	21	3	19	36	13	25	30	45	41	26	24	2	34	4	44	44	13	6	6	36	42	10	10	31	15	39	49	23	43	16	16	40	35	
37	21	31	48	18	13	13	43	23	12	6	20	40	16	4	33	15	28	35	15	36	21	6	7	18	17	20	6	47	35	16	23	37	43	46	30	42	42	4	46	
31	24	31	50	24	26	18	38	45	17	38	36	8	23	12	41	32	48	12	31	38	20	24	43	48	12	29	5	36	4	19	4	39	27	26	47	32	49	20	40	
27	47	45	8	36	23	20	19	39	39	31	15	7	16	2	7	36	27	5	34	4	6	4	39	42	31	37	11	46	34	2	15	26	43	10	1	36	34	50	47	
37	31	37	32	13	25	19	37	16	46	45	16	38	33	31	5	21	21	21	15	49	36	23	35	28	10	3	19	8	11	49	46	37	16	19	11	16	42	50	9	
42	14	34	6	32	45	3	39	25	5	14	8	29	20	48	8	37	22	4	29	8	15	6	15	10	16	42	29	46	18	19	46	22	38	47	15	17	19	1	7	
27	46	31	42	8	7	6	6	29	29	22	46	43	32	23	42	13	6	18	26	38	42	13	17	13	29	42	1	10	32	16	28	46	1	13	48	31	25	21	2	
48	6	42	22	24	19	50	26	18	6	38	44	10	31	7	12	15	5	3	39	33	9	16	35	45	31	12	27	43	9	11	12	9	50	47	36	31	28	10	49	
35	5	33	5	36	40	11	50	42	46	22	49	10	25	17	8	17	41	45	8	12	36	8	10	47	17	27	38	32	16	40	25	16	36	49	15	9	16	43	33	
47	16	41	21	17	3	13	12	48	9	37	4	40	7	32	26	14	36	5	4	29	47	5	18	41	4	11	11	41	31	34	27	36	41	13	25	18	48	36	12	
38	18	10	11	49	11	5	30	20	43	29	16	47	42	16	24	16	8	38	47	32	10	25	34	1	36	49	15	28	50	24	35	27	45	29	6	49	29	9	20	
24	50	26	14	11	32	43	39	47	33	24	38	33	6	3	35	37	7	39	7	2	42	17	8	22	21	2	15	1	2	50	12	6	7	35	44	19	18	18	5	
28	8	45	40	49	28	33	44	10	15	5	37	28	48	37	43	36	35	24	48	20	42	18	19	50	4	38	14	35	29	36	33	23	35	20	50	8	41	39	42	
3	33	27	21	50	16	36	13	17	20	22	45	26	18	8	5	43	10	32	31	47	15	2	13	47	39	48	18	18	38	11	41	6	38	12	24	45	15	39	46	
49	13	46	48	5	41	1	30	39	45	3	1	8	33	34	38	37	21	4	24	29	14	30	36	9	47	32	10	31	42	21	30	38	41	49	43	34	28	48	40	
49	24	6	13	12	49	27	47	32	36	25	33	43	43	41	19	23	3	1	26	42	15	49	3	40	7	17	36	5	6	49	27	19	34	18	22	37	38	36	26	
24	1	9	23	44	34	30	50	30	39	30	35	49	44	17	39	50	23	47	49	34	22	34	15	31	37	45	14	48	28	47	33	27	19	32	23	10	9	18	22	
11	28	6	31	28	48	17	40	47	2	44	49	20	1	24	14	20	3	26	9	28	40	5	37	4	19	35	9	17	10	46	24	40	19	45	6	6	49	18	26	
On machine	2
49	5	29	38	3	6	18	30	42	22	4	8	1	19	37	21	42	39	49	42	29	4	4	12	5	48	42	5	15	12	49	49	10	29	48	2	21	24	15	19	
21	28	5	42	7	17	25	39	46	36	20	28	44	36	12	25	33	28	17	49	39	11	34	44	1	29	43	3	49	35	20	34	2	30	34	15	23	43	36	6	
39	14	19	43	1	49	31	49	36	12	41	32	49	8	28	7	18	50	36	9	20	22	33	29	50	42	36	4	13	47	43	6	50	12	47	8	21	36	36	6	
48	25	39	43	35	23	10	6	21	31	21	50	50	14	2	7	16	1	39	25	29	2	18	19	44	14	16	46	16	25	44	46	39	18	37	34	7	50	40	5	
27	16	28	22	39	42	34	3	38	37	45	24	39	42	41	25	36	9	17	45	46	4	4	37	28	1	18	45	12	42	41	50	6	22	26	38	29	15	50	18	
38	38	39	45	16	36	23	4	15	26	35	24	12	35	24	29	44	21	13	10	34	22	24	1	27	42	32	24	28	30	30	31	12	29	14	16	5	13	17	18	
5	3	16	19	16	1	38	4	15	32	11	33	41	41	35	40	20	23	39	8	49	44	48	10	6	47	7	13	35	44	8	43	16	1	2	45	12	13	15	26	
5	49	34	30	24	7	47	24	43	6	19	47	37	35	27	20	19	30	34	28	5	6	36	24	12	20	28	22	9	2	44	9	49	10	10	2	43	13	7	46	
11	22	23	17	32	6	15	36	39	46	44	20	50	33	11	17	6	7	27	48	21	27	14	50	3	40	50	45	23	2	11	30	10	42	45	26	36	2	20	8	
22	2	4	43	11	16	31	13	22	24	40	3	42	50	41	7	23	26	23	42	33	15	32	1	11	27	25	42	6	6	48	43	10	10	4	2	45	38	8	3	
30	14	20	36	25	11	35	10	4	10	27	6	26	7	2	13	38	14	33	24	22	29	32	21	16	41	1	22	31	38	16	7	39	24	17	7	42	5	2	49	
44	7	39	49	36	36	20	6	1	13	12	6	48	34	33	14	38	24	7	19	17	28	39	49	28	41	23	28	16	34	40	18	27	7	48	49	42	21	23	48	
31	39	38	42	17	12	39	49	46	10	37	47	39	16	39	14	47	46	45	28	25	25	13	22	22	25	18	50	19	18	33	12	12	1	11	35	49	10	36	14	
45	26	40	41	16	42	26	1	14	25	48	31	13	47	8	34	36	49	46	26	1	10	45	46	14	12	14	15	2	17	34	32	42	21	40	16	8	28	34	16	
32	19	26	13	1	39	30	44	47	8	1	4	20	19	49	1	43	47	38	18	3	25	8	7	1	38	7	24	41	15	25	8	29	49	20	30	7	50	22	21	
33	21	3	6	31	24	34	46	8	49	3	24	29	23	10	44	50	39	22	44	46	37	45	41	15	4	29	22	37	3	8	3	12	47	28	38	40	46	45	43	
6	41	8	15	34	34	50	9	10	13	46	8	22	35	45	29	36	48	49	45	34	45	25	6	34	21	35	21	9	13	44	26	19	33	10	36	16	27	5	8	
33	24	30	28	9	37	8	22	27	25	37	3	46	30	33	50	24	50	23	27	1	24	16	21	1	8	31	16	19	41	12	3	43	8	9	32	28	3	8	48	
43	45	11	49	1	19	12	33	5	49	25	10	47	5	28	44	6	42	21	17	49	43	49	14	18	6	25	32	6	24	36	17	24	30	36	35	22	29	30	39	
25	10	46	2	20	41	38	3	41	19	9	14	35	2	42	4	21	7	16	2	6	41	21	25	46	23	17	11	28	19	34	48	14	8	6	22	42	38	21	42	
37	10	46	17	42	34	48	36	35	33	17	36	10	44	27	47	39	44	42	11	15	40	34	23	24	34	3	36	35	41	8	38	42	48	3	34	40	8	13	26	
14	50	21	8	5	1	41	41	36	18	42	17	23	49	16	10	42	47	28	26	1	41	43	15	22	35	23	3	15	49	29	33	48	31	37	23	29	21	13	32	
41	27	10	27	20	9	33	5	11	32	2	41	50	13	32	29	1	17	28	14	26	10	36	35	45	8	45	21	40	38	24	27	26	15	14	23	22	26	8	32	
41	14	39	43	37	46	12	36	16	47	4	24	1	50	33	42	34	50	11	40	19	21	11	12	16	9	23	31	17	45	31	19	46	12	50	10	50	49	26	42	
33	1	48	49	38	34	15	46	32	2	9	48	12	3	10	45	24	16	10	47	47	34	37	40	26	46	40	4	47	5	49	49	10	46	33	28	36	1	36	39	
23	49	21	33	21	37	34	27	48	48	49	16	20	38	3	37	2	49	39	3	6	22	16	27	34	7	44	12	17	32	17	10	13	2	47	27	17	18	6	41	
8	25	21	46	4	9	1	13	15	7	28	48	6	15	39	28	40	13	45	33	37	50	31	13	44	8	45	50	26	15	30	27	41	6	22	29	11	3	16	43	
24	18	28	46	35	41	10	37	38	5	46	10	39	13	40	5	43	12	49	17	8	3	36	14	5	27	9	5	48	18	28	29	24	49	39	5	29	27	34	50	
16	28	15	6	20	26	43	21	44	10	25	24	42	32	49	36	30	43	29	48	18	29	44	24	16	11	40	50	43	28	40	21	23	3	18	20	14	14	20	15	
27	39	32	37	12	27	22	41	10	39	48	13	33	46	49	32	37	37	36	33	40	5	20	42	25	24	31	13	39	44	46	5	33	30	9	2	7	1	22	27	
32	4	21	35	21	25	23	17	6	4	15	8	48	25	47	13	24	8	41	15	1	7	6	23	34	18	3	45	49	27	40	20	31	17	32	4	15	28	9	15	
2	8	3	45	19	16	18	26	26	47	15	37	26	50	16	19	41	32	8	12	30	16	30	36	17	47	48	37	17	20	9	8	35	21	45	30	38	41	43	13	
36	8	46	21	9	30	1	25	18	5	46	29	15	39	26	15	14	43	40	18	17	29	6	43	37	41	8	29	27	41	27	49	38	31	6	43	49	25	13	5	
15	46	18	38	2	5	39	2	4	37	12	15	20	39	7	32	44	21	38	10	14	31	38	42	26	30	45	27	14	6	3	6	17	36	33	29	27	33	40	21	
18	38	29	8	26	38	19	40	9	40	14	4	11	14	3	49	18	23	10	31	10	50	28	22	16	18	33	27	45	48	31	14	43	13	32	47	11	25	4	10	
23	13	19	41	31	3	27	12	38	43	6	43	26	8	12	29	3	18	35	2	33	14	5	19	20	37	9	44	46	36	8	18	16	3	38	3	45	17	46	20	
43	6	50	35	42	5	20	39	40	43	50	26	1	38	37	42	22	39	26	13	3	20	5	26	18	6	45	34	7	49	5	45	8	5	7	27	4	22	31	28	
11	4	36	19	33	1	43	21	46	42	25	31	19	43	25	6	45	30	46	12	27	16	45	24	14	9	31	6	13	36	15	50	17	2	12	49	11	22	38	8	
25	41	29	42	40	18	14	34	16	40	41	31	31	42	48	41	13	22	44	4	7	40	9	49	30	14	9	36	9	30	11	24	42	40	36	5	14	10	46	15	
25	6	6	33	50	26	48	15	7	14	25	23	8	23	6	12	26	39	33	12	48	10	50	18	4	30	8	45	22	44	19	5	12	25	31	27	19	41	35	14	
On machine	3
19	2	33	13	11	49	30	9	48	20	23	26	25	39	34	42	17	31	18	36	4	37	33	6	42	48	49	34	42	48	46	39	43	19	38	40	43	49	32	45	
45	19	8	44	2	15	38	27	45	16	15	36	30	26	43	5	46	2	5	12	43	18	27	2	41	17	21	14	8	4	44	7	2	43	32	12	15	47	50	37	
16	35	13	48	43	26	18	38	44	4	24	50	16	28	4	37	46	6	43	19	22	43	21	43	36	21	31	10	16	32	34	4	15	11	18	9	41	23	22	6	
42	30	6	50	7	15	16	38	44	39	22	16	43	27	18	41	10	4	38	16	44	41	17	24	47	39	33	7	38	28	14	26	49	43	47	34	49	19	44	35	
38	24	26	47	27	19	31	46	15	5	48	24	10	37	18	7	2	41	20	43	3	44	45	44	27	17	40	50	11	23	14	5	24	10	16	24	39	24	37	25	
46	41	14	44	44	7	24	32	6	44	21	3	41	12	15	27	24	47	36	3	35	33	32	7	44	4	47	38	26	40	5	26	40	19	5	34	28	44	41	39	
39	32	38	35	30	15	33	37	42	23	34	39	11	32	49	3	29	35	36	31	40	36	17	44	47	40	29	18	32	16	27	39	34	18	2	21	10	10	35	5	
18	18	40	9	2	6	41	16	17	26	26	27	3	5	17	7	43	9	44	37	9	30	50	39	12	48	6	45	35	46	6	23	45	21	42	26	26	35	48	2	
10	37	43	46	6	14	26	11	18	8	19	45	39	2	2	11	11	31	4	17	35	11	5	37	15	39	40	20	31	1	4	35	49	23	19	45	27	8	43	30	
1	6	31	47	28	7	9	27	41	48	10	35	48	14	4	21	10	5	42	5	24	3	6	35	27	6	19	42	46	34	31	24	10	48	22	14	13	23	39	9	
30	2	36	28	16	27	20	17	48	43	2	39	31	3	42	22	44	42	48	7	30	31	27	35	13	19	27	31	41	21	2	43	10	8	35	38	33	27	48	49	
46	32	40	36	43	46	49	34	32	16	44	45	19	48	31	1	13	48	25	31	36	46	42	16	16	18	25	41	45	48	10	23	32	13	12	18	46	43	24	6	
27	14	20	34	33	4	23	28	37	14	42	16	6	50	26	25	21	7	48	11	4	13	9	28	30	45	10	45	20	18	24	20	37	40	33	44	33	47	28	5	
47	44	46	19	10	24	35	24	15	12	47	24	27	5	22	18	3	48	16	40	22	37	1	43	37	40	5	39	16	10	45	50	5	2	38	36	12	4	46	28	
10	6	19	36	39	14	7	11	16	18	10	43	24	15	5	24	40	1	33	49	16	36	22	3	48	43	10	14	14	45	27	17	35	38	44	1	16	19	16	43	
9	3	32	42	4	17	28	27	30	49	44	39	33	42	16	10	30	30	30	19	2	13	27	39	12	47	30	40	4	22	14	32	50	27	15	41	41	25	22	48	
23	3	8	18	27	37	30	25	23	48	16	44	49	45	22	6	23	30	28	40	18	20	8	28	33	7	8	42	19	31	5	33	11	23	42	50	2	50	12	12	
38	26	11	50	15	38	50	30	11	24	20	3	10	49	19	13	38	15	49	31	24	4	19	10	17	6	39	26	7	38	37	3	25	47	19	29	30	27	45	6	
4	42	42	30	38	48	27	1	43	28	44	24	29	16	2	4	38	43	21	22	23	47	8	31	12	20	9	6	42	7	16	8	12	34	2	21	39	2	42	39	
4	21	21	39	26	46	22	27	20	47	38	30	18	12	41	22	6	44	40	39	21	12	3	27	20	9	29	24	13	17	2	39	5	1	7	25	12	33	6	33	
49	7	19	22	12	46	46	24	45	8	37	3	40	33	4	8	15	33	32	21	22	42	6	12	24	5	4	44	35	40	45	47	29	35	5	4	16	14	28	44	
6	10	32	18	6	2	34	3	1	16	31	42	1	13	30	37	3	24	28	45	13	18	36	43	35	48	45	17	6	27	2	46	1	3	39	37	16	43	14	36	
22	19	42	34	4	11	30	36	40	43	6	39	1	11	11	25	27	24	35	25	14	16	47	20	28	34	16	1	50	1	46	27	40	15	25	39	4	38	6	21	
3	15	9	36	9	34	10	13	1	12	35	19	5	22	2	40	24	18	29	43	12	17	27	14	2	18	35	36	15	3	3	15	11	42	1	16	30	47	18	26	
42	38	45	34	35	24	33	47	43	18	44	30	3	30	14	32	30	10	38	2	13	7	45	5	37	9	47	18	30	15	48	50	38	33	46	50	26	43	36	45	
29	16	35	48	33	47	41	30	42	38	28	9	19	43	48	31	10	12	47	20	41	10	9	35	8	18	30	2	23	43	2	25	39	3	38	28	28	24	8	28	
31	36	46	17	33	24	8	48	40	37	24	25	18	43	19	14	49	41	17	23	21	23	32	3	9	41	35	18	37	13	38	7	25	11	40	30	47	41	34	8	
13	43	37	41	35	21	44	35	40	37	37	42	20	28	22	16	3	39	33	31	10	22	36	31	37	28	9	22	18	23	9	13	28	33	42	25	4	36	42	46	
11	16	35	4	40	41	13	19	28	25	23	31	16	44	35	14	37	28	6	12	44	24	16	29	45	47	42	11	2	5	35	27	48	49	15	41	3	1	10	6	
21	50	36	31	29	39	24	2	27	6	3	4	7	5	11	8	2	16	34	3	46	22	3	40	43	26	25	12	1	25	23	33	48	45	14	39	43	19	27	23	
30	15	11	49	8	19	48	48	30	28	23	3	9	36	25	30	2	46	27	43	31	18	15	27	17	41	45	34	35	18	8	6	8	20	39	17	20	39	26	48	
26	32	47	11	27	21	22	38	21	16	8	44	22	10	5	20	48	31	50	22	41	31	30	41	40	37	22	23	3	16	4	36	44	32	18	12	26	22	43	8	
14	33	21	23	12	2	7	7	43	31	36	10	44	8	48	21	26	41	42	31	15	7	18	25	2	19	31	36	36	30	50	49	16	2	41	18	37	22	47	36	
24	30	11	24	18	8	44	39	34	1	41	25	24	43	3	10	44	14	21	14	7	20	50	49	32	50	26	37	6	40	50	48	19	42	26	35	21	47	31	13	
39	22	40	2	14	12	50	1	14	43	20	43	22	31	41	14	2	16	44	50	47	11	29	39	39	20	26	13	48	30	50	19	33	35	4	22	19	27	49	40	
41	19	21	19	37	4	6	18	20	40	42	11	8	22	47	15	17	44	35	30	31	22	33	43	12	29	10	14	35	38	17	19	42	34	29	4	28	8	30	45	
1	39	25	23	20	41	9	19	38	49	6	2	4	8	29	21	21	33	28	22	2	8	49	30	23	37	10	23	5	33	37	15	27	38	13	20	41	18	47	5	
40	10	36	33	6	1	43	8	34	17	42	7	20	21	17	26	40	46	9	17	15	44	38	49	2	2	5	20	23	40	9	48	32	29	47	40	45	20	29	1	
35	24	48	7	37	32	6	15	34	10	29	14	28	30	39	43	33	4	40	21	31	19	34	18	44	27	30	3	31	40	18	4	33	4	32	48	6	10	29	14	
21	28	6	37	30	36	31	50	30	21	22	23	40	24	25	18	20	4	12	21	11	29	1	14	8	32	30	37	34	9	8	47	49	29	18	8	44	35	25	19	
On machine	4
3	24	34	6	38	30	26	2	47	31	21	26	19	8	14	29	21	24	40	11	33	8	31	13	37	14	40	15	15	2	13	10	5	43	17	16	7	4	30	20	
29	38	27	13	40	11	23	29	26	38	14	26	27	45	27	30	43	38	37	44	39	22	18	41	20	9	27	16	39	5	22	22	24	28	29	26	18	42	21	44	
41	32	40	15	3	31	21	16	39	18	8	1	32	23	5	4	35	33	13	32	24	30	50	26	40	12	38	11	27	12	29	36	41	15	13	18	45	20	34	18	
22	44	10	18	15	18	16	13	12	30	50	42	43	18	7	29	42	5	27	27	46	28	14	32	36	47	44	14	25	33	29	2	24	11	11	15	10	47	24	25	
9	23	46	21	41	15	46	10	29	2	9	14	9	46	34	24	21	10	16	41	17	23	50	29	12	40	25	6	27	28	44	2	45	25	33	9	8	6	47	1	
39	35	48	49	34	18	13	3	16	1	27	28	18	14	17	14	10	42	13	7	28	10	22	48	34	43	40	32	28	3	7	13	28	41	32	2	44	37	3	46	
5	18	3	26	7	50	13	15	6	50	26	1	26	42	30	39	34	20	40	26	44	42	10	22	38	36	32	32	48	35	12	23	43	50	17	13	4	24	49	29	
13	9	48	16	10	26	3	15	16	43	18	14	50	12	43	40	14	39	23	7	7	1	32	8	24	30	14	18	13	28	45	31	11	50	38	14	34	20	4	12	
25	4	34	16	28	16	31	25	7	14	13	33	20	48	33	21	10	28	23	3	8	15	20	12	1	31	49	23	22	9	38	34	10	36	16	18	43	6	30	17	
18	44	39	10	4	13	23	32	48	40	30	29	14	30	17	45	19	15	49	37	36	35	24	35	3	16	32	5	1	30	41	25	34	6	14	8	32	25	30	26	
10	5	21	20	46	6	42	20	23	40	49	49	39	29	26	33	6	39	44	11	24	27	42	1	34	18	12	42	43	19	23	20	14	45	22	38	6	50	31	10	
38	20	36	32	34	28	34	28	45	12	28	18	39	43	42	36	43	35	4	11	16	4	31	34	21	31	39	35	12	47	47	17	46	38	12	10	8	47	37	3	
10	14	22	24	10	27	24	30	8	5	36	15	49	32	47	31	22	20	6	23	38	16	13	11	11	7	40	24	50	7	48	24	34	32	22	11	2	24	34	6	
50	1	37	49	6	40	23	43	19	27	19	18	9	22	48	12	36	8	40	28	21	49	25	21	13	12	6	24	21	17	49	30	21	37	8	29	43	11	42	34	
42	25	18	46	5	19	49	4	27	2	1	24	20	10	7	6	1	19	28	42	35	31	2	36	45	14	15	29	49	34	46	50	15	45	21	24	8	50	40	35	
44	33	48	34	26	33	25	45	20	11	18	27	21	29	25	41	49	9	3	47	17	4	25	1	26	22	25	4	5	36	25	21	46	12	43	42	44	32	23	11	
27	8	6	22	43	34	45	40	49	7	11	39	27	40	43	34	20	3	39	22	15	50	35	28	35	14	19	16	48	14	40	49	3	13	47	1	30	26	31	35	
25	1	3	18	29	3	43	21	8	22	48	26	34	43	47	18	26	11	24	5	46	27	25	3	29	41	8	40	38	24	47	35	14	21	43	20	25	28	17	41	
26	22	48	48	2	4	16	4	27	33	35	25	1	43	22	46	4	48	49	45	17	38	6	36	42	42	3	4	36	39	29	15	24	17	17	22	5	32	20	46	
42	29	37	39	27	5	37	2	1	8	13	38	44	38	26	16	30	42	49	9	38	35	10	1	27	1	26	8	9	14	25	40	18	42	13	12	44	34	7	9	
11	28	47	8	47	29	42	35	28	11	30	37	27	38	47	21	27	20	4	22	16	48	17	42	19	20	21	4	23	40	7	23	43	16	17	7	6	48	31	35	
50	8	49	28	18	30	44	11	2	46	32	6	4	17	28	48	45	5	1	13	40	4	48	32	12	39	28	6	38	31	33	40	49	4	45	16	44	14	46	11	
1	40	44	5	13	49	38	11	31	28	19	45	22	20	29	2	18	4	18	5	33	10	15	6	45	6	13	19	29	35	44	36	25	39	24	45	11	28	4	20	
4	43	17	12	33	2	30	22	15	26	50	7	43	22	21	40	48	33	29	4	45	45	24	5	33	20	36	50	28	45	43	17	4	45	19	21	25	39	43	6	
42	10	31	24	15	47	8	10	35	9	45	36	20	35	48	36	27	1	16	28	35	33	50	37	47	37	42	46	1	44	5	39	27	37	33	42	11	18	47	23	
22	30	9	31	1	23	45	26	5	23	50	3	21	46	15	34	13	44	15	8	37	36	31	2	30	10	21	6	48	46	14	32	25	35	48	36	7	32	32	9	
31	35	32	12	48	49	27	26	40	3	11	47	7	44	27	9	36	23	18	45	44	30	20	1	17	22	15	47	23	46	26	47	23	26	36	8	26	44	12	13	
33	20	14	34	26	36	34	24	29	43	48	39	23	29	32	34	19	8	43	8	22	16	36	2	17	25	32	13	38	10	48	13	17	10	4	21	28	36	49	26	
14	12	10	49	42	40	48	27	27	22	26	47	32	25	48	36	3	38	47	12	4	33	5	40	38	45	40	9	13	13	32	40	35	48	46	35	49	2	29	48	
37	47	50	40	15	22	46	44	9	7	42	21	28	20	28	44	10	40	39	16	40	21	6	12	36	20	31	37	39	29	10	44	17	10	34	48	19	20	9	18	
15	3	18	26	2	38	47	36	36	47	34	43	1	7	35	17	32	31	12	15	2	6	39	9	35	25	5	41	32	3	40	49	37	34	23	7	5	29	46	46	
4	27	15	2	7	28	50	45	41	31	37	9	22	9	27	23	29	15	37	44	9	12	41	46	45	17	33	28	34	19	26	36	20	17	36	12	42	43	38	4	
16	50	43	7	42	10	12	30	47	11	29	30	25	29	23	29	27	41	17	5	41	19	30	32	47	22	31	15	6	7	17	34	35	39	50	31	6	12	27	24	
47	34	46	35	9	28	25	8	10	39	42	16	30	21	14	10	47	45	6	9	40	46	50	21	4	44	3	33	28	36	33	27	13	26	11	15	41	4	17	49	
37	30	19	6	43	28	29	10	40	8	35	22	50	43	10	37	40	12	9	36	9	2	18	33	47	45	40	2	25	30	28	26	12	13	16	1	37	17	50	26	
27	42	18	30	47	22	33	18	41	1	5	4	37	8	1	32	4	11	17	34	30	31	15	38	49	38	19	28	45	39	37	45	15	36	13	7	15	48	31	14	
13	13	3	7	16	25	42	28	41	10	47	44	16	28	12	39	37	50	40	12	1	1	4	4	33	33	28	15	18	29	48	12	44	16	47	9	9	31	50	26	
40	49	37	27	41	13	20	42	18	15	31	27	41	20	50	43	24	19	46	25	29	8	35	42	43	40	39	44	12	11	26	14	11	43	30	37	4	2	45	17	
38	11	12	45	21	33	49	31	41	24	30	11	4	24	6	19	25	40	43	40	22	10	49	26	7	48	6	1	5	20	42	9	25	49	11	5	16	5	17	20	
1	30	1	9	5	36	37	44	4	25	37	45	13	25	43	14	16	25	34	17	13	31	8	32	32	38	36	44	24	22	36	44	25	27	45	25	9	31	17	43	
On machine	5
34	49	24	38	3	49	12	30	12	10	12	27	38	6	3	50	28	23	5	32	27	13	15	19	8	30	27	27	19	17	8	14	19	17	5	29	37	13	37	36	
5	15	3	29	20	8	14	24	39	11	29	38	26	13	22	43	12	31	33	35	4	27	25	16	16	13	21	11	43	22	9	34	8	8	10	29	22	7	9	48	
23	42	21	30	44	45	24	33	17	41	3	49	36	50	3	27	24	29	46	10	18	6	33	5	4	29	33	4	12	29	47	29	10	4	12	42	23	46	12	17	
25	47	35	35	23	49	26	38	23	27	15	1	50	34	5	41	15	29	1	12	23	27	1	45	1	25	2	20	39	19	9	8	41	26	36	26	13	15	5	43	
29	27	2	41	25	34	6	41	45	28	36	40	47	7	22	3	32	16	33	30	28	31	11	1	22	31	42	18	20	23	29	29	16	10	49	50	2	8	37	13	
20	9	7	31	24	18	2	25	7	3	26	4	20	19	30	38	14	19	35	8	14	12	1	20	39	26	10	17	9	11	48	20	37	9	41	19	17	1	35	1	
5	2	28	18	21	12	6	47	13	9	26	27	49	23	47	36	28	19	44	46	26	30	1	19	45	4	30	26	40	34	3	17	35	35	2	37	5	46	3	34	
37	6	20	34	33	7	9	33	45	23	43	7	20	19	35	50	46	50	9	4	45	41	20	27	31	11	50	35	16	32	1	41	21	24	15	22	28	40	38	14	
23	45	9	1	45	24	17	20	28	19	25	21	35	14	26	50	27	50	6	6	18	19	21	7	43	18	6	35	48	1	49	11	33	18	23	28	25	18	41	35	
33	13	18	25	4	37	24	20	46	15	48	24	27	34	34	4	41	50	31	48	45	47	49	27	31	43	10	22	21	45	50	33	39	41	11	2	44	7	45	20	
46	6	48	15	14	6	17	36	14	40	25	16	5	41	8	10	45	23	38	11	27	42	11	17	9	31	17	33	20	38	48	18	21	46	42	49	50	43	28	38	
9	13	49	13	19	20	22	27	3	22	26	15	28	16	5	23	30	24	10	12	48	19	1	25	1	2	23	16	47	24	2	30	34	38	11	44	46	27	37	6	
37	20	47	9	42	2	36	37	6	46	46	39	31	16	20	25	5	45	32	5	33	19	19	29	39	39	44	45	36	15	37	47	17	36	39	38	43	41	10	23	
9	39	24	22	45	37	48	12	18	8	22	49	23	7	22	36	35	13	47	36	19	26	22	11	15	26	18	34	38	30	7	17	50	24	37	7	14	39	24	31	
50	24	21	36	37	6	46	13	36	50	41	3	16	41	20	23	39	41	29	20	25	26	35	16	11	6	8	38	17	29	29	42	43	24	40	17	47	41	25	29	
20	47	48	31	17	50	33	29	1	22	43	22	49	7	50	50	6	9	17	21	6	49	8	22	43	44	44	24	45	29	48	44	9	42	46	50	46	3	47	22	
17	46	29	14	50	44	31	30	6	15	12	15	49	15	33	47	17	7	35	5	42	43	21	5	38	10	46	9	1	35	21	24	20	20	28	4	44	45	7	38	
35	31	17	10	33	6	20	22	35	48	35	28	35	48	27	6	16	20	35	8	13	27	14	43	31	6	32	48	10	32	49	17	34	37	29	43	3	18	16	39	
3	6	17	37	44	48	9	9	37	32	25	10	49	31	9	1	42	39	43	33	24	26	37	43	33	36	46	21	20	8	42	18	12	46	44	29	5	40	23	4	
49	29	47	41	17	37	16	38	13	43	6	45	50	12	35	42	48	7	8	28	47	39	18	47	9	23	12	32	10	41	2	35	36	15	36	15	41	16	11	22	
25	39	28	21	21	46	16	36	12	19	34	36	5	48	23	14	26	32	42	21	2	46	7	6	49	23	42	9	15	24	29	7	44	49	14	13	43	8	45	2	
1	49	37	44	13	32	13	4	13	44	49	9	28	6	44	43	32	9	26	12	20	10	33	11	8	22	40	4	38	19	19	10	37	28	9	35	46	40	43	17	
27	2	46	18	22	28	32	33	43	16	43	18	23	28	13	35	22	29	50	44	33	7	26	47	31	31	2	11	15	49	42	20	10	22	3	8	20	43	50	46	
11	31	27	2	15	10	26	45	48	18	50	31	42	25	20	18	50	24	33	1	18	43	2	29	4	15	40	47	28	42	22	20	3	13	8	34	31	24	49	38	
30	24	50	12	12	32	47	25	11	28	9	19	37	45	42	43	9	10	34	13	7	22	16	21	39	47	41	36	18	16	27	15	33	25	46	18	17	29	31	20	
50	3	35	13	28	20	31	8	6	48	10	39	19	19	13	19	39	22	11	46	39	19	46	3	29	38	41	9	25	5	40	1	41	7	10	25	44	7	8	20	
18	42	19	47	28	44	4	12	48	7	33	32	27	26	4	15	21	7	18	48	31	27	42	20	46	13	44	35	14	33	11	8	3	46	23	20	39	32	26	16	
42	22	12	32	19	36	30	45	19	13	22	43	45	14	25	8	45	42	25	17	18	35	8	30	19	5	17	46	21	42	11	47	5	46	36	10	3	41	45	2	
33	31	23	4	18	50	11	28	3	16	38	15	20	42	8	15	14	3	50	4	20	7	17	50	39	34	49	18	5	36	48	13	30	22	5	39	16	50	49	10	
42	19	8	36	8	3	2	19	35	49	4	30	26	2	16	21	45	31	14	39	38	26	33	4	44	27	31	36	29	10	48	17	34	6	12	18	35	27	4	3	
39	11	21	4	25	22	40	5	34	36	16	33	2	22	25	12	45	38	40	3	48	32	31	41	5	9	30	18	13	12	45	35	47	12	40	5	15	40	33	11	
17	10	19	1	31	13	22	11	24	10	1	10	33	39	30	10	16	15	10	9	34	49	30	9	16	33	8	47	16	35	17	17	5	18	2	20	46	5	7	39	
10	33	41	29	32	50	21	48	35	1	44	23	31	17	45	7	27	45	19	23	6	11	24	29	19	2	34	16	41	1	15	34	32	26	34	27	12	19	29	47	
30	20	14	16	5	37	35	5	29	45	28	45	43	25	34	40	44	41	31	3	8	41	20	31	23	31	18	6	45	10	3	13	22	15	2	21	12	36	9	50	
39	35	34	6	9	12	37	35	37	39	6	4	44	24	15	48	22	27	6	2	37	10	6	35	20	19	33	5	24	1	17	12	12	8	33	12	2	31	15	24	
25	44	30	44	4	38	42	20	18	5	23	27	13	17	10	35	36	5	44	18	5	7	26	24	42	32	46	39	43	47	16	42	20	23	3	31	22	46	6	46	
18	43	5	17	39	46	3	48	50	41	48	41	49	4	40	36	37	33	24	25	3	32	29	43	38	37	22	4	6	3	18	8	39	27	17	16	28	26	29	13	
13	28	37	22	40	49	2	45	12	24	29	10	12	33	25	27	16	19	41	1	34	35	24	19	43	4	36	24	2	38	28	44	47	47	18	21	34	41	21	31	
21	30	2	15	30	20	49	12	43	28	47	26	35	43	43	10	36	40	32	32	17	9	38	27	10	1	37	36	35	17	45	24	46	12	28	42	8	4	27	16	
12	46	35	31	43	37	40	10	20	10	21	38	30	18	25	45	9	19	41	9	39	6	41	37	48	43	35	9	12	21	11	3	17	10	47	2	26	50	25	30	
On machine	6
22	47	48	15	21	4	43	45	12	48	31	34	40	29	11	26	19	15	2	17	50	46	34	6	4	19	18	5	25	4	39	12	21	24	34	41	39	49	16	9	
15	33	27	3	36	45	48	22	5	14	43	18	14	46	21	19	47	7	12	27	32	14	11	17	13	22	30	39	34	20	41	48	39	5	38	39	33	24	41	48	
23	2	27	27	29	26	10	39	12	38	40	28	26	1	23	17	2	12	13	36	30	11	47	42	26	21	38	50	36	3	7	10	10	42	9	9	28	19	34	45	
27	27	3	9	23	10	11	38	24	5	7	32	16	26	19	35	32	11	44	23	34	18	8	17	20	8	13	42	13	29	36	45	2	37	18	33	41	10	10	34	
36	38	14	36	4	36	41	35	38	46	3	15	24	24	50	6	15	50	20	5	6	35	36	1	50	32	41	44	35	44	1	27	2	21	29	32	8	44	23	36	
9	37	5	42	22	19	35	16	39	38	4	46	45	22	39	17	4	34	14	38	47	29	7	21	32	19	9	24	11	20	6	28	31	3	1	44	46	4	25	14	
40	33	8	40	41	35	2	5	22	8	19	23	38	25	11	20	11	23	40	15	37	12	41	1	8	3	40	19	47	44	12	38	37	7	11	29	9	6	49	2	
22	28	32	45	6	27	45	6	9	50	37	3	22	9	21	46	34	4	28	3	21	21	47	23	19	35	25	39	33	13	49	46	1	19	11	9	19	26	17	16	
49	21	23	6	11	39	20	47	34	13	36	9	26	14	13	1	10	19	41	26	31	2	31	24	37	36	3	23	46	1	30	30	7	47	36	36	50	19	24	9	
8	46	11	39	43	3	49	3	38	34	8	16	27	11	1	40	48	38	7	11	47	23	47	32	31	1	25	11	40	44	47	37	24	24	29	3	40	31	43	13	
16	45	22	43	14	23	45	13	33	42	44	40	30	1	12	2	18	43	15	26	33	47	27	29	17	8	12	49	18	12	27	44	14	7	8	15	4	24	44	27	
2	24	32	36	8	4	28	20	3	6	10	24	1	17	4	37	15	21	7	5	37	17	28	43	34	33	31	17	29	25	39	30	11	29	35	48	17	26	12	30	
28	17	43	35	3	3	6	9	23	4	9	15	37	27	15	18	35	30	7	33	26	10	35	7	23	49	28	15	23	46	22	30	18	7	41	2	3	46	7	11	
43	42	25	39	49	25	39	48	25	23	27	17	33	23	10	4	36	47	12	17	1	7	15	43	48	1	10	49	12	40	15	24	23	28	34	17	23	8	11	11	
33	32	43	49	25	12	27	34	1	27	36	39	26	22	22	28	17	46	16	2	4	4	43	44	32	9	34	9	10	8	1	14	13	14	4	47	13	35	37	10	
40	48	6	13	46	28	23	29	13	11	22	17	29	16	18	31	10	26	29	38	34	18	45	29	47	6	49	41	14	23	8	10	29	13	28	20	7	22	6	19	
19	9	49	34	14	28	27	31	50	43	38	40	35	18	20	31	10	27	36	45	26	13	17	43	43	29	34	4	29	21	40	18	47	11	2	6	19	31	20	4	
48	29	6	39	26	34	17	27	44	12	12	39	37	2	50	4	14	15	32	15	34	20	18	32	5	7	21	21	42	26	9	24	36	47	25	3	39	27	36	36	
45	14	35	15	7	8	10	50	41	27	44	11	44	2	1	50	40	32	36	14	18	49	33	15	49	32	12	20	8	36	8	9	26	12	14	4	13	10	24	38	
48	12	4	20	25	25	37	22	38	11	13	21	33	50	41	19	11	27	14	4	23	21	23	36	25	25	12	28	16	39	32	24	5	7	36	19	5	4	9	1	
17	23	17	9	43	16	46	6	28	15	7	43	21	34	34	32	12	48	7	47	17	22	50	29	7	25	50	11	36	28	38	3	17	9	38	44	9	9	38	33	
27	37	27	34	15	36	4	31	46	49	24	19	4	6	11	25	16	18	27	26	4	42	48	13	31	32	48	40	29	30	38	18	9	25	21	9	19	40	41	48	
21	1	28	50	48	31	36	48	48	32	14	49	18	1	18	45	4	27	43	46	16	40	37	14	24	48	17	30	35	42	34	33	34	3	49	44	11	44	28	16	
40	47	34	4	19	48	40	13	38	6	34	23	42	20	47	6	8	5	15	29	12	1	14	15	21	12	28	39	3	47	50	29	14	23	3	27	7	36	19	13	
17	4	27	19	45	15	3	45	5	31	19	50	12	25	40	7	50	39	14	22	25	19	28	23	28	41	20	20	30	7	20	9	46	45	50	9	18	18	35	28	
5	37	36	35	41	10	16	19	46	8	39	11	29	46	14	44	11	41	23	37	41	42	3	43	19	29	35	21	5	22	35	5	23	6	38	14	46	42	26	46	
37	12	28	8	19	3	41	24	13	18	18	44	30	31	22	43	12	11	35	13	23	37	26	41	26	15	44	25	11	46	13	32	50	1	49	45	23	39	34	27	
33	11	1	23	7	23	12	2	8	26	33	9	40	34	20	30	34	45	45	12	4	42	16	50	5	36	17	6	48	27	14	32	45	45	31	9	16	6	1	42	
7	6	42	17	44	7	29	33	3	4	34	14	30	37	1	42	36	1	41	19	45	32	29	33	37	7	10	46	6	8	27	39	31	49	18	43	42	23	23	14	
25	19	43	19	16	13	33	13	48	35	9	18	16	44	25	24	40	38	4	34	12	13	26	15	37	42	45	23	46	42	3	48	13	14	36	49	23	45	15	4	
3	35	34	13	47	6	40	13	48	5	8	17	42	50	7	24	21	9	36	45	20	46	30	43	33	17	3	38	32	10	17	18	45	24	12	49	12	20	22	26	
30	15	7	5	34	1	14	20	43	1	16	46	47	24	6	8	19	11	28	26	28	13	18	8	21	15	46	38	22	16	35	4	8	16	1	10	18	9	46	39	
24	9	3	26	1	6	21	31	11	23	9	11	34	1	43	26	3	26	37	3	24	9	34	2	36	43	37	6	7	37	2	49	47	14	44	37	50	31	49	3	
33	39	6	11	39	23	26	7	27	16	29	23	2	42	38	42	25	10	33	20	36	7	23	19	38	5	48	43	25	9	33	10	32	46	1	25	4	6	32	33	
18	5	27	18	42	11	8	11	21	21	26	23	28	1	27	29	5	29	35	28	22	11	39	7	19	42	30	1	27	34	3	22	22	35	34	46	18	40	18	29	
24	17	43	23	18	4	30	31	27	23	36	20	38	27	31	28	15	36	32	3	26	30	26	19	16	17	42	46	37	26	4	48	19	33	26	41	21	11	8	19	
22	29	12	17	29	11	18	43	22	38	30	11	35	8	48	9	5	46	12	37	47	23	15	2	30	27	24	47	50	6	47	9	26	34	31	16	31	17	19	50	
32	17	5	35	29	24	47	17	26	32	9	25	30	24	6	25	13	30	2	27	2	15	13	45	25	28	12	41	39	45	12	19	36	18	35	37	1	24	10	40	
17	11	31	43	5	31	32	47	17	48	32	1	32	37	50	21	12	45	14	3	13	32	9	27	36	8	40	9	31	10	19	20	5	30	36	9	28	38	8	34	
22	44	19	20	14	46	12	32	33	6	25	46	36	26	13	23	44	30	5	27	1	43	37	17	5	41	43	7	38	42	26	35	11	40	26	30	38	5	33	2	
