Factories	2
Families	40
Machines	6
SetupType	2

Number of Jobs in each Family
6	3	10	5	1	1	5	1	1	6	1	9	1	3	1	8	10	9	4	10	4	9	3	6	9	5	3	2	5	5	4	9	2	1	8	1	8	7	2	6	

Jobs in each Family
0	1	2	3	4	5	
6	7	8	
9	10	11	12	13	14	15	16	17	18	
19	20	21	22	23	
24	
25	
26	27	28	29	30	
31	
32	
33	34	35	36	37	38	
39	
40	41	42	43	44	45	46	47	48	
49	
50	51	52	
53	
54	55	56	57	58	59	60	61	
62	63	64	65	66	67	68	69	70	71	
72	73	74	75	76	77	78	79	80	
81	82	83	84	
85	86	87	88	89	90	91	92	93	94	
95	96	97	98	
99	100	101	102	103	104	105	106	107	
108	109	110	
111	112	113	114	115	116	
117	118	119	120	121	122	123	124	125	
126	127	128	129	130	
131	132	133	
134	135	
136	137	138	139	140	
141	142	143	144	145	
146	147	148	149	
150	151	152	153	154	155	156	157	158	
159	160	
161	
162	163	164	165	166	167	168	169	
170	
171	172	173	174	175	176	177	178	
179	180	181	182	183	184	185	
186	187	
188	189	190	191	192	193	

Total number of jobs
194

Processing times of jobs
4	4	5	5	7	5	
9	6	1	6	10	6	
8	2	1	10	10	4	
8	6	8	7	7	7	
5	1	4	3	4	2	
5	4	6	6	10	4	
2	1	8	7	1	3	
9	3	8	8	1	9	
4	9	2	10	4	3	
2	3	3	5	10	6	
1	6	4	2	10	8	
9	10	9	7	9	1	
4	4	9	10	1	10	
9	7	3	9	9	7	
5	8	3	8	5	2	
10	4	8	9	8	9	
8	6	7	2	10	9	
2	7	5	2	4	9	
1	3	1	1	1	4	
4	9	2	6	6	9	
10	1	7	5	6	6	
3	4	1	6	6	10	
9	5	2	3	3	7	
1	3	9	3	2	1	
2	10	7	8	1	6	
10	4	1	3	5	4	
3	10	3	6	2	8	
8	9	10	7	5	9	
6	1	7	7	2	7	
7	6	5	3	4	1	
8	4	9	1	1	5	
7	7	7	9	5	4	
1	4	10	10	2	5	
7	8	1	7	2	1	
2	7	6	6	8	8	
10	10	7	1	1	5	
4	7	3	3	9	8	
9	3	5	8	10	4	
1	1	1	7	10	7	
8	4	7	1	3	4	
6	1	1	2	9	7	
5	2	6	10	1	1	
7	1	6	1	7	1	
6	2	2	3	7	2	
4	2	5	8	4	5	
7	7	4	7	10	1	
2	7	9	5	9	1	
10	6	3	2	10	1	
5	1	7	10	10	5	
7	3	4	10	10	2	
4	9	6	6	3	4	
5	7	5	1	4	7	
4	10	6	5	1	9	
5	2	6	4	9	1	
4	6	2	7	7	2	
2	2	2	1	8	2	
7	7	8	3	3	2	
2	1	8	6	3	6	
10	4	10	9	9	10	
9	5	2	4	3	2	
5	8	1	7	4	7	
8	1	10	10	8	6	
4	2	9	10	10	9	
8	6	10	3	5	3	
2	9	9	6	2	1	
5	3	4	8	3	2	
9	9	8	10	4	9	
1	4	3	3	10	10	
2	3	8	3	8	1	
6	7	1	1	7	3	
8	7	7	3	2	8	
8	10	10	3	7	5	
9	3	2	3	5	3	
5	4	8	10	7	6	
3	10	2	10	1	2	
2	7	2	2	6	9	
9	10	8	10	1	6	
3	10	7	7	1	4	
8	10	1	8	5	3	
7	1	2	7	5	3	
1	8	4	3	2	4	
3	2	9	5	10	2	
3	6	4	10	7	7	
4	9	5	10	8	1	
2	10	2	3	1	9	
3	1	3	1	5	10	
8	5	9	3	9	7	
5	9	2	3	3	8	
2	4	6	5	7	7	
2	1	6	6	2	7	
8	2	7	8	2	6	
10	8	2	2	3	7	
8	2	1	10	9	1	
8	4	1	10	1	1	
4	10	4	9	5	10	
2	5	9	6	7	3	
7	7	5	7	2	7	
5	10	9	1	4	8	
3	8	1	2	8	3	
1	4	3	3	2	4	
5	6	3	8	6	6	
10	9	7	7	8	4	
5	10	1	5	4	10	
9	9	6	2	9	3	
10	9	10	1	9	4	
6	10	2	4	1	10	
9	9	2	5	6	9	
2	3	4	7	5	7	
1	2	4	9	1	1	
7	3	7	8	1	10	
4	5	7	5	4	4	
10	8	7	7	3	8	
8	10	6	9	2	8	
4	5	5	2	3	8	
2	10	8	1	2	8	
9	4	8	10	2	6	
5	8	2	8	9	1	
2	9	2	1	6	9	
3	5	9	4	3	10	
5	6	6	9	7	7	
8	1	10	5	2	1	
6	1	7	10	4	3	
4	9	5	3	3	4	
10	9	1	2	2	1	
6	3	8	6	6	10	
3	5	5	1	6	10	
1	8	7	1	8	4	
9	4	8	3	10	6	
2	8	4	3	7	1	
3	1	1	5	6	6	
2	5	3	2	4	4	
4	7	10	7	7	5	
10	7	5	4	7	1	
10	3	9	10	8	6	
8	2	4	5	10	3	
10	9	3	8	2	1	
5	7	8	1	7	9	
6	2	6	7	6	2	
4	7	2	1	1	6	
6	2	10	2	6	1	
5	7	7	7	6	3	
5	8	1	6	6	9	
4	4	8	7	9	4	
6	2	8	5	4	9	
3	7	2	2	6	7	
9	4	7	6	7	10	
5	10	10	3	5	3	
3	2	1	3	4	7	
2	10	4	9	8	9	
2	2	9	1	10	7	
7	10	1	8	5	5	
6	3	1	7	7	9	
3	6	5	5	8	5	
6	9	1	7	6	3	
1	7	10	9	9	4	
4	5	3	8	7	3	
1	5	8	5	5	7	
4	10	8	9	10	2	
3	1	8	6	8	7	
8	9	7	8	2	3	
6	5	8	2	1	6	
6	6	2	1	6	4	
5	4	8	9	1	7	
3	2	6	10	2	2	
2	10	5	7	2	4	
9	3	9	2	5	10	
6	7	6	10	6	3	
6	8	4	1	4	1	
6	7	3	6	3	10	
9	10	10	2	9	8	
3	3	10	6	1	8	
4	1	10	5	7	7	
6	6	4	4	8	5	
7	3	4	3	8	3	
2	4	9	1	10	4	
5	9	9	1	9	2	
6	7	5	8	4	9	
4	4	1	10	1	10	
8	10	8	10	3	8	
2	2	8	9	10	4	
1	2	2	2	10	2	
10	4	2	4	10	8	
5	9	1	7	5	8	
9	1	1	8	8	9	
10	10	1	2	2	7	
9	10	6	2	9	1	
7	2	8	1	1	3	
8	5	9	8	6	1	
3	2	9	8	7	2	
10	5	2	1	7	6	
7	3	9	8	5	6	
2	5	3	9	1	6	
9	6	1	4	2	8	
7	8	10	5	1	10	

Stepup times between Families, where [f][f] represents initial setup time
On machine	1
26	41	9	44	35	27	21	15	15	43	26	35	3	10	1	6	12	26	23	2	34	37	43	35	43	26	23	39	19	28	27	16	5	23	14	19	26	40	10	48	
46	19	16	21	13	40	8	3	26	39	43	16	24	30	2	36	45	17	8	29	2	45	40	19	50	5	41	11	8	20	48	5	3	23	32	47	31	46	49	15	
2	23	27	35	37	30	33	21	31	11	12	47	5	5	32	6	13	19	46	11	27	33	33	15	37	6	44	1	14	19	6	31	41	22	23	35	13	36	37	45	
30	35	3	40	37	50	14	25	18	31	36	20	27	10	35	1	15	14	14	17	11	37	39	34	14	43	16	21	33	28	18	42	22	31	35	40	3	23	22	5	
46	9	41	41	30	11	41	22	25	34	20	46	16	5	19	25	46	42	13	4	6	1	48	35	29	22	29	4	21	46	6	11	4	33	25	27	14	13	8	31	
23	10	9	35	36	17	15	35	45	10	36	15	5	15	21	38	2	44	26	16	36	44	41	16	46	17	21	12	45	47	14	35	41	25	36	20	37	42	21	17	
29	15	13	17	44	30	30	38	22	38	39	48	39	38	1	19	22	5	35	27	41	20	41	17	20	21	3	43	34	36	45	29	27	30	10	39	3	38	42	12	
27	39	32	47	12	33	50	41	8	12	24	40	20	21	39	36	33	46	4	5	48	38	2	38	30	39	9	6	3	13	27	31	38	50	25	2	36	30	1	11	
43	12	32	29	44	28	11	38	13	7	17	14	49	48	10	1	22	47	15	31	29	30	23	2	34	4	3	4	2	1	42	17	9	48	23	43	35	12	31	10	
37	49	3	35	34	1	19	1	20	50	1	19	26	43	22	44	5	3	10	26	46	11	25	16	34	29	30	27	11	44	41	50	43	28	17	7	9	49	22	43	
13	50	27	14	48	23	33	12	24	30	38	8	49	12	9	26	7	45	5	25	2	12	22	42	17	3	12	25	29	9	11	40	5	11	23	3	19	41	40	24	
3	30	2	32	33	1	24	8	29	20	24	45	47	19	7	29	35	28	43	12	41	27	14	45	29	49	20	43	15	15	9	31	19	3	36	25	23	28	31	24	
12	9	10	50	35	1	14	12	23	9	23	25	5	3	16	20	26	25	26	37	26	31	45	31	25	44	25	17	14	40	34	49	46	47	26	28	25	8	33	33	
46	32	13	35	40	47	1	46	34	34	25	40	8	21	6	12	39	33	27	45	50	50	1	12	18	24	41	38	29	22	39	7	21	35	48	33	47	41	24	20	
20	22	10	35	41	3	17	31	36	44	2	24	2	50	7	1	6	7	4	16	31	43	28	38	18	36	31	3	50	27	47	3	27	48	29	11	15	41	10	43	
21	40	29	22	18	3	44	27	18	30	22	40	14	4	14	41	43	1	34	32	40	1	10	22	27	20	46	46	18	49	35	4	28	11	42	31	45	17	11	40	
8	43	36	23	3	49	1	36	42	30	49	20	32	20	14	22	20	30	12	11	1	6	27	28	1	48	40	38	36	19	6	1	5	12	7	24	36	7	6	16	
6	8	23	5	4	24	45	42	35	18	14	15	21	42	10	8	32	7	49	1	44	47	49	26	4	19	50	23	46	7	24	50	41	11	22	14	28	39	21	43	
45	40	30	45	17	15	25	6	17	11	43	35	9	42	13	22	39	26	17	24	26	25	31	16	27	6	46	34	7	37	35	44	17	50	36	40	5	5	38	43	
24	14	33	29	27	45	6	4	12	30	30	40	32	23	25	43	41	4	50	41	36	4	47	23	47	19	46	35	13	34	11	48	7	4	3	45	46	41	8	10	
47	41	27	9	47	5	40	39	36	33	44	18	38	30	21	27	46	31	44	35	14	28	49	4	18	31	35	41	28	15	34	50	35	20	19	4	32	47	45	1	
48	37	39	7	14	33	6	33	11	7	33	37	41	9	38	6	5	15	2	43	33	23	20	31	6	44	21	12	43	22	48	3	2	23	15	6	46	31	39	22	
26	12	38	12	41	36	22	3	10	21	28	1	12	14	2	11	22	3	18	40	17	18	25	38	21	50	40	38	24	25	46	15	14	46	17	6	34	25	26	20	
33	17	39	10	30	6	41	7	6	7	25	19	47	22	23	25	39	10	19	31	19	31	17	9	13	25	20	4	24	17	35	37	42	14	34	4	44	45	28	44	
43	24	19	22	7	38	23	9	18	8	8	23	26	15	31	41	3	46	26	15	25	13	48	43	44	14	13	38	42	48	15	5	43	14	25	14	1	49	13	39	
31	48	1	42	7	7	24	39	47	4	41	22	43	47	19	34	12	10	45	26	38	14	32	45	30	46	6	13	42	25	31	40	13	18	11	5	33	37	28	36	
13	45	19	18	32	21	22	14	27	48	40	10	27	18	35	45	25	23	43	48	21	15	36	27	11	36	38	38	17	17	1	40	49	14	19	16	38	16	1	42	
49	4	20	49	28	25	48	40	40	13	40	4	43	1	8	6	48	40	2	40	3	41	50	3	3	37	37	21	21	31	36	3	48	7	34	48	24	9	30	27	
31	1	3	22	36	46	27	24	26	12	10	35	48	4	20	46	44	6	39	31	35	46	28	5	45	13	14	15	43	48	28	8	36	21	3	21	13	16	45	18	
11	19	20	4	32	30	28	2	7	29	24	47	11	42	45	14	15	47	30	36	8	35	42	40	36	5	6	22	43	6	49	47	12	9	27	16	2	42	5	5	
35	12	49	48	26	47	13	21	48	49	35	20	34	42	8	41	5	33	8	24	26	8	32	14	14	13	31	18	47	34	42	19	36	45	22	1	35	3	22	4	
45	8	40	15	17	9	33	1	32	20	28	15	21	36	5	12	49	46	34	45	1	43	30	47	28	48	3	47	2	6	33	18	37	26	40	26	30	8	41	1	
32	44	18	40	50	46	47	38	28	50	7	43	43	7	10	15	40	43	40	19	25	12	50	8	44	11	32	18	41	29	28	12	32	34	21	35	48	16	43	2	
38	41	26	25	30	47	47	22	13	15	1	42	7	31	37	9	5	11	3	44	30	4	43	32	34	48	13	28	41	16	46	33	45	25	50	49	46	49	9	43	
49	16	23	11	33	1	19	14	31	30	6	49	22	5	37	27	27	33	8	18	22	6	13	35	12	46	47	50	23	48	32	43	29	46	11	13	16	28	1	6	
48	49	14	2	35	33	1	42	32	27	7	14	22	39	21	6	42	29	15	48	35	10	23	27	10	21	43	46	10	19	31	26	43	19	40	46	15	4	41	13	
24	6	12	13	39	1	50	27	35	30	43	38	35	20	24	8	14	23	49	25	4	24	39	24	29	38	48	13	6	34	33	13	6	40	13	40	30	14	48	31	
5	7	3	11	21	42	49	7	38	32	46	47	7	15	26	1	16	3	4	28	11	3	13	41	40	5	37	41	30	46	2	48	9	11	41	6	17	40	29	50	
41	12	2	25	13	24	46	6	42	10	12	4	11	27	9	18	46	36	11	50	2	15	33	2	30	16	18	12	46	28	2	22	11	26	23	18	38	19	7	24	
6	21	27	14	33	50	15	27	12	35	4	1	22	35	20	42	49	42	35	21	23	34	37	33	15	32	2	41	1	50	2	34	33	46	12	5	31	2	49	37	
On machine	2
33	5	33	5	10	24	21	26	23	37	13	28	40	19	28	47	46	7	1	33	41	49	45	1	14	11	27	26	21	41	39	25	2	50	19	27	13	46	36	49	
38	22	40	28	19	26	37	5	26	29	34	40	28	45	18	2	48	9	6	8	14	29	33	45	20	15	7	12	24	30	35	45	40	11	40	32	45	15	11	20	
5	3	38	47	14	36	10	18	13	46	35	16	49	7	48	6	3	2	22	5	31	6	2	14	40	38	13	29	45	43	18	14	12	5	32	17	21	48	9	6	
47	47	19	11	42	31	1	39	9	26	47	50	17	35	15	3	25	50	3	14	42	18	29	49	20	6	26	33	23	10	25	14	3	49	50	39	40	43	33	19	
25	15	16	19	25	10	34	7	7	25	18	6	19	12	4	26	14	26	32	20	35	32	35	27	10	24	40	7	14	13	20	43	50	16	33	25	43	25	21	40	
17	11	24	30	22	11	17	5	4	4	28	27	4	40	40	10	40	42	38	46	16	29	23	34	45	23	40	38	40	20	30	10	22	18	31	7	41	5	49	37	
18	40	34	27	32	22	26	28	48	39	43	43	43	11	10	19	46	15	12	49	41	36	30	32	40	40	35	25	29	12	20	12	6	23	17	35	5	37	29	26	
11	31	13	9	2	29	45	20	21	48	32	45	38	28	26	8	50	2	48	33	49	19	46	14	48	33	20	22	19	7	11	3	39	5	36	12	13	50	3	46	
32	33	49	15	14	4	29	3	21	45	42	36	10	6	37	29	20	6	19	48	31	37	29	34	3	6	10	12	5	24	26	13	31	43	32	8	16	15	3	18	
23	11	33	31	12	42	16	19	10	4	28	34	39	29	19	49	31	2	27	10	20	33	6	30	6	19	22	47	50	49	48	12	33	5	46	39	7	42	48	25	
46	9	44	21	43	2	45	5	34	6	41	28	13	41	25	15	3	46	44	29	20	8	13	38	8	49	42	19	17	36	15	20	42	34	23	42	34	43	46	13	
17	30	38	49	31	30	50	38	8	32	11	8	21	8	40	18	16	45	19	8	14	4	35	8	16	40	19	40	31	50	46	10	10	2	24	26	2	28	36	45	
43	44	40	27	30	15	21	19	3	15	41	46	14	8	16	30	16	7	41	28	12	7	4	23	26	34	11	22	45	31	23	25	19	20	31	39	16	31	1	29	
12	43	45	34	11	10	47	2	40	42	35	29	39	45	35	19	18	36	9	24	42	49	37	22	31	24	8	35	26	19	27	29	44	47	5	42	41	19	41	30	
7	23	49	23	33	28	22	41	36	49	50	43	24	24	26	20	10	26	28	16	38	7	3	5	29	25	29	40	6	45	46	29	2	40	18	11	8	19	3	4	
26	45	24	29	28	17	5	14	24	40	21	3	20	26	16	34	44	46	31	43	17	12	14	36	17	49	31	40	38	12	47	31	10	1	2	7	37	32	28	36	
47	14	33	31	7	21	39	19	24	2	8	34	45	7	33	47	13	22	28	41	49	20	33	36	23	20	39	25	29	27	49	41	50	12	33	20	26	16	19	17	
20	45	29	13	43	42	8	13	5	15	5	41	4	35	25	6	43	40	34	40	12	24	47	14	16	46	9	29	31	25	34	47	40	17	32	40	5	1	37	10	
23	33	42	5	16	31	1	36	12	15	1	48	4	27	31	23	36	44	50	48	39	18	37	47	38	48	11	16	5	38	46	8	8	8	39	8	21	18	32	11	
47	47	24	38	15	22	35	48	34	33	18	19	13	5	30	32	16	12	8	17	30	24	22	10	12	45	1	45	7	35	24	42	12	4	42	37	7	13	43	44	
8	7	27	9	7	25	19	39	16	39	38	22	41	25	32	35	16	43	33	21	50	36	1	26	50	3	45	15	29	15	28	35	4	22	42	27	23	50	17	31	
44	50	2	37	49	11	36	2	27	18	13	16	41	28	40	40	12	9	11	45	48	48	30	40	8	4	19	20	8	15	50	11	17	36	39	10	2	13	26	28	
49	2	39	45	48	46	24	48	14	38	5	45	37	42	11	32	42	41	12	45	2	26	38	36	14	21	36	43	36	13	30	45	15	26	24	5	1	44	3	37	
47	37	25	24	32	13	19	46	32	23	30	16	5	50	46	11	26	42	6	30	25	43	48	15	16	1	40	9	25	22	49	38	18	34	42	44	49	23	37	35	
34	20	4	17	1	5	50	23	19	21	46	24	21	31	14	25	40	25	25	34	5	30	2	36	24	9	14	10	49	20	36	14	36	1	17	14	29	23	40	7	
23	42	37	48	10	41	4	31	22	9	22	27	39	36	6	42	41	22	15	37	35	30	40	20	33	2	36	36	27	5	13	35	15	9	50	3	33	16	22	34	
50	27	25	27	2	37	40	25	41	31	10	42	6	33	9	48	50	25	50	47	42	13	33	34	44	39	25	47	45	49	2	39	3	23	2	30	32	12	39	8	
43	14	15	38	24	1	7	16	6	2	36	45	17	12	17	11	11	12	4	9	47	18	20	45	10	3	50	39	44	43	5	41	6	44	47	23	27	15	15	33	
49	49	37	4	41	31	39	41	38	31	48	10	49	44	13	5	1	43	46	49	13	41	44	29	5	11	32	24	49	9	21	15	37	30	50	37	44	14	5	11	
29	7	9	45	42	21	34	31	31	13	10	25	13	18	34	38	22	3	8	5	35	11	31	4	25	43	13	48	4	4	10	44	36	22	19	33	40	35	11	26	
20	3	40	28	41	14	34	37	3	24	22	40	25	41	36	30	12	16	44	36	45	44	34	43	47	37	19	4	28	8	50	14	13	47	32	7	44	41	13	22	
42	29	40	24	3	37	15	31	23	12	3	35	29	11	28	11	4	47	15	37	7	12	18	48	17	36	2	17	42	3	22	26	19	3	12	48	15	1	36	2	
48	39	47	4	6	42	46	50	39	29	37	24	49	15	31	36	19	16	39	23	22	44	48	12	18	31	26	20	20	21	31	14	19	24	9	12	45	45	10	27	
10	8	30	16	49	4	41	23	31	7	32	28	41	1	2	12	12	28	7	26	20	46	7	10	48	28	6	16	1	7	49	38	25	10	47	17	15	27	7	34	
29	41	25	46	27	44	45	49	22	46	48	43	45	44	20	42	5	3	21	15	49	34	41	5	36	24	10	6	36	17	37	49	1	34	32	44	31	28	38	3	
45	14	47	36	37	47	34	49	28	43	49	32	49	28	36	19	35	6	39	36	7	25	11	35	25	32	50	31	13	22	20	33	7	14	4	31	33	19	45	32	
27	1	29	14	20	41	19	15	14	28	32	21	22	45	44	20	47	15	35	26	18	42	25	49	13	40	6	39	48	24	20	28	42	32	42	29	40	7	14	1	
40	10	48	10	34	11	22	7	20	30	23	18	47	26	13	38	11	24	45	3	42	8	14	18	9	38	19	24	36	42	45	40	10	6	41	11	42	31	34	22	
45	19	9	38	46	37	25	27	28	6	43	32	2	49	49	24	7	6	14	16	27	12	25	6	14	18	45	41	22	3	40	28	13	25	21	27	10	38	45	1	
3	14	17	31	11	25	37	23	45	36	47	14	13	15	2	12	24	28	49	24	31	50	50	50	30	42	39	29	7	31	3	35	36	24	31	8	47	28	8	31	
On machine	3
8	44	11	19	17	13	9	12	2	20	47	41	18	18	45	17	49	27	34	31	22	25	36	27	20	43	5	49	47	1	27	11	10	30	36	20	11	5	22	33	
23	27	16	11	9	45	45	20	44	36	9	44	28	34	34	34	13	27	28	45	47	48	47	45	11	42	50	30	12	15	45	28	41	13	24	31	46	23	20	1	
25	28	22	3	15	18	40	2	34	15	7	30	24	13	43	6	50	26	22	41	29	7	39	37	38	39	5	36	12	40	43	47	10	35	19	49	32	37	50	20	
42	44	23	41	1	32	36	25	38	44	8	12	34	19	4	27	7	4	48	3	4	2	25	16	8	16	30	47	24	15	46	32	29	18	37	25	14	27	43	23	
6	43	29	29	44	47	22	4	3	16	11	33	11	11	17	45	47	37	23	4	46	44	13	23	48	25	22	3	8	34	45	47	38	15	15	19	22	12	28	35	
24	21	3	16	18	5	30	22	43	35	49	1	48	48	7	36	10	12	31	38	42	39	41	17	4	35	12	2	22	3	49	38	33	10	10	17	5	18	39	12	
13	42	17	43	10	16	2	23	9	14	37	13	16	43	22	8	32	48	3	16	29	44	11	44	50	40	12	25	14	3	47	6	46	42	5	24	39	34	43	5	
32	49	17	39	46	12	46	38	40	8	8	27	23	38	8	38	28	5	48	21	32	38	15	31	46	49	7	45	2	23	46	14	24	12	3	48	39	12	7	33	
50	39	17	10	11	39	42	13	10	40	8	6	38	8	6	26	28	11	40	35	29	36	9	7	13	19	47	15	35	9	34	6	6	14	7	25	28	29	15	20	
4	19	20	9	10	44	36	17	19	25	8	7	13	23	23	28	1	16	49	21	12	47	49	50	14	18	5	10	22	12	32	32	11	46	45	15	17	42	25	21	
39	18	31	6	21	38	9	48	41	29	50	3	14	42	34	40	26	23	30	27	50	20	18	34	12	23	3	34	10	30	25	49	4	4	20	43	19	41	13	10	
22	22	45	8	30	20	50	35	23	46	14	27	1	35	19	30	28	18	44	11	13	37	31	48	41	6	37	43	14	36	13	15	3	35	12	21	40	43	39	27	
30	39	15	2	19	39	35	15	49	33	9	41	49	38	4	27	40	50	14	2	45	34	13	22	46	28	17	37	41	19	47	34	48	2	23	36	50	29	15	46	
35	1	39	35	19	43	8	13	17	46	34	37	42	15	45	13	18	42	46	7	4	25	41	50	43	33	34	3	14	31	15	30	15	18	16	13	15	27	11	31	
16	48	20	11	15	41	33	11	4	49	4	6	14	49	8	24	5	32	13	16	9	43	9	4	40	35	20	9	27	30	3	6	28	30	14	7	37	38	21	28	
8	22	19	16	29	33	2	12	7	43	44	29	31	23	42	27	26	47	37	3	8	6	6	43	5	14	10	18	41	18	4	38	23	50	49	8	9	47	17	14	
30	31	31	5	50	15	44	16	50	34	37	25	3	45	31	34	24	3	22	25	20	39	31	16	25	49	29	31	37	47	33	18	16	6	48	32	50	9	49	43	
33	6	30	6	17	1	41	12	28	31	34	37	13	41	21	35	33	27	40	22	28	4	12	17	40	11	6	1	9	31	44	21	7	21	44	24	5	42	38	36	
36	1	31	15	4	14	46	32	24	47	40	42	21	49	9	15	31	41	3	13	1	36	36	24	33	43	9	24	27	5	42	19	42	14	6	48	39	48	13	28	
26	10	35	26	18	20	27	41	38	18	3	43	42	11	18	30	2	27	11	47	9	38	40	18	8	2	35	32	9	48	36	13	41	18	5	33	2	34	8	11	
45	2	10	40	46	28	19	22	44	31	2	4	22	24	30	12	36	31	14	34	47	48	11	49	50	50	10	15	12	5	30	32	40	15	50	9	36	24	24	49	
7	43	7	34	11	32	20	38	40	48	26	31	17	4	5	27	14	38	18	27	36	15	6	37	32	45	30	15	49	33	50	7	32	3	1	46	38	38	11	6	
30	48	41	6	28	14	24	43	34	26	19	34	6	28	24	49	32	29	13	44	14	39	36	4	50	13	18	9	6	8	38	17	45	45	31	16	13	48	42	16	
45	10	15	25	31	40	50	31	23	20	48	39	23	26	9	23	12	9	22	17	14	37	25	48	50	48	5	28	22	36	1	41	39	2	4	45	16	11	43	4	
17	40	21	3	12	42	31	38	5	29	32	49	20	2	47	30	4	1	9	29	14	12	32	17	22	26	28	31	12	37	47	29	23	2	20	45	30	4	32	10	
17	37	22	29	48	47	47	38	31	46	41	31	26	39	18	19	43	8	6	26	25	43	23	8	12	26	20	16	18	22	32	25	28	35	18	40	31	13	24	33	
47	9	36	39	4	45	31	49	31	41	21	48	49	37	25	48	12	26	33	19	16	9	18	13	47	37	16	36	31	10	30	38	15	10	15	45	42	43	7	10	
27	45	47	22	48	26	35	36	33	50	41	39	5	28	15	23	27	42	13	11	34	26	2	48	24	25	4	37	15	45	26	34	11	9	10	46	50	3	10	9	
14	12	45	14	12	21	33	34	50	12	46	1	28	35	48	16	7	6	13	2	18	42	13	25	31	24	37	27	31	36	28	34	34	25	15	3	9	48	22	44	
27	11	35	33	6	25	12	50	13	25	22	9	50	45	3	10	47	22	10	29	41	47	49	46	23	15	8	10	13	33	46	41	45	47	24	23	11	16	41	35	
30	17	35	48	12	26	30	10	23	9	31	37	8	41	4	10	50	27	36	12	19	18	26	42	2	16	23	47	41	10	3	28	10	16	35	29	40	42	50	14	
9	35	21	32	8	1	49	45	50	22	13	29	17	24	4	33	29	27	29	37	46	27	16	26	20	26	31	11	46	49	23	27	44	34	38	48	27	31	18	28	
16	38	4	48	24	41	4	45	11	19	44	46	50	16	38	20	17	41	33	20	5	35	41	19	1	21	42	12	43	28	38	9	20	19	47	20	3	37	7	45	
34	18	22	23	6	45	44	5	19	15	21	25	16	21	3	22	43	28	30	20	18	26	3	47	48	35	32	17	26	1	46	26	45	13	35	19	44	9	47	2	
27	24	26	37	9	7	42	44	44	35	4	17	37	23	10	41	43	26	32	18	31	17	7	25	12	42	13	13	24	11	31	37	32	18	20	19	45	15	48	44	
11	38	49	33	49	49	27	44	32	31	14	11	15	20	12	30	26	41	35	41	33	25	48	45	22	6	41	16	23	23	11	10	8	49	41	5	44	34	8	7	
14	34	25	25	35	43	36	24	28	48	32	9	3	1	35	18	13	18	14	7	41	3	6	2	46	46	36	30	15	4	28	32	3	20	33	10	12	34	25	29	
46	31	43	18	29	14	36	24	50	27	37	31	28	16	33	40	30	37	49	43	7	39	11	12	24	25	28	9	26	8	11	10	47	6	40	8	30	26	45	32	
4	47	38	2	33	28	38	44	26	32	46	39	50	48	38	33	13	16	18	21	38	11	12	1	13	42	15	26	42	26	27	9	26	15	22	5	8	32	28	35	
29	21	12	20	15	37	43	6	35	41	31	20	1	40	31	31	37	35	47	43	24	24	32	9	43	39	8	34	27	10	41	17	45	29	5	9	18	15	28	47	
On machine	4
13	14	50	37	31	39	45	19	20	50	20	4	17	45	18	26	11	26	6	43	13	5	36	3	27	8	13	20	6	23	34	27	3	16	23	44	21	34	48	6	
29	18	34	46	22	43	38	47	50	28	42	3	49	43	43	14	18	16	19	31	18	31	1	47	4	9	8	18	45	19	2	9	6	1	44	45	49	22	24	32	
5	16	16	49	46	32	10	28	26	19	17	33	6	27	9	26	8	38	43	47	18	34	27	18	7	9	10	34	6	4	36	28	33	44	26	37	43	48	24	17	
20	7	29	17	49	32	23	45	4	14	39	40	18	37	24	14	46	36	8	5	46	26	9	30	20	47	11	29	6	14	21	19	31	28	7	26	4	13	29	40	
25	29	12	16	36	18	19	18	35	24	19	5	32	4	12	1	13	23	42	32	31	18	45	20	15	50	26	13	41	22	31	20	33	40	8	46	23	32	2	41	
14	32	28	42	5	21	21	12	21	8	49	6	9	47	39	9	11	40	29	20	6	26	4	1	15	6	49	33	7	31	38	20	16	50	7	9	1	14	26	28	
14	14	42	4	41	24	3	20	16	28	50	13	26	25	26	29	24	18	43	46	29	21	26	14	36	33	12	45	18	45	24	18	23	41	22	35	23	15	37	6	
38	28	35	36	20	15	28	15	20	43	15	50	26	50	4	26	13	5	37	46	50	11	15	10	41	16	27	32	14	8	44	13	31	2	7	32	21	10	44	36	
46	7	42	17	27	6	24	45	1	17	27	42	15	45	35	5	4	36	43	38	15	33	15	13	46	14	40	25	4	24	12	33	35	27	9	4	6	37	32	36	
10	23	18	12	47	24	38	43	31	45	47	48	8	42	12	29	42	22	24	27	39	17	37	49	17	5	2	50	17	41	20	23	33	26	26	20	22	7	49	43	
31	36	35	35	20	48	47	50	8	36	8	26	44	17	31	42	1	9	41	10	27	34	4	35	39	42	44	9	12	24	32	11	10	19	5	47	2	50	21	30	
27	50	6	12	46	35	23	14	21	23	19	21	9	47	20	41	9	20	30	6	33	16	33	9	16	16	42	35	4	10	20	21	43	20	6	24	50	25	31	25	
44	11	48	4	17	40	22	4	17	10	29	2	46	7	36	25	30	19	17	27	35	41	16	46	14	19	43	50	6	48	23	40	27	7	24	8	36	8	18	41	
1	43	41	22	26	21	49	40	41	32	38	25	49	35	21	33	5	37	14	7	27	11	38	35	42	21	16	20	25	28	2	45	11	31	18	23	22	46	9	4	
50	11	1	2	49	20	28	5	15	44	46	50	36	50	36	22	4	1	30	20	6	10	38	31	19	38	13	10	46	6	29	44	1	11	36	27	26	20	37	39	
14	8	1	44	33	37	13	9	39	25	19	9	46	46	10	41	33	40	2	38	4	35	38	27	39	14	25	4	38	27	34	38	41	3	17	42	49	9	32	5	
2	38	49	15	22	25	39	4	37	15	30	11	19	39	22	9	13	25	41	47	34	47	40	27	7	25	14	39	7	49	49	48	10	12	30	40	42	36	14	24	
37	21	29	30	16	16	31	26	5	43	7	43	26	37	46	39	38	44	32	36	11	29	48	47	23	25	31	39	23	3	12	16	43	50	15	16	5	37	40	12	
40	34	15	22	21	33	50	33	20	25	34	44	24	46	6	38	48	17	36	13	28	11	13	14	4	43	9	14	41	16	27	31	4	48	13	3	22	6	46	23	
36	50	16	13	37	34	16	44	18	44	3	16	47	14	15	11	49	22	19	47	3	34	2	4	12	30	32	43	23	9	3	14	10	49	30	32	22	41	10	14	
13	28	41	13	32	48	23	8	33	43	5	8	16	8	14	42	22	27	12	45	35	42	43	18	28	18	44	31	41	29	6	5	24	7	31	6	30	45	40	15	
26	24	46	14	18	17	1	28	25	19	5	14	25	41	6	23	26	19	31	36	41	28	8	46	50	50	20	24	34	41	45	43	41	3	44	25	9	4	50	40	
34	49	4	33	41	35	36	36	11	12	36	22	7	50	6	24	23	25	44	3	29	32	46	50	34	30	49	40	48	15	37	25	45	27	39	41	8	25	44	30	
23	23	37	28	6	21	24	2	50	2	25	32	14	19	11	34	43	25	20	31	8	11	24	6	29	11	42	34	15	25	1	43	13	12	18	46	32	36	14	48	
17	45	39	14	47	28	24	44	14	20	30	16	4	31	8	32	37	11	46	29	24	46	23	7	40	1	15	10	23	19	21	3	7	38	46	5	34	24	5	12	
6	14	11	12	14	21	25	6	46	31	24	6	32	18	2	47	29	33	47	13	31	43	34	34	43	27	11	17	40	36	32	38	39	19	43	32	11	34	29	40	
30	13	18	1	23	35	30	43	12	10	28	37	32	49	8	48	31	28	4	43	8	4	29	32	11	34	30	14	45	28	27	37	5	25	4	35	2	23	2	48	
21	39	16	21	18	25	1	28	2	1	43	7	44	40	27	41	17	38	24	30	15	39	46	21	20	23	14	11	40	40	33	41	28	39	10	46	23	9	11	25	
48	26	38	30	49	34	45	23	10	24	3	19	40	7	34	46	14	44	32	17	15	44	45	23	17	29	28	31	9	4	17	38	26	14	14	39	16	12	37	43	
40	19	27	19	42	33	25	17	23	2	43	15	24	43	24	39	4	26	25	5	36	45	40	2	1	39	37	35	19	11	7	39	18	33	27	11	16	1	39	1	
12	35	40	12	31	41	28	2	31	48	42	35	38	34	19	28	35	27	39	43	8	37	34	22	48	25	4	35	20	12	14	33	4	39	49	36	9	11	4	23	
48	44	40	34	45	38	26	50	1	16	38	26	14	9	14	29	17	48	45	5	43	35	45	46	37	16	16	4	27	37	48	32	5	30	33	50	49	39	39	7	
48	50	28	25	29	17	29	1	34	28	24	7	12	14	43	10	42	26	6	11	13	7	28	18	27	33	3	38	5	33	42	18	40	32	48	37	33	26	14	41	
23	36	2	1	39	1	26	49	44	35	25	22	26	37	15	41	37	35	40	49	28	20	15	2	16	31	47	16	44	6	11	6	37	10	9	24	27	22	12	2	
33	4	9	30	35	47	33	41	48	31	14	36	24	28	31	26	45	3	38	37	3	5	26	11	5	50	27	15	25	25	5	41	24	11	35	48	4	17	9	9	
38	16	5	30	20	35	49	26	39	49	25	21	46	8	40	12	50	44	43	42	9	36	16	33	44	31	49	31	10	31	41	48	27	30	5	32	27	1	24	11	
24	37	46	27	4	25	33	6	42	25	13	12	36	17	22	3	49	8	49	27	22	34	27	16	18	50	1	3	41	37	25	1	37	33	26	2	4	5	6	12	
11	25	31	37	37	41	21	44	37	49	2	37	4	40	4	43	22	32	8	28	17	33	30	23	41	19	27	39	33	29	49	7	34	27	25	7	42	18	15	15	
39	28	47	39	19	9	30	6	25	3	18	48	23	32	29	27	11	43	31	19	23	21	2	12	14	29	42	33	21	4	42	26	26	50	10	3	36	5	44	15	
50	13	21	29	4	5	8	50	20	19	21	11	36	44	44	34	15	28	19	18	43	5	25	28	35	19	19	34	23	2	46	43	38	3	30	26	15	24	46	27	
On machine	5
30	9	35	13	26	7	3	6	16	34	12	4	37	9	26	15	10	40	36	1	38	42	50	35	49	44	27	4	42	29	2	43	35	42	48	26	25	17	32	2	
36	45	11	26	28	4	7	20	9	47	29	40	24	17	23	40	50	2	46	16	48	3	28	13	26	28	4	10	31	31	1	19	41	50	12	24	33	24	37	3	
2	27	35	1	12	33	7	5	6	31	40	39	6	33	40	39	34	42	31	35	15	41	48	11	26	44	44	48	14	21	2	25	17	30	27	39	14	46	40	9	
7	12	21	11	20	5	43	14	37	43	48	6	12	32	18	8	30	19	27	1	49	48	41	45	14	22	1	30	23	45	3	47	8	47	13	23	2	34	31	38	
24	21	25	6	35	44	41	45	3	48	29	31	39	19	31	9	15	49	1	43	38	48	25	15	22	13	31	7	13	4	30	5	46	18	34	25	6	45	33	1	
41	3	27	24	31	34	35	18	14	13	26	39	40	40	43	50	41	46	41	40	38	27	20	10	15	3	34	42	46	21	45	6	33	22	44	10	3	21	35	16	
23	39	16	17	19	42	8	1	21	5	14	34	44	19	20	46	22	47	38	27	17	22	35	20	48	9	48	4	24	30	33	40	30	8	23	18	45	37	13	17	
43	20	8	44	4	24	33	25	34	22	15	41	30	48	43	24	17	2	1	48	27	21	37	14	49	48	40	7	33	22	1	13	18	1	47	17	8	22	33	17	
33	27	29	38	2	49	16	26	11	1	10	11	22	22	1	3	26	18	47	23	8	15	1	4	19	25	28	6	4	39	48	17	7	32	38	7	49	21	18	35	
34	40	29	47	14	44	9	16	32	44	8	44	23	27	48	49	9	32	17	20	39	20	6	43	13	37	50	1	46	28	34	25	18	19	50	21	17	45	37	48	
50	50	42	9	26	24	12	29	20	31	17	29	48	3	24	22	12	22	25	7	31	35	20	6	20	36	20	22	30	32	40	38	42	8	36	8	46	13	49	37	
4	10	18	6	33	15	40	2	31	37	14	8	5	32	32	11	45	42	5	9	40	47	3	29	17	10	50	31	36	44	33	17	32	28	26	15	41	11	24	43	
41	12	33	26	43	49	15	35	23	29	5	37	15	11	4	45	38	24	28	31	12	6	45	40	33	3	38	15	25	47	3	38	38	8	4	4	33	44	17	10	
49	45	43	32	50	46	49	39	5	25	16	29	20	43	19	3	29	41	2	36	23	11	38	14	36	21	33	31	44	43	3	8	26	18	11	27	36	25	5	33	
7	43	16	27	47	46	3	39	39	24	36	48	46	38	47	13	20	44	31	48	19	19	31	44	4	24	35	14	23	46	6	49	30	17	31	23	44	3	38	25	
12	40	28	27	1	31	12	39	41	22	46	6	32	27	37	24	12	38	32	40	46	46	4	18	21	30	18	6	26	37	31	10	4	4	35	12	8	24	40	35	
11	9	10	48	34	25	32	41	37	19	33	45	24	43	4	15	39	14	3	4	45	2	46	37	18	48	36	27	32	2	23	3	17	33	27	37	3	14	12	50	
13	41	46	8	29	20	36	33	36	17	18	2	5	21	29	36	36	5	43	20	30	29	3	50	12	30	37	14	48	14	45	42	21	27	41	50	10	25	26	27	
29	22	10	9	38	28	47	28	19	5	24	2	22	5	48	9	6	42	15	8	20	45	49	2	13	13	48	48	7	38	25	25	43	6	35	26	14	7	6	28	
50	27	49	19	40	40	21	35	42	38	42	41	1	41	13	6	46	5	12	3	27	39	1	42	14	15	29	28	23	24	12	19	49	17	25	42	11	34	45	41	
3	3	49	38	14	50	28	49	27	39	1	9	33	26	43	41	11	12	1	28	11	49	42	14	7	1	45	2	40	29	10	16	19	9	22	20	46	6	42	5	
36	49	49	13	1	39	29	17	42	37	33	49	34	27	12	30	31	40	21	50	24	3	28	3	48	37	17	10	29	7	17	5	6	3	31	22	5	8	33	13	
48	18	37	3	18	21	34	42	35	40	21	47	9	17	43	4	27	7	41	27	21	48	40	3	17	18	5	35	28	24	22	8	10	27	16	27	40	47	49	15	
33	12	29	11	49	11	38	12	19	15	24	42	12	43	33	40	46	24	16	21	14	29	48	7	42	6	41	31	13	32	11	40	47	42	34	17	30	43	34	28	
35	27	30	22	16	2	36	37	14	20	32	27	35	29	31	37	15	27	20	35	24	4	45	31	11	23	12	14	44	35	38	39	44	39	42	36	27	3	42	19	
18	21	37	38	43	30	12	19	15	28	31	12	5	5	1	39	37	39	9	39	17	27	21	30	12	32	16	31	17	38	1	1	16	19	34	13	17	20	34	29	
21	45	22	45	18	27	39	13	17	12	4	42	17	23	18	36	47	14	9	43	36	13	45	43	16	44	35	21	45	19	48	16	24	49	11	24	2	44	16	34	
1	44	34	43	36	9	24	4	8	48	15	15	28	6	27	38	16	6	31	20	32	15	16	23	9	6	49	45	24	49	34	49	21	3	37	2	4	3	24	3	
40	27	48	32	19	38	6	27	44	13	40	39	7	25	10	29	40	1	27	31	47	28	3	6	35	38	35	39	2	9	41	29	7	25	23	49	23	12	40	5	
20	8	42	35	45	49	4	7	9	17	41	8	25	2	50	11	45	32	9	29	15	42	33	11	48	32	46	35	38	2	27	7	15	47	12	21	30	4	40	38	
20	37	35	13	46	10	41	31	49	19	37	40	48	50	44	29	46	22	21	44	21	25	15	26	22	19	22	34	30	39	31	7	3	38	8	39	40	34	42	20	
24	10	3	43	5	49	40	13	31	49	25	5	7	17	42	31	14	46	32	35	19	32	11	26	2	2	32	35	29	14	26	41	23	1	29	22	3	19	18	2	
26	2	22	6	27	14	27	45	43	31	21	41	49	1	46	44	36	42	27	10	33	28	15	29	29	22	2	31	32	40	35	43	34	33	42	26	39	30	31	35	
21	12	41	12	6	20	28	40	8	33	4	43	36	30	2	13	18	15	17	49	48	6	47	6	15	27	6	15	13	48	50	37	25	40	28	47	32	3	12	43	
43	37	7	9	24	16	36	44	30	24	2	47	35	44	14	20	29	2	17	16	46	16	48	50	22	15	37	36	47	43	13	11	45	11	36	36	7	50	34	13	
30	10	9	49	20	14	50	35	47	43	19	46	49	13	11	27	27	38	27	43	19	48	46	42	33	15	24	9	46	29	14	2	31	25	6	25	39	7	4	30	
48	30	22	10	42	3	24	11	30	39	12	21	25	25	8	22	1	3	44	8	20	15	14	2	21	30	48	50	44	32	13	35	41	45	41	41	8	47	14	39	
21	1	22	19	6	16	24	31	40	18	20	33	32	16	32	7	35	30	27	38	32	9	31	25	15	19	46	43	40	3	25	2	48	2	29	3	13	10	1	20	
49	26	46	41	16	12	27	8	2	43	5	14	24	48	20	15	16	46	5	45	44	33	5	49	35	40	35	49	6	11	32	17	42	34	22	17	50	43	48	47	
31	25	31	5	22	15	24	42	22	21	10	32	3	27	20	38	38	7	32	10	25	24	48	5	44	28	46	17	21	17	46	29	20	44	23	34	5	16	9	1	
On machine	6
4	23	22	49	28	43	7	50	25	15	16	42	9	33	33	7	5	43	21	35	16	24	29	27	35	20	50	12	48	36	26	32	13	26	21	28	25	4	24	37	
36	20	18	44	35	7	39	22	8	27	40	46	28	37	4	27	35	50	21	24	3	42	46	40	43	23	7	29	31	30	29	48	47	2	3	20	30	14	7	7	
26	16	29	10	31	8	49	2	5	1	33	47	34	36	29	14	49	37	49	16	39	27	19	33	23	46	12	2	44	5	31	5	47	4	16	12	11	10	46	32	
10	5	46	29	50	31	35	25	16	9	20	45	41	28	11	37	27	12	15	25	43	24	5	39	20	27	2	29	14	12	44	40	26	43	28	11	38	45	45	5	
22	24	16	31	5	5	7	9	16	36	9	2	21	23	12	19	2	12	7	44	46	12	49	22	40	27	1	26	45	38	11	48	42	40	45	42	30	42	13	25	
40	38	6	49	28	46	38	28	15	20	35	14	11	48	35	47	50	35	3	27	32	42	17	46	9	42	10	7	21	21	20	16	14	40	38	42	34	41	4	42	
41	13	13	38	9	1	12	28	18	11	46	27	1	35	40	21	21	32	11	10	19	23	8	20	10	8	10	48	28	49	38	45	9	2	37	21	10	34	43	28	
50	15	40	13	38	10	6	34	36	28	4	45	34	14	43	19	32	10	28	23	3	47	50	26	25	11	5	43	40	31	29	44	11	6	18	10	2	25	45	5	
23	45	14	10	29	24	41	14	28	12	50	30	40	47	21	32	35	30	16	23	44	19	38	38	13	6	17	21	48	41	22	41	13	18	21	13	5	16	25	35	
23	33	40	24	15	4	3	1	21	19	45	21	17	44	28	35	10	24	11	5	44	15	8	42	49	42	3	35	48	50	34	16	35	15	45	2	21	10	33	43	
22	14	50	7	46	16	25	13	39	49	22	42	35	1	41	34	18	32	29	13	49	36	14	33	14	42	34	31	39	35	37	47	38	21	23	36	31	13	40	11	
45	15	13	5	44	7	49	12	50	50	5	26	30	34	29	35	39	24	45	39	49	21	41	21	34	27	30	45	48	41	40	41	2	30	16	9	39	19	42	33	
7	42	20	46	44	36	47	28	43	23	22	25	25	34	42	14	15	18	21	38	40	28	28	20	45	10	33	39	33	9	19	9	12	17	36	12	31	48	35	11	
46	49	7	29	4	30	40	19	2	27	33	11	38	44	39	27	21	41	17	26	17	10	18	24	28	1	31	45	2	26	21	6	7	28	15	36	29	44	7	33	
23	7	39	19	5	13	36	10	38	22	44	35	27	23	23	23	1	4	24	18	6	27	11	22	32	17	16	34	10	40	15	29	6	6	17	42	13	6	10	8	
15	36	24	13	26	34	11	42	20	48	17	14	5	19	4	30	6	7	10	18	2	3	21	2	19	24	47	31	32	9	10	39	19	31	4	24	23	8	44	36	
4	7	18	5	24	6	47	23	22	22	24	25	16	50	42	23	10	24	42	11	42	26	37	6	6	22	18	7	4	7	33	22	29	35	50	20	16	24	12	20	
6	49	49	35	12	9	8	3	41	17	10	17	15	39	45	39	32	5	19	47	35	15	50	39	4	20	13	29	26	41	35	8	23	24	17	45	45	12	39	26	
13	1	3	40	39	34	10	41	14	6	15	13	9	8	45	34	13	49	37	11	12	21	27	40	22	35	44	33	30	1	41	17	11	19	14	27	30	43	39	23	
9	21	48	34	47	16	43	26	37	8	7	2	12	14	34	20	10	50	33	32	27	8	37	8	28	49	5	17	42	48	32	18	26	8	47	31	16	34	22	46	
33	45	12	27	9	2	2	11	5	4	24	32	9	40	24	7	18	31	26	24	17	46	21	35	27	45	46	31	24	18	27	44	5	14	46	17	42	32	35	16	
39	27	9	30	23	23	16	46	17	7	10	33	34	49	41	24	10	37	31	50	45	13	42	11	32	27	1	31	17	48	18	46	37	36	18	29	33	33	49	25	
36	17	30	20	36	37	34	40	31	24	21	15	13	42	37	50	9	16	10	34	17	11	28	20	36	14	14	10	26	41	9	9	30	17	10	7	30	36	41	31	
23	29	29	22	22	43	49	32	2	47	25	12	35	50	10	47	34	21	50	24	38	39	3	32	20	29	44	47	14	22	10	17	48	23	15	30	46	8	40	22	
32	30	14	44	9	5	41	26	26	4	16	14	31	49	45	22	31	5	14	29	49	39	21	9	32	26	27	19	37	21	4	43	6	9	5	1	8	38	26	47	
47	8	36	15	45	37	13	29	7	32	4	37	23	27	43	44	26	6	1	40	39	38	6	22	28	49	37	42	25	36	15	9	15	42	4	1	49	26	6	8	
16	10	49	37	22	26	16	13	42	16	7	8	44	26	32	31	17	20	12	17	16	22	16	46	23	49	1	3	21	16	47	12	5	8	42	50	24	40	30	19	
25	3	2	23	39	20	4	11	31	34	44	36	50	36	23	26	44	37	12	44	5	25	40	8	33	43	41	22	4	28	14	48	42	37	15	28	3	22	29	46	
29	47	20	13	38	47	15	46	12	31	41	3	4	4	47	29	2	10	10	20	10	38	50	2	25	47	26	39	29	45	35	13	10	17	45	36	22	43	42	19	
39	1	44	1	31	15	30	45	29	42	14	20	24	25	20	50	49	47	3	31	19	21	3	26	2	47	15	20	20	8	39	45	48	37	1	47	44	24	37	30	
21	19	41	8	37	8	13	24	37	17	48	36	24	14	35	8	48	24	24	19	13	26	11	32	24	41	22	10	18	11	36	5	50	34	13	6	36	36	20	25	
2	35	18	39	50	20	33	40	30	4	21	26	10	49	3	27	46	35	8	34	30	20	37	46	16	50	21	28	49	8	35	48	40	45	6	21	37	17	38	40	
13	20	42	43	30	39	25	22	23	3	46	16	10	14	10	16	12	9	29	15	38	40	2	10	3	39	42	19	17	34	44	39	38	40	25	14	20	31	25	10	
39	45	24	31	47	2	5	40	11	38	17	29	38	45	9	4	12	11	26	26	19	11	30	35	25	30	45	36	40	35	7	13	10	45	36	42	4	42	32	15	
30	27	38	39	49	36	40	10	24	18	42	10	13	23	32	41	5	8	50	2	12	14	39	43	27	36	27	35	11	11	30	46	12	32	13	23	13	25	49	3	
16	30	47	46	17	13	32	39	3	4	50	40	35	31	15	49	43	46	47	10	24	47	32	43	15	44	50	32	2	7	32	11	18	22	17	14	26	3	5	34	
5	46	50	6	50	28	11	10	8	40	12	49	12	6	18	43	39	49	27	24	15	24	17	42	28	17	12	8	13	15	43	43	11	50	2	47	33	15	41	6	
47	31	47	12	18	44	10	22	49	2	42	1	15	18	4	19	38	47	15	35	46	35	10	37	15	9	13	49	15	16	39	11	33	13	24	50	17	31	9	13	
18	37	45	32	20	32	43	49	30	50	9	6	38	3	1	27	6	33	13	19	23	23	44	6	46	28	38	7	44	19	29	26	30	9	5	31	36	2	23	22	
36	45	50	44	30	2	4	1	30	15	30	10	33	7	9	13	17	21	7	26	29	43	42	40	34	32	13	39	39	3	3	4	31	13	46	36	8	33	39	34	
