Factories	2
Families	60
Machines	6
SetupType	2

Number of Jobs in each Family
9	4	10	1	2	9	3	3	1	1	1	10	10	7	2	5	7	5	4	7	5	8	3	8	5	10	6	9	10	6	6	10	4	6	5	3	2	8	7	6	6	4	7	8	2	9	3	10	6	8	5	3	9	5	3	2	4	9	7	9	

Jobs in each Family
0	1	2	3	4	5	6	7	8	
9	10	11	12	
13	14	15	16	17	18	19	20	21	22	
23	
24	25	
26	27	28	29	30	31	32	33	34	
35	36	37	
38	39	40	
41	
42	
43	
44	45	46	47	48	49	50	51	52	53	
54	55	56	57	58	59	60	61	62	63	
64	65	66	67	68	69	70	
71	72	
73	74	75	76	77	
78	79	80	81	82	83	84	
85	86	87	88	89	
90	91	92	93	
94	95	96	97	98	99	100	
101	102	103	104	105	
106	107	108	109	110	111	112	113	
114	115	116	
117	118	119	120	121	122	123	124	
125	126	127	128	129	
130	131	132	133	134	135	136	137	138	139	
140	141	142	143	144	145	
146	147	148	149	150	151	152	153	154	
155	156	157	158	159	160	161	162	163	164	
165	166	167	168	169	170	
171	172	173	174	175	176	
177	178	179	180	181	182	183	184	185	186	
187	188	189	190	
191	192	193	194	195	196	
197	198	199	200	201	
202	203	204	
205	206	
207	208	209	210	211	212	213	214	
215	216	217	218	219	220	221	
222	223	224	225	226	227	
228	229	230	231	232	233	
234	235	236	237	
238	239	240	241	242	243	244	
245	246	247	248	249	250	251	252	
253	254	
255	256	257	258	259	260	261	262	263	
264	265	266	
267	268	269	270	271	272	273	274	275	276	
277	278	279	280	281	282	
283	284	285	286	287	288	289	290	
291	292	293	294	295	
296	297	298	
299	300	301	302	303	304	305	306	307	
308	309	310	311	312	
313	314	315	
316	317	
318	319	320	321	
322	323	324	325	326	327	328	329	330	
331	332	333	334	335	336	337	
338	339	340	341	342	343	344	345	346	

Total number of jobs
347

Processing times of jobs
3	2	3	2	6	2	
10	8	2	7	4	8	
10	9	2	6	10	6	
8	5	7	3	5	9	
5	7	1	6	10	6	
1	1	6	10	2	6	
4	2	3	10	10	9	
8	8	5	5	2	3	
4	10	2	8	3	6	
7	4	2	4	4	4	
6	7	6	4	1	1	
7	1	3	10	8	6	
9	5	6	1	7	6	
9	2	4	5	5	2	
7	3	10	3	2	3	
4	7	3	8	3	8	
9	5	2	2	9	10	
5	2	4	5	7	6	
5	5	1	2	5	6	
8	5	3	2	2	1	
3	8	8	8	8	5	
2	2	5	3	4	2	
8	8	9	5	1	6	
1	1	4	10	6	5	
2	3	7	8	6	1	
1	5	1	2	10	8	
1	1	6	5	7	7	
9	10	5	10	2	9	
10	4	2	3	2	6	
9	10	5	1	4	7	
5	2	1	6	8	6	
10	8	4	4	9	4	
5	6	1	5	3	6	
6	5	4	9	2	2	
4	7	5	1	7	5	
10	1	10	7	6	7	
8	10	7	5	3	9	
7	4	6	2	7	8	
1	10	4	8	8	1	
6	1	1	10	5	1	
5	3	5	3	10	8	
8	1	3	4	5	8	
2	9	9	3	3	5	
5	9	4	6	1	5	
3	2	5	10	9	10	
5	8	3	1	7	10	
8	3	5	10	5	10	
5	5	5	8	3	4	
9	1	9	9	4	7	
3	1	8	4	10	6	
7	10	1	1	6	4	
5	5	6	9	5	1	
2	6	7	3	4	8	
4	7	2	7	6	9	
7	1	10	6	9	7	
8	10	10	3	4	7	
3	9	9	4	7	10	
8	5	10	3	7	4	
7	2	4	9	1	9	
7	2	8	9	9	3	
10	1	10	2	2	1	
2	6	4	2	9	4	
5	4	6	9	3	10	
4	7	10	6	9	2	
1	6	6	5	8	8	
6	4	4	1	9	1	
10	1	1	1	6	6	
8	2	3	3	4	10	
5	9	4	4	8	7	
2	3	6	1	3	7	
7	7	3	4	10	9	
10	9	5	10	4	8	
2	1	1	5	8	9	
7	6	1	7	7	7	
4	3	5	3	5	2	
7	3	4	7	10	1	
8	5	10	7	1	6	
9	2	6	9	4	3	
8	10	5	10	6	8	
10	6	5	7	6	3	
6	6	6	5	4	4	
10	6	3	3	5	3	
4	6	3	5	8	6	
7	4	6	8	8	8	
1	6	7	4	1	7	
8	8	8	10	6	4	
1	1	10	6	6	7	
1	4	5	10	10	10	
7	6	2	8	4	6	
7	1	6	3	10	3	
8	9	6	6	4	7	
3	4	5	3	6	3	
1	3	5	7	3	2	
10	10	6	1	9	9	
7	6	6	5	7	10	
2	5	7	3	9	2	
8	6	8	3	5	8	
4	8	7	9	5	9	
5	1	10	2	10	5	
3	4	6	10	5	7	
5	3	3	8	3	3	
7	3	6	9	9	10	
10	7	4	1	1	6	
9	3	8	5	4	9	
1	3	3	5	1	8	
8	2	9	3	2	7	
1	10	10	2	1	5	
2	8	3	10	1	5	
5	8	2	5	2	9	
3	7	7	5	7	1	
5	4	2	7	9	10	
1	8	1	8	4	2	
5	2	7	7	9	9	
5	8	5	5	6	8	
9	9	9	5	6	6	
3	8	9	6	10	3	
8	9	10	1	6	6	
3	4	2	8	8	7	
4	8	2	9	10	7	
4	2	8	8	4	2	
2	1	8	6	3	10	
6	6	1	4	10	4	
9	7	9	3	4	5	
4	9	10	4	1	3	
9	10	2	10	6	6	
9	9	9	6	6	8	
3	4	10	1	10	1	
3	6	8	5	6	4	
10	7	6	9	10	1	
1	9	7	10	4	2	
5	3	6	2	7	3	
9	1	5	1	10	7	
4	7	1	1	6	8	
2	2	7	6	7	4	
1	10	10	10	7	9	
1	7	8	5	1	7	
2	9	10	9	2	1	
5	7	6	1	5	10	
3	8	5	1	9	2	
9	1	1	10	10	2	
3	3	1	6	6	8	
4	8	4	7	8	2	
2	7	6	5	8	7	
6	5	7	9	5	10	
8	5	6	7	3	5	
6	8	3	6	8	3	
7	9	8	3	5	9	
8	7	5	6	3	5	
5	4	10	3	7	10	
10	6	8	4	7	1	
2	5	4	10	2	1	
7	5	4	4	10	5	
3	2	2	2	8	10	
4	1	10	8	7	5	
7	3	8	4	1	1	
8	10	4	8	10	1	
1	2	4	8	9	6	
2	4	6	10	6	10	
4	5	1	9	5	3	
5	8	7	10	8	9	
7	5	1	7	2	10	
6	1	8	4	5	7	
9	7	10	1	3	3	
10	8	5	4	5	4	
10	9	2	7	7	1	
9	6	10	5	9	2	
5	8	1	9	6	10	
5	6	7	10	7	2	
5	1	6	5	9	2	
8	4	10	10	3	9	
8	4	5	6	10	10	
8	6	1	9	10	6	
10	4	3	8	3	9	
9	5	8	2	4	8	
5	9	8	6	4	10	
5	1	1	7	2	1	
5	1	3	9	1	9	
1	8	10	10	3	2	
10	2	2	7	3	2	
8	6	9	2	8	8	
1	1	10	3	4	2	
1	2	7	4	6	6	
4	9	10	2	1	9	
5	3	1	6	9	3	
9	3	6	2	1	5	
1	8	3	3	4	10	
6	5	6	9	6	2	
3	1	4	3	3	4	
2	9	5	10	6	1	
8	7	8	2	6	4	
5	8	9	8	6	6	
4	3	6	6	5	4	
8	2	7	8	9	7	
7	9	3	7	1	1	
3	8	7	3	3	7	
9	1	8	9	4	6	
2	1	2	5	10	3	
10	10	10	4	10	9	
10	7	6	5	2	1	
1	1	6	9	9	4	
4	3	8	2	9	6	
2	7	8	10	4	3	
5	1	4	8	7	5	
9	5	10	3	8	9	
4	2	3	4	1	1	
3	2	4	7	4	2	
6	5	1	8	10	1	
9	8	9	6	6	4	
8	9	8	6	4	7	
10	6	6	6	7	2	
8	8	6	8	8	5	
7	6	7	10	7	6	
6	6	1	9	9	6	
2	10	1	6	9	7	
10	10	5	9	3	9	
3	10	9	8	5	1	
2	5	2	3	10	2	
6	9	5	7	8	4	
6	7	4	5	6	4	
3	9	9	4	7	5	
10	2	7	3	4	1	
9	8	1	10	5	6	
4	3	10	10	9	9	
7	6	10	5	4	9	
6	6	10	2	6	6	
10	8	7	1	2	4	
5	5	5	10	4	5	
10	7	1	7	5	4	
7	7	3	3	4	9	
5	7	4	8	6	10	
7	3	1	1	4	1	
5	8	4	5	2	4	
1	2	9	5	7	8	
3	2	2	9	9	9	
1	2	2	7	9	3	
1	6	3	3	10	6	
10	4	10	3	5	10	
9	5	6	10	3	8	
3	6	1	9	10	4	
6	7	7	2	8	3	
1	10	8	5	4	6	
7	8	6	5	3	1	
4	2	4	9	10	9	
1	1	8	3	4	5	
2	2	9	10	2	6	
8	2	4	1	4	1	
1	10	6	3	10	10	
9	3	2	4	9	7	
8	3	8	8	8	5	
8	9	7	5	1	10	
9	6	5	7	4	10	
7	2	4	5	2	4	
9	9	8	5	6	6	
10	8	7	6	1	2	
5	9	9	1	2	9	
5	7	3	2	6	2	
9	1	7	1	2	10	
2	8	4	8	10	8	
5	4	10	9	10	2	
5	6	8	10	4	2	
1	6	8	2	1	10	
4	5	3	4	4	4	
2	5	2	5	7	1	
9	7	9	4	8	5	
3	3	8	4	3	2	
9	4	10	6	10	3	
8	10	8	1	2	5	
5	6	6	4	10	10	
9	9	8	7	6	8	
6	3	10	7	6	3	
6	2	2	8	4	5	
1	7	10	4	10	8	
8	4	1	8	9	7	
4	1	7	5	6	5	
3	1	4	6	6	3	
9	3	7	6	9	7	
8	4	3	2	1	7	
8	7	5	6	4	1	
8	6	7	9	1	7	
9	5	9	7	4	1	
6	5	2	3	7	4	
7	10	2	3	1	6	
6	7	7	1	6	9	
4	8	2	5	3	4	
9	2	7	8	8	5	
5	5	8	6	7	5	
9	6	7	4	5	7	
2	9	10	9	7	5	
6	1	9	9	5	4	
6	3	8	10	8	7	
7	6	3	8	9	1	
8	8	1	4	3	9	
6	1	4	1	5	4	
2	8	6	6	4	1	
3	3	3	5	10	7	
1	3	3	10	8	1	
8	8	8	7	1	3	
7	8	5	10	9	1	
10	2	1	2	4	4	
7	10	3	4	7	5	
5	9	3	8	9	7	
1	3	7	7	2	10	
3	7	7	2	9	1	
9	4	8	7	10	4	
6	5	4	10	6	2	
4	8	5	10	6	10	
7	5	7	5	7	7	
4	5	10	5	2	10	
7	4	5	1	9	9	
9	2	9	7	2	10	
8	9	6	10	3	1	
8	7	9	6	10	10	
1	7	10	3	4	4	
1	2	5	2	1	2	
10	10	5	7	4	4	
8	1	6	6	10	4	
3	2	3	7	10	1	
2	3	3	3	3	8	
1	2	4	8	10	4	
9	4	10	1	7	5	
3	1	2	2	9	8	
6	10	4	10	5	7	
9	3	7	1	4	2	
1	9	8	7	1	10	
7	4	10	10	3	4	
5	9	3	2	8	2	
9	8	6	3	7	8	
9	10	5	10	9	10	
7	6	8	9	7	3	
4	8	4	1	1	3	
2	10	7	4	1	7	
10	7	1	3	2	3	
6	10	4	6	2	7	
2	3	6	5	10	5	
5	4	2	5	5	1	
2	4	1	7	3	8	
7	10	2	3	4	1	
1	9	4	5	2	2	
7	2	2	1	9	9	
2	8	7	1	7	1	
3	10	1	7	7	10	
2	8	8	7	4	7	
8	3	6	2	6	8	
5	8	6	7	3	1	
5	10	5	3	1	4	
1	9	7	2	7	7	
7	7	6	10	7	6	

Stepup times between Families, where [f][f] represents initial setup time
On machine	1
26	35	30	36	37	46	12	2	44	30	37	12	13	12	19	16	1	19	24	38	3	11	46	5	40	14	3	31	15	23	48	11	28	28	3	48	10	9	15	4	3	12	40	9	32	5	26	37	10	19	39	21	17	15	13	16	20	7	18	10	
38	47	2	27	10	29	17	30	5	10	34	24	22	40	36	15	1	47	16	26	50	31	45	20	16	41	4	39	27	6	46	37	39	31	2	42	20	1	4	10	41	33	31	5	4	49	21	36	5	22	49	21	38	46	40	1	49	27	7	7	
50	22	12	10	47	46	8	13	41	33	11	42	6	9	17	9	5	43	33	47	20	21	41	31	12	48	32	10	45	38	5	13	12	42	3	30	46	5	43	50	44	37	25	50	22	35	30	16	34	21	43	21	34	26	18	15	10	29	26	46	
22	13	41	15	25	39	35	39	4	27	7	24	7	12	17	39	20	40	39	16	21	18	26	26	12	28	22	7	41	18	3	35	16	47	21	43	5	30	17	35	8	5	49	39	36	4	47	27	13	19	33	21	14	30	26	18	34	39	37	49	
16	38	42	8	39	28	28	19	32	5	20	46	50	6	6	18	48	30	25	19	1	49	22	35	50	29	26	47	36	46	43	8	3	49	11	25	30	29	5	1	29	45	26	48	41	22	32	9	41	48	1	32	22	41	39	34	33	3	7	1	
19	46	14	19	2	23	28	45	6	37	44	12	36	39	32	33	15	16	4	35	3	21	23	50	33	35	12	23	21	20	11	27	29	39	1	2	2	35	5	8	48	41	13	40	11	30	25	27	36	29	34	10	7	38	49	23	10	24	14	22	
43	5	23	42	24	18	5	6	27	5	30	24	28	8	39	4	19	23	21	37	9	22	39	3	47	47	17	13	17	10	32	18	30	6	26	28	35	49	47	31	23	22	37	47	33	44	31	44	41	27	1	33	26	34	18	44	17	33	23	6	
2	37	26	16	17	44	28	48	12	7	33	23	4	19	40	1	9	12	26	43	15	41	4	23	13	6	29	49	18	6	13	11	36	6	41	14	22	47	33	32	42	24	10	14	19	1	11	5	50	30	35	35	11	8	48	27	15	43	43	44	
18	37	5	7	40	6	10	14	5	5	42	8	49	35	38	50	23	17	18	13	23	29	32	37	25	43	11	13	36	3	27	45	38	16	33	24	26	19	15	15	10	9	28	2	9	39	39	41	6	2	8	9	46	43	7	31	30	2	4	1	
24	33	39	10	6	24	41	37	36	33	15	16	49	44	34	10	35	37	13	15	30	35	40	28	25	13	23	48	13	14	28	23	22	26	36	19	32	4	16	20	4	45	47	29	23	36	6	4	9	8	35	33	39	50	17	38	18	8	21	18	
39	34	14	31	37	9	49	45	47	35	11	49	29	9	25	3	18	15	26	45	50	2	11	35	34	8	17	20	2	49	10	4	31	3	36	40	17	40	40	48	21	22	1	48	37	50	44	48	24	40	30	35	32	26	41	29	18	24	18	23	
26	35	50	16	47	42	32	46	26	47	15	48	6	42	12	21	48	21	40	24	17	7	21	50	13	46	6	19	30	39	41	41	26	4	21	32	13	26	2	14	34	48	43	5	11	49	44	24	9	31	16	9	8	3	27	42	20	20	11	31	
45	34	33	5	4	1	13	44	11	38	36	39	27	3	35	21	47	2	26	44	17	9	13	45	15	23	22	32	3	9	6	33	44	30	39	11	36	44	40	12	7	2	6	48	31	13	48	16	11	17	17	31	6	16	21	38	38	34	9	7	
46	2	40	47	8	24	29	18	31	47	14	6	40	47	32	34	8	36	35	28	18	4	1	40	30	11	7	30	16	33	16	50	21	26	18	24	4	50	37	2	20	41	10	18	31	45	2	9	4	19	8	10	7	42	9	20	44	3	1	41	
8	49	4	42	1	50	26	47	5	37	41	5	3	35	27	37	25	43	26	12	7	1	41	8	17	4	16	37	12	18	42	28	26	9	24	37	31	18	12	2	37	35	13	17	50	27	28	49	2	25	3	16	17	13	7	25	23	3	8	23	
10	7	33	9	50	27	42	48	25	44	19	36	8	1	3	12	1	7	21	40	42	3	12	13	43	42	17	42	24	10	36	8	6	49	19	38	31	40	49	5	17	38	50	33	1	19	9	26	15	20	41	46	50	7	26	40	44	13	31	5	
50	1	23	6	19	25	40	15	41	28	34	4	42	27	18	37	34	11	1	33	6	22	18	35	15	32	29	33	2	47	4	14	21	29	7	12	4	44	2	8	20	29	12	7	26	37	18	28	43	39	17	2	4	22	45	39	30	42	19	12	
15	18	33	11	43	33	23	20	21	3	34	49	12	18	27	24	11	46	4	36	3	26	2	33	30	38	7	40	21	41	19	13	22	25	14	42	7	14	45	40	50	41	11	38	28	14	15	31	8	40	24	20	6	32	49	28	38	16	2	20	
20	13	50	3	9	8	34	50	24	13	48	30	37	22	4	4	39	41	13	38	19	12	7	40	16	7	27	5	19	19	41	26	47	7	41	48	4	16	25	11	44	25	29	50	19	31	29	9	11	49	48	36	30	46	42	37	32	30	48	12	
36	38	26	2	40	20	50	47	37	19	50	14	35	39	36	4	34	45	11	32	36	27	41	29	10	35	27	2	23	49	6	13	22	21	8	45	23	35	49	14	3	13	14	19	33	34	24	48	4	33	39	19	24	23	10	8	36	11	27	41	
15	21	38	38	9	22	30	30	6	47	4	30	41	32	3	47	14	11	28	22	10	20	29	27	34	22	37	12	23	45	13	28	30	29	43	33	1	22	48	33	38	2	40	21	5	37	26	2	3	30	26	28	47	5	9	1	17	21	26	7	
31	36	37	15	16	25	32	28	24	37	27	30	34	26	42	19	19	46	28	7	49	42	28	3	19	11	34	47	9	39	47	15	14	3	46	22	21	5	41	48	21	30	46	44	34	16	49	15	13	47	5	46	36	20	2	47	42	17	5	20	
32	17	12	35	44	25	29	20	46	8	38	35	5	34	29	48	42	10	50	34	32	10	9	20	16	13	10	29	9	12	18	28	26	22	48	36	9	37	6	40	30	42	17	1	11	6	9	46	19	19	3	2	12	18	12	15	12	10	28	30	
14	42	46	7	20	47	8	34	6	16	42	2	15	42	16	48	7	45	32	11	11	48	42	26	23	40	1	46	18	40	12	17	35	42	40	30	46	4	39	8	15	10	12	37	11	47	37	20	34	43	25	27	18	20	27	44	39	7	8	11	
14	8	22	1	6	3	15	13	4	50	17	8	36	28	50	9	31	26	44	19	34	9	35	14	25	6	50	46	38	18	23	8	47	6	22	16	12	44	9	26	15	46	29	28	39	16	24	50	13	16	23	35	37	15	12	38	24	27	28	2	
15	21	35	17	21	35	47	37	10	4	44	35	3	29	41	14	13	48	43	20	9	48	46	21	42	6	15	33	3	34	26	48	21	10	43	18	25	22	48	41	8	32	34	6	45	26	48	42	19	33	44	33	24	25	24	43	35	34	13	15	
43	33	48	18	25	16	23	20	33	16	16	24	2	1	3	38	39	4	35	40	37	44	28	50	38	26	16	5	4	40	2	33	42	17	16	48	1	49	13	50	41	5	43	45	8	23	23	45	33	24	6	16	49	7	19	11	12	35	25	5	
7	25	44	29	1	27	10	36	7	36	32	34	30	39	28	26	43	17	7	22	32	15	36	27	25	22	43	27	14	13	15	25	39	28	43	20	10	22	23	33	38	18	5	31	2	38	31	9	29	44	18	31	8	36	33	47	36	16	50	37	
30	25	28	31	49	48	13	33	41	37	23	17	12	20	39	29	26	12	45	48	40	39	25	17	36	1	30	47	8	19	14	31	31	44	35	19	5	5	34	42	5	15	10	35	45	31	19	2	46	32	35	50	5	43	28	22	48	11	8	32	
19	4	47	49	45	19	1	19	9	12	42	11	2	21	27	36	44	43	7	20	20	24	49	49	21	39	39	6	40	29	5	38	34	36	31	9	32	21	21	42	5	5	5	10	13	29	29	10	49	5	41	39	31	37	42	16	4	34	29	43	
15	40	42	3	23	50	12	1	9	29	29	48	34	12	17	49	44	36	46	3	24	43	44	43	11	14	2	2	26	23	33	22	29	5	30	42	21	27	16	8	28	30	13	12	45	14	18	35	33	14	27	24	12	6	9	3	46	2	10	25	
28	29	14	33	24	39	13	40	3	50	42	49	9	33	15	29	20	38	26	35	7	43	7	30	18	32	47	15	44	24	5	1	34	14	8	29	9	1	10	29	32	12	25	24	11	24	39	35	47	32	3	9	14	22	22	29	12	16	24	32	
30	7	9	26	10	29	21	49	17	5	2	8	20	31	38	48	46	26	7	40	48	18	24	6	2	48	32	42	16	31	40	3	35	8	19	34	20	17	15	25	17	38	31	39	33	46	17	19	43	38	45	49	32	9	24	12	40	37	12	43	
26	3	5	6	7	35	12	4	1	45	30	47	10	31	17	4	27	38	11	3	38	49	9	29	13	11	16	45	18	45	45	18	21	14	21	41	16	41	26	45	8	4	4	11	39	19	45	29	24	30	46	26	17	24	19	20	7	33	26	5	
12	39	48	19	17	45	38	50	32	32	41	21	19	41	49	35	47	31	8	42	2	1	28	18	5	15	38	7	31	43	6	25	15	41	24	32	18	8	16	29	32	12	38	9	10	45	41	34	31	32	43	37	5	18	23	6	44	1	41	24	
25	19	39	17	27	14	45	41	29	12	43	21	45	32	21	31	49	48	18	37	8	17	16	20	50	12	22	32	47	50	47	3	30	24	50	46	33	28	39	47	10	18	1	20	17	27	6	15	1	49	45	26	30	49	8	36	22	48	33	5	
34	5	36	10	41	35	9	40	21	29	35	28	40	1	21	30	2	15	5	15	40	29	15	44	21	3	40	3	11	1	22	16	3	32	2	45	41	14	17	28	15	33	34	3	17	2	40	45	36	8	41	5	24	3	49	35	23	41	30	30	
41	21	36	21	13	38	32	2	30	33	17	36	10	32	2	49	27	44	9	19	26	11	48	39	12	14	13	11	49	34	39	38	9	47	46	26	22	20	7	45	44	5	29	8	36	11	16	28	43	34	42	24	50	16	25	6	3	11	35	44	
15	11	43	29	13	10	4	33	42	1	38	37	27	32	40	17	26	9	29	4	21	25	43	46	40	38	25	4	15	35	6	28	5	23	43	39	21	11	39	48	6	44	11	18	4	41	43	4	20	41	41	17	22	23	33	39	27	35	21	22	
32	47	23	35	41	15	2	2	2	15	44	6	50	17	12	16	38	15	44	27	4	27	31	13	30	9	25	21	48	41	7	43	15	4	19	38	33	50	30	4	34	22	3	6	42	29	35	39	32	47	44	5	25	46	4	47	27	24	28	42	
29	10	27	31	22	34	46	7	42	39	11	8	7	25	12	50	11	50	50	29	36	50	40	26	43	35	8	27	50	47	42	3	10	4	33	20	49	4	26	29	15	44	44	30	6	40	16	37	31	4	27	40	9	15	38	28	44	35	41	8	
9	13	33	34	6	10	7	6	30	41	37	41	19	22	22	34	45	42	16	31	19	38	11	28	43	39	24	27	28	49	26	14	44	35	45	1	31	23	9	37	50	46	21	9	10	2	50	32	11	45	13	46	9	29	9	48	32	8	29	25	
34	17	31	14	4	46	46	48	21	11	24	24	16	8	46	3	12	35	9	2	46	20	14	10	3	18	4	17	11	33	44	6	21	38	18	44	39	8	20	23	16	47	39	27	36	44	12	36	16	34	41	6	8	30	7	37	10	12	12	25	
48	17	6	18	37	50	13	39	33	50	42	3	23	33	45	40	6	41	25	7	6	48	20	4	10	12	42	20	6	23	24	3	49	1	11	41	44	16	17	1	11	46	37	29	38	25	48	5	42	47	25	14	12	20	13	18	34	9	46	17	
20	17	25	17	22	18	39	41	11	26	28	11	48	30	18	13	43	21	14	30	43	13	7	20	7	33	13	26	35	39	10	21	38	40	11	35	44	25	8	13	10	21	5	19	24	35	15	46	36	37	6	39	17	18	34	3	27	43	11	33	
33	9	30	7	10	21	28	37	14	3	1	49	49	36	1	24	3	26	17	16	43	8	13	36	20	11	43	23	33	11	23	43	4	35	23	11	25	4	11	37	50	8	28	45	21	33	30	2	5	21	40	47	19	16	36	9	13	19	34	8	
39	27	47	30	11	24	8	27	11	1	43	30	40	17	11	43	8	24	39	3	34	48	31	27	41	5	6	30	11	7	33	32	9	35	39	44	50	40	21	37	46	2	32	28	24	16	17	35	42	18	29	17	48	22	47	44	24	9	29	2	
48	32	47	19	28	38	49	23	41	19	43	49	11	34	37	8	29	19	40	10	12	47	16	26	27	19	40	14	50	35	7	41	10	7	43	11	20	11	27	17	6	39	47	46	44	17	3	13	36	21	23	25	41	30	31	34	18	36	7	44	
41	48	21	14	6	37	34	29	41	6	31	28	32	19	1	11	47	28	45	49	45	17	47	36	37	30	9	1	20	11	4	12	18	35	46	40	10	16	42	27	36	44	45	3	50	3	4	48	29	3	31	10	26	36	42	28	16	50	36	36	
22	28	4	39	9	13	36	47	38	31	19	8	21	7	3	42	6	37	47	36	33	15	33	34	1	21	15	23	26	15	23	25	14	3	18	38	10	32	38	19	4	7	13	11	30	2	28	7	2	16	16	9	27	13	44	25	15	50	37	21	
37	44	11	42	23	48	24	23	2	36	29	35	45	29	46	32	32	41	27	12	5	2	45	29	25	36	23	40	46	25	3	8	36	28	34	23	13	16	9	8	23	12	29	5	16	2	6	11	20	9	47	1	41	50	9	8	17	31	19	12	
42	44	21	16	34	48	22	38	32	30	38	4	42	34	22	8	45	9	23	8	36	35	14	2	2	7	11	26	7	35	46	29	6	22	11	27	41	44	16	5	19	23	21	40	21	17	35	20	8	39	23	9	12	34	36	41	35	8	4	10	
41	43	47	24	28	38	6	5	25	11	1	8	46	21	31	8	36	20	39	34	5	20	8	43	30	1	28	10	6	48	10	2	31	23	41	15	31	5	13	33	18	38	9	47	37	35	15	19	20	20	35	6	37	23	29	22	44	50	35	17	
33	11	7	25	44	2	40	32	28	32	38	37	9	50	15	39	8	4	37	45	23	24	18	12	10	43	11	26	42	4	13	19	21	38	25	24	33	29	38	25	2	49	14	28	7	34	38	28	36	23	1	44	17	44	44	22	46	45	43	31	
18	43	15	18	48	12	26	19	3	43	40	7	17	28	16	35	20	31	13	14	10	29	10	6	9	47	47	9	26	22	23	31	35	4	16	40	40	4	2	34	30	27	27	22	45	14	50	49	32	8	46	23	2	48	9	17	44	11	8	9	
45	41	47	2	24	1	42	1	14	44	19	21	44	18	41	33	12	27	17	29	9	23	43	1	18	45	21	49	34	35	34	41	39	7	20	16	36	17	30	5	19	40	7	18	42	47	21	18	11	44	28	15	38	3	22	42	38	30	15	38	
31	45	25	8	10	17	43	31	47	29	25	36	13	50	40	28	27	13	18	18	5	48	39	30	9	40	41	20	25	1	37	20	37	4	32	8	33	10	27	19	10	37	1	12	34	10	5	32	38	31	8	9	11	46	1	29	30	43	40	12	
15	45	45	10	44	19	28	9	34	46	14	3	25	32	47	32	43	11	49	50	15	49	50	47	15	23	11	16	34	34	20	39	10	44	10	42	25	2	15	9	9	46	5	17	2	26	42	26	6	23	29	31	36	24	7	40	8	16	7	10	
34	5	44	27	17	18	13	13	45	6	10	22	42	1	11	48	12	28	12	26	5	1	33	21	49	25	43	8	50	22	11	31	36	38	15	11	47	27	44	24	36	9	6	28	18	44	42	15	25	16	29	43	28	9	25	2	38	21	1	6	
35	45	18	45	42	44	5	29	16	6	28	1	2	46	21	5	26	18	17	17	15	41	8	8	46	21	32	20	41	11	28	38	30	46	37	36	47	3	24	35	2	13	42	10	29	25	42	30	10	36	50	3	24	16	26	12	38	14	9	36	
On machine	2
14	31	40	38	3	10	5	20	13	21	15	13	46	15	16	42	10	13	42	15	48	3	49	39	1	8	40	16	16	25	39	26	15	44	46	23	28	46	19	10	20	12	47	32	18	18	39	6	40	31	13	34	38	35	3	6	11	42	29	46	
12	48	15	1	30	48	12	11	27	37	39	20	20	45	33	6	12	21	42	32	17	44	35	27	47	15	26	32	8	34	41	8	46	33	25	35	19	6	23	1	31	22	19	13	18	15	15	36	24	43	37	43	11	7	7	36	1	4	28	12	
32	5	48	43	7	39	37	3	40	50	18	42	3	18	8	16	39	39	49	17	1	13	30	27	24	16	50	33	20	5	13	8	9	37	1	23	3	14	14	45	29	21	19	10	11	45	1	39	43	46	31	15	12	2	22	8	29	4	15	38	
1	41	48	47	18	1	13	17	30	49	43	15	29	14	41	22	11	48	34	10	12	48	5	39	13	1	42	24	42	15	32	6	5	13	28	3	40	9	22	32	35	41	28	35	35	4	10	20	43	13	10	17	28	37	25	4	30	12	15	13	
21	50	42	23	38	10	7	1	46	10	17	35	38	7	32	41	31	34	17	49	48	18	38	20	12	44	25	35	5	8	39	10	3	33	30	22	32	45	5	13	21	1	9	9	42	46	9	2	1	42	25	17	43	12	8	8	6	41	47	5	
3	21	33	33	24	11	10	6	46	23	48	46	10	12	24	24	4	41	16	2	50	21	30	1	28	4	40	3	34	37	15	10	43	7	50	17	5	25	39	23	8	24	45	20	8	36	48	27	5	3	30	24	4	21	21	40	5	9	27	23	
27	39	47	5	45	29	46	10	9	21	7	5	12	13	28	24	10	1	28	50	21	14	13	36	39	18	49	41	14	34	12	39	50	36	19	12	17	24	50	29	31	50	43	14	26	19	13	40	3	50	10	22	4	31	14	35	3	43	26	9	
14	25	30	39	7	15	39	37	1	35	22	20	35	24	5	18	19	9	39	40	23	9	26	9	10	35	36	33	47	3	43	14	19	16	44	4	2	31	26	16	26	15	17	15	9	12	2	8	28	6	27	6	46	49	30	4	43	49	2	28	
24	9	17	43	27	41	12	35	46	19	43	19	30	6	50	7	7	38	47	46	49	7	7	20	29	13	29	36	31	34	2	47	44	2	12	32	41	11	4	30	17	1	28	32	45	39	13	7	5	35	50	42	26	37	39	15	4	2	14	29	
18	11	16	18	31	24	35	15	15	9	3	4	29	4	37	21	44	5	46	43	33	26	18	22	23	6	24	3	39	43	15	8	39	39	23	32	49	11	40	24	8	12	16	3	18	17	16	36	5	1	48	8	35	42	16	42	9	3	32	31	
1	50	30	49	11	19	30	15	47	39	42	43	16	47	32	42	37	33	42	44	39	34	15	24	16	4	25	10	8	19	17	13	32	46	47	40	42	44	17	44	13	39	32	36	37	44	49	29	13	39	49	7	12	45	17	49	29	5	15	50	
24	41	21	6	23	11	16	22	6	46	17	21	35	22	30	33	20	7	13	26	22	8	3	6	42	39	8	41	48	18	6	30	2	44	9	40	22	1	1	31	14	46	33	20	40	31	3	12	5	49	44	41	44	25	31	20	2	9	47	18	
1	17	11	6	41	41	10	37	9	41	10	5	32	25	17	11	21	25	25	3	47	40	8	50	49	30	22	9	48	22	11	2	1	35	19	29	9	41	44	23	21	36	9	44	46	38	16	32	46	14	21	17	42	39	19	43	20	36	40	3	
27	2	32	29	32	31	16	35	8	41	29	7	12	27	14	36	25	46	37	18	15	34	6	10	20	15	14	42	19	31	14	23	19	48	26	17	14	36	17	25	13	12	29	23	8	31	49	28	11	16	32	37	35	14	6	26	48	39	30	38	
50	29	16	14	24	15	1	17	20	39	31	30	32	14	33	12	2	24	32	38	48	43	34	20	12	20	30	39	44	14	28	15	14	45	47	14	15	50	8	45	44	19	24	16	47	18	25	43	44	50	31	45	17	43	31	19	42	27	27	21	
49	9	32	11	25	28	16	32	48	38	29	16	48	13	49	47	24	15	19	36	34	50	35	33	18	21	14	15	21	50	25	10	41	39	29	28	18	24	33	36	49	42	40	13	47	31	13	4	30	6	6	25	43	38	17	45	20	28	44	4	
2	12	49	46	46	8	29	50	16	9	15	32	49	13	12	12	45	42	20	13	40	16	5	44	12	47	26	27	33	17	17	32	36	44	50	46	31	9	45	43	14	48	9	6	48	9	43	11	13	5	21	19	12	40	30	9	17	8	22	41	
29	1	20	28	49	31	26	30	50	13	10	23	22	47	6	42	48	13	44	37	43	19	25	50	42	37	8	1	6	2	25	12	25	49	17	18	35	2	50	16	5	25	24	20	2	3	40	8	24	13	18	50	13	5	38	29	46	19	7	1	
13	22	20	14	17	22	39	45	6	27	24	20	8	32	28	33	44	34	9	39	15	11	35	41	40	46	26	50	23	5	12	39	22	34	36	22	11	38	5	1	27	13	15	24	18	5	44	22	16	38	40	47	37	8	20	4	22	29	20	1	
13	38	46	10	41	27	9	44	42	22	34	11	38	11	30	26	34	25	39	50	12	15	36	31	36	1	30	44	33	49	23	22	40	21	17	24	12	48	44	1	3	4	36	47	7	44	41	22	6	16	4	26	40	5	11	6	18	7	50	17	
46	9	22	2	33	45	6	41	31	2	36	31	42	9	19	49	12	43	45	10	40	37	29	10	14	9	26	14	33	21	24	11	5	35	11	25	21	25	8	21	16	15	23	20	5	1	1	35	1	47	36	1	44	42	49	26	4	18	18	35	
7	9	26	14	40	26	48	44	6	18	45	2	31	25	26	20	44	15	10	27	19	17	19	37	9	26	23	49	13	45	3	29	38	30	43	29	2	25	21	14	24	5	2	44	1	8	24	17	13	14	22	44	19	40	11	11	34	37	41	50	
12	30	26	40	5	31	36	38	44	11	8	49	16	41	38	18	17	44	25	10	3	18	22	20	6	11	22	50	19	35	6	35	28	32	26	39	7	18	48	44	22	43	1	15	42	2	47	10	41	28	34	33	9	32	41	38	6	12	9	26	
16	50	44	43	27	40	3	36	1	39	31	14	14	30	22	12	32	25	46	9	3	37	14	31	45	10	20	30	45	2	5	45	33	7	16	24	39	11	35	3	9	27	17	44	47	11	15	20	18	3	29	18	22	15	7	22	27	7	13	29	
21	30	22	48	29	34	21	32	1	14	47	9	8	47	48	33	23	48	10	35	37	3	25	19	34	35	1	33	9	21	18	15	3	17	19	2	50	1	7	17	35	41	22	28	30	31	44	12	26	22	27	37	44	48	33	48	15	21	13	26	
14	25	28	32	26	46	13	29	12	38	17	29	17	21	9	12	23	21	23	24	44	43	48	1	49	35	1	20	41	33	36	11	1	30	32	11	14	1	50	32	32	10	4	32	8	44	29	45	8	18	9	30	4	29	1	23	14	7	40	32	
41	5	7	15	2	39	29	44	13	29	4	27	18	13	30	27	7	25	4	12	39	12	40	26	17	17	7	43	21	6	35	34	50	44	11	14	15	15	28	40	1	30	14	14	43	45	41	8	16	34	12	45	44	50	2	37	48	24	17	3	
3	3	34	5	20	50	8	13	26	6	19	25	9	47	41	9	3	30	39	22	5	46	14	28	35	35	4	35	30	18	26	43	34	43	33	21	25	30	4	4	22	3	18	40	10	32	30	44	46	31	8	30	2	48	29	40	43	30	19	28	
20	29	40	19	4	9	1	12	25	14	2	42	49	24	40	41	26	38	34	31	39	20	40	8	13	50	5	45	3	22	16	24	25	8	43	35	8	44	39	36	29	5	13	31	15	25	38	34	15	16	35	16	4	10	9	50	23	30	37	5	
23	37	5	41	20	1	16	12	9	47	40	37	6	32	27	9	37	33	14	21	7	3	25	12	32	21	13	46	29	35	46	30	41	40	12	19	22	5	48	2	25	23	11	37	24	46	31	26	32	7	15	8	50	12	11	45	15	44	48	4	
3	23	46	50	5	23	4	8	29	29	43	40	44	37	36	44	5	42	38	2	22	37	15	12	45	11	8	7	19	16	38	15	35	19	16	22	42	19	44	12	29	4	30	27	5	10	25	30	7	1	4	2	31	27	1	19	49	45	10	24	
25	8	31	31	36	34	29	19	24	50	8	32	27	19	36	27	2	20	37	50	23	48	36	43	38	36	34	42	18	30	8	20	23	5	9	39	34	37	1	1	3	45	49	48	35	21	45	42	31	20	5	6	21	49	44	7	37	15	42	19	
48	44	19	49	32	44	45	29	29	5	27	23	18	7	48	44	47	29	24	32	26	1	11	36	33	7	25	7	32	4	44	27	2	48	3	3	48	40	26	34	6	5	32	7	48	32	13	50	46	39	48	13	22	32	46	6	30	18	30	5	
7	32	23	16	32	19	21	33	15	29	13	38	7	44	48	5	23	19	33	46	18	16	39	14	8	2	11	50	4	22	43	15	37	23	36	47	8	49	20	10	32	40	48	7	38	5	7	21	7	44	39	44	2	36	12	9	10	42	20	2	
14	24	41	45	47	39	21	14	21	46	16	20	3	40	3	26	44	44	16	7	23	42	7	6	40	1	43	28	24	43	18	42	8	45	27	5	35	18	46	28	47	35	17	48	16	6	41	23	9	22	12	31	9	33	44	41	42	14	41	45	
16	17	6	19	34	11	19	40	15	33	38	17	16	4	42	24	47	3	39	29	34	30	7	42	41	34	49	40	25	8	37	18	35	33	16	43	47	34	13	4	25	38	2	38	11	42	22	34	37	38	33	25	23	41	10	20	33	14	48	47	
23	3	9	3	21	2	42	46	19	23	31	20	19	24	38	13	35	35	32	40	39	42	8	35	16	26	10	32	46	20	34	35	23	27	14	40	48	41	23	20	43	42	22	13	6	39	9	35	44	23	45	24	17	39	5	4	10	42	4	25	
3	19	5	24	33	33	39	49	27	27	40	7	33	42	18	35	31	24	2	25	48	1	5	31	45	20	14	27	33	8	50	9	24	6	8	38	15	15	42	2	23	25	6	35	35	22	7	40	44	40	39	38	25	12	10	37	45	7	2	11	
38	12	6	46	17	14	50	47	30	4	17	2	2	24	26	10	20	31	9	30	11	44	47	7	6	14	29	5	44	27	46	27	27	19	20	46	28	1	15	36	14	42	16	15	36	37	32	6	8	30	5	41	3	45	17	22	29	45	29	28	
41	14	4	17	24	15	2	35	18	32	18	41	3	47	17	26	30	37	22	11	27	34	3	22	45	12	35	16	46	32	38	30	50	41	43	20	38	15	8	38	42	28	33	11	37	3	16	18	30	36	35	14	18	2	37	38	50	6	50	37	
16	43	45	1	45	9	8	22	17	3	5	29	20	38	29	49	41	42	13	37	30	17	6	1	14	16	23	5	30	9	34	18	19	1	1	47	12	22	7	9	27	41	40	29	24	13	39	15	28	17	24	35	48	9	47	7	2	45	38	38	
33	28	26	27	48	23	18	8	28	27	42	17	1	9	18	10	32	14	19	45	32	21	25	5	35	43	19	35	48	37	3	47	33	43	7	7	25	30	19	5	7	44	10	14	15	2	41	11	24	44	10	49	23	42	21	43	14	28	39	36	
28	12	15	12	2	30	21	7	36	37	7	21	29	34	36	32	27	34	21	16	49	45	41	23	3	1	11	42	45	11	37	39	38	45	18	43	50	46	21	19	2	31	10	12	15	1	41	3	30	9	17	11	28	48	40	45	49	16	20	14	
40	31	42	30	38	23	34	34	39	48	23	6	37	39	38	11	37	2	5	9	42	11	32	49	33	43	30	25	40	45	24	16	31	2	3	20	13	20	14	10	36	28	38	8	18	47	26	18	18	4	20	46	30	21	45	42	24	30	8	6	
22	15	20	8	33	9	22	6	33	50	35	27	8	2	23	38	15	46	39	31	40	13	10	29	32	22	32	7	12	44	38	28	17	1	20	44	6	46	41	34	4	6	22	42	31	49	27	48	26	39	36	32	47	28	38	48	22	11	29	9	
31	16	24	31	25	11	33	16	22	17	15	29	36	32	21	46	43	15	44	47	10	29	20	2	42	35	48	33	45	19	38	12	13	30	19	5	39	34	40	43	8	25	27	3	6	49	32	39	9	39	16	8	43	17	41	35	29	15	46	42	
49	24	47	10	17	12	32	22	37	26	23	29	13	41	38	32	16	4	45	13	9	20	27	34	19	22	23	26	49	20	14	1	50	34	48	13	17	15	8	50	15	9	21	43	37	35	37	21	32	30	44	32	29	27	39	10	21	25	23	3	
30	9	33	33	17	14	23	1	38	45	12	11	40	2	38	38	50	5	8	12	27	22	27	34	38	39	26	42	35	43	42	43	34	1	41	11	43	2	48	48	32	33	8	23	31	40	21	30	9	22	29	42	8	11	35	33	46	23	43	11	
47	24	38	18	28	3	4	39	20	27	13	12	13	2	4	19	14	26	43	19	8	32	41	1	7	40	39	49	29	24	1	35	50	31	2	38	34	14	4	40	44	40	1	50	4	49	21	15	47	43	42	35	11	2	45	8	34	39	18	43	
36	8	11	13	22	24	1	7	39	39	14	48	15	36	25	36	11	9	4	27	10	7	17	28	16	9	5	15	10	29	48	47	31	30	25	43	26	3	31	49	21	25	3	15	19	14	42	6	28	45	15	35	33	14	11	42	26	4	12	42	
37	25	20	41	37	23	7	6	14	5	49	1	24	44	18	43	45	49	34	48	18	40	25	37	38	49	42	41	30	26	17	19	7	28	10	35	10	26	2	31	6	11	38	31	33	39	33	16	34	24	2	16	49	38	29	9	13	20	28	34	
4	24	20	16	29	15	35	23	26	16	47	44	43	25	14	8	16	45	2	46	16	27	32	26	5	4	7	49	32	44	48	15	44	21	12	46	19	39	30	33	30	48	25	42	1	24	17	2	11	21	6	35	39	5	46	14	43	26	48	30	
9	42	22	44	48	29	12	40	7	7	45	23	8	47	29	49	9	10	34	10	26	50	22	10	4	27	42	46	6	5	14	30	8	47	32	43	1	17	38	10	16	34	41	50	26	16	15	26	3	10	10	50	24	39	36	35	1	38	27	5	
24	27	6	22	28	28	42	4	25	45	30	19	50	11	26	20	23	47	33	27	1	24	42	3	18	19	15	20	2	41	5	37	11	4	41	32	10	49	9	49	26	1	13	27	3	2	33	40	10	35	46	9	24	7	13	31	44	28	36	43	
36	43	8	39	37	4	39	47	26	43	15	48	1	40	50	44	36	8	25	29	13	6	27	47	50	26	39	47	40	29	3	46	17	27	47	6	38	40	29	5	38	4	25	24	29	13	22	12	16	28	8	9	50	24	26	10	25	16	32	29	
46	22	19	3	45	35	41	50	40	10	36	45	25	33	12	27	12	42	48	37	27	11	3	14	37	24	23	49	12	42	11	22	21	38	25	6	23	28	24	49	5	4	8	35	23	22	29	26	18	41	14	30	43	36	21	31	28	19	11	36	
31	24	29	34	14	25	47	44	10	46	23	26	48	40	46	42	50	50	4	38	24	15	14	9	38	32	38	23	32	11	40	22	20	19	10	6	7	24	2	38	47	19	44	25	18	3	21	36	13	40	33	29	22	8	23	13	39	44	41	26	
26	9	24	5	20	14	29	31	6	18	35	26	15	46	4	33	4	28	39	48	22	6	16	49	24	7	26	13	30	18	43	3	6	27	39	19	42	32	37	30	47	29	36	11	29	24	32	42	28	30	47	10	23	49	19	10	48	37	17	27	
9	9	4	2	42	10	6	43	18	39	10	8	25	4	43	11	26	1	18	7	36	6	19	4	47	49	18	26	45	47	7	41	31	48	12	19	2	20	38	28	48	41	25	21	4	13	35	44	11	19	13	14	39	24	28	26	32	39	50	42	
38	14	13	37	4	2	16	48	9	12	12	33	4	36	48	20	46	17	19	10	27	27	30	33	38	8	21	4	15	11	50	2	37	49	33	15	21	50	41	35	8	15	50	39	8	26	28	41	40	2	34	23	2	29	44	32	4	9	26	49	
On machine	3
40	48	43	16	36	45	28	7	14	25	46	20	27	50	50	4	21	6	4	36	40	25	11	34	18	24	23	14	6	49	47	22	1	41	1	42	35	12	15	27	47	4	43	13	32	26	41	22	38	12	30	37	19	39	40	19	43	46	49	41	
25	43	1	15	45	35	24	40	35	21	28	22	9	50	31	23	9	45	44	2	11	35	35	42	9	14	45	43	48	9	29	48	36	12	34	35	8	19	9	32	24	30	10	18	20	6	13	22	31	48	25	50	42	9	32	19	22	16	23	17	
24	47	36	49	6	33	16	40	44	5	43	6	10	29	31	27	25	16	7	47	40	49	31	40	4	26	37	12	11	34	3	17	33	34	32	7	20	11	33	2	42	28	15	2	38	3	10	43	36	19	28	5	30	8	19	10	5	47	3	17	
12	28	5	19	23	37	30	34	50	22	48	25	33	30	32	22	21	41	22	24	19	44	30	48	50	34	5	48	7	13	19	46	16	19	48	31	10	13	15	8	38	31	15	31	30	14	6	3	27	27	23	10	25	24	50	12	35	18	36	24	
11	2	43	10	19	16	7	29	13	9	37	6	28	30	5	38	46	20	19	45	26	45	32	9	26	36	1	32	39	35	37	40	16	50	40	1	15	20	24	50	8	31	43	3	1	2	31	33	40	11	4	17	25	48	27	26	48	47	25	23	
36	24	10	31	47	50	4	45	39	6	49	50	3	40	2	25	25	1	2	46	31	44	20	36	36	32	31	49	34	32	42	37	5	41	34	29	8	22	44	30	45	23	13	49	13	23	48	11	20	42	18	14	14	49	1	46	19	32	45	47	
33	21	15	3	26	2	19	34	13	37	23	14	20	26	21	16	1	21	11	35	43	42	13	34	18	10	14	15	26	39	33	25	47	35	5	3	49	18	20	28	42	14	23	35	10	12	28	5	5	19	14	33	5	32	13	18	25	26	16	6	
42	40	4	31	46	39	49	17	44	17	16	7	29	40	33	15	9	35	45	49	31	43	42	11	36	27	18	50	21	43	15	45	38	6	9	3	4	34	46	37	18	38	35	17	30	28	21	39	34	38	14	15	38	24	24	5	36	39	48	6	
46	6	7	27	26	36	12	36	31	15	38	43	46	44	46	36	15	17	2	27	3	42	39	35	20	32	19	49	24	47	11	48	39	14	21	30	34	21	40	47	8	49	49	27	45	23	17	24	46	18	31	29	4	20	1	22	43	16	11	43	
24	44	29	35	13	6	12	45	42	37	12	16	50	11	28	47	8	47	25	9	5	33	14	11	31	23	27	24	9	30	48	39	44	43	18	27	2	47	47	30	3	39	10	24	29	34	36	46	44	23	43	16	39	19	14	23	43	40	36	4	
37	33	39	1	48	31	7	29	4	6	37	41	7	19	29	31	49	24	14	12	38	21	36	17	17	45	24	13	39	38	28	22	20	10	5	28	15	37	35	3	43	46	22	18	42	15	37	15	22	28	10	16	49	26	50	20	14	16	12	27	
5	18	47	6	36	23	42	32	50	32	19	18	6	38	20	50	37	50	37	36	41	50	40	49	40	43	25	29	4	31	29	27	43	46	33	30	49	34	47	9	41	39	21	12	41	22	10	39	21	7	38	18	42	34	10	11	25	18	47	34	
1	11	2	28	29	5	50	22	9	20	21	35	28	45	15	42	42	33	1	20	50	8	30	21	39	1	20	40	24	25	26	35	18	35	1	36	22	41	10	2	19	9	48	6	7	40	38	40	28	28	27	30	38	17	30	33	6	8	2	37	
4	6	38	36	24	41	43	12	3	20	20	12	3	24	23	13	7	21	1	9	3	22	19	19	30	39	50	10	19	7	31	33	45	45	18	38	28	36	38	15	22	15	33	23	21	10	35	13	15	45	47	33	20	38	2	35	18	36	47	9	
23	37	26	14	3	21	15	25	31	6	11	17	17	45	8	39	36	2	16	50	1	25	10	29	25	21	12	28	14	9	38	12	31	12	36	43	11	16	2	45	34	26	45	10	42	46	21	14	13	11	13	27	37	30	40	29	46	42	32	28	
18	19	22	9	44	7	3	50	2	37	1	46	48	44	34	31	25	33	25	48	24	38	30	50	37	39	47	29	50	45	21	31	17	15	21	32	34	16	30	49	14	32	42	26	6	49	4	1	9	8	14	9	5	6	40	5	27	19	15	43	
38	29	49	17	48	38	5	17	41	24	17	34	1	23	36	29	15	6	38	6	13	50	16	47	18	14	34	12	42	30	12	17	50	23	33	11	7	35	39	28	8	28	25	33	9	21	36	35	31	35	36	49	39	45	33	12	38	20	8	7	
35	3	47	44	45	24	34	9	20	13	48	47	17	43	23	22	50	47	27	38	46	29	34	14	41	50	46	50	50	33	43	6	46	28	43	17	50	5	38	19	19	36	3	39	50	46	31	25	23	29	49	46	42	24	22	1	28	50	31	26	
3	10	7	28	49	5	15	14	30	15	31	47	23	21	2	16	28	1	26	18	45	15	13	36	50	13	47	26	28	32	26	34	4	26	39	1	41	19	41	24	3	39	42	19	38	12	38	40	39	49	46	8	42	16	32	46	26	12	50	35	
39	15	14	35	9	18	12	26	6	33	12	23	40	42	8	5	36	13	32	4	42	2	44	15	38	46	36	18	22	28	19	26	46	17	38	26	46	27	7	48	26	17	11	47	1	7	50	45	30	45	18	37	35	15	31	29	44	12	46	22	
33	26	20	13	3	17	36	29	13	20	48	29	24	29	16	36	10	12	10	42	15	11	6	12	16	16	47	16	26	27	50	32	20	43	13	23	33	36	27	38	10	5	27	15	42	36	35	26	48	22	17	30	13	17	19	20	36	42	47	16	
2	28	8	32	33	10	35	14	32	15	36	26	42	9	40	14	23	16	3	21	17	14	36	30	40	7	8	19	3	34	8	45	41	44	29	24	40	45	20	31	30	41	5	30	46	6	49	4	1	46	1	40	19	1	33	7	21	38	33	31	
39	42	40	21	21	10	1	11	12	25	44	17	8	3	35	26	1	41	44	8	8	16	37	31	28	22	31	29	50	38	21	43	5	7	46	7	18	17	32	43	41	35	16	11	6	50	36	33	3	18	40	34	49	26	46	27	3	6	36	26	
23	24	37	25	37	27	5	5	27	35	36	16	5	14	35	18	44	23	35	35	2	11	18	37	30	26	27	47	23	8	11	30	24	41	14	46	31	7	29	43	2	1	14	48	18	30	29	44	33	33	33	20	15	38	17	5	13	26	20	17	
38	6	16	3	20	22	40	43	26	11	4	33	44	48	49	35	29	23	40	44	2	34	44	22	33	24	5	11	43	31	50	21	34	47	40	42	18	24	19	14	13	40	13	39	45	47	16	5	11	3	35	3	17	5	9	39	33	35	10	5	
6	30	12	17	32	43	12	39	44	46	14	43	36	39	33	37	45	11	21	4	4	42	12	25	14	31	33	5	7	41	43	8	18	40	18	3	42	28	30	38	44	25	20	11	25	25	35	37	43	9	10	10	2	19	27	27	31	3	44	1	
3	24	37	18	4	35	39	38	24	5	13	31	16	9	38	14	14	41	20	47	21	2	14	47	17	36	36	25	44	22	36	23	11	35	9	20	22	28	42	46	27	7	46	26	27	49	18	33	37	35	32	41	31	7	20	26	32	50	16	1	
12	9	17	48	13	23	47	28	35	42	3	19	3	36	8	47	35	41	19	30	2	46	43	28	12	33	46	19	1	29	46	3	2	49	47	25	21	1	25	41	42	20	14	31	22	6	21	48	10	19	14	14	19	38	22	26	39	28	37	16	
46	13	26	45	32	43	6	10	11	48	7	3	12	15	8	38	25	2	35	3	17	6	17	31	17	33	32	27	42	15	48	39	42	33	42	40	22	6	34	49	48	12	1	14	17	5	14	10	24	50	15	12	35	39	40	37	11	40	11	13	
35	9	15	10	34	28	20	14	30	6	27	48	13	17	47	14	30	39	7	3	31	17	34	32	16	4	22	25	36	48	30	40	20	45	1	15	24	10	13	30	15	4	33	49	30	44	29	49	46	7	4	1	47	28	44	11	46	15	48	17	
48	14	18	8	33	36	47	22	28	13	21	13	26	49	42	23	37	47	3	27	15	26	35	24	25	30	44	34	48	27	45	2	20	21	1	1	1	34	21	50	1	18	40	19	45	50	36	42	43	21	29	40	3	2	24	20	7	46	23	34	
50	2	21	50	50	11	47	34	15	30	21	15	19	39	9	42	10	22	13	27	14	37	6	29	13	12	26	10	49	39	3	25	32	9	10	18	50	48	21	7	25	24	22	33	26	35	43	20	11	23	12	16	48	2	13	48	21	29	38	4	
32	12	49	5	26	23	10	38	7	21	19	14	15	25	46	34	2	23	40	25	22	46	4	8	46	21	23	3	19	29	2	2	40	9	2	39	1	29	11	14	39	42	23	37	3	31	21	34	48	6	40	46	40	29	34	39	16	13	20	48	
4	13	23	50	25	47	50	19	30	50	15	10	22	14	19	2	12	11	9	27	35	17	44	48	30	1	10	9	16	31	3	3	9	41	16	44	7	36	28	6	23	1	38	30	32	48	32	23	37	30	31	43	37	7	15	5	30	48	20	33	
7	47	42	18	23	28	23	45	13	25	43	30	24	21	20	35	48	45	34	40	24	23	35	8	14	7	46	32	26	9	29	9	39	38	43	45	47	32	17	10	37	22	3	30	15	6	17	22	23	46	44	45	39	17	50	30	30	17	38	47	
27	37	44	48	29	43	20	16	12	32	49	3	45	5	8	48	15	9	26	41	41	1	21	14	50	14	15	22	16	14	39	48	47	19	21	33	1	5	46	16	11	17	11	45	37	28	1	24	30	6	8	17	26	15	22	36	30	5	29	36	
9	29	25	49	30	6	11	22	25	11	27	39	43	14	43	12	19	6	41	14	32	1	34	12	38	36	29	17	39	4	4	32	50	37	33	49	47	34	3	26	32	34	43	17	11	28	48	40	48	5	45	23	34	33	2	2	4	2	42	43	
35	20	14	30	12	3	12	24	2	32	39	24	2	9	39	44	19	34	3	19	49	36	41	37	31	5	8	13	7	6	33	2	21	47	42	18	10	14	5	37	50	3	20	3	18	8	18	34	9	50	49	3	39	50	21	25	27	19	7	35	
1	35	18	12	28	8	21	34	41	33	16	48	5	24	21	22	34	30	30	9	25	15	5	28	34	19	21	8	24	23	18	9	40	48	31	25	46	14	22	12	6	14	13	2	43	46	16	21	8	27	36	33	48	13	17	45	4	27	4	48	
29	24	34	23	32	44	14	9	49	33	15	37	12	48	8	21	35	26	24	37	15	31	40	29	32	48	25	38	4	28	11	49	18	14	29	32	39	49	49	45	30	40	47	9	33	37	3	47	49	13	6	26	1	25	47	18	43	17	18	40	
14	34	15	41	23	14	7	41	8	25	4	31	5	19	11	10	47	22	36	34	9	12	4	22	34	4	30	26	42	23	9	34	42	50	11	38	42	15	28	16	24	13	36	30	6	27	9	4	17	3	17	42	22	38	18	45	49	36	49	24	
36	11	24	14	7	3	27	2	10	18	34	26	7	41	36	24	21	14	23	23	13	35	4	4	3	27	15	29	2	25	21	32	41	32	2	32	27	28	17	15	34	48	29	22	49	46	49	40	39	15	30	13	37	49	47	24	50	40	18	40	
17	8	43	18	39	12	38	29	41	1	11	18	8	18	27	21	27	5	21	23	4	29	17	34	12	49	29	21	17	29	14	44	7	37	38	20	49	16	12	32	41	35	7	5	42	1	34	36	3	36	22	13	44	39	35	14	50	44	5	15	
24	20	49	39	38	27	44	21	13	1	45	39	5	5	42	18	2	27	40	33	29	11	37	37	9	24	26	45	31	36	46	35	47	47	35	37	11	46	23	3	21	30	17	5	32	26	33	15	5	15	26	39	6	17	27	37	3	20	30	38	
2	20	16	17	31	46	44	19	30	42	2	49	37	44	29	22	6	17	23	20	41	25	37	50	42	42	14	18	47	48	47	47	2	28	39	24	39	20	5	27	3	47	34	39	26	18	48	32	15	42	38	37	34	27	24	12	12	15	17	2	
32	24	6	48	19	33	22	36	25	20	46	25	9	19	33	20	21	23	44	5	32	34	28	40	27	26	23	49	12	41	31	44	39	42	45	27	13	34	12	48	41	43	39	1	44	27	28	38	14	18	46	15	36	37	22	48	3	9	42	3	
42	46	12	15	14	27	50	6	12	35	36	6	13	25	18	1	7	26	38	5	45	22	11	46	41	3	11	11	28	12	24	34	19	4	31	32	27	36	1	39	16	48	14	5	32	9	12	46	22	15	29	46	10	7	23	36	29	21	15	34	
6	17	50	12	49	37	17	46	13	29	5	44	24	10	48	35	15	30	43	25	27	48	46	20	20	6	46	37	4	24	29	34	28	11	33	30	24	11	28	27	34	40	48	22	27	31	48	5	26	11	11	12	31	20	46	37	12	8	40	16	
6	31	14	41	4	24	13	6	39	3	1	4	46	16	26	7	33	12	36	40	21	35	14	42	32	16	43	20	38	40	22	37	28	9	38	41	46	21	42	43	24	8	17	45	50	3	33	47	36	26	48	29	4	42	41	19	46	15	1	23	
42	43	40	35	33	8	16	10	4	17	50	30	31	2	50	43	11	26	22	8	15	8	28	9	3	43	13	29	25	32	27	2	48	42	4	23	19	8	43	30	47	7	27	31	47	26	24	14	17	15	24	20	24	11	32	36	11	26	7	22	
24	9	22	29	4	22	1	47	24	42	3	14	48	18	43	50	47	36	20	19	9	28	47	45	31	50	30	47	47	20	17	48	36	29	49	38	9	43	13	3	18	2	49	20	17	47	46	1	23	10	31	36	26	8	16	45	29	12	35	42	
45	43	13	21	7	28	15	33	16	36	35	2	10	39	5	44	48	33	44	34	7	14	30	24	1	26	26	46	42	10	22	41	27	2	42	9	19	39	6	12	15	41	36	19	29	40	46	44	41	40	25	10	30	5	16	23	50	42	25	11	
1	26	10	8	2	32	29	23	21	14	36	43	48	8	34	32	39	4	19	26	11	35	36	45	49	1	17	42	40	40	16	10	40	37	29	9	16	6	30	7	37	46	16	43	12	22	24	48	26	2	22	16	18	30	38	15	49	41	39	5	
11	45	33	20	11	27	23	44	13	39	28	9	23	40	29	6	5	46	29	7	26	14	10	34	48	29	2	32	43	5	17	17	23	7	23	32	19	20	11	25	32	35	16	37	42	20	9	31	45	31	32	49	14	39	18	20	50	35	12	22	
25	14	30	14	19	47	39	48	26	28	10	48	9	23	32	35	6	50	1	47	37	6	11	10	36	37	24	26	1	19	10	43	11	29	50	2	33	14	19	24	8	7	45	7	49	6	9	43	49	41	22	46	41	21	42	12	2	11	20	7	
37	1	5	21	3	37	50	31	15	9	24	31	48	38	38	31	34	43	44	19	26	37	8	8	32	15	42	42	15	1	42	27	28	29	12	28	6	29	7	21	2	29	47	18	32	20	39	44	40	34	7	36	26	27	2	8	44	5	42	16	
27	20	20	41	31	6	10	4	45	22	45	5	4	41	4	23	14	50	28	22	20	7	35	31	9	40	9	1	27	45	1	3	11	25	12	12	40	46	5	36	16	23	3	47	29	40	27	27	19	12	39	21	42	8	39	44	39	45	31	15	
18	49	1	17	28	46	38	6	1	16	2	44	15	16	27	30	26	24	25	30	7	45	10	17	48	43	11	8	48	19	13	19	41	20	12	27	7	36	30	5	30	11	44	30	45	36	28	2	13	34	35	46	27	50	37	44	27	27	1	11	
40	11	43	21	40	21	24	27	14	37	48	4	12	28	23	14	8	47	7	6	41	17	22	7	31	14	24	10	12	46	8	19	50	14	42	5	10	50	5	15	49	20	46	15	22	10	7	44	14	3	34	24	2	30	11	23	21	36	25	50	
33	43	41	16	41	43	3	11	37	1	25	4	4	43	22	15	50	20	31	4	37	45	32	14	22	18	40	8	20	1	19	16	44	20	1	33	7	4	38	37	5	23	42	35	3	19	38	14	10	49	50	42	26	12	26	5	46	32	9	4	
On machine	4
40	6	47	8	1	39	3	2	46	8	30	19	21	22	10	38	42	9	31	39	32	9	36	39	14	8	12	35	42	1	13	40	10	35	30	28	26	30	25	36	28	28	9	24	11	47	31	4	17	6	4	30	19	19	21	41	19	17	22	15	
44	10	39	20	48	31	14	40	32	1	35	47	4	23	2	32	20	35	48	25	31	1	49	11	43	7	29	25	17	12	28	49	41	32	5	37	4	9	41	42	18	33	50	48	17	28	30	24	48	47	18	39	21	22	41	36	10	6	36	21	
16	25	28	44	26	33	6	16	35	10	50	48	34	13	15	31	13	36	40	33	29	4	26	38	45	2	31	12	49	10	37	20	27	39	38	20	11	4	15	25	1	33	38	38	36	38	34	38	38	30	8	1	2	48	48	42	29	3	31	41	
7	35	31	33	17	3	14	49	10	6	50	22	48	31	50	5	46	44	24	29	10	16	6	8	43	46	26	21	6	8	32	26	36	18	18	14	38	34	24	47	43	28	42	8	39	1	6	27	41	24	30	10	46	9	18	46	11	6	29	45	
40	41	36	36	22	41	36	6	28	25	32	18	46	15	46	34	30	13	40	29	20	27	42	20	23	13	18	9	6	9	4	48	21	35	42	35	38	9	15	29	47	9	14	43	10	50	48	22	37	42	30	38	15	30	26	31	18	39	16	4	
44	11	7	33	2	27	7	11	44	16	24	39	4	27	4	24	12	12	15	1	23	6	12	26	14	48	29	15	41	43	43	5	46	25	11	14	29	30	49	24	38	31	35	7	33	29	36	6	34	33	2	23	46	31	26	17	39	3	26	39	
26	15	28	34	20	6	27	40	30	15	37	8	2	14	42	1	50	16	33	39	10	20	31	18	21	48	30	16	32	24	2	41	27	39	12	46	26	30	34	10	4	26	44	23	5	31	20	21	42	36	34	18	26	4	50	34	34	14	30	8	
40	49	20	21	48	42	29	29	43	48	48	35	21	30	26	35	20	24	40	3	17	27	22	37	5	22	2	15	3	22	32	1	46	39	38	45	14	20	41	3	4	2	23	44	50	20	14	19	7	23	14	29	18	46	23	24	24	39	8	41	
21	49	45	26	2	30	44	28	7	13	25	34	16	43	50	33	21	11	36	17	10	17	2	46	27	48	41	23	29	40	17	38	12	1	30	3	12	29	35	2	5	19	48	25	13	43	34	27	10	44	49	41	11	20	41	20	26	39	45	41	
36	20	23	33	7	32	6	14	35	21	36	13	12	5	25	8	23	49	8	1	14	32	50	47	11	17	47	44	18	1	12	20	31	45	32	18	40	18	35	43	17	29	4	8	31	18	14	31	10	18	50	33	37	46	37	7	34	2	28	50	
27	41	30	49	19	24	46	16	13	40	11	36	38	32	19	13	3	41	19	27	4	41	1	26	47	47	47	13	2	10	40	31	44	39	20	33	10	21	23	50	49	40	21	23	33	38	9	40	8	1	6	24	8	9	25	38	37	40	50	1	
28	1	48	45	17	34	25	44	48	27	5	26	24	50	14	36	24	40	30	29	8	48	49	20	44	43	39	41	34	49	9	42	7	39	49	36	26	19	35	20	32	40	44	32	32	40	1	34	16	8	30	42	5	36	22	39	36	14	30	3	
19	25	13	38	43	31	13	44	40	13	5	43	11	11	2	21	6	7	50	43	5	4	5	33	50	48	7	11	46	46	34	29	42	9	49	24	20	39	8	28	17	43	30	1	43	37	3	10	50	1	47	8	21	25	28	10	19	22	30	11	
37	20	14	35	37	50	29	19	13	20	30	22	29	40	2	9	34	4	17	19	32	19	4	4	13	32	18	10	38	37	31	12	13	41	28	40	48	1	47	19	16	34	18	35	5	15	6	16	45	1	6	15	13	27	23	19	35	39	36	21	
36	44	11	6	8	38	47	27	15	27	23	8	25	16	24	18	26	30	43	22	24	48	48	44	34	32	42	29	11	2	6	13	12	20	15	16	47	50	2	44	35	47	35	32	6	10	44	41	45	42	35	22	21	34	44	24	47	35	21	37	
16	50	15	20	4	50	50	46	23	36	33	20	8	7	47	39	44	34	37	6	29	44	5	14	38	23	27	1	32	41	18	48	29	23	41	44	32	41	16	34	2	15	47	6	2	22	26	8	46	10	22	11	5	9	19	8	50	22	39	3	
31	45	33	32	16	46	10	1	23	8	28	48	48	31	7	43	7	37	9	31	38	20	45	26	50	46	35	48	1	8	3	26	46	36	49	40	13	21	26	39	39	25	8	40	48	13	25	44	12	15	37	2	48	19	1	28	9	22	45	12	
1	18	16	30	39	43	21	8	26	42	4	24	28	3	10	46	8	35	22	3	16	31	48	13	42	4	40	34	1	12	14	41	50	31	24	26	24	32	20	34	13	6	18	19	42	47	50	46	22	31	15	43	32	14	27	40	37	29	15	6	
44	17	18	25	2	29	14	4	2	14	10	18	33	24	22	2	18	16	49	9	50	34	30	42	27	37	2	21	41	1	49	39	28	42	15	5	46	19	4	21	6	4	15	8	21	6	19	18	13	31	47	13	25	27	41	20	6	27	29	46	
24	8	32	11	29	1	24	2	23	3	7	2	11	43	42	50	27	8	32	12	41	49	8	24	16	10	17	19	28	5	44	3	1	8	45	14	44	13	22	4	28	3	10	1	41	30	38	25	21	27	1	8	48	3	43	34	29	43	1	9	
2	11	42	28	33	49	19	40	37	9	33	15	43	30	17	40	10	50	11	9	11	31	43	16	34	35	21	23	4	27	36	10	25	48	47	42	40	3	22	31	44	6	10	37	20	9	23	20	49	36	20	29	24	31	3	7	2	6	26	1	
19	20	39	10	33	5	11	29	40	5	25	11	36	47	32	38	12	13	19	28	9	21	46	14	41	26	3	6	12	6	2	44	39	19	22	25	26	15	33	38	42	21	5	1	40	15	25	35	13	15	41	32	31	50	50	2	13	43	46	1	
20	47	40	9	15	49	45	8	29	33	2	38	38	14	2	37	32	19	26	25	47	5	1	15	21	41	4	19	7	29	8	13	7	14	22	19	18	19	45	23	2	4	22	25	26	21	19	26	28	5	30	10	47	33	28	43	23	17	26	3	
48	24	18	10	39	36	42	16	3	2	1	20	23	49	26	15	38	16	50	35	29	46	33	1	11	9	39	14	37	45	45	44	13	7	39	46	3	43	8	19	1	41	41	45	9	30	23	19	43	19	6	32	39	5	19	12	28	10	1	8	
27	46	2	45	45	48	5	3	20	45	39	50	5	21	16	12	30	46	33	33	14	18	4	3	48	49	41	37	38	44	23	37	1	35	14	43	45	44	23	17	1	9	30	29	32	1	45	17	5	39	40	18	43	29	24	27	49	25	6	4	
33	7	41	31	13	50	45	40	33	27	31	34	22	21	5	38	21	15	2	20	46	45	3	18	42	23	45	5	42	16	37	39	10	17	7	48	23	16	20	5	13	8	8	37	15	44	3	16	8	50	10	32	29	33	11	40	43	13	1	33	
23	13	50	35	17	34	46	1	47	19	40	2	8	36	15	38	50	34	17	25	39	6	2	28	19	20	33	26	15	37	25	8	31	33	7	30	7	27	33	28	15	20	21	15	18	34	41	16	47	1	9	32	39	3	38	32	2	42	46	34	
46	4	10	24	22	33	32	17	38	4	48	38	33	17	21	8	37	35	48	50	16	47	30	2	28	37	26	19	31	43	38	2	26	32	12	43	5	7	40	33	48	30	6	22	21	35	45	12	50	25	32	16	49	28	14	13	20	42	15	11	
48	28	11	17	18	13	28	41	10	12	29	32	2	12	46	32	38	21	42	21	29	33	49	8	26	15	20	12	24	47	36	44	13	39	46	1	17	47	5	26	17	41	21	20	30	45	2	10	31	12	36	48	15	29	47	16	33	43	19	26	
46	34	12	8	7	9	50	5	27	22	14	24	13	31	21	29	18	34	21	5	50	39	34	3	18	7	22	48	39	31	43	50	15	9	11	22	14	29	41	32	32	21	39	39	38	23	5	29	3	8	42	38	9	38	19	45	50	32	48	27	
35	13	21	41	11	42	14	2	36	48	16	30	8	12	8	30	14	34	18	20	9	2	3	43	1	18	36	32	14	15	41	23	14	4	26	43	20	34	26	35	47	37	2	35	46	10	30	31	38	39	27	18	48	7	19	5	14	31	5	6	
28	20	47	23	4	5	6	27	11	18	5	18	6	43	33	27	27	46	38	47	6	4	32	20	33	25	11	20	12	1	46	21	16	35	25	17	41	43	23	17	8	11	28	17	10	21	26	20	2	32	28	15	4	14	26	26	14	29	3	38	
41	43	36	1	21	25	8	20	24	35	36	17	23	44	39	30	41	45	6	26	20	4	27	19	3	16	28	12	28	15	23	5	18	48	18	33	4	44	28	34	13	39	12	15	33	15	41	37	35	2	27	27	24	16	36	43	9	15	5	24	
17	25	34	35	48	43	7	3	50	17	44	43	46	36	48	47	24	50	19	32	14	32	40	14	5	32	19	17	49	20	49	24	39	36	23	38	21	3	1	12	24	14	7	46	36	50	17	47	48	34	45	27	35	36	4	49	24	11	35	43	
38	48	16	36	39	17	23	42	31	18	9	12	35	29	17	39	16	26	39	1	12	5	11	16	29	20	25	38	14	46	39	34	9	42	23	4	3	30	8	8	40	26	33	4	40	9	33	35	4	36	44	7	6	12	18	40	26	32	19	25	
27	27	27	18	14	18	31	35	47	25	4	40	31	37	4	2	34	47	41	33	4	39	41	16	11	24	24	23	28	24	49	48	17	43	11	41	25	47	13	35	28	43	11	49	26	30	29	5	16	21	8	7	42	38	1	6	27	38	19	25	
5	45	4	15	26	32	12	13	38	43	35	25	3	18	39	42	29	49	16	25	18	37	29	2	44	41	6	42	20	39	5	48	16	27	35	28	47	2	47	12	14	13	13	46	21	37	46	37	15	6	26	43	14	24	40	13	25	14	31	37	
29	37	43	16	5	47	23	42	45	19	25	12	18	15	35	48	43	33	50	10	47	9	39	1	44	36	26	11	16	48	31	49	30	17	7	49	34	40	6	43	22	37	37	5	35	20	37	1	6	41	11	44	9	35	42	30	49	30	32	39	
9	7	40	42	50	33	34	31	4	12	22	32	46	23	15	29	21	3	15	24	49	6	41	40	49	36	34	20	46	27	12	35	6	46	17	39	21	20	35	50	18	31	16	44	27	29	39	26	35	48	44	16	9	47	40	20	8	7	43	12	
18	32	37	6	20	42	19	16	9	34	21	5	18	48	49	9	4	18	48	31	21	44	29	27	49	25	22	49	44	48	44	49	32	28	2	20	13	16	46	28	3	2	8	46	28	30	39	45	10	41	13	16	9	41	33	38	1	4	45	7	
19	18	34	20	49	36	29	49	1	43	27	17	43	29	28	5	30	27	1	14	12	8	10	48	36	10	16	29	13	9	48	46	27	48	43	44	42	23	6	43	35	42	34	38	7	26	27	28	20	1	29	48	43	21	18	48	38	31	31	14	
7	39	44	10	5	27	30	45	40	23	12	38	41	36	4	9	38	10	21	47	18	21	10	24	44	18	18	31	23	39	42	19	6	13	9	29	24	38	12	42	44	49	22	48	9	42	32	50	23	9	10	4	14	29	43	36	8	15	44	30	
17	45	14	8	1	28	31	15	22	14	35	3	38	34	7	41	18	14	42	47	15	36	40	31	16	22	38	12	44	1	39	27	17	50	16	21	24	37	12	12	45	36	24	30	30	21	29	13	50	33	37	2	2	50	13	3	36	41	2	42	
5	21	20	19	40	13	14	18	41	35	11	29	21	4	15	5	7	27	34	28	4	34	13	30	8	30	47	28	4	17	18	18	23	13	39	18	6	34	21	40	20	37	32	8	17	45	23	44	19	25	24	1	22	14	49	45	33	47	37	13	
39	21	31	30	4	18	2	3	21	50	7	9	16	4	9	23	3	26	39	29	10	30	16	4	10	6	28	12	39	14	38	18	12	15	47	34	38	8	18	2	45	9	11	48	39	50	39	12	35	36	19	22	1	46	4	3	45	1	35	30	
29	50	1	14	15	34	32	2	38	39	34	8	23	48	8	28	1	14	11	17	4	22	26	37	10	2	40	20	43	2	44	25	44	48	4	5	40	20	3	36	49	11	29	29	20	31	24	1	33	27	9	40	7	7	20	18	46	50	28	17	
1	31	43	43	37	25	23	46	18	27	31	23	7	12	24	24	41	23	10	39	2	26	30	1	26	4	26	44	5	20	45	31	27	1	17	10	23	23	25	39	1	42	2	31	32	25	3	31	37	37	47	23	48	40	31	2	29	30	23	21	
13	41	47	17	25	50	41	18	32	5	41	35	41	32	31	43	14	36	30	23	19	37	41	22	27	37	32	45	37	32	41	43	23	42	18	1	38	9	6	44	50	12	12	2	43	50	41	44	12	23	10	22	16	32	49	2	19	42	29	47	
10	8	35	48	21	19	22	2	30	28	28	42	29	5	6	41	37	29	38	14	25	6	44	15	39	34	32	28	1	39	31	40	8	33	40	12	13	28	14	22	1	3	2	4	26	5	7	14	49	3	35	17	18	44	14	18	9	2	34	28	
26	35	25	38	45	8	34	5	42	34	49	13	36	48	3	16	2	7	5	5	12	18	43	16	26	20	43	37	46	46	9	18	13	12	44	5	38	2	24	31	37	22	38	27	41	24	13	16	37	12	22	40	48	23	30	41	6	9	18	2	
6	21	40	40	19	23	45	37	10	32	29	29	15	6	41	12	8	43	14	8	31	28	6	35	24	30	15	33	17	42	35	15	34	18	36	6	38	17	34	12	15	34	11	15	9	17	44	2	32	29	13	8	21	38	18	17	4	2	25	38	
20	25	21	39	28	40	36	26	48	27	43	41	15	17	29	7	10	18	28	27	29	46	29	2	45	16	47	27	30	46	30	15	48	2	13	37	18	12	40	8	31	32	17	50	40	19	35	21	43	38	20	36	50	13	43	6	29	10	24	9	
1	9	14	36	3	12	25	25	27	50	27	45	9	50	11	46	37	31	46	25	35	38	6	21	17	25	47	34	37	21	11	4	1	14	40	11	39	15	33	12	9	43	34	39	3	20	25	40	13	21	33	31	35	46	21	46	2	31	11	3	
16	32	33	36	18	39	47	26	30	10	44	44	25	19	49	15	4	26	22	50	38	44	4	21	11	50	6	35	20	28	17	7	35	43	21	43	43	17	4	38	23	42	7	31	3	4	31	28	7	25	39	20	22	49	6	7	33	15	1	34	
31	46	41	10	50	14	5	13	19	10	5	49	11	8	49	29	43	21	4	46	12	13	30	32	11	7	47	50	9	41	5	49	39	41	5	38	19	28	41	2	47	1	8	12	50	33	43	48	12	9	39	7	21	44	8	44	19	47	36	28	
48	39	31	4	29	12	25	37	20	29	34	26	38	14	1	46	22	45	39	45	34	25	15	43	19	10	46	7	31	7	4	48	17	44	19	24	24	13	11	30	32	46	45	24	17	32	45	33	5	1	31	6	33	20	40	6	32	34	30	36	
38	44	11	5	31	29	18	26	18	7	19	10	42	17	48	10	5	42	48	7	6	9	12	38	4	36	50	11	38	24	41	17	44	44	14	35	25	27	9	2	41	29	34	17	21	26	16	1	45	8	32	50	22	41	49	44	45	1	28	40	
16	44	20	33	15	33	14	16	24	9	14	37	27	22	17	40	38	39	10	46	32	49	11	42	38	22	22	42	22	40	15	23	18	21	21	46	44	6	23	17	5	24	3	31	42	37	23	17	10	36	40	9	18	9	46	29	37	19	38	36	
8	15	32	6	29	35	42	40	35	24	32	9	11	24	41	20	27	15	40	20	12	16	29	4	37	7	39	41	10	5	18	22	42	11	12	19	25	41	44	23	6	13	8	46	43	4	17	4	25	5	12	33	47	6	6	41	45	3	40	39	
18	31	24	4	20	39	31	36	30	18	30	11	50	43	47	45	3	33	38	48	46	29	48	10	32	39	31	16	33	26	27	47	34	33	17	29	20	18	11	19	41	19	17	45	41	13	9	26	13	18	31	50	40	50	33	17	25	5	13	22	
On machine	5
30	35	21	27	29	25	32	8	10	39	3	10	42	21	31	35	29	5	29	21	14	44	8	21	24	21	32	37	18	1	31	17	18	25	23	17	18	26	3	23	26	34	16	31	32	26	28	40	27	28	22	28	2	16	39	43	4	21	36	2	
40	48	31	26	47	21	28	43	40	30	5	3	6	8	43	43	37	25	10	1	40	48	29	29	25	17	39	27	36	1	15	27	7	23	36	41	39	30	24	25	20	6	26	24	12	9	48	12	31	15	3	6	40	25	39	22	50	19	37	31	
33	20	35	43	37	49	46	33	1	25	31	3	2	11	17	30	38	11	45	14	25	21	49	29	3	38	16	17	49	47	21	17	25	27	23	8	35	16	41	7	29	30	12	48	18	12	3	29	18	3	10	33	35	5	32	22	41	42	20	45	
45	7	24	26	28	30	32	4	43	25	29	15	1	46	6	26	15	32	44	11	36	8	41	23	29	39	46	41	20	33	40	14	16	25	7	45	47	42	12	39	4	50	43	12	34	32	49	40	2	1	19	2	47	17	4	50	44	17	19	3	
41	47	9	1	42	34	44	18	21	33	41	41	2	42	47	16	16	33	6	9	50	6	10	39	44	47	41	50	22	25	34	25	25	27	3	49	40	45	35	32	29	35	8	15	19	37	49	27	2	24	18	47	1	25	8	10	37	6	20	36	
7	4	6	9	14	25	31	46	46	35	43	39	46	31	47	37	10	32	20	28	3	16	37	20	19	46	28	2	8	24	23	42	12	6	10	4	4	48	24	32	34	31	9	26	43	34	36	44	49	48	23	17	16	46	30	6	22	10	34	2	
42	25	25	14	23	36	16	6	40	29	46	14	29	27	20	47	5	8	31	10	12	45	34	10	39	10	40	39	44	50	3	26	41	2	49	14	23	26	39	15	10	23	4	11	10	45	37	36	35	29	35	4	30	8	24	1	22	23	35	12	
43	41	18	26	15	9	26	38	40	50	21	23	30	43	49	43	30	45	2	7	10	12	27	12	3	45	24	38	25	30	34	3	25	32	11	33	6	26	16	30	46	17	2	12	9	28	43	47	18	12	19	27	10	13	29	5	33	41	46	30	
37	44	13	38	4	43	9	46	45	17	7	50	40	32	32	25	41	21	30	5	1	23	37	26	15	11	32	31	9	34	11	36	19	40	45	27	12	22	13	13	47	8	34	38	4	21	18	2	5	42	29	19	4	43	29	2	27	10	13	7	
43	5	18	18	38	15	11	42	34	36	23	29	2	50	40	36	40	2	34	4	19	16	35	3	36	29	36	18	1	22	32	15	26	9	29	49	28	6	25	25	7	17	16	40	46	13	15	35	37	34	30	6	1	26	27	5	46	13	22	34	
44	47	24	36	12	7	32	3	26	26	26	48	40	28	28	6	23	30	10	21	38	47	19	12	40	45	24	7	2	15	13	10	2	11	7	50	17	20	14	36	8	42	33	49	43	14	44	5	12	2	38	36	38	50	24	44	14	22	24	36	
42	14	35	38	21	15	6	21	12	21	18	18	32	16	22	32	32	22	41	43	12	27	23	12	16	22	45	24	33	28	21	4	24	32	16	46	19	46	8	39	41	15	37	37	13	47	5	50	6	9	9	30	43	39	50	37	27	48	13	6	
46	42	20	38	39	8	4	36	31	21	47	36	45	6	20	45	19	10	48	1	36	7	47	22	25	14	48	11	42	27	1	41	23	33	38	49	4	13	38	36	17	44	18	16	42	27	15	13	36	2	15	6	13	19	17	7	18	18	43	4	
48	24	27	12	34	47	35	43	2	20	3	49	33	10	24	25	48	35	14	37	4	46	16	48	13	39	44	24	32	10	22	45	44	50	25	5	20	31	50	28	50	44	12	11	46	4	1	50	34	7	36	38	48	37	37	5	30	21	13	9	
48	4	16	34	8	5	2	35	11	29	2	10	41	42	37	26	35	37	27	49	40	48	28	11	49	14	8	29	2	40	18	16	35	5	49	33	24	28	43	50	36	39	35	29	16	9	49	30	22	10	41	10	44	1	50	6	5	3	23	13	
11	31	20	27	47	7	9	24	46	36	33	30	31	50	40	38	22	1	42	5	29	15	30	19	25	37	7	1	36	21	20	3	49	49	36	28	24	33	31	33	29	48	13	37	14	9	2	38	24	45	44	37	31	31	39	46	16	12	46	42	
47	29	31	42	6	45	14	33	9	43	40	6	18	29	19	33	28	4	17	35	24	24	7	22	6	30	43	9	6	25	27	7	14	24	34	10	44	5	47	42	2	3	41	33	27	46	21	13	47	46	9	12	12	49	30	10	4	45	10	10	
47	3	41	39	13	46	50	14	47	25	38	2	49	6	33	42	18	12	26	19	20	35	17	33	11	37	3	48	25	46	4	31	17	39	34	14	45	11	30	10	34	28	35	25	39	16	30	23	31	10	9	24	13	32	2	50	3	25	50	12	
8	8	18	39	12	22	37	22	10	5	50	24	22	22	49	41	28	8	2	33	35	47	36	23	28	3	27	27	32	14	18	49	44	18	39	46	30	33	5	21	30	40	5	44	22	26	19	26	7	12	2	10	8	41	18	18	6	5	41	26	
33	8	36	2	27	18	15	15	25	5	38	1	44	35	40	25	46	15	25	6	24	13	9	7	44	13	12	1	37	35	30	12	46	18	6	47	5	40	5	29	49	49	17	48	48	50	23	3	40	20	13	7	27	26	45	15	24	44	20	24	
19	16	18	27	26	14	33	42	44	41	16	45	12	32	47	16	38	36	25	47	37	32	6	37	35	34	15	49	15	21	21	25	31	43	44	50	19	39	24	46	31	19	12	40	42	28	14	9	31	16	14	28	42	49	37	36	2	14	46	26	
43	5	22	21	45	2	9	22	37	29	21	10	42	13	4	42	19	36	48	45	46	21	41	26	30	40	34	26	22	33	48	18	10	31	43	15	47	20	21	19	15	6	7	28	17	48	15	24	29	29	25	24	9	8	29	27	25	33	6	12	
20	30	41	20	32	44	49	23	12	13	7	33	21	2	28	1	21	47	29	25	24	50	46	47	10	38	30	43	41	34	4	46	13	39	38	48	1	42	29	12	17	27	48	50	47	26	11	49	17	19	23	21	29	6	43	44	14	34	11	24	
46	30	7	15	36	13	1	15	21	48	21	28	46	5	22	12	32	22	21	42	29	13	39	33	37	6	24	31	35	38	47	14	24	44	39	20	7	48	14	35	28	45	7	35	47	24	40	38	9	26	40	28	27	22	44	13	46	19	28	2	
45	1	10	45	15	29	36	46	18	16	29	35	28	4	14	47	26	44	17	32	27	20	27	27	20	43	17	47	38	21	4	5	30	31	15	8	11	2	47	6	31	8	37	28	15	20	29	24	21	5	33	27	19	17	50	1	2	50	2	5	
50	27	10	49	15	48	38	15	40	1	31	34	40	27	44	22	35	48	35	45	27	50	46	11	26	29	8	17	7	22	14	6	38	25	2	11	14	19	20	22	20	38	39	43	46	13	35	8	3	13	24	50	23	31	11	31	23	24	28	21	
19	46	37	28	10	17	13	35	23	31	10	23	18	16	39	28	21	32	3	28	6	33	22	32	27	41	23	37	19	6	29	8	43	49	12	40	48	4	40	44	44	50	4	24	3	49	40	5	1	25	21	5	50	33	43	34	7	12	11	27	
31	40	11	23	19	16	42	22	13	15	36	44	49	40	41	47	2	50	47	47	48	6	23	11	25	29	33	42	2	20	26	48	9	14	18	26	9	40	10	39	28	3	36	27	11	4	21	12	43	14	24	32	41	26	39	33	44	10	32	14	
40	10	16	46	9	7	40	27	9	4	24	33	45	13	20	45	25	50	27	42	6	6	1	20	44	16	43	42	39	40	8	36	31	39	43	14	21	5	23	50	21	32	6	2	8	25	26	36	20	45	46	5	8	33	35	50	43	11	35	41	
12	40	7	12	24	1	44	15	22	19	15	37	16	35	7	21	27	16	9	20	14	31	49	34	20	41	7	30	45	36	15	13	48	37	19	11	6	34	4	39	8	16	6	9	15	21	36	31	49	1	30	32	11	40	32	50	33	1	30	13	
5	24	23	42	9	33	15	16	14	29	15	45	31	19	28	38	13	33	32	10	43	50	32	22	50	10	37	15	5	7	44	23	3	34	43	11	19	5	26	13	22	40	34	26	25	29	29	27	22	9	13	13	30	29	49	39	41	19	18	47	
34	49	19	13	5	48	27	1	43	17	25	49	24	40	12	3	32	17	48	32	26	25	8	12	47	39	49	50	12	6	23	8	36	30	49	1	26	35	48	26	15	46	16	40	20	10	11	13	29	46	6	2	26	47	40	31	43	9	38	1	
30	14	28	30	47	7	10	23	38	25	13	31	38	22	48	48	10	25	4	30	41	4	15	23	29	34	25	38	11	7	4	38	15	45	20	40	41	31	4	11	49	6	1	46	20	50	29	3	48	46	44	5	5	36	18	28	28	18	11	3	
18	7	47	26	4	6	16	32	40	21	47	33	3	21	24	49	35	9	15	17	6	46	9	6	5	25	32	47	49	3	7	12	17	10	9	4	41	15	9	34	42	31	11	36	11	21	36	31	30	34	40	17	12	34	41	3	45	32	41	31	
42	5	48	49	16	6	46	4	2	44	39	36	45	7	2	17	8	30	6	50	7	38	13	13	46	14	11	28	34	38	20	40	9	41	31	46	39	24	40	33	20	7	39	48	36	36	35	40	14	16	43	15	47	5	6	28	25	9	48	47	
36	2	7	39	20	26	46	38	15	21	4	49	45	8	35	24	32	44	3	16	35	32	3	32	44	40	35	39	34	22	47	6	45	21	35	22	35	39	33	1	10	6	43	24	17	26	3	6	12	18	45	39	31	12	7	24	4	29	15	16	
14	24	24	21	32	49	47	14	46	29	8	2	10	34	8	16	25	31	27	30	2	47	9	3	29	41	30	27	38	42	49	1	5	30	50	20	1	15	31	12	34	24	9	2	2	31	45	11	46	47	36	34	48	48	23	48	30	48	48	29	
30	28	25	28	5	13	46	15	7	39	38	3	50	32	46	29	46	12	26	49	28	10	20	37	19	12	28	18	2	2	30	48	30	6	36	3	43	18	38	49	14	46	29	28	16	18	33	27	18	37	22	30	23	25	33	7	20	1	39	50	
35	44	21	36	26	38	25	43	40	31	23	32	16	40	28	45	36	20	46	21	17	3	28	40	15	27	4	27	22	20	35	18	1	9	31	44	43	10	44	34	35	11	13	22	48	10	18	9	21	49	43	34	42	18	2	30	28	1	42	32	
3	29	40	9	47	22	13	36	6	13	7	7	17	10	31	25	46	5	28	40	17	42	39	44	1	25	15	48	21	30	17	34	9	34	40	28	5	45	14	27	49	48	5	14	31	19	44	17	34	31	18	40	42	40	15	20	14	13	48	45	
9	48	28	33	8	40	13	41	7	35	10	15	22	23	25	18	44	38	48	32	19	33	20	11	45	14	10	34	43	42	42	50	38	33	32	42	16	34	33	36	42	21	37	47	8	17	18	33	19	22	32	46	16	1	33	5	36	35	24	42	
1	47	19	43	30	20	19	37	9	5	22	11	16	22	14	33	35	36	23	5	29	34	32	8	42	44	48	38	3	36	21	44	38	36	27	36	39	35	21	31	43	2	26	50	24	15	50	17	11	10	46	31	32	46	45	6	13	14	20	26	
45	41	44	10	24	44	9	42	40	27	31	34	32	13	37	33	46	3	16	10	31	9	37	33	4	17	44	22	17	20	27	49	24	11	26	8	48	9	22	35	28	35	22	37	8	50	9	44	16	25	45	36	45	24	23	8	25	49	17	40	
32	13	31	6	27	1	16	37	36	44	47	24	19	6	29	48	38	2	23	42	35	32	17	2	41	41	9	12	42	37	27	10	2	33	36	39	8	38	39	45	15	40	46	35	47	45	27	41	45	11	24	41	11	29	18	48	4	19	13	38	
13	13	17	30	8	9	7	29	25	39	31	13	21	22	26	9	50	16	24	38	2	44	49	1	19	48	3	49	45	6	12	8	6	50	41	28	50	47	4	35	39	15	42	6	38	29	3	16	1	34	38	28	5	46	30	32	5	8	49	39	
45	25	47	44	50	29	14	2	2	8	17	49	46	31	47	34	19	2	24	12	30	43	16	45	34	46	29	26	19	22	12	40	30	5	36	32	4	39	45	13	36	14	44	31	31	29	19	27	8	42	28	35	31	12	31	28	38	19	3	7	
46	7	31	36	38	35	42	12	20	41	8	21	11	40	32	20	32	20	38	9	14	25	35	20	5	47	17	28	24	29	1	49	24	24	49	13	25	42	6	17	32	23	34	1	45	3	3	5	37	26	34	42	5	30	24	35	23	13	41	27	
15	29	18	41	45	38	10	6	45	45	28	49	27	28	1	30	18	12	25	10	41	45	12	15	11	32	19	47	9	33	10	9	19	31	12	19	36	26	33	26	11	37	25	23	31	39	16	30	32	32	10	20	6	26	40	20	39	40	43	40	
37	3	10	6	16	38	17	4	30	16	30	43	5	50	37	7	6	15	12	25	15	34	33	21	48	16	44	29	11	45	7	45	21	42	24	48	8	10	31	17	28	31	50	18	7	9	3	48	14	4	1	20	40	17	29	17	36	13	50	29	
23	40	3	44	11	44	43	49	45	28	26	40	49	2	24	15	7	12	36	26	24	48	24	36	36	33	11	8	28	41	41	26	18	24	22	33	23	28	5	3	19	1	40	9	36	28	20	10	10	13	12	21	7	23	33	9	36	45	37	44	
14	35	48	21	34	43	43	23	33	36	45	39	20	45	21	39	14	24	49	17	43	41	20	46	1	35	41	24	42	36	45	39	23	31	27	19	3	10	44	25	13	33	38	49	10	29	9	9	30	5	16	26	2	35	8	7	2	29	5	33	
44	49	50	26	37	10	17	16	16	33	30	35	29	10	6	9	23	35	42	5	19	30	37	48	21	19	23	35	24	23	29	36	15	33	27	17	41	24	11	49	32	26	34	42	7	12	49	43	42	32	3	2	33	48	6	39	50	27	50	34	
12	26	42	31	19	47	46	9	23	37	21	30	15	42	34	40	2	46	46	9	6	14	17	30	28	16	15	38	12	20	10	49	8	4	7	32	18	20	8	45	7	15	34	10	13	30	34	33	17	24	38	27	22	14	23	33	14	46	29	4	
35	44	43	50	14	49	40	37	15	24	6	37	20	18	12	17	44	38	5	29	26	45	24	37	20	43	37	5	36	27	28	19	27	24	27	11	7	40	25	42	14	38	28	43	28	45	18	13	46	28	42	32	25	5	1	42	28	32	19	4	
28	20	2	43	5	23	28	34	16	50	40	42	38	14	7	21	14	35	23	26	43	17	50	46	9	3	27	44	15	22	10	20	24	44	37	22	4	10	8	25	23	7	22	45	33	13	40	29	14	21	41	18	17	29	16	7	12	47	20	46	
18	43	25	43	28	8	30	12	28	32	27	33	46	47	19	46	11	3	15	40	36	23	1	27	12	13	36	15	22	18	45	31	44	14	29	31	18	12	23	28	1	6	18	12	24	49	11	20	39	23	33	23	23	20	8	33	14	24	50	25	
26	23	25	13	3	31	42	3	37	46	34	1	35	9	14	43	31	11	21	23	3	8	41	36	21	31	46	7	43	41	15	31	4	6	48	44	23	13	18	29	32	43	13	31	8	7	22	10	13	44	48	13	45	28	45	12	30	33	45	5	
6	3	8	34	50	6	13	20	22	22	21	47	6	23	35	49	6	41	30	12	34	27	20	43	22	46	31	39	18	43	42	31	46	1	5	17	29	15	44	3	20	37	22	5	29	1	37	17	33	8	34	9	25	1	47	50	31	34	48	15	
42	37	8	41	29	40	13	7	45	18	48	22	39	19	26	23	25	10	18	13	27	47	47	1	27	47	46	40	39	19	33	42	43	10	22	3	19	9	13	17	37	41	22	23	21	32	14	31	3	31	6	31	50	3	20	31	12	50	47	14	
30	21	45	19	1	4	25	19	3	44	13	41	29	1	10	14	26	47	27	31	47	45	3	31	12	31	22	25	24	39	6	4	24	13	27	42	14	14	1	39	37	48	20	6	49	19	3	37	40	44	37	50	37	13	30	22	32	38	46	26	
On machine	6
43	34	29	30	17	46	7	24	33	44	16	15	15	19	1	3	14	42	32	50	30	8	25	2	42	15	30	26	43	45	30	12	2	24	11	6	35	28	7	13	30	39	11	44	15	15	32	26	40	11	44	27	15	3	18	33	38	26	8	34	
37	26	24	4	36	46	31	12	9	37	8	36	13	34	7	8	2	11	19	30	33	17	43	40	22	10	35	34	50	24	16	3	36	44	41	10	20	37	21	48	7	14	37	3	25	37	36	19	27	10	49	21	48	31	33	27	29	24	12	4	
6	48	16	3	21	25	4	2	43	46	35	41	35	3	16	6	48	46	41	5	14	8	15	37	14	47	25	24	48	24	26	46	6	28	50	20	6	47	31	16	4	12	13	17	33	41	12	38	32	38	9	46	21	18	42	48	14	14	42	20	
32	3	31	21	35	45	50	6	43	49	3	6	34	46	12	7	10	3	38	20	30	41	6	34	8	16	14	25	10	7	22	13	16	7	29	49	31	46	16	47	35	8	6	9	50	36	46	36	48	42	48	12	33	28	45	13	40	34	46	18	
24	23	28	38	9	39	50	22	4	29	5	10	26	44	15	41	25	7	11	10	13	13	26	17	17	26	47	8	1	11	45	44	48	35	35	46	37	11	31	11	31	1	4	42	40	48	7	35	17	27	46	23	7	35	5	21	30	24	44	38	
13	10	31	6	38	38	29	33	44	26	26	34	10	26	44	9	10	2	26	9	38	21	2	45	22	11	38	46	2	11	1	31	30	50	1	14	43	21	43	15	50	44	47	12	25	11	17	26	2	33	39	42	17	5	23	16	35	22	14	42	
21	24	22	6	32	28	15	35	11	10	36	3	23	46	37	12	13	36	44	21	19	21	49	32	22	18	17	7	21	38	28	27	42	36	44	35	16	26	10	50	12	40	10	11	19	27	13	2	49	18	7	24	37	21	11	9	25	39	21	19	
49	4	38	19	8	14	12	2	13	36	1	20	34	18	18	14	28	49	23	14	11	18	17	9	12	12	15	18	15	24	13	40	21	39	32	32	29	12	18	11	26	9	16	20	50	45	35	42	48	49	9	13	45	23	29	6	27	29	27	33	
2	48	33	35	9	32	7	30	23	43	47	29	13	35	9	14	25	12	33	34	45	9	26	29	1	38	27	3	12	17	40	17	18	47	35	40	4	4	38	27	22	28	13	4	16	43	47	9	23	46	12	32	2	16	40	9	47	31	20	13	
20	28	11	10	26	32	34	3	34	42	50	20	15	28	9	3	46	22	8	13	12	4	19	44	40	46	41	31	7	25	50	36	41	3	6	21	31	19	6	38	15	11	19	35	43	12	4	23	5	17	30	16	14	47	41	8	20	50	3	6	
43	14	16	31	17	38	22	20	5	47	20	25	14	32	45	34	36	3	46	10	7	15	49	8	1	44	49	29	50	3	23	28	14	39	15	37	9	43	12	49	42	31	25	29	35	37	30	7	38	36	48	43	11	24	10	43	34	23	35	43	
12	22	16	37	37	10	5	38	15	13	14	10	36	9	32	24	19	7	8	48	1	1	45	35	23	45	36	25	44	31	27	37	39	12	34	10	31	28	19	38	21	35	39	41	3	27	27	39	44	40	7	29	12	29	19	45	5	2	13	40	
15	45	43	46	36	39	13	17	50	38	6	36	15	38	12	27	44	38	47	1	22	50	50	8	10	22	35	48	38	28	21	6	17	28	28	18	28	4	31	49	37	22	40	1	36	7	17	18	48	18	33	50	38	30	38	22	42	29	44	2	
7	45	36	42	5	37	10	39	39	21	13	42	20	21	24	49	13	34	5	50	39	20	41	28	28	11	18	41	16	50	16	32	48	14	8	28	9	1	23	39	15	41	7	37	45	15	5	27	44	3	14	18	13	33	23	39	48	17	46	3	
50	31	46	26	35	24	3	16	37	7	33	50	42	8	13	14	33	45	27	49	11	21	17	24	15	40	42	7	41	11	9	42	14	36	23	24	30	34	47	50	8	15	17	16	36	5	4	47	36	39	44	45	1	2	43	13	33	46	19	19	
4	11	17	10	14	8	15	10	28	31	44	28	8	26	29	1	41	39	49	48	28	16	21	43	38	35	20	32	33	50	8	29	36	30	50	5	23	13	18	6	47	23	42	12	22	16	17	32	27	10	12	19	37	21	35	19	48	33	3	25	
10	37	38	2	21	20	8	11	7	3	25	14	39	25	3	14	14	1	25	35	8	3	38	41	8	21	43	1	12	48	6	35	4	36	50	26	47	22	24	8	28	46	37	16	43	12	13	43	8	20	44	20	2	16	9	9	10	41	41	47	
44	6	42	40	12	49	15	34	10	5	22	27	6	25	3	14	35	29	6	40	21	6	5	27	8	20	46	7	11	15	44	32	32	10	48	47	20	1	11	40	50	23	24	46	10	21	29	23	28	49	11	49	37	11	5	30	31	25	4	44	
19	46	39	44	11	34	43	14	10	42	16	42	34	8	47	10	33	15	21	39	22	33	17	25	43	13	48	1	30	48	23	48	42	16	46	40	11	27	19	48	7	30	1	23	48	15	32	46	35	36	11	9	15	34	23	24	33	15	20	10	
15	16	20	29	9	15	42	7	42	12	2	20	21	11	13	25	44	6	37	46	48	32	39	46	50	11	9	34	29	29	18	48	34	8	40	11	37	16	19	31	1	17	42	35	12	7	29	27	30	18	11	2	22	9	45	44	49	33	17	43	
50	36	15	29	4	17	19	4	10	26	12	50	7	34	35	12	47	33	37	42	33	8	49	39	10	16	13	31	7	22	30	4	10	11	13	8	28	39	10	29	16	34	50	47	48	37	7	37	28	4	39	42	17	47	5	11	36	25	35	48	
24	29	13	17	13	1	43	2	33	27	40	26	33	9	27	21	32	28	25	11	7	33	27	22	16	8	18	39	10	45	35	2	30	7	23	49	17	47	30	9	41	11	35	16	3	25	43	40	36	36	6	18	29	38	23	21	14	6	46	47	
45	15	12	19	50	37	30	3	29	26	10	29	18	26	44	2	25	28	31	17	42	25	37	5	38	42	13	46	21	30	50	2	38	10	45	38	6	6	48	39	30	45	16	24	30	32	15	20	32	25	50	18	48	20	26	22	45	12	27	34	
46	11	47	8	29	31	25	47	8	39	37	43	18	12	39	8	45	46	23	5	14	28	39	3	26	33	35	16	22	19	35	41	32	19	17	29	22	1	36	14	35	25	17	7	31	44	17	44	5	41	35	42	43	40	27	20	31	40	25	50	
19	28	7	18	30	31	3	19	24	6	40	13	7	20	20	31	39	1	35	8	50	15	17	28	12	4	44	43	8	34	17	34	29	8	6	19	42	34	39	24	17	47	46	8	24	41	42	21	1	1	18	28	24	41	44	28	21	7	26	34	
35	18	28	45	12	4	25	28	8	35	26	27	15	22	7	19	9	10	49	41	46	31	38	43	29	15	36	42	34	4	24	17	46	20	49	27	45	20	33	26	33	1	39	22	18	19	20	47	39	9	13	48	38	40	45	16	16	6	44	13	
22	31	33	19	9	24	6	39	48	29	42	50	17	5	49	24	47	49	25	20	42	9	43	18	45	14	18	16	38	8	7	21	23	7	10	8	47	37	29	19	23	48	28	43	36	12	36	26	29	45	45	21	2	5	12	23	7	15	30	50	
20	40	49	10	32	48	37	43	2	27	33	26	7	34	14	4	29	43	14	22	8	34	11	49	19	17	21	35	45	12	34	22	42	27	3	6	11	42	46	13	18	15	39	15	12	20	31	29	14	11	21	6	46	15	15	12	49	3	48	44	
5	1	22	20	32	50	30	35	40	32	9	34	44	14	49	39	50	7	22	12	32	18	37	50	45	46	14	6	16	30	33	36	33	11	22	30	9	50	19	37	6	5	10	10	16	29	10	19	50	12	41	14	29	41	12	48	24	40	4	25	
16	26	15	47	14	36	34	37	42	7	36	2	49	34	15	44	3	21	28	39	34	35	38	27	49	31	48	19	9	18	31	29	12	18	3	13	49	24	6	7	24	8	27	21	9	40	15	1	14	43	8	2	6	3	43	27	45	45	15	37	
8	9	34	41	23	14	23	17	14	29	46	8	29	49	33	46	47	45	45	47	28	36	43	8	5	50	26	20	35	50	41	21	50	49	15	19	18	28	46	25	17	49	42	2	3	49	5	14	13	29	6	47	23	2	29	20	13	35	39	14	
43	16	35	43	3	32	34	19	39	28	3	3	37	35	22	39	14	16	39	30	21	34	20	15	49	46	35	22	7	8	28	11	44	42	48	4	34	8	47	27	29	42	34	31	42	32	50	14	32	19	44	42	46	35	10	31	46	33	8	28	
7	39	47	19	35	46	26	20	34	17	7	16	18	39	28	39	32	44	12	7	29	47	39	2	25	4	24	5	34	2	9	32	33	24	18	5	33	41	46	44	12	10	11	39	6	44	2	39	47	26	6	9	29	50	20	26	6	3	25	49	
25	16	26	13	8	38	2	39	4	29	27	4	28	25	31	13	30	38	46	43	12	12	26	34	28	31	14	12	15	14	30	5	47	26	23	31	26	39	26	21	4	33	33	17	48	23	22	39	28	31	35	28	5	8	45	5	26	20	8	9	
4	45	43	31	1	43	13	14	16	11	39	3	43	40	41	13	26	27	11	33	44	18	50	50	8	29	30	48	8	38	16	27	43	47	7	37	38	2	33	19	46	49	9	31	15	3	5	5	12	14	12	45	6	22	3	36	6	12	9	1	
43	45	50	12	36	8	12	46	14	12	1	36	2	3	42	21	19	39	24	17	18	1	24	6	29	36	33	26	18	35	39	4	8	8	13	42	29	43	9	26	5	21	12	22	5	28	27	37	37	18	25	31	20	31	47	28	50	13	24	25	
38	35	3	14	13	4	22	9	32	21	43	37	38	34	7	16	33	23	47	23	43	3	30	3	14	5	42	25	7	31	41	21	42	20	31	47	6	30	22	41	13	22	6	43	13	16	18	23	14	10	43	43	9	13	6	43	20	10	46	5	
40	39	37	21	9	42	32	24	4	11	50	26	4	48	15	36	14	38	44	44	29	16	21	6	30	23	48	39	23	13	7	14	13	27	50	39	25	40	22	14	28	43	24	38	30	7	35	12	12	9	8	1	48	29	47	38	20	4	28	1	
30	18	6	11	37	30	41	14	8	15	18	17	1	47	24	33	14	15	6	41	33	17	28	9	41	8	49	31	27	11	31	14	50	2	28	35	50	18	38	44	15	18	9	17	17	17	7	50	36	49	15	20	19	2	3	2	17	39	49	25	
22	45	20	32	49	36	9	30	2	4	24	14	24	34	17	42	20	24	22	7	8	5	11	49	17	17	23	46	37	45	33	44	12	9	17	27	7	13	27	49	20	25	32	38	45	45	7	44	30	10	17	26	17	38	18	8	47	50	45	39	
33	43	45	25	23	34	10	49	11	34	39	48	13	43	4	48	13	31	2	15	47	42	35	21	49	28	42	43	8	50	46	29	37	36	41	21	33	26	28	16	1	5	14	31	45	41	45	22	12	25	44	21	45	43	25	28	12	13	14	48	
12	4	6	10	39	7	41	40	43	26	14	28	49	27	47	18	14	11	2	24	15	5	46	37	32	29	21	47	50	32	45	1	15	9	10	44	11	25	8	13	37	39	3	17	38	36	13	9	9	4	3	47	48	50	18	23	20	5	30	42	
24	8	40	46	46	18	10	43	45	35	17	42	5	4	43	15	13	47	30	6	2	10	35	34	37	37	3	5	43	49	23	10	37	47	48	39	7	26	31	15	7	23	19	27	38	6	44	1	12	48	30	10	17	8	17	45	15	43	12	25	
34	34	48	31	41	13	15	6	33	31	48	37	46	48	30	34	32	18	12	37	37	14	38	49	20	37	41	37	50	7	11	37	14	18	33	48	42	49	29	22	46	10	42	29	15	41	8	27	49	5	10	34	48	32	41	24	38	24	47	36	
14	9	5	33	26	2	15	43	50	17	43	21	20	27	25	19	1	45	40	4	10	38	32	21	37	44	37	16	28	42	20	28	28	16	28	17	46	47	9	5	10	20	18	29	20	5	39	41	16	39	43	43	1	12	34	38	3	33	3	33	
26	12	5	35	23	38	11	42	24	16	30	29	37	5	12	12	8	10	50	37	22	46	10	39	45	47	48	29	29	3	10	39	24	23	43	29	11	10	43	10	7	50	13	3	35	5	26	42	20	43	38	23	48	11	27	36	38	20	5	49	
37	5	8	10	16	13	3	28	26	22	11	6	18	47	10	18	26	15	41	17	44	33	27	37	33	37	12	25	10	14	11	39	31	9	8	6	33	31	13	1	38	37	27	49	32	26	49	14	50	34	49	41	37	16	4	14	30	17	27	35	
10	4	14	3	22	26	47	18	10	50	31	32	3	48	35	35	5	33	39	45	36	19	34	27	10	17	48	18	47	21	10	18	42	39	46	28	24	11	27	18	19	49	14	36	48	31	5	16	19	37	45	48	48	36	31	41	11	20	20	49	
12	20	45	18	12	25	12	2	37	37	43	47	48	31	39	14	2	7	15	38	42	14	17	7	4	6	30	47	40	14	36	7	41	15	28	38	13	7	35	9	10	25	19	43	9	23	32	10	47	4	11	13	40	47	28	42	25	7	1	7	
17	17	14	20	14	11	49	15	25	7	8	33	3	14	22	43	48	12	50	40	37	39	46	38	21	11	29	19	35	11	28	17	31	46	31	34	23	7	26	37	12	20	23	40	22	37	49	15	30	38	6	48	26	38	21	23	9	20	20	22	
43	9	38	35	11	50	38	45	6	21	24	23	11	30	34	14	48	32	8	48	28	2	26	46	7	50	45	44	18	31	42	32	33	40	19	7	33	48	22	13	39	30	16	5	27	28	40	36	43	46	50	40	12	43	35	11	7	32	24	42	
12	20	32	45	17	8	20	41	33	33	7	48	4	22	5	17	2	33	50	34	44	16	41	40	26	42	13	17	24	13	25	46	44	44	22	24	50	29	38	43	13	41	34	25	15	38	5	9	30	34	50	21	23	19	22	48	47	36	39	6	
46	16	8	41	33	27	38	49	40	12	28	4	26	11	18	34	44	46	8	29	10	12	7	10	2	40	46	45	11	22	20	33	7	19	47	36	6	40	37	47	26	35	6	46	34	9	5	33	45	33	3	23	10	5	16	25	28	22	13	43	
34	17	22	24	48	23	28	33	41	6	32	10	8	3	20	7	29	11	36	40	29	34	37	4	18	8	45	12	29	48	16	6	37	16	24	17	17	22	46	22	50	40	4	48	32	11	26	5	12	10	11	31	23	34	4	48	6	8	15	9	
40	24	24	10	14	2	19	12	40	17	25	37	50	35	40	35	1	44	10	46	48	45	42	38	11	48	27	18	19	48	3	8	17	47	39	1	24	33	5	48	18	14	17	29	48	19	40	10	21	45	18	44	29	44	22	33	9	10	19	7	
21	44	13	34	30	39	38	1	49	6	14	9	23	46	3	34	49	13	34	13	16	29	44	1	27	41	37	17	40	31	45	21	46	8	16	4	6	30	42	38	41	28	6	29	44	18	8	32	29	29	29	47	13	23	4	50	19	47	15	38	
30	29	41	18	29	34	39	10	43	37	19	35	35	12	48	25	40	26	18	23	18	2	42	1	45	23	32	23	19	11	50	48	5	12	25	22	9	30	40	1	7	21	48	46	7	27	20	43	24	38	16	5	50	10	21	43	31	2	19	32	
29	25	45	41	13	11	44	37	16	9	3	49	49	15	34	45	49	2	18	1	46	19	11	7	43	34	23	41	23	4	4	22	35	34	31	1	5	33	21	34	42	9	29	36	27	46	47	18	26	4	43	9	40	17	5	6	39	1	33	27	
43	35	2	26	10	47	35	22	34	7	41	50	6	39	39	12	31	10	17	35	4	43	46	31	46	43	50	16	28	23	17	37	23	3	39	1	13	21	11	16	42	6	32	19	24	35	22	28	40	29	49	46	1	50	1	28	40	44	5	28	
4	41	50	50	5	42	19	6	8	31	25	27	39	22	5	28	4	25	41	46	4	19	32	21	26	15	16	7	16	11	27	18	1	15	35	31	42	29	29	19	29	1	6	13	21	41	29	41	1	5	40	45	22	47	45	42	34	37	22	14	
