Factories	2
Families	40
Machines	2
SetupType	2

Number of Jobs in each Family
7	2	9	10	1	3	9	10	10	4	1	4	7	10	8	10	4	10	4	10	4	4	10	1	10	4	1	7	6	7	2	5	8	10	5	5	4	1	7	5	

Jobs in each Family
0	1	2	3	4	5	6	
7	8	
9	10	11	12	13	14	15	16	17	
18	19	20	21	22	23	24	25	26	27	
28	
29	30	31	
32	33	34	35	36	37	38	39	40	
41	42	43	44	45	46	47	48	49	50	
51	52	53	54	55	56	57	58	59	60	
61	62	63	64	
65	
66	67	68	69	
70	71	72	73	74	75	76	
77	78	79	80	81	82	83	84	85	86	
87	88	89	90	91	92	93	94	
95	96	97	98	99	100	101	102	103	104	
105	106	107	108	
109	110	111	112	113	114	115	116	117	118	
119	120	121	122	
123	124	125	126	127	128	129	130	131	132	
133	134	135	136	
137	138	139	140	
141	142	143	144	145	146	147	148	149	150	
151	
152	153	154	155	156	157	158	159	160	161	
162	163	164	165	
166	
167	168	169	170	171	172	173	
174	175	176	177	178	179	
180	181	182	183	184	185	186	
187	188	
189	190	191	192	193	
194	195	196	197	198	199	200	201	
202	203	204	205	206	207	208	209	210	211	
212	213	214	215	216	
217	218	219	220	221	
222	223	224	225	
226	
227	228	229	230	231	232	233	
234	235	236	237	238	

Total number of jobs
239

Processing times of jobs
6	6	
4	1	
3	1	
2	9	
2	3	
2	4	
2	6	
2	7	
8	7	
3	10	
2	5	
6	7	
8	3	
4	5	
2	9	
7	9	
5	6	
2	2	
6	10	
5	9	
2	8	
2	2	
8	3	
2	4	
10	10	
5	7	
7	3	
7	10	
6	5	
9	6	
3	8	
5	10	
8	8	
6	10	
5	7	
7	1	
6	2	
7	8	
8	7	
2	9	
6	2	
3	3	
7	1	
7	7	
7	7	
2	8	
6	4	
8	8	
7	5	
3	5	
10	2	
2	5	
9	1	
9	1	
2	9	
3	4	
2	8	
3	4	
2	1	
10	7	
5	1	
1	10	
4	6	
4	8	
8	9	
6	3	
2	1	
1	9	
9	5	
3	9	
8	6	
5	2	
5	6	
6	10	
1	3	
10	5	
4	1	
7	1	
2	5	
7	9	
2	8	
8	9	
10	3	
2	6	
7	4	
3	10	
3	10	
4	9	
6	10	
10	9	
3	3	
7	9	
2	5	
4	3	
6	5	
6	3	
10	10	
6	9	
8	6	
3	1	
4	8	
3	3	
10	3	
9	1	
3	10	
3	9	
3	5	
9	6	
3	9	
10	8	
8	10	
9	9	
3	3	
5	8	
1	7	
1	2	
10	3	
6	1	
2	9	
3	1	
9	8	
8	1	
1	6	
6	10	
9	4	
10	5	
4	2	
3	3	
2	9	
7	3	
9	2	
10	5	
2	3	
10	9	
8	4	
2	2	
7	3	
8	2	
9	6	
10	5	
7	7	
5	10	
4	3	
8	7	
5	3	
6	1	
5	6	
6	5	
2	7	
5	8	
8	7	
6	8	
3	8	
2	1	
7	3	
7	2	
2	6	
9	6	
2	2	
2	2	
6	5	
9	5	
2	9	
10	6	
5	9	
10	2	
4	1	
3	6	
5	9	
4	4	
9	9	
8	8	
1	2	
4	8	
7	1	
2	9	
8	10	
6	8	
8	9	
2	5	
10	2	
9	5	
2	4	
2	10	
8	3	
6	6	
9	8	
2	1	
10	1	
4	9	
6	3	
10	9	
4	1	
5	1	
4	9	
3	7	
5	5	
10	6	
9	1	
2	7	
5	6	
10	10	
1	7	
5	10	
4	1	
1	8	
4	6	
6	9	
10	10	
3	10	
3	8	
5	9	
5	4	
6	7	
10	10	
8	7	
3	10	
8	1	
9	7	
3	7	
5	8	
10	9	
5	3	
7	9	
5	3	
4	2	
1	8	
8	2	
5	1	
6	9	
8	3	
9	7	
5	5	
10	2	
7	10	
9	9	
3	6	
4	7	
7	6	

Stepup times between Families, where [f][f] represents initial setup time
On machine	1
5	31	32	49	19	25	37	38	33	11	3	2	26	35	17	8	7	12	1	45	50	43	16	43	15	44	36	33	1	16	29	12	30	38	3	31	36	23	1	22	
42	17	34	37	44	36	49	13	4	49	47	13	26	16	13	28	33	17	19	25	41	43	10	23	13	28	49	37	49	9	48	42	18	22	49	13	16	41	7	49	
6	21	6	13	4	50	43	39	17	5	46	7	33	2	21	2	14	30	16	10	41	32	7	36	33	25	46	10	42	14	18	4	33	44	17	4	46	3	50	28	
14	14	5	5	1	32	34	15	26	15	3	40	12	46	26	12	21	6	18	4	28	14	24	35	8	9	14	27	8	6	46	41	3	24	11	35	33	38	21	45	
1	46	29	35	33	27	10	26	43	1	3	25	4	18	24	33	38	16	26	38	10	2	50	26	4	10	25	19	10	11	48	34	21	42	30	49	14	30	11	32	
25	31	20	49	28	33	47	34	20	39	10	25	47	38	29	11	3	14	35	19	44	18	39	16	27	29	1	4	29	47	42	18	17	49	26	16	20	1	2	26	
34	5	14	44	12	33	8	9	42	7	42	25	19	31	50	15	43	40	33	22	27	11	10	3	16	43	13	20	46	44	23	41	48	37	39	47	41	4	9	28	
14	48	39	13	40	49	31	43	30	17	44	3	24	30	34	37	46	43	46	15	11	36	40	35	35	28	38	19	48	1	14	13	16	6	18	20	28	43	26	24	
4	43	14	1	8	38	44	22	11	20	39	9	40	27	44	23	1	49	17	46	40	33	21	21	32	20	11	19	30	6	39	2	47	4	19	17	35	21	48	40	
6	20	47	21	29	42	24	36	8	24	5	9	9	20	32	26	48	25	49	14	3	10	39	16	14	15	28	49	14	41	2	25	27	28	7	39	42	28	9	24	
1	19	26	10	33	36	49	36	6	40	24	24	36	49	21	22	29	29	37	44	24	3	34	37	39	21	48	15	14	9	7	50	34	27	3	12	8	46	36	4	
27	48	34	19	46	5	42	24	18	41	40	3	15	2	40	42	48	46	26	1	47	10	27	26	40	44	15	11	19	23	29	17	13	35	47	47	4	18	2	10	
12	34	26	20	41	38	5	33	40	32	13	13	1	21	45	16	29	9	40	39	3	30	18	13	42	12	18	28	37	7	48	16	28	2	39	43	38	2	30	24	
42	6	22	17	36	18	10	46	9	35	15	7	50	38	46	43	19	14	1	42	7	24	20	44	3	42	44	13	49	46	24	22	50	9	12	47	47	37	7	8	
43	24	40	23	4	41	40	43	13	32	13	38	12	34	40	44	23	47	26	26	19	8	11	21	11	21	20	30	35	32	4	29	13	20	42	48	13	41	17	29	
2	35	27	44	36	24	20	50	50	12	5	5	46	18	40	10	45	43	10	48	36	8	12	31	6	40	26	6	24	16	27	15	30	44	16	23	2	3	3	45	
46	42	38	44	32	14	39	50	6	21	45	10	8	49	21	5	28	44	43	8	9	45	44	49	11	8	44	38	17	42	7	7	43	48	18	48	47	27	14	25	
35	21	26	14	9	6	32	40	19	45	21	40	22	4	7	31	47	32	23	31	41	48	50	1	43	19	12	41	50	39	19	24	10	2	39	1	18	48	40	24	
10	34	50	42	24	41	45	19	8	27	7	12	24	4	7	40	18	28	46	43	35	12	31	37	29	15	42	14	16	1	19	43	47	25	16	50	24	10	39	46	
36	15	46	5	48	1	15	1	8	44	30	24	46	12	42	30	41	32	10	25	9	39	22	49	50	38	29	4	42	42	23	18	7	3	20	34	16	21	26	9	
43	25	15	23	20	14	36	40	36	31	10	9	49	34	46	28	22	33	15	37	8	3	49	47	3	26	50	6	20	15	49	26	19	18	30	22	42	15	44	49	
34	3	36	22	28	20	13	28	39	48	27	33	31	6	45	39	40	43	39	25	34	31	22	9	38	30	36	38	4	38	9	9	32	24	13	34	10	6	46	17	
43	40	28	43	19	1	47	38	3	1	32	13	7	21	16	13	4	38	49	23	30	46	49	48	24	31	8	16	22	6	26	8	49	27	27	17	30	29	27	46	
49	40	1	37	36	28	6	30	8	15	19	8	34	25	15	18	9	17	2	36	1	7	9	17	9	16	10	34	48	39	28	21	40	7	35	17	43	3	50	47	
41	4	38	39	30	37	30	44	9	13	17	30	1	21	19	22	40	19	25	10	6	20	41	34	36	22	28	6	32	20	49	36	21	40	26	48	38	15	50	7	
44	14	9	30	12	22	37	17	18	30	1	7	7	37	33	36	20	28	41	1	28	12	16	31	10	33	33	46	16	19	41	35	25	13	40	22	45	17	24	48	
17	38	23	20	25	41	36	47	44	47	41	18	45	33	26	18	29	46	19	26	18	46	30	37	14	3	36	17	14	25	35	23	2	18	26	41	6	13	7	36	
48	50	44	22	47	30	15	32	36	37	4	34	10	23	6	21	24	12	35	31	1	20	36	34	39	12	1	47	10	3	15	17	6	8	43	9	2	41	29	21	
5	38	6	45	22	27	2	47	9	25	34	43	9	34	39	8	46	18	6	14	22	38	40	6	29	8	26	44	31	27	11	34	16	2	20	31	37	47	13	37	
39	4	44	31	30	42	50	31	28	15	7	33	44	49	44	3	50	15	8	17	25	21	48	3	50	42	1	36	26	13	45	29	7	35	36	24	37	6	2	26	
12	35	33	42	32	29	46	20	3	1	50	26	46	33	38	9	10	10	50	46	17	24	50	14	39	7	26	48	28	47	43	32	27	31	23	15	13	7	27	4	
24	45	22	43	24	46	8	10	50	32	13	33	34	26	41	42	17	37	42	43	33	44	45	1	36	2	11	4	30	38	47	47	23	32	43	12	11	50	29	38	
30	43	12	19	8	50	25	50	24	49	39	35	7	48	45	37	24	35	30	47	1	3	13	28	25	7	24	23	8	42	1	34	44	49	36	22	23	40	39	8	
48	5	36	15	36	36	6	7	14	41	50	47	26	19	40	6	27	35	21	48	41	28	17	41	5	17	12	10	17	9	9	49	11	26	44	3	14	7	2	44	
45	23	44	36	44	47	41	39	31	9	35	10	18	19	50	35	48	33	48	20	9	46	15	37	8	26	19	4	16	36	35	14	28	22	5	49	47	7	50	37	
23	28	13	29	36	34	16	5	28	47	15	14	47	31	9	24	3	4	47	23	27	39	40	50	29	40	29	2	45	20	23	18	9	29	43	25	44	50	45	7	
34	9	44	43	25	17	37	39	25	23	42	26	46	1	6	30	12	32	17	8	20	37	37	24	14	45	29	32	30	34	10	13	27	15	26	4	8	14	27	9	
48	30	10	19	9	18	6	2	1	13	34	49	39	45	49	42	36	44	2	2	14	43	46	43	38	34	33	10	32	7	50	34	8	50	37	14	26	48	39	26	
31	22	41	21	21	11	28	40	39	5	3	1	5	28	50	33	32	5	31	6	36	22	39	5	32	32	23	31	23	46	29	14	49	22	8	35	10	3	36	5	
10	45	1	27	33	27	45	3	46	31	27	4	30	8	21	34	16	31	6	33	12	33	18	8	17	32	35	35	14	16	32	21	36	41	28	14	46	19	1	35	
On machine	2
36	50	14	31	24	22	16	27	7	27	44	33	30	49	37	2	17	45	49	28	45	2	1	21	45	26	10	39	46	41	30	13	46	43	5	10	49	43	44	28	
7	21	32	29	27	10	15	35	19	46	23	10	22	20	25	37	45	39	19	16	2	20	27	20	35	15	30	17	25	26	14	25	6	9	33	16	43	7	43	45	
44	26	39	20	12	20	28	35	4	29	19	4	7	27	27	2	21	27	10	11	22	35	1	8	9	25	34	4	22	18	1	7	36	19	10	12	40	25	17	12	
38	33	4	34	40	1	30	6	6	32	29	12	31	35	6	47	30	10	49	3	25	16	23	26	5	12	9	12	13	34	21	10	17	30	14	44	12	43	11	45	
11	40	2	8	45	38	24	14	31	15	8	5	20	28	47	2	34	20	36	20	12	18	2	44	33	24	31	30	26	27	25	45	44	18	32	37	47	45	29	12	
47	12	50	2	39	39	23	41	38	46	40	44	18	38	47	40	30	8	17	45	35	50	38	2	1	6	25	20	34	12	41	25	32	29	42	32	39	42	19	8	
27	35	44	49	16	50	23	9	40	31	12	14	10	48	45	7	11	3	42	21	45	4	23	3	24	7	47	2	11	38	24	20	37	6	48	5	43	11	8	39	
43	2	16	25	14	37	35	17	43	15	7	11	19	12	18	44	20	8	1	48	3	50	25	45	32	2	37	9	43	39	41	24	10	4	9	31	9	16	40	8	
17	5	43	39	49	46	44	34	14	15	28	9	41	28	3	14	24	23	15	47	10	28	5	2	48	9	48	4	11	14	7	1	41	10	11	1	48	10	2	49	
5	39	4	20	30	23	50	39	29	8	7	16	5	23	30	45	1	46	4	44	39	46	8	34	25	24	21	14	32	33	15	39	15	29	5	49	38	2	5	34	
21	24	40	46	18	17	39	6	29	35	4	1	32	39	30	29	48	48	28	23	3	31	39	13	14	26	33	14	9	14	14	43	4	22	26	31	31	3	35	41	
33	5	24	11	1	7	50	38	12	6	47	25	17	15	40	1	13	13	4	12	50	24	24	12	6	35	36	20	19	22	46	50	15	24	34	20	22	5	28	29	
35	17	38	45	15	14	45	44	6	11	40	26	11	29	22	49	21	48	36	37	28	16	47	16	47	35	17	29	27	14	31	36	40	21	6	29	8	5	25	20	
42	16	47	20	6	6	24	46	15	38	37	9	18	3	42	41	3	37	30	14	18	36	41	28	37	29	34	2	14	15	49	2	7	31	40	23	38	36	43	44	
26	39	10	45	24	13	46	40	12	3	11	40	1	17	1	33	37	30	50	4	15	19	44	13	21	50	12	15	49	44	49	33	27	42	40	33	47	23	32	46	
39	48	11	18	32	8	12	34	24	37	26	43	33	24	16	43	41	41	2	4	31	10	13	18	39	47	3	32	13	11	38	37	18	44	5	24	7	18	9	44	
48	19	15	41	7	3	17	29	15	29	8	2	11	37	46	38	27	9	9	15	44	23	31	42	3	2	49	2	21	29	48	25	14	1	44	2	19	16	10	41	
21	31	8	17	8	36	38	27	7	44	24	35	6	33	35	23	36	43	26	24	43	31	21	23	32	36	4	48	11	10	2	33	10	35	43	7	4	44	26	25	
11	3	10	9	11	16	25	41	10	8	15	34	9	7	24	46	13	12	14	47	18	44	11	40	20	39	28	44	7	20	5	44	44	15	27	11	28	44	48	38	
22	15	22	19	27	27	19	4	37	46	20	35	46	17	2	10	41	46	42	19	7	13	49	24	16	34	26	22	14	10	48	40	38	24	48	3	22	2	46	38	
22	11	30	13	14	50	34	29	32	20	9	34	15	48	15	42	35	49	22	42	25	16	34	35	30	49	22	19	8	19	38	6	23	50	15	11	20	40	41	9	
7	28	15	26	31	23	14	50	50	12	22	38	7	19	37	31	4	28	18	25	35	37	40	46	46	20	20	49	22	6	8	50	49	47	38	18	5	9	22	26	
11	30	46	8	23	34	21	16	17	26	22	36	20	9	27	47	35	30	7	3	21	44	42	47	10	10	2	40	40	3	29	18	37	35	44	15	43	16	43	30	
17	29	47	22	23	7	31	45	3	31	29	39	2	37	15	11	30	42	29	12	28	6	32	36	20	30	7	6	33	32	36	22	36	48	34	31	14	30	16	29	
50	35	17	1	7	44	10	22	18	6	33	14	46	49	8	24	18	28	8	25	20	49	48	30	11	35	6	48	42	34	7	48	46	3	15	19	25	14	36	37	
2	25	2	48	24	45	46	42	44	34	30	15	48	46	38	4	44	34	41	33	5	32	23	4	48	46	30	34	17	22	49	34	47	29	44	41	28	23	47	16	
16	23	48	4	28	43	40	28	46	43	34	35	4	46	13	46	13	9	43	37	50	11	33	3	41	5	22	25	45	30	37	20	17	13	18	49	28	47	21	34	
28	2	36	17	43	17	15	6	21	47	48	40	40	40	1	18	34	27	31	10	15	39	6	27	39	29	8	8	16	9	2	2	39	42	33	39	48	16	3	33	
22	39	37	30	42	18	6	33	21	1	8	24	13	14	5	41	22	37	31	20	17	20	9	14	45	18	34	28	12	32	41	39	50	20	25	31	50	48	3	23	
12	14	3	27	3	10	47	36	11	9	24	42	5	25	21	14	16	9	43	11	17	2	37	20	27	17	9	13	36	42	50	36	37	3	42	11	49	4	6	44	
38	42	23	11	26	31	14	16	30	19	13	13	44	14	31	2	11	31	46	33	1	13	9	29	31	4	50	50	4	31	17	39	5	25	9	28	11	17	29	11	
46	5	3	23	17	33	7	49	14	2	38	23	27	4	32	2	48	49	26	50	24	34	27	3	34	50	36	47	48	2	47	43	25	38	3	47	24	28	21	34	
50	13	14	36	18	30	30	40	26	43	33	35	15	14	44	20	30	19	11	37	39	13	28	4	4	5	47	42	42	30	1	14	21	35	49	24	14	46	29	23	
12	30	25	26	40	44	4	23	38	11	11	46	43	18	15	34	35	25	50	44	1	41	10	15	45	31	31	18	40	47	33	19	50	11	9	41	46	24	22	26	
40	39	12	39	22	8	5	39	39	20	1	39	17	21	13	8	31	38	39	18	27	22	6	41	39	15	26	1	19	23	8	27	20	13	35	34	23	32	46	23	
46	19	35	45	41	36	47	17	6	17	33	38	23	15	9	50	33	41	20	41	45	22	48	4	45	46	29	42	46	11	11	10	48	24	1	48	49	46	32	10	
16	3	50	6	48	25	30	12	38	12	44	26	50	6	24	19	9	10	35	44	13	10	17	1	14	32	21	30	13	14	31	7	45	6	23	36	39	12	15	2	
29	43	10	7	42	4	15	50	36	1	7	32	31	17	28	14	28	29	33	23	30	48	50	26	46	39	44	38	8	26	28	12	36	41	28	48	18	49	25	41	
23	23	47	19	42	25	37	19	12	4	2	9	14	25	27	37	41	10	35	40	13	4	22	4	22	34	35	14	13	50	37	48	18	1	30	31	9	2	44	30	
8	42	21	34	50	2	26	36	40	50	31	17	37	31	48	16	41	25	15	17	29	6	46	29	43	37	13	27	34	9	32	31	27	16	11	45	12	4	20	26	
