Factories	2
Families	40
Machines	2
SetupType	1

Number of Jobs in each Family
6	5	9	7	7	5	5	6	9	1	7	4	5	7	6	10	2	5	7	6	3	3	4	1	3	8	9	5	1	3	8	6	2	1	10	1	6	2	8	9	

Jobs in each Family
0	1	2	3	4	5	
6	7	8	9	10	
11	12	13	14	15	16	17	18	19	
20	21	22	23	24	25	26	
27	28	29	30	31	32	33	
34	35	36	37	38	
39	40	41	42	43	
44	45	46	47	48	49	
50	51	52	53	54	55	56	57	58	
59	
60	61	62	63	64	65	66	
67	68	69	70	
71	72	73	74	75	
76	77	78	79	80	81	82	
83	84	85	86	87	88	
89	90	91	92	93	94	95	96	97	98	
99	100	
101	102	103	104	105	
106	107	108	109	110	111	112	
113	114	115	116	117	118	
119	120	121	
122	123	124	
125	126	127	128	
129	
130	131	132	
133	134	135	136	137	138	139	140	
141	142	143	144	145	146	147	148	149	
150	151	152	153	154	
155	
156	157	158	
159	160	161	162	163	164	165	166	
167	168	169	170	171	172	
173	174	
175	
176	177	178	179	180	181	182	183	184	185	
186	
187	188	189	190	191	192	
193	194	
195	196	197	198	199	200	201	202	
203	204	205	206	207	208	209	210	211	

Total number of jobs
212

Processing times of jobs
4	8	
4	10	
2	4	
4	9	
9	10	
9	8	
7	9	
4	5	
6	4	
1	1	
9	3	
9	7	
1	4	
8	5	
3	5	
10	4	
10	1	
3	8	
2	4	
3	4	
8	2	
7	1	
1	2	
5	9	
1	1	
7	2	
3	3	
8	5	
7	3	
4	9	
10	4	
10	9	
3	3	
3	6	
8	7	
7	5	
9	4	
6	8	
9	10	
7	10	
3	3	
7	6	
5	4	
8	9	
7	10	
1	9	
9	1	
6	3	
5	5	
4	3	
10	2	
10	5	
2	7	
1	5	
8	2	
2	10	
2	2	
7	6	
9	1	
2	9	
1	2	
5	3	
5	2	
4	10	
5	8	
5	9	
9	4	
3	6	
10	2	
2	8	
10	10	
4	6	
2	1	
9	4	
10	5	
4	2	
7	8	
6	3	
7	10	
1	1	
6	5	
7	1	
9	4	
5	4	
8	1	
4	7	
9	1	
3	10	
9	6	
7	9	
7	10	
3	5	
4	1	
3	3	
1	10	
4	10	
6	1	
3	8	
8	7	
3	1	
4	1	
2	5	
4	3	
8	3	
2	2	
3	9	
8	5	
6	8	
10	4	
5	3	
9	1	
7	7	
1	7	
5	8	
5	9	
5	1	
6	10	
2	10	
4	2	
6	4	
8	6	
9	8	
7	3	
1	9	
1	6	
5	2	
9	7	
5	4	
9	1	
9	3	
4	3	
1	8	
7	5	
9	7	
1	3	
7	7	
1	3	
5	2	
8	7	
9	1	
2	4	
7	4	
8	5	
5	5	
1	6	
5	3	
6	3	
6	6	
7	4	
5	3	
1	8	
5	7	
7	4	
1	3	
1	2	
1	7	
1	10	
9	8	
7	6	
5	1	
4	8	
1	2	
9	10	
9	7	
2	10	
7	2	
5	4	
2	2	
8	4	
9	10	
3	7	
7	3	
6	7	
3	5	
8	5	
3	10	
7	6	
3	9	
1	10	
2	6	
1	8	
4	4	
1	5	
9	10	
1	10	
9	1	
5	7	
4	2	
10	5	
3	7	
7	5	
2	10	
4	8	
8	8	
1	8	
4	7	
10	1	
2	9	
3	8	
8	10	
2	10	
7	9	
1	10	
5	10	
3	8	
1	6	
6	4	
3	4	
9	2	
5	9	
9	9	
2	7	

Stepup times between Families, where [f][f] represents initial setup time
On machine	1
9	12	12	9	9	15	15	14	7	5	4	2	19	5	14	7	2	1	5	9	7	15	17	2	4	14	7	9	15	7	17	17	17	5	5	14	18	8	17	14	
11	1	9	5	1	1	17	1	15	5	17	19	1	16	19	2	5	19	16	14	6	5	1	4	12	5	19	12	15	5	9	6	12	12	17	14	12	3	9	2	
10	15	19	6	7	6	15	2	15	13	16	14	3	13	14	13	13	5	3	18	12	14	19	4	13	15	4	5	17	12	1	6	20	2	6	9	9	13	5	15	
18	20	12	7	11	4	3	6	2	12	7	20	17	20	19	19	20	17	2	14	12	11	18	5	5	8	19	20	19	12	14	5	10	14	3	6	16	18	13	18	
5	7	6	6	6	11	2	15	11	4	12	6	5	13	18	4	12	17	1	19	16	20	17	16	15	12	2	3	18	2	19	16	7	13	9	8	6	10	20	7	
19	16	9	15	12	14	7	13	19	7	8	2	18	20	15	17	20	13	19	2	15	17	17	18	4	7	2	18	7	13	7	5	20	10	1	10	16	5	17	17	
12	7	8	13	3	9	14	2	10	18	16	20	1	18	12	15	20	4	12	20	7	5	9	16	5	6	13	12	7	10	2	1	4	11	6	12	8	15	12	13	
9	14	1	3	5	2	2	15	2	9	11	10	11	14	1	20	20	19	12	7	3	6	8	15	11	11	13	15	5	13	5	12	9	15	16	13	15	4	18	14	
7	14	12	5	2	4	4	9	15	14	2	5	9	17	7	1	13	3	10	7	17	11	15	1	10	1	7	8	15	9	17	4	16	10	14	3	6	6	4	11	
19	2	16	12	12	10	1	18	17	10	11	14	10	3	12	2	3	5	6	2	9	1	13	14	7	10	10	5	5	16	11	3	4	12	1	10	14	2	20	17	
17	16	18	13	6	6	3	5	6	15	15	10	8	11	9	10	4	5	6	12	16	7	9	19	6	3	1	2	1	1	8	4	19	14	19	17	2	7	5	5	
5	14	8	3	18	20	5	9	5	20	16	6	11	3	17	12	20	8	13	19	14	14	7	2	16	16	16	4	2	4	1	10	17	19	16	3	1	11	10	4	
4	18	20	17	18	3	19	15	3	7	16	19	9	5	15	15	7	9	19	4	14	13	15	4	13	17	12	5	14	13	19	17	2	4	12	15	1	19	19	6	
8	11	18	9	18	7	19	7	6	6	16	4	9	11	12	15	19	13	15	13	8	13	16	9	7	6	10	2	7	1	18	15	4	17	12	5	9	8	16	2	
11	2	9	15	8	10	2	11	5	18	13	3	1	20	2	1	19	7	9	9	1	11	3	16	6	12	8	19	13	15	8	16	16	18	20	3	3	13	19	12	
20	1	3	15	15	2	8	16	18	4	10	12	19	9	2	7	13	5	8	3	12	1	6	5	11	17	12	7	6	4	19	10	16	2	7	9	19	14	18	1	
19	8	20	19	1	20	8	15	8	11	8	17	12	17	19	9	20	20	2	19	9	5	5	1	9	8	15	13	17	20	13	10	7	4	7	10	3	15	3	15	
12	15	3	10	17	4	1	13	13	7	5	3	20	5	13	6	3	4	19	3	5	6	8	2	11	3	16	5	20	12	18	13	13	20	17	4	9	18	11	3	
9	13	5	11	10	15	3	3	13	9	14	12	11	1	19	13	20	18	9	16	2	12	18	20	7	11	18	20	19	18	5	16	3	11	2	19	12	13	16	9	
16	8	16	10	10	4	2	3	5	4	16	7	7	13	13	20	14	20	7	15	18	20	8	17	4	4	9	15	10	15	7	9	8	4	5	19	19	1	6	12	
1	14	17	6	12	11	10	5	13	6	11	3	19	2	15	4	4	9	9	8	8	10	8	5	5	10	14	1	6	4	2	16	3	4	7	5	16	14	6	19	
2	2	2	2	14	5	2	15	7	13	10	16	6	14	8	19	15	10	18	6	19	2	3	15	8	13	18	1	1	16	15	2	11	15	5	10	7	8	2	1	
8	9	13	4	15	10	2	10	1	3	5	8	18	15	20	1	16	6	14	4	1	12	8	2	9	14	15	1	1	8	18	1	12	16	9	13	12	3	10	5	
17	1	19	17	6	6	9	14	11	18	4	3	1	16	14	4	15	18	4	2	18	12	6	1	4	15	15	9	10	8	17	10	5	2	1	4	16	8	14	11	
12	2	3	19	9	1	11	6	3	12	5	12	4	18	14	4	10	10	9	10	14	14	5	8	6	7	19	12	17	12	20	6	17	5	19	18	5	6	14	9	
11	12	13	1	20	18	15	10	14	4	5	2	19	5	1	3	16	3	3	11	6	3	18	17	16	16	13	14	9	15	15	6	8	13	8	12	14	10	16	3	
14	6	2	7	4	8	10	15	14	16	15	20	14	8	16	10	14	7	8	18	12	6	19	15	2	8	18	9	17	3	2	3	12	15	13	4	20	15	18	12	
1	10	10	3	20	16	11	11	15	9	8	18	15	17	17	14	17	12	12	12	7	3	4	2	2	8	13	16	20	3	4	14	6	14	17	20	15	10	10	6	
2	14	13	5	2	8	1	10	8	2	1	5	10	10	6	4	14	13	10	1	4	20	16	1	7	8	6	19	20	4	9	1	1	16	8	1	13	4	4	18	
9	5	2	8	19	16	12	1	20	1	13	10	4	1	11	18	4	7	12	5	3	3	13	3	18	16	20	13	20	12	16	8	10	14	1	10	10	15	15	2	
6	12	17	15	11	15	20	19	7	11	8	8	20	9	17	3	6	9	14	13	6	10	20	11	16	16	8	13	2	14	2	1	18	19	6	12	3	13	16	13	
18	14	8	1	18	10	9	15	1	13	5	13	13	15	1	7	7	12	7	6	9	15	1	7	18	2	20	13	6	20	5	17	7	14	11	13	11	14	1	6	
18	20	9	9	15	17	5	4	18	14	5	2	9	7	9	13	20	16	12	11	9	20	17	17	4	11	13	2	9	3	14	8	7	7	6	2	5	4	15	6	
15	5	10	15	19	1	13	9	17	10	5	8	12	4	8	19	1	2	11	13	9	8	19	5	10	14	13	14	6	20	4	9	8	14	2	3	19	10	9	9	
16	15	7	9	10	12	4	13	12	6	8	3	19	19	1	17	16	4	13	18	4	15	19	1	6	20	18	16	13	1	14	20	7	20	19	2	17	14	3	5	
16	8	4	19	2	12	14	5	13	10	6	11	1	16	4	2	9	20	12	16	20	11	3	5	20	13	12	8	7	19	17	2	16	16	20	8	4	9	13	15	
17	11	17	19	3	5	19	17	5	17	19	13	10	19	8	6	12	1	3	13	17	18	4	16	5	9	19	12	19	11	7	4	16	4	5	20	15	19	13	16	
17	20	8	9	1	10	14	10	19	8	2	11	11	13	6	2	19	8	17	14	8	9	14	13	17	12	2	4	12	1	17	4	15	13	17	15	2	20	20	1	
9	16	7	4	13	4	10	6	6	20	14	6	19	12	9	8	1	8	17	13	1	19	7	18	9	3	13	3	13	20	2	11	2	2	5	6	10	16	9	15	
1	18	15	12	12	11	16	19	4	12	13	9	5	11	20	16	12	7	9	13	13	18	16	4	1	17	1	8	7	1	13	17	10	14	15	4	6	20	8	12	
On machine	2
6	15	6	6	1	7	11	20	4	8	8	13	4	4	7	16	7	14	18	2	13	14	17	12	19	19	7	2	15	19	16	5	19	17	5	3	10	19	20	4	
16	7	6	19	12	19	10	15	20	4	16	19	1	15	2	17	5	5	10	14	1	13	12	4	6	7	9	16	1	12	16	18	1	15	3	19	2	6	10	1	
16	1	4	1	2	2	2	6	11	9	20	16	5	18	4	3	4	1	18	5	17	5	6	13	4	5	16	13	14	11	9	15	15	9	12	3	11	8	12	20	
7	11	17	12	3	5	5	1	9	19	4	18	4	20	14	5	7	1	4	2	8	14	5	7	20	14	3	5	15	16	8	4	11	2	10	19	6	11	7	10	
5	3	20	11	20	14	4	10	18	14	20	8	7	12	6	2	17	5	10	16	3	16	7	8	9	3	14	11	16	15	16	18	8	12	17	16	3	5	5	20	
7	20	2	8	20	5	14	17	16	20	7	18	3	12	8	9	15	14	17	5	19	10	18	9	13	4	12	9	10	13	8	11	5	16	16	3	16	4	15	18	
2	3	9	16	3	5	11	20	6	9	4	2	20	16	8	11	10	20	12	19	12	14	6	19	7	6	6	15	8	18	9	3	18	10	12	6	15	7	5	12	
1	11	2	20	19	12	18	4	13	3	1	20	15	10	14	16	14	17	6	2	7	18	14	15	2	16	9	13	14	17	5	12	14	2	15	17	3	6	17	8	
19	1	19	5	1	20	12	6	6	10	14	15	12	9	4	1	16	1	19	7	1	16	3	2	15	19	8	20	2	7	4	7	15	12	19	19	20	2	12	17	
14	1	17	13	18	2	7	7	5	10	2	17	17	7	20	5	9	17	12	9	14	11	4	6	3	5	4	20	9	5	11	18	16	5	12	2	18	18	9	20	
17	15	3	8	11	3	15	13	16	9	7	7	16	13	19	7	17	19	10	6	3	16	12	7	14	18	10	9	8	17	16	12	4	15	17	7	14	15	4	2	
12	18	10	8	20	10	19	20	7	12	2	11	17	15	19	17	9	17	15	18	20	10	19	3	6	7	4	5	17	4	11	12	20	5	15	19	14	1	16	3	
19	16	18	5	6	16	5	9	13	14	16	9	10	2	19	13	14	14	5	4	19	18	9	7	14	1	17	12	17	3	12	6	5	4	1	7	19	17	13	10	
6	12	15	2	1	4	14	14	9	1	7	15	13	16	17	3	8	15	5	19	10	8	17	11	15	4	20	1	1	2	15	3	20	12	11	17	2	9	10	6	
7	15	14	14	11	7	16	16	15	19	17	8	6	3	19	12	15	3	5	3	17	12	12	18	18	17	5	10	5	4	11	5	16	1	11	5	5	14	16	2	
3	16	20	11	3	13	20	12	19	2	15	5	6	10	19	2	13	4	7	1	10	6	16	8	12	15	16	8	14	14	15	17	15	7	18	1	1	13	14	11	
5	4	3	7	18	14	20	19	5	5	16	3	9	14	5	9	14	20	12	19	8	14	1	18	17	7	12	4	6	12	4	4	2	10	12	9	15	17	7	8	
10	7	16	6	1	13	6	2	20	1	12	14	13	15	17	19	3	1	13	1	4	9	7	5	13	20	2	19	11	1	5	3	12	6	20	15	4	15	16	1	
8	5	2	9	14	1	15	14	2	12	18	17	12	9	6	9	20	1	1	17	19	10	17	3	2	19	3	19	4	11	2	12	7	9	13	12	7	11	11	1	
10	17	9	14	3	7	9	4	13	1	14	7	2	4	12	12	5	14	9	12	6	10	20	9	16	8	5	7	3	1	9	14	2	12	4	10	14	8	16	3	
13	10	8	14	18	13	13	19	18	10	19	16	1	11	15	6	5	3	15	3	8	17	10	8	8	16	2	19	12	16	20	12	4	13	11	8	5	20	12	14	
2	4	8	18	7	3	14	17	4	13	10	14	4	8	18	18	10	1	4	3	19	2	4	16	18	13	16	10	13	19	5	18	4	8	16	1	2	2	1	16	
2	15	2	14	20	5	3	2	13	4	1	13	1	19	17	7	6	7	6	17	3	10	17	15	19	13	4	11	16	3	8	10	11	5	4	1	8	2	7	19	
9	9	1	17	20	6	17	6	14	18	1	11	14	19	15	2	2	19	11	3	14	14	4	11	19	18	15	13	4	15	1	9	18	16	17	11	9	4	2	3	
4	16	18	18	9	3	7	1	10	19	13	1	11	16	16	11	10	7	7	20	3	13	14	16	19	19	16	11	15	12	4	4	9	5	4	9	15	5	10	14	
19	17	14	17	2	5	1	14	3	19	1	4	14	7	5	20	2	9	18	13	12	7	5	11	13	14	11	20	17	18	7	7	13	12	15	19	10	12	10	8	
3	3	16	16	2	11	18	9	13	4	19	13	6	5	15	6	11	3	12	2	16	17	18	2	3	13	7	19	5	18	15	9	18	15	20	12	20	18	5	11	
17	4	20	15	10	5	9	12	9	3	6	13	1	4	16	14	15	15	15	9	17	14	12	18	4	10	6	16	19	11	15	10	18	7	4	15	12	7	16	12	
9	7	17	12	15	19	4	14	7	3	5	5	6	1	2	5	9	12	16	8	18	15	11	11	19	18	20	13	20	1	15	8	8	6	13	7	4	3	18	20	
12	1	12	12	14	7	16	11	20	6	17	16	20	17	5	12	10	16	2	17	6	16	18	11	2	1	3	14	6	4	10	19	6	20	5	20	4	7	14	13	
18	16	18	20	14	19	14	7	13	14	8	8	9	7	14	17	15	4	2	5	19	1	1	19	20	4	10	6	7	1	1	13	7	13	9	12	12	13	17	10	
5	19	2	8	6	12	18	14	14	2	15	17	12	11	10	20	8	15	18	3	4	2	12	1	3	6	5	8	18	16	6	19	14	9	18	3	5	3	14	6	
16	3	8	4	20	1	14	6	16	2	1	1	11	18	3	3	18	18	14	13	4	20	18	20	8	12	10	19	2	1	6	5	18	4	7	19	9	4	4	17	
5	4	20	18	16	1	15	1	16	6	17	1	5	4	16	15	18	5	2	10	17	2	11	3	17	13	12	19	1	8	20	2	3	2	6	4	6	13	3	18	
12	10	5	13	6	9	4	11	17	4	16	19	17	13	20	9	20	13	2	6	2	4	18	15	14	19	7	1	15	17	11	13	11	5	14	10	4	10	15	11	
9	20	6	13	11	2	13	1	6	9	5	6	5	4	19	17	13	17	7	16	13	15	12	4	1	19	5	2	8	20	16	13	6	10	19	6	20	15	19	20	
10	5	17	1	17	14	2	5	6	16	19	9	5	7	5	18	14	18	9	11	1	6	3	20	12	17	16	1	9	18	5	19	13	12	6	17	17	19	7	9	
19	5	18	12	19	10	6	11	9	3	18	16	14	13	20	8	19	18	8	14	1	11	11	12	11	14	9	16	12	14	7	7	17	16	9	9	6	16	11	3	
20	1	1	16	14	17	12	17	14	20	7	1	15	19	14	1	8	8	2	12	7	12	9	9	7	12	19	12	12	20	13	6	5	14	17	17	6	9	6	7	
18	16	17	10	10	13	9	8	20	6	11	12	15	16	9	5	7	14	4	13	3	7	3	12	1	2	18	14	10	14	11	11	7	2	7	1	7	6	4	15	
