Factories	2
Families	20
Machines	2
SetupType	3

Number of Jobs in each Family
3	7	5	5	2	10	9	3	10	9	5	1	4	7	9	6	5	6	2	1	

Jobs in each Family
0	1	2	
3	4	5	6	7	8	9	
10	11	12	13	14	
15	16	17	18	19	
20	21	
22	23	24	25	26	27	28	29	30	31	
32	33	34	35	36	37	38	39	40	
41	42	43	
44	45	46	47	48	49	50	51	52	53	
54	55	56	57	58	59	60	61	62	
63	64	65	66	67	
68	
69	70	71	72	
73	74	75	76	77	78	79	
80	81	82	83	84	85	86	87	88	
89	90	91	92	93	94	
95	96	97	98	99	
100	101	102	103	104	105	
106	107	
108	

Total number of jobs
109

Processing times of jobs
6	2	
1	10	
1	6	
8	8	
4	7	
5	10	
1	10	
1	10	
3	5	
10	9	
7	6	
9	8	
9	6	
10	4	
5	4	
7	10	
8	2	
10	3	
4	1	
2	1	
4	2	
7	4	
2	6	
6	2	
10	2	
8	3	
3	8	
1	1	
1	8	
2	2	
9	10	
2	6	
4	9	
8	3	
1	8	
10	7	
8	6	
2	7	
2	2	
1	7	
1	6	
1	7	
6	10	
10	10	
9	4	
3	5	
1	5	
5	2	
2	8	
5	3	
6	4	
4	4	
10	5	
9	1	
5	2	
9	9	
8	7	
8	10	
6	1	
5	10	
1	3	
7	4	
2	2	
4	3	
5	4	
1	3	
7	5	
5	9	
4	10	
6	10	
1	2	
8	4	
8	4	
10	4	
1	6	
9	9	
7	6	
2	3	
10	3	
5	1	
5	4	
6	5	
7	2	
2	8	
6	9	
8	4	
3	1	
1	9	
9	7	
4	3	
6	4	
8	8	
8	8	
4	6	
3	7	
5	1	
8	9	
10	5	
6	10	
4	3	
7	10	
7	7	
8	8	
5	8	
7	5	
6	3	
8	4	
8	1	
2	9	

Stepup times between Families, where [f][f] represents initial setup time
On machine	1
89	43	43	57	99	48	41	96	21	79	25	60	23	24	76	18	17	89	14	99	
64	4	43	36	44	59	19	78	80	63	63	20	57	18	37	98	2	12	64	52	
39	43	89	15	91	47	69	60	4	27	17	59	22	65	82	85	83	31	73	41	
9	60	38	11	80	48	14	70	74	80	79	85	68	89	83	60	31	13	100	8	
55	63	87	54	50	90	78	47	40	48	40	2	62	71	10	54	44	45	39	7	
48	44	37	66	19	64	93	59	38	60	5	78	74	6	59	45	27	95	77	77	
3	42	59	4	97	12	61	2	76	12	45	59	50	76	11	71	89	44	75	67	
68	45	3	63	13	97	2	80	98	12	8	72	73	6	71	48	36	80	21	86	
49	95	71	6	75	33	57	86	81	9	23	32	38	9	40	63	1	74	56	34	
66	54	23	40	93	66	88	61	27	53	44	72	46	97	24	17	36	85	87	68	
11	67	32	91	95	70	42	49	77	11	29	36	27	83	94	56	51	84	22	60	
12	97	32	72	31	22	47	52	15	21	65	52	7	26	65	40	80	66	26	2	
57	78	1	9	77	76	45	9	80	14	93	17	97	86	45	35	76	43	57	94	
19	41	75	8	42	62	95	30	59	83	24	9	42	13	20	66	37	30	51	58	
27	18	52	95	14	50	61	53	2	94	34	84	16	66	88	84	99	15	58	38	
98	23	59	31	35	83	5	43	90	19	78	35	12	15	57	50	57	95	79	57	
36	76	34	21	71	26	93	1	7	90	97	96	20	1	72	71	56	55	77	31	
80	100	76	18	72	29	34	27	16	15	14	87	23	25	44	94	75	75	34	55	
72	57	22	63	46	16	24	38	37	31	60	51	80	50	46	21	18	12	80	30	
74	49	71	89	45	6	94	14	48	7	75	81	48	21	15	19	91	18	61	48	
On machine	2
87	10	18	42	57	56	79	32	74	51	94	18	76	21	74	48	36	17	10	86	
39	40	31	88	63	51	61	69	63	70	51	24	57	56	78	36	7	57	53	16	
76	32	78	8	97	67	66	27	72	24	93	70	23	1	40	59	91	81	80	77	
67	84	48	67	48	33	78	91	87	75	94	9	5	39	6	8	69	75	45	60	
71	89	79	17	72	69	88	87	86	45	96	62	33	56	90	12	35	37	20	53	
16	45	87	22	84	54	19	49	57	49	61	23	35	74	39	3	18	6	52	67	
80	10	37	1	59	30	7	40	6	28	77	90	38	87	100	7	86	94	29	87	
51	73	15	97	39	74	15	94	54	55	96	40	11	39	98	61	97	98	41	70	
25	3	61	67	97	33	21	58	21	39	52	4	5	47	99	42	72	80	53	79	
72	40	100	86	69	30	80	35	30	69	61	95	73	52	84	68	94	2	93	5	
88	69	40	33	99	23	53	85	33	54	34	41	18	37	99	56	53	14	87	39	
38	1	18	18	69	100	29	100	28	93	10	56	52	65	12	4	8	66	9	99	
34	19	42	14	74	2	14	78	72	51	91	44	25	99	18	12	49	40	49	31	
92	19	54	60	99	69	93	69	68	54	46	95	64	99	32	62	43	7	89	54	
13	69	68	14	28	88	87	93	90	26	68	87	37	45	26	36	20	27	79	4	
79	53	33	94	58	50	62	70	61	40	48	57	44	60	97	38	74	70	2	84	
83	16	42	77	47	15	14	49	23	45	66	40	34	41	94	88	60	60	58	82	
93	74	75	6	41	52	27	60	19	31	63	82	60	60	71	12	98	57	89	99	
57	33	22	33	88	80	37	44	62	81	85	97	26	91	70	23	29	33	79	15	
52	9	54	90	38	16	82	50	63	52	17	65	16	65	82	100	21	44	54	34	
