Factories	3
Families	60
Machines	4
SetupType	2

Number of Jobs in each Family
1	9	9	6	4	3	9	7	2	10	4	3	5	7	4	4	2	6	7	3	10	7	4	8	9	1	3	3	7	7	10	7	2	7	6	3	10	5	10	5	5	4	10	2	6	10	3	9	9	3	5	1	8	1	1	8	9	5	2	4	

Jobs in each Family
0	
1	2	3	4	5	6	7	8	9	
10	11	12	13	14	15	16	17	18	
19	20	21	22	23	24	
25	26	27	28	
29	30	31	
32	33	34	35	36	37	38	39	40	
41	42	43	44	45	46	47	
48	49	
50	51	52	53	54	55	56	57	58	59	
60	61	62	63	
64	65	66	
67	68	69	70	71	
72	73	74	75	76	77	78	
79	80	81	82	
83	84	85	86	
87	88	
89	90	91	92	93	94	
95	96	97	98	99	100	101	
102	103	104	
105	106	107	108	109	110	111	112	113	114	
115	116	117	118	119	120	121	
122	123	124	125	
126	127	128	129	130	131	132	133	
134	135	136	137	138	139	140	141	142	
143	
144	145	146	
147	148	149	
150	151	152	153	154	155	156	
157	158	159	160	161	162	163	
164	165	166	167	168	169	170	171	172	173	
174	175	176	177	178	179	180	
181	182	
183	184	185	186	187	188	189	
190	191	192	193	194	195	
196	197	198	
199	200	201	202	203	204	205	206	207	208	
209	210	211	212	213	
214	215	216	217	218	219	220	221	222	223	
224	225	226	227	228	
229	230	231	232	233	
234	235	236	237	
238	239	240	241	242	243	244	245	246	247	
248	249	
250	251	252	253	254	255	
256	257	258	259	260	261	262	263	264	265	
266	267	268	
269	270	271	272	273	274	275	276	277	
278	279	280	281	282	283	284	285	286	
287	288	289	
290	291	292	293	294	
295	
296	297	298	299	300	301	302	303	
304	
305	
306	307	308	309	310	311	312	313	
314	315	316	317	318	319	320	321	322	
323	324	325	326	327	
328	329	
330	331	332	333	

Total number of jobs
334

Processing times of jobs
1	3	5	3	
4	1	6	5	
2	8	3	2	
2	5	2	4	
1	3	5	8	
5	10	2	10	
7	10	5	5	
1	7	2	3	
1	5	7	7	
2	7	4	10	
1	1	8	5	
4	9	5	2	
4	5	2	8	
2	7	7	3	
2	3	3	3	
1	6	9	5	
6	1	7	4	
2	1	2	5	
2	4	4	2	
7	4	10	5	
8	6	3	10	
6	4	6	9	
3	1	5	1	
5	4	8	4	
5	7	8	5	
2	6	6	10	
7	5	9	7	
10	6	3	5	
2	8	1	10	
8	3	3	5	
7	5	9	3	
9	9	1	8	
2	9	3	7	
10	8	4	6	
3	3	9	3	
10	9	4	1	
1	1	9	5	
7	9	1	6	
6	8	6	4	
3	1	2	8	
2	1	3	1	
7	10	7	2	
7	3	7	2	
3	5	7	9	
1	2	5	2	
5	6	1	8	
2	6	4	5	
9	2	2	1	
3	4	3	7	
1	5	5	1	
9	1	6	1	
4	6	1	1	
7	7	7	8	
5	9	6	2	
9	7	7	4	
4	1	9	5	
8	10	8	10	
2	1	6	6	
3	6	10	7	
6	1	6	10	
4	7	3	4	
2	3	4	2	
8	8	8	6	
3	3	1	3	
2	2	4	6	
9	10	8	8	
4	4	1	9	
3	3	2	5	
2	3	9	5	
8	8	3	9	
7	9	5	5	
7	4	5	3	
7	10	5	2	
1	4	9	8	
3	9	3	2	
8	4	5	5	
10	5	6	2	
2	4	5	3	
8	9	4	10	
10	3	5	8	
8	1	10	2	
2	1	2	9	
1	9	6	7	
1	1	7	9	
8	8	2	9	
9	10	2	5	
2	5	8	1	
1	2	6	4	
6	3	3	7	
2	4	2	9	
3	4	9	7	
1	8	9	9	
1	9	5	5	
1	4	6	4	
8	9	8	3	
6	7	4	8	
8	10	2	4	
8	4	10	3	
3	2	1	9	
1	7	8	3	
4	1	5	9	
3	5	7	10	
2	7	8	7	
8	6	3	7	
6	3	10	1	
6	7	8	4	
5	5	2	3	
5	6	5	8	
7	5	1	10	
8	9	5	4	
8	8	6	4	
2	5	8	8	
10	6	1	1	
8	6	6	5	
2	7	4	8	
6	6	4	10	
4	1	4	7	
10	9	6	6	
9	2	2	3	
4	6	5	2	
7	4	9	10	
4	3	7	3	
9	2	3	9	
10	9	3	8	
10	2	4	5	
7	1	9	1	
3	4	10	4	
7	8	3	7	
8	5	1	1	
5	2	7	1	
5	1	2	1	
8	2	5	1	
3	6	9	1	
8	1	9	3	
8	4	8	6	
3	5	6	2	
9	10	4	10	
5	9	4	4	
8	6	10	5	
1	10	2	8	
3	5	5	8	
8	1	9	5	
10	1	8	3	
7	10	2	9	
7	7	2	6	
9	2	3	3	
8	9	9	8	
5	9	4	2	
6	9	10	3	
10	10	1	8	
2	1	7	4	
2	2	10	2	
1	8	9	10	
10	10	10	2	
9	2	1	7	
5	10	6	1	
5	10	5	8	
4	8	1	5	
5	2	4	5	
2	3	4	6	
5	9	9	4	
9	1	4	2	
9	7	10	4	
4	4	8	8	
3	2	1	4	
10	2	10	5	
7	1	6	9	
10	9	2	4	
6	4	4	4	
8	8	5	1	
4	8	3	2	
4	2	6	5	
8	3	4	2	
6	5	5	10	
6	10	7	9	
7	5	6	3	
9	8	1	1	
10	6	1	9	
9	3	5	5	
4	9	1	7	
10	9	4	3	
3	5	9	7	
6	10	4	7	
7	6	1	8	
8	1	5	1	
4	7	3	5	
3	7	9	2	
9	9	8	6	
3	1	2	6	
5	10	8	2	
10	5	9	6	
1	6	8	9	
8	3	10	1	
10	1	3	4	
5	10	9	3	
5	3	9	9	
9	9	4	8	
2	10	8	4	
6	8	2	4	
6	8	3	6	
3	5	4	6	
10	4	7	4	
1	2	5	2	
3	5	2	1	
2	3	4	10	
10	5	1	7	
4	5	4	6	
8	10	8	8	
6	9	10	9	
1	8	10	8	
6	5	3	1	
2	7	7	5	
6	9	1	6	
8	1	7	6	
9	8	5	4	
1	2	4	7	
8	2	8	5	
4	10	9	4	
10	3	5	9	
2	9	3	4	
3	1	5	1	
8	10	2	6	
2	1	1	1	
6	2	7	2	
5	9	2	5	
3	8	1	1	
5	2	8	8	
5	7	2	2	
3	7	5	9	
10	9	10	1	
9	10	8	2	
6	2	1	10	
4	6	9	4	
1	3	2	5	
9	8	4	4	
10	5	2	4	
2	5	9	8	
6	6	7	10	
5	4	1	2	
4	4	5	7	
7	4	7	9	
3	3	8	5	
7	1	1	1	
4	9	8	7	
6	6	1	5	
9	1	5	3	
10	6	3	6	
8	6	1	3	
9	3	5	4	
4	3	7	4	
1	8	1	8	
8	5	6	6	
7	9	6	5	
8	2	7	5	
7	8	6	2	
9	1	9	9	
5	6	9	2	
10	7	7	10	
5	3	9	6	
6	8	1	10	
6	10	8	10	
2	3	4	2	
9	1	2	7	
8	9	10	3	
6	7	7	5	
3	9	5	1	
6	7	4	8	
4	2	1	6	
10	2	6	6	
3	10	1	1	
6	7	9	5	
5	5	8	8	
2	1	8	9	
8	8	1	6	
1	7	10	1	
8	4	4	1	
8	1	4	4	
9	7	8	3	
7	6	4	10	
7	8	5	1	
1	5	2	10	
8	10	1	3	
4	7	5	5	
4	9	7	10	
2	7	10	4	
5	9	5	1	
7	10	6	1	
4	2	2	8	
1	8	7	2	
4	8	7	5	
10	7	5	4	
10	9	6	8	
4	6	9	9	
6	8	9	2	
10	1	9	7	
1	5	4	5	
8	1	2	10	
6	5	6	7	
4	4	3	7	
6	4	2	5	
3	3	1	8	
4	1	9	2	
1	8	7	5	
9	4	1	2	
2	4	9	7	
2	1	10	6	
10	2	5	10	
2	5	1	10	
10	8	2	6	
8	5	8	10	
3	3	2	4	
2	4	1	9	
4	10	6	6	
6	5	5	3	
1	8	1	6	
10	5	1	8	
8	4	8	6	
3	6	2	2	
8	5	6	2	
8	3	3	1	
7	7	2	9	
2	10	1	1	
1	2	2	10	
9	4	5	4	
9	10	8	3	
7	6	3	9	
1	7	6	9	
10	4	3	8	
2	8	3	3	
8	7	4	9	
1	5	5	3	
8	3	7	3	
3	2	1	8	
1	5	3	1	

Stepup times between Families, where [f][f] represents initial setup time
On machine	1
2	47	45	16	9	27	9	47	43	41	32	49	34	31	11	8	22	17	10	36	42	46	31	30	34	26	45	43	28	27	30	19	16	10	7	25	44	6	9	48	38	9	1	8	18	10	31	50	8	26	7	22	41	49	4	28	24	6	10	19	
24	27	48	40	36	9	50	27	30	15	34	27	48	1	10	3	50	43	29	12	26	2	33	41	17	32	6	19	39	12	36	4	26	21	17	24	42	23	35	15	43	32	15	41	26	9	30	35	25	16	25	49	28	27	16	30	29	13	1	20	
21	18	50	48	9	5	17	8	27	35	8	8	5	33	30	47	7	28	39	17	4	31	23	50	47	16	2	37	44	8	16	35	40	38	13	38	13	18	14	24	25	27	19	29	17	10	27	37	32	34	50	35	20	1	32	32	26	49	45	32	
13	4	24	14	32	11	7	41	38	37	9	23	23	10	21	28	6	4	28	45	41	36	47	12	21	31	48	4	18	37	48	26	40	29	7	10	6	13	18	43	13	35	5	35	10	14	20	28	47	37	20	46	50	8	14	1	1	46	1	45	
21	27	2	38	16	48	45	36	21	34	14	38	43	33	13	25	10	15	43	9	4	32	45	8	24	23	42	23	29	13	44	26	31	27	37	9	36	10	42	26	24	46	20	13	13	35	9	4	38	39	20	27	9	10	15	16	16	36	25	11	
22	10	45	28	36	13	47	38	46	41	18	42	29	21	50	46	19	15	7	35	5	30	13	39	2	41	29	37	46	18	39	2	5	31	13	3	2	11	20	1	49	37	29	33	26	45	46	34	3	5	26	27	18	10	45	18	49	11	5	40	
43	4	49	41	50	23	26	42	25	29	21	43	27	24	25	41	18	22	29	3	33	26	17	10	25	37	2	5	2	5	30	4	31	50	27	50	7	42	14	32	11	4	12	3	26	30	1	29	18	20	50	1	39	26	23	21	40	2	42	35	
48	20	45	46	47	37	9	38	38	14	26	30	26	42	1	42	35	10	40	5	16	8	17	18	47	41	36	20	4	21	12	12	26	26	29	11	2	33	2	21	13	13	16	35	34	30	49	46	38	40	15	15	1	48	38	48	27	15	2	44	
32	35	8	20	15	20	28	47	42	19	20	8	2	11	40	35	26	22	24	45	27	40	32	45	18	42	10	28	25	16	39	5	24	45	48	15	27	48	42	13	50	29	8	49	33	14	41	11	21	19	29	3	30	50	34	5	11	2	33	3	
37	39	31	32	3	3	21	22	31	40	25	38	27	27	18	50	46	44	16	49	15	23	1	10	28	7	19	32	33	44	25	9	17	46	36	36	38	25	14	49	25	24	1	11	48	21	20	39	9	36	46	44	35	33	35	35	4	32	19	15	
1	26	26	1	45	46	28	31	43	27	43	4	22	44	46	13	33	44	23	5	19	42	1	16	14	13	41	30	44	6	39	7	41	14	25	31	33	17	35	38	27	25	16	5	7	10	6	27	50	20	17	24	35	30	1	38	2	30	17	28	
7	34	49	46	24	13	4	5	36	36	25	19	45	50	3	42	34	30	14	50	26	9	35	16	24	34	24	11	26	46	17	30	2	14	11	13	17	19	9	20	39	25	15	45	11	30	6	34	28	28	21	13	16	22	9	40	36	18	28	24	
22	24	27	31	7	10	35	45	14	37	43	31	2	26	42	44	1	11	47	19	29	13	19	11	20	31	25	46	45	30	48	44	7	24	23	34	25	39	4	39	40	43	7	48	32	43	15	33	22	35	22	44	6	21	30	24	1	7	22	7	
40	2	34	41	40	42	13	46	20	13	5	12	25	42	45	26	30	33	12	21	37	48	23	46	4	40	17	25	32	43	10	4	18	10	6	42	43	34	47	50	3	10	40	10	20	4	1	5	44	30	13	5	45	42	18	19	47	24	30	29	
13	8	17	27	24	36	22	2	1	10	9	37	29	42	3	14	10	36	36	37	11	5	35	28	47	5	7	1	20	25	35	21	25	3	42	3	28	21	9	14	9	44	2	38	46	19	4	32	1	20	4	29	19	9	17	36	29	29	47	50	
2	11	3	14	9	50	5	34	46	9	49	45	21	42	47	25	49	50	40	31	4	27	23	32	49	42	32	32	35	20	29	32	37	34	28	10	15	50	8	33	42	24	22	36	22	25	25	25	27	10	49	31	29	41	32	29	8	6	6	28	
8	49	15	6	26	23	34	49	10	1	28	50	34	6	17	20	43	47	12	41	12	39	31	13	27	11	9	5	50	29	1	27	47	34	3	36	36	46	4	2	16	19	8	8	44	47	23	18	24	12	10	16	36	26	27	14	13	33	50	28	
40	27	19	21	50	47	26	9	23	47	4	39	8	20	48	24	48	34	34	43	31	38	20	1	20	27	32	28	29	43	36	24	5	46	10	45	24	38	38	5	43	8	37	27	45	34	30	37	20	20	28	19	15	25	32	38	33	28	10	6	
48	33	37	30	29	16	34	22	22	7	33	30	45	23	11	3	25	23	26	44	30	27	38	37	33	41	4	24	38	49	9	22	17	17	8	20	33	12	13	50	24	4	1	23	40	20	50	46	33	31	40	14	5	22	16	16	38	50	15	31	
42	26	32	45	28	6	43	9	23	12	9	34	41	11	7	21	15	7	37	27	35	38	18	10	24	7	34	31	10	34	14	24	31	7	37	47	22	43	50	6	24	42	6	38	8	7	50	34	37	44	2	5	10	34	8	18	2	14	33	35	
27	40	35	23	19	29	16	25	32	20	30	24	19	26	5	13	41	40	36	40	34	21	48	32	29	46	41	11	5	27	9	47	9	12	16	21	49	38	13	50	50	12	1	16	2	36	27	7	32	3	35	32	44	13	15	31	9	30	2	24	
9	10	10	18	23	47	17	5	40	31	45	17	34	9	17	12	14	46	47	17	4	42	7	40	6	22	27	2	12	28	32	46	1	25	21	33	27	20	12	49	8	7	47	13	19	1	17	47	21	42	9	36	40	50	15	17	27	6	13	36	
12	42	25	10	30	36	28	41	45	25	18	18	12	42	23	31	32	24	46	13	4	49	45	31	33	36	24	24	1	49	39	45	43	28	7	3	39	38	22	44	41	2	50	20	41	50	33	38	32	50	20	45	38	47	20	7	40	38	20	48	
29	5	5	16	17	38	11	20	32	7	49	33	14	10	30	20	27	39	21	8	2	15	37	1	24	7	39	12	45	33	7	48	24	40	17	28	26	10	22	32	27	2	3	27	2	36	30	6	49	19	18	22	24	38	17	44	24	30	27	1	
8	7	29	23	28	40	46	49	39	11	29	32	18	34	37	1	3	20	11	21	26	49	41	3	20	35	34	49	32	48	26	16	38	32	29	16	43	36	7	4	3	23	40	4	43	23	1	36	17	49	19	38	28	1	12	48	47	21	47	10	
36	9	32	12	36	31	7	39	36	44	12	45	11	46	15	23	4	45	5	6	17	43	4	30	50	30	19	10	50	15	3	30	14	27	45	47	30	2	27	49	33	42	29	11	47	44	20	4	47	21	6	6	4	36	1	32	30	28	10	48	
5	11	34	37	44	50	35	22	15	33	46	6	50	46	10	34	11	31	21	2	26	20	34	40	43	30	16	19	39	46	27	17	1	7	26	16	47	39	24	12	24	4	20	18	25	48	12	35	48	3	24	16	13	48	39	3	40	9	9	24	
20	20	39	7	1	15	1	43	6	4	4	31	39	3	26	22	31	10	28	27	9	6	17	50	19	38	4	29	17	3	39	17	17	21	15	33	17	29	16	49	48	39	21	50	1	7	30	43	42	42	38	29	45	14	26	45	21	26	20	45	
5	11	8	13	49	47	29	20	20	26	2	41	11	35	7	31	15	16	12	17	7	34	42	2	16	23	1	39	18	28	11	34	13	29	49	31	28	15	39	49	8	48	21	34	12	3	47	13	13	7	27	46	5	46	42	14	13	8	6	41	
28	26	39	35	13	20	16	16	31	25	40	39	14	19	11	47	29	46	28	6	3	10	47	35	41	1	9	22	33	41	13	1	7	50	3	29	36	29	35	3	43	40	32	37	5	30	24	44	4	37	9	27	42	20	15	48	49	3	5	42	
40	48	8	24	12	50	3	40	9	48	17	49	32	40	17	46	19	21	1	26	19	32	18	35	11	29	45	40	9	40	4	32	7	29	2	27	22	3	9	27	4	37	8	23	23	21	16	7	49	12	22	19	5	35	35	45	23	11	33	38	
13	48	7	35	2	28	22	13	31	3	15	27	6	38	25	31	3	27	5	39	38	7	13	24	18	30	27	14	33	26	50	27	43	15	15	8	19	9	20	29	30	13	44	1	42	25	24	2	6	18	11	50	2	9	11	33	10	4	33	24	
23	31	34	18	49	23	16	11	19	12	12	45	32	40	46	15	2	37	43	26	27	20	16	19	23	2	34	25	48	21	26	10	41	12	27	26	21	24	18	46	20	20	21	18	16	26	37	45	3	45	9	15	19	25	36	21	43	38	7	41	
3	1	14	34	26	8	38	42	11	33	30	24	18	17	37	2	4	29	20	21	8	37	20	36	18	6	42	1	29	16	21	27	47	22	27	17	31	40	18	16	3	14	2	26	39	33	22	37	32	5	34	1	25	16	6	36	35	3	10	46	
47	18	7	33	13	18	35	33	32	44	18	35	20	33	32	44	4	34	24	22	43	26	41	48	38	50	4	12	11	4	32	17	21	26	15	42	42	18	20	17	8	20	8	43	1	17	42	41	26	18	26	14	46	45	33	14	12	7	4	41	
12	45	37	49	42	50	43	34	4	31	24	42	26	18	42	14	29	31	37	8	50	47	49	24	8	49	47	12	4	37	14	19	36	46	27	34	39	4	3	20	33	21	37	6	34	24	20	38	12	32	12	20	12	15	17	25	43	8	31	42	
3	23	13	4	24	43	20	21	40	17	31	15	6	47	21	32	7	49	34	35	40	47	45	2	46	34	8	27	8	5	11	14	4	27	33	8	11	2	7	32	31	46	43	10	12	17	28	48	16	8	19	28	14	36	2	10	13	12	50	48	
8	40	24	46	1	14	41	2	30	41	29	34	33	19	33	50	2	23	23	9	9	15	45	2	43	39	19	46	34	26	42	32	37	29	20	8	32	12	43	47	3	41	50	47	37	43	6	42	35	5	45	9	47	31	18	10	1	13	19	35	
25	14	8	10	7	4	11	33	30	18	45	8	2	50	50	49	2	8	15	29	3	1	1	13	50	18	48	36	23	28	44	27	1	18	32	42	5	9	14	42	20	22	10	16	43	13	33	42	43	4	34	30	40	2	21	32	19	34	12	15	
20	41	38	43	33	8	9	6	44	27	19	30	8	4	36	17	50	13	19	37	6	17	41	41	41	8	19	15	29	37	12	26	50	39	50	32	5	40	50	44	20	50	31	35	13	19	21	19	47	7	50	34	31	37	31	9	49	6	10	17	
40	21	32	20	32	23	16	45	32	16	5	31	4	21	46	16	10	40	2	19	16	40	40	8	21	32	24	43	15	49	49	3	49	40	9	24	29	42	37	47	21	24	42	3	11	3	26	24	23	11	4	5	33	4	16	22	7	3	40	6	
19	35	43	27	2	35	36	37	15	50	8	37	6	45	50	25	4	18	38	48	20	33	37	38	38	8	15	34	12	2	48	41	19	31	20	50	40	8	9	2	29	28	4	42	20	15	3	27	3	40	4	23	14	44	47	23	32	23	6	22	
4	44	46	23	20	38	22	42	32	14	24	49	50	42	7	46	37	48	29	34	28	9	12	37	46	14	16	1	42	43	31	7	35	12	10	7	21	17	21	29	6	22	16	49	4	19	49	4	44	26	42	47	24	49	37	35	17	13	48	7	
43	35	16	16	45	18	41	39	11	13	33	26	21	16	23	49	45	41	20	16	38	13	27	3	30	11	27	7	24	39	46	17	3	5	24	1	20	28	7	34	48	26	16	26	46	48	19	18	24	21	22	20	15	37	3	33	15	49	14	12	
27	44	5	26	50	39	22	20	12	18	47	19	29	47	26	11	27	49	13	1	32	50	3	12	26	44	28	8	9	32	49	2	26	26	37	8	27	39	14	40	29	18	3	43	49	20	27	33	9	18	21	47	44	40	23	26	39	12	46	39	
21	44	5	4	6	33	22	44	3	6	38	17	43	37	21	13	46	37	1	7	11	35	23	17	39	14	15	9	31	15	19	10	35	36	24	33	40	45	11	20	41	4	38	32	38	17	14	40	4	6	33	19	15	31	42	40	15	14	30	42	
25	14	48	32	18	22	50	46	1	25	12	13	33	34	42	40	7	50	2	33	18	33	10	48	48	16	32	43	44	12	28	2	4	13	19	20	9	18	32	24	3	33	47	8	49	44	15	34	25	42	5	33	27	40	41	43	46	18	37	36	
9	1	13	5	28	6	36	15	48	21	38	23	8	47	27	48	7	13	26	35	41	49	46	11	18	33	36	13	12	15	36	42	41	29	16	6	23	43	28	48	32	9	38	38	6	41	34	16	30	1	31	21	17	9	5	11	18	16	11	23	
37	13	10	38	46	22	19	2	38	50	4	40	37	43	40	19	25	43	50	36	42	6	38	23	27	10	44	14	1	24	15	48	11	4	29	27	27	10	6	14	22	27	16	38	22	18	3	30	49	24	46	19	5	21	7	31	8	36	14	13	
37	41	19	33	37	44	49	34	13	33	30	19	30	10	30	43	32	10	27	2	13	23	13	24	17	19	3	30	21	25	50	5	39	3	14	2	23	8	26	10	30	4	17	36	16	36	1	50	13	42	10	30	6	32	28	42	33	28	46	26	
27	25	44	13	50	40	26	46	30	14	23	46	47	25	45	8	43	35	5	27	40	7	5	8	37	36	50	11	3	3	36	28	42	21	38	32	6	2	17	37	39	1	38	38	44	41	11	3	20	41	36	47	10	44	19	44	32	21	34	27	
21	34	32	9	16	9	45	1	4	37	21	17	16	4	5	27	34	34	31	42	33	2	42	27	3	40	46	19	8	5	13	2	13	41	11	13	9	7	31	28	38	23	42	35	18	23	11	40	34	35	8	42	48	48	6	38	28	1	14	35	
13	24	42	14	12	14	37	41	5	39	48	16	13	23	18	50	48	26	32	48	12	20	18	40	8	41	17	27	34	28	38	5	39	10	32	44	31	37	26	35	22	23	2	39	10	49	7	9	36	13	25	12	43	17	17	15	16	43	13	50	
3	43	38	11	6	13	43	14	44	46	31	10	19	34	16	15	25	25	21	1	25	16	39	15	18	3	38	20	7	16	40	32	42	44	4	49	45	29	25	37	40	25	24	42	37	47	5	31	11	44	44	40	18	14	41	16	17	18	29	50	
39	50	26	9	19	30	41	32	14	23	46	2	12	6	15	10	23	8	16	4	37	14	27	43	13	37	49	46	20	39	26	21	36	40	38	42	35	6	31	19	19	39	9	16	4	23	34	35	5	38	32	20	12	43	41	41	21	15	38	48	
33	36	34	42	32	24	13	29	45	29	36	8	25	6	23	34	3	23	44	12	6	13	10	23	28	35	43	31	31	6	49	16	24	18	12	45	22	44	5	27	23	34	41	17	43	17	50	47	7	34	16	28	44	5	7	18	19	45	13	42	
23	22	30	21	21	3	6	3	28	2	26	1	32	31	18	13	11	17	2	22	11	4	4	8	50	18	48	29	48	11	47	37	43	3	11	10	50	29	46	46	34	22	2	6	50	50	22	12	30	43	31	30	50	25	50	37	43	6	32	7	
22	33	28	7	32	25	29	16	27	14	18	11	4	6	35	37	16	34	17	9	43	39	6	4	42	27	48	39	45	5	43	11	9	32	12	49	37	28	20	16	18	28	28	27	47	6	22	48	27	25	15	37	42	28	3	32	30	17	29	13	
19	34	33	4	24	24	39	34	22	16	46	28	29	36	29	12	15	7	6	48	13	49	15	21	10	11	12	43	5	36	10	46	5	9	43	43	26	9	50	40	10	12	32	6	14	20	36	41	2	9	43	21	29	12	39	10	25	46	48	38	
15	26	31	3	24	31	49	39	17	17	26	2	20	18	27	1	5	13	29	16	4	12	11	27	10	22	43	10	14	2	10	44	40	24	30	37	7	15	13	29	46	48	35	15	49	21	33	33	9	45	40	8	22	44	23	45	16	49	34	16	
On machine	2
10	13	18	46	3	38	19	7	12	23	18	27	6	29	11	26	3	22	20	17	17	13	7	35	39	5	49	2	40	15	28	32	45	13	42	34	21	2	44	18	28	21	18	30	33	39	12	46	18	38	12	36	24	27	37	50	29	41	41	40	
33	5	39	39	10	4	9	7	27	20	38	42	18	4	48	14	46	8	44	20	43	50	37	3	26	31	5	48	1	12	40	49	39	7	18	35	23	16	49	3	26	44	20	30	12	13	4	30	36	11	4	21	19	42	22	35	11	3	9	34	
16	28	40	22	3	35	6	47	19	48	42	21	20	42	46	38	13	46	28	2	9	22	7	47	1	27	4	25	46	34	13	1	20	17	21	28	9	9	45	8	21	46	8	29	25	31	28	32	20	26	37	24	31	35	23	31	3	1	1	3	
42	14	5	49	36	22	48	13	38	43	43	25	20	5	48	22	32	23	25	13	13	45	15	2	1	20	20	20	2	9	3	26	21	16	6	3	14	29	24	20	33	35	3	29	26	38	41	35	44	35	5	14	30	9	31	49	4	3	43	13	
3	45	36	8	2	15	42	29	31	50	23	12	48	31	39	8	5	37	11	44	11	14	34	17	40	24	47	33	45	37	34	37	20	4	29	20	30	27	23	35	46	35	37	16	48	29	7	7	11	12	8	48	8	2	19	32	36	46	35	13	
32	24	41	39	1	42	31	6	29	28	50	14	41	42	12	7	9	21	47	12	8	5	14	3	8	15	36	46	11	27	46	6	45	35	31	12	17	2	45	19	2	48	38	23	15	22	12	29	36	38	4	19	26	22	50	8	41	9	26	13	
50	5	12	36	32	39	44	15	17	6	24	2	10	9	29	21	23	44	22	16	14	34	24	41	23	20	40	49	38	14	7	34	15	46	5	21	26	18	32	7	32	25	45	21	47	10	27	13	19	12	15	49	35	23	41	23	31	3	26	7	
2	1	27	30	30	3	29	45	49	5	42	14	34	33	3	33	32	48	27	39	33	23	49	42	6	23	40	45	30	42	39	17	1	44	43	46	18	40	27	8	41	49	35	5	25	33	43	2	46	25	11	49	40	43	18	22	28	12	46	47	
27	25	44	4	13	50	27	5	40	24	30	45	30	31	45	23	3	25	20	35	31	2	13	3	12	38	19	38	45	27	35	24	25	19	45	5	45	41	39	50	6	36	36	49	13	30	8	17	22	31	2	12	26	43	1	46	27	20	38	43	
16	3	35	50	36	24	28	25	17	20	26	48	39	36	15	7	42	8	48	14	38	47	47	32	45	42	48	50	15	37	43	20	26	12	29	48	21	9	22	31	39	39	40	26	18	24	5	11	49	44	5	43	49	9	48	10	16	27	49	29	
11	15	9	38	3	7	37	40	47	36	5	45	3	3	31	50	21	25	15	8	12	12	42	43	27	14	5	11	11	24	1	1	49	34	14	10	39	4	13	50	48	6	41	12	12	26	22	25	21	15	24	39	20	6	40	28	28	41	14	44	
29	26	49	26	40	17	3	36	37	3	16	45	49	47	48	21	30	9	40	33	15	37	28	17	24	32	3	33	17	22	14	9	48	39	18	41	23	24	10	25	12	2	24	48	2	24	15	15	50	50	49	12	49	33	31	49	33	16	33	3	
5	18	11	43	24	2	9	36	46	46	19	12	23	1	35	25	26	27	33	13	41	32	11	7	13	42	19	11	39	28	23	21	45	23	46	12	10	24	33	26	24	6	39	36	23	30	34	44	14	22	29	24	1	33	48	37	42	4	17	6	
26	40	49	48	21	13	17	3	49	5	1	50	46	24	28	44	44	17	7	4	36	13	34	29	7	15	12	28	45	41	35	44	39	40	29	15	25	14	4	44	17	1	11	39	28	24	48	9	28	7	13	39	11	44	49	4	48	24	45	31	
17	39	37	25	21	29	42	27	16	16	12	4	15	30	49	30	35	23	14	26	50	44	30	44	32	5	11	12	38	36	11	20	4	35	8	40	22	43	30	17	27	28	27	42	24	12	2	2	24	42	12	48	25	37	20	34	41	36	25	23	
24	25	5	11	9	13	31	20	7	16	29	38	19	20	25	8	18	12	11	40	29	47	46	37	29	11	50	20	21	24	2	19	25	35	46	41	19	6	50	4	35	12	34	18	16	29	17	43	50	11	37	35	1	23	41	6	3	40	24	47	
33	25	6	15	43	23	21	25	6	32	23	7	8	15	8	10	36	28	35	27	34	27	44	39	29	2	43	1	14	14	48	24	37	41	37	24	41	27	4	48	15	24	30	45	25	21	19	23	43	33	29	33	49	5	14	25	33	48	29	18	
40	22	47	30	1	6	44	13	8	1	21	23	8	26	1	32	11	28	1	40	11	32	38	25	46	25	37	7	13	43	5	30	24	15	37	1	38	40	36	39	12	1	3	34	38	4	40	17	38	47	44	4	8	23	17	4	41	33	1	41	
28	47	5	36	31	17	46	16	7	23	22	50	49	13	49	21	4	3	21	12	39	38	40	10	2	22	46	47	11	37	18	22	15	6	20	4	9	11	29	10	27	7	44	20	44	3	14	19	14	32	50	12	41	45	18	49	13	46	19	7	
13	33	30	37	25	48	44	29	16	15	41	24	30	4	36	45	16	25	1	34	42	3	41	10	32	9	43	33	49	40	38	41	11	12	6	30	50	48	6	45	39	45	6	9	42	13	34	26	14	9	39	47	39	25	40	35	28	40	17	31	
41	34	23	47	19	46	47	33	30	32	24	15	23	1	4	22	35	44	42	12	26	24	5	13	31	4	32	42	10	44	44	22	48	41	10	50	41	44	45	23	15	7	48	35	47	31	49	26	6	42	50	16	26	30	32	25	40	32	22	9	
49	9	15	23	43	3	13	46	30	45	4	16	33	12	3	14	30	13	7	27	33	20	20	35	28	43	39	4	18	15	18	23	32	24	44	25	22	16	42	39	46	1	23	49	42	37	31	33	20	46	34	20	38	16	31	17	8	41	46	28	
26	23	46	24	17	25	25	11	33	18	47	24	13	16	48	37	10	36	28	45	11	6	22	41	37	26	18	32	20	36	47	10	25	26	21	49	16	32	43	38	15	37	46	4	2	10	49	1	15	28	25	15	8	20	29	50	27	21	37	33	
16	20	34	26	27	12	25	4	13	46	20	19	49	29	28	36	41	19	29	36	15	14	24	45	10	49	5	14	12	8	40	38	20	19	40	43	18	15	48	4	4	17	12	9	34	15	34	39	41	5	14	25	14	48	31	28	45	49	30	10	
28	25	8	42	24	26	49	49	4	20	25	4	17	47	12	20	6	49	26	19	17	40	46	47	22	13	19	46	20	14	25	18	19	43	17	34	27	46	15	21	37	9	20	18	20	14	31	35	3	2	2	8	39	1	40	34	19	39	50	29	
36	28	47	42	28	48	37	3	8	3	11	50	50	45	11	33	43	2	7	33	5	45	45	27	12	36	30	25	22	10	39	4	19	35	40	31	22	8	33	36	40	2	14	43	50	13	29	7	48	40	4	13	34	42	45	24	43	9	19	37	
48	38	35	14	28	20	14	23	32	9	31	25	25	29	6	21	42	24	12	9	23	37	50	16	46	47	24	34	29	14	15	39	37	3	45	3	48	2	20	27	34	15	21	31	25	4	17	26	7	39	47	17	32	7	49	39	3	25	26	50	
14	29	42	46	14	49	23	9	25	19	10	11	12	44	50	30	49	13	36	21	9	22	28	28	3	9	50	39	13	23	16	23	20	12	47	43	42	20	48	27	1	36	6	3	49	43	14	33	32	23	17	33	14	30	13	15	7	19	48	30	
32	23	25	30	48	23	14	7	33	11	47	43	29	21	31	34	38	24	16	46	39	32	6	23	26	6	21	9	13	43	15	11	7	4	41	3	25	21	11	39	8	28	40	48	38	22	17	45	49	16	12	44	42	7	29	48	22	42	34	31	
47	39	3	45	31	10	20	47	40	42	11	32	19	12	43	8	41	21	26	34	33	34	8	46	49	45	17	35	25	27	24	43	36	13	5	33	11	21	4	42	11	27	5	50	27	36	15	33	37	48	43	5	47	50	49	29	8	10	9	3	
18	19	48	48	43	38	15	18	27	27	6	44	34	15	39	32	39	6	14	34	44	50	22	21	33	26	15	24	26	13	41	13	29	22	1	20	50	46	47	13	25	22	9	28	35	22	11	9	21	10	2	2	22	19	4	34	6	2	7	7	
42	17	23	32	34	4	14	44	14	10	2	45	28	14	31	17	44	38	39	18	6	1	44	47	42	34	35	21	27	4	29	5	23	31	31	16	18	38	18	46	21	47	50	39	1	25	44	35	13	12	29	38	33	46	25	5	37	4	9	33	
20	37	3	43	12	12	46	32	44	40	18	21	18	41	31	38	9	27	6	14	47	27	2	5	36	15	20	5	1	37	43	27	4	38	8	14	17	22	3	35	3	11	5	44	46	9	22	34	22	43	47	29	35	35	5	8	15	7	15	31	
25	25	9	20	22	29	22	4	36	32	24	4	31	34	2	26	25	48	36	30	44	25	28	45	24	15	18	49	11	4	24	22	8	4	45	49	16	29	27	25	47	16	15	10	26	7	24	4	22	23	41	3	39	43	2	18	22	31	9	3	
43	38	45	47	46	16	44	11	4	8	44	9	42	28	20	12	32	45	21	6	44	29	3	18	45	13	7	9	34	45	12	16	12	23	12	25	14	48	4	46	3	32	29	14	6	38	35	47	17	45	11	33	45	30	48	50	34	5	17	22	
8	21	2	27	25	5	45	5	45	36	21	11	50	17	6	23	18	50	43	41	33	34	16	44	44	35	32	30	2	49	41	33	39	35	22	49	38	44	18	22	19	13	32	27	36	48	38	24	50	16	31	41	20	7	11	38	31	6	2	31	
9	29	27	46	48	29	2	1	33	36	39	41	44	17	24	35	22	3	5	46	42	36	5	3	18	26	41	4	15	49	23	33	41	40	41	15	3	47	42	44	37	6	26	10	25	45	43	36	36	13	44	12	6	26	41	29	11	14	22	39	
27	40	47	37	47	14	38	9	47	28	26	46	23	12	8	8	7	15	29	19	14	8	9	13	17	19	16	34	42	13	20	16	31	3	28	22	22	43	4	16	2	46	25	46	41	11	22	32	1	7	18	15	23	15	8	2	29	11	34	19	
36	47	9	12	30	42	25	37	17	41	18	1	23	40	19	28	36	28	25	41	44	36	8	30	8	44	34	22	24	17	25	34	24	4	27	30	28	13	48	27	18	32	26	33	1	47	50	49	31	17	9	48	16	44	37	9	37	23	19	6	
45	50	46	3	4	40	19	14	4	2	13	21	33	8	24	42	46	21	33	5	44	32	20	24	11	46	29	20	31	23	30	41	47	50	23	31	14	7	50	45	31	30	1	12	5	29	1	12	11	14	19	49	6	10	39	34	2	18	46	41	
17	37	37	12	28	49	15	40	27	11	2	48	30	13	2	45	15	15	9	37	39	27	32	44	40	20	17	30	38	3	34	39	49	21	14	5	33	38	22	27	18	50	29	6	29	37	4	25	44	8	26	15	24	27	44	42	14	12	13	37	
29	7	27	23	47	14	20	15	18	6	10	16	15	45	20	24	20	32	18	14	47	11	11	5	21	46	32	34	45	5	46	41	50	24	10	22	22	34	3	13	18	11	50	5	19	42	3	47	43	16	23	13	42	10	29	39	7	1	28	20	
38	47	49	49	16	43	40	29	17	21	43	6	8	28	50	10	13	41	38	46	24	33	21	33	9	26	49	4	10	4	16	41	33	18	1	27	7	33	11	22	17	7	46	31	14	9	20	29	21	6	28	15	11	33	12	5	41	26	41	12	
18	33	32	13	24	16	35	14	46	50	19	21	17	10	31	44	5	26	39	11	48	1	39	39	5	25	38	6	23	11	45	19	12	36	49	5	26	21	22	7	36	49	11	6	43	48	9	10	8	49	9	15	27	4	44	43	41	39	39	33	
17	46	7	14	3	5	26	32	6	9	36	44	5	12	25	24	15	35	8	1	16	10	48	42	32	25	19	42	12	17	10	25	1	13	37	38	14	34	46	29	49	10	5	18	45	40	15	40	48	21	10	32	15	47	11	14	4	43	8	27	
4	16	18	28	12	9	20	43	43	47	4	23	31	33	25	15	27	3	22	49	17	16	50	23	33	25	44	28	26	15	26	43	22	30	31	27	48	31	44	15	3	3	7	16	8	34	45	10	30	31	10	10	11	3	16	17	49	8	22	41	
40	33	9	15	6	49	19	35	35	39	47	25	47	24	6	49	32	22	35	37	31	22	41	21	28	22	32	33	14	11	46	44	23	36	42	18	50	27	25	17	11	30	7	39	47	15	12	19	11	20	1	3	33	7	18	18	28	21	25	31	
44	33	19	10	21	32	3	39	38	19	43	2	27	44	15	42	46	15	4	1	5	16	34	23	18	46	45	14	3	40	11	8	48	32	11	15	33	25	48	6	13	45	37	35	44	43	9	13	34	44	30	7	48	16	31	16	46	37	45	47	
47	37	6	22	33	22	47	24	14	1	12	16	19	41	40	25	32	32	37	39	16	20	40	27	34	23	42	13	6	5	14	8	10	21	29	20	45	11	6	11	18	15	25	46	6	28	8	1	27	35	40	43	37	46	7	37	23	36	49	18	
31	10	46	16	47	29	5	8	49	45	18	27	8	15	43	9	39	18	13	2	7	7	7	10	21	19	5	5	17	43	9	22	47	28	44	28	9	19	12	47	46	29	1	44	6	38	22	44	9	33	32	6	47	2	20	15	38	41	10	8	
28	25	14	28	45	47	26	43	7	42	10	24	6	3	10	23	19	49	3	48	4	49	10	48	13	43	7	6	37	27	21	12	34	50	24	43	42	25	34	16	33	36	17	30	41	9	33	35	42	14	1	8	37	34	33	5	1	14	3	18	
11	5	37	8	4	14	21	31	34	50	7	12	24	35	19	18	6	32	50	26	1	13	30	34	37	33	17	42	6	49	46	1	29	23	12	10	35	49	36	50	10	44	11	17	40	9	37	27	4	44	38	45	35	8	12	27	22	39	38	2	
11	32	10	23	26	9	21	42	5	33	10	46	38	42	28	24	25	38	48	8	32	17	32	50	7	15	33	45	24	18	20	48	30	47	23	11	8	39	5	45	19	44	15	23	1	46	9	4	33	6	46	31	45	15	37	26	29	6	18	40	
8	9	24	3	39	25	12	50	17	41	27	28	24	10	45	10	4	24	41	48	11	11	47	11	31	25	39	47	40	47	30	15	25	22	33	47	9	29	14	48	2	23	5	13	16	24	30	23	35	10	20	39	33	16	35	17	20	45	14	8	
21	43	17	21	46	15	49	31	22	39	47	3	24	9	4	36	32	44	17	23	39	36	22	34	7	49	33	26	21	25	10	32	34	36	31	10	28	12	26	34	20	50	1	24	24	40	34	6	8	9	14	42	45	32	29	14	46	6	30	41	
37	14	23	12	17	50	42	10	47	17	5	41	43	40	2	39	50	2	35	21	21	30	7	6	21	12	25	35	45	29	22	5	32	38	8	19	25	41	41	24	3	37	32	25	22	1	11	3	50	19	20	4	44	7	39	42	18	6	30	6	
26	28	23	15	3	11	35	12	33	47	40	46	43	6	37	37	20	43	45	43	48	9	35	2	45	48	37	43	9	24	36	49	38	45	15	13	1	45	12	42	34	20	1	43	8	13	37	16	5	40	24	12	44	42	50	18	5	4	3	35	
36	29	37	41	44	4	37	46	10	50	35	17	45	16	7	4	15	41	36	25	34	49	18	21	20	18	36	15	47	44	21	20	30	11	47	48	16	44	44	18	25	35	1	34	46	33	47	44	46	40	8	37	48	6	37	49	2	39	1	44	
7	4	28	11	37	30	14	12	39	36	49	27	17	39	44	50	29	42	27	4	43	43	46	46	5	18	22	9	6	20	37	30	15	17	18	8	28	8	27	13	39	18	11	4	36	6	18	10	13	39	39	29	10	17	11	21	40	24	43	11	
16	25	27	9	14	31	49	34	36	37	7	44	13	43	49	14	29	39	14	19	13	10	28	4	9	25	23	37	15	38	30	46	41	20	37	20	7	12	5	24	9	4	16	15	24	29	32	4	19	12	23	20	21	47	14	27	34	28	50	11	
On machine	3
23	32	6	9	2	15	38	26	43	22	1	31	38	12	14	46	6	44	47	33	40	43	31	48	42	18	45	29	8	24	48	2	49	20	29	3	14	40	2	18	31	41	8	2	21	33	2	3	16	38	37	1	4	38	32	45	41	33	13	20	
12	6	7	7	41	38	6	39	3	5	39	39	7	31	18	10	7	34	14	15	6	43	16	44	38	29	15	28	10	20	23	49	39	34	26	15	24	32	37	50	41	4	46	28	23	18	23	14	21	35	40	10	9	24	30	46	9	18	2	20	
40	22	41	6	29	16	50	40	18	16	4	13	47	11	39	44	22	15	5	18	31	50	21	40	18	43	33	6	49	37	3	50	27	15	29	5	32	12	1	49	6	5	10	9	30	16	4	20	25	42	9	45	20	45	35	43	36	47	10	21	
33	21	30	7	38	38	5	50	9	26	31	37	13	7	29	45	46	12	28	17	2	27	26	30	11	20	48	32	11	29	20	42	48	32	14	4	6	19	7	38	1	32	33	23	13	20	20	1	16	19	38	17	46	40	11	30	10	19	27	47	
7	1	25	28	43	34	26	42	3	11	28	35	43	34	33	32	3	34	45	48	15	41	12	23	46	5	37	42	47	6	26	33	26	21	5	11	42	21	2	14	6	18	25	2	28	20	31	45	12	43	2	15	1	48	16	2	22	42	37	21	
18	44	18	28	20	47	44	49	19	39	2	5	6	31	15	40	50	9	24	35	28	37	46	17	29	44	50	5	3	39	40	30	10	23	17	5	49	37	11	39	6	14	38	39	21	48	46	39	9	1	4	35	38	6	13	35	26	27	20	29	
46	13	15	5	39	38	17	1	5	32	32	19	29	6	37	47	49	6	24	47	20	48	7	30	49	41	29	32	34	19	33	41	21	31	1	5	49	32	3	5	36	16	15	18	46	38	20	2	48	5	18	3	42	32	10	16	39	26	37	1	
24	15	32	36	7	13	40	14	13	25	11	34	6	31	7	5	40	35	41	33	19	46	26	22	9	19	12	46	23	16	4	40	43	13	15	44	15	40	42	9	16	43	47	43	6	42	39	39	6	37	6	11	44	27	24	38	6	37	45	29	
33	48	15	2	17	13	50	42	29	26	21	22	18	7	36	29	5	21	17	5	33	15	27	45	49	28	45	11	40	20	43	30	42	6	37	2	50	9	7	9	49	35	12	22	29	4	44	46	49	1	43	29	25	39	32	40	5	29	25	12	
33	43	32	42	5	24	15	41	43	29	25	34	34	13	34	44	48	4	35	5	47	17	12	6	42	27	22	18	11	42	3	49	17	2	36	28	50	1	40	14	19	3	47	12	39	38	13	38	41	26	10	41	18	15	36	10	27	17	48	12	
25	30	21	35	3	23	16	29	4	50	25	38	3	37	3	48	47	21	43	35	28	38	42	45	12	44	45	4	49	10	20	14	21	16	7	13	14	47	37	7	4	5	39	6	10	25	43	17	50	20	50	33	1	38	23	18	20	34	9	42	
21	2	10	3	32	12	10	12	49	34	37	13	32	11	18	15	2	23	19	5	6	28	21	27	19	44	15	17	46	48	47	19	3	12	49	1	20	41	46	5	37	40	2	44	46	46	16	6	19	8	20	19	15	20	23	17	29	36	32	23	
25	28	2	2	47	35	37	20	21	27	39	34	32	3	23	49	3	20	45	43	44	30	4	7	37	50	30	26	31	28	8	24	30	38	34	16	21	19	22	28	5	44	44	4	38	12	28	37	20	43	16	13	40	30	17	44	30	26	34	3	
25	32	31	47	19	34	25	12	15	10	47	20	1	44	22	23	34	3	33	41	6	25	29	11	31	29	6	26	12	16	31	33	23	27	43	14	9	44	7	14	19	34	34	12	47	15	5	43	11	46	19	50	16	40	34	4	20	44	8	6	
11	42	3	49	10	5	20	16	27	38	19	1	31	37	28	27	16	27	43	35	3	10	26	45	36	44	6	21	36	8	25	29	3	23	17	35	22	10	26	23	13	8	17	28	29	9	11	16	1	15	4	17	41	27	24	13	28	25	50	9	
19	9	1	33	23	24	46	34	33	16	27	8	2	43	43	8	19	42	49	49	13	29	14	11	18	31	10	34	31	40	14	45	9	26	27	23	20	31	48	15	36	31	44	4	21	11	28	25	19	45	31	24	18	36	30	45	20	36	45	41	
30	7	10	25	35	41	35	35	49	27	17	1	14	11	16	33	14	34	37	25	37	4	15	10	16	17	33	24	44	8	13	13	5	12	39	4	7	1	27	42	50	42	18	9	11	46	37	24	29	12	24	6	35	43	25	36	17	4	39	6	
35	8	32	31	31	41	41	13	11	4	21	42	36	38	1	28	17	21	17	47	35	31	11	28	28	48	26	2	5	25	32	28	45	31	44	4	11	44	38	37	47	43	40	40	33	31	38	37	37	23	25	49	35	5	24	4	29	39	2	32	
16	26	36	32	9	23	21	11	7	35	41	37	26	47	12	15	15	47	18	41	17	4	45	30	4	20	7	42	30	16	21	13	42	3	42	33	20	43	44	27	30	14	14	46	2	40	49	20	12	31	1	17	11	33	31	33	18	36	24	37	
33	17	24	31	35	31	11	22	14	17	44	48	1	46	39	41	8	33	17	50	19	7	1	19	9	10	10	7	23	4	13	10	20	38	3	19	17	4	43	44	45	1	25	9	32	25	37	3	7	30	18	21	8	20	17	20	40	15	28	26	
7	50	44	36	14	14	19	48	11	44	6	38	6	21	21	37	19	31	46	7	38	42	43	24	13	25	36	4	31	48	29	3	1	3	9	38	21	39	6	27	44	8	36	34	38	47	43	1	49	39	43	47	1	21	49	41	45	28	30	13	
2	21	2	28	49	6	50	21	3	12	14	29	31	20	40	49	8	20	35	8	5	45	26	30	42	6	15	32	29	21	43	26	1	49	15	46	39	35	15	2	23	30	34	30	50	20	32	25	12	40	11	43	16	7	7	49	19	2	39	6	
13	20	19	48	6	6	9	9	39	16	40	6	2	17	40	45	9	24	40	15	24	44	4	43	35	31	23	5	16	42	39	4	30	49	5	43	4	39	12	44	26	22	26	13	4	3	7	48	29	37	31	9	48	35	2	23	32	26	46	43	
49	43	2	33	19	25	41	29	29	7	4	2	42	8	32	26	8	45	5	40	19	45	25	38	29	29	45	4	17	28	2	31	24	9	38	32	50	15	27	17	7	50	20	40	35	14	33	9	18	3	30	25	42	12	45	41	9	7	10	32	
31	28	16	38	27	3	23	25	19	21	24	41	29	10	28	43	19	27	43	48	3	30	5	50	12	25	2	48	26	6	10	24	43	28	6	16	8	41	38	46	35	42	10	8	29	41	34	12	17	49	44	2	8	20	4	18	31	46	43	12	
42	19	27	7	31	29	22	2	24	36	33	21	3	24	30	19	2	35	49	48	34	50	21	6	39	26	3	7	25	9	30	43	20	41	49	14	22	18	49	10	48	2	45	43	20	49	4	11	37	11	35	19	31	46	16	50	31	36	15	34	
44	22	17	26	14	22	48	20	17	11	14	41	11	16	48	36	29	45	2	15	6	23	24	36	32	21	35	15	49	18	7	25	8	19	28	37	36	21	48	6	30	24	43	8	23	22	50	48	18	26	47	34	2	36	3	20	27	41	9	25	
30	24	34	47	24	9	37	25	2	46	28	27	20	6	16	42	22	31	32	13	19	17	33	15	34	6	41	26	11	19	17	43	30	22	32	38	49	33	22	47	13	25	21	13	24	21	35	4	43	17	26	8	27	44	21	24	23	30	34	23	
29	37	13	5	43	29	45	47	14	21	15	32	22	30	47	1	42	28	34	10	47	37	19	1	47	32	33	22	15	8	40	50	17	4	1	24	32	43	21	29	49	28	33	35	22	3	6	33	14	11	35	31	6	49	49	1	29	24	33	24	
2	38	9	24	42	19	39	49	14	27	38	27	43	28	31	19	3	48	11	29	15	29	34	31	21	42	24	38	36	24	46	21	5	17	25	29	13	6	3	24	39	14	1	12	12	27	35	1	1	39	4	12	26	6	24	49	5	18	7	21	
41	22	14	44	7	5	8	14	2	25	26	48	32	46	30	43	21	31	3	43	45	44	15	33	10	20	6	11	32	49	12	11	44	4	33	14	17	17	50	29	44	50	39	27	16	3	19	21	41	24	32	26	8	16	29	14	36	28	47	38	
37	19	9	47	8	24	34	28	23	43	27	19	16	23	16	42	39	28	10	36	42	12	8	11	10	7	18	19	40	2	21	37	17	32	33	6	42	19	5	38	9	30	21	18	40	15	45	33	46	12	18	21	3	12	17	9	14	17	20	3	
34	49	33	28	30	19	28	7	14	4	30	37	3	16	48	49	37	16	35	9	26	33	45	47	16	24	30	11	45	12	28	10	25	7	31	32	45	14	36	43	23	15	4	43	9	27	11	13	16	29	34	9	29	46	27	45	18	47	43	30	
25	42	7	9	30	29	45	13	29	30	4	14	24	17	3	31	13	34	49	32	3	24	8	40	33	23	23	34	6	16	34	1	33	1	23	11	29	33	26	46	38	49	2	9	7	40	24	17	9	10	24	35	32	36	40	21	13	2	24	25	
40	41	2	4	46	39	44	47	15	5	28	25	28	34	29	44	2	32	3	23	21	43	46	42	18	33	24	43	20	5	12	3	39	22	49	6	2	33	44	26	23	45	27	21	48	29	47	41	20	23	26	43	19	2	48	14	36	47	32	37	
17	34	3	28	36	19	30	14	18	27	31	45	33	3	13	9	41	12	44	11	14	7	18	36	48	23	50	5	39	29	11	43	11	25	50	13	41	28	7	11	19	31	50	11	6	26	19	26	30	10	3	25	1	11	21	44	33	39	6	22	
8	41	25	24	20	44	43	34	27	24	38	6	27	2	18	20	9	29	44	45	46	45	22	43	7	45	48	17	43	34	26	50	19	48	9	33	44	9	24	5	9	33	6	26	10	2	3	7	26	8	40	16	3	44	19	31	6	50	33	34	
26	41	3	27	10	29	19	31	40	50	5	11	15	13	29	28	47	35	7	16	18	24	49	44	21	13	35	32	32	17	46	43	40	25	2	33	46	10	11	37	13	50	35	1	17	4	11	23	11	23	41	33	19	21	13	27	21	7	11	46	
11	20	42	1	8	46	43	43	38	20	30	42	43	37	17	9	18	46	9	30	1	39	49	15	34	43	27	2	46	48	44	44	17	47	15	41	11	37	12	17	24	34	24	31	25	9	37	11	13	11	18	9	31	17	45	29	20	16	6	33	
4	38	11	39	20	50	9	33	42	24	33	8	23	11	8	26	30	8	23	24	25	17	19	43	43	47	12	31	1	12	5	17	14	13	19	4	14	3	39	37	37	36	49	25	10	6	40	40	22	28	1	8	5	18	12	23	23	28	6	33	
28	8	25	35	39	25	19	32	41	23	9	28	32	29	25	5	9	45	38	29	30	30	2	8	35	32	31	48	47	44	13	42	11	38	45	19	21	7	36	8	2	9	37	28	39	15	45	19	6	47	49	39	27	19	11	15	5	27	2	39	
45	45	14	36	9	43	8	24	31	40	49	9	30	31	2	40	10	32	27	2	28	50	19	21	29	37	33	8	36	36	1	25	19	11	37	32	23	9	11	34	47	42	20	19	32	20	27	21	15	38	13	41	34	24	12	20	49	7	39	8	
23	7	7	29	15	42	47	7	49	23	39	36	48	26	17	43	10	8	32	22	50	3	10	33	43	21	49	35	7	1	8	42	28	20	20	25	29	33	50	12	28	1	30	44	3	36	10	14	33	23	47	30	37	49	34	18	34	7	36	41	
10	21	3	11	22	23	8	50	47	45	50	4	47	45	8	9	28	18	38	35	39	47	28	8	12	29	31	35	31	2	15	4	1	3	7	40	18	28	43	44	17	40	38	14	2	4	50	26	50	34	12	37	4	8	13	45	4	45	20	41	
6	50	13	13	38	17	7	47	10	44	50	9	19	29	28	47	20	41	36	30	8	8	44	39	24	49	15	2	22	15	24	41	8	3	14	29	22	31	41	3	5	16	42	48	22	36	17	1	38	22	32	28	34	17	2	2	28	28	27	31	
19	37	35	4	10	5	1	6	37	44	21	24	34	20	50	44	47	1	43	27	20	10	43	4	24	1	20	25	4	38	3	39	41	29	15	19	35	5	46	42	6	36	38	46	9	47	41	35	50	34	24	35	43	33	23	47	18	33	37	36	
2	22	43	44	48	21	28	17	47	9	7	50	18	6	46	16	18	35	38	13	10	3	19	31	29	1	33	35	32	2	29	48	35	16	4	22	11	27	8	3	8	49	13	27	20	19	11	19	48	26	14	35	24	1	24	34	27	24	1	26	
47	46	24	33	26	28	28	33	45	9	25	39	40	31	42	3	20	35	4	15	10	8	46	41	8	44	1	31	32	44	27	29	34	19	37	41	25	44	29	35	27	45	39	44	25	15	30	2	26	16	19	21	11	15	31	30	49	3	35	8	
48	3	46	47	46	37	19	7	13	18	2	39	27	48	26	46	43	8	12	5	36	22	47	27	4	3	37	13	35	46	48	15	28	7	46	37	32	22	26	44	31	1	34	14	29	22	50	29	15	13	29	16	42	29	24	1	33	7	18	37	
47	8	10	39	16	45	19	4	32	5	48	36	47	12	16	5	29	31	27	16	44	40	25	48	4	44	12	28	40	41	27	39	42	19	50	42	19	21	10	18	48	1	13	42	41	1	18	12	31	11	28	40	7	6	30	4	3	41	36	7	
30	40	28	50	6	15	48	7	22	38	35	43	14	44	50	12	6	1	38	44	3	4	24	41	30	15	42	9	18	27	36	39	50	21	31	41	40	5	3	31	5	17	42	4	3	31	28	5	13	42	22	32	7	15	27	30	48	3	31	32	
22	6	4	39	24	44	3	38	35	22	1	27	43	40	36	13	4	40	50	33	43	4	38	15	49	29	15	45	41	20	2	29	35	49	37	21	43	9	46	26	11	10	48	4	21	11	42	5	50	15	21	37	5	35	40	40	49	4	21	47	
33	48	48	33	33	8	19	13	36	27	47	47	3	48	19	27	19	8	38	41	49	2	37	10	21	11	18	13	20	21	29	40	30	5	15	48	11	20	36	12	13	41	18	33	35	10	44	17	48	17	34	22	41	27	42	23	39	45	14	8	
19	50	47	13	45	5	49	7	36	17	43	44	47	47	35	25	50	40	36	6	11	17	2	39	9	33	2	21	20	43	12	14	33	23	49	19	36	27	21	44	23	50	18	38	38	2	31	36	45	12	17	43	38	20	6	10	30	40	5	20	
21	32	42	21	10	6	28	28	9	33	1	38	30	49	22	33	13	14	6	20	32	16	39	26	26	6	6	22	46	41	38	11	8	21	24	46	40	31	17	6	29	35	45	8	11	15	21	6	45	23	31	7	2	8	27	37	41	33	10	24	
6	9	26	44	42	30	14	14	14	10	50	42	7	9	34	27	14	8	33	44	2	37	16	48	21	42	43	19	6	31	30	1	7	30	48	25	48	33	21	4	27	39	49	14	49	17	48	30	49	26	31	41	29	24	35	3	20	6	33	21	
10	22	18	49	22	24	20	17	42	50	24	39	8	49	38	25	20	13	35	7	4	11	39	12	35	24	19	23	6	19	16	49	27	50	22	40	35	9	10	25	39	1	23	14	11	12	10	16	49	41	18	21	29	25	50	31	2	37	38	30	
16	31	12	15	8	19	15	12	12	23	37	42	28	39	18	15	18	41	12	42	24	6	18	11	50	42	48	49	28	17	26	26	44	44	43	44	31	19	40	33	44	13	29	21	29	32	30	37	27	11	28	24	49	45	32	6	7	6	15	20	
39	15	39	47	34	40	22	28	5	5	25	10	34	28	44	22	7	43	37	28	22	10	44	29	19	30	35	6	33	6	24	23	4	29	22	5	6	35	9	20	45	47	34	26	29	36	45	43	50	10	31	16	41	14	34	12	40	48	30	41	
9	48	31	29	19	6	36	23	24	25	5	47	34	47	34	37	5	32	36	27	17	10	26	30	30	44	5	38	32	33	2	11	6	36	12	33	28	47	49	10	30	8	30	24	10	39	13	18	17	28	50	20	1	25	7	29	25	1	41	25	
On machine	4
9	19	22	38	10	8	48	36	2	46	11	34	31	45	38	26	45	25	13	9	45	20	47	11	16	19	29	8	16	9	20	2	44	40	17	5	50	18	38	46	21	1	12	4	24	46	24	34	34	3	26	36	20	20	35	13	31	35	46	38	
46	1	29	22	9	44	49	36	48	32	37	46	50	3	27	18	4	22	48	39	22	39	33	35	27	34	27	28	28	49	38	13	24	45	23	8	17	30	16	42	12	18	49	25	38	48	33	18	9	31	25	35	10	46	49	10	2	25	5	32	
2	40	17	17	21	25	12	11	13	26	20	46	18	10	50	32	5	9	32	34	24	16	43	41	16	38	14	16	20	47	6	28	26	14	16	46	15	5	22	38	16	13	48	39	45	41	38	22	12	30	22	18	41	16	20	35	31	24	14	37	
39	23	36	8	15	14	21	47	34	1	21	20	8	18	25	24	43	39	9	38	48	16	41	19	2	19	15	37	10	2	11	24	10	46	35	35	15	44	22	28	49	27	7	44	1	1	29	26	12	19	1	1	30	41	30	37	25	14	6	2	
3	13	48	28	28	32	34	50	34	12	44	37	39	27	50	7	17	22	6	46	13	12	18	2	38	25	19	30	23	37	9	49	4	32	10	29	35	21	29	49	22	36	32	28	35	48	28	45	20	5	42	39	15	9	32	28	10	38	2	36	
34	8	37	50	38	17	31	47	48	29	40	38	25	38	20	14	21	14	49	1	8	42	40	5	2	3	41	1	1	19	30	26	46	46	48	33	18	25	49	22	14	10	20	27	1	37	24	47	31	5	45	42	20	4	6	13	19	6	9	36	
40	50	6	33	40	1	30	39	24	44	42	38	9	30	45	50	35	49	17	4	29	41	14	41	23	31	32	25	36	25	20	40	34	48	4	26	41	21	44	12	49	30	2	4	2	39	7	18	26	7	25	21	1	34	27	17	30	9	17	29	
6	15	28	8	3	15	34	40	49	38	2	3	42	36	42	16	42	50	39	31	47	29	24	21	15	4	23	42	13	23	26	32	22	36	6	45	29	32	42	25	33	18	3	5	16	30	17	47	35	11	39	28	20	12	12	3	18	41	14	9	
11	11	45	21	10	39	31	26	22	45	42	7	34	40	37	3	47	48	13	9	5	36	28	25	7	4	40	6	33	48	42	24	18	22	46	2	3	14	35	4	16	36	4	23	22	31	6	20	19	22	20	40	1	1	32	44	23	49	29	27	
27	44	26	48	13	25	22	40	14	45	48	39	29	16	36	15	31	19	3	21	48	20	31	47	48	34	39	28	17	10	35	3	14	17	18	17	27	50	33	7	18	18	9	44	21	46	42	48	6	49	8	45	42	39	46	35	19	29	32	34	
42	47	36	47	37	32	4	38	12	44	47	18	33	36	8	45	12	36	38	13	50	29	34	38	21	27	29	10	30	10	27	36	7	19	28	9	47	25	12	14	25	21	14	43	23	11	19	6	20	11	36	5	14	15	3	35	18	45	33	4	
25	36	42	36	2	34	42	48	42	26	35	14	22	46	5	7	49	10	4	12	22	47	5	31	11	33	49	16	26	25	32	42	14	11	50	9	25	19	2	31	30	17	6	39	18	9	29	15	30	15	30	44	27	16	16	17	29	3	33	13	
16	24	17	36	26	26	42	37	23	26	28	15	34	28	41	43	24	8	12	41	46	7	14	22	32	8	11	34	2	48	31	19	4	22	4	7	27	2	15	9	3	15	29	15	17	6	12	37	28	33	20	18	10	44	46	36	33	45	14	24	
11	4	43	1	50	41	5	34	7	41	14	6	31	2	16	18	39	11	11	42	13	42	1	18	25	8	50	39	6	45	42	4	31	8	48	29	13	7	25	18	17	47	28	15	22	11	25	37	7	36	45	17	8	43	28	6	23	8	38	5	
18	48	11	32	45	26	6	19	40	43	50	36	20	19	8	47	14	9	20	25	36	26	15	13	19	26	23	6	15	1	41	47	50	18	9	39	1	45	3	42	46	5	6	37	26	26	47	37	48	14	8	25	21	21	19	5	15	28	12	43	
42	31	8	23	42	10	5	14	25	29	16	26	19	30	4	46	37	16	6	12	31	25	49	39	50	45	43	24	7	37	42	4	2	37	30	29	15	36	47	5	5	26	27	38	45	5	43	11	2	4	47	6	45	26	17	24	7	38	29	43	
1	23	30	34	25	25	28	1	50	29	29	11	1	19	33	41	20	50	8	3	28	4	6	24	5	16	30	13	23	6	34	9	19	38	28	14	34	17	13	49	6	40	16	46	27	17	22	32	18	49	17	18	38	28	35	31	12	5	19	43	
37	18	6	26	6	48	6	37	46	33	48	10	1	28	44	45	18	20	48	4	43	18	12	10	31	22	41	16	9	25	39	31	18	28	9	37	21	37	27	36	44	27	34	41	5	6	2	48	43	19	6	2	27	41	5	38	49	30	17	42	
48	5	48	45	10	19	30	45	1	21	17	31	15	15	22	9	25	36	50	22	43	8	6	3	8	17	40	5	30	44	43	10	47	3	22	12	8	47	38	9	24	30	42	19	47	1	4	38	50	27	30	24	6	47	13	15	26	41	36	19	
27	40	1	49	1	12	9	2	29	9	47	44	38	13	4	5	20	15	38	23	15	38	27	33	2	8	47	11	12	11	29	10	15	25	11	26	47	42	38	42	5	19	47	25	11	30	40	30	11	8	1	37	28	45	7	22	8	33	44	15	
11	22	41	19	3	23	44	32	35	50	16	14	10	29	6	15	25	26	7	33	5	26	47	41	14	21	8	19	13	44	31	33	42	34	16	28	21	37	12	33	46	26	32	41	1	50	22	37	24	46	2	21	34	16	6	6	39	4	3	7	
36	29	18	2	23	7	47	38	3	8	21	2	17	24	25	22	7	10	1	2	16	14	36	27	9	41	35	6	18	32	21	16	40	24	3	41	12	15	38	30	37	4	8	36	34	48	44	10	40	38	17	46	29	22	12	7	17	45	10	26	
4	43	27	43	13	50	17	4	2	18	35	21	41	45	38	38	28	20	38	2	37	46	14	30	47	45	33	26	6	38	41	6	3	8	18	16	43	23	36	23	42	22	49	22	29	32	17	3	4	41	6	36	15	41	6	21	6	4	38	38	
7	29	43	13	26	41	33	46	11	29	12	35	27	16	49	30	44	14	35	50	48	45	21	1	34	33	9	10	24	5	4	41	23	25	49	35	47	13	11	42	24	48	6	20	47	36	19	40	23	9	38	22	9	15	41	1	19	30	26	30	
49	19	11	16	22	2	15	17	39	23	45	32	36	48	34	11	4	21	3	30	43	30	38	19	27	1	28	12	35	34	14	35	2	32	25	28	33	31	31	14	13	17	48	34	12	41	41	19	28	6	38	5	18	25	19	30	41	36	11	29	
44	39	17	22	22	12	15	6	10	18	39	38	29	12	36	45	11	9	35	43	9	41	42	14	33	40	19	4	14	14	44	27	23	12	45	29	36	27	38	13	26	49	4	4	42	3	11	31	3	29	50	42	35	30	41	6	2	19	10	28	
40	15	27	35	3	41	49	17	20	27	19	27	22	44	10	22	17	37	29	3	22	27	15	13	36	2	28	46	22	40	2	17	22	20	3	26	16	44	13	4	12	26	2	39	44	21	7	25	14	7	13	8	45	48	42	45	20	22	17	31	
30	29	43	6	44	35	32	24	37	4	45	15	9	25	19	44	41	14	4	3	38	23	28	37	11	2	44	34	25	40	8	38	10	46	45	4	35	5	10	33	16	41	1	17	36	18	40	12	27	42	25	21	22	10	20	35	3	44	25	33	
16	35	36	48	21	14	14	31	30	39	36	47	22	2	42	1	49	34	17	7	13	33	49	32	44	44	25	27	34	1	5	36	36	33	43	36	5	23	23	28	50	11	47	29	42	2	19	14	13	2	28	44	36	20	28	31	26	15	47	38	
24	41	9	11	24	46	21	32	29	10	43	41	35	8	33	39	18	37	48	10	21	48	15	50	9	34	26	5	21	45	43	5	43	5	49	33	10	18	47	39	22	50	39	29	31	7	2	23	45	4	33	36	29	16	41	25	42	1	2	47	
6	38	41	6	22	13	21	19	8	39	4	18	24	9	27	40	18	25	34	37	19	29	16	27	38	46	25	41	41	35	44	6	40	16	37	38	32	15	44	7	41	3	46	6	22	9	39	7	44	15	27	10	43	9	22	10	41	46	21	13	
38	44	49	42	38	47	48	10	9	50	20	45	6	14	45	44	11	48	30	13	1	15	32	42	18	50	34	17	12	39	33	29	27	38	15	36	50	17	30	21	36	48	7	4	36	45	41	17	33	30	10	40	22	24	38	30	38	46	50	44	
2	45	8	50	30	26	42	43	16	27	2	10	36	45	14	12	33	34	45	32	41	36	37	31	40	10	19	8	8	35	42	19	8	19	6	31	16	30	17	24	7	25	44	38	29	3	23	4	19	18	39	37	50	46	10	20	30	4	39	15	
13	43	48	16	18	15	45	13	12	6	14	4	18	27	50	42	14	22	31	7	8	16	9	3	36	42	29	14	26	40	25	2	49	40	11	14	36	34	10	31	7	43	45	6	11	13	21	36	34	47	26	4	20	12	40	27	35	36	13	27	
46	13	15	6	5	30	29	35	25	10	7	43	5	27	37	17	39	49	6	17	25	39	12	2	27	8	24	28	16	6	4	48	49	2	43	26	18	34	30	22	44	9	28	12	34	47	44	45	33	43	47	12	38	10	16	50	11	34	20	33	
2	14	10	40	40	37	18	15	32	4	37	27	30	16	18	30	19	20	14	23	37	25	19	20	50	21	34	21	46	24	44	27	18	2	12	4	34	25	48	34	6	22	38	44	29	41	43	24	29	12	40	8	8	22	15	16	31	46	45	9	
18	41	26	17	11	46	42	19	24	30	16	3	10	8	22	3	36	1	4	34	45	40	29	13	27	25	2	11	1	43	5	19	44	31	39	4	11	2	1	35	34	41	36	11	25	8	4	12	20	23	23	19	23	36	47	11	38	42	46	28	
19	18	14	25	1	40	5	43	40	29	31	27	14	48	12	45	26	20	15	20	31	35	40	14	5	49	22	45	33	32	2	44	10	29	35	33	26	28	31	48	17	13	4	43	9	26	33	10	35	44	21	46	46	32	16	44	19	41	42	36	
27	47	14	30	25	29	42	48	1	5	17	24	19	10	19	9	42	46	9	5	31	38	42	5	19	5	33	28	9	8	11	25	17	29	4	44	8	20	33	3	38	13	9	48	38	38	4	50	31	13	50	15	44	34	6	15	3	47	22	36	
47	44	19	31	10	31	23	3	35	41	43	6	44	8	42	5	9	3	29	41	39	46	23	23	43	41	4	19	7	47	25	1	49	9	46	12	8	3	3	50	26	42	44	35	50	50	8	38	29	19	16	42	38	31	30	30	13	17	1	2	
39	29	44	10	25	30	24	15	40	48	48	14	10	40	6	13	5	41	45	48	6	6	20	5	3	19	41	45	46	40	12	5	47	14	24	8	31	14	19	29	31	50	48	18	27	1	40	34	45	6	48	8	26	29	36	5	25	26	33	22	
35	14	25	25	32	6	45	15	16	1	35	17	19	44	28	7	17	25	44	49	9	45	50	18	4	34	14	9	16	35	50	34	27	13	29	38	29	41	23	9	13	48	13	34	33	26	1	38	8	25	17	37	24	11	19	47	50	5	34	27	
11	28	3	12	20	9	36	37	45	5	27	38	41	25	12	5	33	28	1	1	47	30	45	47	16	25	41	26	50	34	35	18	27	2	32	13	19	40	38	10	25	48	29	44	2	4	14	1	6	28	30	17	36	2	16	2	20	34	24	40	
4	19	7	8	23	2	19	34	27	25	4	36	9	38	5	26	45	37	17	46	35	40	25	42	39	20	23	17	34	21	12	18	5	20	42	25	35	6	39	13	40	50	50	33	3	21	34	6	8	10	10	21	12	24	48	44	20	8	46	49	
50	4	34	43	25	13	19	23	47	9	38	25	1	49	34	8	36	47	48	47	11	7	29	2	9	8	7	28	32	28	16	26	5	26	7	24	47	40	40	9	20	19	43	24	10	22	48	14	19	30	14	20	36	42	20	34	11	49	35	43	
44	18	1	19	33	3	19	42	16	41	23	21	25	13	6	35	50	35	17	6	23	31	20	18	42	18	27	41	28	41	18	25	33	4	7	36	6	28	8	23	7	41	37	48	14	47	11	10	12	34	24	31	28	44	8	10	13	29	31	33	
48	38	42	36	5	6	23	30	16	29	34	44	16	10	45	8	48	26	31	20	34	17	21	29	48	31	23	5	33	7	35	12	7	30	14	13	12	14	29	11	10	17	42	11	25	38	26	4	34	9	28	30	15	48	12	11	3	50	27	20	
29	28	11	7	50	39	30	48	17	30	21	43	35	50	16	2	10	27	7	35	38	49	10	45	47	4	21	29	9	9	21	26	4	24	1	32	17	1	36	24	27	9	50	33	11	37	40	18	19	45	27	38	25	13	28	28	19	11	41	45	
12	49	45	7	8	17	17	30	11	38	49	50	10	15	22	43	24	48	18	36	18	44	5	24	2	39	18	15	32	28	37	24	35	43	35	48	2	21	36	32	45	14	38	39	31	4	23	12	2	6	28	24	49	42	48	28	39	12	34	33	
44	34	7	27	29	45	2	13	40	41	47	10	10	2	29	16	31	36	34	36	34	1	13	19	12	38	3	27	15	14	33	30	32	31	41	50	5	10	10	20	9	16	19	28	42	46	12	24	48	49	15	32	22	2	38	5	7	12	32	5	
4	27	11	20	9	45	9	49	23	8	9	46	36	40	23	21	39	30	2	18	13	17	49	44	12	11	20	37	27	46	3	49	47	50	13	28	39	47	22	21	33	23	16	26	27	30	24	20	45	2	13	26	1	10	42	22	31	30	15	43	
9	2	18	27	5	32	26	17	47	24	42	38	16	7	5	18	17	10	17	23	28	42	49	49	16	35	12	24	30	43	11	28	2	40	2	9	24	48	5	11	16	14	19	25	31	8	18	17	21	30	17	38	22	44	14	27	27	20	22	46	
5	48	3	1	48	40	30	41	23	45	20	50	26	18	4	2	15	10	50	15	43	10	11	18	3	38	1	12	25	26	32	11	50	44	7	47	21	44	32	43	34	1	34	13	35	36	3	13	47	43	17	25	6	1	23	1	43	15	38	25	
16	29	39	17	36	12	35	41	20	10	8	26	38	40	8	34	48	20	23	37	5	6	2	1	5	35	29	18	8	35	7	49	34	4	49	15	45	14	10	49	6	30	10	21	4	41	10	20	10	34	11	17	25	41	45	2	50	27	38	24	
27	21	24	18	24	22	30	33	1	13	4	10	19	27	9	41	33	40	26	7	32	26	48	17	42	12	36	49	26	26	4	12	39	49	29	14	43	7	41	22	44	1	42	2	28	37	17	48	3	13	45	3	33	10	18	7	47	11	36	32	
33	12	25	21	11	24	45	4	24	12	10	40	23	24	6	50	10	1	26	33	22	46	9	17	29	48	41	2	12	48	9	50	32	44	40	43	37	16	17	50	47	9	35	21	33	38	24	48	39	22	19	43	8	47	32	10	46	37	27	2	
40	47	41	45	42	5	25	27	27	32	24	15	2	50	15	37	28	35	3	13	36	35	47	31	39	16	9	8	39	33	35	18	40	18	31	30	29	2	8	31	32	4	2	9	45	4	22	1	11	40	27	38	12	23	48	42	23	7	14	31	
25	34	44	35	2	14	6	27	6	26	36	22	49	3	1	32	18	3	12	19	9	39	42	25	25	6	30	45	13	3	13	38	32	10	23	8	10	6	42	31	26	5	10	38	3	45	14	4	49	49	28	36	30	21	39	45	30	31	21	15	
40	6	1	33	49	5	24	6	11	18	19	45	25	44	18	24	10	47	15	3	24	38	18	35	41	7	34	48	8	30	33	20	45	14	21	21	9	39	36	33	13	17	3	44	13	1	32	35	6	41	18	18	41	18	45	44	22	47	29	5	
33	32	50	17	32	7	5	1	42	20	21	36	16	39	28	15	33	28	16	15	15	41	22	42	44	36	17	47	48	13	43	46	43	3	28	37	31	1	35	48	39	33	7	17	36	2	35	45	50	47	45	15	39	25	47	13	3	19	18	50	
