Factories	3
Families	40
Machines	4
SetupType	2

Number of Jobs in each Family
3	9	7	2	2	2	1	8	4	3	5	2	7	4	3	8	7	10	5	4	6	7	3	5	2	10	6	9	1	5	10	10	3	10	9	1	2	7	7	3	

Jobs in each Family
0	1	2	
3	4	5	6	7	8	9	10	11	
12	13	14	15	16	17	18	
19	20	
21	22	
23	24	
25	
26	27	28	29	30	31	32	33	
34	35	36	37	
38	39	40	
41	42	43	44	45	
46	47	
48	49	50	51	52	53	54	
55	56	57	58	
59	60	61	
62	63	64	65	66	67	68	69	
70	71	72	73	74	75	76	
77	78	79	80	81	82	83	84	85	86	
87	88	89	90	91	
92	93	94	95	
96	97	98	99	100	101	
102	103	104	105	106	107	108	
109	110	111	
112	113	114	115	116	
117	118	
119	120	121	122	123	124	125	126	127	128	
129	130	131	132	133	134	
135	136	137	138	139	140	141	142	143	
144	
145	146	147	148	149	
150	151	152	153	154	155	156	157	158	159	
160	161	162	163	164	165	166	167	168	169	
170	171	172	
173	174	175	176	177	178	179	180	181	182	
183	184	185	186	187	188	189	190	191	
192	
193	194	
195	196	197	198	199	200	201	
202	203	204	205	206	207	208	
209	210	211	

Total number of jobs
212

Processing times of jobs
6	5	6	8	
6	6	10	1	
4	3	4	3	
2	7	1	8	
10	5	3	5	
4	8	7	9	
7	8	1	8	
10	1	4	7	
1	5	8	5	
8	8	7	2	
8	1	7	5	
6	2	1	9	
7	7	9	2	
1	1	9	2	
6	4	6	9	
10	5	2	9	
10	8	4	8	
7	10	8	3	
1	1	3	4	
9	1	5	4	
1	3	1	10	
7	3	7	1	
8	10	1	2	
8	1	8	8	
9	6	2	4	
10	8	1	2	
3	10	7	2	
9	1	6	2	
3	3	8	9	
8	2	9	5	
5	7	8	1	
8	2	5	10	
8	1	5	8	
3	6	6	5	
8	3	4	1	
10	5	9	7	
9	3	1	8	
8	7	10	4	
6	7	6	3	
6	1	3	8	
7	4	10	10	
6	10	2	7	
9	5	4	10	
2	1	5	8	
8	9	10	7	
5	6	4	3	
5	7	2	2	
4	3	4	8	
1	9	9	3	
4	7	9	2	
7	10	7	5	
2	8	8	5	
3	1	1	3	
8	2	6	6	
1	6	4	7	
3	3	5	8	
2	9	7	7	
9	5	1	9	
6	9	1	3	
8	4	10	6	
9	10	7	5	
10	4	3	6	
8	9	3	8	
2	7	3	4	
2	5	2	8	
4	1	3	9	
2	4	8	7	
8	9	2	6	
8	1	1	3	
1	3	3	7	
6	7	1	6	
3	10	9	1	
6	4	5	8	
5	2	8	10	
4	8	2	7	
1	2	7	7	
2	3	9	7	
3	4	1	1	
8	9	9	5	
8	10	3	5	
7	5	1	7	
2	10	10	8	
8	7	7	9	
8	6	6	2	
7	2	4	1	
8	9	10	4	
8	6	2	10	
8	4	7	7	
9	7	2	1	
2	7	10	1	
6	4	3	8	
7	9	5	3	
6	1	7	9	
5	1	2	6	
7	8	4	3	
7	2	5	8	
6	1	3	2	
1	7	3	1	
1	4	6	7	
8	9	10	7	
6	7	4	8	
2	7	6	3	
9	6	10	5	
5	5	3	4	
3	9	10	3	
1	10	9	3	
3	7	1	10	
10	3	7	2	
8	7	3	2	
7	8	5	7	
10	5	6	2	
7	10	1	5	
6	10	2	4	
9	1	1	4	
2	6	7	2	
7	7	2	10	
8	10	5	2	
5	3	7	9	
9	2	7	9	
5	7	3	3	
9	8	4	2	
2	8	6	6	
7	7	7	7	
5	8	7	7	
3	4	5	10	
5	9	3	3	
6	10	10	6	
1	3	3	4	
10	7	10	2	
3	4	10	10	
8	5	5	9	
10	9	8	5	
1	2	8	7	
9	3	4	3	
1	6	7	7	
10	2	7	7	
10	10	9	2	
2	1	7	10	
2	2	10	8	
7	3	9	1	
2	6	5	5	
5	2	4	9	
1	7	5	4	
8	3	3	1	
8	2	10	4	
9	5	8	2	
1	3	10	4	
3	3	4	3	
7	3	8	3	
9	7	3	5	
2	3	5	1	
4	2	5	6	
2	7	7	5	
8	7	4	10	
5	7	1	5	
8	4	4	1	
10	5	3	5	
2	8	2	5	
6	7	3	8	
10	6	9	9	
8	5	1	10	
3	6	2	6	
5	5	7	7	
4	1	4	4	
1	1	7	8	
5	10	4	5	
4	6	6	3	
4	6	6	8	
2	7	5	3	
1	6	4	4	
1	6	9	5	
5	8	1	6	
6	4	1	6	
1	4	6	5	
7	3	3	3	
5	5	7	5	
1	5	5	9	
10	9	8	1	
6	10	5	7	
2	10	9	2	
10	3	10	8	
3	3	4	4	
5	10	8	2	
7	2	9	2	
7	8	8	6	
2	2	2	5	
10	4	3	1	
8	8	10	9	
4	5	6	6	
7	2	6	10	
2	1	9	4	
8	10	4	3	
2	1	6	4	
9	5	5	6	
5	4	8	9	
2	7	1	9	
6	2	5	8	
3	8	4	10	
10	8	3	7	
9	5	10	6	
9	5	6	1	
6	7	3	4	
6	8	5	9	
9	6	3	5	
4	7	5	8	
3	10	4	5	
1	7	9	7	
3	8	6	4	
3	3	5	9	
7	3	10	8	
1	7	10	1	
10	6	7	5	

Stepup times between Families, where [f][f] represents initial setup time
On machine	1
16	16	10	44	27	36	40	24	23	13	48	44	15	31	11	27	38	14	45	44	4	30	39	41	28	50	14	35	46	4	7	44	23	15	50	44	10	31	34	20	
38	40	41	2	30	8	39	4	8	39	13	8	16	45	16	10	25	44	32	42	34	22	43	12	42	19	26	12	19	11	40	37	22	9	38	48	45	4	41	2	
18	25	21	41	42	27	6	46	9	6	30	13	27	33	25	17	37	9	9	37	13	41	50	50	45	45	27	10	13	24	42	37	32	2	44	18	26	3	28	35	
43	26	6	48	33	37	7	13	14	29	8	37	22	23	45	14	43	11	49	23	45	31	28	41	26	3	49	21	34	37	48	22	9	22	3	30	14	45	25	42	
45	37	49	34	30	33	40	3	7	26	15	4	4	28	50	44	18	39	17	22	49	16	25	5	5	36	6	39	49	37	41	8	21	28	17	28	38	19	40	40	
46	1	3	49	6	27	31	10	27	27	20	21	25	20	30	30	34	13	32	41	24	3	43	17	42	26	42	23	3	44	29	25	42	21	32	4	3	45	9	34	
8	8	46	4	38	37	10	9	40	43	22	30	25	23	37	2	2	4	17	15	18	36	5	14	43	46	35	15	33	7	19	10	39	11	42	17	46	24	9	2	
11	22	30	18	9	34	50	35	8	16	27	22	9	35	41	25	20	7	22	10	5	46	17	48	46	29	1	10	46	36	17	3	30	36	40	50	4	46	7	32	
28	22	38	8	26	39	40	25	45	26	16	32	48	3	14	6	47	4	26	48	23	29	35	36	13	28	13	32	6	13	45	11	39	3	25	2	3	15	17	30	
46	38	13	39	44	5	7	26	7	25	15	43	47	3	4	10	10	32	38	27	14	10	44	2	36	18	8	34	46	28	12	21	49	27	12	6	43	27	8	48	
18	1	29	38	6	47	17	47	12	23	13	22	15	3	12	37	34	29	38	15	47	25	47	48	3	25	32	25	49	12	40	28	2	1	39	29	10	41	38	2	
10	19	3	9	31	17	22	14	1	8	8	6	30	19	38	24	29	30	27	17	6	47	38	2	4	50	11	27	36	24	17	14	33	41	29	26	38	31	5	11	
5	36	24	15	12	24	42	25	13	39	24	36	3	24	30	26	37	29	5	23	3	39	26	35	13	2	25	43	16	19	4	22	8	47	1	18	8	48	30	15	
33	34	32	5	25	26	26	19	5	29	12	41	29	5	31	37	50	39	24	48	13	23	23	44	35	18	36	20	8	20	23	21	47	39	33	8	20	12	44	49	
24	15	15	36	18	17	16	1	34	31	47	26	30	50	48	33	31	50	49	12	16	46	42	32	36	38	43	46	8	13	46	31	37	22	42	16	46	38	22	10	
21	13	14	26	6	8	37	33	49	50	45	34	43	5	31	10	22	50	2	37	30	18	8	50	38	14	2	35	24	11	34	34	22	12	40	36	15	32	14	32	
25	35	16	37	3	16	6	44	21	8	15	32	12	6	36	5	5	8	28	30	34	2	17	2	35	26	32	1	3	29	13	38	14	11	7	41	10	38	27	22	
7	29	28	11	48	14	40	25	22	31	17	35	8	46	47	28	10	14	28	3	33	32	30	39	12	5	15	34	35	6	36	34	44	26	49	22	7	2	34	40	
24	16	43	20	3	8	29	24	17	22	42	24	7	46	19	7	27	39	8	46	16	9	50	50	9	33	35	45	7	39	3	29	18	6	10	1	25	7	43	36	
13	24	33	10	27	2	20	9	12	8	41	47	13	16	16	38	3	8	49	10	19	34	48	1	30	46	14	44	1	20	2	8	41	29	24	3	2	3	8	33	
17	32	37	35	3	47	24	18	45	18	3	26	3	18	10	20	20	9	15	48	29	14	41	32	13	28	48	50	8	28	28	29	48	16	42	41	2	31	10	40	
41	37	49	2	19	15	31	41	22	43	49	27	39	50	14	34	47	43	29	9	24	29	15	31	31	29	32	43	11	23	8	38	35	28	24	18	16	7	10	40	
35	31	15	26	22	7	14	39	27	46	43	37	18	13	15	35	43	28	29	22	20	18	39	45	4	46	3	11	46	46	7	41	35	20	40	7	14	44	13	35	
42	42	22	45	8	49	6	43	15	26	47	41	1	15	25	21	16	2	11	23	46	28	15	48	42	27	29	15	26	7	12	11	18	15	44	19	1	10	23	33	
33	29	16	6	33	25	30	17	37	49	15	10	42	38	49	18	3	43	14	10	22	33	42	22	1	20	49	17	7	9	17	17	35	14	40	13	30	13	33	10	
6	15	9	42	42	38	7	35	15	1	39	16	30	17	41	22	20	22	41	25	4	35	47	42	43	35	33	18	41	21	21	44	17	31	17	25	43	9	12	20	
44	40	11	7	39	12	48	13	13	24	44	47	5	35	33	32	2	20	43	13	22	28	24	47	12	23	26	25	49	44	48	24	30	41	47	26	37	43	38	28	
15	3	38	2	16	42	27	48	25	50	10	37	11	38	41	28	38	22	47	49	10	40	50	15	10	27	42	9	48	25	23	2	19	46	22	23	39	37	39	49	
12	20	16	43	3	49	7	26	32	34	41	25	16	2	39	9	12	6	18	27	17	3	40	17	2	46	27	28	33	2	41	7	19	42	41	5	10	28	40	35	
46	22	42	6	28	43	37	2	34	33	13	19	9	23	34	22	44	35	30	50	10	28	19	46	32	6	10	8	48	4	36	8	6	23	14	41	41	34	41	28	
40	33	39	35	43	22	15	47	29	2	49	1	49	14	35	39	46	43	8	20	36	7	34	19	4	49	3	8	21	19	28	16	17	5	18	11	2	31	21	38	
27	32	33	15	36	49	9	21	7	23	16	9	32	15	21	36	19	14	25	39	38	33	36	25	38	26	6	47	15	35	1	39	46	44	8	18	7	48	47	14	
13	23	24	7	8	41	42	47	3	31	48	12	30	32	13	19	27	25	33	11	7	45	16	46	28	17	30	8	37	31	44	35	17	11	2	33	29	43	4	20	
42	48	50	5	6	2	36	7	32	41	7	32	25	30	3	49	35	22	47	26	18	41	7	36	41	33	33	13	9	48	43	21	41	38	33	11	27	12	31	15	
49	38	48	7	18	13	46	26	34	36	36	50	13	14	41	17	8	16	24	30	47	44	41	37	10	48	15	6	25	15	42	49	15	19	7	50	24	11	40	18	
10	24	37	3	24	43	8	26	49	5	49	30	3	45	5	28	10	17	41	48	18	11	35	35	50	43	41	40	31	31	24	29	21	15	16	12	35	44	34	27	
29	30	5	24	47	31	40	45	25	22	16	27	10	12	15	43	30	29	7	21	35	35	16	32	23	5	20	47	37	24	24	36	30	27	3	20	42	30	44	1	
23	50	9	47	8	23	34	45	14	2	3	19	27	44	45	16	45	1	20	32	38	48	9	31	6	27	31	48	18	9	26	40	9	44	48	16	26	18	37	12	
1	11	7	42	27	37	33	33	3	34	50	37	18	3	18	7	19	50	40	13	26	39	25	26	25	21	5	2	6	48	49	46	9	29	42	48	33	15	3	19	
15	5	43	32	6	20	19	22	26	37	41	38	2	3	23	49	14	23	19	9	19	3	21	32	40	3	41	27	3	23	32	26	50	29	20	20	42	17	30	22	
On machine	2
40	39	40	49	4	39	49	37	10	13	17	5	16	49	1	3	1	22	1	2	29	24	44	36	4	6	19	50	26	21	31	47	46	49	38	33	25	40	40	31	
45	14	26	22	5	26	15	27	4	46	10	43	22	11	27	34	49	29	18	42	37	48	6	21	30	48	32	10	43	11	48	3	6	23	46	47	12	10	33	34	
45	28	4	37	11	50	30	32	34	14	12	9	49	44	11	16	15	9	28	50	44	11	49	44	35	43	11	42	16	24	33	38	22	27	47	21	49	26	28	12	
45	36	2	33	29	2	5	6	11	11	12	5	28	7	20	10	26	1	47	23	49	45	29	37	38	26	45	11	24	22	8	36	15	9	21	46	11	49	13	10	
30	8	33	9	2	25	11	2	6	34	4	34	15	23	6	24	50	18	20	27	42	21	1	50	4	4	12	8	47	30	4	31	39	11	46	28	39	28	34	42	
29	32	34	23	18	35	47	13	16	48	50	32	30	36	3	30	20	2	45	15	46	16	22	23	38	23	6	46	5	22	47	47	11	10	30	49	33	11	47	44	
32	25	45	25	4	16	2	4	44	36	20	28	34	1	44	35	19	35	9	25	12	38	37	19	27	10	31	7	24	11	44	27	14	25	9	22	44	4	47	12	
40	3	32	23	40	19	5	1	4	48	35	13	29	30	16	39	34	30	36	5	37	47	4	20	11	3	23	50	37	33	49	46	27	3	18	7	50	16	37	21	
6	33	2	23	46	7	29	39	48	21	39	34	6	21	40	29	31	2	32	37	9	41	17	29	47	11	46	23	46	21	14	7	38	39	43	15	35	22	11	4	
15	16	47	18	39	50	41	44	30	7	23	47	49	25	31	15	40	7	11	25	21	28	7	41	4	40	18	17	7	1	26	42	5	15	26	13	23	16	26	3	
37	27	28	4	21	7	7	28	1	16	36	3	49	49	17	4	6	27	49	3	44	42	3	35	22	28	9	7	3	45	22	42	13	27	41	50	25	49	1	36	
44	2	39	11	26	24	34	36	20	22	21	1	46	36	29	27	24	6	31	20	44	7	39	14	14	14	37	9	28	50	31	41	7	1	1	3	33	30	31	50	
5	35	42	32	16	47	2	10	41	39	30	22	46	23	11	21	22	33	15	23	36	7	11	11	8	41	27	30	40	37	25	39	24	15	23	35	27	12	35	28	
2	10	3	48	13	44	19	12	46	25	38	13	41	50	17	48	6	41	21	43	35	40	27	27	13	7	45	2	41	12	17	23	42	39	24	48	48	39	38	6	
14	16	10	33	2	4	33	17	28	27	14	10	9	39	41	40	6	22	38	50	38	14	12	50	32	42	30	21	15	7	22	49	38	43	19	36	21	33	43	14	
6	49	47	46	5	25	21	48	11	35	27	33	48	29	3	49	12	21	18	34	24	34	18	39	50	31	45	11	14	44	20	23	6	30	6	49	41	47	42	41	
37	42	29	37	9	40	9	26	41	20	30	15	42	46	3	5	37	47	42	22	50	49	21	4	13	4	25	17	31	44	31	40	48	45	43	12	8	6	18	17	
19	24	21	14	21	12	15	43	4	32	34	5	4	33	11	19	21	22	11	26	15	13	5	46	24	10	9	26	6	26	24	24	44	24	24	42	48	42	34	14	
11	1	33	42	4	7	48	14	36	49	21	42	47	41	10	15	18	16	15	43	31	4	4	1	1	21	13	24	3	33	41	44	38	43	29	15	14	40	22	29	
23	20	36	6	23	41	39	12	2	10	8	27	47	3	25	14	16	5	29	6	26	26	39	26	31	36	14	21	16	23	16	24	48	30	50	28	5	45	43	19	
35	5	13	43	8	12	1	45	45	23	37	31	36	34	47	16	9	1	49	22	46	38	25	7	47	13	19	49	10	48	20	38	44	28	4	35	49	24	43	47	
36	46	15	21	47	46	6	40	28	15	13	48	10	8	23	35	39	10	27	28	41	49	28	15	30	23	10	32	47	8	20	46	20	1	3	34	17	6	26	18	
28	29	9	43	20	45	9	28	38	4	18	3	35	5	8	49	25	30	28	45	28	37	13	24	32	11	18	42	17	17	41	23	4	18	21	15	21	40	30	26	
34	16	34	16	22	13	37	16	33	12	10	15	40	14	32	43	44	16	23	35	10	21	46	41	19	31	9	40	26	35	8	13	12	44	41	33	28	28	29	29	
12	3	25	33	17	11	15	31	48	17	9	31	26	3	48	41	9	9	14	26	40	17	48	11	39	10	19	10	18	31	37	48	41	48	34	25	28	41	30	14	
6	38	9	34	31	21	1	26	26	31	19	31	17	45	45	18	37	22	42	50	45	39	12	50	47	30	43	28	17	42	17	20	31	13	37	12	13	20	2	44	
27	36	35	41	14	19	41	20	12	2	29	2	48	13	12	7	33	24	3	15	38	45	2	4	41	43	19	16	28	43	24	13	24	34	36	47	45	30	39	16	
43	41	13	18	17	5	14	15	17	29	11	8	42	18	18	41	24	46	8	44	35	34	5	31	13	28	41	33	24	40	36	36	10	23	33	29	12	22	49	24	
22	50	23	8	10	39	10	21	19	6	49	47	13	46	12	12	42	45	29	36	50	8	26	12	13	21	27	49	17	47	13	44	44	2	7	17	12	4	17	15	
37	19	4	22	30	39	34	18	14	50	42	25	47	44	45	5	40	49	9	28	48	17	31	44	41	3	30	37	18	10	43	43	26	34	44	13	4	34	11	31	
18	36	49	49	3	3	26	14	30	31	6	26	43	31	36	10	16	32	47	34	23	19	30	9	18	45	32	18	39	21	8	24	48	48	46	7	46	44	14	44	
26	26	23	22	8	43	8	44	19	42	13	6	39	19	7	47	32	33	30	14	46	49	20	27	32	45	27	33	7	34	12	42	8	25	43	42	19	12	24	31	
6	6	43	2	46	42	25	8	42	40	9	42	34	25	17	46	18	21	45	4	33	34	21	48	26	50	41	47	8	8	18	3	35	25	11	18	14	7	47	42	
24	29	18	32	37	46	1	25	41	13	50	20	14	42	35	36	32	5	41	29	39	40	39	45	1	6	39	49	12	27	15	14	6	5	19	39	39	49	17	2	
23	14	16	22	22	29	44	15	29	31	43	45	2	26	12	20	3	30	26	8	33	1	17	23	21	29	18	37	10	48	36	49	38	9	1	40	33	27	17	3	
47	44	10	17	15	3	23	40	41	35	49	19	37	40	35	13	20	4	34	32	9	44	13	22	15	25	50	1	8	7	13	41	28	49	29	17	7	38	23	36	
3	16	48	46	6	24	27	47	9	7	10	12	12	13	6	26	33	41	12	29	14	13	42	32	5	43	4	17	23	34	20	36	47	9	22	9	40	13	33	4	
14	22	39	15	17	38	28	43	44	50	23	49	36	48	39	11	12	47	48	21	11	6	37	49	32	10	48	50	24	2	19	45	27	4	37	26	7	29	42	10	
2	47	35	33	45	37	1	11	20	6	15	12	23	38	5	19	7	32	34	44	18	31	27	25	13	3	37	13	4	15	16	12	12	37	10	38	36	32	18	2	
36	21	12	10	14	41	38	37	4	20	46	27	14	27	31	40	41	43	28	43	11	37	7	47	2	32	21	34	50	4	44	49	41	3	16	12	42	15	7	28	
On machine	3
43	3	49	3	7	11	49	27	13	19	30	50	23	23	1	47	20	33	36	10	36	3	44	48	29	34	21	4	19	4	45	31	32	6	32	25	30	8	39	44	
23	50	8	33	3	10	31	42	30	1	35	16	45	50	10	14	34	21	30	33	25	35	50	15	12	25	48	13	37	19	13	29	27	15	36	38	33	42	5	46	
19	3	11	38	49	25	46	27	44	45	24	29	11	37	27	22	29	12	10	16	50	35	18	18	8	31	5	47	15	20	46	4	24	44	13	8	38	31	2	48	
31	29	30	4	48	17	11	3	17	47	26	3	26	5	3	13	32	8	44	3	39	4	17	10	41	7	25	12	5	11	21	6	23	34	20	21	42	34	34	26	
43	31	16	4	47	19	42	36	35	45	13	49	45	9	32	24	14	49	21	29	14	16	8	25	32	31	24	22	21	48	35	11	47	39	13	16	27	4	19	35	
22	15	2	17	31	8	26	22	25	30	38	39	15	23	11	30	7	29	21	16	31	41	50	4	20	38	24	21	16	17	34	10	21	15	28	28	9	14	36	10	
7	21	10	7	29	46	28	47	33	29	50	47	21	43	30	25	8	1	6	16	35	33	28	10	25	16	1	8	16	16	39	14	34	17	27	43	26	8	47	32	
36	24	45	6	29	35	30	2	23	26	21	41	11	21	21	33	4	31	27	15	19	43	23	4	46	33	13	26	1	39	36	40	36	46	17	13	43	24	6	33	
36	35	33	44	20	40	11	24	4	29	24	35	14	46	8	2	38	48	33	14	34	27	23	25	16	16	23	10	40	25	39	14	1	5	12	47	10	39	25	16	
2	35	37	26	25	3	7	46	23	7	48	1	37	33	2	43	6	33	47	31	13	43	39	39	5	24	24	12	15	44	2	47	36	2	7	24	1	29	9	5	
37	19	46	9	33	44	3	8	24	16	36	50	30	6	45	37	48	19	33	43	4	32	6	33	35	36	34	15	40	15	50	11	32	31	31	15	40	1	10	26	
7	26	47	16	41	18	40	32	38	5	44	16	35	9	16	31	33	18	2	17	48	28	45	19	33	46	45	3	20	39	47	12	15	34	32	15	35	22	18	50	
28	25	8	50	34	39	36	14	26	39	33	31	30	21	35	42	48	10	31	14	48	30	50	48	6	31	24	46	4	2	20	47	4	28	4	33	30	5	35	24	
37	10	14	23	12	9	40	46	9	8	37	17	24	22	33	31	29	33	11	25	26	33	27	31	39	1	6	17	41	20	8	34	8	2	41	8	24	43	9	45	
32	35	45	32	48	38	7	45	34	49	34	1	15	48	35	4	43	27	33	40	2	16	11	48	47	42	8	1	49	37	17	20	34	20	14	11	23	42	9	33	
8	26	4	20	20	34	37	42	10	24	49	50	18	33	11	4	35	49	4	14	5	38	18	47	40	42	45	34	8	17	20	9	25	17	17	46	14	22	16	26	
25	21	13	49	16	4	41	20	22	49	41	27	31	9	13	21	26	28	2	21	15	26	50	31	43	21	42	22	19	1	2	12	6	35	26	17	6	3	6	16	
10	39	48	17	37	13	11	20	2	37	44	3	20	36	23	46	25	7	29	42	29	46	36	32	9	43	38	20	4	41	26	42	6	11	46	44	33	7	18	17	
34	31	25	25	11	22	20	24	39	50	41	17	42	45	38	20	24	28	8	39	46	22	31	33	35	45	19	49	18	6	50	6	7	11	12	35	4	50	38	26	
37	36	47	3	5	5	7	26	46	29	22	34	36	26	48	1	45	28	10	26	26	29	20	25	11	6	28	28	39	9	31	6	22	40	16	11	8	27	32	12	
24	45	15	50	14	17	30	27	32	25	44	30	45	7	35	14	34	1	13	14	44	46	18	7	5	42	40	27	19	34	21	28	44	14	28	32	10	7	23	12	
34	17	20	17	16	7	28	44	23	19	16	21	47	16	12	45	48	17	13	9	16	25	35	50	8	31	1	4	34	11	24	30	37	35	50	25	1	41	43	35	
39	11	50	5	48	45	1	28	33	29	35	25	29	3	4	25	24	14	19	26	24	2	2	11	49	27	26	24	12	40	42	40	38	34	1	26	47	21	6	4	
26	13	34	15	7	47	15	13	1	26	41	37	33	29	23	15	18	34	49	3	32	29	9	28	2	15	40	22	1	2	24	27	17	50	36	30	49	12	17	21	
6	15	7	44	32	46	32	18	5	39	16	26	32	23	40	13	40	45	8	36	33	22	27	14	11	6	26	36	28	39	38	12	3	9	20	35	16	30	50	27	
13	12	34	46	36	13	27	15	12	36	49	50	41	4	6	13	21	8	17	34	2	32	3	22	30	2	6	31	15	20	13	34	27	19	41	12	36	8	24	30	
48	21	12	21	37	47	38	5	11	38	36	24	1	46	9	43	27	37	44	18	27	41	31	43	23	11	33	6	45	29	29	6	48	11	27	2	22	23	33	22	
47	5	19	3	19	48	4	30	35	42	47	14	39	26	29	9	10	17	38	9	29	6	18	39	45	5	37	25	18	27	47	9	1	7	14	19	25	9	29	18	
36	37	49	5	41	35	40	38	20	5	40	2	40	38	29	41	16	44	27	26	33	29	11	28	10	13	14	34	40	12	33	47	10	20	7	5	5	15	45	32	
1	49	25	28	34	17	44	41	17	11	27	20	25	7	18	39	19	6	8	43	38	9	30	34	10	38	24	14	14	38	1	7	6	50	17	48	2	11	41	31	
28	27	30	4	9	27	9	37	24	35	45	6	11	43	12	31	8	1	16	15	13	1	44	34	43	30	22	8	23	7	41	19	13	38	7	46	2	50	15	44	
41	13	34	32	41	36	32	2	13	29	7	2	22	42	38	27	18	4	40	15	30	4	45	47	9	47	38	21	6	4	14	37	6	24	15	15	9	27	37	49	
3	42	21	4	29	4	26	2	47	43	48	27	38	6	48	5	36	49	1	27	45	50	30	4	24	9	4	28	2	36	4	18	8	39	20	18	8	38	9	24	
43	42	37	2	36	7	6	49	2	27	1	40	11	50	30	36	5	50	48	9	42	16	18	7	31	6	18	34	37	22	39	21	41	20	40	44	17	44	3	33	
2	24	3	36	49	39	43	1	25	21	36	32	23	36	29	26	26	42	35	32	47	2	7	41	31	21	3	25	20	27	20	28	31	21	36	9	10	32	27	5	
19	49	2	49	7	47	47	24	48	13	37	16	3	39	34	44	5	28	16	17	30	39	46	36	11	9	39	31	44	30	33	48	18	25	11	16	42	12	43	41	
29	32	38	30	45	27	20	6	39	15	14	20	13	21	35	24	26	35	28	10	9	24	42	50	30	43	33	18	29	3	18	5	45	32	8	29	27	23	26	38	
14	15	28	38	39	4	16	29	33	20	49	18	27	49	28	44	43	3	9	5	25	11	48	6	31	2	17	1	10	20	7	45	34	32	16	4	45	27	16	15	
26	42	25	10	27	30	44	11	4	32	32	26	36	38	6	36	41	27	43	15	26	5	15	37	33	13	13	34	11	19	19	30	19	36	43	6	9	29	22	1	
25	31	30	33	8	8	27	17	12	12	27	43	21	5	27	1	4	29	18	44	49	35	42	38	10	29	13	8	5	3	5	27	6	40	22	39	4	4	39	5	
On machine	4
8	36	6	4	48	5	50	27	4	40	7	14	6	35	10	5	34	4	12	32	36	30	30	19	3	38	23	8	26	31	17	37	37	21	41	46	49	26	20	35	
49	31	33	24	4	20	45	6	16	36	9	16	26	50	45	37	37	49	26	19	44	3	44	16	2	10	42	39	30	37	47	11	39	10	45	36	46	48	12	37	
32	6	50	22	2	18	27	11	19	3	19	34	49	24	18	10	35	38	27	46	4	8	42	7	43	44	19	12	42	21	37	6	42	1	12	2	30	5	33	15	
11	34	16	28	49	37	29	22	28	32	31	49	19	36	6	23	17	39	30	43	20	24	29	41	12	37	32	1	40	19	45	8	45	37	48	47	28	30	14	50	
21	7	27	43	44	26	37	44	37	26	41	24	29	26	19	32	27	15	24	15	37	26	23	48	27	44	2	48	47	10	22	44	41	38	19	27	33	19	26	32	
49	10	14	27	35	29	35	35	27	28	14	22	43	31	11	8	25	50	28	21	13	27	10	2	5	20	42	43	44	4	12	4	50	2	6	29	43	43	2	40	
50	47	27	18	33	48	22	27	16	3	21	23	14	39	33	20	13	45	37	18	38	20	24	39	27	5	33	32	29	7	3	17	25	27	26	45	7	32	2	25	
13	40	22	11	10	41	21	29	3	22	44	47	11	18	24	33	36	28	10	10	19	29	50	38	17	19	6	45	25	10	11	6	30	44	31	4	29	26	36	37	
33	37	30	19	16	4	48	30	17	22	8	15	10	26	19	6	42	30	40	42	44	35	15	40	1	50	29	21	2	20	15	39	12	35	40	23	5	43	48	22	
16	13	47	36	2	22	12	37	22	23	46	42	16	50	13	27	47	21	39	16	17	25	43	14	21	50	46	37	2	39	48	39	44	30	6	37	49	17	7	16	
30	35	50	19	1	20	13	34	11	26	47	40	26	36	12	50	10	23	33	28	34	21	40	2	6	48	27	21	9	31	50	26	8	28	45	12	26	4	49	26	
20	22	2	41	38	21	47	5	17	19	46	18	13	9	23	35	4	26	47	5	21	28	9	13	4	21	30	21	6	34	5	37	4	13	26	20	15	3	13	3	
14	10	43	11	23	29	44	27	46	5	13	3	34	43	46	29	18	25	3	49	10	29	40	28	29	34	8	9	4	49	8	16	42	11	26	25	47	47	8	36	
42	10	17	47	14	5	41	17	1	3	7	17	8	37	39	31	33	37	29	19	23	48	37	29	1	6	42	10	29	40	49	29	22	44	14	47	45	34	31	23	
44	50	41	22	22	28	21	22	6	26	15	17	8	29	35	47	3	42	34	34	23	4	15	44	35	31	1	35	1	1	15	40	21	45	21	15	48	27	26	47	
26	30	5	27	34	29	16	40	1	37	37	43	44	11	47	49	2	20	24	21	23	24	36	30	12	27	40	28	32	21	44	14	19	2	47	26	11	29	4	23	
3	16	49	5	6	45	30	29	45	19	20	15	22	43	16	50	31	10	1	40	23	16	44	16	20	2	2	26	34	11	20	14	14	46	12	48	44	5	29	14	
6	10	22	10	30	21	6	10	47	29	34	48	27	30	17	9	14	46	27	36	5	2	43	29	30	1	50	19	14	38	2	39	32	10	8	28	15	47	50	14	
16	10	17	30	32	34	6	50	41	13	21	26	8	1	18	32	17	44	26	44	4	27	35	19	39	36	50	13	17	15	7	36	28	25	23	15	30	26	7	30	
7	49	28	23	2	15	12	36	42	29	2	35	27	17	30	14	9	36	1	1	39	28	8	49	10	13	17	29	34	9	38	17	27	43	22	14	9	27	43	3	
9	37	30	32	31	4	25	22	1	22	38	14	13	28	35	35	11	23	10	12	28	30	3	17	49	44	23	20	45	24	3	46	41	20	14	47	32	14	12	35	
21	11	20	24	49	19	45	35	31	29	23	41	10	22	4	12	23	21	25	44	21	1	31	25	2	5	31	35	17	26	5	33	30	45	48	31	32	2	38	48	
40	11	26	36	39	30	7	40	36	3	20	6	27	11	10	49	18	25	37	33	43	14	16	22	12	19	50	39	49	48	15	40	45	40	11	6	4	35	17	33	
16	7	9	23	31	16	16	26	42	5	48	35	20	21	49	46	31	42	2	17	40	42	31	47	8	12	5	19	19	30	5	25	3	28	25	27	26	47	8	30	
10	44	46	24	44	34	23	44	42	25	25	9	31	49	42	31	7	26	41	16	30	45	4	45	14	32	7	35	40	14	35	1	45	15	4	20	33	12	33	22	
37	39	50	35	20	21	11	42	8	13	15	45	22	1	4	43	31	24	43	45	36	17	25	27	39	47	9	43	37	22	18	2	42	11	17	7	19	36	31	24	
46	2	4	44	33	45	10	45	41	5	15	6	16	43	3	13	40	44	4	27	13	7	14	4	20	10	33	23	32	11	6	41	46	36	41	43	37	14	20	33	
36	10	50	11	50	23	38	45	11	17	17	38	2	14	50	14	39	12	11	9	15	40	4	2	34	46	8	12	43	35	15	47	38	20	35	22	29	11	24	6	
6	1	34	24	34	17	16	34	33	14	45	45	10	22	50	19	20	37	14	32	49	7	44	1	14	22	3	50	29	34	37	34	31	5	4	1	25	27	16	32	
9	40	42	8	45	28	18	48	20	7	14	30	21	41	11	49	46	9	47	5	29	12	14	44	26	30	18	32	40	49	48	24	10	5	32	22	2	23	22	33	
19	7	4	22	14	34	27	20	36	30	23	12	15	36	36	36	36	47	30	45	37	42	19	43	16	31	30	28	48	12	44	12	39	47	28	3	14	27	14	16	
37	31	31	43	37	24	10	23	10	5	7	4	38	27	33	17	23	12	21	34	38	23	37	7	36	47	25	33	1	16	23	12	28	7	34	23	20	31	9	3	
48	10	26	15	22	11	4	11	37	48	43	13	30	25	37	42	7	48	44	22	18	6	17	45	3	48	5	41	38	24	13	3	24	39	9	6	3	45	29	6	
26	38	39	35	50	44	41	36	31	33	30	12	14	42	20	1	44	36	44	34	37	6	16	37	42	28	23	19	49	35	41	10	48	44	2	39	13	31	22	39	
10	24	38	27	27	41	17	32	35	6	31	21	16	6	23	14	47	4	27	28	27	28	10	1	19	24	48	25	19	10	33	6	30	35	36	42	9	14	37	25	
48	21	41	38	27	44	1	28	2	19	47	22	14	28	45	38	32	14	42	14	22	28	20	36	32	3	50	43	38	44	6	43	6	33	28	4	8	31	10	34	
25	14	50	4	1	1	34	29	40	31	41	4	43	26	25	45	8	26	41	19	23	4	11	40	4	33	34	17	50	50	39	11	36	36	31	48	19	10	48	47	
46	42	15	30	28	50	20	33	24	19	8	41	30	44	33	43	6	39	39	29	14	42	7	44	25	43	48	21	33	20	44	16	26	48	29	6	37	1	49	12	
44	43	31	27	43	1	14	18	46	42	46	33	32	23	26	24	15	46	35	27	48	47	16	41	4	28	25	14	37	41	42	46	19	33	3	13	49	6	24	11	
10	22	18	16	4	17	1	21	6	33	25	48	33	47	29	40	45	32	40	32	30	39	36	30	26	44	41	31	6	26	30	34	39	34	32	1	2	36	34	4	
