Factories	3
Families	60
Machines	2
SetupType	2

Number of Jobs in each Family
3	2	8	6	7	9	7	9	1	3	9	4	6	5	5	7	6	3	8	3	1	7	6	7	6	10	10	3	10	1	6	3	9	7	6	5	4	6	7	10	7	6	8	7	8	9	1	8	10	3	3	1	2	1	7	10	7	6	1	1	

Jobs in each Family
0	1	2	
3	4	
5	6	7	8	9	10	11	12	
13	14	15	16	17	18	
19	20	21	22	23	24	25	
26	27	28	29	30	31	32	33	34	
35	36	37	38	39	40	41	
42	43	44	45	46	47	48	49	50	
51	
52	53	54	
55	56	57	58	59	60	61	62	63	
64	65	66	67	
68	69	70	71	72	73	
74	75	76	77	78	
79	80	81	82	83	
84	85	86	87	88	89	90	
91	92	93	94	95	96	
97	98	99	
100	101	102	103	104	105	106	107	
108	109	110	
111	
112	113	114	115	116	117	118	
119	120	121	122	123	124	
125	126	127	128	129	130	131	
132	133	134	135	136	137	
138	139	140	141	142	143	144	145	146	147	
148	149	150	151	152	153	154	155	156	157	
158	159	160	
161	162	163	164	165	166	167	168	169	170	
171	
172	173	174	175	176	177	
178	179	180	
181	182	183	184	185	186	187	188	189	
190	191	192	193	194	195	196	
197	198	199	200	201	202	
203	204	205	206	207	
208	209	210	211	
212	213	214	215	216	217	
218	219	220	221	222	223	224	
225	226	227	228	229	230	231	232	233	234	
235	236	237	238	239	240	241	
242	243	244	245	246	247	
248	249	250	251	252	253	254	255	
256	257	258	259	260	261	262	
263	264	265	266	267	268	269	270	
271	272	273	274	275	276	277	278	279	
280	
281	282	283	284	285	286	287	288	
289	290	291	292	293	294	295	296	297	298	
299	300	301	
302	303	304	
305	
306	307	
308	
309	310	311	312	313	314	315	
316	317	318	319	320	321	322	323	324	325	
326	327	328	329	330	331	332	
333	334	335	336	337	338	
339	
340	

Total number of jobs
341

Processing times of jobs
7	1	
4	7	
5	6	
3	3	
5	9	
7	6	
3	7	
2	8	
6	10	
7	4	
9	7	
10	10	
1	4	
1	4	
4	9	
2	1	
4	6	
4	10	
8	5	
1	3	
6	3	
5	1	
7	6	
1	2	
2	2	
10	2	
2	5	
4	2	
3	8	
8	10	
3	10	
6	8	
6	1	
4	6	
7	10	
4	2	
2	9	
5	9	
6	2	
9	10	
6	7	
5	6	
2	3	
10	2	
7	7	
4	6	
7	10	
1	4	
7	10	
4	1	
2	1	
7	10	
2	3	
4	6	
6	9	
6	4	
3	7	
10	1	
4	3	
8	1	
9	5	
6	3	
4	7	
5	8	
3	1	
9	2	
7	2	
10	10	
8	1	
8	5	
6	1	
6	4	
6	4	
9	7	
7	6	
4	10	
9	2	
10	4	
8	5	
5	1	
4	2	
4	2	
4	6	
8	2	
9	1	
2	7	
7	2	
9	1	
10	2	
1	9	
1	8	
1	2	
8	4	
8	6	
1	6	
8	10	
4	3	
3	9	
8	3	
9	7	
4	9	
6	5	
9	2	
1	9	
10	9	
2	7	
10	2	
6	5	
1	1	
2	6	
4	8	
4	6	
3	9	
10	7	
5	10	
1	3	
3	2	
4	9	
3	7	
4	3	
6	9	
2	2	
3	7	
10	6	
3	7	
4	6	
5	8	
9	2	
4	6	
10	9	
9	8	
5	9	
3	7	
7	8	
4	1	
2	2	
4	5	
4	3	
9	9	
9	3	
4	5	
3	8	
4	3	
5	9	
10	7	
1	9	
1	7	
1	10	
5	2	
1	9	
4	3	
9	7	
7	3	
10	8	
8	8	
9	5	
6	7	
8	3	
3	3	
10	9	
8	2	
7	4	
10	3	
9	6	
1	8	
8	3	
9	9	
8	7	
6	10	
6	4	
9	6	
6	6	
9	3	
4	9	
5	5	
10	7	
8	4	
2	5	
2	9	
2	8	
9	7	
10	5	
10	1	
6	3	
7	7	
1	7	
8	9	
6	1	
6	7	
9	5	
7	5	
9	8	
2	9	
5	7	
3	10	
5	2	
2	3	
10	3	
10	1	
7	10	
9	9	
5	4	
8	8	
3	3	
8	1	
5	10	
6	5	
5	1	
7	1	
1	3	
4	4	
7	3	
7	2	
7	6	
8	9	
3	7	
7	5	
7	1	
10	9	
7	8	
4	5	
3	9	
4	5	
2	9	
8	1	
10	6	
7	4	
4	1	
3	1	
1	4	
7	3	
5	2	
1	3	
7	7	
2	2	
10	3	
5	3	
9	9	
9	9	
4	1	
2	3	
6	5	
6	8	
2	9	
7	4	
10	6	
5	9	
5	4	
2	10	
5	9	
3	5	
4	2	
3	6	
1	5	
4	2	
8	10	
6	2	
7	10	
1	10	
1	8	
1	8	
5	6	
6	5	
1	1	
1	1	
10	6	
8	6	
4	6	
9	4	
6	3	
6	8	
1	1	
2	8	
2	8	
3	2	
3	6	
5	9	
8	3	
3	10	
9	7	
6	8	
4	1	
6	3	
9	1	
2	3	
2	2	
2	8	
9	6	
6	6	
8	2	
7	2	
3	1	
8	2	
7	2	
3	4	
4	1	
9	8	
7	1	
1	8	
6	8	
5	8	
8	6	
10	9	
8	6	
1	2	
6	1	
7	4	
3	2	
1	1	
5	7	
8	1	
5	8	
5	3	
10	7	
1	5	
3	4	
10	6	
4	6	
8	3	
7	1	
4	4	
3	10	
5	3	
7	7	
2	4	
4	8	
7	5	
8	4	
5	3	
4	7	
9	10	
10	4	
2	4	
4	4	
2	2	
4	5	
3	6	
6	6	
3	1	
1	1	
10	8	

Stepup times between Families, where [f][f] represents initial setup time
On machine	1
24	2	29	42	33	22	28	46	2	40	12	16	26	25	45	17	25	47	10	50	43	21	17	34	50	38	34	47	22	39	10	10	28	5	48	18	38	30	16	7	46	7	38	39	38	49	1	39	11	46	46	13	37	42	38	37	30	18	30	22	
4	14	12	44	37	24	23	35	38	44	32	34	8	29	40	44	41	33	30	38	6	27	23	30	30	22	47	37	37	47	7	10	45	39	32	23	27	4	29	18	35	49	47	44	12	15	25	32	29	25	37	35	5	15	42	16	46	20	21	31	
43	7	22	19	33	29	35	37	28	16	30	4	15	26	49	40	50	42	15	31	46	10	40	34	24	6	2	23	18	36	40	23	28	41	40	37	42	41	10	4	24	3	41	35	18	44	3	32	3	49	25	43	12	30	19	38	29	7	13	12	
12	11	3	24	21	33	23	22	31	6	10	10	49	48	16	48	38	32	33	5	19	12	46	29	45	20	49	14	7	12	10	11	31	11	45	14	8	18	47	9	11	8	16	5	26	42	42	15	40	8	44	36	50	48	16	49	1	35	33	12	
15	10	11	18	33	5	25	9	25	47	45	35	33	10	50	21	30	34	14	38	5	46	19	40	20	50	20	50	38	27	1	50	17	26	9	43	28	40	11	18	29	22	49	2	49	31	18	44	25	32	24	35	4	47	50	42	34	1	15	40	
18	15	13	25	5	29	41	44	27	1	23	1	30	36	31	11	13	28	35	34	7	45	39	41	27	1	9	20	7	24	9	12	7	27	38	35	1	10	9	13	14	1	36	35	10	43	13	30	34	36	8	41	30	12	9	4	48	37	13	49	
3	32	34	8	42	36	10	23	37	19	40	27	24	24	7	46	32	18	24	39	8	10	44	26	29	44	9	41	14	44	8	37	22	14	19	32	40	36	19	21	19	11	22	22	47	25	2	7	19	45	8	38	15	15	5	33	13	10	8	49	
23	17	46	24	4	31	37	26	30	42	21	22	27	16	44	39	7	22	50	24	25	13	34	21	8	40	5	42	44	33	4	24	11	25	31	50	39	2	23	27	20	33	17	2	38	39	13	17	1	39	8	21	8	37	1	21	23	13	32	7	
2	48	10	13	33	30	8	19	20	37	23	21	42	4	18	37	1	8	23	22	9	3	42	32	34	23	38	30	33	37	34	40	39	45	11	43	31	29	18	35	10	19	43	45	29	14	44	36	17	42	25	44	17	37	17	31	15	31	45	41	
2	38	25	31	38	5	39	41	31	14	11	34	29	7	37	34	4	43	31	19	26	50	32	14	13	16	22	17	20	50	27	17	6	2	42	2	10	30	9	32	50	50	3	2	29	14	36	36	38	28	7	9	35	50	36	1	36	47	45	26	
38	20	25	12	16	18	22	8	30	19	22	42	19	45	34	22	15	47	46	37	9	47	47	46	40	15	8	3	15	36	15	8	11	12	13	36	50	35	44	37	10	40	48	10	46	42	22	42	49	17	5	17	13	37	49	49	23	7	27	3	
30	49	24	44	31	15	7	11	14	45	46	41	50	35	14	42	19	30	33	14	43	47	43	8	50	24	13	20	15	3	19	47	49	11	9	18	15	30	38	43	1	7	1	22	38	22	45	28	32	18	11	32	12	29	23	36	4	23	12	11	
8	45	6	47	41	4	35	7	47	26	27	1	40	43	1	32	26	26	41	20	16	43	24	44	42	14	31	19	19	27	15	20	40	38	21	17	30	31	30	44	29	20	28	7	48	48	8	37	9	13	16	4	3	13	6	12	4	10	47	30	
15	50	4	17	21	41	5	15	42	23	45	37	2	47	20	44	27	42	8	35	31	35	27	50	13	25	33	48	44	37	19	13	24	31	20	15	32	7	33	19	8	50	48	15	28	4	12	32	47	30	48	42	8	10	43	40	35	40	9	11	
18	12	16	28	28	14	17	27	6	25	19	19	42	2	34	20	50	7	21	36	36	49	38	3	42	21	13	26	13	35	36	42	29	22	23	15	44	20	44	1	47	47	42	26	14	18	22	13	22	49	47	38	20	21	14	14	2	49	43	23	
24	33	7	35	43	33	1	30	27	45	10	46	27	12	25	10	13	36	17	30	44	30	14	4	48	24	11	20	31	25	21	27	36	45	11	45	47	9	40	31	36	20	5	26	40	30	2	10	15	41	43	14	5	26	11	31	38	35	6	16	
7	28	15	35	15	24	1	28	17	3	8	38	31	40	10	33	29	27	36	49	30	20	26	4	33	47	35	47	10	12	35	8	26	6	47	28	18	29	21	40	11	23	2	38	10	2	38	41	29	44	33	45	41	37	16	37	6	1	31	45	
40	42	33	24	6	33	7	14	3	11	27	15	30	36	27	17	40	31	25	42	42	2	14	36	49	48	9	14	5	49	1	24	19	36	13	3	32	22	29	39	29	46	24	28	38	35	3	26	24	23	24	11	38	26	22	37	42	45	31	7	
50	28	15	20	15	11	11	17	32	45	5	12	14	13	23	7	39	49	29	50	39	31	12	16	27	17	19	33	28	48	49	49	11	15	15	46	40	8	48	5	44	15	9	4	6	19	17	41	23	19	12	19	25	17	15	32	37	31	5	6	
34	50	12	6	47	10	41	9	32	42	18	5	35	17	22	27	44	27	40	11	15	22	20	19	44	2	50	44	31	32	31	23	24	33	43	43	2	4	43	30	33	2	14	20	2	26	27	16	18	24	24	49	14	47	22	44	34	28	11	38	
28	45	38	28	32	22	14	28	41	14	19	32	34	37	35	50	49	29	11	13	38	35	47	37	50	38	41	8	9	44	27	49	32	46	47	35	12	47	23	40	32	29	21	35	46	31	47	31	30	49	8	36	1	49	43	3	11	44	15	24	
29	41	47	44	33	24	23	6	19	16	13	42	11	28	23	26	38	29	7	13	6	18	16	23	41	22	30	43	17	25	11	18	34	3	37	6	42	4	10	1	48	4	5	26	35	48	2	23	44	18	35	28	5	41	26	6	44	21	50	17	
9	49	40	18	18	31	40	32	23	5	12	14	27	50	48	5	14	2	33	46	36	5	46	23	41	16	41	23	47	50	41	39	2	35	38	13	1	7	40	22	26	18	48	19	40	46	37	37	29	40	35	40	5	7	33	10	50	45	8	21	
45	45	21	30	42	18	41	16	48	18	38	19	36	43	45	25	5	44	26	17	14	39	6	10	15	47	35	4	3	39	17	50	34	5	17	16	47	16	10	46	30	40	9	3	27	35	42	36	27	19	49	15	35	16	22	17	46	8	14	16	
41	35	41	39	12	47	20	5	39	23	18	10	22	42	27	50	8	24	7	43	34	3	3	22	1	42	20	42	15	25	16	22	8	38	11	5	15	19	45	19	25	12	50	12	4	31	39	22	27	34	18	17	2	35	9	29	20	18	49	13	
26	29	15	48	2	19	19	6	13	33	38	12	33	7	34	40	4	6	24	27	28	22	19	10	30	46	19	3	22	13	2	42	38	40	23	34	7	32	4	6	48	6	7	38	9	41	12	30	41	26	21	5	34	43	40	8	4	5	30	33	
4	8	33	8	11	49	22	24	10	40	16	13	16	12	5	33	20	40	38	17	34	3	46	46	17	6	33	14	43	9	30	21	2	21	10	17	25	25	50	5	33	18	47	5	48	32	9	33	3	2	38	17	26	24	45	41	49	10	3	25	
6	25	10	2	38	47	45	31	15	25	41	15	38	41	4	23	27	6	13	21	16	31	24	30	41	17	9	24	9	13	21	43	4	30	45	8	19	34	22	20	31	48	9	9	36	13	39	39	8	48	2	13	49	7	48	4	25	37	39	18	
15	13	2	15	1	40	31	38	23	9	15	28	33	18	27	23	45	28	44	9	15	26	25	25	17	17	42	21	14	24	31	10	13	34	36	5	29	28	19	40	31	22	16	21	28	30	32	26	32	36	29	23	5	18	22	37	20	38	48	44	
42	29	44	48	10	33	14	25	28	27	10	14	13	11	47	43	45	20	34	2	38	27	43	50	30	25	50	47	8	24	6	49	49	27	47	34	29	18	16	21	18	40	11	36	3	36	30	25	37	1	46	18	22	2	33	11	4	8	40	31	
21	12	28	49	9	50	36	16	32	15	37	19	11	48	10	17	42	40	26	23	2	25	1	20	44	49	7	23	46	48	18	19	16	22	44	36	18	33	38	46	13	42	30	47	35	2	7	3	24	31	12	1	28	33	49	43	38	29	2	5	
12	19	23	20	7	42	9	5	26	42	40	1	42	21	13	45	41	31	29	36	46	11	5	29	11	8	49	31	4	15	45	37	46	16	4	44	8	19	40	10	18	12	24	45	3	39	15	23	12	2	49	9	8	39	19	21	27	25	37	15	
46	34	50	37	44	48	23	14	4	26	47	43	31	39	48	6	36	48	40	36	40	6	17	26	10	33	32	7	7	47	48	37	26	3	16	4	3	22	37	38	14	41	23	44	6	22	37	12	1	49	7	38	33	9	28	30	45	48	47	37	
19	12	23	43	16	15	43	14	42	45	44	21	14	47	15	16	21	20	36	5	44	43	29	3	18	34	23	42	37	1	11	37	19	33	20	7	16	21	42	31	17	41	27	19	48	6	39	29	24	16	44	45	47	24	12	49	45	28	34	17	
32	28	37	3	29	29	20	7	28	8	50	17	36	9	7	35	13	2	18	36	32	17	48	6	28	16	41	46	48	26	42	38	11	42	9	30	26	43	4	45	37	43	15	14	27	43	36	5	27	6	4	24	16	1	30	44	44	23	31	44	
48	9	6	45	44	45	47	8	42	10	8	49	50	30	50	49	19	6	11	46	8	5	46	39	49	25	38	15	50	47	40	27	21	11	26	21	19	14	29	47	43	3	3	4	44	46	44	29	50	22	6	10	13	32	33	19	25	15	11	8	
44	47	37	46	41	8	1	32	9	3	9	5	32	23	16	32	31	12	29	44	38	36	26	32	2	4	19	24	38	24	2	41	6	1	3	29	9	17	21	44	43	49	37	20	48	23	5	19	45	21	33	19	42	35	18	40	21	39	5	6	
8	30	5	18	37	50	48	10	23	44	25	37	3	19	29	47	35	2	40	1	5	24	17	6	35	31	6	34	37	49	46	7	35	14	31	39	9	6	42	49	36	38	26	27	39	20	37	7	39	30	50	10	1	45	28	45	3	39	13	42	
34	17	16	25	11	35	29	22	44	21	34	26	42	4	36	26	5	31	49	22	43	16	10	14	23	31	15	2	8	5	36	28	17	3	14	21	8	41	33	49	22	24	35	1	29	21	40	28	41	7	28	41	31	15	41	13	50	22	35	49	
21	8	3	35	48	40	32	5	6	37	50	20	18	48	18	50	30	42	22	27	7	7	49	34	43	16	5	35	31	15	6	34	32	42	19	6	35	33	45	17	39	1	1	14	21	35	14	33	43	26	11	17	33	3	13	33	2	22	48	31	
36	48	10	26	33	18	17	1	43	13	50	49	40	38	2	11	47	17	1	22	3	43	10	39	4	50	36	36	22	20	40	9	17	46	22	21	36	25	7	45	26	1	45	9	30	24	27	4	38	1	3	42	18	16	4	49	19	1	26	43	
33	43	12	16	34	14	29	34	8	8	29	10	38	27	35	35	2	28	17	25	18	35	37	13	44	27	37	7	37	45	38	16	38	44	26	45	29	8	29	14	48	36	36	36	50	8	36	31	50	43	37	13	50	36	50	25	28	17	33	47	
16	47	3	1	5	22	2	4	1	11	49	19	32	34	37	45	25	36	15	36	20	14	48	13	17	37	14	30	18	16	12	43	36	44	32	11	43	43	8	5	33	31	10	31	48	23	9	5	11	32	43	34	31	18	39	13	5	3	16	14	
32	43	32	47	44	49	11	4	30	2	7	35	47	47	12	40	26	41	17	6	24	50	7	10	2	35	44	4	18	11	1	11	26	45	21	11	25	15	26	25	28	32	37	49	47	33	48	24	11	37	11	13	16	7	1	33	26	34	41	8	
32	28	29	7	3	40	48	38	4	3	3	13	4	8	32	5	44	50	41	24	24	34	13	28	47	24	5	17	27	43	39	15	40	29	2	15	28	35	42	10	35	29	48	10	30	29	38	40	2	49	25	30	33	43	44	16	22	31	3	28	
1	49	21	44	42	12	1	1	31	32	46	9	14	36	45	24	44	19	46	6	21	25	13	29	48	3	3	28	24	31	9	12	16	46	1	29	20	30	38	11	12	38	30	17	7	21	8	40	21	37	43	5	50	45	25	13	27	23	30	8	
17	34	1	17	24	49	2	40	31	29	47	43	41	35	40	48	12	25	41	31	27	23	8	39	49	16	32	1	34	40	14	40	37	43	32	22	33	15	29	43	13	49	12	7	7	26	7	30	35	43	30	49	8	22	15	6	24	3	13	47	
2	44	36	32	42	16	35	37	31	12	28	4	11	13	42	15	21	24	14	41	32	15	40	31	1	18	50	22	6	48	26	18	18	36	40	14	3	2	5	38	50	25	8	40	23	42	43	41	13	16	48	27	29	32	44	27	43	20	48	36	
7	44	22	30	38	5	15	45	33	40	12	16	4	34	6	29	47	26	32	29	15	13	15	12	8	14	45	3	12	11	32	26	14	46	17	18	20	32	41	35	16	45	9	50	46	10	4	34	20	13	20	3	29	15	42	7	1	20	7	41	
34	48	24	23	49	31	2	14	27	4	19	26	18	22	20	25	13	13	46	35	32	44	30	36	44	47	26	34	44	18	40	7	40	12	23	4	34	34	30	17	9	50	48	37	27	49	23	50	46	28	35	9	8	33	46	50	4	7	13	33	
27	13	47	47	34	41	38	11	16	48	1	3	50	41	34	12	16	27	50	27	23	14	6	48	12	49	30	15	1	3	44	8	25	36	43	42	18	30	27	40	23	6	40	22	39	50	2	39	15	32	46	46	42	18	36	44	8	23	24	35	
18	28	1	49	33	44	22	50	50	16	21	47	40	14	20	14	34	14	13	18	36	1	21	23	20	15	12	7	17	4	28	48	24	25	32	24	35	48	7	16	39	42	33	6	23	19	21	43	12	23	33	38	12	22	41	13	10	19	38	8	
9	3	24	50	7	36	12	37	47	18	29	1	35	42	35	24	42	43	24	31	23	24	8	33	15	10	23	30	39	33	40	37	44	3	20	47	39	27	27	21	10	29	17	29	36	24	12	36	24	16	32	6	33	24	16	37	16	6	24	26	
29	1	43	47	13	45	18	18	33	45	5	10	46	17	25	40	13	4	27	34	17	5	13	41	13	36	24	17	10	38	30	47	28	44	14	27	35	11	16	45	35	3	22	20	3	40	21	40	37	36	2	35	37	21	46	8	3	29	30	37	
42	24	6	9	20	22	33	27	43	38	23	8	47	11	17	31	25	29	2	1	38	1	25	25	35	47	4	45	31	32	44	29	12	29	29	41	41	16	11	33	7	6	46	38	5	32	3	41	31	9	41	12	8	37	25	22	19	10	3	6	
26	12	3	21	36	1	19	20	47	35	29	13	17	35	14	46	14	39	7	30	42	41	23	24	30	21	9	40	29	6	9	11	22	11	4	27	8	33	10	10	28	27	21	31	19	19	21	25	37	25	33	24	14	30	44	7	42	3	34	48	
44	7	13	28	5	46	43	8	32	8	11	34	14	47	12	38	41	24	39	20	34	29	47	3	25	36	29	12	48	29	45	8	14	29	50	41	48	7	24	21	6	49	11	4	39	41	5	27	18	9	37	37	39	43	10	7	21	45	15	21	
39	45	18	17	38	39	17	50	42	7	14	12	42	19	29	26	4	46	16	48	2	41	6	2	38	19	11	31	1	1	14	18	29	43	41	21	40	34	22	4	19	34	40	38	45	39	24	8	44	6	38	12	17	9	38	4	18	32	16	45	
3	17	20	17	30	38	15	49	26	47	37	33	41	2	43	21	32	6	20	20	20	4	41	45	5	43	50	49	7	14	22	9	15	3	38	30	27	15	47	9	41	5	10	50	48	9	6	1	13	21	1	3	8	1	12	9	11	14	21	40	
49	4	50	43	46	5	31	22	42	23	29	13	15	40	33	20	24	20	7	50	16	44	48	25	40	28	40	26	19	33	9	50	43	33	20	35	25	47	9	35	30	14	26	34	50	42	12	18	11	31	4	22	36	8	50	23	17	8	17	40	
On machine	2
13	19	15	12	39	20	43	37	34	22	29	48	23	47	49	27	15	8	29	3	23	21	50	17	25	22	44	32	40	20	44	23	16	49	2	43	42	44	12	37	9	16	6	38	29	41	4	36	17	44	28	21	5	17	40	8	35	31	42	50	
38	40	31	16	17	22	12	47	43	40	11	2	21	8	3	27	19	17	27	30	16	29	49	45	44	9	33	7	39	28	38	12	49	7	37	3	48	45	16	37	21	35	5	32	44	32	4	7	11	28	31	47	26	14	25	14	41	47	47	1	
49	24	33	1	37	9	13	39	5	34	11	11	22	13	18	41	24	27	33	50	29	44	21	7	29	26	1	4	38	12	16	19	9	38	12	46	38	40	5	11	5	10	23	50	46	11	5	29	25	44	31	30	48	46	2	44	43	32	34	50	
29	21	48	27	2	16	14	10	36	15	4	3	4	2	38	18	47	29	13	42	46	38	23	34	16	2	35	10	25	26	42	40	27	4	29	5	14	41	11	21	3	9	29	49	8	29	7	42	31	41	2	26	10	40	28	30	29	43	30	3	
34	35	39	28	31	37	25	47	16	22	4	42	49	4	12	30	44	4	39	35	42	39	27	27	39	35	26	37	42	3	5	25	32	1	14	48	13	23	48	15	36	8	2	31	2	20	12	13	10	26	41	19	26	43	20	37	27	20	40	7	
24	41	27	20	17	37	22	1	43	32	34	36	16	24	43	30	44	22	48	28	4	38	10	21	16	32	26	16	22	47	40	23	3	22	5	4	40	47	26	37	15	45	17	34	5	31	29	15	28	46	20	20	13	37	26	33	13	5	50	25	
21	23	43	17	23	21	8	40	41	40	50	3	25	17	8	1	5	20	5	24	41	35	37	3	45	14	29	27	41	39	25	18	46	49	20	37	15	19	36	20	42	19	32	33	38	9	14	11	36	50	42	15	6	6	35	19	26	33	2	10	
8	32	29	3	1	16	29	48	15	4	1	40	22	27	22	38	5	10	34	20	7	24	27	8	37	4	35	46	49	31	40	34	9	39	38	34	47	37	49	10	25	3	7	6	45	11	11	14	50	26	16	48	12	4	5	39	14	26	28	8	
31	3	3	21	26	25	33	33	43	33	24	2	21	38	36	14	11	31	37	23	13	10	48	33	13	3	50	47	4	11	4	29	42	16	8	5	43	43	31	36	9	19	45	1	44	1	18	17	23	16	16	8	22	34	17	45	11	32	14	30	
42	8	30	1	20	49	34	40	49	6	19	47	43	46	25	33	12	9	10	22	40	3	10	42	24	15	2	18	27	20	28	24	23	37	50	45	39	17	25	7	2	29	1	49	36	41	10	7	5	39	11	3	21	23	42	21	39	41	46	36	
17	8	17	27	37	25	25	15	44	11	32	22	44	9	8	8	28	22	39	30	44	3	2	13	11	42	44	50	35	25	33	34	23	23	17	39	46	44	36	32	1	13	3	16	40	10	49	40	13	30	45	41	18	9	5	20	11	24	28	1	
21	4	45	40	8	4	43	40	20	18	13	49	26	10	1	39	24	39	42	11	39	14	8	45	39	2	41	10	40	17	2	12	6	40	10	22	24	45	21	26	41	46	17	16	24	15	7	18	49	45	3	33	7	45	19	30	17	38	22	1	
35	13	49	5	22	16	44	40	19	45	42	42	19	23	47	33	35	49	25	47	23	33	43	36	38	6	45	15	35	26	40	43	25	43	18	32	17	42	33	8	3	14	33	50	44	42	19	50	20	5	48	40	38	32	15	32	6	17	50	4	
45	2	33	50	20	47	29	11	44	33	36	37	13	20	26	42	10	28	8	17	42	16	13	38	23	27	36	47	3	21	9	13	5	8	14	22	34	20	7	26	43	29	8	2	14	32	6	43	19	45	35	13	36	9	18	49	12	13	32	25	
43	36	22	41	2	11	9	38	39	1	27	45	24	45	32	31	21	35	10	47	4	42	48	50	20	15	29	14	41	42	9	25	43	23	8	39	18	34	24	10	2	33	19	48	49	2	36	13	49	47	47	8	36	50	8	8	33	41	34	7	
29	19	19	35	4	48	4	22	33	25	6	49	32	35	34	18	49	27	43	6	23	30	41	16	40	2	18	13	2	35	47	1	21	12	21	47	34	50	2	17	32	20	16	34	9	48	20	33	9	7	3	32	32	3	26	26	28	23	12	9	
25	50	36	14	13	26	41	49	9	12	15	6	19	18	10	38	27	39	22	23	37	3	47	13	19	12	33	40	14	12	50	22	14	47	5	2	35	9	27	29	23	39	35	15	35	3	39	20	6	15	43	48	39	14	12	3	15	36	1	12	
31	10	5	24	6	45	6	15	5	30	11	39	10	8	37	41	40	2	28	6	15	23	1	20	27	14	2	20	22	20	34	45	17	46	28	41	23	21	37	41	11	36	34	49	35	23	18	22	14	16	19	33	12	19	39	14	14	2	48	1	
24	9	11	19	12	41	47	9	23	7	22	27	28	45	48	44	5	11	40	38	42	2	13	38	37	46	12	3	35	1	22	44	30	10	23	20	25	9	21	19	17	11	47	41	49	14	33	38	30	38	26	41	42	27	20	29	23	41	4	29	
12	40	13	50	48	2	26	10	37	49	15	23	4	48	12	12	22	45	31	17	2	32	43	25	6	47	3	7	1	31	27	15	1	22	34	2	8	22	33	7	48	38	44	22	18	6	24	6	15	45	29	9	34	22	19	10	41	39	41	24	
9	33	22	15	46	24	11	12	43	16	37	38	42	45	32	21	47	14	38	2	30	28	10	14	32	49	29	50	45	25	2	46	49	5	24	49	43	33	15	28	21	31	10	14	45	41	15	1	47	27	3	28	24	33	30	42	44	9	42	48	
50	50	9	43	34	46	44	21	25	39	45	45	31	29	17	15	13	43	24	43	46	36	29	28	40	5	48	39	47	38	34	24	7	48	48	27	40	26	9	15	47	25	9	40	15	25	17	34	25	38	18	17	7	26	4	44	8	13	43	33	
35	33	18	10	21	46	4	15	33	26	35	17	47	15	32	7	19	25	2	45	46	24	34	32	13	8	13	21	10	36	11	48	20	45	10	8	20	27	32	17	15	36	38	8	1	7	45	5	6	45	20	6	14	20	36	20	36	12	49	45	
34	42	7	45	17	16	9	50	12	12	23	32	5	29	45	4	4	20	10	8	46	19	16	9	47	19	19	8	12	27	2	43	15	2	31	46	47	29	40	16	32	36	5	5	14	26	23	36	24	19	15	8	26	28	15	40	4	24	38	26	
21	17	23	36	33	18	46	9	34	25	25	20	12	1	26	42	34	35	4	19	9	36	29	25	36	8	50	24	31	8	7	47	38	21	25	12	12	30	7	38	2	17	11	42	40	2	8	7	15	23	35	45	34	17	31	47	20	18	33	27	
40	4	38	17	48	33	32	7	3	49	32	37	47	12	24	42	24	43	47	38	21	28	49	44	39	45	28	30	11	7	22	38	16	37	38	7	4	38	11	23	39	32	20	11	1	22	5	33	41	2	9	45	23	49	48	26	19	28	5	26	
23	17	5	40	13	2	6	25	41	29	27	46	44	20	8	43	49	31	3	5	5	10	48	31	13	8	27	49	6	13	42	19	10	48	43	19	37	4	23	42	4	40	38	25	40	36	50	37	46	34	10	50	32	12	32	4	33	50	7	6	
16	7	45	44	30	2	12	22	49	5	25	14	20	28	13	25	22	2	44	8	50	49	1	26	25	20	23	49	46	10	20	21	38	23	5	33	8	11	30	16	10	24	50	44	2	39	1	30	4	36	15	22	23	17	9	39	41	6	46	36	
17	31	48	29	44	30	15	35	39	10	15	14	40	36	28	50	19	48	44	19	2	12	17	9	12	37	46	44	24	37	4	36	50	32	30	24	30	39	3	31	25	28	42	45	21	8	49	36	43	49	45	38	38	11	46	35	35	30	21	44	
34	15	41	13	17	36	50	23	7	3	24	17	50	16	49	39	13	49	33	16	46	45	4	49	17	23	46	12	10	29	33	29	22	49	18	4	11	42	4	46	9	45	25	39	2	48	18	7	38	38	10	8	39	15	49	30	48	8	6	16	
48	35	46	30	40	43	38	21	10	40	34	30	40	35	16	40	8	25	9	9	27	32	6	27	4	24	34	39	32	20	24	27	23	11	34	35	10	39	31	29	46	25	43	7	37	24	38	32	11	2	29	35	43	45	9	2	5	17	26	19	
28	19	29	4	16	25	36	8	5	36	40	42	37	50	9	10	45	48	38	22	29	10	43	27	8	44	16	47	13	40	3	26	11	24	42	21	43	36	31	33	25	43	3	25	4	12	11	5	10	41	44	20	44	38	14	43	24	42	38	23	
2	34	3	35	50	25	29	19	24	43	28	6	46	4	3	50	38	26	50	7	44	34	46	47	28	30	48	21	48	4	28	42	45	11	29	19	38	5	37	39	14	21	48	25	21	9	33	33	34	37	42	44	37	46	29	11	38	39	29	33	
28	9	38	30	40	44	42	28	4	35	5	33	7	35	5	36	22	39	31	46	5	26	32	14	41	35	38	16	2	39	38	49	42	2	10	45	3	11	50	4	46	32	17	43	15	4	9	2	22	10	48	1	20	19	37	9	30	20	14	48	
16	16	14	38	41	10	3	45	35	45	40	11	32	29	20	36	17	9	17	13	49	17	13	16	48	43	43	41	18	7	7	30	15	43	43	18	13	26	14	3	8	9	39	5	31	41	39	47	3	35	12	46	15	43	14	3	12	4	11	34	
36	30	34	42	18	37	40	23	48	25	40	25	48	17	39	33	38	35	26	46	41	12	2	12	23	31	20	31	23	34	28	14	17	8	32	3	33	1	28	35	5	49	5	16	48	10	29	44	46	20	10	32	24	3	46	49	23	44	42	38	
27	30	28	6	30	24	41	31	18	32	45	38	15	19	9	45	8	4	37	38	1	48	2	37	12	18	43	47	25	23	22	8	24	41	42	30	3	45	6	41	3	18	40	10	28	26	34	14	10	36	42	28	35	24	36	43	4	7	39	45	
18	15	10	47	31	12	41	8	26	2	3	45	4	33	38	49	28	21	18	11	43	2	13	44	6	12	30	46	34	7	9	30	50	6	23	35	39	22	43	28	48	11	21	41	39	16	43	34	23	11	1	48	48	7	48	46	34	4	25	10	
4	17	36	40	3	39	2	24	25	1	12	26	50	30	9	24	50	39	6	25	5	45	11	45	1	42	10	46	49	41	8	13	23	23	50	8	14	3	48	30	31	37	23	4	37	26	25	21	7	19	36	48	35	28	8	33	32	10	2	4	
25	46	48	47	35	2	27	2	2	3	43	33	23	30	27	12	48	23	25	44	10	13	21	44	10	40	28	7	11	36	24	11	49	45	19	41	33	24	36	24	27	40	31	14	5	45	23	16	8	34	42	16	5	18	45	41	4	32	20	15	
36	18	22	7	22	38	29	35	39	48	40	38	19	21	34	1	45	31	35	17	48	32	6	15	27	21	39	45	49	1	29	2	15	13	18	33	50	2	46	36	17	6	50	24	24	45	31	39	19	19	33	11	47	42	3	11	45	18	6	26	
40	46	24	46	26	17	47	46	41	17	44	1	10	7	3	32	26	32	50	5	39	38	35	28	42	3	3	28	3	28	33	23	19	8	5	39	47	20	37	30	40	24	49	2	42	46	29	39	13	27	31	41	34	36	13	46	7	25	17	4	
27	9	46	40	20	6	16	5	10	13	44	25	47	2	47	11	9	30	40	7	45	34	40	39	21	37	7	27	46	39	20	9	14	12	7	29	6	43	32	22	1	35	7	47	46	40	48	29	10	38	23	45	12	13	38	6	6	4	19	31	
41	3	28	13	32	47	32	27	3	18	34	10	41	25	4	50	40	47	46	25	47	22	45	32	14	13	33	31	9	9	5	2	35	2	41	18	49	43	35	48	13	36	3	44	21	38	10	50	23	10	41	3	40	25	16	6	17	11	7	38	
43	47	25	29	34	6	15	41	40	23	8	26	47	23	43	42	39	26	44	29	19	22	47	10	16	33	11	11	6	37	8	44	20	39	10	35	6	10	20	46	47	1	5	43	2	16	24	25	39	7	22	18	11	15	40	30	19	36	13	17	
38	31	43	21	38	42	7	12	42	37	21	18	16	28	24	47	30	26	44	32	40	2	3	33	33	46	23	11	10	33	48	32	25	6	47	37	34	43	21	15	1	12	43	38	14	48	23	17	13	16	7	27	32	41	8	34	2	32	45	15	
28	13	11	41	9	50	33	10	16	48	4	12	15	38	23	17	43	30	26	30	43	13	19	46	19	9	34	1	12	24	14	40	8	24	1	31	9	40	27	22	6	22	36	41	32	7	28	16	40	34	29	50	28	14	28	4	13	17	43	44	
37	5	5	12	8	18	14	4	9	26	31	23	1	37	26	2	41	18	50	17	49	7	28	18	13	8	38	16	11	16	7	39	24	24	13	43	3	8	10	29	31	4	28	28	15	8	41	16	28	12	45	27	14	8	44	10	47	9	41	46	
44	33	41	46	39	12	50	28	6	12	24	6	34	37	25	31	1	37	46	45	39	50	45	3	50	14	28	50	16	34	34	41	36	14	8	38	50	34	23	37	19	21	3	15	46	2	46	47	47	35	49	24	18	7	45	41	43	50	24	46	
40	14	10	45	39	50	15	5	48	33	30	47	44	19	24	38	15	43	38	19	9	39	22	50	14	42	36	12	29	42	41	36	44	46	40	2	49	3	26	2	6	41	18	49	36	48	8	23	26	50	12	41	50	22	45	1	44	42	1	38	
15	25	42	43	22	41	8	6	43	47	23	18	38	47	44	45	39	37	1	49	33	18	24	39	32	1	29	24	16	50	18	9	14	27	27	17	24	48	6	15	36	7	14	37	24	14	6	9	15	9	31	26	9	17	39	21	24	34	27	14	
4	33	45	43	39	15	3	31	29	22	43	37	50	38	47	31	50	47	5	26	11	42	5	15	32	24	4	45	12	16	24	48	34	33	17	45	21	29	38	34	47	28	34	12	21	14	24	17	4	7	44	13	12	22	20	43	50	4	39	34	
4	4	45	33	23	31	47	31	1	50	29	28	46	37	26	12	25	35	32	28	43	12	11	26	11	10	20	50	44	18	31	7	25	9	48	13	20	32	12	20	16	3	35	44	7	45	39	42	24	26	10	30	10	23	20	10	44	40	14	28	
4	29	9	36	21	49	49	27	47	15	12	45	43	31	26	33	39	19	13	4	29	34	23	38	21	20	12	1	7	19	33	49	50	10	29	26	28	4	26	31	10	19	45	36	11	39	33	24	28	18	8	36	29	33	11	16	8	14	42	45	
16	48	41	19	43	26	27	43	27	38	21	47	21	3	23	26	20	37	17	30	26	11	48	4	26	48	47	26	27	1	25	24	19	14	45	25	13	13	34	7	46	27	33	27	8	4	14	44	6	44	46	29	23	37	5	10	44	37	11	14	
31	2	18	48	40	48	28	3	24	14	41	48	5	36	27	43	22	12	34	35	23	1	7	34	25	45	25	34	42	40	34	6	49	30	27	31	17	21	6	22	45	32	3	1	3	21	25	29	50	10	27	26	14	7	22	21	15	40	32	28	
4	11	33	12	43	22	2	15	26	44	1	16	31	26	31	12	38	43	49	35	30	22	47	29	6	19	50	46	4	2	16	37	42	22	44	8	31	39	20	11	49	1	18	36	10	47	21	44	43	43	11	45	6	28	28	35	33	2	40	21	
30	50	22	7	47	42	46	19	29	13	36	27	19	3	20	14	40	48	9	27	8	44	22	42	5	33	31	18	11	25	38	16	47	13	31	34	5	9	25	15	44	37	50	20	37	15	50	30	39	14	44	24	23	35	50	22	27	16	45	20	
28	33	33	21	28	22	44	46	27	2	36	21	2	9	25	47	28	28	45	49	23	15	21	41	49	5	9	14	42	45	23	29	26	47	25	24	37	22	29	17	9	26	38	6	13	4	34	44	16	23	21	49	44	46	26	42	18	5	46	17	
3	30	41	33	46	11	29	47	36	28	12	25	33	43	41	42	28	32	27	37	47	21	36	9	48	25	30	16	11	8	30	21	18	22	23	2	39	38	18	7	10	29	18	8	34	23	12	13	12	50	3	41	20	19	13	5	25	16	24	2	
