Factories	3
Families	40
Machines	2
SetupType	1

Number of Jobs in each Family
9	9	8	2	7	1	5	10	10	6	7	7	1	5	9	1	1	2	10	7	7	5	6	5	4	5	1	5	8	7	4	8	6	7	4	1	10	1	1	1	

Jobs in each Family
0	1	2	3	4	5	6	7	8	
9	10	11	12	13	14	15	16	17	
18	19	20	21	22	23	24	25	
26	27	
28	29	30	31	32	33	34	
35	
36	37	38	39	40	
41	42	43	44	45	46	47	48	49	50	
51	52	53	54	55	56	57	58	59	60	
61	62	63	64	65	66	
67	68	69	70	71	72	73	
74	75	76	77	78	79	80	
81	
82	83	84	85	86	
87	88	89	90	91	92	93	94	95	
96	
97	
98	99	
100	101	102	103	104	105	106	107	108	109	
110	111	112	113	114	115	116	
117	118	119	120	121	122	123	
124	125	126	127	128	
129	130	131	132	133	134	
135	136	137	138	139	
140	141	142	143	
144	145	146	147	148	
149	
150	151	152	153	154	
155	156	157	158	159	160	161	162	
163	164	165	166	167	168	169	
170	171	172	173	
174	175	176	177	178	179	180	181	
182	183	184	185	186	187	
188	189	190	191	192	193	194	
195	196	197	198	
199	
200	201	202	203	204	205	206	207	208	209	
210	
211	
212	

Total number of jobs
213

Processing times of jobs
6	7	
8	8	
1	4	
7	4	
2	9	
4	7	
7	8	
6	7	
1	9	
10	9	
5	2	
3	6	
5	5	
1	9	
4	9	
9	8	
1	9	
1	3	
3	8	
7	5	
8	4	
10	2	
5	4	
1	3	
4	6	
7	8	
5	10	
10	5	
2	5	
8	6	
2	8	
2	5	
1	3	
4	1	
1	3	
5	2	
9	4	
10	10	
2	4	
10	1	
2	6	
5	10	
6	10	
7	10	
4	2	
8	1	
10	4	
1	8	
2	4	
2	1	
1	1	
8	8	
7	6	
8	3	
9	10	
6	1	
10	2	
7	7	
8	10	
9	6	
5	8	
1	2	
8	3	
6	5	
3	4	
6	9	
10	6	
2	3	
8	6	
9	9	
6	5	
4	3	
4	9	
7	5	
6	1	
6	5	
7	2	
5	3	
3	2	
3	2	
6	6	
2	9	
4	3	
4	5	
8	10	
8	10	
9	1	
3	10	
4	8	
3	10	
4	4	
6	9	
3	5	
6	6	
4	8	
2	4	
4	2	
5	1	
8	3	
9	6	
3	3	
6	4	
5	5	
3	4	
5	6	
10	10	
8	10	
9	4	
2	4	
6	7	
1	9	
6	7	
3	9	
4	3	
2	1	
5	6	
7	7	
2	7	
8	5	
8	8	
4	7	
9	7	
8	6	
10	10	
4	10	
5	3	
6	5	
5	2	
5	7	
5	10	
2	3	
1	1	
2	5	
2	3	
10	2	
7	5	
2	6	
9	1	
4	10	
9	4	
7	6	
6	2	
4	3	
1	6	
7	5	
7	7	
5	10	
6	5	
2	10	
6	3	
4	3	
9	9	
7	1	
6	5	
9	6	
8	5	
9	3	
2	3	
3	9	
3	3	
3	10	
9	4	
9	1	
10	5	
9	9	
3	9	
4	10	
4	2	
9	9	
8	7	
10	3	
5	9	
10	3	
10	8	
7	10	
4	5	
1	8	
9	4	
6	5	
9	1	
2	5	
6	10	
2	8	
1	2	
2	8	
7	9	
2	3	
5	5	
8	1	
10	2	
10	7	
6	7	
2	2	
9	7	
8	5	
2	3	
10	5	
1	3	
1	3	
6	5	
4	1	
2	1	
1	3	
5	1	
3	2	
4	7	
1	7	
7	6	
5	10	
4	7	
10	1	
6	1	
3	8	

Stepup times between Families, where [f][f] represents initial setup time
On machine	1
9	1	9	10	12	6	7	11	12	15	3	2	2	3	17	15	17	9	15	19	20	18	7	3	3	8	7	14	18	1	1	11	11	3	3	19	20	9	13	2	
4	17	17	15	10	19	8	13	10	19	10	18	13	14	2	3	11	19	11	10	11	3	13	20	1	5	17	15	18	4	2	5	1	1	17	9	13	17	8	5	
12	3	4	13	14	6	20	3	17	18	20	20	3	19	15	6	16	10	17	19	5	19	20	12	17	6	5	9	8	14	18	4	6	2	5	4	9	14	7	4	
1	2	5	20	6	13	3	19	19	5	4	6	6	2	14	12	11	20	14	19	6	16	9	5	20	8	16	10	13	2	9	6	19	7	8	17	17	18	13	19	
10	20	2	13	12	13	3	17	20	7	8	2	20	20	11	10	14	18	2	8	7	10	7	3	4	14	19	4	11	20	20	9	17	2	7	15	11	8	12	10	
11	2	18	10	8	15	10	20	1	14	16	5	9	10	17	18	19	17	7	17	8	9	1	10	17	3	2	13	7	7	5	4	12	16	18	4	16	3	3	5	
4	6	11	10	17	15	19	5	12	14	16	6	1	11	8	14	13	19	20	15	1	14	6	2	12	2	6	16	8	18	6	9	11	20	14	2	7	11	1	1	
12	20	18	10	17	8	5	16	10	10	2	8	20	2	6	9	13	13	11	13	14	10	3	15	15	18	4	10	10	3	14	1	14	6	12	3	20	2	20	8	
2	5	18	17	12	17	14	13	5	5	13	16	8	17	13	8	6	11	12	6	6	4	4	10	10	14	11	10	7	19	12	8	4	18	4	9	10	4	19	13	
12	2	12	1	5	18	14	8	15	3	7	13	3	20	5	7	12	3	11	18	9	2	19	9	5	14	10	17	1	4	3	13	17	5	7	3	2	8	16	6	
19	17	1	19	10	5	1	9	17	1	12	20	2	18	3	10	11	6	10	16	17	15	2	6	8	4	12	18	10	1	16	2	8	11	14	9	10	9	10	3	
4	12	18	7	7	9	8	4	1	12	17	15	3	19	2	12	13	16	13	3	1	4	6	5	1	12	5	19	3	2	7	2	6	12	13	20	6	10	8	6	
15	13	15	10	10	7	1	2	9	10	7	10	4	17	1	7	11	12	20	8	9	7	7	6	6	1	12	2	14	17	2	6	10	18	20	16	6	7	1	13	
11	16	9	14	5	8	19	11	13	19	5	5	17	11	19	10	20	7	4	2	20	10	17	20	9	18	4	18	16	2	12	13	7	12	17	12	11	9	2	6	
7	18	17	6	11	4	15	15	20	6	1	20	14	17	18	17	16	8	10	11	7	14	6	9	17	5	9	19	11	4	7	15	9	11	4	6	5	9	7	4	
11	18	3	3	11	11	5	5	19	10	15	16	7	18	17	17	18	15	11	4	19	17	10	15	12	15	14	9	17	6	6	6	16	19	18	8	15	14	6	7	
7	15	15	4	20	6	8	14	18	1	13	7	18	5	18	10	3	18	2	20	10	11	18	12	4	6	17	18	19	11	16	8	8	19	6	8	19	10	10	12	
15	17	19	15	16	14	17	11	18	9	9	3	16	8	5	19	17	5	1	14	2	7	5	7	20	10	20	7	3	18	4	14	3	6	3	4	10	5	13	18	
6	18	3	17	12	17	8	6	9	10	2	15	20	12	15	9	9	12	9	10	5	19	18	5	5	4	20	19	15	19	15	5	14	15	12	7	9	3	3	11	
8	7	20	18	2	11	19	10	2	17	4	5	3	15	4	4	14	7	9	12	15	18	19	9	18	6	8	1	8	20	1	19	12	2	19	3	7	9	9	5	
16	9	14	19	7	3	5	20	8	4	11	10	15	16	13	13	3	17	15	5	15	17	20	12	7	9	6	13	7	17	9	14	13	4	7	17	17	4	6	17	
13	5	14	10	10	8	17	2	16	3	8	2	9	11	2	10	16	2	10	16	11	18	2	14	11	18	19	6	12	8	12	10	5	3	9	4	12	1	6	3	
1	12	4	6	19	4	12	8	16	20	20	5	6	18	1	5	18	4	9	11	8	9	17	15	3	10	18	15	14	17	1	14	19	16	7	14	7	14	6	7	
2	3	10	16	8	16	10	18	20	8	15	11	5	13	17	13	11	19	19	19	11	11	2	7	8	2	13	13	3	15	8	11	6	11	20	9	6	16	13	10	
15	8	3	3	7	6	18	8	13	20	13	1	11	11	9	7	11	8	5	16	14	5	5	15	5	4	20	14	11	2	18	4	7	2	6	7	3	14	14	15	
10	19	4	5	6	13	17	10	17	17	5	18	5	19	2	3	17	6	8	6	19	14	16	13	6	8	8	14	9	11	15	15	9	6	12	14	1	9	12	7	
4	14	15	8	6	13	8	20	16	5	1	3	10	16	13	9	14	12	12	20	19	4	3	16	6	11	17	9	3	11	20	19	19	9	16	1	20	6	17	6	
18	17	3	13	13	12	15	15	15	4	16	19	19	17	18	17	10	17	14	1	9	11	14	18	2	7	20	6	12	12	17	16	10	18	10	18	3	10	7	16	
15	3	2	4	12	6	6	6	15	7	12	11	5	13	14	18	18	12	10	15	1	14	14	19	12	1	14	7	17	6	17	7	8	8	7	6	3	15	6	20	
8	11	19	15	14	6	12	6	14	17	20	3	19	12	18	3	20	16	6	15	1	13	20	9	13	9	3	19	7	20	13	3	10	12	3	16	17	4	19	12	
19	4	20	10	18	14	6	18	19	4	15	19	1	17	14	17	11	13	1	15	12	13	16	14	3	10	12	6	12	8	9	9	15	18	7	14	15	9	14	3	
8	14	1	10	9	3	5	20	17	12	3	3	6	14	15	2	6	17	17	7	6	11	20	8	8	8	13	9	1	3	14	12	19	20	12	18	15	16	10	1	
11	10	19	3	18	4	18	2	12	13	3	8	11	3	17	5	18	13	6	11	17	5	14	14	17	8	12	15	17	2	17	17	1	19	2	6	7	5	12	19	
7	2	2	20	12	18	3	6	11	20	13	13	9	4	1	20	1	1	16	2	3	7	13	8	4	20	4	17	9	18	10	9	2	9	2	8	16	3	20	13	
13	15	16	10	15	14	9	19	11	7	18	3	3	10	20	9	7	3	17	3	1	4	9	15	6	12	7	3	3	5	14	6	11	9	5	3	15	8	12	18	
20	9	20	13	11	10	4	9	7	13	13	5	2	13	11	17	17	8	13	11	5	10	6	18	14	6	9	4	3	19	14	14	2	13	11	13	6	5	14	3	
14	19	7	18	4	15	12	20	10	6	3	16	11	13	12	9	13	1	20	4	5	6	13	6	12	2	10	10	5	10	10	16	2	3	20	15	4	12	18	4	
17	8	14	3	8	2	8	18	4	8	17	20	13	16	4	15	15	4	7	13	3	17	20	11	11	7	8	8	9	18	7	8	11	19	14	8	5	13	14	13	
3	2	6	3	13	15	14	1	9	7	8	1	4	10	15	1	11	9	3	4	7	16	1	1	7	20	19	10	9	18	17	4	3	4	13	18	7	2	16	11	
1	3	14	8	4	17	17	18	4	15	13	15	19	2	10	3	5	10	4	14	16	17	14	12	15	8	15	4	18	5	10	14	11	12	5	11	8	18	12	13	
On machine	2
18	3	17	11	16	4	18	17	6	4	19	19	14	6	9	8	16	19	12	14	19	8	12	13	4	19	1	16	7	17	5	6	3	3	4	9	18	1	15	11	
4	4	18	6	20	5	10	14	5	1	15	8	13	18	9	17	3	18	18	3	18	3	15	7	17	18	6	4	9	16	8	10	18	9	14	3	5	15	1	2	
14	3	18	13	4	14	19	9	17	6	3	15	11	2	16	1	19	20	3	14	2	18	4	18	5	11	19	9	10	10	9	17	7	11	7	18	12	9	20	14	
8	12	1	1	17	19	6	19	18	13	7	11	16	4	8	10	11	6	16	12	5	3	4	11	1	18	11	18	10	12	9	3	2	2	8	12	1	15	11	7	
17	5	17	12	4	18	16	15	11	6	3	6	12	11	8	3	7	17	6	2	1	19	6	1	15	10	12	13	1	16	1	5	4	4	7	17	4	8	8	16	
14	11	6	8	3	20	2	14	17	19	8	13	14	14	18	4	5	10	17	4	20	16	8	14	19	14	7	13	18	10	11	14	19	17	18	13	12	20	14	3	
8	11	8	4	15	18	19	7	6	12	2	20	18	1	6	14	11	15	10	4	2	9	6	9	10	16	19	10	5	2	19	7	6	19	12	3	14	13	3	15	
6	7	5	18	11	13	10	20	19	11	7	8	18	11	14	8	7	9	5	18	13	17	18	5	18	2	18	17	11	5	3	7	19	19	20	9	12	11	11	8	
19	15	12	7	20	6	13	7	7	18	19	3	9	19	12	10	1	8	7	10	8	20	7	12	19	7	8	1	1	7	14	16	12	13	7	5	8	12	19	7	
5	12	3	17	20	7	7	10	17	20	7	11	3	16	19	14	9	5	9	4	8	5	3	10	1	19	9	15	20	19	14	20	13	12	15	14	10	1	11	8	
5	12	13	20	16	15	14	20	18	12	6	12	7	9	13	6	2	7	6	8	2	6	16	13	4	20	8	15	8	5	18	17	6	16	3	17	17	15	9	2	
12	20	12	1	5	6	10	17	4	3	6	6	6	13	7	19	5	2	13	6	8	15	14	20	7	10	11	16	20	3	1	5	6	10	16	4	7	15	8	6	
10	13	13	14	14	15	1	10	20	12	12	7	9	7	13	18	16	11	18	16	8	19	16	1	13	4	8	1	7	17	12	2	4	7	10	6	16	2	14	9	
10	12	7	18	20	1	13	10	13	7	8	15	6	3	10	13	3	11	4	19	4	9	18	9	3	12	3	18	7	5	16	16	18	5	20	9	11	1	7	9	
3	2	8	1	9	7	1	10	15	3	10	3	19	11	2	18	18	4	18	5	4	12	2	4	20	7	17	3	13	15	14	2	13	5	8	15	13	7	7	11	
5	9	12	12	10	19	12	6	1	10	8	4	17	15	11	9	12	6	6	14	6	12	8	6	11	2	18	5	18	19	17	5	10	15	12	19	8	6	15	4	
1	20	20	11	9	10	20	10	19	10	5	19	19	18	19	17	2	18	11	6	5	7	7	12	5	3	12	11	9	6	4	5	12	17	12	17	17	14	17	4	
4	11	4	17	11	7	20	14	9	10	11	7	9	15	17	15	6	11	12	5	2	1	11	5	9	1	18	18	15	9	14	18	20	9	13	20	14	9	3	18	
8	17	14	20	7	7	7	3	6	5	6	12	14	9	12	7	5	13	7	16	10	16	6	9	2	8	18	18	9	10	12	16	16	6	11	20	9	12	12	11	
4	15	5	5	1	4	15	7	18	19	15	20	2	8	6	17	10	4	12	17	7	4	10	9	20	15	20	19	17	16	18	20	20	3	8	12	20	9	7	14	
19	16	18	1	12	3	11	1	16	13	2	5	16	9	11	1	20	3	15	14	11	1	19	5	19	20	4	16	18	19	10	16	8	4	7	20	15	7	3	9	
5	4	10	11	1	4	5	18	5	14	1	1	13	17	16	19	12	2	9	10	7	12	10	16	2	4	8	12	15	2	10	14	4	7	18	7	5	1	1	7	
5	8	13	3	1	10	12	1	3	1	3	9	3	7	16	19	20	6	19	19	9	18	14	8	13	12	15	20	20	16	11	14	7	9	1	17	15	11	5	12	
12	17	5	10	11	12	19	1	2	16	9	1	4	9	5	18	9	1	13	2	2	9	10	8	8	1	15	6	13	19	9	4	4	10	1	1	6	3	1	13	
5	20	18	19	12	9	5	17	3	20	12	19	12	20	4	4	18	20	9	3	5	12	13	12	6	16	5	5	5	8	8	15	12	12	13	17	6	17	16	1	
15	15	8	16	1	1	7	11	12	14	13	7	6	17	1	13	11	19	10	14	11	15	13	12	3	15	8	6	20	5	18	5	18	16	8	4	14	4	16	4	
2	3	19	11	9	18	1	6	5	3	11	5	4	20	4	12	15	12	9	11	9	17	5	17	15	18	17	5	18	13	15	16	13	3	1	15	13	3	20	16	
2	13	18	18	12	20	17	2	7	1	17	11	18	1	20	2	6	13	7	11	13	16	11	3	12	7	10	18	6	12	8	6	6	15	9	4	8	5	20	15	
11	1	4	11	1	13	14	4	7	4	14	19	15	10	2	16	4	17	13	5	8	17	7	1	20	6	6	12	19	8	16	14	19	12	10	19	17	1	20	6	
15	5	10	17	17	5	14	7	7	7	19	15	20	6	14	4	16	7	11	6	13	18	6	16	12	14	14	10	2	9	14	9	13	11	6	20	18	11	16	17	
3	7	16	5	17	19	9	16	14	8	13	17	15	1	14	8	17	19	1	8	9	6	16	8	10	19	19	17	2	2	12	6	12	3	4	18	16	5	7	9	
2	3	7	17	20	3	20	3	3	3	11	18	13	6	13	8	17	7	13	7	2	8	2	13	12	9	10	7	7	6	2	2	13	7	11	19	16	2	20	5	
5	2	8	16	3	14	18	5	10	16	20	7	5	11	6	15	9	11	7	11	4	15	20	4	15	3	11	15	4	4	5	17	15	13	12	5	1	19	16	2	
13	18	20	8	11	1	7	12	18	20	16	15	11	9	14	2	14	1	8	12	11	4	12	20	1	6	7	2	13	15	1	7	19	13	4	3	4	5	18	15	
20	12	3	7	18	2	20	5	12	20	6	19	9	10	1	13	16	18	4	11	7	8	9	1	19	2	2	20	9	15	19	12	14	3	20	10	15	4	2	9	
20	20	17	3	11	9	8	9	11	6	20	3	9	4	18	16	17	15	4	2	6	19	6	8	20	1	1	1	10	6	19	9	11	1	16	13	7	11	9	3	
14	12	15	6	17	1	10	7	14	2	11	13	13	5	3	7	18	14	4	3	5	15	13	17	8	11	5	12	16	19	16	16	2	10	17	17	14	18	15	19	
9	5	7	19	8	13	5	8	17	6	15	5	14	9	14	18	19	10	10	17	11	5	16	4	18	18	6	12	1	15	15	4	6	2	11	17	6	7	5	4	
12	17	20	15	16	19	7	8	4	10	4	12	18	6	14	2	18	14	1	10	9	8	10	5	2	8	9	10	15	7	15	6	16	3	15	8	20	13	7	2	
4	16	3	8	16	16	6	15	7	1	11	8	10	8	6	2	8	15	19	8	12	9	3	15	3	8	2	8	1	15	16	5	10	10	2	18	17	4	20	18	
