Factories	3
Families	20
Machines	2
SetupType	1

Number of Jobs in each Family
10	10	7	8	8	6	1	1	8	2	9	1	4	7	2	5	10	3	8	2	

Jobs in each Family
0	1	2	3	4	5	6	7	8	9	
10	11	12	13	14	15	16	17	18	19	
20	21	22	23	24	25	26	
27	28	29	30	31	32	33	34	
35	36	37	38	39	40	41	42	
43	44	45	46	47	48	
49	
50	
51	52	53	54	55	56	57	58	
59	60	
61	62	63	64	65	66	67	68	69	
70	
71	72	73	74	
75	76	77	78	79	80	81	
82	83	
84	85	86	87	88	
89	90	91	92	93	94	95	96	97	98	
99	100	101	
102	103	104	105	106	107	108	109	
110	111	

Total number of jobs
112

Processing times of jobs
10	2	
6	6	
9	7	
1	3	
6	3	
7	10	
1	6	
8	3	
2	5	
1	8	
4	2	
4	1	
1	9	
8	8	
10	6	
4	8	
6	2	
1	6	
8	4	
10	6	
10	7	
5	4	
5	9	
6	5	
4	6	
4	8	
6	8	
3	2	
4	8	
10	4	
1	2	
6	9	
5	4	
2	7	
7	8	
1	5	
9	4	
7	8	
1	10	
7	9	
9	8	
4	2	
4	4	
2	9	
5	2	
10	6	
2	3	
8	3	
8	5	
8	4	
5	9	
6	8	
3	4	
1	5	
3	10	
1	4	
6	9	
5	2	
7	2	
7	2	
6	3	
10	9	
2	5	
8	7	
10	5	
2	4	
2	3	
4	8	
1	3	
3	2	
6	6	
5	7	
9	2	
3	8	
6	6	
9	6	
3	1	
6	7	
1	10	
3	1	
2	3	
7	9	
1	10	
5	10	
6	3	
5	8	
1	6	
5	9	
6	2	
10	7	
7	5	
9	5	
8	3	
5	1	
5	10	
10	4	
4	10	
6	6	
2	5	
7	4	
10	7	
10	10	
6	7	
3	5	
1	3	
2	10	
10	1	
2	4	
1	10	
6	6	
4	2	
7	5	

Stepup times between Families, where [f][f] represents initial setup time
On machine	1
20	2	19	11	2	8	1	5	4	15	1	13	16	9	4	3	14	11	4	2	
16	15	8	1	17	4	13	9	16	16	2	16	4	1	6	16	16	14	9	7	
7	18	16	13	19	13	8	8	17	6	11	20	19	9	13	11	9	10	6	11	
5	6	5	18	16	8	17	20	8	2	1	7	5	8	5	3	16	13	6	13	
1	6	11	18	15	16	10	3	4	10	5	11	7	14	2	3	18	14	15	14	
7	6	18	9	10	16	8	20	16	12	20	13	15	2	6	12	14	8	12	13	
10	16	10	6	12	6	13	4	13	5	17	7	12	20	3	4	7	10	4	11	
17	19	12	9	10	9	5	16	7	10	16	12	15	20	20	16	2	8	8	17	
18	20	11	14	19	10	6	5	11	14	2	13	18	8	11	17	18	1	16	19	
10	8	12	20	20	6	8	12	1	2	17	13	16	11	1	17	5	14	1	11	
15	8	14	1	7	20	1	12	4	13	3	15	12	11	8	15	8	2	10	2	
15	3	18	17	3	2	7	16	17	11	10	7	10	13	4	8	1	7	5	6	
15	1	5	16	4	11	6	10	8	17	14	20	6	7	13	20	3	1	12	4	
19	1	15	5	20	7	8	2	15	10	17	16	3	17	8	18	19	9	16	15	
15	9	15	19	17	13	3	15	9	12	9	17	4	8	16	20	13	3	1	10	
2	11	7	6	12	1	2	4	3	15	12	6	5	7	11	10	17	19	15	18	
12	7	15	14	3	12	15	12	14	18	5	8	8	19	12	15	3	5	16	6	
6	6	20	15	18	20	16	15	9	20	15	12	9	14	7	12	16	5	19	14	
14	14	2	5	3	11	4	4	7	2	6	5	20	19	5	5	19	14	11	6	
17	16	1	9	7	9	4	18	3	7	3	6	17	13	1	13	3	14	19	16	
On machine	2
4	18	11	17	19	1	6	8	3	11	4	8	5	12	18	2	18	13	5	17	
5	2	4	7	8	1	9	7	18	7	16	16	15	10	1	5	13	19	17	17	
6	13	18	5	2	2	14	15	6	20	9	5	9	14	14	6	6	20	8	8	
6	4	9	8	11	19	6	14	9	7	20	4	12	6	7	20	7	19	17	15	
8	7	17	13	7	11	8	11	19	1	12	12	18	16	4	3	1	19	7	15	
4	8	16	4	2	5	5	13	13	15	2	3	15	7	9	13	4	14	4	17	
20	19	14	6	7	11	10	1	7	8	20	5	13	2	1	18	8	14	5	6	
2	7	11	15	7	15	13	11	7	17	4	8	3	8	18	2	12	13	15	16	
7	4	1	19	12	17	7	13	4	4	15	16	8	1	2	9	9	14	1	4	
17	6	17	13	3	7	20	9	9	1	10	1	12	5	5	2	18	1	5	18	
16	13	3	18	11	7	20	12	4	6	4	15	8	11	7	12	13	12	12	7	
18	6	17	3	3	6	18	2	1	2	5	4	15	8	20	2	1	15	17	2	
8	18	15	17	14	18	14	12	3	15	1	11	16	5	10	3	3	7	6	18	
12	8	5	12	6	5	8	20	20	7	20	20	5	1	2	5	14	13	2	18	
16	4	13	18	18	15	14	12	12	3	6	15	8	15	2	10	3	17	13	17	
4	5	11	1	4	1	9	1	1	2	18	9	17	7	10	3	1	16	9	20	
19	20	17	20	3	3	20	5	5	2	20	17	7	7	20	18	16	9	8	1	
10	8	19	18	12	17	12	11	11	8	10	19	7	17	5	10	16	9	18	6	
5	13	9	3	15	8	16	2	18	13	10	14	17	7	17	9	3	8	5	18	
3	16	11	7	4	10	16	20	11	7	6	8	5	18	11	4	15	16	19	2	
