Factories	3
Families	20
Machines	6
SetupType	2

Number of Jobs in each Family
9	10	1	10	2	6	1	2	6	10	4	9	9	8	8	8	9	5	1	6	

Jobs in each Family
0	1	2	3	4	5	6	7	8	
9	10	11	12	13	14	15	16	17	18	
19	
20	21	22	23	24	25	26	27	28	29	
30	31	
32	33	34	35	36	37	
38	
39	40	
41	42	43	44	45	46	
47	48	49	50	51	52	53	54	55	56	
57	58	59	60	
61	62	63	64	65	66	67	68	69	
70	71	72	73	74	75	76	77	78	
79	80	81	82	83	84	85	86	
87	88	89	90	91	92	93	94	
95	96	97	98	99	100	101	102	
103	104	105	106	107	108	109	110	111	
112	113	114	115	116	
117	
118	119	120	121	122	123	

Total number of jobs
124

Processing times of jobs
1	6	9	4	3	1	
4	2	8	1	8	7	
4	6	3	7	10	2	
2	8	3	10	10	6	
10	10	3	9	2	7	
4	9	1	6	1	2	
5	8	3	10	8	5	
6	6	5	5	10	8	
2	3	1	5	7	2	
9	9	10	1	3	9	
5	1	4	6	9	4	
3	10	6	2	2	10	
5	3	3	1	1	3	
3	7	6	1	5	5	
9	5	10	9	1	9	
1	8	4	10	5	9	
2	8	8	4	9	10	
9	7	2	8	5	10	
6	2	7	10	3	1	
2	8	8	4	8	8	
1	1	5	6	8	2	
7	2	4	2	5	10	
7	4	6	9	9	4	
2	9	9	3	8	3	
1	8	9	8	10	10	
1	1	5	6	5	3	
7	7	9	9	5	9	
4	1	5	9	1	1	
10	10	6	4	8	9	
6	2	6	9	9	5	
5	4	9	4	4	9	
4	5	3	3	8	6	
2	7	5	8	9	6	
3	3	5	2	9	4	
7	8	2	1	10	9	
2	9	7	4	5	7	
2	7	7	5	4	5	
7	4	1	3	5	1	
3	8	5	9	9	5	
10	1	7	10	5	7	
5	2	1	7	7	3	
10	4	9	5	4	9	
1	1	6	7	1	10	
3	7	4	6	4	7	
2	3	8	7	6	10	
10	8	4	7	8	5	
9	4	5	1	9	6	
8	6	3	9	8	2	
4	1	8	8	5	2	
4	3	10	9	8	6	
9	2	9	1	2	10	
4	5	7	6	9	4	
6	1	10	9	4	7	
8	8	2	3	5	2	
6	1	7	1	4	6	
4	4	8	5	6	9	
2	1	6	1	5	4	
10	5	2	6	8	2	
2	2	4	1	10	4	
10	3	1	1	6	2	
7	3	4	5	3	10	
9	4	8	5	8	5	
5	5	10	3	1	8	
3	3	3	4	5	5	
6	7	1	7	9	4	
10	10	7	3	1	1	
1	6	4	10	8	9	
5	1	6	2	8	6	
9	7	8	5	6	8	
5	8	5	2	5	8	
4	1	3	10	4	6	
8	10	2	2	7	4	
9	4	8	7	7	8	
7	4	10	5	7	6	
7	2	2	8	3	6	
1	5	6	9	4	9	
5	7	4	6	6	5	
1	9	5	3	5	2	
7	7	3	7	8	7	
9	7	2	7	3	10	
10	1	10	4	10	3	
10	3	4	6	6	10	
4	10	7	9	8	6	
2	6	10	8	5	5	
8	2	5	4	10	8	
2	10	1	4	2	10	
8	4	5	6	9	10	
6	6	7	7	10	1	
9	1	6	7	4	9	
10	4	5	6	9	6	
10	6	9	6	10	6	
1	2	4	8	6	5	
2	5	2	1	6	7	
10	9	10	3	9	3	
1	6	10	6	7	4	
7	1	2	6	6	9	
5	7	3	6	1	3	
6	7	10	2	1	6	
9	5	8	3	8	6	
9	6	10	4	6	8	
8	8	2	9	2	5	
2	9	5	1	4	4	
5	4	3	4	10	10	
6	8	2	2	6	1	
7	9	4	10	8	10	
1	7	5	5	3	10	
9	8	10	4	9	1	
2	6	7	5	4	3	
8	1	7	8	5	1	
5	9	1	7	3	7	
1	10	5	5	6	7	
7	2	7	9	6	4	
4	9	7	2	5	7	
9	2	10	2	2	8	
10	3	2	3	7	10	
6	3	5	3	6	3	
5	3	9	6	10	7	
9	8	2	10	9	7	
1	9	9	1	6	9	
2	5	8	9	1	5	
1	2	6	10	2	9	
1	1	2	4	5	10	
4	9	8	10	9	9	
6	7	2	6	3	10	

Stepup times between Families, where [f][f] represents initial setup time
On machine	1
49	21	9	20	47	46	15	47	8	40	2	21	43	25	33	3	22	14	23	33	
14	24	41	36	47	19	1	12	32	35	15	11	3	46	37	43	45	35	34	20	
38	46	13	18	23	43	23	17	36	23	4	34	23	43	23	11	46	13	3	28	
49	22	18	16	30	13	4	35	48	30	49	20	1	29	49	19	16	6	10	19	
42	28	25	43	33	21	36	1	27	50	49	21	18	26	19	5	41	49	41	42	
17	50	5	39	24	12	18	28	32	45	42	40	46	41	8	38	26	23	9	20	
47	21	1	29	4	5	12	32	15	1	43	20	20	26	26	9	25	24	37	17	
13	17	13	6	20	49	20	25	2	41	11	12	43	27	1	22	17	28	23	18	
40	44	32	30	39	7	15	36	20	36	37	4	45	15	28	12	9	45	6	46	
14	36	8	37	14	26	18	20	43	1	4	11	16	42	42	8	49	4	1	34	
48	43	41	11	27	45	4	1	26	14	38	40	4	48	13	22	6	15	13	7	
18	7	33	14	34	30	3	11	5	50	42	41	49	14	3	3	14	14	19	47	
39	11	50	29	14	7	29	6	21	1	28	36	32	1	6	28	22	38	20	45	
23	36	43	4	1	24	18	32	32	8	44	8	50	37	7	48	7	30	24	15	
45	29	18	3	10	29	41	32	10	19	29	13	47	26	17	5	1	41	13	46	
43	35	48	4	49	31	48	3	49	46	26	20	19	22	12	43	15	10	18	39	
30	15	42	15	14	43	24	6	33	4	6	25	8	8	7	29	45	6	26	11	
9	3	10	27	20	37	3	19	31	6	31	49	33	25	2	23	10	32	16	21	
50	29	13	3	49	38	16	50	2	32	4	40	44	25	27	40	12	45	29	27	
28	50	35	21	28	26	44	1	43	28	28	30	10	20	13	38	16	33	6	37	
On machine	2
18	4	40	23	29	47	40	43	43	20	4	13	8	38	47	16	39	48	48	49	
38	28	3	7	37	6	23	46	2	17	41	25	46	41	4	26	26	23	38	8	
34	29	5	38	48	31	24	46	28	28	24	32	45	15	46	14	46	8	46	17	
31	49	13	50	39	50	29	28	31	16	43	15	43	44	23	45	27	6	24	36	
45	30	9	47	46	12	6	25	3	18	22	14	3	33	43	11	9	48	22	29	
50	28	1	50	26	47	5	26	9	40	30	42	5	41	1	26	26	4	29	48	
26	20	43	43	31	10	42	24	16	26	22	40	17	41	37	12	13	41	29	24	
12	8	36	22	18	23	26	44	27	30	3	40	38	7	25	45	20	46	23	21	
8	49	9	37	10	21	6	13	3	7	4	43	8	36	1	14	20	23	8	13	
41	38	31	39	30	29	13	11	42	1	35	47	35	20	47	32	21	24	38	35	
49	29	26	41	36	9	6	41	42	20	26	27	45	45	6	17	49	39	14	11	
23	36	14	32	19	3	24	1	30	21	28	4	5	33	12	22	42	5	33	39	
47	27	45	26	8	34	4	26	8	36	29	1	43	24	34	3	18	15	38	2	
23	15	47	34	45	4	49	40	22	23	21	27	3	3	17	36	30	2	44	2	
10	39	37	34	31	11	2	38	24	18	17	25	19	21	9	1	49	16	41	31	
43	39	24	40	12	28	47	48	33	30	39	47	42	27	30	27	9	15	1	32	
21	12	20	10	9	13	43	47	30	50	33	14	25	16	39	12	17	21	42	14	
43	31	45	11	29	3	10	50	45	15	39	39	5	4	30	12	18	34	22	31	
5	28	1	37	9	11	7	43	26	28	30	25	3	48	18	43	14	8	7	2	
50	27	43	19	49	29	26	1	28	3	12	24	15	50	48	19	2	35	30	13	
On machine	3
3	18	26	50	13	29	39	41	45	26	13	15	2	26	44	45	40	7	32	15	
3	47	26	2	45	48	5	25	37	11	43	4	14	17	44	41	23	27	16	1	
22	30	33	39	46	45	38	2	6	1	35	20	46	33	34	18	10	18	30	17	
44	31	35	29	44	26	11	50	36	7	19	39	1	3	14	2	2	21	32	16	
9	15	45	18	13	5	43	10	5	29	12	43	9	28	14	49	18	2	42	43	
12	20	32	29	17	48	30	50	22	3	13	36	16	44	25	43	14	40	28	46	
45	6	32	16	38	15	8	44	26	9	37	22	42	11	32	19	17	46	8	47	
47	44	25	50	27	8	8	25	26	30	33	46	35	31	16	45	5	37	32	21	
14	36	23	31	41	47	39	15	13	48	9	17	21	5	26	7	16	12	26	48	
14	20	9	29	31	11	39	24	42	19	24	40	16	13	32	22	10	21	6	29	
5	15	11	39	23	6	21	25	23	43	6	7	14	50	36	41	41	26	14	30	
9	8	48	41	13	25	3	4	33	30	8	49	27	32	5	3	21	22	5	35	
11	22	2	48	30	11	9	15	28	16	3	19	27	9	36	16	31	36	23	9	
1	16	4	34	18	40	23	16	33	18	7	4	43	48	13	48	6	6	45	50	
42	24	12	15	15	17	41	37	40	9	32	11	39	40	24	20	40	23	28	21	
16	35	28	26	23	9	16	2	14	42	44	8	49	21	10	42	17	17	49	24	
5	7	15	38	29	42	34	30	17	50	25	18	44	22	34	14	3	50	15	2	
23	6	49	2	6	49	26	2	41	35	7	32	37	27	31	14	17	16	8	17	
50	4	32	15	49	50	1	14	41	40	13	22	46	18	15	43	39	7	49	1	
2	6	6	29	6	8	2	49	38	29	46	34	22	38	48	49	26	30	20	3	
On machine	4
14	22	19	5	7	25	40	42	39	21	14	41	50	37	13	34	30	32	31	31	
34	10	30	46	7	15	10	35	31	50	4	39	3	49	41	4	44	18	19	22	
24	41	19	6	21	43	42	14	18	20	9	35	42	25	18	41	27	1	40	45	
48	3	49	32	40	26	28	25	34	24	9	43	42	20	20	17	22	29	3	35	
30	48	48	11	28	45	44	48	28	41	50	26	4	39	12	36	31	4	10	7	
25	28	24	46	50	38	40	2	31	40	32	29	28	37	47	16	4	38	42	49	
22	49	33	30	11	33	8	29	30	4	30	50	47	41	29	35	20	49	40	28	
40	15	9	8	12	29	18	35	21	7	3	9	25	34	42	19	30	19	17	11	
46	25	37	26	37	32	47	34	12	15	48	44	2	48	46	22	33	9	4	36	
1	50	16	40	11	44	44	41	33	50	30	6	11	1	47	17	3	38	44	11	
23	1	33	10	19	38	12	48	50	32	40	19	34	2	28	3	34	16	12	26	
20	41	31	33	5	27	49	5	17	44	50	36	5	35	46	26	10	46	24	12	
37	32	42	49	14	24	1	45	22	15	18	50	34	30	1	28	31	40	50	8	
26	22	42	13	8	50	11	49	37	37	43	10	6	46	17	9	20	17	21	4	
19	40	46	43	17	10	29	7	28	15	26	41	12	17	37	40	5	18	19	41	
44	34	5	14	7	2	18	31	37	22	25	9	41	22	7	46	32	17	37	38	
4	33	41	30	24	18	50	35	24	36	35	9	28	50	14	2	5	23	29	8	
17	39	22	50	44	27	4	1	13	26	22	19	5	3	33	8	22	50	21	29	
26	43	37	13	43	24	13	28	42	35	42	20	34	41	18	34	15	46	39	49	
30	21	43	14	11	4	46	18	8	18	22	38	27	34	15	42	7	35	7	16	
On machine	5
40	39	12	11	30	40	48	13	11	11	41	31	20	41	2	39	40	43	12	36	
13	27	37	39	45	28	36	36	45	34	35	20	12	10	22	25	50	41	41	12	
29	45	49	49	45	19	2	4	46	15	1	24	17	30	4	47	35	1	45	49	
3	49	22	10	3	47	33	2	27	40	37	50	17	14	15	9	49	42	14	39	
5	22	29	36	21	49	15	4	39	4	19	35	9	45	26	23	17	41	2	50	
48	38	23	46	43	1	18	50	47	23	14	37	41	41	42	34	11	47	2	40	
18	11	4	31	48	13	1	9	20	22	27	45	32	44	44	17	26	21	15	3	
25	16	49	22	6	23	14	37	27	30	23	12	38	37	3	21	39	20	44	19	
23	9	4	5	22	44	24	31	12	42	8	38	5	44	31	6	28	25	43	18	
30	43	4	12	31	22	3	38	40	19	46	38	2	48	42	39	47	25	20	19	
41	21	48	40	44	28	1	9	30	46	11	31	16	40	10	11	2	45	26	33	
9	7	9	11	35	26	6	31	4	3	43	14	12	10	6	5	19	25	8	25	
49	10	41	45	17	13	22	35	25	41	35	4	43	39	18	3	6	1	28	33	
10	33	37	46	25	16	20	33	14	49	30	20	49	12	2	30	36	44	11	5	
26	23	6	48	24	7	30	12	18	24	17	15	21	29	6	44	49	3	4	38	
27	26	42	38	6	38	41	2	29	44	45	41	36	10	10	30	6	30	49	49	
42	2	6	43	43	10	15	36	26	42	21	30	14	16	12	28	19	19	32	45	
38	43	20	29	4	42	46	27	43	48	25	23	22	17	27	15	35	35	41	34	
32	14	40	23	13	41	37	42	42	21	29	26	8	47	47	3	35	2	40	16	
10	31	19	30	36	40	7	33	31	7	41	31	12	20	26	27	19	12	8	16	
On machine	6
45	3	31	23	5	38	9	17	1	47	48	27	3	14	36	43	50	33	47	24	
11	1	30	1	16	21	25	35	11	31	27	16	22	16	29	17	30	31	37	34	
42	8	3	15	36	48	43	6	31	35	47	2	30	15	2	1	13	3	41	37	
25	41	43	24	50	49	45	20	5	42	23	38	6	22	17	40	25	3	1	39	
37	38	1	45	10	38	47	21	9	5	42	26	43	24	31	20	42	33	28	13	
2	5	6	42	25	18	26	26	46	39	50	18	38	45	12	49	26	34	34	36	
12	44	38	41	40	38	27	4	2	24	37	2	18	28	15	11	19	49	18	11	
4	27	26	46	31	29	15	38	10	42	8	30	35	43	5	36	8	46	49	2	
18	17	12	33	17	10	44	5	24	24	4	15	26	43	40	25	45	41	37	22	
8	6	25	25	42	30	43	33	43	5	5	11	44	31	20	45	31	7	48	4	
30	44	41	12	41	4	33	8	18	2	15	7	41	11	38	5	35	29	48	37	
26	9	34	23	43	9	6	13	31	36	43	32	3	17	13	36	3	17	7	50	
32	12	35	35	29	50	44	24	18	32	10	45	26	28	36	49	28	17	24	43	
8	33	5	1	21	8	2	21	30	47	11	47	32	6	9	12	32	7	1	31	
32	41	1	47	16	39	3	30	49	35	45	6	20	11	43	50	4	38	32	20	
43	17	34	19	24	46	44	41	27	21	46	24	22	17	31	8	2	10	28	38	
44	39	28	24	33	5	39	39	20	20	5	47	6	4	48	44	24	35	39	8	
30	24	9	2	34	10	12	8	28	14	26	15	35	5	17	33	27	8	19	4	
10	9	21	19	29	15	18	38	14	15	10	34	7	5	17	11	20	9	29	49	
12	36	9	16	13	28	28	33	40	39	45	1	1	48	4	49	11	8	3	48	
