Factories	3
Families	40
Machines	6
SetupType	2

Number of Jobs in each Family
7	2	7	1	10	3	5	4	2	9	5	5	4	7	6	5	2	1	8	7	9	5	10	1	2	5	8	4	8	4	5	4	9	5	3	7	2	9	8	4	

Jobs in each Family
0	1	2	3	4	5	6	
7	8	
9	10	11	12	13	14	15	
16	
17	18	19	20	21	22	23	24	25	26	
27	28	29	
30	31	32	33	34	
35	36	37	38	
39	40	
41	42	43	44	45	46	47	48	49	
50	51	52	53	54	
55	56	57	58	59	
60	61	62	63	
64	65	66	67	68	69	70	
71	72	73	74	75	76	
77	78	79	80	81	
82	83	
84	
85	86	87	88	89	90	91	92	
93	94	95	96	97	98	99	
100	101	102	103	104	105	106	107	108	
109	110	111	112	113	
114	115	116	117	118	119	120	121	122	123	
124	
125	126	
127	128	129	130	131	
132	133	134	135	136	137	138	139	
140	141	142	143	
144	145	146	147	148	149	150	151	
152	153	154	155	
156	157	158	159	160	
161	162	163	164	
165	166	167	168	169	170	171	172	173	
174	175	176	177	178	
179	180	181	
182	183	184	185	186	187	188	
189	190	
191	192	193	194	195	196	197	198	199	
200	201	202	203	204	205	206	207	
208	209	210	211	

Total number of jobs
212

Processing times of jobs
7	6	2	4	1	6	
6	3	10	10	8	10	
8	6	7	8	4	5	
5	6	10	8	7	1	
4	1	5	8	2	7	
10	4	2	2	9	1	
3	5	5	3	2	9	
10	7	5	8	9	6	
10	2	7	8	2	7	
2	3	10	9	4	2	
1	4	9	2	7	8	
3	8	8	3	7	4	
2	1	1	8	9	4	
2	3	8	8	9	3	
2	1	5	5	10	2	
2	10	6	10	2	2	
7	3	5	10	7	7	
10	8	6	8	10	8	
2	3	10	10	1	2	
3	7	9	8	9	5	
5	3	8	4	7	4	
10	6	10	8	10	4	
2	4	3	10	10	8	
9	5	4	10	8	1	
2	4	8	6	9	9	
2	10	7	5	10	7	
6	6	8	4	4	2	
2	10	3	7	9	6	
3	8	6	5	5	1	
5	9	7	4	9	8	
3	6	7	6	8	2	
3	8	1	9	1	8	
8	2	3	3	7	5	
8	5	8	1	10	8	
6	7	2	10	4	5	
8	7	9	10	7	8	
1	1	8	9	1	4	
1	2	2	6	3	10	
2	5	5	7	7	1	
2	8	1	4	9	7	
3	8	7	3	3	4	
6	7	6	5	7	4	
1	2	8	3	9	7	
8	10	5	3	7	10	
6	1	7	5	8	3	
4	4	2	5	3	10	
10	5	9	7	7	9	
9	8	9	10	7	3	
5	3	8	6	2	8	
6	7	3	5	10	9	
2	6	9	10	10	2	
5	2	6	2	3	4	
7	8	5	6	7	8	
9	7	6	6	8	8	
1	4	1	1	7	7	
3	6	5	2	10	5	
8	2	5	7	1	10	
6	7	2	10	7	2	
10	1	2	10	1	1	
7	1	7	9	9	2	
4	4	8	9	8	10	
7	3	4	9	10	4	
6	10	5	10	2	10	
9	9	4	7	3	6	
4	7	8	3	2	8	
2	1	6	4	2	10	
8	10	6	10	10	10	
3	1	2	4	1	6	
4	4	6	3	5	10	
3	9	1	8	1	10	
2	4	6	2	10	9	
10	1	4	9	5	2	
5	2	9	7	10	9	
6	7	10	5	1	4	
1	7	6	2	5	5	
7	4	6	3	8	9	
7	5	6	8	2	1	
10	8	3	10	8	1	
1	6	10	8	7	1	
3	10	1	9	3	8	
7	2	10	1	4	5	
7	10	7	3	5	3	
4	5	9	3	2	7	
8	4	4	2	8	1	
9	7	3	1	10	2	
7	3	10	4	9	5	
4	1	8	5	8	5	
10	4	8	3	4	5	
5	6	6	1	8	4	
7	6	2	10	3	3	
10	2	6	10	2	3	
5	10	5	3	6	8	
5	4	5	1	4	2	
1	1	4	8	5	10	
6	7	6	6	9	7	
9	8	3	4	4	5	
5	10	8	2	7	4	
9	7	4	8	1	3	
2	9	5	9	1	7	
10	4	7	8	8	7	
10	1	2	1	1	6	
8	4	7	8	7	1	
1	4	9	2	9	6	
10	10	2	1	3	1	
7	8	7	9	1	8	
7	4	8	8	1	2	
5	7	1	7	4	10	
8	10	9	7	9	7	
9	7	7	7	5	5	
1	9	7	7	7	8	
4	2	3	3	3	7	
10	8	3	3	8	6	
3	3	4	9	9	10	
10	9	10	6	5	8	
10	6	8	7	3	6	
1	7	6	2	7	9	
9	2	10	10	3	8	
4	1	6	1	10	6	
4	6	8	6	10	4	
4	2	1	8	5	1	
9	4	5	9	4	1	
2	6	3	2	8	10	
2	9	7	9	7	1	
2	5	4	1	10	6	
4	1	7	3	8	10	
4	10	7	10	9	4	
8	6	6	2	5	1	
8	4	3	7	1	10	
10	6	9	2	10	3	
5	1	4	6	7	2	
2	10	2	8	3	8	
6	9	6	8	8	7	
1	3	7	3	4	2	
3	7	6	5	6	4	
6	7	9	1	2	9	
10	9	7	4	7	8	
2	8	5	2	1	4	
9	1	1	8	2	4	
5	2	6	5	5	9	
7	10	6	1	7	3	
1	3	7	9	5	7	
4	3	5	1	9	8	
8	5	5	7	2	5	
5	9	3	4	8	4	
9	5	1	4	7	6	
6	10	6	2	3	2	
7	6	4	3	10	5	
2	9	3	2	5	7	
1	8	9	5	2	4	
6	8	10	2	6	3	
9	9	2	2	9	3	
10	9	9	8	5	6	
3	3	10	10	2	7	
5	8	2	1	3	4	
2	7	9	7	10	1	
1	5	10	9	6	4	
8	9	1	10	1	10	
10	9	5	4	9	5	
10	9	8	6	9	9	
5	10	5	10	7	9	
10	3	1	6	6	1	
8	8	5	7	10	3	
10	4	2	5	8	1	
3	6	3	7	9	10	
6	8	9	7	8	4	
3	9	7	10	4	8	
8	5	7	4	5	4	
10	10	8	9	3	8	
4	9	8	7	9	8	
6	8	10	7	10	1	
8	10	8	2	8	3	
5	5	3	10	6	10	
6	10	8	9	8	4	
6	7	2	1	6	6	
3	7	6	4	4	9	
7	8	3	3	2	2	
1	9	7	5	7	4	
1	4	8	8	4	6	
8	8	9	8	6	6	
1	10	5	5	8	9	
8	5	9	10	9	2	
5	8	10	5	8	6	
2	6	3	8	2	5	
2	5	10	8	1	1	
6	10	5	6	9	3	
4	1	2	2	2	6	
4	9	2	2	2	6	
2	9	1	4	8	9	
10	4	3	7	3	5	
5	6	7	8	1	8	
4	6	10	3	6	2	
2	8	5	9	8	8	
9	7	9	6	8	5	
5	3	1	8	1	2	
7	8	3	5	10	2	
4	5	2	7	6	3	
5	10	9	4	3	3	
2	4	5	1	7	7	
9	10	1	5	3	8	
10	8	4	6	8	2	
9	2	9	5	4	10	
10	2	9	5	3	4	
3	6	5	4	1	3	
4	10	7	6	5	6	
10	7	2	1	3	4	
4	5	6	1	10	8	
6	2	8	10	10	10	
2	8	6	5	3	1	
3	10	6	9	4	4	
7	8	1	6	4	5	
9	4	10	8	9	8	
7	6	2	8	4	1	

Stepup times between Families, where [f][f] represents initial setup time
On machine	1
33	29	34	34	19	23	30	1	2	20	33	2	30	42	27	43	42	24	14	14	1	15	21	4	46	7	31	23	35	35	10	35	15	42	17	32	7	27	33	19	
6	34	35	19	8	3	1	1	14	27	39	46	43	32	26	37	6	12	37	26	23	40	28	32	36	47	47	4	41	28	27	16	3	41	34	41	49	6	1	6	
33	16	18	26	45	32	43	42	8	30	10	37	46	3	24	39	36	46	9	22	40	22	22	30	26	50	30	39	11	32	19	47	29	34	44	36	13	20	14	34	
26	41	22	27	13	30	14	39	10	32	34	15	48	24	7	23	45	44	21	19	10	48	36	16	41	40	33	43	7	27	11	46	26	46	11	17	8	6	50	30	
40	5	13	35	9	10	33	29	18	45	28	16	44	15	49	34	27	25	21	32	40	24	46	23	21	38	21	7	29	35	23	9	24	4	50	12	3	46	44	24	
36	14	8	16	15	2	31	41	47	46	14	45	10	19	31	47	1	34	10	1	49	12	4	22	34	45	44	44	31	3	17	11	13	7	20	19	46	46	34	40	
12	6	50	50	37	15	35	13	36	25	16	49	8	40	26	31	25	50	3	25	14	46	19	10	47	35	40	43	12	50	2	1	10	15	11	39	9	37	43	46	
1	26	1	33	49	30	47	46	42	30	15	3	8	45	28	38	41	16	6	35	9	18	12	43	23	4	7	8	35	18	12	26	44	8	41	17	3	33	39	11	
13	24	32	19	9	11	36	31	16	25	15	43	19	45	49	48	24	13	44	50	26	12	18	42	11	17	6	33	37	8	39	1	4	6	13	33	27	12	14	6	
16	47	10	14	10	20	28	17	8	24	4	9	33	21	8	22	21	24	29	28	37	37	20	22	19	10	12	4	47	41	9	43	33	19	11	44	35	18	21	48	
3	40	32	38	3	45	44	20	47	23	21	28	9	43	42	49	45	47	13	41	38	32	30	10	50	42	19	12	21	44	36	24	7	42	1	33	43	14	3	43	
45	14	17	13	47	38	22	37	10	49	31	46	40	24	48	34	1	2	27	26	44	21	35	5	6	46	44	29	28	47	48	11	27	22	1	41	28	27	21	22	
22	19	19	29	11	32	27	45	8	28	5	30	2	16	46	7	6	46	25	16	33	4	11	13	25	32	1	20	19	24	30	42	16	24	29	24	49	43	9	6	
27	41	40	14	29	37	39	36	45	27	16	49	7	18	31	49	5	14	40	26	21	44	1	33	42	15	26	37	16	6	37	42	19	32	7	4	44	29	32	8	
23	31	38	12	16	48	12	22	2	16	19	49	42	32	32	47	5	39	49	35	49	21	40	13	32	19	30	5	23	48	33	11	17	3	36	6	48	7	33	16	
27	27	31	44	3	38	46	49	28	13	50	3	19	15	30	26	48	12	28	5	6	39	50	39	46	33	1	49	40	34	21	13	20	7	18	31	18	35	14	38	
8	14	43	7	50	41	30	26	4	7	44	42	8	6	34	13	47	3	37	42	4	26	28	29	31	9	48	15	1	21	1	14	23	26	5	32	6	20	25	14	
23	28	38	17	28	40	12	43	44	30	24	15	2	20	3	10	39	42	17	15	37	19	15	8	23	4	5	6	32	20	25	15	15	4	28	2	4	44	23	29	
30	45	6	34	17	44	3	5	32	7	17	15	46	7	11	46	30	31	26	11	30	31	5	15	10	7	45	13	38	8	21	45	21	46	1	43	17	13	36	21	
50	11	16	17	2	22	19	42	50	10	25	43	20	31	34	35	21	30	12	32	7	13	35	27	13	9	11	40	41	21	48	24	34	17	14	34	15	9	19	40	
27	40	8	30	25	24	24	9	20	25	34	8	41	47	37	41	11	19	11	2	17	2	36	39	30	34	49	33	16	49	17	32	39	4	7	33	7	39	15	5	
27	18	25	39	20	28	49	41	39	14	40	20	19	9	20	40	36	6	29	12	38	21	42	45	37	31	35	10	28	28	30	6	17	25	12	23	14	21	19	7	
5	25	47	6	14	25	50	3	37	2	17	48	35	5	42	1	4	38	11	36	21	16	14	29	38	36	14	23	42	6	36	40	37	7	44	33	4	38	22	16	
22	50	40	5	29	40	21	41	32	16	3	22	7	3	28	5	50	50	49	13	47	35	22	36	18	39	38	7	26	8	25	37	31	2	3	43	46	8	48	36	
11	49	6	36	6	47	41	13	8	36	8	7	39	34	9	43	17	38	10	20	20	38	27	4	10	49	38	22	15	12	36	42	36	42	29	4	46	43	1	15	
14	41	49	29	32	34	22	21	22	50	8	24	48	22	25	36	39	24	39	34	35	32	41	45	25	24	36	44	23	34	2	7	25	1	21	21	12	41	34	18	
41	24	6	25	7	9	42	19	36	17	31	35	9	17	16	47	26	34	44	28	32	10	17	34	39	27	50	39	46	22	43	40	20	50	5	7	47	42	31	4	
20	6	13	17	8	46	40	16	28	49	40	7	47	27	27	36	48	18	47	25	26	13	44	49	38	27	2	23	4	32	38	44	32	32	30	18	23	35	21	19	
7	38	46	32	34	12	28	23	21	15	25	50	12	27	43	2	15	29	21	23	36	38	23	19	32	21	22	27	35	41	14	21	5	12	7	21	6	33	41	17	
46	19	50	32	49	17	7	22	19	33	17	6	18	5	40	29	18	42	41	12	21	10	50	6	19	35	18	39	3	45	35	10	27	2	11	11	38	8	29	1	
9	12	19	39	45	36	33	5	35	6	35	27	36	49	35	35	1	14	29	16	26	1	22	6	23	25	11	19	47	19	35	40	26	24	37	18	19	42	32	40	
9	12	26	22	48	6	43	22	4	16	6	18	25	36	25	25	34	26	13	42	16	5	26	29	38	6	8	39	42	43	24	50	24	1	34	33	33	30	23	11	
18	28	10	7	36	33	10	22	4	16	25	30	20	19	33	20	25	32	47	16	34	10	8	28	23	38	25	24	48	18	50	48	35	11	44	9	34	11	12	15	
22	49	35	47	5	29	27	49	8	35	32	41	22	29	27	34	4	12	21	45	29	3	47	41	20	4	25	5	29	15	2	20	41	14	22	25	35	34	12	15	
41	5	18	43	49	22	3	8	31	1	46	25	4	26	30	32	3	16	29	1	16	49	34	23	5	14	15	29	46	37	2	2	20	39	38	30	33	3	4	10	
37	26	29	44	12	5	11	30	6	31	30	6	15	18	23	36	24	36	48	35	9	49	8	9	21	44	34	10	6	26	9	30	45	31	49	46	41	27	14	39	
48	8	44	47	42	25	10	27	31	13	8	22	47	21	13	33	43	11	33	4	40	20	23	6	47	34	27	11	18	40	22	32	24	11	33	26	20	9	15	8	
42	49	34	19	41	12	1	20	7	13	49	22	10	5	31	10	5	24	11	47	41	50	29	48	44	31	3	35	43	35	23	25	29	23	50	48	50	39	49	49	
49	7	30	18	26	37	12	12	47	22	30	12	4	14	11	21	42	16	6	26	23	40	23	40	34	6	25	21	47	42	10	1	11	46	48	26	34	38	24	31	
25	30	4	32	30	23	37	41	50	17	22	5	25	5	23	46	14	21	16	43	14	34	34	49	23	36	40	1	19	45	35	3	10	14	37	29	23	14	1	39	
On machine	2
24	13	7	21	17	16	6	35	3	4	33	19	45	3	50	18	30	8	34	11	50	25	10	43	41	27	7	43	41	26	16	48	21	8	48	27	21	14	48	1	
15	15	9	7	30	13	45	20	17	3	6	6	35	49	40	36	12	15	3	29	45	45	31	20	2	9	42	39	12	19	40	32	5	50	23	26	34	47	35	44	
6	50	9	37	32	14	45	31	37	13	9	21	17	37	28	2	15	32	14	24	18	4	31	18	10	47	49	28	39	36	18	10	3	34	24	34	39	22	24	21	
13	29	7	24	25	43	18	8	42	20	34	28	2	19	17	16	44	7	5	1	30	26	17	26	2	18	9	31	4	1	2	40	46	17	38	39	22	23	20	32	
39	19	17	33	16	37	41	27	33	30	8	43	48	43	17	44	49	3	3	36	45	4	1	49	40	31	3	33	49	46	1	6	27	18	23	17	30	3	17	25	
44	45	13	6	20	20	29	18	45	47	37	33	36	21	35	7	4	21	34	37	50	43	3	20	17	30	6	8	35	39	28	25	13	4	25	20	20	13	12	50	
9	33	5	13	1	1	1	42	34	24	39	17	5	27	32	20	21	24	16	3	7	40	47	45	10	33	41	2	32	15	36	22	47	18	46	3	36	19	36	13	
28	38	7	22	16	9	5	46	39	43	14	24	43	22	12	37	28	29	3	30	42	16	13	18	3	33	41	47	5	4	7	28	21	32	2	11	49	23	33	41	
41	23	38	14	11	30	18	33	29	21	33	49	36	10	20	39	36	14	20	18	43	11	25	43	34	48	16	50	12	4	39	43	30	21	20	16	43	46	44	45	
27	1	48	8	40	14	10	13	50	43	21	8	37	36	30	31	11	23	39	30	15	2	39	23	18	35	9	34	32	43	40	23	41	25	39	45	48	39	47	37	
25	2	45	37	13	30	8	28	44	33	2	47	4	39	31	22	15	23	42	40	20	38	24	11	23	8	46	6	6	33	10	42	18	19	39	11	47	19	20	7	
13	8	18	39	11	6	39	40	18	14	5	6	35	16	22	20	48	50	4	47	34	2	36	36	23	45	10	50	36	4	7	2	22	39	41	35	36	42	13	33	
14	47	11	18	26	42	23	28	46	12	22	28	49	45	23	15	13	6	25	24	48	27	39	32	4	22	23	21	4	37	35	16	41	13	33	45	45	50	9	28	
27	29	40	2	44	16	16	38	24	13	32	36	19	17	29	47	36	30	44	4	38	43	44	6	21	35	39	20	30	19	40	11	42	6	42	27	10	28	22	26	
22	41	37	50	38	33	2	31	42	39	41	22	50	33	31	3	17	3	13	29	22	32	41	35	29	12	43	20	45	48	5	41	42	17	45	33	33	35	44	48	
38	36	50	28	38	38	23	38	25	17	12	19	32	12	45	38	10	1	33	37	47	5	48	4	28	32	21	20	32	10	6	28	37	45	33	26	3	16	30	9	
47	37	21	6	42	11	46	43	44	2	12	13	3	32	19	35	22	43	21	21	34	2	11	36	11	4	1	16	17	8	41	12	1	40	25	20	2	17	20	3	
45	3	46	48	3	3	9	38	3	21	36	36	27	30	15	49	48	33	21	30	2	38	20	41	28	16	15	23	2	42	18	40	43	15	42	42	19	33	41	1	
23	40	13	7	30	36	17	45	41	48	41	4	2	48	46	24	5	11	13	27	28	42	4	21	27	24	2	10	34	12	29	42	50	49	12	48	5	35	10	33	
2	38	3	35	14	40	38	37	10	47	49	27	9	44	50	48	32	5	27	18	25	19	4	27	7	20	38	34	28	50	34	7	45	48	12	20	23	20	48	4	
45	13	38	29	8	16	28	35	20	7	42	27	48	42	48	25	3	38	41	9	14	30	21	41	39	34	48	5	13	23	21	20	10	29	15	28	41	35	35	34	
33	21	50	34	24	42	22	14	2	37	16	45	31	10	18	7	39	19	5	1	26	21	27	3	29	38	32	47	46	49	12	9	4	44	17	33	24	2	45	27	
2	31	18	50	1	38	12	11	38	7	21	38	36	27	37	44	41	4	18	42	10	18	15	22	17	48	39	35	11	49	48	13	21	4	33	14	13	31	42	43	
27	40	29	6	6	30	12	32	11	48	12	19	9	35	24	20	26	12	36	1	33	32	23	30	15	35	38	41	30	49	32	38	23	50	8	17	1	22	42	1	
37	37	16	48	41	27	17	31	23	20	6	36	5	9	26	42	40	6	42	17	15	9	11	48	9	43	10	25	25	25	46	23	19	22	9	17	35	36	49	48	
33	20	31	13	17	25	24	25	28	23	27	46	17	37	44	26	38	16	8	7	50	31	5	47	12	50	48	43	44	16	36	48	40	41	16	8	41	5	28	21	
24	6	27	14	9	28	47	23	17	23	41	15	48	4	43	6	7	38	3	29	25	10	22	21	40	44	12	26	2	24	25	39	11	38	32	4	28	7	11	3	
40	11	37	22	17	5	31	2	33	31	39	23	50	20	30	27	38	43	48	19	50	19	49	19	12	38	43	14	33	36	6	50	21	29	29	33	36	46	48	14	
18	9	13	10	29	3	27	20	39	44	48	7	31	35	31	49	1	37	10	27	39	50	31	43	26	21	31	14	40	34	38	24	30	31	27	36	14	42	41	6	
39	26	31	42	48	3	42	50	4	16	41	8	46	45	10	45	22	23	34	35	17	29	5	44	41	11	49	15	35	24	14	22	32	29	43	8	43	34	50	30	
16	9	25	19	4	38	18	2	16	7	7	44	41	21	32	2	21	5	20	43	34	16	31	3	17	28	11	39	22	7	19	39	40	24	24	40	35	23	16	41	
2	37	14	11	21	1	28	42	50	40	45	48	45	35	40	21	30	43	4	33	30	14	24	45	13	46	3	48	32	45	2	24	8	36	14	30	23	22	32	24	
38	39	25	9	16	28	11	25	9	32	36	6	1	48	34	49	2	13	29	2	8	15	13	39	32	33	43	35	27	24	26	6	4	42	34	16	43	47	50	49	
29	28	16	2	18	50	12	17	40	38	4	46	25	44	16	48	9	50	4	21	6	23	25	30	13	35	30	12	41	49	38	25	38	6	16	20	21	43	32	17	
18	12	39	3	3	5	22	21	10	26	34	16	32	10	48	19	7	27	13	22	15	3	50	33	46	44	35	34	32	48	18	44	19	28	41	15	12	25	21	16	
12	17	9	48	12	31	47	27	44	16	43	50	18	46	22	5	40	16	50	26	30	8	16	28	30	39	27	2	11	7	31	21	22	31	42	27	46	5	3	10	
19	7	46	4	28	13	4	4	40	1	33	16	29	20	20	33	21	5	41	20	26	27	17	4	41	48	14	9	30	31	36	36	46	33	40	20	40	39	8	38	
21	17	1	50	28	26	16	35	50	43	25	7	37	2	16	4	36	8	12	22	49	40	3	43	13	11	17	2	20	21	18	20	45	7	31	17	1	23	24	44	
31	43	48	15	45	7	48	19	26	28	36	4	27	11	47	31	37	40	39	1	2	29	5	11	22	24	13	38	18	15	18	5	25	4	21	47	4	39	12	2	
34	24	16	12	6	9	44	34	12	17	23	37	41	6	26	31	21	23	50	37	24	49	4	39	2	50	23	17	3	21	15	36	6	13	9	14	27	43	30	17	
On machine	3
48	39	18	39	13	2	39	42	12	23	50	35	31	9	17	22	48	8	2	42	19	16	11	18	4	42	50	49	41	9	38	30	42	38	47	11	44	10	26	46	
35	9	10	32	5	6	36	43	4	33	8	7	15	9	47	29	10	7	33	38	17	48	10	17	10	3	32	32	18	28	20	19	13	30	11	50	33	23	34	8	
47	37	1	40	5	30	50	33	43	42	19	45	39	36	14	10	41	33	35	50	32	45	40	46	14	24	1	21	37	20	27	35	41	34	1	5	41	28	8	7	
44	3	43	24	15	29	18	3	7	33	3	9	25	8	24	15	50	32	5	13	25	44	13	44	34	37	22	31	49	14	20	30	37	38	17	40	41	2	33	24	
18	32	21	40	21	5	17	25	6	9	26	40	26	49	1	39	47	44	28	11	2	17	29	10	20	36	20	22	45	42	45	31	21	33	24	17	30	29	12	30	
39	30	12	34	40	1	8	18	2	28	35	41	27	14	25	8	39	42	37	20	44	5	41	2	14	13	3	35	16	48	28	29	25	26	41	42	16	35	17	50	
27	18	47	10	7	50	40	48	45	12	34	13	26	41	12	41	33	23	16	34	10	41	27	38	24	6	15	8	28	47	1	31	16	39	41	12	10	46	3	2	
29	37	3	45	29	39	33	41	1	21	11	41	50	38	21	21	1	17	50	12	14	37	48	44	50	50	40	19	7	49	5	45	48	21	17	28	13	47	36	22	
9	22	3	26	24	14	29	41	8	31	6	12	5	15	6	34	50	20	45	3	22	42	13	11	29	20	41	6	23	50	3	24	3	50	13	31	27	34	50	28	
31	9	25	20	45	14	2	31	20	28	16	4	15	21	5	7	3	34	4	1	11	13	24	13	49	35	25	22	16	36	27	27	12	21	19	8	22	38	7	13	
2	5	29	40	35	33	41	33	21	19	27	7	7	19	15	29	47	14	4	23	13	30	14	30	44	11	2	2	1	38	3	6	40	11	19	33	30	5	21	10	
36	40	12	46	38	45	42	20	35	48	38	1	32	23	47	32	43	44	30	7	43	34	18	20	47	9	49	15	38	18	43	4	5	33	19	8	25	8	47	22	
20	23	50	42	12	5	2	23	5	49	37	28	40	5	27	28	44	40	9	41	33	43	33	47	40	45	7	30	50	47	30	16	13	14	1	27	45	11	17	45	
21	4	37	19	38	20	10	38	49	15	38	5	6	9	11	37	1	43	9	14	23	46	9	50	30	5	1	40	9	34	12	3	10	15	35	17	5	20	13	23	
4	5	49	26	4	21	23	6	8	3	39	16	33	40	9	6	3	3	19	30	36	21	47	18	18	47	36	24	41	44	28	21	3	37	19	1	9	7	47	17	
10	43	6	34	32	11	49	46	20	40	38	25	7	27	12	12	39	4	1	6	35	45	22	19	24	30	16	42	25	50	37	31	14	21	29	20	26	45	14	30	
2	19	33	21	45	19	11	6	40	29	40	47	14	24	24	3	18	10	24	47	5	8	41	10	46	33	36	22	29	2	28	38	10	21	42	33	22	14	23	16	
39	24	21	14	22	19	24	25	4	24	36	7	45	1	39	47	20	20	40	24	50	50	15	44	24	47	15	1	18	41	39	45	42	15	11	3	43	27	45	4	
6	14	41	50	1	46	50	16	48	25	24	39	26	46	24	24	26	26	11	36	27	20	44	25	6	35	1	9	10	3	14	36	50	10	38	17	26	12	27	43	
33	6	6	45	25	41	16	2	4	26	39	12	14	26	38	24	29	41	13	48	45	38	9	40	13	49	21	20	18	1	12	34	14	2	12	38	37	40	31	37	
43	4	45	22	19	23	27	20	39	15	46	47	38	3	15	29	13	46	15	28	1	41	48	29	32	33	13	45	38	25	38	47	5	40	28	20	46	23	18	28	
5	41	9	30	18	5	14	47	16	33	18	15	30	3	50	30	30	25	26	10	7	47	14	6	50	28	25	46	20	36	8	10	33	20	42	11	49	45	17	44	
29	38	13	37	17	13	16	28	23	26	28	43	43	5	1	32	11	29	22	4	4	34	42	12	44	34	12	10	49	29	11	28	10	12	3	46	42	2	19	23	
46	8	24	48	16	30	34	45	21	14	50	30	14	32	4	11	18	12	46	5	35	22	12	27	36	13	8	31	6	31	11	16	18	38	50	50	46	1	42	13	
36	10	46	11	34	13	32	47	33	3	34	49	16	10	15	49	7	20	7	6	44	29	41	42	12	50	32	23	25	33	1	20	46	4	32	13	37	40	18	48	
8	16	11	32	37	41	9	22	21	25	10	6	16	37	48	17	24	25	13	20	48	35	48	31	46	4	39	19	13	13	34	36	45	34	22	8	7	32	26	15	
17	40	36	34	10	32	4	23	48	46	42	9	31	21	46	28	50	10	7	47	24	23	48	3	34	10	25	44	45	12	30	4	3	35	50	18	43	3	24	41	
2	41	17	29	40	46	5	41	42	31	7	44	18	1	8	17	16	43	22	28	20	29	10	9	3	36	26	7	45	44	17	14	37	44	13	15	30	23	45	15	
8	29	20	40	28	4	16	2	41	3	10	46	19	25	17	34	50	14	19	32	36	4	3	8	26	10	15	31	41	37	33	14	21	27	8	47	25	47	28	27	
39	17	14	10	21	49	32	49	10	42	44	4	40	43	17	16	29	8	3	45	16	49	12	48	8	22	38	46	33	31	21	10	45	4	5	21	18	41	12	22	
1	22	29	48	44	11	33	48	8	6	38	22	37	28	37	9	16	32	30	11	12	19	6	3	30	39	45	43	10	28	43	37	46	41	11	46	32	13	26	12	
45	50	23	42	36	15	25	40	8	49	9	1	8	29	34	38	6	39	13	40	33	16	21	12	22	31	41	19	48	48	43	32	23	45	38	16	34	41	4	13	
41	28	32	28	38	20	35	31	15	9	44	41	22	15	25	10	43	30	29	11	28	2	50	16	15	3	11	26	37	31	30	21	34	41	48	47	21	9	3	14	
41	50	22	40	4	26	38	47	21	33	15	44	10	37	16	20	46	39	47	15	36	15	20	16	30	21	19	14	16	35	25	49	16	16	40	31	5	44	26	50	
10	9	34	8	19	40	12	30	25	46	29	41	29	46	3	5	40	7	19	3	10	31	32	50	44	50	36	22	41	15	34	20	48	20	13	7	30	3	30	2	
19	5	18	48	46	21	5	25	30	29	50	48	36	34	35	11	1	22	29	7	10	47	15	45	10	13	29	45	42	9	48	37	29	25	3	26	42	5	9	9	
36	9	38	23	41	7	20	11	47	12	11	40	35	5	19	41	7	30	47	8	39	34	2	3	4	36	50	16	3	11	46	10	9	41	29	45	44	36	41	6	
12	49	41	47	38	27	7	29	37	5	49	32	23	26	18	19	23	7	23	6	5	2	8	28	27	43	38	32	34	30	6	22	46	30	2	15	45	24	16	37	
50	39	25	50	35	39	26	16	26	34	27	15	9	39	48	30	48	42	30	33	17	41	3	1	36	14	40	46	3	15	16	36	1	50	46	28	33	35	10	43	
27	37	49	2	14	20	12	28	21	22	48	32	7	29	20	15	5	46	28	46	43	27	2	2	14	22	43	49	15	37	34	47	10	39	49	47	4	30	47	21	
On machine	4
27	20	44	42	49	37	17	3	45	2	21	49	39	13	44	20	33	33	24	10	28	4	44	8	42	27	22	38	49	2	18	37	24	4	18	45	45	28	34	34	
4	4	30	39	25	27	31	28	3	18	10	6	44	22	25	5	48	40	1	41	23	19	45	7	33	12	11	19	15	43	39	46	45	30	15	32	46	36	6	30	
41	35	18	18	48	14	28	47	36	27	18	22	22	44	19	7	13	3	46	11	18	39	47	8	22	47	44	44	46	46	13	28	2	1	6	22	36	14	12	30	
2	26	50	30	5	44	15	30	45	18	38	29	12	10	49	20	23	50	16	23	9	2	35	4	39	40	31	45	50	46	15	27	44	49	48	28	27	44	29	32	
11	15	30	16	27	40	12	16	41	18	8	50	1	26	38	43	31	47	42	46	39	39	8	32	29	17	44	46	38	9	25	24	12	44	46	14	14	25	36	10	
2	12	6	3	9	45	31	25	23	45	15	1	5	48	47	15	14	40	1	29	28	12	25	28	40	32	36	16	8	26	13	36	6	10	27	41	44	44	49	49	
44	45	42	15	36	1	43	35	40	21	19	5	41	35	13	33	17	27	45	8	15	37	46	22	4	18	48	45	48	48	25	12	49	18	6	44	37	35	29	10	
32	33	19	16	38	15	19	41	24	2	28	16	45	6	18	48	16	47	23	39	35	40	35	24	26	38	4	44	5	40	17	45	9	41	10	4	19	11	17	10	
25	36	39	41	44	37	6	43	49	19	19	47	41	44	1	33	1	40	25	17	36	4	48	10	34	38	14	11	2	44	7	20	40	18	5	20	26	7	30	31	
33	9	49	44	1	7	38	14	16	14	3	2	30	48	42	6	30	2	48	43	25	7	21	11	36	25	2	39	44	22	24	23	28	34	35	1	39	34	9	40	
36	27	39	13	23	5	12	33	2	22	24	39	14	16	17	14	25	26	33	17	17	23	16	46	3	35	44	10	47	20	17	7	31	49	36	3	41	12	33	43	
28	24	17	3	32	28	15	45	31	46	25	2	7	14	28	4	10	13	7	38	24	18	30	20	1	29	50	7	23	18	9	46	38	30	12	6	6	25	45	17	
37	3	8	27	22	50	10	39	7	21	46	7	17	21	45	1	41	18	28	3	18	41	37	44	32	47	3	1	41	10	16	30	27	4	31	42	27	48	10	38	
3	40	31	17	30	12	49	6	24	27	12	41	42	25	44	48	43	10	33	20	23	49	35	29	18	30	29	8	8	29	16	22	44	8	9	36	17	50	12	21	
32	9	7	49	11	39	18	3	30	24	5	17	10	27	49	8	4	18	11	6	1	8	30	45	10	2	5	32	8	34	46	16	49	38	28	41	35	7	7	37	
17	8	49	39	27	37	34	13	9	15	13	46	45	22	15	42	40	41	22	1	42	36	10	9	10	31	35	9	1	30	6	27	34	30	40	33	6	30	12	3	
12	24	19	23	18	16	32	47	37	32	9	12	4	1	39	2	37	29	32	31	24	13	5	49	13	4	17	17	47	33	2	36	15	22	40	45	33	40	46	10	
45	10	6	23	47	18	48	45	8	43	4	18	50	37	34	9	37	35	10	34	3	10	13	35	18	10	47	7	42	39	41	29	6	30	19	49	24	12	27	50	
35	30	29	24	33	41	23	15	29	49	12	46	12	34	1	24	44	13	42	47	11	44	25	4	4	43	31	19	9	20	48	36	31	49	45	25	27	19	13	5	
14	29	29	15	19	35	19	44	34	13	36	20	31	12	35	29	39	17	35	41	30	1	27	13	17	23	20	43	3	6	20	1	1	18	44	49	36	18	28	13	
2	31	18	35	28	26	20	37	47	49	19	9	17	4	38	11	15	27	49	50	25	44	25	24	7	33	18	42	43	11	36	19	46	34	40	45	14	23	41	20	
40	41	2	31	6	19	19	40	49	10	41	32	39	36	17	26	15	29	39	34	45	15	44	30	34	23	49	35	36	48	16	21	24	5	9	47	34	27	6	12	
31	32	28	25	12	40	1	6	10	4	40	15	46	25	33	16	36	45	34	25	16	4	49	35	15	6	32	30	38	48	39	2	6	6	26	47	45	1	21	19	
35	27	3	8	4	23	45	10	9	17	33	50	22	20	16	2	45	37	21	18	29	13	44	33	45	5	43	17	50	44	3	29	16	12	33	15	30	50	15	26	
32	48	25	42	15	12	5	14	19	11	39	48	39	40	18	47	34	26	15	33	31	31	3	34	49	43	31	9	42	36	8	29	3	40	2	50	5	37	18	25	
24	37	28	42	32	6	42	17	47	22	22	29	22	47	31	31	50	47	11	9	36	4	50	35	4	48	19	8	5	46	18	9	6	9	4	15	11	10	23	47	
10	2	8	49	35	38	1	33	22	25	14	13	19	50	45	5	41	5	5	43	35	8	44	3	9	31	49	37	31	46	11	25	5	21	41	27	24	21	48	4	
4	48	9	9	32	43	26	35	17	14	6	38	29	8	15	42	50	17	4	25	37	27	2	37	47	19	23	3	13	22	23	3	22	33	10	27	1	28	20	1	
43	6	41	33	14	46	11	30	47	30	5	43	21	9	21	17	23	11	30	11	40	40	3	24	4	36	44	33	6	4	48	31	17	50	42	43	48	35	23	34	
38	18	19	4	31	24	5	33	39	39	16	6	37	32	8	41	34	1	30	40	31	32	43	16	21	39	22	24	28	9	36	20	16	27	37	24	39	37	17	2	
3	1	15	16	50	27	22	48	11	17	50	12	46	10	17	28	7	9	36	37	22	45	50	20	43	33	14	16	31	14	32	22	46	48	20	14	14	30	26	15	
42	26	31	27	5	27	10	44	46	49	17	4	48	43	21	50	15	15	14	4	15	39	4	24	50	45	6	8	16	5	41	50	18	13	28	45	4	29	5	17	
32	25	43	50	45	26	6	38	19	11	17	1	35	20	15	5	31	10	40	21	50	35	18	23	14	37	5	26	22	23	15	3	43	12	22	46	23	7	2	33	
7	18	9	34	38	24	8	43	14	3	16	23	6	46	38	38	31	13	42	30	38	35	14	20	26	38	4	29	10	43	35	11	4	22	8	10	41	39	38	50	
39	25	8	21	17	25	39	16	36	48	28	13	23	18	5	38	18	42	35	36	5	13	46	31	22	48	8	50	32	14	3	36	33	16	3	29	33	42	9	23	
30	6	30	49	15	47	17	25	39	1	41	3	28	19	48	22	21	49	16	14	17	21	15	27	46	41	30	36	8	48	11	26	4	8	42	26	23	24	8	16	
29	35	39	31	49	4	38	8	38	30	17	5	23	37	29	30	12	6	14	40	45	16	38	26	4	30	7	1	9	38	15	40	1	17	28	4	9	36	20	11	
43	10	38	45	30	33	31	37	16	41	7	44	8	6	40	38	24	44	24	42	35	3	36	31	33	15	49	2	20	41	12	23	40	24	23	20	4	34	29	1	
34	15	9	44	7	22	36	7	32	7	24	3	20	26	30	36	45	38	6	8	47	32	43	48	38	39	21	30	14	9	17	30	26	25	44	22	9	25	49	33	
11	22	47	16	36	19	50	33	23	48	29	37	40	34	4	7	37	7	30	11	32	13	10	27	21	3	32	38	16	35	35	25	20	26	13	17	23	17	14	2	
On machine	5
4	18	29	16	35	26	30	20	49	5	43	13	34	31	7	44	3	41	23	42	33	41	42	26	33	38	37	20	25	17	29	3	2	27	45	40	25	45	49	4	
27	20	45	50	31	35	46	50	8	40	27	26	4	44	15	34	30	44	44	43	21	16	4	12	11	28	8	21	34	19	22	13	10	9	2	4	23	2	16	13	
27	40	32	50	5	17	43	38	43	22	37	15	28	9	19	22	29	48	44	17	11	16	32	28	24	7	21	40	27	39	28	48	16	2	38	39	1	23	9	12	
5	13	32	48	16	28	4	39	12	21	46	5	22	30	45	33	29	19	8	34	49	21	44	3	40	19	40	37	28	33	8	14	21	7	40	3	41	10	33	20	
47	38	27	23	1	42	19	24	9	10	46	15	13	35	15	29	14	14	43	48	40	26	28	1	2	41	46	44	31	21	3	20	9	49	35	30	39	44	27	50	
46	20	28	44	28	4	7	4	23	10	16	12	26	39	39	7	39	22	2	28	45	31	30	11	9	10	41	13	30	18	32	37	26	24	42	29	28	31	29	40	
5	33	37	33	49	14	4	39	31	49	18	50	34	1	18	13	31	34	29	43	50	34	26	16	11	28	39	14	10	20	38	47	3	16	46	33	40	34	30	15	
47	13	17	30	34	36	39	26	43	8	31	23	32	3	2	29	25	7	30	4	14	2	30	37	42	15	46	30	31	40	35	20	4	44	32	27	17	23	4	6	
46	44	38	41	30	47	21	3	34	29	21	4	44	15	2	34	24	31	50	11	24	13	16	38	27	11	10	31	23	1	41	32	36	10	2	28	12	41	31	46	
2	20	13	22	47	41	9	32	13	36	48	24	45	10	50	19	10	28	39	28	14	42	32	21	3	33	35	20	39	5	5	32	34	8	20	27	15	27	17	20	
14	41	29	20	2	10	39	25	49	47	23	5	5	26	45	5	46	46	47	31	2	28	24	16	35	2	15	21	2	22	38	36	19	3	38	32	42	32	14	24	
10	27	40	32	13	26	37	15	32	39	25	43	3	43	34	5	33	32	17	42	39	22	31	20	36	46	19	4	47	22	36	11	46	1	32	11	26	6	49	31	
15	9	34	20	40	5	28	3	40	34	22	38	36	3	27	42	46	23	43	20	3	13	41	29	46	44	17	22	18	17	26	45	2	12	49	8	19	45	7	45	
5	36	7	43	49	48	27	38	16	42	41	38	32	32	30	26	36	37	13	3	16	36	46	37	34	28	26	17	10	34	15	33	46	23	23	41	9	45	18	42	
33	2	7	6	41	42	30	27	44	36	40	31	18	48	47	49	42	27	47	25	43	33	29	2	37	21	20	44	46	23	38	40	1	13	30	15	11	36	11	6	
4	35	6	6	4	46	32	40	8	50	39	42	14	26	33	20	17	30	6	33	11	36	49	48	14	2	41	25	22	25	7	39	15	5	6	23	47	28	26	32	
1	33	25	11	6	24	44	18	16	22	3	4	44	14	46	31	34	24	20	41	26	32	49	32	16	42	21	44	37	33	20	34	13	17	5	4	38	42	19	45	
16	30	7	35	35	6	14	35	43	26	24	25	11	2	40	25	34	27	2	46	13	7	30	35	48	18	42	11	49	3	30	45	50	6	16	18	27	5	35	44	
10	43	33	46	1	20	35	38	8	5	17	7	25	8	36	5	37	9	23	4	17	24	42	49	6	15	34	31	38	27	2	32	23	16	30	10	5	30	42	26	
25	23	10	1	1	9	30	30	12	19	34	37	2	8	13	35	9	43	43	30	31	28	20	47	40	32	4	38	38	31	24	7	48	38	20	2	48	17	12	30	
7	37	6	14	35	34	34	30	35	47	5	7	12	7	5	13	7	49	7	30	50	48	12	32	50	32	14	35	50	22	46	23	25	40	12	21	21	39	36	10	
16	48	28	19	19	36	34	42	21	28	18	7	13	28	38	4	18	40	5	36	35	40	7	7	28	29	20	41	47	32	15	17	49	1	44	1	15	24	14	23	
16	12	29	17	30	12	27	3	16	24	47	12	30	30	32	18	22	15	47	8	37	49	10	23	8	7	1	27	44	10	27	15	46	28	27	31	15	45	33	47	
38	38	28	16	33	23	2	19	40	48	47	38	35	13	4	38	29	37	38	32	40	1	20	6	34	31	27	41	10	30	3	31	2	39	28	16	28	41	9	8	
16	17	45	29	41	41	9	30	7	4	8	34	5	34	47	1	25	46	3	1	32	29	13	2	41	48	19	48	20	29	24	13	3	20	36	43	37	4	34	5	
38	14	24	19	44	15	31	4	15	12	10	35	1	41	4	22	14	16	39	12	48	7	29	46	41	15	14	46	44	49	28	50	20	26	12	1	50	9	13	17	
38	35	13	43	22	26	21	2	45	48	36	40	8	21	35	35	22	10	18	46	5	32	23	15	6	9	6	49	19	38	3	44	29	32	22	50	3	2	10	34	
14	12	32	15	28	19	29	38	11	45	28	5	9	28	26	20	49	38	25	7	15	17	4	34	46	8	10	49	24	38	10	12	35	4	1	16	44	43	13	33	
6	11	23	17	5	23	23	29	29	30	8	22	23	48	30	21	13	46	42	18	14	1	36	10	9	29	40	7	24	28	14	43	43	9	42	5	9	10	47	26	
20	8	11	26	31	10	6	18	28	48	46	14	27	45	19	50	27	13	42	49	6	28	38	22	27	50	20	11	9	23	21	43	38	5	17	12	31	36	1	25	
36	12	12	9	48	46	29	6	28	7	14	36	20	24	20	29	17	48	15	9	7	1	33	24	1	7	1	38	50	3	50	23	26	22	7	11	5	9	36	14	
39	22	18	12	24	19	21	17	9	42	19	1	16	41	50	1	13	43	19	34	18	28	9	20	34	4	44	6	4	44	3	30	27	3	36	35	38	41	17	38	
1	45	2	11	29	34	28	50	32	15	22	23	37	33	34	48	20	11	14	16	12	16	19	23	7	9	37	13	28	12	9	14	11	12	40	23	46	39	10	18	
18	2	21	10	26	31	42	16	28	31	18	27	45	16	38	43	50	38	8	18	49	6	42	44	27	4	43	43	35	28	43	43	19	4	22	21	42	29	44	13	
39	31	2	40	23	11	7	41	13	9	42	9	44	5	44	11	38	6	12	2	35	28	21	37	17	10	44	43	45	38	45	19	2	16	24	21	20	4	49	34	
40	50	13	20	41	34	50	49	41	45	12	50	20	37	35	38	49	23	48	14	49	45	11	5	25	15	5	39	27	42	20	3	27	48	7	6	4	9	7	23	
16	5	50	5	18	33	2	4	38	45	8	18	36	41	23	9	46	17	8	41	9	30	33	27	8	11	20	36	50	1	9	29	13	23	14	31	11	45	32	24	
44	7	10	43	42	11	2	39	9	13	27	7	30	10	49	22	32	8	26	12	35	20	42	47	2	50	36	24	30	32	36	49	29	13	35	5	6	30	34	29	
10	40	15	3	44	33	4	49	42	28	11	50	15	24	7	5	22	39	25	30	16	40	29	35	42	40	6	38	19	13	47	1	50	6	21	37	5	43	31	17	
46	21	7	17	18	36	13	47	34	21	36	27	23	37	41	33	37	8	46	40	29	16	2	39	48	44	21	7	6	38	25	22	22	40	20	26	39	27	49	33	
On machine	6
18	15	34	11	31	20	49	29	34	8	33	9	16	18	32	43	28	10	22	22	24	7	24	5	36	15	40	43	47	19	29	21	38	14	47	6	34	40	37	3	
9	41	29	25	14	24	4	15	48	1	4	6	25	1	44	24	5	49	48	31	10	28	36	36	50	36	48	5	15	25	3	23	7	29	20	1	46	25	6	2	
3	7	50	19	11	36	16	17	36	38	21	50	36	13	21	16	39	6	2	30	46	4	7	19	41	37	7	47	19	10	44	18	43	40	27	48	2	26	43	43	
20	31	46	46	33	2	22	18	49	22	5	7	13	4	36	23	47	35	14	9	11	18	50	10	20	32	23	37	39	24	12	38	14	37	5	43	30	32	34	15	
26	41	48	22	45	38	38	11	31	38	31	43	36	18	50	41	5	46	31	38	16	6	17	39	5	39	28	19	26	34	13	39	49	27	31	15	1	45	39	48	
47	14	43	9	12	48	48	37	24	16	44	37	13	39	2	48	24	26	4	30	41	39	12	46	5	33	34	36	33	37	12	26	8	6	8	31	6	23	28	26	
4	46	46	5	31	29	33	2	40	12	32	32	13	44	10	19	32	22	14	7	7	48	24	20	9	31	37	47	46	47	32	35	27	40	33	26	23	44	24	33	
12	36	25	49	16	14	33	25	2	28	43	11	28	9	49	7	18	48	11	14	6	49	2	3	9	15	15	34	45	36	35	25	32	6	5	2	45	22	17	46	
28	42	13	14	40	2	48	41	5	22	10	18	49	49	19	38	21	38	9	14	25	19	2	24	48	11	10	27	34	18	27	49	6	32	4	50	19	18	18	50	
28	42	41	13	8	23	30	47	39	10	49	12	41	32	5	14	10	43	34	10	13	39	22	46	38	7	33	17	45	6	39	35	42	21	25	49	19	37	8	50	
5	10	41	28	42	32	6	6	1	19	35	1	5	15	23	33	10	29	17	27	37	5	2	17	47	47	39	12	22	36	37	1	48	38	8	22	15	24	25	45	
12	12	33	4	18	16	45	22	45	21	14	10	48	30	24	18	41	47	27	34	24	48	15	20	38	36	15	8	15	14	44	27	3	38	26	47	27	17	32	23	
3	12	31	46	2	50	19	5	9	40	23	47	21	45	15	25	7	5	4	47	15	35	41	43	18	2	4	16	32	5	38	30	46	5	31	25	9	10	29	30	
22	1	46	33	13	11	22	18	14	17	15	14	31	28	37	37	39	32	41	22	47	4	32	35	8	9	44	27	1	28	39	43	24	29	35	7	50	45	19	14	
33	37	15	37	25	6	33	33	35	33	48	13	43	46	23	29	41	44	23	25	23	31	14	42	43	15	28	45	21	43	46	45	11	36	13	23	48	40	24	3	
44	49	22	15	8	20	36	16	50	33	2	43	17	18	13	41	9	42	26	8	31	9	26	26	14	41	18	12	21	42	16	3	24	13	16	8	19	42	3	37	
28	40	28	23	35	46	39	38	40	27	4	43	28	49	4	38	10	7	45	26	4	15	11	23	2	18	28	50	24	15	6	31	36	43	40	17	35	30	24	29	
8	20	36	22	24	46	26	39	36	42	40	19	39	33	4	16	9	13	4	35	35	50	17	14	22	1	40	31	17	7	28	9	3	20	37	39	21	8	45	29	
2	47	43	31	39	50	20	16	13	3	35	35	39	48	20	26	40	19	39	17	28	40	8	36	35	7	36	35	20	14	43	30	19	46	25	12	24	3	27	26	
34	22	18	40	26	4	13	48	41	26	12	13	1	32	29	6	20	13	21	48	47	38	48	38	35	4	31	17	28	27	40	47	29	3	18	8	18	49	23	49	
35	7	29	18	43	45	17	9	40	45	29	15	28	23	35	26	32	11	2	8	24	7	50	43	42	10	24	8	12	44	17	27	16	36	36	50	28	42	31	1	
14	38	39	8	24	24	2	34	1	46	24	22	24	44	27	48	19	12	2	28	39	33	28	15	47	33	10	23	2	1	20	40	47	30	39	32	20	14	27	36	
30	12	31	24	22	4	20	41	26	35	2	19	16	41	14	9	28	19	3	37	11	4	12	14	21	16	33	3	18	14	2	17	13	37	45	26	19	15	4	3	
48	12	47	18	47	11	30	21	14	26	13	38	22	6	32	10	26	50	2	5	24	45	26	35	13	5	6	26	15	30	1	12	42	18	6	24	6	48	6	47	
11	43	50	4	40	38	49	31	47	45	37	40	47	8	32	26	15	27	44	36	17	7	26	45	34	35	11	18	5	29	23	31	45	33	37	49	5	4	25	31	
2	3	7	38	31	9	24	22	38	49	39	50	17	27	23	46	2	16	2	34	6	21	16	33	29	48	20	15	11	31	50	9	15	47	45	16	42	9	25	42	
36	14	41	27	43	33	15	7	30	41	18	3	42	49	3	43	13	14	12	30	38	3	47	49	26	28	25	34	32	31	12	2	3	35	38	45	26	18	1	36	
49	31	41	34	35	46	45	21	48	16	18	1	1	47	11	33	12	4	19	23	38	16	45	34	19	49	5	10	18	41	9	39	35	14	13	43	39	35	32	40	
26	14	39	18	3	31	35	41	8	35	44	28	35	35	13	37	48	35	17	46	7	44	14	38	26	39	6	7	30	12	15	36	19	21	35	39	36	10	24	5	
28	16	41	41	1	45	12	5	27	46	23	9	16	14	17	39	1	15	37	50	5	32	39	15	40	28	14	18	6	33	40	6	46	37	50	40	50	29	3	20	
27	41	3	37	6	9	12	28	39	25	33	32	46	40	28	31	21	14	43	27	27	21	13	34	2	3	6	31	32	29	23	40	21	21	13	18	9	48	7	26	
28	26	48	28	39	21	35	36	14	18	3	2	31	35	48	2	37	7	18	38	50	42	38	11	40	12	22	36	7	5	40	31	18	32	34	10	37	18	39	30	
22	49	17	29	35	31	8	3	18	16	26	36	46	36	11	24	12	25	27	43	4	9	21	14	50	28	39	17	17	46	16	33	21	44	21	41	12	16	7	43	
45	21	32	11	44	45	45	36	25	3	2	42	40	19	46	22	2	44	32	5	23	14	35	24	3	46	14	40	20	26	34	16	20	5	33	34	43	50	8	41	
29	23	2	47	8	13	15	38	4	15	35	9	3	22	27	3	1	5	1	24	35	19	22	42	33	7	50	43	41	16	28	42	1	22	6	7	3	28	44	7	
38	19	24	33	26	21	2	50	13	42	22	41	40	26	1	11	43	22	22	5	7	5	48	27	32	29	7	21	41	22	9	29	5	5	28	27	10	42	30	11	
28	41	39	39	3	4	44	44	32	24	26	20	48	27	33	18	22	11	25	49	10	18	15	13	14	46	46	41	49	6	10	30	18	24	31	12	10	33	36	43	
12	36	38	25	39	49	14	17	1	28	28	5	12	4	11	20	39	26	26	43	50	38	3	3	43	34	19	22	50	33	23	43	36	31	46	14	24	7	48	10	
22	11	39	50	42	13	40	12	42	14	28	48	13	7	14	6	50	10	34	31	19	31	47	30	11	48	47	20	35	50	21	13	11	50	17	27	43	4	24	14	
23	24	7	49	2	22	10	45	37	44	20	48	13	31	11	21	45	4	16	7	10	12	29	44	42	45	41	46	47	22	32	32	15	43	43	14	6	46	33	14	
