Factories	2
Families	20
Machines	4
SetupType	2

Number of Jobs in each Family
3	8	6	6	6	2	8	9	6	7	7	1	10	1	9	4	2	2	7	2	

Jobs in each Family
0	1	2	
3	4	5	6	7	8	9	10	
11	12	13	14	15	16	
17	18	19	20	21	22	
23	24	25	26	27	28	
29	30	
31	32	33	34	35	36	37	38	
39	40	41	42	43	44	45	46	47	
48	49	50	51	52	53	
54	55	56	57	58	59	60	
61	62	63	64	65	66	67	
68	
69	70	71	72	73	74	75	76	77	78	
79	
80	81	82	83	84	85	86	87	88	
89	90	91	92	
93	94	
95	96	
97	98	99	100	101	102	103	
104	105	

Total number of jobs
106

Processing times of jobs
7	7	1	5	
4	10	7	1	
5	9	1	5	
3	6	9	7	
9	8	10	7	
5	6	8	3	
5	4	9	5	
5	1	7	4	
8	4	9	8	
1	2	7	10	
7	9	2	5	
8	1	5	4	
4	1	7	9	
9	5	2	3	
3	5	1	1	
10	1	5	5	
1	10	10	1	
7	1	7	5	
8	4	8	7	
8	8	10	8	
1	1	8	6	
5	4	5	1	
7	8	4	9	
8	8	4	10	
3	9	6	4	
9	9	7	3	
5	2	5	5	
3	4	6	7	
4	1	1	1	
9	4	5	7	
6	3	9	6	
2	9	4	9	
6	6	6	2	
10	4	6	2	
3	1	6	10	
3	6	6	3	
7	3	2	7	
6	6	7	1	
9	7	10	9	
9	4	1	3	
4	5	4	1	
6	3	3	1	
8	4	9	2	
8	10	1	1	
5	9	5	6	
7	6	8	2	
7	8	1	9	
8	2	3	8	
2	4	1	9	
1	8	10	8	
4	1	8	10	
4	9	10	8	
5	7	3	3	
2	7	10	10	
6	7	2	4	
7	9	5	9	
3	1	1	10	
9	6	5	6	
4	2	3	3	
2	3	2	2	
4	5	10	3	
9	1	7	2	
4	8	6	3	
6	4	2	10	
6	10	6	7	
2	8	10	6	
7	8	5	6	
9	2	2	3	
10	9	8	1	
3	2	1	10	
6	6	1	8	
8	7	2	10	
6	9	9	2	
6	2	9	6	
9	9	9	6	
2	6	9	2	
3	3	8	6	
9	4	7	3	
1	5	7	3	
6	2	7	2	
5	8	4	8	
5	8	7	2	
9	3	3	1	
5	9	2	5	
6	8	7	1	
6	5	6	2	
7	3	7	3	
10	1	3	5	
9	6	6	5	
3	8	1	5	
8	4	3	2	
8	3	6	9	
8	6	7	9	
5	5	8	8	
5	2	2	3	
9	10	2	10	
1	3	9	4	
8	8	1	9	
6	10	3	3	
4	8	1	3	
5	2	4	3	
8	10	1	8	
6	8	10	5	
1	4	1	1	
4	7	5	2	
2	5	1	3	

Stepup times between Families, where [f][f] represents initial setup time
On machine	1
44	36	42	37	48	30	13	48	2	27	11	38	13	46	47	9	34	28	27	39	
5	5	11	41	12	48	41	10	15	45	50	6	35	49	8	16	36	46	9	41	
10	35	34	38	41	4	35	26	10	19	34	30	28	8	26	20	14	36	13	13	
25	7	36	45	35	15	3	41	1	40	29	3	39	8	39	10	25	30	5	29	
30	33	1	5	44	47	20	10	43	7	32	8	43	1	19	31	39	3	20	1	
24	32	21	21	38	6	10	31	29	48	39	21	5	15	46	8	36	35	20	8	
31	35	40	10	38	10	2	49	4	3	16	6	45	34	50	41	14	13	32	34	
12	38	8	2	22	31	39	18	37	18	14	5	17	7	49	5	25	18	41	6	
16	17	25	41	39	26	20	28	25	4	44	26	43	20	36	40	29	23	19	23	
8	29	36	29	20	8	26	22	42	41	10	3	3	17	11	14	1	2	16	26	
50	25	22	6	18	24	50	44	21	3	47	21	1	8	13	2	2	10	7	28	
29	14	22	10	40	19	11	42	11	10	34	1	1	34	12	47	14	2	16	17	
19	13	35	14	16	34	35	35	39	12	12	50	49	15	25	24	46	9	31	49	
4	41	16	24	19	9	12	43	50	49	14	17	5	30	33	43	48	35	18	30	
50	30	35	3	29	25	20	50	19	36	15	30	33	36	29	28	17	40	7	49	
26	29	49	42	43	44	11	12	2	18	9	30	16	32	35	44	5	7	15	29	
50	48	23	8	6	21	7	33	9	33	19	40	50	34	43	33	5	10	23	12	
28	23	29	49	30	12	11	4	12	21	46	50	28	26	20	44	16	5	37	17	
34	28	22	19	47	46	21	4	8	3	10	9	39	7	2	31	11	20	49	39	
41	12	28	2	50	35	11	41	43	40	27	33	11	13	27	27	30	21	33	24	
On machine	2
48	7	3	8	40	9	2	3	25	19	19	44	32	21	7	36	24	35	16	26	
38	32	21	25	34	24	31	47	44	19	7	38	49	12	16	6	17	34	43	40	
16	17	29	37	2	9	32	8	8	6	43	32	36	37	34	24	11	32	36	36	
12	14	46	49	45	2	33	6	15	33	20	36	21	27	20	13	28	29	27	33	
50	22	38	17	25	22	48	40	30	3	46	39	34	30	24	50	3	13	43	39	
43	10	7	11	7	24	9	6	18	23	12	15	42	45	30	28	2	5	49	37	
1	4	16	11	22	23	47	6	45	44	3	20	1	48	20	24	2	50	28	39	
39	30	32	33	26	14	38	40	23	21	13	21	2	22	24	50	1	46	10	26	
23	42	26	28	6	49	4	29	13	13	15	45	36	36	49	7	19	21	32	12	
43	37	47	20	37	49	18	3	20	21	28	24	21	27	6	45	30	42	3	13	
5	1	24	32	17	27	29	13	14	37	38	35	9	17	32	5	50	5	44	35	
45	47	20	23	48	42	27	28	30	13	46	29	8	36	32	43	34	39	9	49	
20	2	30	34	31	25	16	19	21	33	7	41	15	13	38	49	7	1	27	25	
1	5	19	30	45	7	21	16	34	40	29	28	21	19	6	12	28	7	19	50	
19	29	12	48	33	34	40	26	13	16	14	26	5	35	26	13	19	15	3	12	
42	44	11	28	29	8	15	11	33	27	29	19	11	36	19	21	47	25	4	11	
28	47	12	6	45	9	6	33	26	48	31	35	47	37	20	39	3	19	28	44	
6	45	5	12	8	16	40	31	50	36	26	41	38	38	19	22	5	8	5	35	
40	21	45	42	25	47	20	41	28	23	17	5	20	21	26	33	14	44	39	24	
27	14	23	22	30	46	16	34	28	40	32	37	14	20	36	50	40	38	46	37	
On machine	3
37	32	42	22	22	30	6	31	30	26	35	21	12	20	15	22	45	13	6	40	
35	14	25	30	13	7	50	15	44	7	36	6	34	13	14	34	8	48	13	9	
32	38	34	30	29	18	40	12	26	28	29	33	47	36	50	49	46	50	49	36	
4	30	32	31	27	49	17	4	18	47	1	47	15	50	8	23	19	1	44	40	
19	14	9	13	4	15	30	33	16	12	36	49	14	19	43	7	46	18	1	48	
19	49	45	30	42	35	20	21	29	13	36	9	42	25	43	19	16	38	27	47	
23	19	33	17	26	32	35	30	1	32	39	28	24	12	23	32	27	29	33	9	
6	44	50	16	17	31	43	14	35	26	17	46	41	2	45	28	44	45	24	26	
12	19	23	29	6	36	31	25	13	19	33	43	3	39	38	44	10	50	31	35	
19	14	15	25	45	21	18	41	27	31	47	24	15	23	28	39	34	43	36	28	
32	22	22	3	40	50	5	38	37	2	40	11	32	8	25	37	32	35	32	39	
17	13	43	48	18	36	6	25	4	33	7	26	17	4	7	42	9	50	8	29	
7	1	16	27	21	39	1	12	32	2	36	29	30	45	26	41	43	34	21	42	
6	25	20	40	9	1	32	42	37	29	11	42	37	49	17	42	37	43	50	13	
32	46	16	46	12	32	38	40	27	38	46	19	47	49	33	49	28	43	11	34	
7	24	10	43	28	43	24	40	37	15	36	32	17	7	31	27	36	44	15	36	
29	40	37	45	22	7	26	41	23	44	42	31	15	1	40	35	20	47	37	26	
41	25	36	37	33	23	5	37	25	33	7	50	6	26	38	11	39	11	29	8	
19	16	10	48	20	48	39	33	36	41	43	1	13	50	38	33	37	49	18	12	
4	15	21	21	44	2	12	4	5	41	14	3	20	5	40	10	41	13	31	38	
On machine	4
38	17	34	18	16	37	26	15	30	21	19	45	1	24	48	14	22	36	27	50	
1	9	19	2	26	24	40	30	42	48	25	27	7	23	50	22	1	30	9	23	
42	40	44	25	2	26	18	35	30	30	17	46	3	27	18	18	48	13	6	49	
32	48	19	35	46	33	40	18	19	40	31	16	31	8	31	39	6	1	47	31	
22	34	7	34	50	22	25	44	24	50	36	47	48	12	29	5	23	5	50	49	
13	9	3	46	34	8	6	24	36	30	50	39	46	32	4	43	40	18	36	41	
4	25	47	7	22	20	42	34	13	32	36	32	7	48	43	22	14	22	46	19	
32	9	35	36	9	25	6	13	38	38	4	50	34	44	47	25	30	49	48	13	
42	2	1	27	15	11	37	30	14	17	50	5	11	48	24	7	15	23	27	38	
47	44	48	31	3	29	24	3	11	45	23	38	11	4	38	29	36	23	24	7	
21	19	18	38	14	25	46	27	46	41	37	36	19	37	12	35	29	4	25	14	
14	32	28	14	47	11	27	32	7	23	14	2	1	27	6	27	13	32	15	47	
45	42	22	2	33	41	36	6	9	38	29	27	34	20	12	36	42	23	14	14	
46	48	35	36	12	1	4	44	11	43	49	23	17	2	8	2	46	27	21	45	
48	31	38	46	26	33	13	21	31	28	1	28	1	49	18	38	45	18	39	48	
49	50	15	34	28	17	25	44	42	45	31	44	35	38	20	17	8	46	33	30	
43	45	10	37	11	48	1	46	49	22	24	41	3	42	40	38	5	28	34	28	
4	48	38	32	30	26	2	31	6	13	50	46	4	37	14	11	48	46	36	35	
16	18	27	46	40	22	33	29	4	25	38	39	3	20	31	32	11	25	8	14	
31	37	23	42	19	22	26	5	22	41	32	24	39	35	18	46	37	32	21	24	
