Factories	2
Families	40
Machines	2
SetupType	2

Number of Jobs in each Family
5	5	2	9	6	5	9	4	3	8	10	8	2	7	9	7	7	8	2	5	9	2	2	6	2	1	2	8	8	2	5	1	5	5	6	4	6	8	3	6	

Jobs in each Family
0	1	2	3	4	
5	6	7	8	9	
10	11	
12	13	14	15	16	17	18	19	20	
21	22	23	24	25	26	
27	28	29	30	31	
32	33	34	35	36	37	38	39	40	
41	42	43	44	
45	46	47	
48	49	50	51	52	53	54	55	
56	57	58	59	60	61	62	63	64	65	
66	67	68	69	70	71	72	73	
74	75	
76	77	78	79	80	81	82	
83	84	85	86	87	88	89	90	91	
92	93	94	95	96	97	98	
99	100	101	102	103	104	105	
106	107	108	109	110	111	112	113	
114	115	
116	117	118	119	120	
121	122	123	124	125	126	127	128	129	
130	131	
132	133	
134	135	136	137	138	139	
140	141	
142	
143	144	
145	146	147	148	149	150	151	152	
153	154	155	156	157	158	159	160	
161	162	
163	164	165	166	167	
168	
169	170	171	172	173	
174	175	176	177	178	
179	180	181	182	183	184	
185	186	187	188	
189	190	191	192	193	194	
195	196	197	198	199	200	201	202	
203	204	205	
206	207	208	209	210	211	

Total number of jobs
212

Processing times of jobs
3	6	
10	3	
10	8	
8	6	
7	2	
4	6	
9	10	
10	5	
9	9	
10	5	
3	1	
1	5	
5	4	
9	4	
4	9	
4	8	
3	5	
6	7	
2	7	
5	2	
2	2	
10	3	
8	8	
1	2	
10	3	
1	6	
5	2	
1	10	
9	7	
6	1	
6	6	
1	4	
9	3	
1	6	
10	8	
2	3	
5	5	
2	7	
10	9	
1	6	
7	3	
3	5	
7	2	
2	10	
5	10	
7	1	
8	4	
5	7	
2	9	
9	9	
8	4	
1	9	
7	2	
7	5	
8	10	
9	9	
7	9	
4	5	
9	9	
2	7	
9	6	
5	8	
7	2	
10	3	
10	5	
6	6	
8	10	
10	6	
7	2	
4	3	
8	5	
10	2	
3	10	
3	9	
9	4	
2	5	
4	8	
3	10	
2	3	
5	4	
5	10	
6	8	
2	10	
3	4	
2	10	
1	8	
8	1	
8	6	
1	5	
3	1	
4	5	
4	1	
5	4	
2	8	
9	4	
7	6	
2	10	
8	9	
9	3	
6	10	
9	1	
5	4	
7	4	
6	1	
7	10	
5	6	
10	6	
7	8	
3	10	
8	10	
6	4	
6	3	
7	2	
8	6	
8	1	
9	2	
10	5	
2	9	
7	2	
9	1	
3	9	
1	6	
7	6	
10	8	
3	3	
9	10	
4	10	
5	1	
5	2	
8	1	
2	3	
1	6	
3	1	
5	6	
7	6	
7	9	
6	1	
7	1	
2	2	
7	10	
2	2	
9	10	
9	10	
5	8	
2	4	
9	4	
3	7	
3	2	
10	5	
1	2	
2	5	
3	2	
6	10	
6	7	
9	10	
1	6	
3	3	
6	8	
3	7	
2	5	
6	4	
10	5	
1	2	
6	8	
8	9	
10	10	
1	5	
10	10	
3	7	
7	8	
10	1	
1	10	
9	6	
4	8	
2	7	
7	10	
2	2	
5	4	
5	5	
2	8	
8	5	
9	9	
6	10	
8	2	
8	6	
9	10	
10	5	
7	4	
9	4	
7	10	
5	4	
7	8	
6	1	
2	6	
5	1	
5	2	
2	1	
8	9	
2	3	
5	6	
7	9	
7	3	
7	9	
6	9	
9	5	
3	5	
8	9	
10	3	
7	5	
10	10	
5	5	
4	6	

Stepup times between Families, where [f][f] represents initial setup time
On machine	1
40	38	2	40	28	32	36	48	5	35	11	48	10	21	31	49	3	22	50	23	13	7	42	40	11	9	31	16	24	33	40	6	34	25	46	25	10	32	46	18	
43	15	17	43	41	26	32	5	38	18	45	27	26	6	14	30	8	43	39	41	22	46	43	33	43	1	3	8	38	29	16	16	48	15	2	24	20	41	32	36	
12	32	1	23	27	46	47	37	3	30	2	23	32	26	42	41	43	50	33	33	37	3	33	38	18	37	43	15	40	28	13	18	41	31	17	48	7	48	10	32	
6	32	33	4	50	44	14	35	44	9	30	18	31	13	9	32	41	14	44	30	19	50	18	14	32	43	5	26	7	6	47	1	47	29	45	12	40	12	33	36	
11	43	44	3	16	2	24	27	27	14	8	21	21	31	34	39	43	35	39	42	28	33	2	14	11	43	42	35	5	47	2	47	31	5	35	6	23	28	33	29	
35	12	26	34	49	20	45	32	2	47	38	50	34	39	9	40	34	41	45	16	19	42	18	15	24	8	47	49	40	29	17	18	44	11	24	40	12	21	28	38	
38	46	31	49	47	24	46	11	8	25	45	41	20	49	21	28	48	17	47	47	19	32	22	32	23	34	18	42	36	11	22	31	20	2	29	9	38	40	9	29	
8	40	18	49	21	39	16	1	31	29	2	34	37	37	37	33	24	14	5	46	33	11	27	34	36	46	48	47	3	1	16	22	14	5	31	11	38	12	34	30	
35	8	17	26	19	3	13	5	4	41	43	23	5	14	39	37	26	47	20	41	2	28	15	42	43	30	32	45	37	39	49	30	44	29	14	21	15	29	44	42	
39	26	14	5	18	21	47	28	18	35	23	9	2	14	32	32	31	49	28	37	23	18	49	31	14	23	41	49	25	4	39	11	25	7	20	28	13	23	38	43	
23	25	41	11	5	29	23	37	16	18	4	1	35	48	1	44	49	27	41	40	39	7	47	49	27	45	32	24	15	1	7	38	43	45	42	29	34	12	2	3	
41	3	8	23	19	44	48	30	45	38	35	38	25	43	18	44	15	26	20	44	2	45	11	45	14	42	35	38	47	13	47	39	36	25	1	50	21	3	45	49	
28	9	40	37	47	39	40	43	43	7	35	50	24	50	36	16	41	42	43	49	38	40	29	39	32	47	17	11	41	20	9	8	33	17	14	31	35	49	2	50	
21	23	34	7	49	5	46	33	34	6	31	4	40	6	17	41	47	7	7	6	47	9	18	15	27	45	50	11	38	46	33	27	42	47	6	43	30	35	2	31	
4	41	27	28	21	32	37	3	19	14	28	10	31	43	10	45	18	5	11	33	41	15	10	24	7	26	49	37	26	27	5	4	3	24	22	11	35	48	48	31	
23	36	4	35	19	2	38	18	30	40	27	39	35	45	18	3	14	50	23	47	31	40	21	1	31	42	31	43	39	3	49	48	3	15	18	7	6	23	13	5	
42	10	5	49	46	1	25	29	3	12	2	3	25	23	9	33	25	20	18	10	10	43	4	4	41	1	13	20	23	20	43	11	20	13	29	1	18	38	23	44	
30	32	16	41	28	16	8	28	13	43	23	34	46	50	2	36	20	14	27	28	25	44	29	4	46	32	13	33	16	19	33	9	38	22	29	23	23	32	50	30	
2	3	31	1	31	15	47	14	10	5	15	7	48	36	20	36	43	32	30	29	11	29	6	19	10	29	14	4	35	27	14	14	12	13	5	12	35	5	36	21	
19	10	34	12	17	32	22	40	21	31	50	24	24	30	36	46	44	32	22	4	43	47	37	21	39	46	21	1	14	5	28	39	24	8	26	31	46	37	6	30	
2	4	35	18	44	3	46	32	44	27	32	11	40	43	21	43	6	31	14	1	27	48	7	34	3	16	28	33	31	49	18	7	21	17	13	11	34	8	35	49	
34	2	50	44	11	10	43	35	37	39	33	45	21	18	8	3	39	10	50	5	39	41	5	33	10	45	3	49	25	45	17	3	21	40	31	39	41	30	27	1	
8	15	36	45	28	11	38	41	38	44	1	31	26	27	32	5	6	20	2	46	34	1	49	49	21	27	35	16	1	11	44	47	50	42	12	17	2	44	1	12	
36	22	18	13	16	40	19	1	33	45	21	16	16	7	14	37	30	6	7	21	18	36	1	23	13	46	24	37	29	43	16	43	42	26	47	14	1	43	7	33	
17	1	48	37	43	35	10	22	17	29	48	21	22	11	28	17	31	10	16	17	2	7	23	10	20	11	15	1	12	3	21	8	3	39	15	19	27	44	45	20	
24	8	8	46	43	15	8	11	29	40	13	34	34	43	31	5	49	24	41	4	32	45	39	36	9	38	49	4	30	36	6	50	22	4	10	44	33	34	21	40	
32	2	10	30	5	30	21	36	17	19	7	4	15	35	11	24	36	16	23	35	17	20	38	8	8	46	44	28	29	48	12	34	20	47	37	29	17	23	39	27	
28	21	7	43	33	12	41	12	8	44	37	2	28	32	20	10	31	30	27	8	6	38	16	24	7	8	19	22	8	18	24	50	23	50	12	35	30	22	45	7	
47	24	36	13	49	9	21	3	7	8	32	12	10	1	16	25	31	17	36	31	1	34	44	25	12	46	39	4	49	5	21	11	2	14	11	36	23	50	21	15	
24	45	17	46	19	35	2	47	28	2	2	12	8	29	46	24	11	11	15	10	25	20	11	28	19	39	12	47	13	44	50	25	6	9	49	6	19	10	32	20	
38	46	9	1	9	4	21	18	19	13	45	9	10	6	29	10	18	24	2	28	35	2	27	27	48	29	5	12	13	11	3	36	27	25	24	33	37	19	4	37	
8	5	47	43	42	34	25	43	35	10	22	19	23	44	37	46	29	36	25	24	25	42	46	21	6	36	45	28	13	35	41	35	34	3	33	18	45	41	25	44	
11	20	8	17	32	31	22	24	50	39	12	27	29	12	46	18	10	36	10	2	43	43	42	10	8	6	28	37	15	33	45	11	41	26	41	24	20	46	25	37	
31	21	25	43	24	28	39	15	42	2	10	40	19	7	43	12	24	29	31	36	33	42	19	7	39	14	11	6	17	30	43	37	43	3	22	8	25	29	36	2	
28	7	6	38	41	28	42	3	17	50	22	19	32	39	6	50	39	39	25	43	17	49	6	32	16	16	41	40	18	2	28	17	27	26	8	46	19	50	15	47	
23	21	44	36	2	22	27	49	26	35	28	1	39	45	23	43	42	48	11	25	43	21	49	14	3	12	3	24	9	42	17	39	48	30	32	23	33	40	29	2	
8	21	14	6	22	44	43	22	40	8	39	27	7	1	29	13	22	24	42	36	33	14	15	41	49	43	34	44	32	8	24	33	45	44	4	38	4	34	30	5	
26	15	14	14	24	28	9	50	19	28	49	11	49	45	34	26	24	49	25	31	35	41	16	23	34	40	14	41	13	28	8	7	8	44	48	32	8	3	24	23	
20	29	47	6	19	12	14	8	36	25	8	31	20	48	6	8	5	19	23	41	45	26	16	16	42	30	37	46	45	28	7	50	49	9	19	49	23	42	38	24	
39	45	17	42	26	11	21	33	30	50	34	15	49	23	15	11	7	46	33	32	38	46	30	47	18	6	43	29	48	10	50	1	3	32	26	40	27	21	35	4	
On machine	2
28	23	50	33	31	31	50	43	36	21	34	5	28	26	15	11	44	15	41	22	47	42	8	25	35	40	8	37	46	23	33	8	44	21	29	37	11	46	6	4	
45	13	36	40	45	45	46	38	26	5	48	32	44	23	14	1	15	11	28	9	31	6	8	17	7	33	31	15	48	11	15	9	6	47	27	45	1	34	29	26	
22	20	9	49	17	13	29	49	7	27	33	32	48	12	36	19	13	22	39	5	3	35	5	38	25	11	23	14	30	1	38	31	6	25	33	41	47	47	43	23	
26	8	44	46	30	31	36	14	12	43	50	27	12	10	47	16	31	17	20	20	19	9	37	19	40	30	3	12	50	33	10	8	28	5	9	9	35	37	3	22	
30	25	39	33	25	40	42	17	3	12	24	50	26	47	38	29	19	15	15	31	46	34	45	20	35	4	10	25	3	12	29	26	37	17	22	8	45	18	48	20	
25	25	1	30	27	26	31	2	15	3	13	14	8	39	3	9	42	34	20	49	45	31	35	39	30	14	50	2	50	14	24	30	1	34	15	11	1	33	31	30	
44	41	32	44	30	45	22	23	27	30	40	1	11	41	18	47	39	50	12	29	32	17	19	38	19	45	25	13	29	9	1	18	16	14	3	4	24	39	19	26	
41	50	16	18	33	34	4	45	46	12	46	39	41	10	29	29	22	23	14	38	35	25	48	38	41	35	2	6	23	31	1	49	4	48	39	1	50	35	48	45	
7	50	34	28	8	16	11	29	26	22	29	38	21	2	22	28	32	20	50	16	13	22	40	35	2	28	14	49	17	16	12	43	43	38	35	42	38	30	33	37	
9	35	30	11	15	41	5	6	22	45	46	10	47	21	50	46	30	22	19	29	32	3	12	15	47	17	4	9	39	41	10	23	8	14	35	41	27	48	36	24	
48	45	48	18	3	45	28	43	34	3	31	39	39	50	32	39	35	10	6	7	5	42	47	5	29	21	11	9	5	16	2	50	16	40	13	49	41	15	11	50	
43	50	37	10	22	44	41	24	21	43	19	28	48	21	32	49	47	49	49	25	3	18	16	1	34	29	7	45	28	46	34	25	45	35	1	37	33	37	15	42	
7	16	15	15	1	17	46	5	23	45	3	6	7	31	39	7	15	17	9	30	30	43	40	42	26	47	17	50	12	2	12	34	14	6	30	40	17	49	14	35	
6	37	40	11	43	40	21	49	27	15	22	28	35	33	19	5	45	24	24	26	37	35	33	39	22	11	39	29	3	22	40	39	30	13	19	32	19	38	30	10	
18	26	34	13	34	37	39	39	30	24	21	7	18	41	5	27	5	36	16	50	16	35	7	11	47	2	12	15	35	40	41	50	45	42	38	5	38	13	15	10	
29	30	3	3	23	47	38	2	46	46	29	11	37	9	6	47	35	40	22	16	25	19	27	13	16	48	9	24	12	46	34	39	23	13	7	39	34	38	31	16	
15	44	26	12	15	41	11	6	3	20	40	9	42	7	18	27	9	34	31	40	4	25	35	44	20	23	1	1	26	43	17	5	29	25	46	25	49	33	21	14	
48	45	24	1	43	41	26	50	21	17	18	5	18	33	46	10	40	45	15	32	22	9	36	18	17	40	43	15	30	28	46	31	3	20	9	46	37	1	42	25	
21	17	30	35	28	25	27	35	44	9	38	2	20	27	25	2	20	18	13	34	48	26	43	29	38	28	40	47	4	39	48	40	29	15	16	15	8	14	14	19	
30	33	5	32	46	15	14	27	4	23	14	30	15	20	13	32	24	26	25	10	10	48	38	2	35	30	28	41	7	3	5	7	29	42	14	4	5	24	48	36	
17	12	17	19	11	26	18	44	9	9	48	34	42	29	38	33	17	41	4	13	41	4	26	46	45	7	4	8	1	34	12	43	15	34	39	13	5	15	31	21	
35	15	24	5	22	6	31	4	4	15	35	9	26	34	32	34	16	47	28	40	6	33	6	42	2	44	2	24	32	2	36	32	35	21	28	5	8	12	30	17	
48	44	35	43	4	18	40	28	35	13	2	36	50	14	23	29	24	3	31	50	34	39	32	45	29	14	13	35	29	33	27	41	49	45	31	40	48	21	7	24	
32	27	33	25	26	28	4	12	25	32	39	31	21	5	26	44	21	33	9	7	16	2	25	26	48	41	28	11	37	2	9	30	20	17	42	22	19	35	11	34	
22	8	6	47	39	18	4	47	21	13	45	18	7	39	3	5	5	29	8	16	36	6	10	2	35	20	27	23	17	13	42	1	50	32	35	21	37	21	13	2	
22	45	6	15	36	19	37	26	13	30	2	12	46	22	7	16	15	48	16	7	8	23	21	20	17	11	28	9	20	30	30	41	39	8	26	24	31	47	32	22	
24	39	47	7	6	11	5	10	3	34	46	18	2	27	45	32	11	45	14	21	10	20	7	26	42	10	30	6	16	29	50	39	20	43	26	5	5	10	39	38	
7	21	32	32	44	28	30	5	47	23	14	9	15	20	29	21	17	26	42	22	8	34	4	21	10	35	21	28	22	11	6	38	27	40	21	7	49	5	30	27	
23	26	48	29	33	3	3	21	38	26	45	45	40	48	47	14	32	14	4	30	2	15	28	29	28	14	2	1	39	27	18	16	39	41	45	33	26	14	1	34	
48	40	50	48	48	40	11	12	33	22	10	47	15	45	9	29	16	27	23	23	50	3	2	42	50	11	30	41	31	39	24	5	12	47	13	7	40	44	43	21	
43	8	20	16	45	32	46	22	13	44	30	25	40	50	45	20	16	8	19	20	19	23	16	9	14	44	2	23	9	25	12	35	12	27	25	17	33	1	48	22	
14	15	32	30	38	25	14	49	27	21	12	38	32	15	50	34	40	40	30	20	1	34	38	11	13	8	11	1	5	13	49	31	15	24	12	25	26	26	9	29	
50	34	18	9	48	40	43	6	46	30	38	32	48	30	47	5	2	4	26	19	41	37	16	27	13	12	16	44	36	42	37	5	35	40	39	15	30	48	5	46	
7	8	27	29	21	16	30	21	23	28	46	15	6	19	42	8	14	48	21	25	25	1	21	25	33	35	23	20	48	11	46	23	39	10	12	27	8	31	40	29	
21	13	25	5	36	10	13	35	40	21	10	48	49	25	24	17	4	40	48	20	36	25	1	25	38	50	17	28	1	26	38	33	14	3	11	16	20	50	47	36	
14	16	33	15	17	5	42	39	6	36	1	43	3	12	32	21	23	9	28	12	13	21	33	17	22	45	16	25	50	9	19	36	18	35	31	6	45	12	27	5	
2	24	46	31	43	15	13	11	18	18	12	45	42	13	9	17	34	31	8	12	4	22	20	47	49	40	9	19	31	18	50	19	10	33	14	31	18	4	14	11	
30	38	42	39	39	39	32	13	25	23	7	32	31	40	17	40	27	20	13	17	12	7	36	10	45	13	24	15	43	36	34	39	21	12	9	25	26	44	43	42	
43	44	24	45	47	15	35	7	20	3	38	28	46	34	26	30	49	21	12	40	7	29	30	25	5	4	41	13	43	13	13	46	34	5	30	25	25	43	50	21	
23	20	38	30	22	31	36	36	30	41	5	31	16	41	24	15	1	2	36	13	19	3	24	40	36	42	10	42	23	9	12	18	28	16	30	33	40	17	14	1	
