Factories	2
Families	60
Machines	2
SetupType	3

Number of Jobs in each Family
7	2	5	9	2	3	2	3	3	10	2	2	5	6	6	4	3	10	3	4	2	4	4	2	6	6	9	1	2	4	7	6	2	10	3	6	3	7	8	5	2	7	3	6	7	6	6	9	3	6	4	7	5	7	3	7	4	5	1	6	

Jobs in each Family
0	1	2	3	4	5	6	
7	8	
9	10	11	12	13	
14	15	16	17	18	19	20	21	22	
23	24	
25	26	27	
28	29	
30	31	32	
33	34	35	
36	37	38	39	40	41	42	43	44	45	
46	47	
48	49	
50	51	52	53	54	
55	56	57	58	59	60	
61	62	63	64	65	66	
67	68	69	70	
71	72	73	
74	75	76	77	78	79	80	81	82	83	
84	85	86	
87	88	89	90	
91	92	
93	94	95	96	
97	98	99	100	
101	102	
103	104	105	106	107	108	
109	110	111	112	113	114	
115	116	117	118	119	120	121	122	123	
124	
125	126	
127	128	129	130	
131	132	133	134	135	136	137	
138	139	140	141	142	143	
144	145	
146	147	148	149	150	151	152	153	154	155	
156	157	158	
159	160	161	162	163	164	
165	166	167	
168	169	170	171	172	173	174	
175	176	177	178	179	180	181	182	
183	184	185	186	187	
188	189	
190	191	192	193	194	195	196	
197	198	199	
200	201	202	203	204	205	
206	207	208	209	210	211	212	
213	214	215	216	217	218	
219	220	221	222	223	224	
225	226	227	228	229	230	231	232	233	
234	235	236	
237	238	239	240	241	242	
243	244	245	246	
247	248	249	250	251	252	253	
254	255	256	257	258	
259	260	261	262	263	264	265	
266	267	268	
269	270	271	272	273	274	275	
276	277	278	279	
280	281	282	283	284	
285	
286	287	288	289	290	291	

Total number of jobs
292

Processing times of jobs
3	2	
5	8	
7	7	
9	10	
3	4	
7	3	
2	1	
6	7	
8	3	
1	5	
5	10	
5	10	
3	5	
8	7	
7	10	
7	7	
6	6	
2	7	
5	9	
10	2	
5	10	
10	4	
10	1	
4	4	
6	9	
4	6	
8	4	
6	8	
10	4	
5	7	
3	2	
4	2	
1	5	
9	7	
3	2	
3	1	
8	3	
4	5	
2	5	
10	4	
9	7	
3	8	
5	10	
2	8	
2	9	
9	4	
6	4	
9	10	
3	5	
4	1	
1	3	
2	8	
6	3	
4	3	
6	8	
8	4	
10	3	
10	5	
4	10	
5	2	
4	7	
6	1	
10	10	
8	1	
7	3	
8	3	
1	5	
5	10	
7	3	
7	10	
1	4	
2	1	
6	3	
10	10	
4	10	
1	9	
2	10	
2	5	
1	10	
3	3	
4	9	
1	7	
2	9	
8	8	
2	2	
8	9	
8	6	
5	8	
2	5	
9	1	
6	10	
2	7	
4	9	
6	5	
3	5	
10	9	
2	7	
1	2	
9	2	
7	3	
1	8	
5	3	
4	2	
3	1	
1	1	
1	5	
4	4	
5	8	
10	6	
10	4	
8	6	
7	2	
1	8	
3	1	
3	4	
9	8	
2	6	
6	3	
7	9	
2	1	
7	9	
5	8	
7	5	
3	5	
9	5	
6	6	
8	1	
7	2	
4	6	
3	2	
8	7	
5	1	
1	4	
4	2	
6	9	
6	1	
6	6	
5	1	
3	3	
5	3	
4	2	
9	8	
6	3	
4	5	
4	8	
7	3	
3	4	
9	9	
1	10	
3	7	
6	1	
8	10	
5	10	
6	9	
9	1	
10	8	
8	3	
8	1	
7	10	
2	2	
3	4	
4	3	
5	7	
1	4	
4	4	
5	7	
3	1	
7	3	
1	4	
8	3	
8	7	
1	2	
9	10	
9	10	
8	2	
3	7	
10	1	
5	8	
8	2	
8	8	
1	3	
3	2	
8	3	
8	3	
4	3	
5	8	
10	2	
9	4	
9	1	
2	6	
9	7	
10	9	
10	9	
7	3	
5	5	
2	2	
5	3	
1	5	
9	1	
6	3	
5	5	
8	10	
4	8	
3	2	
3	2	
7	4	
6	7	
9	3	
7	4	
5	5	
6	8	
1	7	
5	5	
10	4	
7	5	
2	7	
3	4	
1	10	
9	4	
8	3	
4	2	
10	9	
2	8	
4	2	
4	6	
8	7	
1	7	
2	1	
1	5	
2	7	
2	3	
9	4	
4	8	
3	4	
7	10	
4	4	
2	7	
2	6	
10	4	
10	9	
10	3	
9	2	
3	8	
6	4	
4	2	
3	1	
3	7	
6	8	
9	3	
4	5	
2	7	
3	8	
8	5	
2	8	
9	1	
8	9	
3	4	
7	9	
2	10	
6	9	
3	2	
2	5	
7	10	
8	5	
3	6	
2	5	
6	9	
10	2	
1	6	
2	7	
5	8	
10	1	
8	2	
9	5	
2	1	
8	6	
3	3	
3	8	
2	2	
9	4	
2	3	
6	1	
4	7	
7	7	
3	6	
10	6	
5	3	
6	9	
10	3	
1	6	
7	7	
4	10	

Stepup times between Families, where [f][f] represents initial setup time
On machine	1
71	43	64	43	89	65	71	34	66	22	64	98	24	11	68	36	49	29	47	96	10	2	5	18	17	16	93	31	52	44	48	4	85	100	44	58	47	9	25	83	70	90	96	79	66	25	86	51	8	77	35	46	82	31	51	81	19	77	53	1	
6	92	58	93	87	89	8	65	43	38	40	53	93	25	33	87	57	77	63	93	100	57	54	13	7	30	54	41	25	76	22	21	48	55	76	98	51	98	25	62	21	20	77	61	80	47	12	14	12	49	86	90	10	81	65	8	68	13	89	91	
46	5	41	88	82	13	56	2	36	94	76	14	65	19	62	11	38	90	50	23	23	16	49	92	13	40	44	56	90	98	42	82	19	76	42	37	92	10	58	54	35	31	36	100	76	35	27	66	71	71	53	91	98	21	78	4	81	12	27	85	
11	96	91	91	79	46	73	45	71	54	16	86	67	72	96	33	29	65	42	46	7	90	81	97	86	42	6	57	82	20	61	98	11	23	57	49	86	21	38	63	26	22	93	25	80	1	67	40	76	35	9	97	43	95	48	62	46	86	1	37	
77	72	87	8	84	55	64	45	64	26	24	84	5	20	60	20	82	51	82	83	86	74	6	52	94	87	16	81	55	25	66	92	57	57	29	62	68	3	72	27	30	34	41	72	73	22	54	78	46	32	57	66	2	11	75	6	12	76	7	59	
60	67	79	23	39	45	99	21	14	77	40	66	63	63	83	34	33	66	87	32	35	9	64	70	44	36	96	73	38	92	91	35	25	16	46	90	69	57	61	84	15	21	37	23	3	19	99	83	73	90	2	1	10	58	27	47	81	43	55	25	
79	45	24	30	22	8	16	76	21	61	31	92	41	73	31	49	19	20	24	6	86	28	85	66	25	76	57	56	56	87	71	63	31	97	56	100	72	47	41	21	31	78	12	88	14	74	94	21	10	68	12	32	15	86	50	95	30	1	15	66	
93	23	67	39	59	55	13	76	70	2	5	59	61	6	97	97	94	64	34	6	64	46	5	29	12	31	54	83	37	62	22	16	61	77	4	100	14	78	17	31	93	71	100	44	73	95	94	47	88	80	94	61	70	85	97	39	74	95	89	78	
84	64	11	91	71	32	78	47	84	8	2	12	23	55	17	56	51	43	67	37	12	24	92	2	74	3	34	81	43	10	15	25	73	66	41	10	79	44	89	75	78	32	93	4	62	55	53	32	77	100	99	80	66	33	10	32	87	95	16	9	
6	76	64	88	100	35	87	74	89	97	72	33	71	22	33	70	18	97	40	31	93	25	92	91	55	44	69	48	78	41	65	56	28	89	35	23	19	97	44	83	14	7	33	97	31	98	20	43	77	47	82	39	7	65	36	95	34	87	61	69	
49	1	87	93	51	77	33	76	84	51	29	16	81	94	14	98	86	32	36	67	5	99	51	65	13	50	40	23	31	96	77	40	23	55	76	33	30	4	66	18	74	85	10	26	91	70	60	24	29	72	50	89	14	51	86	7	41	19	32	80	
58	38	50	28	25	27	42	95	65	94	10	11	66	99	43	36	59	52	86	56	79	22	54	33	22	58	100	89	46	100	60	46	100	73	13	58	69	62	53	40	33	43	77	71	59	77	3	47	77	18	46	98	48	98	56	65	99	16	77	58	
13	1	27	40	57	100	68	45	69	14	63	36	57	76	86	43	53	83	52	66	17	81	59	77	81	97	52	86	20	81	33	19	84	10	22	23	71	13	88	30	29	24	75	58	2	15	55	27	40	33	4	74	96	54	16	78	13	1	89	79	
10	76	56	68	70	35	17	30	64	7	16	77	52	81	48	18	14	50	6	78	73	23	60	27	5	11	78	44	77	40	4	26	4	91	69	20	100	96	8	70	67	74	66	5	98	23	63	77	83	3	32	13	35	65	76	84	84	30	45	72	
31	92	85	55	10	50	34	55	40	30	43	90	61	74	84	27	59	36	48	63	45	64	28	68	71	55	23	17	50	85	80	22	97	19	40	67	56	35	81	39	13	23	22	83	100	63	23	10	88	22	91	79	78	83	96	5	47	38	31	36	
30	50	57	73	59	63	65	2	75	3	11	29	39	76	64	8	50	66	7	15	95	35	27	38	72	14	66	79	69	36	46	90	32	64	46	30	27	86	71	75	14	70	27	8	31	42	78	74	27	37	92	57	59	38	82	92	98	40	47	32	
61	95	1	6	72	67	60	88	39	27	63	42	66	20	35	13	32	51	24	57	50	97	73	45	81	82	34	100	69	13	79	33	13	69	84	13	47	26	11	68	30	77	26	33	65	38	45	75	42	85	14	76	23	3	15	11	59	33	12	26	
12	81	6	37	11	32	67	86	65	15	15	77	29	74	1	18	93	70	71	12	30	43	47	92	58	69	54	42	52	70	68	47	27	92	76	29	31	38	41	3	44	33	23	84	91	9	15	73	78	98	59	36	87	36	45	36	48	17	58	51	
49	89	37	11	30	26	40	48	47	61	55	52	46	48	61	12	36	18	15	19	86	68	97	16	33	94	10	17	60	61	3	73	97	2	45	5	50	95	19	23	29	52	42	63	82	28	51	46	8	85	68	79	3	26	7	44	53	28	39	82	
10	19	65	37	40	69	66	58	22	47	69	41	40	79	83	33	4	38	58	90	84	82	91	86	20	83	47	67	21	30	40	88	23	6	91	94	50	34	97	73	31	22	50	47	37	94	21	8	77	40	10	39	31	58	60	48	78	82	47	26	
12	44	81	63	1	1	98	85	28	21	54	95	35	64	94	77	7	97	79	4	76	67	78	82	82	11	99	44	24	65	69	52	91	58	45	78	95	18	6	10	1	7	4	8	8	18	64	90	30	36	36	77	90	80	100	62	27	26	55	63	
22	7	50	98	20	48	5	10	30	36	71	56	26	78	41	35	34	86	34	34	82	43	57	90	17	41	50	48	20	100	26	100	9	48	93	12	90	70	17	42	80	31	85	39	85	8	3	76	40	46	38	19	100	98	26	83	35	75	5	31	
77	11	30	24	3	28	40	93	17	60	29	35	24	47	11	96	60	51	19	5	66	32	57	7	51	29	47	1	100	11	13	96	40	88	40	79	35	51	33	69	82	38	1	52	59	60	14	55	91	44	73	99	96	18	98	86	60	85	44	64	
42	4	89	14	15	12	80	48	42	53	89	57	92	77	21	2	23	42	99	35	44	40	97	49	62	6	15	37	81	88	28	31	75	13	91	19	34	74	62	87	46	38	56	65	16	91	88	96	67	69	67	45	53	6	47	81	37	66	90	27	
32	15	96	3	22	60	73	28	23	49	49	97	74	75	54	56	16	50	63	91	20	78	29	53	73	57	62	31	41	65	44	85	25	27	33	55	52	68	28	23	40	31	94	82	2	30	74	55	86	68	54	15	88	7	96	14	93	63	39	40	
68	3	37	95	30	62	72	36	8	89	20	40	1	91	33	89	51	68	42	6	46	11	25	35	90	93	15	44	92	3	90	27	64	12	97	64	49	10	72	33	82	11	49	70	84	53	90	39	84	58	20	12	42	93	91	96	22	41	39	48	
14	73	83	82	80	24	88	93	46	78	76	11	43	18	82	98	31	89	77	92	77	94	41	69	20	44	58	45	93	81	20	22	96	89	37	34	49	3	9	1	7	17	11	42	37	94	61	100	9	51	53	15	83	42	73	26	15	43	44	43	
54	83	82	85	36	43	94	58	45	77	65	37	54	33	62	1	91	91	92	39	47	43	40	52	37	60	23	27	28	82	62	53	69	14	20	50	97	47	12	63	59	42	96	5	66	9	29	41	6	89	88	39	35	17	4	84	79	14	33	71	
18	72	4	80	83	1	64	48	64	61	72	72	88	58	14	32	84	81	36	53	32	36	65	77	63	41	2	35	66	27	13	47	41	7	54	72	78	46	80	72	23	25	38	43	10	85	31	70	11	65	90	38	60	12	6	61	75	63	78	36	
97	59	80	34	82	26	47	80	25	44	73	6	85	32	98	44	80	48	62	28	11	61	21	3	62	98	69	14	14	84	91	92	84	2	18	41	83	53	36	33	97	23	79	21	54	88	55	84	66	69	28	74	8	81	75	61	87	36	8	25	
84	82	27	14	15	44	47	92	18	61	65	30	16	75	77	13	99	46	70	11	13	74	86	63	27	57	53	36	62	72	20	34	81	54	84	87	27	77	90	42	91	36	26	48	49	64	13	39	51	15	88	48	44	17	93	44	79	1	79	87	
91	12	1	40	2	49	55	6	63	21	44	99	29	83	35	2	41	78	33	43	30	77	6	60	27	52	12	88	77	10	56	18	59	34	19	67	66	25	44	4	48	96	6	64	56	22	92	49	11	77	58	92	25	38	43	82	75	65	10	92	
23	90	82	74	93	77	9	64	21	92	14	89	17	22	41	29	92	54	84	52	63	17	44	47	15	13	70	59	11	10	86	40	87	70	35	3	1	12	80	67	48	45	15	8	82	83	20	73	50	61	84	16	41	87	47	24	40	37	78	78	
39	38	13	43	61	91	16	33	32	81	8	39	49	55	77	18	3	32	50	37	5	13	52	53	2	41	30	98	5	60	44	64	71	97	99	1	99	43	77	58	16	87	73	33	95	16	57	82	49	83	6	16	93	20	36	14	81	100	91	65	
73	45	32	17	36	71	56	76	23	100	94	21	96	98	91	24	79	31	27	69	67	85	1	31	15	84	67	92	58	49	64	82	72	40	94	44	34	8	63	77	9	17	22	100	53	50	14	13	91	24	83	90	17	87	19	26	94	48	99	54	
90	6	86	29	86	41	66	26	47	20	6	83	31	97	10	83	21	11	97	59	82	63	36	98	36	99	44	100	86	75	38	9	48	89	64	73	68	60	3	18	37	55	71	19	23	94	91	64	7	13	33	11	33	36	88	85	7	3	100	82	
39	11	41	36	44	12	76	43	93	57	50	49	71	57	83	76	84	43	83	44	32	56	18	73	19	11	89	14	54	42	10	19	98	47	56	24	39	93	68	22	66	8	35	90	69	70	34	64	71	28	22	1	90	4	84	8	40	40	48	62	
86	91	3	84	3	59	15	5	68	11	26	87	53	5	42	50	24	2	88	83	3	17	38	83	95	54	30	37	60	20	56	8	50	28	11	8	52	71	33	46	47	78	100	2	17	25	7	12	39	98	12	95	28	58	5	14	67	68	98	71	
8	1	27	72	74	28	70	12	7	91	51	92	4	6	46	58	47	54	85	37	35	96	7	13	54	15	56	57	36	8	58	79	35	48	23	52	66	95	48	75	91	75	93	94	8	7	26	67	93	65	18	57	38	38	81	47	86	68	43	84	
16	32	91	52	21	74	34	82	75	37	89	66	88	91	3	45	10	89	35	35	34	47	100	43	54	58	42	61	23	82	70	8	59	2	77	39	47	73	62	38	64	58	68	77	47	64	13	8	39	96	4	55	46	2	48	44	2	66	70	43	
89	99	61	49	99	40	32	16	48	91	99	5	74	62	66	59	39	60	39	92	98	100	2	14	62	16	29	11	79	29	13	72	77	80	91	66	50	40	43	78	56	54	23	7	56	85	67	53	69	64	84	76	71	77	69	85	81	92	65	41	
92	14	22	16	66	2	94	92	32	89	35	13	100	72	32	75	6	96	59	90	31	45	41	49	22	63	44	7	59	77	62	1	93	59	18	36	69	55	52	70	47	42	1	35	3	36	44	50	100	61	29	59	51	17	18	71	24	99	9	66	
16	73	50	36	79	63	29	52	56	49	65	81	9	53	2	77	81	86	29	43	91	13	39	7	85	46	79	13	28	19	42	10	69	27	75	94	93	58	47	35	65	2	95	48	73	77	41	70	78	78	12	7	42	85	83	3	11	47	39	16	
30	61	28	80	57	35	69	66	87	8	3	86	55	92	81	100	44	30	17	28	3	84	100	37	97	7	62	75	7	47	68	63	7	23	23	4	21	45	54	17	93	45	99	60	51	2	54	77	33	64	37	91	23	24	95	70	77	9	43	74	
44	28	56	47	42	43	15	1	92	17	36	50	56	97	5	38	72	3	95	86	32	63	10	60	3	34	75	78	13	54	68	9	87	49	12	63	67	51	100	84	62	63	77	14	27	92	94	55	30	13	40	48	45	7	48	91	98	66	13	12	
81	33	44	11	31	86	64	20	91	13	73	84	87	43	87	60	43	90	10	76	34	35	13	54	53	13	67	95	60	88	97	28	37	44	82	5	96	99	28	62	1	92	67	62	52	97	67	81	10	20	100	17	19	85	85	5	83	91	83	76	
5	48	3	23	82	42	63	38	34	28	3	76	61	52	54	66	100	50	100	81	86	4	14	53	49	27	90	40	71	90	19	32	42	14	95	37	60	87	7	47	58	97	14	54	83	52	6	35	4	76	96	31	39	35	70	53	84	77	70	8	
34	87	100	8	74	99	52	82	25	3	33	27	71	46	33	2	88	90	67	33	98	28	77	15	11	34	25	4	45	31	30	29	99	24	18	19	65	65	79	72	47	10	67	99	10	27	24	89	7	57	12	82	12	15	56	22	28	91	71	91	
47	70	90	66	70	79	73	27	76	94	96	6	37	32	35	3	38	80	99	2	21	46	94	59	70	51	65	84	58	60	72	49	98	52	89	87	32	58	97	24	62	76	79	82	52	21	2	42	43	90	26	63	49	79	29	99	22	10	56	36	
11	60	23	75	39	90	25	5	12	3	61	91	71	25	88	8	94	97	68	5	13	23	24	68	59	81	9	95	50	74	64	91	81	10	30	56	69	77	40	68	50	21	39	100	48	32	38	66	77	12	1	7	61	33	34	22	31	8	22	66	
29	77	83	1	4	96	95	1	49	19	71	67	31	48	73	10	32	4	31	9	93	51	45	89	30	50	84	37	22	80	100	50	28	2	23	57	90	1	95	78	33	42	38	71	50	56	76	10	23	67	85	72	77	60	71	10	88	24	54	32	
99	18	2	11	46	81	81	59	1	73	6	10	75	16	45	16	15	48	31	75	50	92	76	52	77	24	96	27	68	17	7	32	42	8	1	7	7	26	73	16	40	60	75	50	18	67	19	81	78	58	60	6	3	67	98	32	85	24	68	16	
61	11	33	4	76	68	65	15	100	1	70	8	88	10	56	65	3	98	73	22	36	89	81	95	1	96	30	94	6	70	39	12	23	33	2	89	36	12	70	5	39	50	30	90	71	67	99	24	33	93	8	32	96	6	55	89	21	99	71	98	
54	44	96	39	70	95	7	70	38	94	23	73	71	69	27	59	28	79	97	43	68	55	6	15	47	75	78	60	73	12	42	41	92	57	69	15	79	56	60	100	39	61	42	67	97	98	26	82	40	54	10	69	37	2	7	78	19	93	14	73	
60	51	83	67	21	17	48	77	21	26	93	43	78	25	73	97	87	65	43	72	69	69	33	70	22	69	37	38	55	24	31	80	10	49	86	19	95	99	34	24	65	28	25	2	67	65	5	62	32	42	77	13	54	98	68	71	74	36	6	51	
8	65	68	60	84	56	62	22	5	13	95	78	70	70	25	21	2	63	26	52	92	54	22	28	11	50	49	24	66	67	47	16	12	74	66	14	69	1	45	35	60	98	67	15	28	73	21	18	88	94	95	12	16	71	84	17	69	98	17	100	
4	79	44	69	10	81	1	1	46	65	53	95	75	94	93	40	55	43	89	50	40	34	78	81	83	51	24	86	35	80	80	32	51	98	69	59	58	76	89	70	57	10	23	46	14	73	15	45	32	33	61	52	19	27	37	87	1	92	58	48	
25	66	50	39	35	69	10	2	89	53	14	29	76	82	83	3	49	3	15	13	98	11	53	30	64	45	9	16	71	52	22	26	4	95	10	70	45	21	46	93	13	34	95	41	67	39	41	58	1	57	42	85	57	98	68	28	27	97	98	10	
24	93	36	45	47	66	46	61	64	60	75	65	89	9	22	27	24	91	96	44	65	33	83	92	6	92	31	3	68	53	80	69	52	5	7	76	70	49	44	3	68	47	11	61	82	33	89	66	37	29	33	65	50	100	96	91	36	43	86	83	
28	86	66	50	8	15	96	93	5	43	29	80	98	23	58	94	74	94	93	95	89	93	56	68	74	91	39	61	67	17	61	3	26	65	6	69	71	75	51	80	29	48	65	70	53	43	42	55	20	44	97	73	61	6	21	6	3	36	9	71	
On machine	2
48	60	39	40	90	92	14	29	53	13	40	95	93	96	79	2	97	78	70	41	25	35	75	17	56	74	40	75	13	68	70	17	22	3	58	77	97	37	79	94	22	9	14	35	30	15	41	67	19	50	37	20	32	19	29	2	78	16	40	73	
90	84	94	82	57	57	72	71	98	98	92	18	47	91	15	38	15	69	21	10	38	62	28	39	69	44	69	93	55	68	75	11	100	11	85	74	90	84	58	21	57	77	15	42	19	71	1	84	4	18	60	38	34	66	43	15	72	26	41	14	
80	51	11	71	87	76	50	94	12	59	44	64	51	37	42	37	95	41	53	93	29	26	66	9	48	30	6	7	54	81	25	8	36	63	73	78	5	9	71	66	79	42	46	16	99	41	74	93	90	9	71	23	35	50	54	43	82	2	56	48	
10	54	75	48	8	21	37	27	88	65	26	2	7	73	63	60	65	87	15	26	16	67	39	77	41	48	42	50	3	50	91	45	44	91	77	93	34	57	62	91	79	72	67	4	77	76	20	24	30	70	37	41	45	88	96	97	51	77	12	95	
32	54	57	47	37	37	57	64	52	20	2	81	71	18	84	7	92	91	89	78	76	18	16	70	46	94	35	64	42	30	57	68	95	78	23	73	16	69	41	100	62	72	55	82	95	59	32	57	57	70	66	27	42	55	31	100	82	55	69	1	
37	25	1	17	3	34	9	21	21	61	93	2	22	59	78	21	63	83	6	35	30	54	99	58	1	41	100	8	41	25	28	37	4	20	40	50	68	50	22	24	69	91	83	62	54	7	11	67	67	78	3	72	74	25	20	57	79	68	5	65	
44	74	28	79	24	98	5	58	95	71	92	28	19	98	78	91	42	62	49	60	76	96	91	24	70	52	84	56	7	24	3	28	70	84	11	36	52	46	34	29	83	55	29	49	47	53	53	61	28	14	42	79	69	89	38	77	100	88	64	92	
65	34	17	16	27	25	99	27	92	50	29	40	60	44	2	46	2	98	85	69	18	73	56	17	70	42	51	1	7	63	88	77	10	16	45	34	19	12	69	45	25	57	67	27	15	28	31	84	47	68	86	67	79	30	44	1	16	69	76	24	
59	27	100	62	9	91	17	82	43	41	21	90	42	19	55	45	67	81	88	3	90	99	72	30	76	89	14	36	90	87	55	67	89	11	35	76	10	80	66	47	27	28	3	1	79	48	47	11	92	57	32	14	15	27	62	27	28	38	94	97	
49	9	5	9	55	58	79	50	70	33	64	9	89	69	19	94	52	60	89	64	99	94	44	37	55	52	13	50	23	49	95	5	95	82	46	83	80	34	70	25	60	100	19	38	79	40	92	59	22	99	3	33	23	79	57	69	49	42	18	78	
38	74	87	52	14	85	65	81	45	14	1	84	24	32	7	27	40	5	31	89	24	45	47	41	92	48	21	78	18	61	3	51	83	49	52	1	65	28	24	86	28	26	84	80	91	40	75	95	12	4	68	55	11	6	45	97	67	49	40	39	
61	42	68	67	92	90	67	28	53	22	49	39	100	78	51	45	64	10	72	16	28	65	19	99	5	95	63	5	98	18	44	69	18	79	47	11	65	65	87	47	93	42	37	67	30	62	53	14	55	17	86	22	15	92	84	73	16	18	100	88	
68	3	7	24	13	69	46	29	25	55	62	11	81	30	92	95	45	50	63	63	29	9	41	70	30	46	86	70	28	16	59	99	18	68	30	34	43	9	39	21	92	90	22	51	58	25	50	67	33	98	37	14	20	94	93	40	55	61	35	54	
99	62	45	9	86	61	29	6	51	21	36	47	82	51	53	33	70	67	18	50	14	78	55	20	47	52	73	3	40	94	25	32	71	62	34	83	3	78	8	18	29	35	86	90	40	35	25	69	84	28	9	72	1	10	13	52	35	55	14	88	
57	82	5	49	64	86	74	76	29	95	59	55	74	73	36	22	33	85	30	8	5	76	35	51	1	31	63	80	58	79	84	78	72	44	75	28	36	5	76	1	21	41	25	12	65	29	12	8	65	60	14	10	51	84	80	92	82	23	72	84	
67	64	55	18	19	79	58	62	33	86	61	61	94	58	4	90	58	22	32	4	93	70	8	38	21	18	64	30	9	24	33	21	22	14	35	39	22	73	27	86	71	99	86	49	24	72	46	60	89	76	25	53	75	74	63	96	87	11	11	82	
73	12	90	51	100	70	35	2	31	57	11	77	48	43	5	49	20	21	51	75	3	10	55	92	62	11	48	2	70	32	12	67	94	89	39	41	16	66	37	19	64	47	56	87	6	50	82	68	81	63	81	22	24	78	54	80	63	71	55	6	
1	11	32	83	21	33	27	4	34	72	59	61	96	38	62	35	64	52	47	75	3	37	75	98	86	99	89	70	20	93	59	68	56	46	35	94	97	10	60	55	63	22	22	92	32	80	51	90	23	45	66	21	43	62	96	7	71	89	70	1	
68	29	26	25	56	99	25	49	90	63	92	51	22	18	82	34	3	64	93	87	57	93	12	91	52	44	93	60	70	100	35	6	4	83	38	84	32	100	74	60	37	88	100	91	7	90	66	60	69	3	86	7	89	56	26	85	78	66	70	42	
87	13	65	73	83	39	32	31	28	43	21	22	29	24	12	48	95	40	40	41	18	55	72	69	16	30	13	66	93	28	47	44	3	42	8	49	93	34	96	51	33	22	15	28	22	69	76	66	5	95	34	99	35	97	20	34	16	40	92	86	
2	50	67	67	77	100	15	39	14	14	74	46	46	96	68	25	32	94	27	32	37	87	53	18	31	17	45	69	80	76	77	86	36	28	92	18	14	68	76	34	55	80	62	84	79	21	100	82	40	23	54	74	68	44	37	39	78	92	25	15	
72	31	22	2	88	78	68	78	28	88	45	55	19	44	39	12	52	89	31	63	49	29	65	26	85	58	93	90	45	8	46	56	73	62	81	21	9	96	64	2	81	5	87	9	38	7	78	15	70	88	84	19	64	66	88	29	20	25	71	58	
59	70	25	47	70	55	47	60	83	62	36	52	45	96	30	65	73	43	31	53	76	74	57	26	43	3	3	2	17	1	49	24	12	31	90	85	67	32	83	22	86	5	87	61	2	100	9	11	11	82	74	93	95	67	76	85	48	28	78	31	
69	46	48	55	57	61	61	73	77	48	55	4	91	99	83	11	82	92	94	94	100	35	35	43	94	19	10	88	63	10	32	48	39	48	56	44	73	78	9	24	55	18	29	58	29	5	34	82	56	46	91	18	21	25	61	85	21	82	63	82	
66	95	6	58	7	63	65	74	100	81	92	22	5	96	46	95	28	32	73	1	45	65	45	49	9	30	54	72	100	41	6	72	3	21	28	5	98	48	2	18	43	86	52	94	7	33	46	47	13	70	56	33	8	21	68	36	100	5	68	38	
68	10	84	22	42	66	42	40	79	53	100	44	1	92	22	72	22	9	41	76	31	25	55	82	53	50	44	90	22	90	8	83	40	7	42	51	13	64	83	92	31	99	60	71	30	45	18	97	17	72	11	27	98	52	29	63	1	20	56	45	
32	5	37	87	72	10	30	71	10	58	37	92	8	71	83	12	18	76	43	85	41	70	39	43	51	22	23	28	46	99	62	25	49	90	1	65	5	1	32	15	89	11	74	17	84	84	80	38	50	29	55	55	89	83	82	50	61	89	6	74	
99	19	20	47	18	61	98	45	54	90	6	43	64	1	23	78	70	89	26	74	69	32	64	72	29	55	28	4	56	20	60	1	45	48	27	47	14	90	17	60	43	23	42	2	13	55	28	32	95	100	36	7	12	94	63	3	45	62	5	82	
28	35	25	52	50	14	79	24	5	25	30	14	13	43	70	69	7	81	21	11	58	100	91	10	78	5	72	61	66	49	77	88	30	98	59	76	21	17	79	62	23	34	29	90	78	26	20	71	15	71	53	14	11	65	47	82	31	42	58	30	
63	90	7	45	9	25	8	96	14	50	65	43	93	65	93	9	37	11	93	65	95	97	29	53	47	74	92	80	59	61	11	33	84	58	69	37	42	16	37	45	62	43	43	64	2	83	88	98	91	8	28	94	42	83	41	82	69	41	18	52	
47	67	37	70	62	62	65	74	32	83	62	27	40	54	94	88	98	34	32	94	94	88	99	96	1	65	33	54	61	73	56	33	6	46	69	46	100	4	40	81	11	55	23	53	4	77	62	29	58	80	98	41	73	55	16	28	90	32	69	40	
51	46	4	20	12	72	51	77	50	58	5	53	71	10	8	44	23	70	66	27	53	99	42	22	5	82	60	8	48	18	1	78	44	1	96	64	66	27	55	83	9	59	42	64	37	9	96	91	72	24	60	79	83	85	44	93	4	35	15	12	
43	76	96	80	91	44	73	74	31	81	65	22	52	42	37	18	88	29	17	31	75	26	66	9	9	13	67	87	37	51	33	35	72	39	15	35	21	48	42	85	31	49	24	33	95	9	11	44	4	92	21	3	69	34	77	92	18	74	96	44	
77	30	5	2	62	57	66	39	72	49	49	86	23	99	93	58	39	27	56	90	58	8	44	24	28	35	25	1	62	42	3	43	78	5	57	24	65	28	45	59	66	88	72	93	17	10	20	45	91	28	100	99	17	31	44	81	15	13	74	59	
54	40	76	69	3	74	51	38	30	67	35	40	31	63	100	77	92	48	37	87	3	44	7	4	41	35	96	7	27	88	96	19	64	40	27	85	96	3	88	40	32	1	74	29	73	12	17	67	17	92	64	80	7	3	76	24	91	7	95	70	
82	12	26	89	31	62	51	92	10	86	36	45	43	12	16	87	14	65	15	50	58	70	8	63	48	37	80	76	82	14	58	81	35	65	41	32	48	42	34	66	44	21	66	30	28	59	70	9	50	92	53	3	42	58	30	17	13	6	91	63	
94	78	21	61	59	99	21	4	41	32	42	22	74	66	88	94	81	18	100	36	23	56	97	93	26	53	42	57	35	70	21	78	3	66	40	65	32	94	14	54	61	32	68	17	56	51	80	94	25	49	86	80	23	20	13	13	56	25	44	48	
56	58	82	9	46	94	86	62	16	31	71	50	24	27	52	14	91	99	91	9	9	92	95	60	77	82	2	78	14	67	88	90	66	24	89	63	86	62	93	59	47	52	14	87	71	47	25	86	23	2	37	44	79	39	52	36	66	37	72	61	
4	19	45	22	33	30	31	73	16	82	71	69	75	7	33	18	73	73	1	76	38	84	42	62	42	94	29	46	9	45	66	26	60	38	9	61	67	62	97	30	55	54	57	15	26	34	89	82	95	70	82	5	74	33	93	48	30	45	22	95	
6	98	62	92	12	26	58	98	94	78	44	83	19	55	71	90	8	47	14	48	95	48	57	100	42	73	87	78	8	96	11	34	1	56	10	40	52	37	89	93	46	64	3	67	52	47	20	34	67	84	76	72	95	69	2	26	66	20	21	19	
99	100	64	53	51	11	95	37	62	73	21	88	69	74	5	15	59	7	66	86	33	55	42	1	47	11	8	59	15	98	93	96	24	59	100	80	55	84	5	76	92	20	92	57	89	58	85	42	39	28	55	67	82	31	53	72	25	32	61	46	
68	24	75	56	93	54	60	20	94	65	32	41	82	45	60	20	9	38	48	30	20	84	20	32	60	83	21	16	3	39	91	12	18	12	41	72	84	54	4	21	22	43	71	70	34	27	2	70	74	61	2	76	91	1	49	82	65	17	58	18	
16	92	55	16	31	83	97	39	1	74	80	98	9	3	20	98	82	68	82	75	43	43	27	38	3	49	14	21	72	68	80	21	57	26	25	31	25	82	60	78	6	9	51	80	35	31	13	11	49	47	84	38	88	32	67	68	68	86	74	64	
66	72	7	58	17	99	61	32	92	59	10	1	93	41	7	66	22	13	55	90	92	60	12	43	22	76	41	1	27	15	11	63	10	29	26	56	80	82	78	8	2	92	99	7	17	65	50	29	76	63	86	70	90	19	21	80	71	87	38	38	
47	88	87	79	80	39	30	60	26	59	42	47	69	59	19	89	27	56	41	52	77	35	49	12	23	84	88	74	41	9	46	31	60	40	91	16	60	35	15	14	64	67	39	84	57	42	25	30	66	44	60	24	15	39	57	67	27	31	9	32	
48	55	25	23	54	25	58	49	19	47	13	9	29	56	42	91	100	80	46	34	74	36	3	73	64	93	31	44	3	21	68	28	51	31	75	18	86	74	50	59	96	72	92	2	86	91	10	50	84	49	83	3	52	24	89	2	35	8	85	75	
14	92	1	14	58	14	91	41	67	3	9	37	79	6	23	36	57	88	89	46	68	92	33	87	58	80	23	23	25	96	11	83	80	1	27	15	17	13	46	8	74	44	68	16	69	78	47	80	32	80	77	46	61	15	3	66	19	61	65	54	
37	1	71	12	54	89	60	31	57	98	44	94	10	10	79	32	9	46	8	25	27	45	28	48	46	57	68	9	16	37	23	52	19	99	24	71	47	74	90	65	53	75	29	28	75	63	78	64	19	4	54	56	48	13	44	96	83	90	3	44	
31	97	29	84	35	66	37	52	68	94	34	34	53	50	45	1	61	48	57	33	36	42	69	45	69	26	85	75	48	51	57	18	39	41	35	56	90	10	11	74	83	35	28	57	90	25	76	90	25	26	91	30	35	86	40	23	90	14	29	9	
94	42	46	8	72	22	8	80	67	3	86	14	58	31	91	95	3	35	5	99	14	71	46	23	40	91	57	10	37	83	75	29	48	32	90	77	63	74	9	13	95	18	69	72	84	33	32	83	12	15	89	19	40	76	72	22	52	45	78	19	
32	27	38	7	87	21	12	14	71	47	78	83	80	93	6	71	14	72	12	98	45	31	84	71	44	50	70	73	18	68	36	22	26	85	23	57	97	10	6	34	80	3	47	57	8	97	43	59	95	98	77	24	15	18	86	94	25	80	31	100	
94	47	94	74	32	13	54	32	40	29	34	38	7	60	31	80	11	35	1	9	3	74	95	84	5	4	58	88	11	5	33	100	16	36	90	96	21	83	74	27	96	76	29	54	95	45	100	67	91	5	64	49	43	12	20	75	16	89	70	75	
27	47	70	9	65	51	30	28	97	83	49	76	15	81	59	1	80	37	44	11	6	77	92	66	13	8	58	36	23	33	56	69	92	41	91	70	64	74	87	69	89	13	25	87	99	74	31	19	62	98	36	7	52	82	77	37	75	6	35	80	
46	32	25	6	18	7	32	71	18	54	9	39	19	61	75	45	23	14	19	42	2	3	8	96	3	19	50	29	49	98	65	58	85	47	53	15	13	45	81	70	41	39	44	88	9	27	19	38	76	28	1	59	56	12	40	90	49	18	44	3	
86	61	13	99	53	36	88	80	14	70	81	33	60	77	76	49	39	59	69	97	57	42	26	53	6	33	67	76	85	42	95	71	30	49	98	70	69	92	45	12	84	85	26	100	44	13	92	20	52	26	85	27	10	15	46	26	30	22	78	46	
24	19	11	76	21	39	26	80	1	40	9	75	84	35	98	20	11	25	85	17	48	38	50	39	60	3	48	6	3	51	13	38	85	45	100	78	60	84	23	77	62	66	72	63	33	17	98	12	52	23	15	84	63	61	33	86	74	94	22	46	
25	76	68	57	36	44	73	34	42	90	66	84	75	96	26	53	79	79	14	73	75	81	14	52	54	73	22	96	96	44	30	58	25	66	23	22	53	76	15	56	91	43	55	98	40	48	99	20	66	45	85	7	29	77	82	45	44	36	93	100	
50	73	69	5	62	7	46	87	93	97	11	43	60	77	74	22	70	44	22	90	67	64	73	21	40	17	54	44	81	24	6	74	73	1	39	80	21	100	88	16	23	67	14	24	96	46	94	1	24	3	33	51	81	90	92	68	19	7	40	21	
10	67	8	99	44	13	76	98	48	98	26	14	56	38	19	15	39	49	73	22	70	40	34	12	100	69	7	39	79	18	14	71	69	36	69	31	87	91	88	64	85	31	52	93	46	67	85	55	26	1	21	42	89	41	34	9	17	87	74	31	
86	22	89	79	61	90	7	33	39	20	82	41	4	49	46	4	31	40	43	76	56	68	71	29	72	21	13	33	47	22	65	20	79	87	16	88	11	67	31	42	15	81	7	50	67	83	7	40	23	43	62	35	53	97	3	90	91	28	82	97	
