Factories	2
Families	40
Machines	2
SetupType	3

Number of Jobs in each Family
8	4	3	2	1	10	2	8	9	4	2	3	4	2	9	5	5	10	3	8	1	1	10	1	3	6	1	9	9	3	9	5	10	10	6	3	9	6	9	1	

Jobs in each Family
0	1	2	3	4	5	6	7	
8	9	10	11	
12	13	14	
15	16	
17	
18	19	20	21	22	23	24	25	26	27	
28	29	
30	31	32	33	34	35	36	37	
38	39	40	41	42	43	44	45	46	
47	48	49	50	
51	52	
53	54	55	
56	57	58	59	
60	61	
62	63	64	65	66	67	68	69	70	
71	72	73	74	75	
76	77	78	79	80	
81	82	83	84	85	86	87	88	89	90	
91	92	93	
94	95	96	97	98	99	100	101	
102	
103	
104	105	106	107	108	109	110	111	112	113	
114	
115	116	117	
118	119	120	121	122	123	
124	
125	126	127	128	129	130	131	132	133	
134	135	136	137	138	139	140	141	142	
143	144	145	
146	147	148	149	150	151	152	153	154	
155	156	157	158	159	
160	161	162	163	164	165	166	167	168	169	
170	171	172	173	174	175	176	177	178	179	
180	181	182	183	184	185	
186	187	188	
189	190	191	192	193	194	195	196	197	
198	199	200	201	202	203	
204	205	206	207	208	209	210	211	212	
213	

Total number of jobs
214

Processing times of jobs
9	7	
9	1	
8	1	
5	2	
3	9	
9	3	
9	9	
5	9	
9	2	
3	10	
7	6	
3	6	
1	9	
10	3	
9	7	
2	4	
3	3	
5	2	
10	3	
2	7	
9	3	
8	10	
8	8	
5	1	
4	5	
5	7	
6	4	
5	5	
3	1	
10	6	
2	8	
6	7	
3	1	
9	8	
2	7	
3	8	
6	10	
7	10	
6	9	
7	3	
1	3	
9	3	
8	10	
8	8	
2	8	
4	1	
6	6	
7	5	
1	7	
2	9	
1	7	
3	3	
1	1	
6	6	
4	8	
2	4	
10	8	
6	5	
4	5	
5	1	
3	8	
6	6	
7	6	
5	6	
1	9	
3	10	
1	4	
8	8	
8	6	
7	4	
8	9	
2	10	
2	3	
1	5	
1	8	
5	8	
6	6	
5	2	
1	4	
5	7	
1	10	
2	5	
7	3	
2	4	
7	6	
5	1	
4	4	
2	8	
3	10	
8	10	
5	1	
6	7	
2	2	
2	9	
7	3	
4	6	
6	9	
5	9	
5	1	
10	3	
9	9	
2	5	
6	7	
2	4	
3	2	
10	6	
6	7	
4	5	
1	3	
5	8	
4	6	
9	6	
9	6	
7	5	
1	1	
1	4	
8	1	
2	4	
2	9	
2	7	
5	4	
9	5	
4	6	
4	10	
7	9	
7	7	
1	4	
5	7	
2	5	
7	7	
10	2	
9	4	
2	8	
5	2	
7	10	
6	7	
5	7	
2	3	
2	4	
5	4	
1	1	
1	8	
5	10	
10	2	
1	7	
7	9	
10	9	
1	1	
8	5	
4	9	
6	2	
3	5	
5	2	
4	6	
5	6	
7	1	
7	8	
7	3	
7	1	
8	7	
8	4	
4	1	
4	6	
2	9	
6	8	
10	1	
10	1	
1	9	
8	2	
1	4	
10	9	
9	1	
7	9	
4	2	
4	10	
6	3	
6	5	
3	1	
4	2	
2	6	
9	9	
5	4	
1	2	
6	2	
2	4	
4	5	
6	2	
2	2	
4	3	
9	8	
9	1	
7	2	
2	1	
6	6	
4	7	
8	8	
1	4	
3	4	
1	2	
7	8	
7	7	
1	1	
4	10	
2	2	
10	7	
4	1	
9	7	
7	9	
10	5	
5	7	
3	5	
7	10	
4	8	
2	4	

Stepup times between Families, where [f][f] represents initial setup time
On machine	1
53	66	33	49	80	69	1	79	85	75	57	50	63	76	4	68	96	26	57	23	26	90	89	8	69	9	45	62	45	18	14	70	29	5	72	95	47	77	47	9	
16	13	76	42	2	76	3	5	80	31	44	79	82	100	4	50	42	80	52	27	98	19	32	15	47	95	25	54	93	6	15	21	84	21	27	36	67	90	84	33	
95	92	16	90	90	70	64	33	55	12	31	71	65	72	1	96	44	100	67	53	24	71	82	81	45	63	12	80	77	14	76	84	8	96	98	14	49	72	51	9	
14	13	86	49	41	75	10	76	20	69	2	71	26	97	31	27	23	58	1	34	42	58	89	86	92	92	73	86	40	83	56	58	61	48	75	61	44	4	92	50	
14	78	30	2	76	83	62	53	9	51	17	10	52	63	10	100	19	84	89	90	67	55	83	65	73	41	92	60	8	76	91	12	4	26	80	57	2	66	16	61	
37	41	84	68	20	52	7	20	65	31	54	62	50	47	13	76	34	71	56	80	58	15	25	57	64	38	40	60	87	94	80	82	37	21	51	48	14	83	57	39	
46	53	5	18	32	24	37	72	27	74	15	38	2	16	96	76	11	25	24	87	33	18	18	76	14	7	97	42	18	24	47	49	9	59	37	90	7	29	96	97	
42	12	10	98	3	52	83	27	97	60	46	26	94	67	43	39	8	38	27	59	71	52	14	75	7	49	11	58	57	7	68	32	1	70	44	9	43	34	75	1	
42	39	13	17	11	8	74	99	26	10	43	49	66	47	32	71	32	46	81	22	83	82	83	51	1	23	17	33	24	83	39	86	37	77	57	16	12	50	11	16	
50	13	39	54	16	32	95	27	40	99	62	58	73	81	81	32	38	37	22	84	67	23	19	70	43	54	11	92	77	8	98	14	94	88	43	92	82	4	35	97	
95	11	95	30	34	72	8	50	11	36	78	20	48	89	7	9	24	3	30	31	41	39	92	53	43	42	1	33	19	34	66	35	29	79	22	47	60	69	62	8	
94	1	37	55	94	89	72	20	12	80	67	34	26	6	60	53	53	96	31	27	98	67	46	60	9	23	74	35	97	85	82	84	57	4	76	11	87	36	61	89	
47	36	68	86	70	14	46	6	16	5	41	76	74	54	42	88	76	18	79	36	14	83	85	13	45	4	34	66	93	22	31	65	33	40	43	85	66	75	75	33	
59	39	65	27	60	56	71	71	2	33	94	40	95	57	34	35	70	90	43	75	69	74	84	1	45	24	28	81	62	8	14	84	48	30	69	48	20	5	24	88	
99	59	34	53	16	47	69	50	16	37	68	78	19	97	70	75	32	7	53	37	89	38	12	48	17	35	12	83	70	40	69	25	14	44	79	65	100	2	11	62	
35	46	96	63	39	3	81	5	42	65	48	32	37	32	23	10	35	66	83	96	14	46	22	93	1	62	38	46	28	74	54	71	82	77	47	34	40	6	19	33	
27	35	96	64	40	99	85	85	77	58	61	31	43	74	76	5	10	43	41	15	33	90	9	9	50	41	65	43	91	69	2	41	11	41	50	8	27	18	13	56	
89	40	26	84	30	89	70	39	66	39	91	76	32	86	93	44	35	46	95	94	77	22	22	39	49	66	53	24	10	46	32	73	81	96	14	95	75	26	53	72	
97	63	41	77	32	72	40	72	1	21	36	35	4	6	17	37	6	51	9	88	53	79	45	15	7	32	94	92	94	62	52	48	99	83	13	54	92	29	25	25	
15	54	21	66	64	68	5	78	78	23	18	92	7	20	100	61	49	83	25	15	87	16	71	8	3	58	54	55	87	84	68	96	19	56	8	72	39	97	13	70	
69	7	77	8	13	46	26	25	99	71	31	21	9	46	30	26	14	72	73	76	18	63	70	15	83	28	83	47	91	88	14	85	47	47	9	92	59	8	26	82	
83	77	65	48	6	49	54	75	72	31	40	1	69	74	74	8	20	61	62	40	73	42	59	63	87	10	31	48	93	31	16	44	95	4	2	49	4	67	86	60	
17	32	54	22	44	62	100	33	78	8	87	12	25	2	76	8	3	24	54	32	43	82	56	51	5	80	86	97	84	44	42	20	97	66	8	88	35	47	85	84	
41	73	64	42	3	21	5	92	37	6	22	45	93	34	55	12	11	59	50	75	81	3	87	22	59	43	92	21	49	20	4	84	60	19	93	21	87	55	67	83	
42	64	35	5	82	98	28	33	18	15	93	86	85	5	91	4	57	99	53	34	19	18	81	88	60	71	100	95	72	35	57	17	38	61	58	46	99	99	72	19	
37	16	71	12	34	18	45	1	9	95	3	84	62	80	53	18	69	4	7	19	12	2	83	27	80	54	82	50	20	29	57	42	78	19	73	88	25	85	42	77	
76	83	83	45	79	23	94	29	15	91	65	100	9	99	66	47	29	23	27	51	9	59	5	7	23	71	78	26	70	22	28	99	18	2	92	7	97	34	99	41	
98	55	87	96	88	83	1	75	50	70	42	27	49	30	12	80	21	46	62	57	37	86	86	33	66	85	26	41	23	46	1	70	54	81	12	78	24	13	100	41	
5	90	70	76	78	93	16	31	96	37	29	95	78	9	49	74	22	23	41	34	84	27	50	36	54	12	8	98	83	58	16	75	62	33	47	9	14	5	7	58	
36	66	80	35	68	30	28	87	88	93	90	92	33	56	1	87	43	77	71	28	79	26	80	7	99	76	5	22	2	97	13	31	69	77	6	54	1	26	75	98	
5	2	53	30	38	50	59	7	97	68	94	52	85	100	4	31	86	18	9	22	38	10	44	13	26	70	32	78	87	52	90	68	85	75	36	52	19	36	70	8	
32	96	28	71	53	36	9	6	37	80	10	3	70	88	54	99	72	4	5	80	26	1	86	89	71	100	45	6	87	79	96	7	68	66	54	67	63	100	94	92	
66	45	93	40	33	18	74	55	11	59	37	88	72	41	82	22	49	84	75	92	68	54	41	46	56	37	46	73	75	61	71	44	26	50	37	89	80	61	49	8	
15	44	68	7	64	11	14	89	5	28	19	90	12	42	51	38	89	62	42	37	4	98	29	24	68	90	14	23	55	84	98	86	96	23	99	59	25	63	59	79	
60	87	31	64	52	63	24	28	63	84	42	88	19	65	2	51	86	50	92	60	18	96	89	49	97	47	25	13	36	19	8	49	74	78	93	94	44	80	64	23	
6	100	5	72	76	86	37	13	6	42	68	41	17	12	98	21	35	97	38	26	93	8	61	54	43	72	17	9	59	29	85	30	54	69	82	83	83	30	23	67	
25	97	33	50	52	57	50	26	94	8	23	33	84	37	99	77	98	30	38	15	95	88	17	59	42	5	28	32	68	37	62	27	11	8	3	56	42	26	76	25	
98	5	59	49	76	79	45	8	77	40	56	9	62	38	68	49	12	45	84	10	78	90	69	82	100	54	95	9	64	24	57	100	39	71	54	76	31	57	3	62	
14	77	67	32	29	6	20	3	6	51	56	59	14	10	32	48	31	76	84	43	42	31	15	44	8	15	13	65	91	29	18	55	86	9	60	6	48	90	3	27	
37	43	12	70	65	60	24	10	50	1	70	36	56	30	52	10	7	69	66	43	85	27	84	38	5	61	18	5	27	30	92	56	88	64	46	83	36	45	92	46	
On machine	2
99	86	22	90	73	82	16	48	34	52	40	28	33	60	4	25	82	49	21	52	57	71	72	26	45	47	16	50	22	40	60	6	63	7	31	48	47	86	61	44	
62	44	20	15	70	8	91	63	39	12	9	14	51	1	38	5	30	20	5	11	2	98	1	36	94	63	17	73	80	83	61	16	31	51	24	48	54	26	7	33	
94	79	83	49	42	47	34	25	36	26	94	50	43	10	62	14	79	83	97	11	69	56	28	78	16	62	27	55	27	11	55	9	36	6	75	56	15	45	12	86	
91	41	57	71	98	46	71	18	80	46	82	53	90	26	52	80	35	32	70	13	18	99	19	4	29	36	39	87	77	37	5	85	95	94	64	90	7	7	65	94	
23	61	44	7	75	89	7	68	34	35	51	12	11	32	92	62	32	37	65	74	51	72	20	52	48	73	79	39	62	43	63	13	73	91	47	1	75	80	40	57	
34	35	64	61	41	29	13	24	15	2	32	1	16	9	45	16	53	53	25	71	42	42	89	87	66	57	24	71	31	80	12	55	59	57	69	48	98	48	67	28	
12	15	85	32	69	10	81	38	87	39	26	44	13	67	19	20	38	70	62	9	31	36	26	10	32	13	12	82	56	22	80	51	96	83	22	79	30	47	71	12	
94	87	26	43	93	51	70	52	64	67	46	51	55	9	98	30	87	42	75	13	12	22	94	62	11	3	81	75	3	33	35	32	22	48	6	61	55	6	37	87	
22	76	54	86	67	98	24	23	18	5	66	15	78	96	93	68	33	63	54	94	44	88	10	52	87	94	1	76	55	15	61	65	58	76	97	48	51	8	9	97	
30	21	83	70	26	98	39	36	13	41	60	97	96	35	71	34	8	58	11	50	72	2	25	18	89	12	40	90	42	54	36	60	95	31	28	16	39	90	74	4	
37	44	51	29	92	79	74	65	11	60	97	90	4	1	29	18	2	47	49	45	65	57	70	17	53	70	89	100	63	72	49	71	23	94	3	12	81	59	24	33	
54	11	82	55	69	13	45	30	87	70	83	95	64	13	81	70	83	95	20	58	56	21	97	5	32	12	57	56	32	24	96	93	2	16	82	51	36	88	62	88	
70	60	26	6	35	21	55	92	66	22	3	1	99	21	25	38	23	37	80	15	4	97	50	63	18	66	9	69	65	46	75	90	48	22	94	93	93	26	24	52	
87	54	13	95	92	95	53	1	30	2	100	63	4	7	86	98	76	14	72	13	64	47	28	66	85	16	32	83	44	11	26	84	100	19	55	87	22	7	13	93	
51	30	41	19	95	26	53	46	10	31	2	35	64	58	74	82	85	25	76	58	6	1	15	22	61	75	60	69	31	31	82	7	60	34	88	86	26	97	74	92	
65	86	32	75	47	55	80	96	88	25	24	9	92	59	91	97	32	95	88	21	9	76	79	40	59	17	89	18	33	5	22	50	53	99	85	81	51	23	22	38	
65	18	6	48	62	26	24	76	75	82	95	36	5	65	73	84	29	76	50	14	72	9	75	1	22	17	13	57	65	50	21	3	65	57	41	99	32	46	72	89	
91	26	66	88	15	56	38	67	81	95	9	58	50	10	28	93	56	45	96	84	97	99	43	79	1	93	82	38	69	6	98	99	84	11	76	66	95	17	33	46	
33	81	61	50	97	47	50	71	10	74	79	28	10	43	3	93	58	92	72	21	30	35	15	66	26	42	33	46	48	57	55	79	3	70	66	2	59	69	59	13	
77	25	29	2	54	93	86	3	91	86	51	20	87	64	74	54	93	51	38	17	35	92	18	24	80	52	13	47	5	96	46	29	50	73	46	71	63	70	62	64	
23	60	55	23	4	6	43	87	96	57	86	81	33	9	45	99	92	72	49	95	23	23	51	29	58	51	91	13	26	98	42	96	49	90	45	66	93	72	66	57	
21	5	1	28	39	41	36	62	67	5	19	75	52	54	59	87	4	15	51	90	51	12	51	88	66	11	12	38	90	55	100	56	50	98	68	56	8	91	39	31	
36	45	25	31	54	99	28	9	91	12	6	44	65	84	55	58	6	44	76	5	46	18	44	40	40	29	2	87	75	36	43	92	68	12	70	24	43	7	1	5	
58	14	5	69	18	67	4	91	9	40	50	85	70	98	11	65	14	13	43	52	31	95	20	96	36	83	11	92	52	73	27	10	82	19	51	72	8	13	54	39	
78	4	77	8	54	75	55	20	2	59	28	66	89	29	80	27	46	58	73	29	1	58	4	28	43	8	76	77	92	85	76	83	59	31	25	60	46	32	83	23	
34	31	88	31	77	70	85	33	10	28	9	37	30	5	3	31	25	28	12	24	42	56	50	73	30	10	27	35	77	30	4	60	79	84	83	58	47	57	70	62	
10	10	95	10	62	24	13	51	79	45	48	32	86	33	68	23	72	17	74	15	69	36	44	17	41	31	65	43	3	7	84	62	28	43	37	15	14	3	61	92	
94	83	67	7	35	5	3	11	73	19	90	27	92	91	37	76	60	75	19	66	100	75	86	45	86	56	73	72	51	72	23	18	63	91	18	69	26	28	34	19	
88	8	88	83	39	74	34	87	47	9	88	19	15	54	48	23	74	4	30	84	90	96	87	29	48	9	8	52	76	1	57	22	75	2	47	74	90	10	24	100	
48	52	9	46	12	83	18	72	52	64	69	1	70	54	82	89	13	64	5	73	59	65	8	31	96	6	39	78	9	95	13	94	13	45	17	40	39	71	57	36	
50	72	41	58	18	91	87	63	60	12	73	100	99	67	72	88	48	51	96	86	47	96	49	81	63	19	72	39	32	69	72	24	3	19	26	3	9	70	86	45	
95	31	5	13	78	96	44	68	35	91	47	70	77	94	90	41	54	67	30	100	14	70	11	42	10	58	68	69	44	17	48	28	92	54	88	45	58	79	29	11	
92	38	83	87	23	36	10	17	10	33	44	32	59	38	39	64	80	92	4	98	7	72	16	77	93	8	70	74	61	85	10	89	29	61	21	7	97	51	24	19	
62	56	57	85	97	80	27	60	21	54	65	23	2	80	10	46	14	75	28	30	57	25	19	74	88	88	7	83	63	2	93	91	43	97	45	65	9	9	59	36	
44	99	80	88	85	29	31	97	73	95	33	23	70	16	60	2	50	66	47	87	37	30	55	71	53	7	9	90	62	12	100	94	35	40	67	54	35	10	26	53	
89	33	49	15	14	50	86	77	99	3	81	68	22	82	96	100	32	63	80	62	14	18	89	72	8	45	12	95	81	24	15	1	85	45	41	81	83	22	28	68	
87	1	67	28	11	47	12	50	88	32	82	96	35	95	46	69	20	41	59	4	76	14	67	31	54	6	28	12	99	41	27	41	74	46	67	17	12	17	74	94	
32	39	36	59	55	85	68	53	63	80	78	22	85	93	61	98	28	21	94	14	96	18	69	61	15	50	69	97	89	63	34	66	46	64	88	1	88	39	97	88	
97	3	7	72	35	84	89	54	39	49	20	78	99	74	84	29	43	50	83	18	57	94	88	71	80	78	49	17	66	15	88	6	54	74	6	57	1	52	83	19	
54	75	45	76	51	36	84	7	22	9	23	43	22	93	13	42	55	78	88	19	11	42	2	39	33	85	97	67	46	33	28	41	15	7	1	60	18	73	19	61	
