Factories	2
Families	20
Machines	2
SetupType	1

Number of Jobs in each Family
10	5	2	4	10	6	2	10	4	1	7	6	10	9	5	5	1	5	8	2	

Jobs in each Family
0	1	2	3	4	5	6	7	8	9	
10	11	12	13	14	
15	16	
17	18	19	20	
21	22	23	24	25	26	27	28	29	30	
31	32	33	34	35	36	
37	38	
39	40	41	42	43	44	45	46	47	48	
49	50	51	52	
53	
54	55	56	57	58	59	60	
61	62	63	64	65	66	
67	68	69	70	71	72	73	74	75	76	
77	78	79	80	81	82	83	84	85	
86	87	88	89	90	
91	92	93	94	95	
96	
97	98	99	100	101	
102	103	104	105	106	107	108	109	
110	111	

Total number of jobs
112

Processing times of jobs
9	10	
2	10	
10	4	
10	1	
10	1	
4	7	
5	8	
2	6	
2	4	
6	9	
5	1	
8	10	
1	5	
10	10	
4	1	
6	1	
3	8	
9	2	
1	9	
10	3	
6	8	
4	4	
9	7	
6	6	
3	1	
9	4	
3	4	
3	4	
8	9	
9	7	
8	3	
1	6	
8	4	
1	1	
4	1	
4	2	
3	8	
6	7	
6	5	
3	5	
8	2	
3	6	
5	10	
10	4	
2	5	
5	4	
4	1	
8	10	
6	2	
8	1	
2	7	
4	2	
6	10	
10	1	
7	4	
5	4	
9	5	
10	7	
10	1	
5	3	
8	4	
7	8	
8	2	
1	8	
9	10	
6	7	
1	7	
8	10	
10	5	
3	3	
9	6	
2	2	
8	1	
5	2	
3	9	
8	1	
8	10	
8	9	
5	1	
4	1	
10	10	
4	7	
2	5	
2	5	
5	9	
10	10	
9	3	
3	8	
3	4	
10	10	
6	4	
9	2	
2	10	
9	8	
8	3	
6	8	
2	6	
10	10	
5	7	
9	7	
6	9	
9	9	
9	7	
4	2	
9	3	
9	6	
3	6	
6	5	
6	3	
6	4	
7	7	
6	2	

Stepup times between Families, where [f][f] represents initial setup time
On machine	1
20	17	3	2	5	5	10	12	18	20	8	11	15	2	3	9	18	8	17	7	
11	11	9	9	8	16	19	8	1	15	18	12	8	15	3	4	1	1	11	19	
19	1	17	14	2	6	13	16	16	18	4	17	17	5	5	13	20	8	19	15	
15	9	4	13	18	9	18	15	3	3	8	20	20	15	11	15	13	13	17	18	
8	15	2	19	6	12	9	16	20	15	5	16	5	19	1	6	6	12	9	6	
3	10	10	2	4	12	19	19	8	16	9	20	13	1	20	5	8	1	15	12	
2	8	18	12	8	4	5	7	6	15	16	18	10	6	5	18	11	15	13	5	
4	13	19	13	7	2	6	8	6	2	9	5	12	3	12	3	11	8	12	7	
8	17	10	14	3	7	9	19	6	16	9	6	8	18	12	2	3	12	3	8	
17	17	8	4	17	7	11	8	14	19	6	7	20	20	1	3	11	1	5	18	
16	11	19	17	4	1	4	19	20	6	13	16	15	8	8	1	18	18	9	7	
5	17	14	14	20	3	19	5	9	16	7	7	13	4	3	19	13	4	15	11	
6	15	14	9	14	9	17	7	2	7	4	18	9	2	13	5	18	9	17	7	
5	20	9	13	5	19	8	4	14	5	13	10	9	5	19	15	17	18	7	7	
13	15	10	2	13	18	11	8	9	4	7	18	11	9	16	8	17	20	7	3	
15	2	17	14	2	19	20	13	13	1	1	1	3	4	13	10	10	2	4	18	
6	3	1	5	8	3	20	5	8	11	20	8	1	18	9	20	8	9	8	15	
16	9	20	15	13	19	18	16	2	4	8	11	20	14	19	1	11	19	12	8	
7	4	19	5	15	9	19	7	8	3	9	10	6	10	20	4	10	20	20	20	
15	5	14	20	7	5	4	1	12	3	2	16	4	8	15	15	5	14	15	9	
On machine	2
5	17	1	2	9	15	13	2	10	19	9	19	13	2	19	17	15	8	13	2	
20	12	8	10	17	1	10	5	12	11	3	2	19	19	1	10	11	14	19	10	
6	9	19	1	10	17	4	13	1	15	14	3	18	7	7	9	6	16	6	17	
2	3	18	19	10	1	1	3	7	18	17	19	1	20	19	9	12	4	10	13	
12	11	3	10	19	18	3	2	5	2	4	11	10	14	7	12	19	16	5	16	
6	16	16	17	3	14	17	12	19	1	16	4	12	6	16	8	5	19	15	17	
20	9	20	20	5	17	7	16	9	6	4	2	6	14	16	18	9	5	9	1	
5	18	5	15	18	13	12	11	14	13	1	17	7	19	13	8	9	18	14	20	
1	16	8	1	17	13	17	8	14	11	14	9	20	10	20	6	13	9	20	19	
9	7	3	11	16	7	9	6	9	2	8	15	13	7	7	12	11	5	7	15	
2	7	2	19	7	16	18	12	14	4	4	15	11	19	14	18	17	4	10	7	
9	1	12	18	15	9	6	11	19	14	10	4	10	1	19	12	7	14	11	9	
19	16	8	12	11	16	10	11	1	4	13	10	14	8	20	12	11	12	5	3	
5	5	1	14	9	4	6	8	11	7	11	7	18	15	8	2	9	10	11	13	
1	2	18	8	15	9	6	10	3	19	15	8	13	12	5	7	15	10	11	6	
15	19	9	15	18	19	19	12	5	13	12	1	8	18	13	4	8	14	11	19	
1	17	14	9	12	5	2	16	20	18	5	15	16	14	3	20	4	19	19	6	
8	17	15	14	6	12	1	11	14	13	3	9	16	8	16	19	13	2	16	3	
17	8	10	2	4	16	19	11	19	10	2	17	1	10	18	5	15	12	20	4	
4	16	13	9	13	3	10	2	8	17	14	16	5	12	12	12	1	13	6	3	
