Factories	2
Families	60
Machines	2
SetupType	2

Number of Jobs in each Family
9	4	5	9	8	7	2	5	10	1	6	6	7	4	8	8	3	3	10	9	5	1	6	7	9	3	3	4	9	7	2	2	10	4	3	8	6	8	10	3	9	9	5	7	5	5	1	2	9	9	5	4	7	9	3	8	3	4	4	8	

Jobs in each Family
0	1	2	3	4	5	6	7	8	
9	10	11	12	
13	14	15	16	17	
18	19	20	21	22	23	24	25	26	
27	28	29	30	31	32	33	34	
35	36	37	38	39	40	41	
42	43	
44	45	46	47	48	
49	50	51	52	53	54	55	56	57	58	
59	
60	61	62	63	64	65	
66	67	68	69	70	71	
72	73	74	75	76	77	78	
79	80	81	82	
83	84	85	86	87	88	89	90	
91	92	93	94	95	96	97	98	
99	100	101	
102	103	104	
105	106	107	108	109	110	111	112	113	114	
115	116	117	118	119	120	121	122	123	
124	125	126	127	128	
129	
130	131	132	133	134	135	
136	137	138	139	140	141	142	
143	144	145	146	147	148	149	150	151	
152	153	154	
155	156	157	
158	159	160	161	
162	163	164	165	166	167	168	169	170	
171	172	173	174	175	176	177	
178	179	
180	181	
182	183	184	185	186	187	188	189	190	191	
192	193	194	195	
196	197	198	
199	200	201	202	203	204	205	206	
207	208	209	210	211	212	
213	214	215	216	217	218	219	220	
221	222	223	224	225	226	227	228	229	230	
231	232	233	
234	235	236	237	238	239	240	241	242	
243	244	245	246	247	248	249	250	251	
252	253	254	255	256	
257	258	259	260	261	262	263	
264	265	266	267	268	
269	270	271	272	273	
274	
275	276	
277	278	279	280	281	282	283	284	285	
286	287	288	289	290	291	292	293	294	
295	296	297	298	299	
300	301	302	303	
304	305	306	307	308	309	310	
311	312	313	314	315	316	317	318	319	
320	321	322	
323	324	325	326	327	328	329	330	
331	332	333	
334	335	336	337	
338	339	340	341	
342	343	344	345	346	347	348	349	

Total number of jobs
350

Processing times of jobs
1	5	
5	5	
6	5	
5	5	
2	7	
2	1	
3	5	
5	4	
3	2	
2	1	
8	4	
9	6	
1	5	
1	9	
3	5	
2	4	
9	10	
5	2	
9	5	
2	8	
4	4	
4	7	
9	10	
3	6	
4	3	
3	10	
4	10	
10	5	
4	3	
9	6	
6	4	
9	6	
6	6	
8	1	
8	3	
3	2	
5	6	
3	6	
6	4	
1	3	
1	10	
1	10	
1	10	
2	5	
4	2	
5	8	
2	1	
8	7	
1	9	
7	5	
6	10	
4	3	
2	10	
1	9	
4	2	
3	8	
8	9	
10	8	
10	9	
5	5	
10	8	
1	5	
8	1	
4	4	
7	7	
9	1	
1	6	
7	9	
1	5	
6	7	
7	10	
9	7	
10	8	
2	4	
8	1	
5	7	
1	10	
8	4	
5	4	
1	3	
1	4	
6	6	
2	1	
4	1	
2	8	
5	5	
8	5	
10	7	
6	7	
8	1	
1	4	
10	5	
9	10	
2	9	
8	7	
3	8	
1	7	
2	9	
2	4	
9	2	
10	7	
2	5	
4	3	
5	4	
6	7	
1	7	
4	7	
1	9	
1	9	
9	7	
1	7	
3	4	
9	2	
3	3	
5	6	
3	6	
3	9	
3	2	
9	7	
2	5	
1	9	
4	4	
5	10	
3	6	
2	3	
8	1	
8	2	
1	1	
2	6	
6	3	
10	3	
1	2	
7	2	
1	5	
4	8	
3	7	
10	9	
8	9	
7	4	
7	1	
2	7	
5	7	
9	2	
5	2	
5	10	
5	7	
8	10	
9	10	
8	4	
5	5	
6	9	
8	10	
1	2	
10	1	
5	5	
1	7	
8	7	
2	4	
8	7	
7	8	
8	4	
4	4	
1	5	
1	1	
5	8	
9	10	
5	3	
6	3	
6	4	
1	6	
5	10	
7	1	
2	5	
6	4	
7	3	
8	8	
6	2	
2	5	
5	2	
9	3	
1	7	
1	2	
4	8	
3	6	
10	3	
4	8	
10	9	
2	5	
9	7	
5	10	
5	3	
9	1	
6	8	
5	5	
1	5	
10	1	
5	2	
5	5	
5	3	
3	8	
8	3	
6	6	
1	6	
7	7	
2	7	
8	10	
5	1	
2	4	
4	10	
10	5	
2	4	
1	6	
7	6	
1	9	
7	6	
5	5	
3	2	
9	10	
3	7	
5	4	
5	10	
9	3	
4	9	
7	6	
3	2	
3	6	
9	5	
4	7	
7	1	
2	5	
3	7	
5	6	
8	5	
9	5	
6	9	
3	2	
10	7	
10	6	
2	3	
10	3	
8	6	
2	7	
2	6	
9	5	
4	5	
1	3	
1	10	
10	4	
7	6	
2	9	
2	8	
6	10	
10	8	
10	4	
1	5	
8	10	
5	1	
8	7	
2	2	
8	10	
7	7	
10	4	
2	9	
10	5	
8	4	
1	2	
4	1	
3	9	
5	2	
3	8	
6	7	
9	7	
5	1	
3	5	
2	3	
10	5	
2	1	
5	10	
3	10	
9	1	
6	4	
5	4	
3	6	
5	4	
3	5	
3	10	
4	5	
3	4	
10	8	
10	1	
6	2	
3	2	
6	1	
5	5	
6	9	
10	9	
2	8	
8	9	
1	2	
5	2	
2	1	
1	3	
8	9	
5	6	
7	10	
7	4	
5	10	
3	5	
10	7	
10	8	
6	6	
5	5	
6	4	
8	6	
9	1	
7	7	
7	10	
6	9	
9	3	
8	2	
3	1	
2	7	
9	9	
7	7	
6	5	
8	2	
10	1	
9	4	
5	8	
9	10	
8	3	
3	4	
6	10	
5	3	
5	2	
6	6	
2	1	
6	9	
5	3	
2	3	
1	7	
6	3	
6	5	
8	3	
4	4	
10	10	
8	3	
5	7	
2	5	
5	5	

Stepup times between Families, where [f][f] represents initial setup time
On machine	1
12	8	33	40	35	40	27	15	36	37	20	26	2	3	7	9	31	34	26	35	17	47	29	50	40	18	16	19	50	34	49	16	7	50	4	13	20	1	35	18	48	28	17	47	11	32	2	31	47	40	14	33	24	15	2	43	29	32	50	42	
49	45	14	13	49	23	35	33	16	34	23	29	37	8	20	12	23	20	29	41	5	21	32	10	4	16	38	26	7	26	3	23	45	27	19	48	22	21	40	35	38	26	26	10	16	24	41	23	12	49	48	46	36	35	21	25	12	19	4	26	
50	24	36	15	18	45	47	23	29	44	35	46	50	14	42	18	28	8	48	37	33	15	43	11	36	34	23	39	35	42	20	42	17	48	6	27	12	11	44	1	41	5	5	49	29	14	27	14	28	4	43	18	15	50	12	41	48	44	18	6	
34	22	6	50	25	18	29	14	13	23	46	32	16	48	39	19	8	28	37	35	47	8	1	5	4	32	11	35	4	14	23	37	19	40	7	31	39	2	5	48	5	43	11	43	18	18	49	19	19	23	50	8	45	14	47	43	19	7	28	46	
37	14	38	35	26	28	17	23	14	38	35	48	46	33	28	47	8	7	27	22	21	26	29	18	28	14	12	20	10	3	7	35	34	44	19	41	22	17	34	25	20	8	43	35	26	34	42	19	9	10	7	8	1	7	7	40	13	34	43	44	
22	44	30	4	19	6	42	6	30	5	10	23	37	28	23	8	43	24	37	6	20	49	6	46	23	25	38	21	43	17	45	18	42	23	30	46	37	14	34	1	5	37	50	44	10	16	35	36	44	8	29	13	20	48	14	14	50	8	12	21	
27	15	39	16	7	30	40	26	31	16	26	43	47	23	11	23	6	17	44	16	50	12	24	17	49	29	37	46	32	2	37	1	45	3	34	19	23	23	35	3	37	8	4	19	32	9	21	36	7	29	5	1	46	9	45	21	39	49	36	33	
40	17	42	15	13	36	25	18	2	38	7	40	6	38	6	9	50	19	44	31	42	30	20	32	44	1	36	19	23	24	26	26	15	27	27	43	5	14	12	9	44	15	34	8	29	17	22	46	33	45	48	17	30	14	33	46	50	45	45	10	
24	43	41	47	15	6	10	34	21	43	43	48	27	22	33	4	30	5	11	26	43	11	18	8	5	27	4	47	1	41	37	1	26	25	35	42	39	46	47	17	43	6	25	27	9	13	5	48	40	9	4	15	19	23	14	41	44	42	30	36	
26	24	34	43	28	16	31	34	17	17	46	26	10	2	16	16	43	21	23	15	37	42	19	40	14	20	10	43	36	2	30	34	50	46	25	5	37	4	7	35	38	8	2	32	45	49	8	40	10	48	42	41	28	40	26	30	23	38	19	21	
31	29	24	4	25	24	20	18	7	17	7	28	37	23	46	17	43	28	16	35	1	24	9	15	14	45	15	43	18	31	6	14	8	48	20	33	1	4	15	35	21	21	17	24	45	30	11	20	32	19	23	4	20	15	21	39	21	12	10	8	
38	17	11	41	39	29	10	32	20	36	9	18	2	12	2	22	2	47	37	21	15	18	35	31	47	33	11	16	25	44	8	27	9	46	20	43	47	8	10	36	16	30	3	34	24	34	39	31	28	42	46	23	24	19	24	38	11	26	18	11	
45	45	42	47	27	4	27	37	5	41	33	37	25	18	5	8	18	34	2	48	2	29	49	19	38	18	32	18	15	38	16	44	27	50	14	4	44	37	25	9	9	10	18	34	38	11	24	5	27	36	3	30	3	26	28	10	8	23	7	10	
26	13	47	44	43	11	46	37	23	27	13	40	8	35	5	17	46	48	1	16	9	16	24	5	48	44	47	5	22	44	30	24	2	27	7	43	33	10	11	31	8	21	12	1	2	31	50	18	46	43	5	22	28	48	16	26	21	49	27	4	
39	3	36	8	36	7	31	38	8	31	41	9	19	31	39	35	16	30	18	22	2	35	18	44	31	40	35	37	15	49	6	44	15	43	1	41	41	23	21	9	31	2	48	18	39	18	22	11	19	29	7	10	1	14	29	43	41	48	21	24	
33	23	29	5	35	16	13	5	15	35	33	13	50	7	35	48	29	11	21	38	28	9	3	34	44	2	12	38	25	8	19	26	27	50	8	28	10	30	19	35	47	13	8	33	3	38	38	10	27	32	30	15	17	32	43	20	45	39	45	7	
29	9	42	46	39	35	41	23	16	1	35	16	3	45	11	38	14	44	48	7	16	43	39	50	42	26	19	35	26	11	23	47	46	35	44	4	10	37	15	23	4	1	11	49	15	33	6	27	38	47	11	48	25	49	31	6	3	17	10	21	
40	4	48	3	41	21	9	30	23	46	16	41	5	46	34	31	24	33	43	50	23	28	3	2	10	23	47	21	26	15	46	9	50	37	8	2	48	36	12	31	24	34	38	9	25	4	32	11	32	26	47	2	17	26	45	8	22	37	12	40	
1	11	45	3	46	8	23	37	40	12	29	17	36	24	24	50	3	24	45	34	33	30	24	50	7	48	5	1	39	46	26	17	11	45	12	3	17	36	38	19	37	47	6	23	10	50	24	12	36	22	22	34	41	27	20	19	10	17	7	50	
38	34	35	12	37	22	35	27	26	4	14	17	6	37	45	44	11	31	38	36	32	26	13	16	39	31	31	23	22	39	8	38	2	21	42	39	50	16	44	35	49	38	19	27	3	48	45	27	27	22	19	32	45	34	5	45	28	24	24	20	
17	19	41	19	13	41	38	27	18	46	16	46	7	40	39	50	3	41	31	33	30	3	8	37	44	6	40	42	15	34	22	6	48	24	36	50	44	10	14	38	37	16	37	35	31	18	9	26	35	8	29	7	33	8	17	28	2	4	8	6	
6	39	29	17	9	8	29	38	50	12	16	28	50	43	41	19	15	34	43	7	29	11	17	22	13	36	8	40	44	20	22	2	33	17	25	32	10	38	8	20	27	10	24	29	26	11	35	22	48	33	15	14	22	42	43	26	39	1	33	48	
17	30	18	27	23	10	22	3	35	48	17	1	19	32	42	42	28	37	13	39	29	39	42	12	49	41	42	20	43	12	26	18	1	40	12	48	49	29	35	23	1	20	15	16	48	27	38	30	30	21	34	43	20	44	40	39	21	50	4	14	
20	3	27	39	18	27	43	6	29	28	36	6	15	34	1	50	28	22	24	42	38	8	33	27	9	4	33	5	10	5	35	28	21	15	46	39	19	9	4	17	40	15	29	46	31	22	43	40	3	27	8	7	34	46	29	30	15	25	26	31	
34	30	46	35	32	8	30	44	17	42	7	36	5	44	7	38	31	47	47	47	13	34	5	5	26	31	26	44	17	45	49	43	40	11	2	4	29	42	26	27	36	12	34	46	42	5	15	21	27	17	17	25	40	35	14	28	36	7	47	18	
4	2	46	40	19	1	37	39	37	24	37	45	11	39	19	14	32	48	19	25	22	27	16	17	28	4	9	21	48	16	23	10	29	48	18	47	23	34	5	36	19	8	1	19	21	23	16	3	48	45	21	34	48	6	39	8	3	30	10	42	
36	2	50	37	22	35	36	29	15	27	29	18	42	37	9	36	42	16	34	33	8	29	26	43	1	42	22	3	47	35	44	18	42	7	30	19	7	29	24	9	38	31	19	47	42	45	9	2	10	33	32	45	28	16	42	2	38	11	49	21	
40	22	9	34	33	4	16	37	21	33	6	32	10	10	5	6	39	7	45	31	8	38	42	21	33	40	31	20	24	1	46	48	21	29	3	1	38	15	48	28	11	25	13	1	32	44	37	24	13	37	36	30	10	29	48	38	27	49	5	46	
39	2	37	49	29	23	45	20	12	28	22	18	37	5	11	28	45	48	16	32	4	7	4	11	20	34	4	26	38	37	33	1	23	17	1	44	41	40	43	14	39	15	49	26	36	33	2	48	37	50	33	39	50	31	39	41	38	1	47	22	
14	20	18	50	45	33	21	44	1	12	37	32	36	10	30	44	41	9	24	49	7	7	30	10	31	27	35	35	7	4	40	23	22	42	2	30	18	2	17	35	43	4	6	32	5	17	36	5	26	40	36	2	16	35	19	16	37	42	21	40	
49	37	43	14	14	29	27	18	17	25	43	42	18	14	32	41	20	2	36	49	50	37	18	11	36	23	32	21	42	23	14	1	47	42	8	40	33	25	25	50	11	2	40	14	33	7	50	30	45	33	43	23	10	28	32	8	17	45	20	10	
25	2	2	32	46	45	3	3	50	39	9	17	30	49	22	24	26	26	48	10	35	23	50	16	34	2	14	11	20	41	39	27	15	4	23	6	3	17	33	26	18	9	34	22	50	12	19	5	48	1	18	50	14	38	24	37	44	49	2	3	
36	35	29	26	47	27	37	3	50	46	26	41	13	45	23	18	26	40	16	11	24	7	19	41	44	24	50	9	11	41	21	32	50	32	35	10	23	11	39	11	1	40	40	39	27	49	49	6	7	45	49	21	42	23	49	50	20	43	50	21	
44	36	46	27	22	50	20	18	3	32	12	41	14	15	42	32	25	27	45	5	18	4	27	20	21	4	9	17	13	41	16	45	20	34	26	3	12	26	38	2	28	30	42	30	5	25	49	25	40	31	8	46	31	45	28	3	22	41	3	5	
5	8	24	34	4	39	45	36	6	45	5	10	45	32	33	1	8	22	19	29	29	49	39	15	46	27	46	35	33	42	21	20	25	40	23	22	10	38	5	24	49	23	32	13	37	40	11	7	11	38	4	30	8	30	27	21	25	8	34	27	
41	44	38	8	27	10	31	31	14	29	11	21	32	28	9	7	6	9	20	38	36	8	37	3	28	42	46	48	6	30	28	42	39	35	36	20	30	25	18	40	19	45	11	25	46	40	18	9	24	44	25	6	29	44	12	14	28	49	42	5	
23	47	34	35	19	17	29	1	11	7	9	20	6	19	13	5	18	9	25	46	37	29	43	20	1	9	47	38	46	33	10	42	40	33	27	39	17	42	38	33	26	13	11	48	15	31	18	38	26	43	15	19	1	33	30	8	39	3	12	7	
14	8	38	28	11	7	4	40	46	44	19	24	46	13	26	43	21	29	44	9	10	10	27	35	20	7	24	39	42	35	46	24	41	20	42	48	22	41	31	31	15	7	28	7	32	25	32	13	37	8	48	12	14	33	5	25	8	50	20	40	
2	18	29	2	32	47	49	2	38	50	44	14	43	29	46	20	25	1	2	41	39	9	22	10	36	24	27	44	7	25	16	47	25	42	3	28	20	17	3	35	50	22	31	1	12	26	21	28	45	10	24	34	16	30	26	10	31	25	41	40	
21	48	10	32	46	16	18	13	47	22	48	17	25	22	50	4	30	10	4	31	4	34	24	37	2	44	9	27	48	26	32	14	31	14	7	14	8	32	46	7	21	37	17	39	13	32	46	49	5	44	35	27	47	20	16	41	8	43	23	16	
48	1	40	44	32	37	29	13	1	13	40	17	42	2	49	19	38	19	18	17	48	38	36	16	9	2	29	39	5	33	6	37	7	40	3	32	11	41	1	12	26	13	9	9	21	25	14	12	39	9	16	45	5	20	18	24	40	9	18	34	
31	38	13	9	39	13	36	1	50	22	37	48	46	5	16	9	14	10	40	35	13	1	28	30	48	32	13	16	15	19	3	3	11	28	23	26	9	25	32	20	11	4	19	29	49	42	25	42	39	29	37	24	5	5	30	40	43	34	38	33	
21	44	42	47	38	41	50	22	26	26	29	43	1	11	32	29	24	27	38	33	26	18	23	9	35	16	45	18	19	47	31	6	10	9	31	6	28	29	12	36	38	3	45	34	1	17	32	38	32	7	8	42	18	45	47	9	37	24	40	17	
34	28	12	7	9	9	17	13	13	44	27	19	30	41	21	48	42	11	43	22	49	38	29	3	15	47	32	2	39	6	15	10	34	33	44	45	21	50	1	21	35	21	3	40	41	2	35	47	46	47	42	40	44	49	43	27	13	4	18	21	
45	37	22	12	3	15	39	27	50	41	3	11	29	24	15	48	7	22	31	14	33	28	31	5	48	22	47	46	24	18	3	7	41	38	19	13	30	28	31	42	38	36	49	38	25	2	26	11	29	45	27	46	15	25	40	7	39	4	24	17	
15	1	30	27	39	14	30	42	50	40	4	27	28	23	31	27	1	22	20	23	16	3	42	6	50	20	42	41	1	25	48	6	21	19	21	2	45	21	2	37	12	1	31	6	3	42	29	31	44	26	31	21	2	23	31	3	40	17	44	27	
19	46	6	35	14	34	44	47	11	28	50	9	20	29	37	26	44	9	42	10	18	14	15	11	8	17	4	2	1	44	6	43	36	13	41	29	37	40	6	31	18	35	44	26	48	38	36	9	8	28	41	9	18	43	13	44	40	45	23	24	
23	37	42	5	7	17	50	13	17	31	17	49	23	12	6	31	43	10	24	20	13	33	16	22	31	42	22	43	41	15	20	1	44	7	19	6	31	16	31	29	20	34	8	37	45	9	27	5	30	10	4	47	23	6	41	13	25	3	6	21	
8	19	28	32	47	2	40	28	4	19	5	25	31	23	45	4	50	6	3	7	15	46	14	47	17	46	13	49	9	33	33	49	3	29	39	47	7	16	26	10	32	14	44	12	2	39	48	48	28	3	14	2	45	34	28	25	28	1	48	15	
42	40	39	7	17	1	25	32	13	43	22	18	32	10	40	40	44	23	4	29	34	30	13	26	49	14	41	23	22	34	46	40	7	46	17	12	35	7	31	8	13	9	40	19	1	7	36	12	32	13	43	27	17	15	36	8	47	30	15	37	
44	42	48	39	32	5	45	24	17	35	2	28	3	8	28	10	11	11	34	27	14	29	23	44	38	20	6	19	40	40	20	28	29	49	10	44	7	39	19	28	41	36	10	30	38	30	6	10	49	40	16	4	23	24	45	29	15	6	37	50	
7	2	7	8	45	3	43	12	3	49	38	14	39	28	39	44	19	47	29	28	28	14	37	40	16	1	27	17	2	15	23	37	4	21	1	16	3	43	31	42	15	5	40	13	9	44	14	41	25	49	36	13	22	30	39	34	27	12	41	19	
25	5	49	4	14	34	12	13	8	28	6	6	2	22	48	32	45	37	11	17	12	9	27	8	2	6	48	49	20	6	44	19	4	50	1	33	2	49	36	36	44	50	5	18	32	18	37	33	31	19	26	7	49	43	12	43	32	39	13	15	
22	15	14	24	27	8	35	30	6	49	23	44	6	46	20	13	3	8	40	19	49	22	43	38	15	7	44	39	5	27	16	23	34	21	32	17	22	31	44	24	12	36	41	4	50	6	45	4	27	40	37	18	27	41	29	25	2	17	43	42	
40	31	44	6	25	20	18	3	43	27	25	37	19	30	47	9	29	32	7	7	4	26	46	47	1	6	27	43	28	25	1	24	39	15	39	17	34	26	6	13	12	45	26	30	50	11	32	38	22	46	10	48	36	29	41	50	37	26	27	23	
42	11	10	26	43	23	9	37	17	17	37	50	8	23	1	1	10	32	8	33	37	46	20	44	31	8	46	40	29	47	7	38	35	27	1	19	9	30	17	17	6	3	5	11	4	29	2	48	28	35	41	5	43	4	44	1	11	25	25	10	
32	42	1	18	29	18	25	7	1	10	13	36	14	27	7	12	21	43	41	1	32	5	33	9	2	33	26	50	28	39	6	21	31	37	26	14	38	30	50	42	33	6	49	43	10	47	25	28	23	1	27	50	8	18	21	4	27	49	11	28	
7	24	10	28	36	38	4	4	22	40	16	47	27	40	14	47	12	38	13	28	2	33	9	26	23	37	12	11	35	1	31	14	5	4	6	45	22	35	9	7	35	46	17	18	17	1	33	14	1	39	10	35	29	35	5	34	4	22	2	19	
9	50	38	11	7	17	20	23	4	49	20	31	12	39	14	42	33	27	18	17	46	4	8	12	19	19	35	21	5	15	37	15	7	10	3	29	25	1	28	20	48	14	16	42	12	12	6	32	31	22	1	35	19	41	3	16	49	50	25	5	
29	40	3	19	19	43	2	35	15	12	45	5	9	37	49	45	7	37	13	5	47	20	34	39	47	33	26	8	39	16	16	29	17	39	17	46	11	5	12	1	46	16	3	2	7	33	5	4	17	39	23	22	27	7	3	24	21	49	47	8	
On machine	2
41	14	25	28	45	19	38	50	43	26	33	44	33	1	24	26	5	38	43	42	36	6	28	16	15	50	17	9	27	25	4	9	33	3	16	25	11	16	11	28	21	13	13	38	32	34	11	14	46	50	37	35	37	26	5	10	27	47	21	19	
14	12	20	11	1	19	45	21	48	34	28	32	12	22	41	42	30	29	28	15	48	1	3	20	38	38	2	4	47	29	43	22	5	40	43	8	31	40	16	20	27	44	23	38	45	43	39	47	42	3	3	46	12	39	5	39	19	42	21	17	
16	28	3	7	4	7	16	13	21	17	39	37	19	48	18	30	25	13	21	11	43	37	17	37	29	42	12	26	5	6	49	29	41	7	19	23	9	29	11	33	23	39	43	6	37	46	17	17	40	20	30	3	3	10	40	5	37	40	15	5	
49	48	44	46	1	10	32	25	49	50	28	15	25	10	29	24	21	22	45	13	16	2	17	47	40	1	9	25	3	44	6	24	31	50	31	25	40	47	1	24	41	14	10	46	40	15	13	27	9	41	30	40	30	25	3	12	45	20	4	30	
1	14	47	4	43	45	42	3	30	12	40	23	38	1	17	4	43	38	3	4	16	49	40	14	17	24	26	2	41	46	15	43	6	8	2	27	40	13	27	36	40	30	47	35	30	20	26	39	3	11	22	40	17	46	7	34	42	49	28	50	
11	18	43	27	1	18	8	10	38	47	21	24	29	25	26	26	27	27	25	13	50	36	34	8	1	43	20	15	27	30	41	41	15	14	6	21	30	16	35	15	9	47	16	6	3	4	14	37	27	31	12	7	28	41	1	41	48	16	20	22	
30	18	27	6	44	5	40	36	34	26	41	27	45	38	35	48	15	22	39	50	24	5	46	13	6	24	26	7	4	45	19	50	31	23	39	14	30	49	20	9	47	34	21	20	29	46	44	35	8	33	27	38	10	37	3	27	1	31	13	21	
7	20	47	13	4	43	17	22	22	32	23	32	32	47	38	44	4	47	5	46	8	25	45	49	19	33	27	23	6	25	35	17	23	35	38	19	41	38	35	1	25	8	48	38	46	13	28	6	8	49	23	32	34	48	24	20	13	10	33	44	
39	14	20	7	48	44	43	33	24	34	37	39	7	32	27	36	8	3	43	50	27	25	34	38	31	22	8	44	34	39	25	44	22	25	16	6	37	23	24	25	11	42	36	3	49	20	12	39	48	18	8	33	7	31	32	45	41	30	49	43	
2	4	21	34	13	33	4	25	27	9	3	6	10	35	4	48	9	5	47	4	42	22	49	1	19	36	28	28	35	3	44	6	11	22	50	30	18	44	6	10	11	22	45	31	36	5	25	3	40	24	4	10	28	49	12	3	33	31	35	3	
10	9	23	35	7	25	3	7	21	16	28	17	13	32	49	41	38	39	6	39	23	21	30	44	34	27	31	33	27	14	6	23	42	43	36	19	23	45	14	48	18	20	45	11	38	41	35	39	37	27	8	15	16	29	43	16	38	22	23	27	
28	5	26	3	18	17	21	8	10	10	31	8	49	43	4	28	46	33	41	14	33	39	29	18	8	45	11	45	11	45	13	39	37	38	22	26	36	45	17	5	42	2	28	18	50	23	21	29	49	42	26	49	9	29	33	24	30	14	6	40	
36	38	27	19	36	29	35	5	26	35	18	41	10	31	25	31	50	43	32	48	47	16	2	50	37	13	25	30	44	13	35	14	40	13	25	4	16	9	14	7	8	15	34	49	43	25	16	26	40	7	7	47	41	3	35	28	3	9	11	42	
3	36	11	10	11	12	41	9	13	41	24	7	15	12	1	44	37	27	1	37	41	45	40	23	37	34	27	6	5	19	17	12	24	24	1	7	34	43	24	20	12	23	37	38	9	12	37	40	15	27	9	7	49	25	40	1	25	19	47	11	
36	40	21	23	1	37	18	10	19	12	14	12	36	50	7	5	44	24	31	30	41	18	45	19	6	27	24	45	4	3	20	10	14	36	38	40	40	13	21	14	22	23	3	5	11	32	10	40	25	5	42	12	14	21	48	14	1	15	10	25	
33	49	42	28	39	37	37	13	28	26	33	4	47	18	34	7	32	29	43	12	29	7	47	12	21	26	10	5	31	2	50	38	2	13	27	34	4	39	42	20	8	14	31	42	39	47	4	2	30	15	6	34	12	2	46	37	48	37	27	31	
40	32	20	38	10	23	7	16	14	4	25	44	37	47	44	41	36	49	15	26	41	50	49	23	45	6	23	48	8	41	48	21	33	32	29	32	2	50	3	21	49	6	50	11	18	27	8	12	44	22	3	14	18	40	11	40	39	41	49	18	
24	21	6	12	27	45	26	23	36	1	39	39	39	7	28	18	31	24	41	2	8	19	27	32	6	6	33	18	38	20	50	2	32	49	10	45	33	45	44	34	11	14	25	32	7	46	46	4	32	37	50	16	3	23	11	29	27	20	45	30	
11	44	18	8	30	4	48	42	5	8	50	48	39	28	6	49	3	32	25	32	44	34	31	17	1	48	3	6	34	35	27	26	21	29	18	18	43	6	32	22	11	4	37	37	31	11	16	5	21	3	2	39	46	29	8	26	31	24	3	37	
7	22	30	43	46	36	16	10	42	49	44	6	16	41	32	48	18	49	24	30	1	32	8	18	30	18	34	37	38	16	12	10	3	13	8	44	38	47	1	43	40	49	16	29	7	22	10	1	34	42	1	16	12	37	4	22	1	33	11	17	
24	2	21	45	43	26	37	14	14	38	27	43	32	18	38	6	37	48	40	7	18	40	26	30	17	24	7	42	24	2	26	40	23	7	4	26	21	12	24	50	35	5	22	20	4	50	32	43	2	25	24	2	8	25	25	44	40	25	20	30	
9	21	41	10	30	43	41	6	16	32	19	49	6	24	33	46	22	25	40	47	45	18	16	11	19	30	12	35	34	11	1	23	29	47	46	10	48	3	14	16	12	22	36	6	7	20	8	45	33	16	46	22	17	45	25	1	8	17	25	9	
46	12	6	35	17	23	10	11	46	11	24	26	28	7	14	2	4	31	32	4	22	33	12	11	16	4	15	27	50	47	16	44	2	27	32	40	15	9	33	13	19	39	9	45	21	17	41	44	17	18	45	13	41	49	44	30	18	9	30	22	
39	17	13	6	21	39	13	48	31	44	36	28	37	43	45	27	47	46	26	12	15	18	7	5	37	5	48	36	10	9	23	40	39	35	22	23	1	8	31	43	50	50	43	25	20	14	41	28	21	38	49	9	42	17	11	1	13	39	47	44	
41	30	48	10	6	45	27	26	5	31	27	22	49	31	32	50	49	34	28	48	22	33	26	14	24	3	23	50	39	39	38	41	3	3	46	16	20	5	28	40	50	21	7	49	37	9	16	50	45	26	42	43	39	7	8	46	12	12	11	39	
44	8	21	40	3	20	45	6	45	5	12	44	22	37	18	48	46	21	29	34	12	7	35	28	38	50	35	14	18	46	12	11	3	13	46	27	6	8	7	9	37	36	2	12	32	36	40	39	11	33	41	33	15	43	15	39	15	17	47	35	
37	37	36	37	18	24	2	29	25	7	17	4	12	50	41	19	49	12	41	5	37	46	26	36	9	2	41	5	11	28	23	16	18	1	9	8	36	8	31	12	12	27	11	37	34	20	43	38	43	4	40	29	10	11	25	22	50	14	44	29	
9	38	45	5	29	21	44	8	32	47	11	22	37	4	13	46	44	32	40	10	8	36	29	46	11	40	35	46	37	11	39	1	41	34	45	41	45	25	9	10	44	37	38	2	13	30	12	14	11	37	35	2	35	44	20	1	34	35	6	50	
27	5	29	43	48	14	12	21	3	11	41	46	18	28	47	29	29	24	9	27	13	37	34	8	9	34	22	46	32	22	6	3	24	10	21	41	31	48	38	28	2	7	46	22	17	30	25	12	36	40	17	46	45	48	11	23	41	6	39	39	
4	49	25	31	47	17	24	27	22	16	14	25	34	7	18	47	42	39	30	44	32	11	5	37	8	19	29	21	8	16	5	47	26	24	20	31	37	6	13	42	12	2	5	29	23	35	2	44	12	33	20	15	8	7	46	30	34	14	3	15	
44	28	27	26	4	45	36	13	18	33	25	47	24	37	12	33	36	3	16	39	1	37	11	27	16	11	47	22	32	28	19	41	29	26	13	39	39	49	7	21	38	24	8	14	4	31	19	17	16	18	44	32	17	27	18	26	5	37	21	20	
6	28	13	12	8	43	44	9	7	32	49	43	28	35	20	32	28	48	16	6	4	50	25	50	28	42	45	41	32	20	31	6	23	38	29	45	48	25	34	29	30	14	50	10	9	38	17	25	21	30	49	46	16	24	34	23	8	7	28	48	
37	36	31	50	42	35	7	16	49	19	3	38	28	19	33	22	18	39	42	47	28	23	43	40	32	45	20	42	19	26	46	45	49	16	23	49	3	14	16	23	22	38	4	10	12	17	46	24	32	7	28	50	48	33	49	36	44	13	8	36	
43	3	44	36	30	20	15	21	5	32	1	25	36	8	31	30	38	14	15	47	25	28	9	38	18	2	2	33	34	16	39	26	8	43	20	16	17	29	16	27	43	10	4	18	25	43	43	20	43	12	9	15	49	21	39	10	20	4	8	42	
34	23	48	7	8	47	26	5	27	47	43	2	7	26	13	25	34	48	22	47	6	45	13	14	21	21	24	36	34	27	40	29	37	47	8	48	11	33	17	48	38	1	11	1	32	15	37	5	16	17	20	35	20	48	19	45	30	40	39	29	
3	10	46	19	44	42	50	24	45	34	1	45	7	34	5	25	45	31	24	47	7	37	22	43	19	3	19	39	30	14	49	22	8	21	20	8	36	3	34	35	40	16	40	19	49	17	18	13	22	28	40	8	18	18	4	12	35	42	45	50	
36	37	39	25	47	31	49	3	41	10	48	6	45	27	14	5	26	37	23	10	47	42	18	25	39	29	26	49	28	47	25	4	6	41	24	8	45	25	37	16	12	45	42	50	45	47	24	6	15	18	35	22	3	37	2	3	7	42	17	7	
50	46	29	38	13	21	13	41	37	18	24	50	45	34	7	40	30	6	23	5	47	43	1	8	29	17	14	9	31	41	28	46	19	3	15	8	6	21	49	8	3	43	4	48	23	5	20	37	6	48	3	3	22	34	9	5	46	28	33	33	
39	30	12	47	27	10	23	15	45	33	23	30	22	50	6	47	47	2	27	12	7	17	24	13	29	39	13	20	2	2	9	2	30	43	7	1	12	46	33	14	19	1	38	2	11	36	15	2	1	49	44	42	42	40	32	3	4	26	36	38	
39	3	41	5	22	45	5	5	42	19	25	4	11	31	44	48	4	13	1	49	30	37	39	10	33	41	26	50	30	11	28	46	13	10	21	35	4	36	38	30	26	36	50	38	34	31	29	23	25	24	2	7	22	6	3	9	14	30	44	35	
48	26	15	13	37	17	19	11	31	45	36	21	5	39	29	46	8	39	19	49	15	33	28	42	48	11	10	3	32	9	24	33	46	15	36	7	23	18	48	42	2	21	2	47	30	49	22	45	21	27	23	50	39	33	42	41	1	41	22	17	
40	20	25	41	37	42	41	25	27	3	6	9	41	40	9	19	29	38	3	45	18	15	4	8	8	14	41	32	21	48	20	46	8	15	26	32	17	19	7	1	13	34	26	6	22	16	10	36	10	43	39	14	6	40	34	29	11	3	48	34	
13	18	7	27	33	32	27	33	7	7	12	15	30	34	12	10	8	25	6	8	40	34	28	25	3	2	47	28	32	20	46	6	22	4	37	39	22	23	28	15	40	12	50	14	48	22	4	27	14	9	41	30	18	44	8	45	42	2	1	41	
49	6	14	16	40	35	16	18	9	22	18	21	42	46	6	27	19	42	45	20	9	9	33	11	17	9	34	27	46	7	37	14	3	15	13	37	2	49	42	39	26	14	39	3	4	15	16	32	21	27	31	7	45	33	38	44	23	12	50	36	
35	47	4	35	13	2	40	49	41	7	24	50	32	45	19	50	11	41	22	35	13	33	30	16	17	19	27	36	2	33	36	24	26	4	35	41	39	33	12	43	33	41	33	12	46	33	4	13	23	12	13	19	14	26	41	29	14	39	11	28	
30	38	39	19	26	41	47	5	44	28	35	47	46	13	20	21	19	6	29	29	47	18	4	19	3	8	24	21	22	31	6	39	25	39	31	38	7	2	15	30	43	3	15	30	49	19	10	48	40	10	49	47	20	44	12	13	22	13	35	8	
37	13	8	13	21	48	15	25	2	32	48	33	50	42	11	37	1	35	29	24	33	41	36	3	4	42	2	36	7	21	37	46	16	5	22	47	29	10	1	43	20	41	39	2	28	44	7	35	41	39	23	50	12	28	34	42	8	30	33	15	
7	48	28	31	46	7	22	15	2	2	17	17	35	38	21	49	10	36	33	49	33	21	24	37	22	25	23	16	48	24	12	29	31	25	9	14	8	3	16	33	25	32	44	44	13	31	14	45	46	34	44	13	42	6	18	3	36	11	36	16	
27	24	34	7	1	12	38	44	8	39	32	34	24	41	34	29	49	26	4	50	12	15	30	48	5	18	30	23	4	11	44	28	16	42	30	27	48	5	1	2	20	50	3	19	24	21	25	50	32	45	1	49	15	7	30	50	42	10	47	45	
3	11	17	39	37	28	18	9	49	14	45	49	40	12	48	38	6	42	40	26	49	45	30	1	18	20	12	27	12	23	18	8	42	37	33	16	41	26	36	18	26	31	2	1	44	7	5	15	36	10	40	15	26	10	24	3	2	46	4	20	
25	7	7	12	3	39	20	12	50	15	42	40	14	48	4	14	22	43	32	37	34	13	40	36	39	43	17	30	36	9	9	18	16	18	16	25	17	7	10	42	41	5	45	32	22	39	4	19	40	34	25	12	5	3	5	13	8	31	27	46	
6	48	33	42	14	20	30	7	25	42	20	40	9	21	26	15	26	43	43	38	22	35	13	19	28	15	24	43	12	6	32	4	24	3	18	15	45	33	11	13	13	27	41	49	18	40	36	12	7	31	15	16	28	39	15	14	27	31	18	17	
9	34	3	16	29	45	41	39	27	22	1	1	44	48	13	37	7	16	10	20	14	9	32	6	7	4	2	31	39	4	48	13	3	47	41	18	24	45	18	14	43	1	29	21	27	20	48	30	41	27	5	14	19	12	28	33	20	19	29	18	
29	47	9	18	8	11	45	17	21	21	15	29	2	50	15	46	48	23	25	9	18	24	48	7	24	26	5	48	8	22	9	37	21	24	35	8	35	18	48	2	45	41	37	46	43	33	26	10	23	5	48	31	11	10	18	19	44	33	18	10	
5	49	21	9	38	17	10	20	22	34	9	24	49	5	23	18	45	12	6	14	45	46	35	8	5	43	12	27	4	19	42	18	41	38	46	39	27	18	8	28	15	2	21	20	13	31	37	6	2	29	11	23	17	22	43	28	46	22	36	50	
7	49	41	26	7	39	41	46	48	41	20	15	46	32	25	8	30	48	39	43	4	46	6	40	42	46	50	36	26	31	8	13	16	35	29	15	6	4	42	2	24	11	7	4	32	32	24	2	3	21	15	6	2	19	7	24	42	42	2	32	
48	38	23	33	25	42	23	38	3	16	45	22	38	4	1	8	28	26	19	39	30	14	33	27	37	24	31	45	27	19	16	11	9	41	41	1	22	16	47	38	21	39	25	9	50	45	20	16	25	40	45	31	40	20	49	11	20	18	4	8	
45	36	43	3	18	22	10	46	40	18	7	20	30	6	34	26	33	40	36	7	15	26	13	43	35	1	25	38	47	39	14	14	8	31	9	36	46	43	15	8	4	24	48	39	14	12	22	24	5	46	38	14	32	42	17	18	34	1	19	32	
50	23	8	2	8	10	4	3	7	18	10	16	20	46	50	30	50	19	12	15	46	18	22	33	39	23	3	5	12	10	19	50	37	26	2	2	11	43	40	13	29	42	18	36	39	39	15	1	23	41	46	32	28	8	34	29	43	39	22	27	
43	36	23	15	24	16	14	18	29	18	1	8	1	23	3	16	4	44	44	47	33	50	49	31	38	3	23	11	12	7	29	50	10	37	36	32	9	9	45	12	4	2	2	10	20	6	41	3	7	19	30	6	26	10	23	13	4	21	13	10	
