Factories	2
Families	20
Machines	4
SetupType	1

Number of Jobs in each Family
5	1	3	10	9	10	2	6	9	5	10	4	2	4	8	1	2	7	9	1	

Jobs in each Family
0	1	2	3	4	
5	
6	7	8	
9	10	11	12	13	14	15	16	17	18	
19	20	21	22	23	24	25	26	27	
28	29	30	31	32	33	34	35	36	37	
38	39	
40	41	42	43	44	45	
46	47	48	49	50	51	52	53	54	
55	56	57	58	59	
60	61	62	63	64	65	66	67	68	69	
70	71	72	73	
74	75	
76	77	78	79	
80	81	82	83	84	85	86	87	
88	
89	90	
91	92	93	94	95	96	97	
98	99	100	101	102	103	104	105	106	
107	

Total number of jobs
108

Processing times of jobs
3	4	10	4	
5	5	4	5	
4	3	8	1	
6	3	6	6	
2	4	4	8	
2	6	3	3	
1	3	7	6	
8	4	8	8	
6	9	5	1	
5	6	6	5	
7	8	1	5	
9	1	6	10	
3	3	2	1	
2	5	5	1	
2	1	7	8	
7	7	4	3	
7	1	4	3	
2	2	7	1	
3	8	1	1	
1	2	6	5	
6	7	8	6	
7	10	1	10	
8	4	1	9	
8	7	1	7	
1	4	9	8	
3	7	2	8	
7	1	7	2	
7	3	7	4	
3	7	1	4	
7	5	6	9	
9	9	3	4	
9	6	8	9	
10	10	7	9	
5	1	5	5	
5	10	8	6	
9	10	9	8	
8	6	5	4	
6	10	8	8	
5	2	8	2	
4	10	9	6	
5	5	4	10	
9	8	10	5	
10	9	6	10	
4	7	10	9	
6	8	10	7	
10	1	3	2	
3	7	4	2	
8	3	2	7	
8	2	6	8	
1	2	8	7	
1	2	9	8	
7	2	10	4	
6	10	5	10	
9	2	6	2	
8	10	1	1	
10	7	2	7	
10	5	8	1	
5	3	7	1	
7	3	10	3	
6	3	6	1	
9	2	6	8	
9	3	9	7	
1	9	8	2	
9	7	9	5	
10	8	1	6	
2	7	1	2	
4	9	7	5	
6	3	9	2	
1	8	1	1	
2	3	4	10	
4	8	1	10	
3	5	8	3	
2	1	7	6	
9	5	8	1	
8	8	4	9	
2	8	1	1	
6	4	5	10	
1	4	2	1	
1	2	6	1	
4	2	1	4	
3	10	10	8	
2	7	7	9	
8	7	1	8	
10	6	10	2	
7	8	1	1	
7	4	9	3	
4	7	8	6	
6	5	10	3	
10	1	1	3	
6	8	9	7	
5	3	7	7	
3	8	2	4	
7	8	1	8	
3	9	6	6	
10	6	6	5	
5	6	8	1	
5	10	6	9	
2	1	7	4	
5	10	9	1	
3	4	10	9	
1	6	9	2	
5	5	9	8	
5	8	6	3	
3	9	3	1	
5	7	5	1	
8	6	10	7	
7	1	7	7	
10	8	2	7	

Stepup times between Families, where [f][f] represents initial setup time
On machine	1
16	14	9	4	20	10	10	12	15	7	16	6	4	2	5	18	15	2	6	6	
17	15	3	6	10	5	13	8	20	12	18	16	14	5	5	6	20	20	6	13	
9	15	4	15	2	15	1	17	5	6	18	9	18	1	4	14	8	15	3	20	
8	5	9	3	1	11	20	16	19	7	19	14	9	9	10	15	5	11	5	12	
20	13	11	12	17	11	11	7	18	14	6	2	16	13	18	11	2	5	19	3	
17	11	17	18	14	4	17	18	16	1	11	2	12	9	7	13	15	15	10	3	
15	16	19	19	12	16	11	13	16	20	18	7	9	17	11	7	17	2	10	7	
8	15	4	11	14	20	11	18	11	20	10	11	7	4	14	10	9	3	14	16	
7	11	13	19	11	19	3	17	20	10	5	6	20	4	4	20	5	12	18	3	
9	6	19	18	2	10	7	4	18	8	9	2	12	13	7	19	15	2	11	17	
18	4	2	12	20	20	10	17	1	20	14	13	5	5	4	2	5	18	2	12	
7	13	2	19	14	16	18	1	14	7	8	7	8	12	9	17	1	19	16	9	
15	19	17	4	12	1	6	15	19	16	3	19	5	16	9	12	9	11	12	19	
15	13	5	10	17	14	9	12	17	5	12	17	13	7	12	19	17	10	14	18	
13	12	5	5	3	11	8	17	9	13	14	5	2	7	16	19	17	2	11	2	
18	18	19	5	2	7	7	18	1	8	10	7	18	6	17	1	5	17	1	13	
19	20	12	12	15	15	11	13	4	20	15	14	16	15	13	12	3	3	6	7	
19	16	6	13	6	18	19	8	12	5	2	9	2	15	14	20	19	12	12	5	
15	12	13	9	14	18	1	6	18	15	8	11	3	8	12	12	17	16	3	17	
19	17	9	4	7	14	15	20	2	9	13	11	1	3	17	7	8	20	13	8	
On machine	2
14	11	11	5	13	1	10	10	16	17	20	20	14	4	3	7	1	13	16	8	
2	20	6	2	15	3	6	11	18	6	15	6	20	19	13	3	10	8	18	20	
18	3	12	11	9	14	15	2	20	5	13	17	1	8	9	10	3	17	6	13	
17	6	16	7	18	7	11	5	13	19	10	1	7	19	13	20	5	19	7	4	
4	4	6	3	10	17	8	9	3	14	15	7	8	14	8	16	2	15	5	20	
2	4	14	11	4	6	20	19	13	11	9	1	2	19	11	2	2	19	5	16	
19	16	18	14	11	4	15	16	20	12	14	20	2	1	8	6	4	10	13	17	
10	18	6	14	13	18	20	17	3	15	18	2	1	17	6	5	7	18	8	16	
11	8	16	12	12	8	15	15	3	1	7	2	19	8	6	15	13	10	20	4	
11	11	16	17	11	16	13	17	19	19	9	16	19	8	1	9	12	4	6	10	
18	6	4	1	20	10	5	3	7	9	20	8	10	4	2	5	16	4	5	17	
11	6	8	19	20	9	18	14	14	5	6	10	8	4	10	11	9	2	10	19	
6	17	4	1	3	2	2	15	13	7	11	11	15	17	2	6	11	13	19	20	
7	14	7	4	13	1	14	7	11	1	3	19	2	20	20	2	10	18	10	10	
13	16	11	11	4	19	14	8	15	14	4	19	7	5	13	7	10	16	8	14	
1	16	18	2	20	12	7	15	7	18	15	20	16	3	5	19	1	8	6	1	
16	7	12	18	8	17	3	20	13	9	8	7	15	13	16	12	19	4	19	10	
3	8	9	2	15	4	17	20	15	16	8	19	10	7	17	9	4	18	19	7	
17	12	5	19	14	6	17	18	19	11	14	13	9	10	4	14	12	19	6	12	
13	11	2	16	18	12	17	1	14	16	19	11	11	5	1	10	5	5	8	12	
On machine	3
17	11	17	12	5	14	4	4	6	20	5	3	11	17	18	20	16	13	5	18	
14	8	20	16	13	8	14	11	20	4	11	9	4	11	16	8	15	15	4	8	
6	19	10	17	5	11	1	16	2	10	4	19	1	4	5	19	10	5	17	2	
8	6	12	2	16	19	7	12	12	12	5	8	14	20	17	9	16	15	14	20	
10	3	16	1	18	17	12	8	6	5	9	4	7	11	4	2	17	19	9	2	
12	7	3	11	5	4	2	3	11	18	7	3	19	12	3	15	6	8	4	6	
14	14	12	13	16	3	19	18	20	19	7	11	17	11	18	11	19	13	13	20	
6	9	6	1	14	17	18	18	15	11	8	10	1	9	20	9	12	6	5	14	
8	15	6	13	9	20	6	5	17	20	5	12	2	6	12	4	9	18	13	10	
11	19	1	3	16	7	3	14	1	8	5	5	14	3	3	20	3	6	6	12	
10	6	7	2	14	15	13	13	18	4	16	14	18	1	7	2	13	14	15	7	
10	13	8	3	20	20	9	4	20	9	11	4	18	9	3	19	18	6	17	19	
1	5	7	10	10	12	13	15	18	16	4	10	8	5	11	1	5	4	3	3	
18	5	5	7	18	19	17	10	11	9	3	20	13	10	9	12	5	3	9	5	
10	3	20	19	17	12	19	7	2	16	20	20	4	19	20	15	5	19	12	16	
8	7	4	4	10	8	20	13	14	12	9	13	18	9	2	4	11	18	11	16	
1	17	17	1	3	5	16	16	11	4	17	20	1	7	9	20	8	9	14	4	
10	6	14	6	17	9	5	18	10	16	6	13	1	1	18	15	5	12	5	19	
9	16	5	11	7	11	16	4	16	15	16	3	8	5	8	17	3	11	2	20	
5	4	7	10	10	2	19	17	13	5	6	20	2	14	10	5	1	2	17	11	
On machine	4
13	8	9	14	20	9	3	9	9	3	17	11	16	3	11	2	1	19	12	3	
3	6	8	10	10	2	12	5	3	20	14	2	7	2	3	14	15	18	14	11	
2	4	6	2	11	2	6	5	4	15	8	19	12	17	15	5	5	8	5	3	
17	13	17	16	10	8	20	7	19	8	15	10	2	16	12	7	19	11	12	16	
18	16	8	19	11	16	19	7	20	12	15	13	16	13	20	2	7	17	9	4	
7	15	20	7	5	7	12	14	2	8	9	11	12	17	4	3	16	13	19	9	
6	18	4	4	19	20	1	15	18	3	14	1	4	3	2	10	12	3	3	8	
7	4	12	9	4	6	8	16	12	2	1	10	16	6	14	11	19	3	16	20	
9	5	7	8	16	12	17	10	6	9	6	17	7	6	18	19	1	3	20	17	
17	5	3	12	8	4	2	20	18	4	15	13	18	19	19	14	18	2	20	8	
8	17	12	4	16	8	11	16	8	16	7	20	6	13	2	11	5	16	3	11	
2	12	13	9	8	5	4	2	10	6	17	7	20	19	16	10	13	13	7	5	
20	13	6	18	12	18	10	20	16	11	7	9	15	4	1	17	20	11	16	18	
9	14	14	16	8	8	13	18	19	13	2	13	13	2	6	5	5	20	18	3	
3	15	16	6	3	14	16	12	12	1	12	10	6	12	16	14	8	2	20	1	
1	8	11	13	19	3	4	5	12	11	12	15	17	14	11	13	4	20	18	3	
14	20	4	15	1	18	19	10	18	19	17	19	19	2	12	1	11	8	11	14	
2	11	6	13	6	6	8	7	10	20	14	13	18	2	19	1	11	6	2	12	
4	13	20	19	17	7	19	4	16	2	6	18	6	4	5	12	3	9	7	11	
15	4	6	7	18	12	19	19	3	19	11	15	6	2	9	1	4	3	5	7	
