Factories	2
Families	20
Machines	6
SetupType	3

Number of Jobs in each Family
3	3	9	2	2	10	3	9	4	4	2	4	1	3	3	1	8	5	8	1	

Jobs in each Family
0	1	2	
3	4	5	
6	7	8	9	10	11	12	13	14	
15	16	
17	18	
19	20	21	22	23	24	25	26	27	28	
29	30	31	
32	33	34	35	36	37	38	39	40	
41	42	43	44	
45	46	47	48	
49	50	
51	52	53	54	
55	
56	57	58	
59	60	61	
62	
63	64	65	66	67	68	69	70	
71	72	73	74	75	
76	77	78	79	80	81	82	83	
84	

Total number of jobs
85

Processing times of jobs
3	5	6	2	10	6	
9	2	10	9	2	6	
2	7	6	6	9	5	
4	3	4	9	4	8	
4	4	9	6	10	5	
6	8	10	3	2	7	
6	3	2	8	7	3	
1	7	6	7	3	5	
8	7	5	7	1	2	
4	5	5	9	2	7	
1	10	7	4	7	2	
7	10	3	3	4	9	
7	10	2	5	9	1	
4	8	8	7	8	5	
8	8	1	10	10	9	
6	3	1	2	2	7	
5	1	7	6	4	1	
6	8	7	3	5	9	
5	4	4	8	10	3	
6	4	3	1	1	9	
9	4	3	6	3	2	
7	3	2	6	4	2	
7	1	8	6	5	10	
1	6	5	2	1	8	
1	1	10	8	9	8	
4	3	10	5	6	7	
8	8	2	1	4	1	
2	1	9	2	10	10	
4	4	1	3	8	9	
9	5	5	10	5	10	
3	9	10	4	4	9	
2	10	6	9	2	5	
6	7	1	7	9	7	
5	5	8	3	10	5	
7	3	5	8	8	2	
2	1	5	5	2	6	
1	2	10	5	6	8	
1	7	1	8	7	9	
7	2	3	4	6	7	
8	2	10	8	2	7	
9	8	8	6	3	7	
3	4	3	10	6	1	
2	10	3	7	5	7	
4	9	2	5	7	9	
9	8	8	3	7	8	
3	9	7	10	4	10	
6	9	3	3	4	3	
6	9	8	8	3	2	
3	4	6	6	5	7	
7	1	7	4	1	4	
9	9	10	9	8	7	
7	9	1	4	10	8	
3	9	1	5	3	10	
5	8	2	6	7	2	
4	3	7	10	1	5	
5	8	9	10	3	10	
7	3	10	6	5	4	
6	8	2	5	1	7	
3	3	3	8	2	5	
1	3	8	1	8	8	
6	1	10	7	9	7	
10	1	9	6	7	9	
4	9	9	9	7	10	
10	10	6	7	4	6	
10	1	5	5	5	4	
4	8	8	3	1	8	
8	5	7	3	10	8	
6	10	4	8	10	7	
10	4	1	9	10	6	
3	7	9	7	4	5	
2	8	9	5	5	5	
2	4	7	1	1	7	
9	7	9	8	1	5	
2	3	6	8	1	2	
8	10	8	4	1	6	
2	1	2	5	8	1	
2	3	9	5	4	3	
8	7	3	2	5	2	
9	8	3	9	8	8	
2	6	1	5	3	2	
3	10	7	3	9	3	
1	2	4	3	5	4	
10	5	8	4	4	2	
1	3	4	7	9	8	
1	6	3	9	4	7	

Stepup times between Families, where [f][f] represents initial setup time
On machine	1
56	94	68	80	34	97	84	14	54	65	16	43	67	1	6	13	57	3	93	95	
49	96	46	92	17	79	29	78	63	71	7	62	93	31	14	22	63	34	50	34	
12	32	15	23	78	83	74	57	20	37	21	40	21	53	13	18	43	19	14	38	
5	50	6	72	88	12	50	79	76	16	77	43	31	96	77	45	38	32	83	44	
42	71	82	65	61	94	35	57	37	61	31	29	57	19	42	57	87	21	74	33	
12	75	27	22	62	29	14	93	27	75	64	30	7	84	24	10	68	8	75	4	
72	53	59	5	34	82	38	78	41	1	57	51	33	19	72	81	27	93	35	68	
7	53	61	74	31	81	28	99	67	87	46	89	84	2	3	7	46	12	62	89	
1	17	20	82	21	27	26	2	84	37	11	80	92	9	67	34	2	57	33	4	
31	98	35	39	52	4	97	24	83	93	59	48	24	28	85	52	77	87	83	91	
26	72	74	63	51	64	12	65	12	33	40	45	53	18	6	14	54	49	3	26	
90	80	84	9	2	47	67	10	89	64	15	26	85	64	17	59	8	9	11	55	
52	49	43	95	16	62	71	38	72	78	81	35	99	38	73	94	99	45	10	16	
64	58	72	81	60	1	27	66	35	13	53	93	23	40	37	72	87	19	87	71	
91	98	13	17	62	34	39	89	78	87	19	83	96	80	16	98	57	100	20	90	
28	84	8	29	89	31	71	9	85	21	21	34	35	63	13	26	82	17	5	80	
8	56	25	33	31	15	87	48	14	97	41	93	34	69	55	16	54	69	27	27	
51	71	18	17	28	93	92	28	85	70	7	86	30	65	24	44	70	86	67	70	
76	55	29	50	55	57	86	70	25	59	12	88	13	81	100	73	29	61	83	5	
81	86	94	55	14	14	73	38	1	26	22	2	87	27	84	48	77	11	70	76	
On machine	2
12	32	30	78	15	5	5	91	40	98	53	56	67	65	88	3	8	94	55	89	
28	6	23	79	99	88	35	97	9	36	54	80	93	41	46	24	93	32	45	89	
59	94	26	93	27	14	64	78	58	86	14	51	10	7	91	5	96	39	72	84	
42	7	66	100	53	30	86	73	62	65	42	53	59	26	59	48	32	81	31	96	
82	65	27	30	97	17	89	44	1	40	46	45	26	77	75	78	8	66	73	55	
99	77	2	97	11	32	30	97	4	88	87	33	1	92	93	45	51	63	25	100	
7	70	70	100	91	38	64	28	49	41	52	13	60	51	37	39	29	40	86	36	
53	97	67	1	40	23	8	64	25	14	51	70	74	69	86	17	26	89	25	29	
34	73	37	75	25	73	41	62	23	66	64	73	76	44	55	12	56	1	33	39	
58	77	68	16	2	34	29	49	35	71	99	88	57	67	99	49	94	75	16	77	
47	52	98	100	89	74	44	42	80	62	18	70	76	69	83	39	26	85	63	94	
78	63	33	51	51	54	39	91	82	58	77	98	83	97	83	26	60	2	41	32	
46	31	46	37	21	49	84	31	84	65	13	33	35	53	23	89	84	20	84	77	
62	2	53	4	23	91	7	5	12	89	95	24	24	92	90	40	63	46	4	89	
82	79	34	98	37	39	41	78	59	45	90	95	95	22	47	39	93	15	55	78	
54	67	68	56	84	52	24	59	48	32	86	39	33	82	75	70	69	87	72	90	
18	66	77	49	86	11	75	79	23	4	74	66	14	7	66	66	71	8	11	90	
48	18	86	7	85	59	42	75	71	41	11	29	71	7	22	27	70	68	65	100	
43	22	36	3	40	90	9	28	28	15	11	77	89	24	37	52	86	50	9	95	
67	18	99	99	99	19	68	66	98	34	90	42	91	87	78	79	68	3	91	76	
On machine	3
41	86	13	81	13	79	50	61	91	18	43	53	1	78	55	36	18	11	83	48	
5	21	1	45	36	41	95	25	18	75	54	80	92	57	100	76	86	15	49	28	
89	52	37	92	4	16	75	9	16	78	64	74	48	84	59	50	21	52	47	24	
65	41	17	7	70	55	16	24	90	39	3	40	8	63	46	6	61	5	99	84	
17	45	2	29	39	51	2	59	60	9	19	46	2	10	77	57	99	96	34	63	
94	68	55	49	44	56	54	66	76	60	16	62	44	23	85	44	6	91	52	41	
63	28	94	2	45	66	77	98	43	90	89	83	21	58	29	43	97	22	74	28	
73	66	21	40	62	17	62	30	33	48	5	37	83	80	12	92	26	64	1	58	
30	34	73	55	49	4	29	74	3	78	45	32	96	50	58	84	3	55	40	21	
55	69	67	9	76	61	13	92	33	37	17	69	95	87	15	34	40	10	68	58	
65	67	35	98	73	81	16	56	3	52	91	60	29	15	92	95	30	93	94	66	
37	56	66	27	75	59	62	58	75	21	5	47	28	86	40	94	23	3	90	50	
2	52	48	74	95	50	44	26	41	49	50	58	67	2	71	60	78	22	62	10	
58	57	9	21	36	91	53	40	47	95	60	64	39	21	38	41	85	45	97	33	
36	68	2	60	35	58	97	28	80	37	24	26	45	41	94	96	5	29	93	36	
69	49	79	21	27	80	49	52	47	12	41	82	84	4	100	48	41	53	86	91	
61	23	82	54	8	74	22	84	87	37	5	98	65	62	81	49	82	80	65	15	
80	72	71	100	89	41	23	79	37	23	65	42	4	22	70	94	78	96	61	66	
1	42	99	27	30	74	45	72	20	23	99	22	41	53	100	83	55	20	76	59	
26	39	63	3	63	67	12	94	68	22	62	52	72	29	13	33	46	61	24	45	
On machine	4
65	69	22	10	71	22	15	59	26	37	93	45	6	85	94	64	92	49	95	18	
46	4	85	52	64	73	11	17	83	41	56	26	4	7	71	33	63	20	48	88	
13	79	5	74	83	50	81	15	52	81	35	10	68	7	66	76	5	43	19	56	
94	77	16	71	35	13	72	96	68	98	43	94	1	91	100	64	58	66	24	42	
70	70	40	35	6	67	26	98	63	59	59	76	23	67	65	30	52	86	19	51	
17	77	25	69	6	8	99	21	14	36	3	31	80	10	51	99	55	59	23	92	
73	36	47	91	61	87	1	24	56	50	96	67	97	89	93	69	52	91	81	60	
25	37	11	4	48	21	99	63	28	36	100	32	45	46	93	24	94	19	74	5	
18	55	17	94	49	5	60	50	63	87	54	16	13	89	84	76	15	80	80	4	
93	53	38	21	21	18	71	50	52	48	8	57	44	71	56	98	33	1	80	1	
66	41	22	71	91	51	32	99	21	87	83	76	70	11	35	31	46	4	80	27	
24	9	6	65	76	94	53	93	29	98	23	40	95	81	82	56	87	87	49	53	
78	69	91	21	63	49	98	98	71	48	17	26	18	35	80	39	96	13	2	77	
37	56	5	21	48	30	93	19	21	42	6	54	66	39	16	94	67	12	12	90	
82	48	37	3	94	73	58	65	17	71	33	65	76	74	12	26	98	32	44	56	
93	60	84	50	36	4	99	30	60	88	8	75	33	99	24	30	63	73	45	85	
26	69	98	16	51	93	50	9	85	61	50	11	62	32	41	85	9	93	43	51	
76	72	94	53	17	47	26	23	95	59	20	81	46	67	79	76	22	29	99	84	
52	6	87	12	38	19	52	71	41	61	76	92	32	33	22	56	98	64	84	86	
8	100	11	64	100	44	22	72	1	1	17	33	81	90	27	35	83	92	62	20	
On machine	5
60	53	22	5	35	10	93	48	72	16	1	3	7	100	58	41	86	45	30	44	
52	73	10	71	86	83	71	40	45	92	69	40	30	5	70	54	75	56	46	94	
75	52	6	75	20	42	10	90	66	29	40	52	62	50	57	42	56	85	46	100	
30	7	8	40	14	72	99	23	66	26	5	20	10	54	25	80	90	79	94	86	
9	53	43	68	1	8	87	26	79	21	9	37	57	92	99	26	86	75	86	76	
38	53	67	23	54	22	81	19	19	6	83	1	86	29	31	80	95	98	3	99	
14	71	10	24	69	47	35	8	48	85	66	61	41	72	43	64	83	48	83	5	
25	92	96	75	39	92	88	96	53	45	89	73	59	38	95	50	95	46	91	20	
44	67	39	38	47	33	89	65	45	15	13	32	77	49	93	80	10	34	95	1	
74	16	5	20	12	51	40	17	83	66	51	36	88	76	65	56	14	17	6	56	
24	95	74	46	3	60	82	84	80	41	23	29	76	48	92	52	6	93	43	11	
1	98	44	90	27	25	65	37	52	54	69	24	39	89	98	5	46	13	16	59	
1	18	76	1	93	25	65	5	17	77	70	67	4	35	45	88	12	81	90	27	
59	44	70	25	48	81	45	87	4	9	58	74	25	32	19	50	18	66	21	19	
17	34	80	100	66	12	6	61	32	42	16	16	17	94	42	14	45	86	40	83	
95	88	49	59	75	36	75	58	95	99	67	35	85	89	58	44	81	39	23	45	
79	89	84	46	63	21	100	81	91	5	99	33	56	61	39	83	45	45	64	59	
52	93	19	51	2	90	19	82	62	64	73	36	13	96	61	39	52	13	32	77	
85	65	32	93	11	81	98	11	29	29	3	32	5	92	41	40	21	8	71	42	
45	80	44	2	34	31	7	33	30	33	74	54	33	51	81	66	4	12	98	73	
On machine	6
96	80	67	72	25	11	10	3	92	40	87	4	49	51	98	71	73	49	15	83	
91	85	7	96	37	2	81	42	30	84	61	67	46	19	92	93	33	43	9	7	
43	37	97	96	80	48	13	39	3	63	36	92	84	14	90	19	42	51	29	57	
74	44	85	19	50	86	47	22	5	52	2	15	32	80	64	30	32	84	76	2	
96	77	50	78	45	72	92	7	92	22	79	93	73	38	14	27	54	80	22	35	
37	9	33	29	57	32	73	98	18	79	87	20	64	18	29	44	62	50	60	41	
3	58	22	55	81	91	70	14	32	26	44	24	45	26	23	12	51	22	78	8	
70	91	23	53	19	6	14	70	79	49	22	31	59	32	67	55	74	66	19	76	
69	35	26	65	28	92	36	91	50	29	86	52	39	91	39	26	44	82	32	24	
55	41	14	26	47	3	60	29	50	36	72	1	81	48	14	14	44	67	14	64	
62	30	73	3	35	17	4	61	92	82	44	54	71	8	53	71	60	24	36	90	
23	76	86	13	56	25	15	75	99	50	47	58	27	85	40	83	12	22	60	84	
19	93	37	88	31	5	66	72	58	70	59	100	94	75	60	4	85	85	30	72	
54	86	66	65	92	49	14	62	51	25	33	81	17	64	91	75	87	94	89	11	
73	42	26	5	20	92	42	58	29	4	21	73	56	22	52	45	75	35	19	94	
84	91	90	42	50	66	18	41	15	44	43	90	37	28	88	67	74	60	88	31	
52	83	46	99	75	15	23	23	58	10	44	49	27	91	44	85	82	64	23	95	
6	98	87	87	21	43	61	96	19	55	99	43	86	46	57	84	29	29	17	85	
30	67	32	9	19	2	18	64	48	74	5	34	9	41	93	41	99	23	26	51	
1	24	90	78	71	8	68	45	91	35	10	56	50	57	91	44	86	11	16	62	
