Factories	2
Families	60
Machines	4
SetupType	2

Number of Jobs in each Family
10	9	9	6	3	4	10	1	6	9	8	2	1	5	6	7	8	10	1	6	3	3	6	5	3	2	4	8	7	1	1	8	9	9	3	10	1	10	8	2	6	3	9	6	1	3	9	1	8	6	5	4	3	10	10	1	10	3	2	2	

Jobs in each Family
0	1	2	3	4	5	6	7	8	9	
10	11	12	13	14	15	16	17	18	
19	20	21	22	23	24	25	26	27	
28	29	30	31	32	33	
34	35	36	
37	38	39	40	
41	42	43	44	45	46	47	48	49	50	
51	
52	53	54	55	56	57	
58	59	60	61	62	63	64	65	66	
67	68	69	70	71	72	73	74	
75	76	
77	
78	79	80	81	82	
83	84	85	86	87	88	
89	90	91	92	93	94	95	
96	97	98	99	100	101	102	103	
104	105	106	107	108	109	110	111	112	113	
114	
115	116	117	118	119	120	
121	122	123	
124	125	126	
127	128	129	130	131	132	
133	134	135	136	137	
138	139	140	
141	142	
143	144	145	146	
147	148	149	150	151	152	153	154	
155	156	157	158	159	160	161	
162	
163	
164	165	166	167	168	169	170	171	
172	173	174	175	176	177	178	179	180	
181	182	183	184	185	186	187	188	189	
190	191	192	
193	194	195	196	197	198	199	200	201	202	
203	
204	205	206	207	208	209	210	211	212	213	
214	215	216	217	218	219	220	221	
222	223	
224	225	226	227	228	229	
230	231	232	
233	234	235	236	237	238	239	240	241	
242	243	244	245	246	247	
248	
249	250	251	
252	253	254	255	256	257	258	259	260	
261	
262	263	264	265	266	267	268	269	
270	271	272	273	274	275	
276	277	278	279	280	
281	282	283	284	
285	286	287	
288	289	290	291	292	293	294	295	296	297	
298	299	300	301	302	303	304	305	306	307	
308	
309	310	311	312	313	314	315	316	317	318	
319	320	321	
322	323	
324	325	

Total number of jobs
326

Processing times of jobs
3	6	3	2	
8	1	9	7	
8	10	8	1	
7	5	7	7	
3	3	7	2	
1	8	9	1	
4	10	5	8	
8	6	7	2	
1	4	8	2	
2	2	4	5	
4	4	4	3	
3	7	10	10	
3	6	5	10	
8	8	1	7	
6	1	5	1	
6	1	10	2	
1	2	8	5	
8	6	6	1	
7	7	10	3	
4	9	6	8	
10	5	2	4	
8	7	6	4	
7	3	7	3	
9	8	1	6	
4	8	9	9	
6	6	1	1	
9	4	7	10	
1	3	4	7	
7	4	2	7	
9	7	5	4	
5	4	7	9	
8	3	4	7	
9	1	10	2	
4	3	4	4	
6	1	1	5	
1	4	10	4	
10	1	1	3	
8	10	10	10	
9	10	9	5	
8	2	1	2	
3	8	2	7	
6	7	7	2	
6	10	4	1	
8	6	5	3	
6	2	7	2	
4	4	3	8	
8	3	4	8	
5	10	10	9	
7	7	3	1	
2	4	4	2	
9	8	5	3	
5	6	9	3	
8	9	5	9	
1	7	2	6	
6	5	6	3	
5	7	10	8	
5	7	3	1	
4	8	6	3	
9	8	2	4	
1	5	10	4	
8	9	5	10	
6	8	2	6	
3	4	3	7	
5	3	2	6	
5	2	2	10	
7	9	9	9	
2	4	9	7	
7	7	9	1	
1	8	3	8	
10	4	5	9	
5	9	3	3	
6	8	4	5	
4	10	10	10	
8	2	3	3	
8	9	1	2	
7	2	4	5	
2	8	8	10	
9	1	7	6	
3	2	5	6	
6	8	6	6	
7	4	10	5	
2	9	7	1	
9	1	2	10	
7	4	7	10	
1	4	7	5	
4	10	8	6	
9	10	6	5	
6	7	1	10	
8	4	7	5	
5	2	3	4	
8	8	1	10	
6	7	7	3	
8	4	10	6	
7	7	10	8	
1	6	4	8	
9	7	9	6	
10	10	9	1	
2	7	4	2	
6	8	4	1	
7	10	9	4	
8	9	3	7	
5	10	10	2	
8	6	1	8	
3	3	10	3	
6	10	4	5	
5	4	8	2	
9	3	7	10	
3	7	2	2	
10	6	1	1	
3	5	1	8	
10	4	2	7	
2	1	7	10	
8	10	3	9	
1	3	9	9	
6	7	5	5	
4	9	6	5	
3	9	8	2	
3	2	10	1	
4	3	3	7	
3	8	2	4	
5	5	2	7	
1	8	2	8	
8	2	8	9	
1	6	5	8	
9	9	6	5	
10	5	1	1	
7	9	6	1	
5	6	7	9	
2	7	1	3	
5	5	5	4	
7	5	3	10	
2	5	1	6	
7	2	5	2	
8	5	4	3	
9	5	8	10	
1	4	1	2	
7	3	1	2	
2	10	3	3	
2	4	8	7	
10	4	6	7	
2	7	6	2	
10	8	10	8	
3	3	5	8	
6	2	1	7	
10	9	10	10	
8	10	2	4	
1	6	9	10	
8	5	3	2	
8	8	8	6	
5	7	1	3	
2	2	1	7	
8	9	9	8	
4	8	7	4	
6	5	10	1	
9	4	9	2	
2	7	8	3	
8	7	5	5	
10	3	9	5	
3	4	5	4	
5	7	9	4	
4	4	8	7	
7	5	4	4	
5	6	4	4	
5	8	1	5	
10	4	7	4	
1	10	9	8	
6	7	1	3	
4	3	5	8	
1	5	5	9	
9	4	2	2	
5	2	2	7	
5	9	8	6	
5	3	6	3	
10	8	9	5	
7	1	7	5	
10	7	9	2	
2	9	7	4	
1	4	10	8	
2	1	4	6	
1	3	2	7	
1	6	1	7	
9	9	5	2	
3	1	10	9	
1	10	6	4	
5	9	2	4	
8	1	10	3	
7	2	2	5	
8	2	7	7	
9	3	10	1	
4	5	10	10	
3	3	7	8	
10	10	1	3	
4	1	2	9	
10	3	5	2	
10	5	10	5	
8	9	9	3	
4	9	9	10	
7	5	5	1	
2	4	4	1	
2	5	8	7	
10	2	6	4	
2	1	8	5	
5	7	5	10	
4	7	4	4	
10	2	7	9	
7	3	10	6	
2	9	5	5	
5	7	5	1	
6	9	6	9	
7	1	7	8	
9	2	3	8	
5	9	6	5	
8	4	3	9	
9	10	3	6	
5	8	1	7	
6	4	5	2	
8	2	2	3	
3	7	2	9	
3	2	7	8	
7	4	10	1	
5	7	5	3	
2	2	2	7	
1	6	6	5	
4	3	4	3	
3	5	5	4	
6	1	10	7	
10	9	9	1	
3	8	3	6	
4	5	3	8	
4	6	10	9	
4	6	6	4	
9	5	10	1	
10	2	6	4	
5	1	5	8	
3	3	9	10	
10	10	2	5	
3	2	5	9	
9	10	5	7	
10	9	3	8	
4	8	8	7	
7	9	7	2	
1	9	5	10	
4	10	10	8	
2	6	3	1	
10	6	1	2	
4	7	1	7	
1	8	2	10	
6	9	6	2	
9	7	4	3	
1	9	1	5	
9	10	6	5	
2	2	4	3	
4	5	7	6	
6	3	3	6	
5	7	1	6	
5	8	2	10	
5	9	4	5	
10	5	5	3	
5	4	4	7	
2	4	2	2	
2	8	1	6	
8	5	7	7	
2	7	10	6	
5	5	9	8	
7	1	3	4	
10	1	7	1	
1	2	4	2	
1	2	3	7	
10	9	7	1	
4	3	10	3	
7	8	7	8	
7	4	10	6	
2	2	3	5	
1	10	8	9	
1	9	4	7	
4	8	5	9	
5	7	9	4	
10	10	10	5	
5	10	2	7	
2	5	9	4	
4	8	10	8	
6	6	1	2	
2	2	1	8	
5	4	9	5	
6	1	7	10	
8	6	3	8	
5	5	4	7	
9	8	8	7	
8	1	3	4	
6	5	9	7	
7	7	5	3	
9	10	3	3	
5	5	1	2	
6	7	6	7	
7	3	4	9	
2	10	3	2	
3	5	10	6	
9	3	4	7	
4	2	4	6	
10	8	2	4	
5	7	5	2	
8	9	7	5	
5	4	7	10	
8	7	6	5	
1	10	3	9	
6	2	8	7	
4	10	9	10	
3	9	10	8	
7	6	2	1	
4	8	5	2	
10	6	1	4	
6	8	2	10	
5	2	9	8	
6	10	5	2	
2	8	10	9	
7	5	3	7	
9	3	1	3	
10	2	6	1	
9	3	2	9	
6	10	4	10	
1	10	1	2	
7	9	9	9	
2	2	5	8	
2	4	2	2	
6	2	7	1	
8	5	2	1	

Stepup times between Families, where [f][f] represents initial setup time
On machine	1
24	12	31	27	35	11	2	29	24	38	37	24	23	46	21	5	15	37	35	3	11	40	49	10	43	44	12	19	47	26	28	47	34	33	24	24	29	31	14	36	29	31	19	38	49	41	29	46	44	41	43	29	21	33	22	49	8	27	10	32	
44	49	38	44	36	27	39	27	19	3	31	36	18	6	14	37	49	8	35	21	29	48	37	3	22	31	32	30	5	7	44	29	14	30	8	35	9	43	43	25	27	6	7	14	16	27	40	15	45	47	7	42	32	20	49	14	5	8	42	41	
49	34	7	34	9	5	17	5	19	10	20	41	12	38	12	11	44	12	5	10	19	16	4	3	14	19	33	9	37	33	3	11	15	26	6	12	42	12	49	14	2	39	43	31	19	42	43	6	14	12	21	15	32	11	35	11	14	25	29	7	
50	24	33	40	6	47	3	35	37	1	22	43	49	26	38	28	44	42	8	6	19	6	17	17	38	26	28	23	13	14	47	21	33	15	18	39	3	12	44	1	14	6	9	14	33	14	31	37	26	18	7	25	12	44	42	4	38	17	35	13	
5	13	35	37	40	6	20	39	32	19	35	45	37	45	37	13	37	10	23	25	48	40	41	48	9	37	34	26	9	42	24	33	46	28	42	46	36	13	49	14	31	11	28	45	15	49	2	39	21	24	14	27	5	34	33	1	21	47	17	40	
8	26	50	8	20	36	3	47	12	18	20	44	33	35	33	37	50	16	2	41	44	13	8	23	3	38	39	6	50	18	47	44	35	39	23	38	21	10	9	15	38	1	17	4	31	49	24	13	40	41	23	35	20	49	12	48	26	24	39	16	
15	26	5	23	36	20	37	44	23	2	18	15	31	22	12	36	45	15	18	6	48	39	3	33	30	36	39	12	5	12	29	2	41	15	24	24	37	6	23	7	46	4	10	16	1	29	29	11	12	5	30	20	27	3	48	2	47	28	1	33	
47	39	11	34	20	7	4	30	36	48	35	14	48	33	32	49	1	15	43	6	25	45	50	6	9	42	40	16	25	30	32	48	38	5	2	42	17	10	3	36	17	31	24	44	25	24	37	17	50	4	38	36	40	8	32	2	5	34	24	38	
23	40	20	10	7	44	13	15	28	46	11	41	4	23	17	14	43	47	14	45	6	8	28	12	25	46	37	1	37	2	19	26	3	27	3	4	31	38	34	49	26	38	39	20	15	5	25	1	50	1	3	21	28	29	49	47	11	32	11	40	
24	3	44	44	50	42	40	13	44	21	15	11	48	34	37	3	32	43	26	39	38	18	32	48	15	11	27	14	4	2	4	28	43	45	41	10	45	47	46	21	13	21	35	28	4	26	19	29	48	32	6	33	26	30	17	13	13	25	37	10	
38	25	1	18	18	13	3	2	46	8	3	6	31	4	50	15	39	44	10	44	18	36	19	34	15	1	6	17	11	22	6	7	45	17	26	31	34	31	10	21	42	5	29	3	34	13	32	33	18	26	48	2	23	18	35	9	29	9	4	45	
46	26	19	30	16	30	35	36	20	49	30	42	32	50	46	38	23	44	4	9	41	34	10	44	23	5	2	25	41	32	20	47	48	20	44	32	37	45	27	3	17	37	46	1	24	37	47	42	7	4	48	20	35	2	44	41	6	5	12	33	
48	16	45	4	39	40	37	22	25	8	14	29	27	46	18	1	43	42	27	40	10	37	44	42	1	43	16	33	7	27	16	44	28	36	44	14	24	34	23	33	3	18	33	1	16	40	36	40	2	42	16	11	12	18	45	12	21	3	13	18	
37	13	15	7	4	50	31	40	34	34	46	4	12	38	38	46	7	20	14	8	31	29	34	10	12	3	4	40	40	10	25	5	18	18	1	49	44	15	28	46	44	24	38	2	48	10	19	17	39	16	49	48	18	23	1	15	31	15	47	14	
27	10	27	22	19	32	14	36	7	38	7	23	41	14	32	28	5	29	5	21	26	25	28	13	32	16	8	13	38	8	2	21	18	45	15	24	35	24	49	5	2	41	43	20	41	20	2	16	41	22	42	9	11	25	21	13	2	46	17	44	
27	1	49	48	3	7	21	24	22	1	38	39	29	46	49	40	20	35	19	13	20	28	15	5	17	46	4	33	17	15	22	45	6	32	38	31	43	20	48	3	1	11	33	5	1	4	23	30	33	1	13	33	22	22	12	38	24	13	23	27	
30	43	42	40	31	20	24	2	19	8	34	26	33	26	37	2	27	2	17	10	47	47	30	42	18	28	21	12	45	35	39	49	3	50	31	8	44	11	48	48	25	41	21	22	12	27	44	46	7	40	4	37	22	14	35	31	11	49	19	43	
1	4	40	48	46	3	10	40	5	43	34	49	4	12	36	50	39	30	28	14	39	37	6	15	33	24	34	33	46	7	36	12	42	43	26	26	10	48	24	32	4	44	48	6	23	35	44	42	31	16	22	20	16	23	3	2	27	1	31	20	
13	20	6	34	32	42	24	33	28	39	36	35	17	48	3	44	13	49	32	35	44	17	42	41	41	14	43	11	2	18	3	21	15	42	30	39	10	39	43	49	24	18	10	29	24	48	39	16	46	39	33	10	34	46	23	7	13	22	9	17	
49	28	13	24	32	23	48	1	27	20	47	7	21	3	48	15	13	7	26	27	10	38	8	34	50	47	27	23	23	45	4	50	17	17	44	40	7	45	50	5	46	23	2	49	48	36	8	17	12	3	7	42	34	11	32	4	35	30	24	36	
43	9	20	12	38	38	14	5	7	8	1	23	10	16	11	8	1	13	30	36	21	13	44	50	47	8	2	3	12	40	15	13	7	44	49	48	36	25	27	26	34	44	15	32	1	33	14	42	35	9	12	27	7	45	19	33	16	26	3	22	
30	49	48	17	40	41	23	12	14	10	27	20	27	31	9	38	37	6	21	30	46	36	30	21	7	41	15	40	7	9	19	10	17	34	40	14	17	42	23	27	19	27	42	28	24	34	39	1	25	1	25	11	1	15	7	39	47	23	41	33	
31	4	42	42	29	33	17	13	18	20	5	27	28	8	19	47	44	11	29	22	34	1	10	30	19	38	28	42	36	15	17	48	9	39	14	30	1	37	17	28	26	34	21	22	44	47	10	17	44	24	24	46	48	48	12	38	18	44	35	36	
5	3	9	42	39	39	12	45	44	14	5	50	44	4	48	5	31	9	1	13	30	49	4	37	26	26	50	47	11	5	38	42	36	26	27	32	49	30	38	48	34	20	29	27	24	18	15	17	17	4	20	24	3	44	2	17	39	9	2	40	
39	26	18	14	36	18	41	6	48	21	26	8	22	23	39	11	13	29	40	36	9	25	6	9	24	32	40	19	19	9	44	23	2	5	9	42	23	32	18	12	33	32	13	2	21	7	23	46	36	22	37	16	36	17	43	37	49	4	40	49	
45	1	25	47	49	15	31	7	12	1	19	39	1	4	10	29	23	41	6	3	9	49	31	32	28	20	45	29	47	14	13	32	22	26	44	16	35	20	21	48	44	25	2	29	8	9	27	46	31	21	49	6	33	27	46	4	8	8	16	20	
28	49	5	23	34	26	41	9	32	39	27	12	7	2	13	21	22	16	46	37	9	30	32	39	47	38	42	21	25	21	32	15	37	29	16	31	26	6	4	15	21	2	7	18	14	47	35	38	25	9	34	37	18	16	23	27	39	14	1	16	
25	47	32	11	21	6	32	41	4	20	45	11	10	25	30	44	8	37	6	31	23	26	29	43	27	8	24	16	41	1	40	12	1	41	47	12	30	14	6	43	21	6	27	30	38	2	14	41	11	4	30	43	2	15	5	42	20	16	42	45	
12	27	14	22	50	38	26	43	5	37	33	36	6	50	50	16	18	13	30	18	6	39	16	19	44	10	39	29	38	20	38	9	7	6	45	17	6	42	5	43	1	23	25	26	49	4	16	34	12	2	6	6	1	22	28	50	5	10	11	35	
6	27	6	13	41	48	27	40	41	2	4	35	28	2	12	8	37	36	14	41	40	13	34	30	5	9	46	30	25	42	37	39	20	47	32	32	42	46	8	29	10	20	34	20	34	41	13	22	50	45	6	50	39	5	31	37	31	8	37	14	
35	40	4	20	12	37	50	2	32	22	35	41	8	10	21	37	37	14	50	41	15	29	19	34	17	34	13	14	11	11	26	12	12	13	2	19	36	37	13	30	47	38	47	9	14	20	15	35	19	3	31	22	35	19	35	4	46	10	4	6	
48	22	35	26	11	21	24	50	26	4	1	33	11	48	15	42	29	14	49	33	42	50	49	36	7	30	24	45	28	3	41	34	46	29	10	11	46	10	48	50	30	22	24	48	50	24	32	35	19	5	29	46	28	15	18	34	25	22	39	34	
10	19	21	38	16	36	31	22	29	4	24	14	4	49	29	39	32	2	43	45	28	19	26	10	9	4	24	8	43	25	24	40	30	10	41	21	17	46	16	27	17	27	19	27	48	15	17	12	3	40	15	33	43	1	38	50	15	9	34	37	
45	31	38	35	25	14	17	22	34	43	34	8	27	36	7	32	44	10	30	27	3	34	47	36	49	12	25	1	18	37	7	8	41	16	31	2	42	16	35	24	45	12	26	20	4	35	30	13	36	15	4	36	35	24	30	14	6	8	6	4	
50	41	37	2	37	5	1	12	38	16	37	14	46	18	20	7	20	31	29	26	22	45	20	32	30	7	4	18	3	47	1	24	45	27	18	4	32	22	5	46	15	13	29	23	5	44	10	38	45	9	24	20	36	34	24	15	29	49	31	6	
41	35	32	1	6	30	34	39	41	20	15	23	5	6	28	4	2	35	31	24	9	23	45	17	5	11	50	24	4	48	41	26	14	44	40	14	22	18	5	26	19	25	9	4	36	9	14	1	49	23	1	14	2	23	47	12	32	4	34	25	
18	2	35	35	49	45	25	33	38	27	36	6	50	22	16	24	42	36	7	49	15	3	44	31	44	9	6	26	14	11	17	40	47	23	34	30	13	8	17	37	12	39	2	28	14	13	38	43	23	47	13	5	17	50	17	8	33	49	29	34	
31	24	40	30	47	5	12	31	34	50	19	12	14	37	31	14	2	35	25	42	7	6	5	20	16	44	50	16	9	39	33	5	19	19	3	16	34	11	11	31	4	7	2	47	27	1	41	9	35	38	18	43	46	20	12	34	16	42	43	37	
46	11	17	16	47	39	36	8	17	15	13	34	44	46	42	45	26	28	14	2	42	37	26	32	44	1	35	27	36	18	11	20	23	44	17	13	24	8	25	40	4	8	49	47	1	47	17	11	31	14	39	36	31	16	45	40	42	20	21	3	
34	48	27	27	1	18	21	19	24	15	25	37	25	17	6	40	34	10	42	10	43	38	7	30	24	22	41	2	31	37	45	6	37	35	33	30	1	41	41	50	32	33	14	31	13	12	24	34	14	16	1	14	37	40	30	25	19	1	32	16	
12	5	46	41	44	17	23	14	39	7	22	7	27	16	18	11	21	17	29	26	37	41	16	16	19	50	20	38	8	33	38	26	13	32	17	50	19	15	29	50	25	10	13	22	32	34	36	26	19	34	15	7	49	16	43	5	8	40	47	27	
29	10	19	35	42	37	7	16	1	15	49	26	18	22	15	10	31	23	4	27	36	19	16	4	39	16	43	40	11	36	12	37	18	12	21	31	34	22	32	30	44	20	22	4	33	33	18	34	40	17	41	11	29	7	47	21	4	1	14	3	
38	43	23	24	15	13	7	13	34	38	12	41	45	28	37	41	17	34	11	8	50	17	38	27	50	29	33	17	6	46	20	40	40	49	6	1	10	21	10	3	37	21	20	20	45	39	6	15	40	27	26	23	14	36	42	6	31	23	48	27	
18	42	2	29	10	24	8	36	22	11	35	33	43	36	18	14	46	19	7	43	24	17	9	27	29	10	31	10	13	20	20	8	25	12	11	26	8	5	28	38	46	3	24	20	50	31	32	42	33	14	23	20	47	23	27	43	21	34	23	48	
1	16	12	42	37	9	29	46	34	28	36	10	3	5	34	27	2	40	13	50	13	23	24	11	33	11	36	17	13	20	22	35	24	11	26	5	29	23	46	25	5	45	2	42	29	1	49	38	35	21	47	21	40	3	32	41	36	19	24	50	
17	14	16	42	11	15	32	39	20	7	33	24	26	20	21	15	21	13	33	29	15	40	37	31	32	20	24	41	38	42	5	37	45	42	35	14	14	24	21	34	4	45	22	45	2	2	37	35	19	25	23	31	35	24	11	46	14	49	28	34	
27	47	38	13	21	32	21	38	1	17	19	1	25	5	5	32	29	39	16	34	27	5	25	4	34	14	47	5	10	14	42	50	43	14	10	3	42	25	43	25	31	16	6	42	2	20	3	33	20	29	10	45	25	19	15	25	29	40	8	23	
2	41	1	22	35	24	39	5	20	11	34	42	27	32	15	32	48	25	14	20	26	17	20	16	20	32	21	17	46	39	14	20	36	36	44	14	12	37	33	26	45	49	36	30	39	22	49	3	6	47	34	10	47	13	25	13	2	26	44	41	
10	3	2	42	1	21	11	42	11	13	32	44	18	42	7	23	48	26	32	49	31	19	50	22	10	13	17	30	17	31	17	50	20	38	30	24	15	34	48	15	50	48	1	34	34	28	24	26	23	16	38	47	3	3	14	21	5	23	10	48	
26	39	46	22	38	32	24	10	25	48	35	34	5	48	3	22	17	29	37	18	18	28	31	22	16	9	33	25	13	39	22	23	16	16	7	6	6	37	31	31	4	27	40	3	1	5	45	25	20	11	12	38	28	2	6	50	43	50	37	27	
46	13	38	22	21	36	10	42	25	9	37	48	23	44	14	36	19	43	8	22	40	28	6	13	12	3	37	19	33	16	4	44	47	5	36	49	18	43	2	29	10	47	28	8	42	48	34	38	40	32	41	47	17	11	9	12	38	50	8	6	
28	17	3	35	29	18	4	31	27	44	3	41	49	19	26	16	39	37	42	21	36	47	35	3	6	11	31	28	37	29	28	11	21	25	18	15	8	6	41	39	37	44	49	5	15	42	6	17	50	11	18	18	9	38	21	8	2	26	37	11	
50	19	9	25	27	32	7	24	5	23	12	48	5	3	13	26	37	47	17	50	5	33	11	26	39	9	18	15	33	3	43	18	49	36	48	15	8	42	11	41	9	5	21	27	7	40	22	16	25	48	25	8	16	50	25	8	34	10	30	40	
37	20	20	12	46	10	13	2	23	43	12	18	15	16	22	49	26	27	26	40	34	9	46	43	20	24	48	41	46	27	47	50	45	7	26	34	20	21	40	33	38	36	8	2	31	10	26	13	11	48	37	26	43	40	22	12	16	16	5	4	
23	24	12	6	50	42	17	45	24	45	4	13	2	43	16	11	27	33	43	9	1	7	44	39	48	23	8	15	47	36	44	4	23	33	25	41	43	15	26	30	43	13	15	19	4	12	43	20	18	17	23	32	14	39	19	19	22	47	19	10	
3	24	11	37	2	19	50	50	22	4	1	2	17	49	36	37	48	29	15	46	47	9	34	3	50	6	4	31	44	6	1	43	16	40	43	38	39	44	40	47	31	32	28	27	38	26	33	8	31	24	42	44	2	21	29	33	34	43	47	28	
28	8	8	50	15	24	9	19	13	2	37	5	30	21	12	14	40	39	26	17	30	29	7	15	48	14	17	23	35	15	11	5	47	42	8	46	41	14	19	16	27	23	46	36	16	12	12	27	49	8	38	3	47	24	26	45	28	49	43	32	
1	32	31	17	33	32	44	15	11	32	17	50	15	47	1	46	1	26	24	7	39	39	27	13	17	5	21	45	48	34	20	27	45	9	15	21	34	32	26	17	4	48	17	24	20	18	32	46	29	47	28	34	30	20	23	20	29	16	16	4	
9	13	49	48	34	41	19	20	40	30	50	2	28	49	3	8	48	44	40	23	33	47	28	45	48	21	41	37	41	4	4	13	4	41	48	26	4	37	5	20	2	27	1	11	1	17	46	18	35	47	33	32	43	25	44	19	21	9	49	32	
36	7	1	22	25	23	29	13	48	4	36	2	16	9	48	25	38	21	35	25	9	17	33	12	36	32	15	6	32	37	19	32	40	37	21	9	37	49	14	41	21	36	47	7	8	44	17	1	30	46	14	39	41	41	37	49	29	2	20	17	
On machine	2
46	39	26	21	44	14	1	20	5	24	50	11	7	40	10	46	49	47	30	50	47	37	29	13	19	7	9	27	40	14	7	50	38	28	48	8	47	32	32	29	35	50	5	18	36	4	49	8	34	34	3	10	38	9	13	23	3	48	49	33	
8	50	26	48	28	22	48	25	13	44	24	47	45	11	46	26	13	18	22	34	39	3	34	41	28	42	4	5	38	19	28	49	6	40	47	7	49	49	46	27	31	19	21	14	34	9	14	29	41	34	11	29	3	48	41	28	39	47	6	45	
7	1	5	40	15	26	9	16	25	5	26	45	19	13	22	23	43	10	50	24	49	38	49	33	25	49	48	47	35	19	28	11	24	11	6	5	45	6	41	38	28	36	47	33	42	45	49	8	9	30	50	17	28	50	37	29	13	19	29	29	
13	36	48	8	33	15	43	7	20	36	19	24	26	3	35	18	23	29	4	13	11	18	12	5	30	20	49	24	24	31	30	49	10	21	18	48	37	8	36	25	21	10	29	21	44	14	37	2	50	35	30	3	27	2	4	24	35	14	29	49	
39	15	33	36	43	50	1	18	36	3	19	39	27	35	5	43	38	26	21	12	18	45	39	21	11	27	48	36	38	15	4	40	38	8	37	27	23	29	40	28	4	48	32	6	29	17	36	1	8	50	37	12	6	21	45	27	30	24	2	26	
6	37	42	11	9	20	47	4	40	31	7	47	31	34	35	22	25	45	48	25	17	40	42	11	14	13	49	45	25	17	42	19	39	41	41	48	21	21	39	32	12	42	48	33	48	39	6	27	45	42	19	41	20	36	46	8	10	15	39	4	
36	34	50	31	30	44	26	25	3	35	39	23	4	35	25	2	18	37	13	12	49	8	14	24	3	24	27	20	20	6	40	40	30	31	10	18	34	18	5	11	44	46	44	10	3	44	42	9	45	39	38	16	1	31	34	17	29	8	16	48	
33	28	28	46	2	18	43	29	17	45	37	14	29	10	22	17	29	38	32	36	13	13	38	47	1	44	35	43	21	7	19	8	31	24	17	39	6	48	20	18	6	48	40	31	6	26	9	27	31	17	4	2	20	2	22	21	24	14	39	25	
15	22	2	11	24	39	40	10	30	11	18	48	40	34	44	19	31	30	44	9	34	33	36	5	21	26	34	29	21	9	9	3	9	3	28	26	37	9	35	42	17	28	3	4	19	47	6	23	27	35	5	13	38	46	22	28	34	38	4	2	
9	42	9	27	28	33	4	8	3	44	6	7	11	1	5	11	40	40	16	30	5	44	20	40	12	8	29	31	21	24	19	48	12	11	5	7	25	42	30	41	16	13	48	2	44	15	43	6	7	1	34	1	43	35	6	34	29	30	11	16	
43	20	15	26	1	44	1	2	49	28	24	49	2	37	7	29	14	6	43	13	25	2	7	39	28	22	15	46	27	39	6	39	17	40	32	24	26	21	2	38	9	21	22	26	12	38	31	35	14	38	9	29	3	13	1	50	25	15	34	4	
9	49	7	30	23	20	50	2	30	34	3	11	27	47	14	28	10	33	5	20	28	30	6	8	19	34	2	19	44	46	25	5	14	19	8	14	39	7	44	12	18	27	50	39	1	19	29	14	18	6	18	27	7	26	47	1	40	17	1	18	
8	4	14	22	32	7	27	50	34	30	35	10	6	10	9	33	42	43	26	38	8	25	46	23	8	23	20	42	30	45	21	28	31	1	16	36	31	37	11	12	24	21	25	31	7	38	16	9	7	14	43	9	9	38	17	13	20	4	10	42	
32	32	12	5	26	9	49	18	40	35	37	41	35	41	38	47	9	19	9	10	44	23	14	7	16	27	46	12	41	9	10	38	33	43	36	9	16	4	35	48	14	3	26	23	5	16	30	39	47	8	13	36	18	40	44	28	13	4	17	10	
49	17	47	3	14	9	47	42	33	40	31	25	38	31	23	32	17	40	50	10	18	26	7	40	32	7	27	47	2	16	34	50	50	21	1	4	35	24	15	15	26	39	14	45	40	8	27	36	32	39	45	20	26	43	7	39	6	8	7	23	
7	41	39	2	24	44	23	49	34	16	14	46	50	5	15	7	31	32	3	37	38	21	19	41	26	45	13	34	19	49	35	34	1	22	7	28	3	45	35	1	10	29	26	41	23	6	33	19	26	24	40	4	22	41	26	15	31	17	30	22	
46	15	10	48	50	36	4	25	24	46	41	31	42	23	46	16	25	46	23	12	41	35	27	5	27	5	24	24	47	24	17	20	21	5	7	44	30	41	12	22	24	2	2	36	35	39	25	8	50	8	26	25	17	29	8	19	9	18	25	25	
13	50	17	5	27	39	48	6	50	43	18	47	14	1	32	49	5	49	18	50	49	8	47	6	24	40	47	13	5	35	44	2	26	10	44	11	21	48	43	41	27	50	45	24	50	27	13	33	15	9	31	9	4	43	37	22	11	47	42	49	
11	4	30	8	12	50	30	43	5	46	44	14	3	50	3	18	37	18	30	37	4	26	8	16	5	14	42	1	20	13	46	45	50	31	7	39	7	50	15	15	47	15	49	16	38	30	36	47	3	8	7	18	8	18	12	19	9	47	16	46	
22	34	16	5	27	46	13	49	12	6	37	19	6	15	46	42	17	43	29	22	25	27	36	27	23	25	10	44	28	40	31	15	50	5	10	11	38	19	43	47	36	44	8	14	1	10	41	13	20	25	32	13	4	27	44	2	6	11	7	8	
27	38	44	7	48	34	6	4	42	44	27	36	36	6	20	23	1	43	10	8	3	43	37	46	40	6	47	22	44	13	38	35	23	14	18	11	3	31	38	27	25	5	49	6	26	36	10	36	30	22	3	11	22	31	15	18	24	8	14	24	
18	29	50	38	36	30	19	42	18	36	23	20	22	47	10	41	3	40	43	39	46	40	35	15	4	3	14	22	28	14	49	35	34	9	2	4	41	9	13	5	36	41	32	40	6	30	18	28	4	27	29	41	17	40	7	3	28	43	30	22	
1	2	10	26	48	34	45	30	31	43	38	9	15	50	42	7	17	18	16	17	17	15	40	40	17	40	44	48	12	29	32	20	2	32	8	36	42	16	30	1	19	20	3	43	37	1	10	47	22	35	32	27	33	46	39	41	8	34	20	49	
24	42	40	31	39	28	39	34	6	1	45	27	21	28	34	15	17	48	37	8	30	41	48	21	30	20	8	27	4	22	48	27	40	40	29	23	43	50	6	26	16	33	16	25	25	37	11	24	28	12	22	12	32	42	17	48	25	25	49	15	
19	26	44	11	12	36	43	7	27	23	11	41	2	8	21	17	18	17	3	31	40	9	20	40	10	30	45	37	47	43	15	36	11	15	42	21	43	23	28	50	13	50	10	1	24	49	39	6	29	21	28	15	16	6	36	48	26	26	6	3	
40	26	14	41	33	5	47	32	26	25	35	43	36	5	16	35	6	13	8	12	33	13	43	31	31	4	16	45	23	2	27	5	4	7	24	23	48	47	35	30	1	50	34	19	8	41	5	31	47	44	28	30	32	28	25	10	21	50	4	36	
50	43	41	7	8	50	42	14	47	41	50	22	18	18	15	31	4	12	29	46	12	13	26	15	26	15	19	23	19	25	18	27	37	20	49	46	8	35	2	39	2	2	22	42	6	5	1	46	9	36	39	49	38	8	43	11	7	20	43	28	
2	43	27	38	27	33	21	20	8	26	7	47	43	24	2	43	38	46	10	16	35	13	43	14	27	15	11	18	9	25	45	28	4	31	18	25	37	18	29	31	8	49	15	39	31	23	29	8	34	29	36	18	43	43	31	38	41	22	28	31	
18	23	19	48	28	50	37	36	33	22	5	40	1	18	50	48	19	26	41	7	7	3	18	39	36	26	32	29	25	47	33	48	44	43	38	21	49	12	10	28	40	10	41	48	9	23	27	9	42	43	16	15	14	22	9	18	8	8	28	49	
10	24	30	42	21	27	47	2	7	24	37	28	11	14	40	29	15	6	12	49	9	33	18	4	24	35	3	8	23	22	4	1	47	4	29	42	21	36	43	22	34	28	1	24	44	13	22	33	32	43	5	1	24	22	28	31	3	8	42	32	
19	44	48	31	27	15	42	23	35	10	12	38	9	46	43	43	17	1	25	49	31	41	47	27	7	1	2	30	41	5	27	19	40	4	34	39	2	8	18	44	4	39	25	25	23	3	20	35	17	40	41	25	30	2	47	38	19	8	42	8	
11	7	24	27	50	10	7	3	6	14	42	24	29	13	6	20	43	33	41	28	45	6	1	14	25	34	33	26	49	35	43	30	44	8	5	31	5	24	15	2	30	41	36	24	38	36	15	33	47	43	23	36	12	25	21	45	42	39	35	21	
31	48	16	16	33	3	12	19	3	50	6	12	31	21	42	29	21	44	1	47	45	33	49	47	39	19	17	19	11	35	25	42	30	39	29	12	50	38	34	3	40	50	3	30	23	44	22	45	31	9	12	21	37	42	22	12	10	14	30	13	
34	6	37	36	2	39	14	39	27	4	41	12	22	11	27	12	16	38	21	3	31	31	4	18	21	32	49	31	21	14	17	44	17	6	14	21	34	2	10	23	44	9	11	43	33	38	24	33	3	44	42	26	29	29	15	45	23	39	24	19	
45	42	24	1	46	48	49	40	5	9	9	31	21	27	35	42	19	35	22	16	32	2	21	11	28	33	4	13	13	43	11	11	19	32	15	18	21	30	40	23	43	12	7	38	28	49	14	29	21	39	3	2	31	17	18	11	9	26	18	27	
37	44	8	47	3	40	7	48	49	16	37	31	31	24	32	9	25	28	30	5	26	34	39	44	24	13	23	3	49	23	39	47	23	19	18	31	6	46	38	37	35	36	28	28	20	41	19	35	20	4	9	38	45	22	33	13	46	41	36	6	
16	4	21	42	25	47	30	35	15	6	32	39	28	18	34	17	35	27	23	11	31	12	18	7	20	19	44	10	44	23	4	46	44	13	17	2	41	40	20	41	26	14	17	14	20	6	34	11	14	11	34	8	37	36	25	28	5	42	20	41	
40	43	32	20	26	13	23	29	1	23	2	4	34	4	38	30	35	10	22	15	7	1	46	37	15	11	36	13	49	19	23	17	39	2	8	20	19	28	45	26	24	24	38	3	22	7	14	12	40	20	16	4	41	8	21	18	50	23	8	9	
25	49	22	43	4	32	26	26	36	35	36	26	13	15	31	10	8	19	45	25	28	46	18	14	39	24	24	8	38	36	21	9	41	26	7	14	27	16	31	25	7	42	12	17	10	20	2	32	50	18	7	42	39	11	31	34	33	6	13	7	
39	46	39	41	10	13	50	47	11	35	5	32	21	40	11	9	8	11	28	7	5	31	8	45	24	19	35	48	18	26	38	41	42	18	31	11	45	20	30	17	6	1	50	29	44	17	38	5	22	44	34	25	22	2	9	3	46	8	4	46	
3	42	46	6	44	32	49	16	14	39	43	25	5	46	37	44	9	11	9	17	50	6	35	20	10	41	45	11	11	32	39	39	20	22	46	6	40	30	18	24	38	44	25	45	27	10	10	28	19	42	50	8	47	15	16	28	28	2	50	4	
22	43	23	34	18	38	22	38	14	43	50	28	26	45	11	6	24	7	10	21	44	49	30	39	19	22	28	34	40	10	30	11	26	41	30	40	2	23	8	21	4	11	23	13	50	45	42	12	5	27	5	6	31	46	34	21	43	30	48	40	
26	21	9	11	13	46	32	44	8	15	27	50	2	26	6	20	31	16	45	11	27	12	11	3	4	36	22	31	30	1	50	41	43	24	32	31	38	37	6	4	35	43	19	7	30	28	33	46	46	48	15	20	40	21	31	28	18	36	50	28	
48	21	32	6	26	19	47	35	32	32	2	20	23	11	14	19	6	41	30	16	3	40	3	18	22	40	41	33	34	10	31	33	30	3	44	27	5	45	6	28	19	25	18	1	11	30	24	49	28	37	38	25	4	30	10	21	30	25	33	44	
30	21	17	8	35	40	37	24	5	19	28	23	5	47	8	9	44	48	32	4	48	36	3	29	46	36	9	35	33	48	4	32	11	18	24	20	33	16	34	16	43	41	39	5	39	44	45	17	2	45	45	31	22	25	9	19	36	6	43	27	
44	11	38	20	24	12	26	11	9	38	45	40	35	11	46	3	46	26	6	4	20	16	19	49	27	22	5	32	31	23	40	37	2	14	3	10	11	46	14	31	19	16	32	14	24	44	17	50	17	17	6	24	14	3	14	39	24	29	16	11	
7	1	32	10	29	27	40	21	31	48	18	17	42	44	9	2	45	2	16	5	1	28	40	1	31	33	44	1	14	28	50	37	29	4	37	48	35	32	8	21	31	11	50	4	21	46	45	41	14	50	14	17	8	49	47	40	24	14	40	26	
27	35	17	1	14	11	26	33	17	28	35	48	7	25	46	42	22	44	45	25	41	48	49	25	12	37	14	13	10	23	39	17	7	32	33	36	28	48	40	12	26	45	5	43	13	48	44	29	50	12	34	37	31	43	30	27	30	30	34	3	
1	12	50	45	23	31	16	10	50	45	41	48	10	46	36	47	2	34	19	34	8	36	21	38	17	25	23	26	9	17	36	49	39	23	10	43	42	46	2	38	50	42	9	37	46	46	48	50	1	5	14	49	6	22	23	41	10	38	40	19	
39	17	50	31	40	8	2	30	25	21	17	4	47	33	46	5	23	19	34	3	37	33	42	7	36	21	23	37	31	22	18	21	39	49	30	21	16	23	41	5	22	35	3	20	15	22	35	31	5	45	5	30	43	18	5	16	34	1	24	24	
32	18	29	45	22	30	45	13	9	17	10	36	37	44	44	1	49	35	38	21	21	31	27	15	47	14	5	42	30	31	33	39	41	46	31	22	12	46	37	25	38	26	48	32	32	42	36	8	14	41	45	36	26	37	14	9	11	22	15	7	
32	42	44	42	49	11	35	27	48	28	32	34	18	49	15	27	41	17	34	36	38	46	35	45	22	34	7	30	2	22	47	5	28	33	3	21	25	36	22	26	40	24	29	6	6	20	21	49	20	45	43	44	48	34	43	43	18	12	44	12	
19	15	45	9	32	1	44	17	29	37	44	4	3	47	45	32	40	20	11	27	29	47	9	44	27	43	21	29	6	28	37	33	20	48	42	28	36	26	34	31	38	34	39	44	20	11	16	8	16	45	41	2	40	42	40	22	40	21	7	29	
39	34	49	28	44	34	6	30	29	37	48	20	21	43	13	47	25	11	49	26	47	9	45	19	25	18	7	24	29	20	10	6	10	34	11	5	22	18	44	24	44	43	44	1	42	30	44	40	45	41	21	27	34	23	46	17	45	44	42	35	
44	38	10	34	45	44	14	31	48	44	48	26	40	40	50	26	10	44	27	8	19	12	27	2	14	13	6	22	41	20	1	14	38	23	5	8	13	18	25	12	43	7	28	42	23	19	50	25	12	30	31	26	29	12	17	9	44	22	5	4	
34	30	9	8	16	6	47	18	44	5	41	29	6	30	33	37	10	20	43	37	12	4	42	9	3	34	42	48	30	10	40	23	20	6	46	46	18	47	5	37	15	17	7	5	17	7	15	30	11	17	36	4	5	43	32	48	49	36	44	46	
40	34	50	26	41	46	40	20	43	9	22	22	29	39	20	15	14	43	12	35	37	1	20	11	45	25	27	39	15	21	13	1	19	48	41	39	4	46	46	4	50	1	26	26	1	50	49	30	16	12	29	21	17	40	20	49	49	24	6	19	
49	27	12	36	40	28	37	42	38	36	16	27	11	33	13	4	39	10	18	10	16	34	13	28	17	7	37	1	26	36	37	1	43	26	37	30	3	25	2	25	38	27	7	43	29	15	1	26	33	49	49	22	25	47	10	44	28	18	38	24	
16	31	20	2	11	2	26	22	7	26	18	47	24	47	31	9	45	18	43	25	16	10	6	6	23	36	20	22	16	46	24	32	4	19	25	1	21	23	46	39	24	35	34	46	12	3	34	10	35	31	31	20	15	34	50	29	29	37	47	31	
48	37	4	28	34	21	32	28	13	6	27	32	25	35	41	49	34	40	17	5	48	28	39	24	19	49	37	11	14	17	31	22	49	43	38	24	31	41	32	8	39	17	25	12	5	10	29	42	40	12	32	9	15	12	48	40	10	42	49	33	
On machine	3
48	43	29	30	19	28	6	6	12	50	6	5	47	37	5	47	40	7	28	12	2	11	37	43	40	19	41	11	3	21	45	32	46	11	40	5	9	40	40	49	7	33	23	26	32	48	19	40	1	44	49	12	14	24	41	6	29	35	4	38	
3	6	20	1	50	21	30	23	46	8	9	6	41	8	5	1	29	27	2	26	37	32	46	45	14	22	22	18	11	10	41	44	44	1	20	43	33	1	33	39	14	27	4	46	17	11	24	29	21	4	12	24	21	20	5	26	40	9	14	38	
43	44	14	46	24	44	43	50	24	15	5	9	15	25	49	6	47	39	41	7	34	7	41	31	11	32	15	24	5	20	34	3	32	37	30	16	34	35	46	3	1	23	37	16	26	29	24	22	10	39	20	36	8	27	36	50	37	31	22	2	
16	39	39	20	5	36	10	49	41	26	15	43	18	35	26	1	37	15	11	40	23	11	43	7	26	40	45	8	28	43	3	46	10	16	5	42	6	3	35	34	46	31	10	17	28	26	36	27	28	39	25	47	2	34	49	2	33	37	40	6	
23	27	10	29	17	49	24	6	5	35	44	46	3	2	11	14	23	22	35	15	29	9	25	37	26	2	8	44	17	24	40	1	38	39	45	36	45	38	30	27	21	11	29	40	20	18	49	43	9	13	27	45	31	13	18	11	29	9	47	13	
13	24	22	11	2	2	31	6	17	45	23	45	29	39	50	39	27	25	9	27	4	3	37	16	50	23	13	44	48	17	46	14	18	41	32	7	4	39	44	4	14	17	39	21	17	13	37	10	16	21	31	23	3	32	25	24	17	28	27	35	
8	48	3	43	4	27	50	20	46	21	46	35	47	46	22	39	36	23	8	43	43	30	7	34	15	36	5	50	21	26	43	7	33	46	5	15	8	36	12	19	25	1	2	12	34	11	14	47	15	45	18	19	26	50	45	16	40	1	44	38	
17	38	46	8	6	33	38	43	25	20	38	33	48	13	48	38	29	7	13	24	24	34	22	26	37	20	12	32	8	13	11	1	49	15	29	25	5	32	46	9	15	44	3	15	17	10	38	38	8	38	1	31	17	28	13	41	20	49	25	9	
13	23	14	46	43	21	50	36	21	45	22	4	31	8	50	6	29	42	29	14	9	14	33	49	39	14	5	4	40	11	6	22	37	11	29	17	5	40	41	11	23	27	16	8	20	41	45	8	26	22	35	41	2	39	46	1	14	46	48	20	
10	11	43	28	32	29	36	35	45	19	50	41	7	33	10	44	40	45	38	26	31	2	1	34	46	37	36	49	26	25	9	10	19	39	48	18	38	21	15	28	27	35	30	45	14	43	43	26	31	45	49	43	37	27	47	16	2	45	47	15	
25	3	29	14	35	47	17	47	9	21	20	45	36	20	20	12	13	45	38	37	40	23	49	12	8	44	25	50	35	48	28	27	34	47	17	31	4	39	1	5	11	37	25	48	23	33	46	41	50	1	39	40	12	19	17	14	13	11	26	40	
25	50	33	34	39	3	1	31	19	17	1	7	38	49	18	18	15	18	36	20	38	13	44	2	36	29	15	18	2	43	26	31	49	18	32	48	7	38	11	46	49	31	41	45	44	34	31	44	32	49	24	29	28	26	19	48	27	12	43	17	
2	46	22	7	42	18	18	1	29	14	19	45	39	48	47	49	13	16	10	41	8	2	9	21	34	4	16	44	29	22	3	29	36	49	32	27	50	32	3	1	10	44	43	40	50	48	14	6	38	36	40	46	24	1	30	6	19	7	25	29	
50	18	34	29	5	38	24	27	33	26	33	9	46	38	27	33	18	30	42	31	12	20	26	23	33	50	14	37	20	31	24	49	41	7	12	15	1	6	37	44	30	28	27	31	35	41	29	50	7	9	15	6	16	5	26	37	40	37	18	37	
1	18	24	11	47	5	47	12	32	42	31	27	38	37	23	32	49	12	32	4	46	45	22	9	12	47	48	50	4	16	43	7	42	28	40	9	24	20	22	16	2	47	2	15	33	29	28	12	34	44	17	37	4	50	21	23	24	17	25	13	
35	8	38	18	14	17	25	42	11	36	20	12	3	44	13	19	6	31	4	32	38	40	8	48	47	16	7	24	7	47	7	50	17	29	40	20	20	41	17	7	1	21	33	31	29	33	2	27	20	36	11	9	32	10	43	23	37	37	44	9	
4	26	48	40	31	46	40	30	36	42	7	2	20	24	47	25	15	33	39	14	22	18	36	34	37	7	49	7	47	38	34	34	26	20	1	42	2	10	30	46	37	23	25	34	23	46	43	17	24	28	15	30	16	3	31	22	12	35	38	21	
45	25	30	47	39	46	30	34	34	36	8	4	8	2	1	17	22	35	17	25	15	16	10	37	20	11	36	30	33	16	12	40	39	37	22	31	43	18	13	2	42	19	24	43	12	1	36	8	44	20	21	8	42	44	35	30	13	18	10	21	
3	32	4	33	37	46	38	33	16	18	31	7	17	9	11	34	21	20	2	19	10	15	23	28	35	45	44	34	36	41	49	33	48	19	22	23	26	41	7	21	24	24	4	1	15	15	28	32	41	27	21	3	2	32	46	8	23	14	23	42	
24	18	19	7	15	9	6	9	1	38	31	19	35	18	37	9	34	48	49	20	19	36	5	3	31	13	18	27	9	10	11	13	5	16	5	16	21	2	3	31	36	42	28	28	27	6	24	14	19	2	4	2	30	15	1	38	34	20	1	38	
42	13	4	39	40	39	46	31	14	12	45	34	2	35	21	20	2	20	41	21	41	20	7	42	27	25	40	49	27	10	11	50	16	49	47	38	12	18	18	23	37	4	31	39	42	18	2	10	28	49	3	29	19	26	27	41	8	14	28	36	
8	25	18	33	38	9	6	4	37	37	31	11	28	36	3	39	36	21	50	19	50	1	46	41	30	42	1	29	20	25	3	4	15	36	27	28	39	49	19	18	23	42	1	46	20	23	49	21	3	45	48	42	41	34	24	36	30	43	40	39	
30	22	25	15	31	34	13	31	17	28	41	4	43	32	46	32	38	26	14	8	23	32	49	48	34	38	44	33	3	13	35	14	22	12	39	11	36	5	5	2	43	33	30	30	42	33	34	30	6	17	46	3	41	16	5	13	25	31	33	10	
30	9	35	17	42	22	28	49	20	5	1	36	19	3	34	30	16	26	27	42	7	40	28	10	28	21	27	6	4	21	40	14	50	49	41	7	45	26	28	2	19	16	37	20	9	23	32	1	36	3	49	15	34	36	32	28	16	41	8	15	
24	40	29	22	17	18	6	32	14	29	43	25	30	26	32	16	36	45	46	47	35	41	48	31	29	42	12	9	34	36	14	41	48	11	6	47	28	50	37	43	46	21	31	21	45	32	46	42	20	22	44	43	7	48	24	30	25	48	47	3	
19	32	27	6	34	46	43	46	24	27	28	36	11	6	22	30	14	19	5	25	23	36	19	41	25	48	14	12	18	9	15	7	5	50	20	21	35	14	16	30	7	15	25	49	49	7	45	32	23	1	22	30	5	37	16	48	6	14	23	50	
35	9	34	20	22	14	49	25	32	48	22	4	12	28	44	37	20	40	3	18	11	9	32	1	3	21	33	15	46	49	47	6	23	18	21	38	43	46	40	46	33	10	43	46	46	29	20	23	48	7	16	48	33	37	7	13	32	20	36	29	
2	11	44	34	32	20	18	5	35	48	42	15	27	48	15	39	13	29	28	24	5	24	8	27	6	49	18	44	35	30	31	21	25	17	17	48	3	49	13	18	13	24	36	44	45	38	10	42	14	22	26	11	19	11	38	32	22	39	24	20	
32	11	6	44	45	37	16	11	41	35	5	33	50	26	27	32	31	28	3	4	8	37	10	36	50	45	22	12	19	31	24	11	23	9	37	45	21	20	47	35	24	26	42	29	48	22	37	35	24	27	39	32	1	30	10	11	20	26	26	28	
32	20	14	44	3	16	42	40	5	2	35	20	46	39	7	28	5	10	24	34	23	9	16	23	27	27	29	43	24	31	1	28	4	10	49	37	9	7	50	22	28	14	10	6	47	48	22	24	30	23	18	34	22	15	36	32	13	34	38	6	
43	8	23	1	44	42	17	31	9	4	48	42	15	37	50	40	23	35	13	16	44	25	19	28	46	21	37	36	34	41	46	35	28	16	49	43	32	41	44	42	16	1	25	5	38	1	42	10	18	24	5	1	43	14	10	5	25	14	43	6	
23	18	46	39	29	33	43	12	34	41	7	43	17	16	9	28	44	19	6	45	40	25	48	41	6	50	47	38	10	50	13	50	10	20	3	33	26	15	37	49	24	14	24	13	16	39	10	46	45	19	49	49	3	30	41	10	2	45	6	14	
4	50	12	3	36	15	2	42	22	22	16	25	34	44	43	23	8	38	9	24	28	46	1	47	19	31	4	25	15	9	15	23	27	32	8	22	36	22	44	12	20	11	18	48	46	17	3	36	34	17	11	13	42	40	22	24	28	31	29	4	
40	36	35	30	8	31	37	4	24	8	38	46	15	18	3	34	3	17	30	35	30	9	3	8	15	11	31	21	48	19	7	28	16	15	22	24	7	31	20	22	25	21	26	6	11	32	30	10	24	8	48	31	9	16	27	27	22	31	30	3	
41	1	36	32	7	19	26	32	25	49	3	7	43	29	6	14	46	42	33	3	22	7	8	24	47	18	41	43	28	10	9	9	32	12	14	41	46	8	6	45	45	49	32	26	25	27	28	9	50	48	10	7	7	26	8	3	15	31	13	5	
45	16	45	20	6	20	29	42	1	1	3	38	41	31	20	27	15	44	25	26	27	36	2	13	18	11	19	16	26	35	25	20	32	5	34	6	26	43	50	41	13	34	35	46	18	5	5	41	50	46	38	6	1	6	12	27	1	42	49	21	
42	10	48	17	6	14	6	12	50	31	6	3	41	45	32	47	9	35	42	28	29	22	27	14	34	40	22	41	3	11	4	44	48	32	25	34	45	43	50	21	16	35	7	18	27	2	15	36	38	14	7	38	30	36	4	4	34	21	42	25	
25	12	17	21	46	31	45	32	28	12	19	26	21	31	3	15	6	8	6	40	46	3	26	26	42	28	33	40	7	10	8	17	5	37	36	47	11	47	7	29	37	35	39	12	8	20	43	14	10	7	15	20	48	44	50	41	30	40	15	41	
32	7	20	20	34	45	15	5	18	43	27	50	23	14	20	34	15	12	19	44	32	20	4	32	40	12	29	19	25	44	23	19	6	37	2	38	4	22	23	6	48	21	43	15	41	27	14	7	7	4	1	6	23	7	36	6	26	47	16	22	
47	14	50	39	14	48	48	2	14	9	5	14	31	41	25	27	33	40	35	35	45	36	2	41	50	35	50	26	9	21	21	37	16	4	1	30	22	12	2	15	11	45	21	50	23	5	50	37	44	31	5	15	17	38	20	16	37	30	50	18	
16	38	4	6	45	34	47	5	26	41	48	23	35	14	37	13	8	37	29	46	2	44	32	13	24	15	39	7	8	6	28	17	6	20	28	30	23	41	35	5	49	25	38	12	5	20	39	40	16	39	12	21	28	8	8	44	9	8	10	23	
12	4	10	15	30	3	27	32	4	7	36	10	6	36	9	24	34	30	29	42	39	13	17	12	23	15	17	22	14	25	26	7	42	49	45	25	34	6	39	11	35	19	7	7	44	33	36	41	14	45	32	22	46	12	33	28	13	23	23	22	
22	3	29	34	21	35	50	20	26	27	2	6	39	26	42	24	19	32	33	6	16	31	9	21	16	50	34	39	39	38	13	43	30	12	33	41	33	1	47	29	27	49	25	46	22	9	37	48	17	24	28	49	19	35	8	23	42	27	16	37	
18	18	42	9	44	40	2	23	23	3	42	23	18	41	5	18	47	15	8	23	34	10	24	41	49	39	47	1	26	25	7	1	28	2	6	15	32	3	8	11	48	13	47	29	7	29	10	50	25	24	40	46	26	24	41	46	28	37	10	38	
18	40	10	40	26	41	49	47	11	21	4	48	8	1	40	16	15	47	40	25	42	15	8	42	15	18	21	18	21	43	4	37	27	36	12	32	31	41	38	18	36	10	17	17	17	21	4	42	41	21	17	19	31	47	2	11	47	41	24	48	
5	15	8	29	8	5	35	31	5	3	23	12	30	50	9	38	50	39	26	40	29	13	34	16	37	16	4	24	14	6	45	7	37	49	16	15	44	11	9	16	25	13	28	38	21	25	28	8	26	41	30	16	50	50	18	37	48	13	8	25	
38	29	35	17	13	17	28	24	27	28	28	20	25	1	11	47	3	47	44	32	26	43	24	17	20	24	3	15	30	28	3	3	32	23	48	12	48	30	14	24	48	17	25	7	3	35	49	29	16	29	8	1	24	28	3	33	18	9	5	2	
14	3	24	18	9	48	6	15	29	8	27	36	22	14	22	20	37	45	9	31	39	31	31	4	40	24	35	26	15	28	12	44	3	43	16	37	38	32	3	22	8	8	29	12	13	31	23	40	10	13	23	5	50	31	5	48	42	14	4	10	
49	21	47	26	34	2	36	37	1	35	32	20	48	17	30	9	26	18	3	8	24	15	47	2	21	21	30	48	20	25	13	2	27	44	8	10	1	17	17	15	28	17	28	40	5	39	45	5	29	33	43	49	37	34	21	4	19	43	38	14	
14	19	6	14	28	33	21	27	30	40	44	46	40	16	43	31	50	44	7	21	2	26	41	43	22	8	40	22	38	3	32	7	22	6	10	22	32	23	5	19	41	8	18	26	22	42	47	4	44	47	26	2	20	19	31	6	46	16	49	41	
21	43	22	49	22	45	25	26	7	16	13	36	44	3	30	8	19	47	50	42	45	33	20	18	19	13	18	1	33	17	16	34	31	16	14	19	20	11	31	11	9	14	19	30	49	9	26	22	3	6	29	18	7	20	38	42	9	6	46	46	
44	33	11	2	34	26	7	37	33	44	35	44	41	34	47	15	46	40	50	21	44	37	50	50	13	3	8	42	20	14	41	14	26	38	24	48	19	9	48	47	22	33	27	8	33	4	47	12	11	44	2	29	22	26	29	39	36	30	14	27	
37	3	33	36	9	37	46	21	39	1	9	29	46	16	17	18	13	42	14	14	24	50	1	31	9	23	21	15	33	15	10	9	41	35	41	37	34	1	27	23	7	2	44	46	21	15	2	6	50	8	3	40	5	3	20	18	11	14	16	34	
33	34	19	11	8	8	18	14	18	16	11	17	49	30	46	26	9	14	16	14	27	16	1	32	18	31	1	38	8	13	25	3	16	33	19	12	45	48	38	18	25	17	37	36	49	49	43	41	5	17	9	25	4	45	35	5	27	29	24	28	
40	38	12	27	50	38	36	47	33	17	29	30	47	6	8	23	8	9	35	25	8	40	40	15	35	34	17	50	35	37	21	34	13	50	27	44	40	23	22	11	48	41	19	50	19	33	18	45	1	21	22	27	33	34	19	45	5	29	27	12	
11	29	7	29	24	29	5	4	27	15	29	6	15	29	25	5	38	28	27	7	48	47	7	11	6	13	21	36	23	37	16	48	14	13	42	21	2	5	20	14	18	50	30	5	14	19	35	44	49	9	1	10	50	34	35	45	14	24	48	19	
48	48	5	2	18	45	12	11	32	36	31	4	31	1	32	40	28	21	19	6	37	20	8	39	32	7	14	3	38	16	18	27	45	2	4	9	7	29	48	10	16	34	18	45	12	25	32	35	10	37	3	42	2	25	16	8	50	42	10	36	
38	33	36	22	28	35	5	29	30	36	13	31	46	7	29	48	1	6	10	3	12	41	1	3	18	19	19	2	5	15	39	48	35	3	26	37	1	19	39	30	8	50	25	15	13	13	33	14	50	48	34	31	49	49	10	38	10	28	9	15	
40	17	38	40	29	2	17	46	3	22	22	35	27	24	4	10	50	42	2	38	39	18	27	30	10	17	17	32	25	44	2	47	47	18	15	32	30	40	25	14	29	49	10	11	2	41	7	17	4	48	44	19	27	49	13	21	47	12	25	29	
43	11	12	23	9	41	28	35	45	26	14	31	38	30	22	43	24	19	10	18	46	4	20	14	17	25	50	28	24	16	26	28	19	17	44	42	5	40	24	4	40	14	39	26	48	16	38	14	13	38	45	46	28	30	29	39	6	43	23	17	
On machine	4
18	29	16	39	2	20	3	28	9	20	2	12	11	14	10	2	7	40	2	8	18	45	42	13	32	27	24	15	20	35	28	13	31	15	41	44	24	8	17	40	39	29	50	30	14	43	17	37	9	14	15	21	14	21	22	16	31	14	37	3	
32	45	38	48	11	38	18	48	6	36	30	18	12	5	6	47	34	41	9	15	22	4	45	38	5	44	24	16	26	26	46	8	36	1	27	25	36	44	2	14	35	21	41	39	33	28	11	28	18	12	35	29	48	36	45	49	10	41	24	9	
35	26	45	25	49	33	35	7	43	11	33	32	5	17	22	23	25	32	45	47	6	6	32	29	13	22	29	39	1	6	18	16	12	48	28	17	20	15	11	32	46	49	23	43	10	9	25	43	49	16	6	33	35	6	22	4	3	39	3	29	
5	31	36	35	32	5	14	31	3	23	19	8	8	36	48	49	19	13	44	18	33	40	28	5	50	14	13	17	20	29	20	16	3	24	13	19	9	10	39	46	23	31	46	38	2	29	27	13	27	11	6	20	31	35	34	8	47	26	21	41	
7	34	28	23	41	41	7	28	35	25	25	3	38	48	48	28	43	36	13	31	31	1	42	13	42	28	13	45	43	27	24	37	7	42	33	28	8	4	6	29	32	27	34	16	17	24	15	45	9	29	12	12	14	29	20	2	43	47	29	23	
20	43	27	8	33	27	8	50	5	19	21	49	49	26	41	4	19	19	10	12	8	30	48	37	10	26	46	17	6	2	10	43	39	38	19	13	33	45	14	47	12	40	35	35	31	14	32	30	4	15	33	8	25	29	35	9	45	18	42	9	
48	31	42	29	5	38	37	3	13	30	33	20	19	34	14	30	50	16	7	29	7	18	50	4	5	26	5	25	24	50	3	7	14	12	10	42	16	7	30	36	42	38	47	11	14	21	12	12	8	36	5	44	39	42	32	13	39	25	25	23	
14	15	42	42	26	48	38	22	17	18	44	27	17	17	28	35	25	50	2	34	49	49	17	40	44	25	23	18	31	27	18	10	25	37	9	41	36	29	36	49	29	28	31	15	30	6	30	29	44	40	12	44	46	25	23	44	9	14	29	30	
26	48	42	4	14	24	42	1	23	8	35	22	38	13	27	27	50	33	46	25	25	2	22	9	35	3	3	2	47	23	1	31	1	4	41	49	14	14	13	29	44	5	15	6	4	44	23	4	24	15	7	24	16	3	46	39	46	15	8	37	
50	18	5	46	42	11	12	40	37	47	31	38	20	23	31	13	2	27	28	3	13	1	29	38	43	39	39	1	36	15	42	26	6	9	44	37	29	13	41	20	42	44	10	16	28	44	4	21	15	16	42	45	1	1	14	50	11	37	38	36	
8	35	13	8	32	44	26	30	9	26	14	1	46	7	48	22	44	5	45	43	42	45	45	22	6	47	50	38	19	8	21	42	42	43	14	26	3	47	25	50	49	26	20	35	45	21	48	43	38	50	12	37	4	36	26	15	5	32	28	17	
10	14	32	6	48	36	9	13	10	30	6	36	2	7	5	35	31	40	13	36	43	12	23	48	23	19	39	14	3	31	45	42	6	30	21	10	13	11	48	28	34	17	35	30	8	46	15	37	7	27	5	36	16	5	48	28	27	30	44	19	
15	22	15	44	26	12	3	5	35	14	34	38	3	16	30	34	9	35	49	32	20	16	16	16	46	8	3	9	27	18	3	47	37	12	24	12	46	18	38	21	8	42	41	32	41	2	46	23	39	29	26	36	47	21	30	23	31	15	2	39	
10	45	15	47	24	41	8	8	7	36	12	5	2	21	43	40	15	9	10	11	7	5	4	41	41	41	29	28	49	20	1	10	38	43	15	3	26	31	42	49	26	7	6	4	18	27	3	15	22	13	19	5	38	47	23	44	16	34	35	45	
6	31	48	7	42	38	43	9	42	22	36	13	49	13	15	45	17	36	4	4	16	48	32	4	33	47	31	50	50	49	6	41	32	42	47	19	7	12	5	14	9	32	22	49	19	27	43	5	19	38	14	8	20	18	6	41	21	22	25	37	
32	10	2	28	27	7	31	11	33	37	31	10	49	15	31	33	18	34	42	14	29	10	23	36	11	21	10	31	44	7	41	9	9	30	3	24	42	2	9	3	31	27	34	46	21	8	19	28	47	14	1	9	22	36	21	5	31	11	19	23	
22	40	33	27	29	13	9	18	50	46	24	42	6	19	31	8	19	41	41	23	11	21	32	50	22	39	19	40	18	19	26	30	49	2	44	7	29	19	25	9	26	45	22	29	10	38	13	14	46	15	22	15	48	17	31	24	16	6	35	21	
35	43	29	32	35	25	16	6	44	3	38	39	12	1	35	23	20	42	15	14	33	13	13	9	7	2	14	25	14	7	33	37	26	47	28	38	35	23	16	43	34	4	26	17	45	16	34	45	10	34	2	18	6	15	8	29	31	3	16	18	
11	26	2	35	43	43	11	45	46	46	10	37	10	44	1	15	35	6	7	17	15	2	1	31	18	1	11	12	38	49	12	28	22	11	16	16	20	27	17	24	10	4	18	37	37	40	12	46	45	23	46	20	14	32	31	24	18	16	46	49	
14	2	42	19	15	32	2	7	16	25	39	6	18	43	49	46	45	30	45	44	8	33	46	10	15	8	25	1	32	37	19	39	2	5	2	48	13	1	39	11	37	15	7	10	31	23	29	25	10	13	6	50	24	48	22	36	5	49	43	15	
35	26	26	39	40	50	8	9	20	34	46	3	50	37	3	11	31	5	19	26	1	7	35	15	34	17	28	16	46	37	25	32	40	42	49	46	28	45	45	23	3	44	25	30	16	1	47	12	5	11	5	42	17	43	45	28	10	50	50	45	
15	37	34	6	27	23	23	15	12	46	17	50	3	23	31	34	8	12	10	22	3	34	23	24	15	38	49	38	1	42	46	40	15	16	20	48	16	29	49	23	31	25	16	25	10	35	25	26	42	24	4	39	38	31	44	9	50	36	1	33	
34	6	10	12	10	50	49	29	44	48	7	41	3	38	35	7	23	4	3	46	16	10	3	50	15	38	28	46	2	50	3	8	31	48	7	26	29	20	28	41	40	18	19	27	25	40	39	11	19	8	29	20	4	23	8	6	20	27	21	42	
33	26	13	50	9	46	36	6	41	37	15	1	43	9	18	16	2	13	30	44	20	35	6	1	38	16	2	24	48	3	4	40	16	41	8	16	45	3	3	31	30	44	5	49	6	9	4	15	23	26	44	2	29	27	40	50	36	4	9	35	
8	49	47	28	14	3	1	27	29	12	28	42	23	50	44	3	23	34	31	21	16	50	36	24	5	23	4	15	20	25	1	23	18	1	2	49	5	22	28	6	14	43	24	48	9	15	2	16	22	19	20	7	23	29	20	36	24	9	28	21	
10	8	6	29	8	10	14	35	32	20	23	18	26	17	35	38	6	44	14	18	22	14	17	4	16	49	40	9	3	6	42	14	22	35	22	39	39	6	9	47	24	21	44	20	26	20	13	19	7	9	6	31	2	50	50	29	7	22	46	3	
4	35	15	1	29	21	47	8	28	37	34	1	47	29	32	7	31	38	9	42	21	34	20	31	40	8	50	30	40	12	39	17	20	28	33	12	6	28	5	2	42	19	25	50	24	18	19	35	3	21	13	16	32	37	3	19	23	34	5	38	
20	14	28	42	4	3	4	14	32	17	50	26	8	46	18	9	21	21	35	13	3	37	15	40	2	38	7	37	48	42	2	14	46	4	19	26	18	11	40	4	1	35	10	9	12	30	20	16	5	24	33	10	16	32	30	36	40	41	32	36	
11	25	17	5	11	28	28	24	23	13	34	15	3	38	29	36	20	15	41	46	47	29	2	1	40	7	4	49	49	44	1	38	49	9	12	20	5	8	33	32	22	27	7	38	3	1	23	2	43	28	44	3	19	36	50	21	3	6	22	18	
26	15	42	8	45	37	2	4	10	22	3	37	13	46	25	23	46	18	48	41	38	43	31	30	50	43	5	25	7	26	40	18	43	3	16	49	45	1	5	46	5	24	12	33	6	18	30	25	6	28	41	44	3	33	36	43	35	32	1	28	
18	46	32	36	26	20	39	24	35	22	7	7	31	38	32	21	24	19	32	42	32	1	9	43	35	7	32	31	40	33	2	1	46	24	43	13	37	47	11	2	36	26	1	24	5	18	26	44	14	25	40	11	39	8	31	29	23	35	45	27	
36	24	12	7	33	4	3	34	18	31	23	27	43	31	47	7	38	34	39	15	5	12	23	28	49	40	41	32	19	5	5	18	30	17	43	48	41	26	27	21	25	32	17	32	29	27	9	21	24	23	7	43	4	20	32	26	31	12	39	21	
2	38	41	17	26	41	19	19	34	16	23	37	26	44	50	23	12	33	36	7	45	35	50	8	9	39	4	18	16	41	12	25	29	33	25	10	25	20	38	35	36	29	27	20	11	24	42	33	41	15	15	14	2	39	25	47	16	27	50	18	
10	31	2	30	20	28	43	6	21	30	32	21	13	2	36	1	38	50	7	2	21	24	22	31	50	16	8	20	34	3	31	17	20	13	3	43	22	22	20	8	37	9	6	44	11	7	10	16	8	25	50	9	24	29	29	37	27	33	13	32	
46	37	26	45	7	16	46	16	28	47	1	5	8	33	47	42	21	31	49	39	34	43	27	7	13	10	19	37	50	1	6	9	48	49	20	11	47	24	31	6	22	35	34	47	26	22	19	28	12	26	24	38	19	39	18	23	14	46	6	23	
8	36	40	48	17	23	19	7	12	48	27	45	4	32	35	42	2	16	30	6	31	8	23	6	17	33	50	44	16	38	26	46	41	31	36	28	36	11	47	6	35	34	26	18	1	34	10	50	36	32	15	3	20	43	20	23	6	47	40	10	
32	27	1	32	13	31	38	27	37	43	45	49	25	8	36	24	32	37	15	25	25	22	10	7	47	16	46	45	29	15	43	22	6	26	6	33	21	14	24	34	47	3	29	39	39	31	38	14	16	33	27	14	42	22	3	23	29	23	31	36	
5	37	13	1	44	29	5	34	34	21	10	29	35	36	47	33	24	9	14	17	45	1	7	1	25	48	34	20	7	9	44	15	47	48	26	46	29	27	26	36	5	42	13	15	15	24	4	15	10	35	33	33	41	45	9	29	37	32	34	37	
35	22	7	26	29	28	30	12	23	12	21	41	27	19	23	20	49	27	40	6	19	49	1	37	22	26	33	12	39	4	48	23	48	7	10	7	26	8	3	42	30	40	30	45	40	6	46	43	40	23	44	20	2	40	26	10	16	1	18	44	
49	14	30	16	5	6	32	30	31	3	19	7	2	17	44	1	12	10	11	29	23	4	34	28	22	10	21	43	13	38	42	20	17	38	50	25	10	29	1	30	24	23	46	16	18	31	36	35	40	15	15	25	25	48	20	10	3	31	50	14	
31	45	15	47	37	41	16	41	16	1	21	45	42	30	24	38	35	20	25	46	47	42	42	38	1	43	41	33	30	37	15	15	16	41	36	19	30	29	37	3	14	29	27	42	33	2	19	45	37	36	25	27	17	10	46	32	1	31	35	40	
50	32	20	2	8	9	42	6	28	13	44	13	30	1	42	7	9	47	9	20	24	31	40	25	35	33	50	10	5	50	44	47	21	15	6	13	29	21	20	17	9	20	37	47	13	24	10	35	11	22	46	34	34	40	9	45	22	31	14	34	
2	21	27	29	12	34	18	23	7	24	12	6	30	4	4	3	44	2	11	47	3	37	34	18	37	27	10	18	50	32	36	7	13	48	18	50	21	20	2	50	18	34	26	28	42	25	49	3	13	35	43	36	15	28	46	41	33	41	21	29	
34	2	48	39	14	16	33	49	11	23	42	33	15	17	48	50	39	2	49	10	22	45	12	17	19	1	9	14	46	31	9	8	15	38	1	29	48	46	45	6	13	38	9	20	47	35	42	11	11	38	36	30	18	32	19	17	2	28	5	40	
46	26	26	36	31	17	4	36	18	34	7	38	31	41	43	1	22	36	48	8	45	23	22	4	26	28	43	17	27	43	32	11	1	19	9	23	17	35	13	40	4	48	1	42	40	46	36	19	15	46	20	10	37	24	10	18	17	33	12	39	
32	50	43	40	3	42	20	36	16	33	26	46	17	3	37	33	13	44	35	31	21	9	18	30	27	7	7	50	35	11	40	46	6	47	28	35	40	20	35	15	14	5	7	50	24	47	1	38	30	11	6	43	2	38	8	36	37	8	3	32	
44	8	12	9	28	2	29	46	12	42	19	24	47	7	7	7	9	41	11	7	39	2	35	25	15	3	39	19	28	25	44	2	32	21	34	39	24	31	26	8	46	4	40	31	26	15	50	43	14	31	23	9	46	27	27	34	26	31	46	32	
45	22	28	43	44	44	12	37	31	31	50	34	1	45	19	19	24	49	40	9	12	46	49	10	33	41	23	38	46	45	20	46	40	47	23	8	42	21	9	12	29	48	4	26	42	19	16	36	44	31	8	48	18	26	47	16	32	12	6	40	
50	33	1	26	29	10	15	46	32	10	5	31	31	44	42	28	15	48	37	11	46	32	49	23	11	15	37	34	15	14	17	39	4	33	36	27	40	10	30	23	47	37	16	16	40	15	24	39	10	4	17	27	23	4	17	11	30	22	3	5	
34	29	31	4	23	48	7	12	10	19	10	34	15	25	29	16	38	19	44	1	30	6	4	24	8	14	46	6	23	17	32	16	37	27	49	14	14	45	50	49	5	33	21	30	27	47	19	33	4	35	47	45	38	20	18	36	17	49	11	31	
4	23	49	38	16	9	46	4	11	12	19	1	37	10	45	50	48	25	47	17	43	50	4	11	43	15	33	16	9	37	38	46	46	30	36	25	21	38	15	1	28	30	21	48	11	6	19	29	10	46	38	15	21	24	2	45	13	24	8	11	
18	48	41	20	36	7	3	11	2	14	22	21	10	49	19	17	44	11	48	5	18	30	45	8	18	30	12	32	46	45	22	41	11	10	36	47	16	38	3	33	2	18	17	37	40	33	44	26	50	31	28	23	27	29	21	28	7	4	31	3	
18	44	25	34	12	3	8	10	49	11	6	5	8	12	20	14	37	46	45	26	35	3	17	5	48	27	37	33	5	2	4	24	33	47	3	7	28	6	14	16	18	6	22	46	19	24	20	41	40	16	27	34	34	44	36	28	41	40	34	6	
45	42	14	3	7	20	28	36	24	29	30	15	37	25	25	15	27	48	10	13	23	7	48	36	27	12	49	12	24	16	10	17	32	26	16	7	34	21	7	2	26	34	16	42	33	17	46	15	6	12	38	49	32	29	16	27	38	20	16	48	
14	39	45	31	18	4	30	10	50	30	3	48	7	27	24	13	25	9	18	21	5	39	18	28	16	7	47	23	37	2	9	19	2	4	9	34	1	29	50	25	7	2	14	35	2	34	35	13	45	49	45	49	3	37	38	31	26	49	38	37	
23	8	5	32	42	39	21	38	8	13	21	7	48	15	42	18	36	11	25	20	37	18	17	2	4	29	1	21	48	30	43	33	3	18	39	18	19	39	6	11	24	37	11	17	48	7	25	11	35	48	14	1	22	40	42	31	45	4	1	10	
27	7	2	2	31	14	43	15	24	49	42	11	31	34	36	26	38	34	18	47	49	15	49	15	18	25	17	5	3	50	16	21	18	34	40	43	39	41	23	36	29	12	11	21	40	46	17	26	16	2	1	2	7	34	27	27	49	33	23	50	
3	21	11	19	7	33	34	42	39	43	19	32	19	49	13	14	20	3	48	16	38	13	36	46	50	8	32	12	23	38	30	40	13	1	37	7	7	23	4	29	34	47	40	32	39	38	33	39	23	29	7	22	41	5	24	50	48	35	18	16	
7	15	26	47	47	26	32	30	9	23	48	23	24	46	3	34	43	50	13	18	26	4	5	43	36	44	18	15	14	18	8	10	13	32	3	5	12	13	4	39	31	1	21	2	19	32	4	32	2	38	45	10	50	17	47	17	15	1	10	10	
23	40	12	20	16	46	21	5	31	9	31	45	4	40	17	17	44	13	17	6	25	44	10	36	13	42	17	7	15	4	6	34	29	16	28	35	15	28	47	28	31	48	43	30	37	24	12	41	31	9	46	46	38	17	5	7	44	32	9	50	
