Factories	2
Families	20
Machines	6
SetupType	2

Number of Jobs in each Family
1	9	2	6	5	3	10	7	7	10	2	4	4	8	10	2	10	9	6	3	

Jobs in each Family
0	
1	2	3	4	5	6	7	8	9	
10	11	
12	13	14	15	16	17	
18	19	20	21	22	
23	24	25	
26	27	28	29	30	31	32	33	34	35	
36	37	38	39	40	41	42	
43	44	45	46	47	48	49	
50	51	52	53	54	55	56	57	58	59	
60	61	
62	63	64	65	
66	67	68	69	
70	71	72	73	74	75	76	77	
78	79	80	81	82	83	84	85	86	87	
88	89	
90	91	92	93	94	95	96	97	98	99	
100	101	102	103	104	105	106	107	108	
109	110	111	112	113	114	
115	116	117	

Total number of jobs
118

Processing times of jobs
3	5	1	9	7	5	
8	9	7	4	8	7	
3	8	2	6	6	6	
4	2	10	7	8	2	
7	1	5	7	7	2	
5	10	7	3	1	6	
6	2	8	10	8	9	
2	4	9	9	6	10	
6	10	1	8	2	6	
1	4	5	10	4	6	
5	2	7	6	5	10	
3	7	8	10	9	4	
7	1	3	7	9	7	
1	5	3	10	3	2	
3	6	7	6	6	8	
2	1	2	8	5	3	
3	5	5	10	8	10	
2	6	1	7	7	6	
4	2	2	2	4	2	
5	8	6	2	6	4	
5	4	5	8	10	5	
3	5	7	5	2	5	
4	7	10	1	6	1	
7	7	3	9	1	9	
5	1	10	7	1	8	
8	5	9	1	7	5	
7	8	3	6	8	3	
9	3	2	8	3	9	
2	4	6	6	10	3	
7	7	10	4	8	7	
9	10	1	7	7	8	
5	2	8	4	8	1	
9	7	3	4	2	2	
2	8	9	9	1	4	
3	7	9	5	4	10	
3	9	6	3	6	1	
5	4	8	1	8	4	
9	8	10	6	6	7	
5	8	7	3	8	9	
1	5	5	8	1	9	
3	4	10	3	2	3	
10	3	1	1	5	5	
7	1	10	6	9	8	
4	5	6	5	1	2	
8	9	6	4	8	1	
7	2	1	10	6	6	
2	1	10	2	7	10	
4	6	7	9	8	4	
7	3	10	6	9	3	
7	5	3	4	4	2	
2	5	10	2	7	3	
4	2	8	10	6	6	
8	9	9	4	1	7	
2	6	8	3	7	5	
8	3	3	4	3	9	
2	3	2	3	7	3	
6	5	2	10	4	1	
4	3	3	8	10	1	
3	6	8	6	4	6	
6	8	3	7	8	1	
2	1	9	5	10	2	
7	1	7	9	2	4	
5	5	5	8	5	4	
1	3	1	3	9	7	
4	1	1	4	1	6	
7	8	7	8	9	4	
9	4	2	9	1	5	
10	1	5	2	6	3	
10	8	2	2	4	7	
6	6	9	7	10	7	
7	8	10	7	6	5	
10	8	1	2	7	7	
3	6	8	7	8	1	
2	1	9	6	1	8	
2	5	7	3	8	3	
7	10	5	1	2	9	
5	6	9	8	2	7	
9	2	6	7	2	8	
9	6	3	4	4	3	
10	2	1	4	1	7	
3	3	10	4	1	1	
9	6	5	7	10	6	
3	8	10	7	9	2	
10	8	4	7	9	5	
3	7	7	8	10	8	
1	8	8	4	3	4	
9	7	8	10	3	5	
5	5	10	10	3	2	
1	2	8	5	8	9	
2	4	1	1	9	4	
1	10	7	2	5	7	
8	1	4	1	4	9	
5	7	4	3	9	6	
4	3	10	7	6	4	
7	7	2	7	4	1	
9	8	3	7	3	1	
6	1	3	7	6	7	
9	1	5	3	4	3	
1	5	2	2	6	2	
4	8	7	2	7	2	
8	6	10	10	4	8	
6	3	7	3	6	3	
7	4	2	8	6	10	
2	5	6	7	10	9	
9	3	4	7	5	3	
7	1	3	3	8	2	
6	6	1	4	10	8	
2	3	6	8	2	8	
4	8	10	2	6	7	
10	10	4	1	6	2	
9	6	8	9	10	7	
3	6	10	10	1	4	
5	5	8	5	9	4	
3	1	5	8	1	8	
8	5	2	7	8	9	
7	9	2	3	4	7	
4	5	10	8	6	1	
10	4	6	8	7	5	

Stepup times between Families, where [f][f] represents initial setup time
On machine	1
13	21	29	24	11	42	22	2	7	22	27	33	5	10	2	44	38	7	2	13	
45	49	22	32	6	49	14	46	8	28	35	35	18	1	24	1	31	21	21	14	
33	28	35	38	9	37	41	43	49	34	9	44	29	2	29	11	31	7	3	33	
50	50	42	1	40	9	22	3	16	34	23	17	8	35	34	16	40	3	7	18	
44	5	26	6	8	26	20	39	24	35	49	24	19	7	9	19	48	15	3	7	
26	3	10	41	34	43	12	37	39	26	15	25	15	15	7	23	25	42	40	40	
15	40	46	41	25	16	33	1	30	16	21	5	7	45	11	50	33	47	12	7	
18	15	45	1	28	43	42	5	47	44	45	32	50	4	26	6	27	30	27	43	
43	48	8	21	45	34	45	2	45	31	27	14	39	4	20	14	32	50	24	26	
45	17	38	17	49	12	3	20	27	28	25	22	31	4	44	30	25	33	28	11	
32	35	23	42	21	35	28	15	17	46	2	10	36	22	16	31	16	9	17	20	
9	30	47	28	40	19	19	21	39	32	5	49	27	9	32	11	32	37	32	7	
21	20	21	28	33	25	37	40	6	33	4	24	28	29	3	7	21	16	15	32	
11	26	47	26	29	6	46	6	29	19	39	20	37	16	21	2	45	15	38	27	
50	7	28	47	42	43	15	45	12	28	30	34	22	32	40	33	41	25	31	23	
21	40	21	22	13	6	4	17	21	42	32	6	44	13	15	23	45	29	1	2	
16	26	21	13	5	29	44	24	7	49	37	48	7	7	25	8	30	11	18	12	
44	27	29	25	22	46	18	18	35	39	41	46	45	9	23	5	14	50	16	5	
1	11	42	41	1	28	10	7	10	20	17	19	36	18	49	30	38	50	18	8	
13	9	5	19	45	29	17	10	35	36	25	12	2	25	30	2	37	6	32	17	
On machine	2
23	20	25	24	37	14	27	15	47	48	41	27	50	19	31	4	31	31	43	28	
29	36	34	1	47	1	33	41	23	16	22	31	30	44	36	42	8	12	20	8	
8	37	26	33	2	42	14	5	5	34	39	41	24	22	50	36	20	4	15	36	
18	23	8	41	25	46	44	2	45	13	37	35	21	2	22	38	47	20	15	38	
39	13	20	14	2	25	9	5	11	10	10	48	31	50	29	41	7	40	1	22	
16	40	41	38	16	20	23	19	13	7	17	21	43	17	43	27	31	30	25	22	
12	30	36	34	27	46	50	5	12	45	8	13	6	11	10	25	29	25	18	50	
35	10	18	2	42	37	32	9	32	48	41	4	21	21	6	4	10	14	19	5	
42	41	40	19	39	13	36	3	33	26	23	4	15	31	44	13	5	38	2	21	
46	48	8	13	33	42	7	47	15	15	23	15	8	25	18	20	6	44	36	42	
20	5	35	40	9	9	50	16	12	24	28	39	36	39	10	49	19	48	8	3	
20	4	32	39	36	8	26	24	23	27	21	32	34	18	25	10	44	41	17	43	
21	6	34	7	29	38	24	20	33	33	19	26	31	5	41	29	26	21	24	39	
2	4	49	7	24	28	13	38	13	1	6	3	38	4	3	15	30	17	3	8	
35	44	16	21	47	37	7	8	7	23	35	41	30	45	39	39	7	8	28	9	
34	50	35	22	6	47	14	39	40	25	47	35	1	23	2	4	20	5	17	8	
39	26	10	2	29	42	4	26	41	15	9	8	39	6	8	13	40	49	37	34	
32	14	17	15	30	21	4	30	34	8	33	31	40	17	28	13	7	30	36	22	
14	6	44	5	3	48	19	15	6	21	27	38	49	16	18	3	40	24	49	49	
30	21	31	41	23	24	9	26	7	31	37	8	37	19	29	49	50	10	38	2	
On machine	3
40	26	27	38	23	14	34	24	33	29	37	44	20	19	49	22	34	34	43	28	
47	43	24	14	8	6	41	4	22	49	17	32	34	38	11	38	36	3	28	50	
34	25	20	45	12	25	33	2	6	23	8	24	27	7	37	4	27	43	31	20	
37	48	2	8	45	20	33	39	5	33	38	2	36	36	38	18	25	49	43	15	
9	42	42	12	32	33	14	25	32	41	32	43	26	44	33	35	21	40	6	25	
21	12	35	18	5	32	27	43	27	42	18	36	29	12	35	12	39	8	39	40	
44	6	5	19	44	4	28	33	26	29	21	49	11	5	30	2	37	6	21	14	
7	13	23	43	29	19	1	4	6	27	3	40	24	18	2	44	49	13	34	3	
47	21	15	21	17	18	31	20	37	22	14	25	25	11	17	29	37	30	46	22	
49	39	30	4	21	47	5	10	17	50	42	49	4	25	2	26	23	48	39	41	
29	5	10	6	23	43	42	38	32	11	10	29	34	5	19	22	28	2	45	46	
28	49	23	33	40	24	27	26	47	13	38	15	3	50	25	12	36	38	29	9	
2	47	38	3	45	5	31	18	4	33	9	24	15	3	5	41	35	8	41	2	
25	43	1	39	41	48	38	3	12	19	6	34	1	34	11	8	8	14	7	1	
34	35	29	19	14	45	48	3	17	24	12	28	1	5	49	12	22	42	6	3	
25	31	15	18	20	21	48	4	47	42	45	7	27	38	36	38	15	16	41	15	
23	28	49	18	1	10	46	46	15	35	10	32	30	41	6	15	19	17	31	33	
26	15	11	41	46	47	35	36	25	47	31	7	23	31	42	46	40	20	21	4	
44	4	48	14	39	11	42	12	32	5	22	5	27	6	11	24	5	45	44	50	
25	41	13	26	24	37	40	4	17	45	43	15	49	32	26	1	50	40	47	11	
On machine	4
40	24	28	44	50	4	45	41	24	49	12	2	31	13	39	10	38	21	6	48	
20	16	46	4	26	45	31	13	28	3	23	49	15	6	48	24	20	34	45	43	
38	8	26	6	9	46	11	6	11	36	44	20	5	37	7	30	4	22	24	2	
26	47	33	8	13	4	45	15	42	29	37	32	40	37	40	2	50	21	7	23	
26	5	6	23	17	35	15	35	34	38	47	3	4	13	38	22	27	12	41	24	
32	13	5	5	25	47	35	5	26	20	31	16	21	43	21	11	18	31	20	10	
22	20	5	30	18	10	38	5	5	33	39	19	16	18	15	44	37	6	2	45	
17	16	1	6	49	7	32	38	6	18	1	27	8	41	27	15	49	45	34	5	
28	45	2	22	49	15	8	28	28	35	45	24	3	44	15	37	8	42	6	22	
36	47	31	24	2	26	5	40	13	12	17	1	18	29	20	47	17	34	41	23	
4	32	12	18	35	25	25	26	40	22	6	13	12	10	12	5	16	10	12	19	
12	10	43	38	45	44	13	48	10	10	43	40	1	5	14	43	34	24	37	42	
46	20	40	29	28	36	24	40	35	21	45	44	2	31	42	12	2	38	14	39	
40	22	26	4	15	29	36	25	6	43	14	23	10	41	46	2	27	15	8	47	
44	22	14	47	6	11	27	32	19	16	44	20	18	4	12	43	40	11	31	27	
11	11	45	2	40	10	39	28	9	44	31	10	33	21	42	35	40	19	19	6	
9	6	45	2	47	30	34	32	11	25	39	5	31	28	17	29	24	8	44	40	
41	11	44	11	12	50	12	34	48	22	37	8	44	13	29	1	29	17	37	11	
45	23	2	36	47	5	46	2	27	12	31	46	29	41	19	35	42	26	16	1	
48	38	22	14	8	31	22	42	2	37	9	4	32	48	4	29	28	26	4	21	
On machine	5
28	33	1	11	47	39	28	26	7	16	31	46	32	15	16	44	44	43	48	7	
44	3	3	34	14	14	3	4	1	12	32	16	29	28	15	46	22	10	37	33	
7	36	3	22	21	4	21	20	14	42	22	35	50	4	30	19	2	42	9	3	
35	46	43	48	2	25	26	23	20	7	20	35	15	30	49	19	8	33	32	13	
14	27	5	21	3	50	30	33	12	49	6	42	49	15	15	45	3	27	50	36	
38	2	33	24	5	15	6	24	10	49	6	7	45	21	35	3	21	45	8	8	
12	4	6	13	4	50	19	18	43	10	19	8	34	26	26	30	38	33	28	21	
25	29	12	5	13	22	48	40	8	13	9	14	39	36	33	15	19	19	38	44	
19	42	2	12	44	50	25	10	48	47	10	29	41	36	48	8	4	49	40	36	
26	22	39	2	3	44	24	15	33	31	17	13	15	48	36	20	47	35	20	5	
49	48	28	16	45	45	22	30	49	30	14	45	33	29	5	18	12	41	26	15	
38	6	44	17	49	9	50	37	39	36	12	7	46	47	17	15	35	31	22	23	
8	20	8	8	12	31	36	13	47	25	14	32	12	18	3	10	31	49	50	29	
2	44	28	21	13	15	44	24	19	35	26	48	14	27	50	5	12	2	8	49	
44	37	8	44	50	14	25	34	32	13	22	2	39	12	43	19	12	29	31	9	
48	16	48	50	5	34	17	42	39	3	43	41	36	24	23	33	40	3	49	40	
4	37	47	4	24	11	7	21	20	26	3	46	8	42	5	29	3	48	42	17	
35	20	38	31	1	43	1	45	16	44	26	31	25	2	16	37	13	10	34	31	
23	45	5	33	38	4	48	8	49	37	25	46	23	15	38	49	11	21	32	8	
37	30	36	11	32	24	34	31	19	29	31	15	23	22	49	15	12	4	22	17	
On machine	6
7	36	6	46	37	6	14	20	15	27	30	1	29	1	38	47	13	30	30	3	
8	15	35	9	9	28	6	33	26	12	47	12	24	25	24	45	25	16	17	36	
45	8	24	46	22	27	35	23	43	3	46	31	31	5	9	30	6	43	11	31	
29	44	7	19	20	43	43	6	24	11	41	4	21	45	2	4	31	18	23	3	
2	33	22	10	10	44	27	8	12	7	22	50	37	20	15	44	31	14	23	9	
6	32	26	14	46	15	46	50	27	21	12	35	4	48	39	21	17	49	14	42	
23	31	13	46	6	35	10	27	16	41	4	13	32	43	5	23	13	34	5	38	
34	30	23	2	32	25	42	20	49	45	13	29	45	18	3	43	41	43	43	38	
3	33	49	14	30	45	9	33	2	39	48	8	26	7	3	46	42	22	35	21	
20	33	4	29	46	10	3	11	39	35	9	49	40	5	21	18	50	19	26	16	
45	45	29	14	49	42	14	46	23	26	35	12	11	36	6	22	35	42	38	20	
14	46	18	45	26	46	42	49	9	50	45	6	8	23	11	10	35	12	43	46	
5	48	5	35	46	4	3	32	7	36	25	8	30	32	36	10	33	38	46	50	
31	13	9	39	13	50	17	47	19	37	7	25	48	37	31	29	13	20	39	39	
12	28	44	42	9	43	12	12	49	34	45	7	22	9	12	32	1	28	33	26	
38	44	17	3	39	2	1	47	39	32	19	14	30	35	37	40	9	16	21	17	
21	46	12	9	45	11	23	15	49	34	39	15	36	19	27	24	12	26	44	13	
36	10	29	17	18	24	41	1	19	32	49	7	25	9	33	9	15	19	22	5	
39	50	46	29	7	17	41	26	43	30	32	30	6	29	45	34	16	46	3	24	
20	45	29	12	46	1	20	43	33	2	22	16	37	17	21	48	30	23	2	31	
