Factories	2
Families	20
Machines	6
SetupType	3

Number of Jobs in each Family
3	5	2	8	4	4	1	6	3	2	8	1	2	6	7	3	3	2	1	5	

Jobs in each Family
0	1	2	
3	4	5	6	7	
8	9	
10	11	12	13	14	15	16	17	
18	19	20	21	
22	23	24	25	
26	
27	28	29	30	31	32	
33	34	35	
36	37	
38	39	40	41	42	43	44	45	
46	
47	48	
49	50	51	52	53	54	
55	56	57	58	59	60	61	
62	63	64	
65	66	67	
68	69	
70	
71	72	73	74	75	

Total number of jobs
76

Processing times of jobs
7	7	1	4	8	3	
4	9	10	5	9	5	
5	9	3	1	1	2	
2	7	2	3	3	10	
4	4	5	8	3	6	
8	7	9	10	10	10	
6	5	6	8	6	10	
8	5	6	8	9	1	
10	4	1	8	8	1	
9	9	4	3	9	4	
2	7	5	8	7	10	
9	4	5	2	5	1	
10	5	1	6	3	7	
2	8	2	1	1	6	
4	6	3	6	5	10	
6	8	10	9	10	8	
4	8	9	10	7	5	
5	4	5	10	10	2	
4	3	5	7	9	5	
9	1	3	8	6	5	
1	4	6	2	5	1	
2	2	7	5	7	4	
10	9	9	7	7	5	
2	7	5	4	1	4	
1	9	7	4	6	8	
9	8	2	9	7	6	
5	7	10	7	2	7	
3	8	9	3	2	10	
10	9	4	3	1	2	
6	8	1	4	9	3	
7	4	9	9	7	4	
10	5	1	10	5	1	
9	1	5	3	6	2	
7	1	1	5	9	6	
4	10	4	5	8	5	
8	5	8	5	6	4	
6	1	4	4	4	1	
9	1	10	3	10	6	
3	1	3	10	6	3	
9	9	6	8	6	2	
10	9	9	2	1	7	
8	5	5	10	8	7	
2	5	3	9	8	8	
8	1	3	3	10	5	
1	9	8	10	8	3	
1	5	5	9	3	5	
4	6	4	7	10	4	
8	7	5	9	3	9	
5	2	3	7	10	3	
2	3	1	4	4	10	
5	1	4	10	7	10	
6	8	1	10	9	4	
4	8	7	8	9	7	
8	3	5	6	1	8	
4	1	2	6	5	10	
10	8	1	4	10	6	
10	3	8	1	10	9	
9	6	2	10	5	6	
9	4	7	10	9	3	
9	2	2	10	3	10	
10	10	9	4	10	3	
1	9	4	4	3	6	
1	8	5	9	2	10	
3	1	1	2	2	2	
4	4	4	3	7	1	
3	3	3	1	2	6	
6	9	7	10	9	8	
1	9	2	10	4	9	
10	3	8	9	3	4	
2	10	4	10	6	1	
5	1	1	5	1	2	
4	7	2	8	5	1	
5	9	6	8	10	6	
2	2	10	1	2	6	
10	2	5	5	9	1	
2	7	8	9	10	4	

Stepup times between Families, where [f][f] represents initial setup time
On machine	1
75	72	67	32	24	30	12	17	48	25	3	13	98	74	34	78	51	95	70	19	
22	53	34	77	68	44	27	61	32	24	22	16	10	18	51	43	78	44	40	72	
52	93	21	41	61	29	39	48	100	19	50	74	14	88	32	32	87	35	31	6	
22	69	29	10	27	27	18	17	67	54	82	52	64	42	9	90	9	34	39	11	
100	3	43	68	17	18	87	10	26	75	77	49	78	76	68	86	6	83	46	86	
19	35	5	76	75	28	23	12	6	80	79	25	4	65	12	38	60	16	80	25	
65	8	61	24	18	52	47	8	83	9	18	82	97	52	5	83	27	14	32	27	
87	20	65	61	59	97	65	10	77	42	54	8	39	17	60	69	95	58	36	56	
42	70	3	33	3	60	7	63	50	4	18	51	26	26	100	7	28	4	59	18	
100	47	13	2	41	59	25	46	33	49	1	26	58	69	7	71	7	40	26	15	
25	75	72	36	65	97	45	63	58	93	25	21	71	40	89	37	43	66	20	93	
27	34	69	26	56	87	89	56	50	95	10	95	56	47	63	62	81	89	94	17	
22	82	39	46	64	52	11	88	9	77	54	4	38	80	28	52	84	43	10	48	
8	22	67	34	31	43	73	77	57	15	30	2	40	24	22	23	93	40	67	47	
55	4	81	45	71	48	63	76	74	66	16	76	60	37	34	18	58	32	61	62	
47	47	33	100	24	85	77	75	36	19	71	90	80	100	100	79	24	17	17	58	
78	87	30	62	92	83	42	10	64	53	31	95	1	76	16	44	1	37	44	62	
46	26	73	73	42	61	20	34	38	65	63	71	35	83	52	31	22	61	16	95	
66	87	100	89	13	91	46	83	89	91	83	72	78	24	76	100	79	18	63	70	
56	49	3	69	71	2	27	40	71	26	43	99	32	90	27	53	77	63	87	11	
On machine	2
54	100	27	61	22	30	48	95	88	16	28	15	92	95	31	57	64	67	78	43	
35	95	71	3	82	89	52	61	90	61	36	41	85	24	87	85	4	88	54	27	
48	2	60	93	60	79	7	56	79	43	73	62	6	3	44	3	56	21	24	59	
19	9	12	70	90	62	56	32	57	65	49	82	29	33	81	96	45	4	13	1	
67	97	25	84	51	15	35	40	81	29	38	50	34	86	63	37	64	22	33	18	
81	86	54	93	81	41	26	80	3	95	99	75	34	78	25	92	72	51	43	76	
6	30	34	41	77	65	70	37	89	22	66	31	12	98	47	81	13	29	4	34	
25	36	5	48	2	2	41	40	7	18	60	17	63	83	29	6	89	5	36	12	
31	79	47	88	21	74	6	76	85	73	9	12	73	34	33	67	85	96	89	11	
65	52	11	21	40	53	53	80	50	95	61	85	79	59	45	3	22	41	99	28	
45	62	40	35	45	21	49	96	77	92	26	53	22	78	47	62	41	79	81	67	
44	78	10	28	5	34	7	93	57	56	24	31	89	56	45	88	10	50	12	50	
62	31	55	14	25	44	12	94	61	74	62	35	22	19	70	29	5	12	93	39	
79	95	75	3	72	18	81	89	36	37	43	27	14	29	61	42	28	57	15	55	
78	58	30	52	42	45	61	60	90	12	8	87	4	25	71	3	67	25	51	24	
99	17	57	2	51	73	99	81	17	14	54	64	58	94	24	50	94	37	27	5	
94	58	99	15	87	7	65	75	98	25	67	72	75	83	98	72	55	92	77	11	
81	67	64	25	54	15	65	97	75	67	13	68	71	51	94	2	90	20	64	79	
45	5	26	84	11	18	70	43	84	89	75	76	48	95	98	86	37	64	83	22	
49	98	50	65	26	99	30	24	39	73	8	91	40	29	27	6	24	35	42	76	
On machine	3
22	41	22	85	13	66	78	83	33	58	56	55	83	51	7	96	19	13	26	56	
99	29	97	3	66	66	54	17	34	62	41	11	7	100	57	12	78	73	19	96	
52	52	72	25	19	69	38	78	93	50	6	40	6	77	60	87	97	96	99	97	
65	58	55	73	26	57	96	98	45	100	62	25	28	79	93	61	27	21	33	73	
18	69	46	51	96	60	20	99	23	66	3	90	73	67	37	32	54	76	68	52	
87	18	77	82	43	10	33	89	20	66	40	94	76	43	63	25	76	83	94	43	
89	37	13	4	57	62	98	9	20	98	80	8	12	28	99	63	69	90	48	3	
46	21	1	6	40	12	84	2	60	70	29	7	58	8	90	83	14	39	46	9	
40	71	48	8	100	49	17	12	64	39	100	25	20	26	22	83	34	95	86	18	
58	72	97	28	16	52	41	99	81	81	50	83	14	46	5	87	98	94	57	26	
70	16	71	81	32	76	3	55	37	48	51	78	23	98	70	88	65	49	82	28	
95	65	5	98	97	20	90	12	28	35	98	11	53	90	85	94	36	95	34	97	
47	36	78	80	6	43	77	56	62	86	9	74	99	91	39	40	31	29	87	53	
8	95	20	61	95	100	72	51	61	60	9	33	46	67	40	61	33	100	9	81	
51	59	63	42	4	82	69	40	42	12	97	9	31	27	28	46	33	31	14	6	
35	75	75	2	75	52	91	54	94	44	54	62	96	37	95	34	57	54	78	13	
11	89	59	80	24	38	57	60	22	3	2	14	90	68	13	30	54	12	62	21	
54	48	93	78	45	96	33	88	43	12	6	89	6	81	93	98	85	60	35	73	
40	79	5	91	97	17	62	20	63	6	29	63	45	40	69	95	33	19	54	38	
50	52	93	83	46	56	99	23	16	51	87	39	17	31	34	57	62	37	22	92	
On machine	4
29	39	45	9	35	35	86	88	85	63	9	50	34	93	4	87	5	17	86	55	
87	89	95	61	66	36	17	60	27	54	25	50	5	83	77	86	64	77	76	20	
77	28	30	90	90	12	66	13	9	9	41	54	36	46	10	91	91	14	22	49	
1	28	28	78	60	89	33	89	7	100	68	1	69	85	26	92	16	44	100	22	
3	19	65	12	44	15	69	97	48	88	98	6	4	37	50	44	48	14	69	12	
42	89	81	22	77	78	16	51	42	82	57	52	23	76	100	26	86	16	78	63	
77	59	4	76	83	50	72	65	13	53	54	82	83	63	36	59	36	64	100	63	
41	6	81	64	52	12	36	50	84	24	100	53	41	34	44	39	96	29	68	39	
85	47	96	87	50	24	76	100	36	67	86	92	17	91	44	30	96	2	9	77	
52	71	28	83	53	94	35	8	65	94	77	79	10	39	85	19	29	100	73	85	
15	90	31	62	13	97	83	39	49	95	25	64	83	83	80	81	49	27	36	57	
19	85	96	18	94	50	55	34	79	44	95	71	2	42	66	69	11	49	25	61	
20	14	46	65	69	73	6	95	17	60	19	64	22	37	19	98	55	71	53	20	
59	100	7	24	44	70	4	5	89	23	94	18	9	55	4	34	38	80	86	54	
97	66	1	36	74	70	33	17	69	3	36	97	2	67	64	65	11	99	32	58	
68	22	75	44	100	92	13	26	21	66	87	32	48	52	45	12	46	1	54	49	
66	22	70	17	72	70	86	31	53	25	18	88	36	39	83	25	33	99	63	24	
55	15	45	90	19	70	55	2	11	34	26	88	24	75	37	100	41	56	54	36	
47	19	42	15	53	22	26	92	95	64	90	14	13	8	84	69	10	46	16	9	
45	96	58	41	13	51	29	63	80	66	75	14	17	25	25	96	10	14	5	97	
On machine	5
67	44	8	79	33	77	65	27	41	42	59	69	96	76	14	32	19	13	48	20	
35	27	53	47	79	64	38	81	9	11	86	3	77	7	75	3	27	13	35	70	
84	66	88	54	12	49	88	1	83	98	76	88	84	60	21	33	29	96	25	91	
16	2	96	24	45	60	30	98	77	65	74	53	66	31	91	64	13	48	6	68	
32	17	37	16	8	77	70	83	22	52	79	11	68	35	88	91	38	51	18	12	
33	40	22	47	33	57	65	67	86	32	19	5	12	87	37	15	95	77	20	60	
63	73	35	91	72	77	44	80	82	2	1	25	17	67	16	38	83	39	17	63	
60	50	72	64	57	36	90	96	100	20	24	42	12	43	41	81	74	57	7	87	
19	6	50	81	51	65	84	61	69	77	36	52	95	74	7	81	20	27	24	41	
81	55	89	88	81	49	22	28	52	58	18	21	78	38	46	24	95	15	16	68	
62	17	16	62	23	99	95	72	73	100	9	89	32	90	55	42	2	19	49	80	
24	89	7	72	43	4	19	99	15	85	34	59	24	5	3	93	11	14	29	5	
76	73	63	83	86	53	54	60	90	58	70	16	8	50	4	17	82	88	72	44	
74	66	85	82	61	33	17	74	33	94	39	60	9	63	13	65	79	66	51	14	
55	10	45	82	28	96	33	44	50	51	89	100	43	43	10	69	11	98	57	63	
27	44	76	38	67	1	32	10	78	8	1	64	19	58	79	21	78	7	8	26	
56	25	67	44	95	87	47	100	52	71	67	90	74	19	88	49	39	21	39	22	
61	81	21	10	59	95	55	77	84	89	11	17	65	13	77	78	6	31	62	3	
92	33	67	45	86	72	20	23	97	67	26	5	38	46	89	9	6	20	34	58	
16	67	50	87	86	32	39	40	19	62	83	59	21	68	94	90	47	43	75	70	
On machine	6
97	56	37	99	54	50	84	63	46	74	55	73	72	96	23	54	26	1	14	1	
20	93	61	58	49	3	22	12	76	59	53	52	51	80	89	5	61	69	3	21	
81	69	34	60	93	17	64	88	72	81	45	28	91	28	16	46	74	39	46	66	
66	12	15	44	22	70	13	57	79	37	80	20	68	92	35	24	18	65	65	72	
95	7	48	23	22	26	56	45	46	51	95	78	10	80	84	37	31	30	50	56	
32	71	38	74	51	39	63	73	29	62	8	37	24	24	23	21	70	71	22	97	
34	20	51	99	33	96	8	5	47	42	50	3	43	22	65	49	94	79	5	8	
4	24	11	65	75	80	11	86	30	4	49	92	93	70	37	17	74	91	35	71	
59	91	15	96	45	24	42	59	45	56	89	31	96	56	49	55	80	66	99	82	
33	25	97	68	37	96	90	16	100	79	70	39	46	40	53	65	2	5	43	66	
39	17	24	12	57	54	59	51	59	47	52	41	46	57	90	80	92	2	89	80	
14	68	16	97	71	23	50	72	50	50	11	17	1	23	29	49	47	37	8	49	
19	26	13	91	74	45	81	95	7	33	26	93	29	91	2	81	17	80	40	83	
29	35	7	72	39	70	100	44	58	50	88	25	53	52	2	28	57	61	50	35	
18	73	37	3	21	4	51	43	53	96	31	88	78	23	93	75	49	97	82	60	
53	92	55	7	41	8	19	12	71	32	3	99	49	17	71	26	6	86	51	15	
35	27	13	17	78	7	92	82	79	16	94	60	1	24	26	36	15	23	9	36	
64	42	46	71	72	62	87	75	68	73	14	50	75	4	84	61	77	66	53	37	
96	48	100	10	2	94	12	70	27	64	59	58	83	36	6	51	50	15	21	60	
30	95	17	78	64	64	91	44	91	5	23	96	58	21	44	69	32	41	17	14	
