Factories	2
Families	20
Machines	6
SetupType	3

Number of Jobs in each Family
3	7	2	9	4	2	8	1	8	10	6	9	2	4	4	7	1	6	1	8	

Jobs in each Family
0	1	2	
3	4	5	6	7	8	9	
10	11	
12	13	14	15	16	17	18	19	20	
21	22	23	24	
25	26	
27	28	29	30	31	32	33	34	
35	
36	37	38	39	40	41	42	43	
44	45	46	47	48	49	50	51	52	53	
54	55	56	57	58	59	
60	61	62	63	64	65	66	67	68	
69	70	
71	72	73	74	
75	76	77	78	
79	80	81	82	83	84	85	
86	
87	88	89	90	91	92	
93	
94	95	96	97	98	99	100	101	

Total number of jobs
102

Processing times of jobs
8	1	1	5	5	7	
4	7	6	7	9	10	
4	10	1	1	3	6	
3	4	5	4	8	9	
2	6	1	8	10	1	
1	2	10	2	10	9	
2	2	7	1	6	3	
5	7	3	2	7	3	
6	7	4	5	4	10	
10	5	2	3	6	5	
3	5	7	9	10	9	
2	2	6	5	8	10	
1	1	2	4	8	3	
6	10	3	10	8	9	
4	2	10	9	7	3	
6	9	4	8	1	4	
1	10	5	3	4	3	
8	9	10	3	3	6	
7	3	2	8	7	1	
1	3	3	7	1	7	
8	6	3	5	1	8	
10	8	4	10	2	10	
1	4	1	10	1	10	
4	1	10	10	6	8	
3	5	5	2	2	7	
6	10	2	3	4	3	
3	10	9	8	9	6	
10	10	9	1	5	1	
3	2	3	2	5	6	
1	10	8	2	3	3	
8	6	3	6	1	10	
1	8	5	3	3	9	
10	2	1	10	1	1	
3	10	5	5	5	7	
3	2	2	8	2	3	
5	5	5	10	4	10	
7	8	4	8	2	9	
8	7	6	5	5	5	
6	3	8	1	1	2	
3	1	7	2	5	7	
1	2	9	3	8	1	
8	9	4	6	4	6	
2	1	10	5	4	1	
5	7	10	4	2	9	
1	3	1	1	10	8	
1	2	9	1	4	9	
6	4	9	6	2	10	
1	6	8	9	5	6	
1	4	1	6	8	8	
5	2	10	6	1	7	
6	2	8	5	6	4	
8	2	7	2	1	6	
1	2	1	9	10	9	
7	5	8	8	3	8	
1	8	8	9	5	1	
10	6	2	10	10	6	
2	1	2	10	9	1	
5	4	5	1	2	2	
10	9	2	1	5	3	
4	7	1	6	5	4	
9	7	2	10	10	10	
4	8	4	9	6	5	
5	8	7	7	8	8	
7	8	4	7	8	5	
4	8	10	4	4	2	
2	1	10	4	1	7	
4	4	4	1	1	7	
6	2	9	7	1	1	
4	1	7	6	7	10	
6	8	8	3	7	1	
7	7	10	6	9	10	
3	2	4	8	6	4	
8	9	5	2	5	2	
6	3	4	5	10	8	
3	2	5	5	2	1	
4	1	5	8	3	1	
9	6	1	3	1	5	
8	4	3	6	7	5	
7	1	1	3	1	6	
2	5	2	4	1	7	
8	5	8	4	7	10	
1	5	8	8	4	2	
5	9	5	10	9	2	
5	1	6	2	4	1	
6	2	3	1	3	3	
4	10	9	1	9	10	
4	8	3	5	3	8	
6	7	6	8	4	5	
7	7	7	9	10	9	
3	10	5	5	2	9	
1	9	5	1	8	7	
7	4	4	2	5	8	
8	2	5	9	5	4	
5	1	5	5	1	7	
4	1	6	1	6	7	
4	7	10	8	10	1	
3	9	8	9	7	4	
6	2	8	8	7	2	
9	5	4	3	1	8	
10	4	1	2	3	6	
4	2	6	6	5	2	
7	7	7	1	3	9	

Stepup times between Families, where [f][f] represents initial setup time
On machine	1
92	45	90	18	69	38	67	73	66	25	99	43	82	14	76	33	66	57	81	21	
28	92	51	13	65	95	43	2	41	92	42	20	74	67	89	93	64	80	97	50	
59	76	9	76	65	90	21	31	85	75	23	71	69	7	24	96	64	98	90	55	
91	85	75	21	45	58	68	8	24	27	31	84	66	37	62	32	36	84	89	61	
66	12	37	54	51	96	10	80	23	66	22	91	30	26	91	6	30	40	47	96	
47	83	18	60	22	31	76	42	68	77	23	18	45	18	3	17	76	45	4	93	
9	33	4	10	17	62	34	34	12	87	66	29	72	16	5	53	20	68	92	75	
72	86	72	23	84	56	84	57	60	8	75	28	78	78	88	87	88	9	51	54	
35	85	52	86	20	98	14	100	18	99	69	43	8	25	16	19	13	37	38	5	
57	35	95	61	86	65	41	35	59	79	96	5	76	76	51	87	54	93	31	56	
67	96	57	29	49	40	7	76	51	59	99	70	5	44	4	63	82	38	57	9	
91	52	51	84	33	43	93	29	14	37	85	38	48	11	54	93	74	9	37	83	
47	65	96	99	52	81	77	63	9	57	42	6	19	40	45	10	73	22	67	12	
88	26	68	86	68	48	45	100	11	46	61	26	12	83	41	81	88	100	64	8	
8	66	93	29	60	20	34	64	17	65	8	79	41	60	48	27	95	56	6	26	
65	58	8	9	18	53	98	80	19	44	47	43	73	57	62	87	8	34	17	78	
87	4	10	11	80	36	25	82	61	33	93	82	87	21	78	64	65	67	18	31	
92	93	79	100	38	71	49	32	37	59	60	47	62	23	19	35	29	48	70	30	
91	64	54	57	69	11	71	77	82	65	6	10	36	27	16	66	91	30	9	55	
95	100	65	52	87	50	64	12	53	25	24	4	72	14	20	14	20	99	59	95	
On machine	2
92	3	22	39	86	90	17	57	15	39	19	88	44	31	5	68	96	69	97	82	
27	60	100	31	84	25	8	86	22	59	81	52	80	53	10	39	26	90	80	11	
90	55	75	72	58	26	56	60	92	72	90	24	75	79	75	28	8	62	94	52	
37	31	51	76	57	67	66	13	85	3	35	53	88	12	89	19	89	19	98	47	
96	7	99	23	30	40	4	67	11	38	66	29	9	17	79	17	31	82	42	63	
65	37	19	6	14	64	33	16	31	48	78	10	34	67	35	6	71	2	37	11	
93	44	4	41	53	18	50	80	38	16	73	5	88	32	68	75	62	78	91	60	
26	84	82	53	21	94	28	73	18	84	100	16	83	55	3	51	65	38	51	68	
75	34	84	28	14	60	94	31	27	37	6	51	61	90	64	99	1	46	96	34	
76	44	51	96	4	65	16	68	89	77	40	98	1	57	19	24	50	26	72	28	
58	75	71	32	33	4	17	36	47	97	8	3	88	69	87	84	36	13	15	35	
78	68	7	53	36	80	74	64	80	32	52	82	73	7	2	51	49	57	1	69	
26	5	19	68	78	11	8	75	95	55	88	41	95	9	18	35	61	82	64	56	
100	83	16	98	79	29	31	69	29	13	79	34	34	73	75	62	50	22	49	51	
86	95	47	13	16	98	35	4	19	97	27	54	87	12	21	72	49	53	78	82	
6	36	89	50	28	88	70	53	17	54	83	88	76	21	88	52	62	97	62	13	
46	68	85	44	92	86	22	23	46	43	18	93	22	22	97	98	58	56	85	52	
70	23	19	51	30	69	26	2	32	4	41	38	10	54	79	58	79	4	81	64	
98	7	8	19	99	99	48	50	7	92	92	11	46	9	35	96	39	59	66	10	
2	78	42	42	72	69	73	37	24	100	60	26	61	73	64	75	37	28	82	65	
On machine	3
80	68	79	24	60	97	79	34	87	23	64	33	61	78	47	50	19	68	47	61	
48	1	61	70	84	49	50	58	79	35	78	63	83	96	85	88	4	65	5	5	
22	77	28	2	76	98	70	9	36	95	4	13	83	38	18	44	78	60	86	68	
13	77	58	85	43	12	8	46	82	90	99	35	21	22	89	21	23	97	28	56	
34	38	65	89	3	41	39	87	84	44	43	12	7	47	36	67	57	96	62	44	
79	21	19	9	87	4	61	72	26	95	8	55	85	6	38	90	66	69	66	95	
68	58	83	6	6	99	69	96	7	76	80	2	18	64	59	70	16	20	46	69	
54	52	4	89	25	49	51	24	3	50	45	26	60	39	80	8	33	91	85	89	
79	68	18	85	7	97	83	16	37	15	33	8	50	52	74	34	83	72	84	43	
59	40	26	21	52	41	35	11	56	41	12	49	81	65	83	29	95	94	93	71	
5	51	62	22	39	51	83	27	50	63	73	66	88	100	27	51	26	66	31	90	
88	39	81	73	20	77	69	41	45	97	92	84	100	38	96	87	56	69	31	56	
10	55	69	25	60	16	69	42	64	65	10	54	88	68	62	81	60	97	22	42	
61	45	51	91	35	35	17	82	49	91	22	4	80	66	81	57	87	13	43	42	
41	5	58	22	56	11	57	48	29	34	75	87	95	42	83	55	49	49	23	32	
6	31	95	76	99	62	1	42	56	79	79	60	94	68	88	20	72	22	11	43	
84	78	84	9	44	91	100	29	42	38	71	64	100	42	60	68	71	57	77	31	
39	67	75	59	86	53	64	80	65	80	99	89	8	35	21	16	48	98	86	88	
43	41	65	83	78	5	95	67	61	17	40	84	12	95	64	65	77	8	70	80	
2	69	39	2	81	60	77	51	25	62	24	33	6	14	69	32	64	66	85	49	
On machine	4
96	53	12	67	36	49	18	51	88	93	42	29	100	1	77	24	43	24	66	2	
41	19	72	24	54	25	26	64	31	7	14	51	96	28	95	22	46	11	77	59	
1	88	71	85	18	56	71	81	95	81	54	66	67	69	88	8	28	30	6	71	
26	6	37	97	10	52	18	29	22	99	85	13	27	21	98	44	92	78	75	29	
1	66	26	75	27	77	1	89	74	61	59	52	77	73	48	2	17	20	93	45	
24	28	21	33	35	100	55	42	6	12	18	13	19	63	53	40	50	73	42	32	
91	38	26	79	89	19	41	75	53	40	16	97	89	9	70	57	63	17	58	22	
21	100	95	1	35	72	29	42	79	22	81	25	11	26	98	1	44	20	13	11	
86	68	74	59	65	92	52	88	34	49	7	68	76	51	40	84	28	41	64	40	
35	85	89	43	27	7	57	38	5	16	100	99	45	80	72	36	78	20	55	80	
8	14	94	73	87	38	23	14	11	2	91	31	84	24	5	23	90	46	65	54	
9	15	74	83	53	96	67	50	34	37	39	14	2	89	58	1	83	35	49	97	
50	3	26	19	36	32	74	56	85	56	12	15	10	89	6	34	27	56	36	93	
16	87	99	61	59	59	28	59	71	80	94	30	47	5	73	83	47	2	12	59	
86	31	64	68	67	42	9	8	81	81	46	29	17	78	36	81	23	62	88	28	
35	11	70	4	62	86	92	43	83	93	66	72	31	85	49	59	89	46	32	26	
22	37	12	96	43	50	18	96	95	16	38	27	72	98	92	29	82	7	58	25	
90	60	94	58	87	8	13	16	94	1	20	60	51	77	5	45	13	80	49	12	
70	24	33	85	89	76	13	73	23	77	69	30	55	61	50	6	83	46	51	69	
12	79	64	41	66	2	14	62	20	2	5	97	8	33	78	69	38	80	22	33	
On machine	5
29	54	75	1	83	51	95	95	38	22	82	23	19	45	87	94	94	94	51	8	
6	57	98	8	30	45	6	24	84	76	41	25	41	48	45	84	17	50	57	26	
4	76	43	61	34	65	12	63	51	19	12	18	54	82	7	61	47	7	59	66	
2	31	66	56	26	77	2	35	81	10	4	94	94	64	90	64	53	72	72	51	
22	92	81	36	28	43	53	59	71	83	5	18	44	9	63	27	12	83	24	19	
80	51	71	16	47	57	3	99	52	31	31	86	81	72	57	48	5	78	20	66	
38	85	34	44	42	6	62	25	23	53	5	72	56	57	64	99	31	77	9	64	
88	68	25	53	67	41	65	40	100	85	68	36	81	9	16	18	41	86	5	99	
44	22	62	5	40	44	25	8	42	28	25	67	23	49	94	60	45	26	49	12	
13	66	56	10	27	99	13	49	60	77	62	16	23	44	31	70	29	60	67	35	
5	24	24	93	4	33	45	74	77	71	1	37	21	83	82	59	65	47	35	28	
100	72	77	41	98	18	32	61	9	89	70	55	39	70	23	98	48	47	23	84	
50	32	5	26	6	70	44	5	9	29	51	45	3	97	32	58	75	96	8	7	
71	75	53	9	93	14	69	45	93	85	76	37	49	53	96	69	39	86	47	32	
74	69	12	100	59	45	10	10	17	42	21	19	19	31	38	88	5	20	57	7	
14	2	24	38	85	22	27	55	93	95	63	13	97	8	24	38	36	41	94	94	
17	4	85	75	70	35	15	13	49	73	2	27	68	90	87	14	30	79	43	54	
90	25	35	12	48	32	45	7	44	71	9	37	93	46	1	31	83	65	45	59	
89	31	5	26	22	37	88	86	20	12	33	10	97	100	9	48	86	15	88	62	
41	93	47	52	63	49	57	16	98	95	60	91	51	44	22	64	56	99	57	30	
On machine	6
84	57	16	3	59	48	67	34	3	7	17	68	95	93	71	10	71	71	60	66	
96	35	59	33	57	70	61	40	58	96	88	45	13	35	91	55	63	57	94	37	
20	14	84	60	16	61	79	40	19	57	72	24	8	24	80	100	23	55	18	62	
33	48	50	24	91	80	45	33	77	87	46	86	48	18	60	51	66	12	5	98	
10	100	71	75	38	1	97	60	91	90	72	11	92	72	79	46	35	41	51	7	
13	59	15	28	95	21	3	92	44	98	90	23	69	74	58	74	39	40	51	46	
3	82	25	79	96	86	14	52	84	87	69	54	96	59	60	40	97	70	23	76	
99	70	6	51	86	5	21	58	5	76	90	10	58	57	31	25	43	71	100	69	
74	65	47	93	93	8	82	18	55	65	85	39	22	10	33	7	11	31	100	94	
79	13	98	59	85	86	63	22	19	80	82	54	74	38	17	16	16	95	82	17	
61	86	5	84	17	33	51	7	59	74	50	99	78	87	90	30	7	57	48	46	
48	23	42	15	7	88	30	93	58	66	94	49	65	29	86	60	64	51	43	22	
67	5	89	93	32	98	60	79	76	42	68	15	32	14	32	87	93	74	95	30	
22	43	94	88	53	38	54	90	92	12	98	17	5	44	47	3	84	78	98	89	
4	93	21	56	57	68	10	95	17	75	36	7	20	5	28	55	68	9	83	35	
4	29	40	12	36	58	9	98	55	27	65	64	100	46	60	35	47	24	99	90	
90	85	65	81	45	35	6	73	14	82	70	66	17	8	93	18	85	33	14	85	
39	77	61	2	99	17	25	57	40	96	94	77	48	11	14	79	36	47	13	80	
92	85	31	92	58	94	57	3	71	36	56	49	82	57	53	88	66	39	76	69	
22	59	28	19	59	13	2	75	5	88	69	76	97	58	2	32	31	95	63	28	
