Factories	2
Families	40
Machines	2
SetupType	1

Number of Jobs in each Family
4	2	5	5	8	6	2	1	4	5	6	6	1	2	3	10	8	6	3	10	4	10	8	1	3	2	3	3	9	10	6	5	4	9	4	2	5	5	2	3	

Jobs in each Family
0	1	2	3	
4	5	
6	7	8	9	10	
11	12	13	14	15	
16	17	18	19	20	21	22	23	
24	25	26	27	28	29	
30	31	
32	
33	34	35	36	
37	38	39	40	41	
42	43	44	45	46	47	
48	49	50	51	52	53	
54	
55	56	
57	58	59	
60	61	62	63	64	65	66	67	68	69	
70	71	72	73	74	75	76	77	
78	79	80	81	82	83	
84	85	86	
87	88	89	90	91	92	93	94	95	96	
97	98	99	100	
101	102	103	104	105	106	107	108	109	110	
111	112	113	114	115	116	117	118	
119	
120	121	122	
123	124	
125	126	127	
128	129	130	
131	132	133	134	135	136	137	138	139	
140	141	142	143	144	145	146	147	148	149	
150	151	152	153	154	155	
156	157	158	159	160	
161	162	163	164	
165	166	167	168	169	170	171	172	173	
174	175	176	177	
178	179	
180	181	182	183	184	
185	186	187	188	189	
190	191	
192	193	194	

Total number of jobs
195

Processing times of jobs
10	10	
5	4	
7	10	
6	3	
1	5	
9	5	
1	4	
2	10	
8	2	
1	4	
4	2	
6	3	
3	6	
9	7	
5	2	
6	10	
10	5	
8	3	
2	4	
5	3	
2	7	
9	7	
4	9	
2	7	
4	6	
8	4	
2	5	
2	10	
8	4	
8	6	
5	9	
8	10	
10	9	
10	10	
4	3	
9	4	
1	3	
9	6	
3	1	
3	5	
9	7	
2	5	
7	3	
6	2	
10	8	
2	2	
9	2	
9	4	
9	5	
10	3	
10	2	
2	8	
4	1	
4	2	
9	7	
7	10	
3	3	
2	6	
7	10	
8	3	
5	1	
4	4	
9	4	
1	7	
6	5	
6	5	
10	1	
1	9	
8	2	
7	7	
7	10	
1	5	
3	3	
8	9	
2	4	
5	2	
1	4	
2	8	
2	7	
2	5	
5	7	
5	7	
8	5	
5	10	
4	8	
8	10	
9	7	
4	5	
3	3	
7	5	
2	4	
4	6	
8	10	
3	7	
6	2	
7	2	
2	9	
10	5	
3	9	
4	1	
10	6	
4	9	
9	7	
10	5	
1	4	
8	5	
8	3	
6	7	
6	9	
10	7	
3	2	
2	8	
1	3	
1	2	
4	4	
7	9	
6	1	
4	8	
9	8	
4	6	
7	8	
7	7	
9	9	
1	4	
1	10	
9	8	
1	2	
8	1	
7	2	
10	6	
9	3	
4	2	
10	9	
6	1	
3	6	
5	4	
4	2	
1	4	
9	1	
2	3	
7	10	
4	10	
3	3	
4	6	
8	2	
2	5	
6	8	
2	7	
3	9	
9	10	
3	6	
9	4	
1	7	
5	3	
8	5	
1	8	
8	8	
2	1	
10	2	
8	1	
10	2	
2	1	
6	4	
10	4	
5	5	
6	7	
9	4	
7	7	
10	9	
7	9	
9	3	
8	7	
4	9	
10	5	
8	6	
3	5	
8	10	
5	6	
9	5	
8	8	
8	6	
9	8	
9	3	
2	5	
5	6	
8	9	
4	5	
1	4	
5	8	
7	6	
3	10	
6	10	
2	2	
10	3	
3	6	

Stepup times between Families, where [f][f] represents initial setup time
On machine	1
11	15	9	6	9	14	13	16	2	17	16	5	15	13	15	19	1	4	20	2	19	13	13	20	6	19	15	16	15	4	8	17	3	14	14	20	13	3	1	4	
11	13	6	10	2	12	5	18	16	15	4	5	2	8	5	19	11	4	18	2	6	10	7	19	15	3	20	17	5	2	16	8	14	17	9	4	4	8	16	6	
2	20	15	6	10	14	9	9	17	1	18	17	16	6	7	3	18	7	1	16	2	13	5	20	18	1	15	14	7	13	3	4	4	16	19	17	17	12	15	4	
9	11	17	4	12	2	4	8	8	12	11	2	2	7	2	3	8	10	1	17	2	15	20	15	1	5	5	11	5	8	16	13	10	16	3	12	6	20	14	11	
14	20	7	10	16	16	9	1	10	14	18	8	6	10	1	7	13	5	17	20	18	4	15	7	9	13	18	5	11	2	5	12	15	9	17	5	1	13	15	19	
14	18	12	16	1	6	19	2	17	18	7	7	10	19	14	4	12	10	13	2	10	14	12	14	11	13	12	11	19	8	4	5	12	15	5	12	10	3	18	6	
8	14	10	5	11	12	7	4	17	12	19	20	7	11	13	6	7	6	14	19	17	14	8	10	10	15	14	14	9	14	6	7	18	12	16	10	12	1	19	12	
8	13	5	10	10	9	6	19	2	2	9	2	11	11	2	11	6	4	3	7	11	1	6	2	8	19	3	5	6	5	18	8	3	3	7	17	4	7	20	10	
16	20	10	19	2	4	4	12	20	4	8	1	15	9	15	19	17	9	20	18	12	8	4	3	12	4	16	9	8	19	10	18	18	16	1	11	13	19	12	4	
18	13	5	20	9	7	10	17	9	9	7	2	18	10	1	14	3	2	10	9	3	12	18	8	19	2	18	17	12	14	7	7	6	18	17	19	10	17	5	4	
20	7	3	13	17	7	8	4	10	4	7	1	16	6	14	7	7	10	12	2	16	3	5	6	8	10	1	11	9	5	4	2	19	3	2	10	15	7	18	14	
15	6	20	2	19	2	12	20	6	12	13	18	8	12	17	17	2	19	17	12	10	18	1	12	9	1	18	6	2	14	19	19	9	20	17	20	20	6	5	11	
1	4	3	16	12	11	13	19	14	20	9	20	10	7	6	5	15	9	16	20	6	8	11	16	9	13	6	10	4	19	4	11	3	2	19	5	17	10	3	1	
3	13	5	18	20	2	12	3	3	7	4	13	2	2	18	17	2	11	15	13	14	9	8	5	1	2	8	16	2	8	4	18	10	6	20	16	8	14	15	2	
15	20	17	5	18	18	19	9	20	17	19	4	3	9	4	20	1	9	16	1	19	13	12	7	6	7	16	15	11	3	3	11	3	2	5	11	10	18	15	13	
15	20	7	16	5	13	18	1	9	17	9	18	16	5	15	3	19	16	19	18	19	5	12	10	14	7	18	7	15	8	11	4	16	10	7	5	14	3	8	3	
17	3	17	13	10	12	12	20	17	1	6	18	11	4	5	10	4	13	9	3	16	6	16	7	2	20	19	18	18	5	18	7	15	20	14	18	4	2	8	11	
9	7	8	18	20	8	8	20	1	13	14	20	9	10	1	17	6	2	11	19	15	9	6	9	1	15	16	2	3	15	4	6	18	12	3	3	12	13	3	15	
2	4	13	13	19	2	5	11	10	5	2	18	11	13	19	16	11	3	17	5	14	11	9	1	4	9	1	20	18	3	7	16	9	17	18	15	17	1	7	9	
8	3	1	4	17	19	4	12	19	6	11	2	5	3	2	19	8	19	11	2	10	6	11	6	1	11	4	9	7	10	8	14	4	14	8	12	6	10	6	14	
15	11	8	2	8	5	18	17	5	12	13	9	9	11	5	6	3	16	16	5	13	7	16	18	8	20	3	16	5	18	9	2	10	1	6	8	12	2	16	6	
3	18	7	16	18	16	11	8	5	3	6	3	4	7	7	2	10	15	10	12	2	19	17	4	1	10	6	9	4	3	17	11	3	19	5	12	14	11	10	11	
2	20	18	5	7	6	4	2	6	1	4	5	18	9	9	14	3	5	15	12	16	14	5	12	8	9	18	16	19	2	2	15	11	3	19	4	7	16	17	2	
10	16	19	3	19	20	14	11	8	2	7	6	1	17	4	8	2	11	3	9	3	11	7	6	19	16	15	10	7	17	12	4	16	11	17	13	4	20	5	9	
16	17	8	11	14	14	18	12	6	9	8	6	13	16	1	1	2	19	16	3	19	13	14	11	15	10	19	3	10	9	4	20	8	10	19	18	19	19	2	19	
18	15	9	16	18	3	3	15	8	4	3	3	7	17	3	1	20	17	17	3	3	15	7	10	7	6	4	15	5	15	1	18	9	5	2	15	17	3	6	6	
2	15	20	17	4	15	3	14	14	12	2	2	6	11	12	8	2	3	11	3	10	10	7	8	20	3	18	18	14	4	14	6	7	13	15	17	1	4	5	11	
13	3	7	11	19	11	1	17	7	10	4	10	9	3	12	2	13	9	11	18	10	1	11	8	4	20	19	20	18	5	14	8	5	14	9	20	3	16	12	14	
8	19	2	12	15	12	8	15	3	7	11	10	20	16	17	16	3	9	5	2	8	4	14	4	15	1	6	1	13	15	19	14	1	3	10	7	14	8	3	4	
3	13	15	15	16	16	19	9	18	9	10	18	18	19	17	12	14	4	14	7	17	18	11	11	1	4	8	10	17	7	20	17	11	15	14	4	18	18	18	16	
5	14	8	5	12	8	19	20	11	3	15	2	4	11	11	13	19	20	20	15	17	10	8	1	1	10	14	18	7	8	2	20	2	6	7	14	7	1	4	10	
4	11	8	1	5	5	1	5	10	10	18	14	16	3	3	5	17	20	9	8	18	7	11	18	15	4	9	2	18	1	15	17	11	10	20	17	16	15	3	7	
19	5	17	13	8	7	17	8	1	14	4	19	7	19	17	17	7	11	20	16	9	7	9	19	4	6	12	13	10	3	10	18	4	15	19	9	1	6	1	11	
19	9	11	11	7	4	7	14	7	9	17	13	5	1	2	13	1	5	8	2	1	4	14	15	9	7	18	17	6	17	9	13	11	8	10	11	5	11	15	5	
14	17	4	17	1	2	18	6	16	17	11	8	8	10	11	9	8	5	18	2	7	6	3	19	11	6	13	4	2	2	19	1	12	7	5	3	17	6	12	19	
13	8	19	14	16	13	12	13	7	5	17	19	20	11	8	17	17	5	15	5	12	7	12	3	18	11	4	3	17	13	14	19	6	12	18	16	15	17	11	6	
9	3	6	10	2	14	20	2	4	12	17	7	17	4	6	6	2	17	20	3	14	3	6	15	17	4	13	7	8	6	14	1	15	7	20	3	8	13	18	19	
13	14	11	13	13	7	20	7	3	9	10	8	19	4	1	10	9	12	20	11	20	8	2	2	19	9	8	7	10	19	4	11	11	13	17	16	2	7	20	5	
10	7	10	5	13	13	11	5	19	20	19	7	5	12	15	12	15	17	14	6	16	19	16	10	14	16	11	16	10	8	16	9	17	19	8	20	18	20	15	12	
2	8	6	8	1	8	4	16	11	7	2	11	19	7	3	10	11	3	20	4	4	13	13	10	7	18	4	13	12	18	11	14	10	20	8	1	8	5	7	9	
On machine	2
2	12	3	19	18	14	17	13	20	18	2	17	1	4	11	5	20	14	13	9	15	4	9	16	19	4	14	7	20	8	18	16	4	18	19	9	2	16	9	3	
16	1	15	6	8	8	5	2	5	4	5	20	17	20	6	17	14	16	20	14	11	11	14	12	9	2	20	6	10	17	1	13	12	5	16	8	17	5	9	8	
9	13	2	5	16	4	10	10	14	4	18	5	1	12	11	10	10	5	3	6	2	9	3	11	18	20	16	18	20	7	17	4	16	7	17	5	8	6	1	6	
4	1	4	20	4	17	8	6	10	17	16	12	10	8	8	4	5	7	5	1	14	18	14	9	19	8	14	19	15	4	10	2	14	5	17	13	10	4	7	3	
17	20	7	8	7	14	16	17	17	19	9	12	18	3	4	4	17	7	4	4	19	13	15	9	18	13	10	17	7	8	10	9	16	9	11	7	8	16	3	17	
3	14	1	16	17	8	11	4	14	19	20	19	7	12	6	20	4	18	19	15	9	16	2	2	18	7	1	13	10	20	9	17	18	6	17	13	1	2	14	6	
11	18	11	17	20	7	12	15	6	6	16	9	14	6	15	7	3	4	5	1	3	15	17	20	10	1	13	18	8	14	2	6	19	3	15	18	9	17	9	5	
18	11	1	11	9	13	1	15	15	7	11	16	1	2	20	7	20	5	13	8	14	6	20	19	18	2	8	1	6	10	12	11	16	4	5	2	7	13	15	4	
3	16	19	2	12	3	6	14	19	17	12	14	5	12	5	6	8	3	8	3	4	2	7	20	14	12	10	10	11	6	11	14	6	15	20	1	10	12	3	8	
15	12	11	17	11	14	20	14	6	6	17	3	9	5	20	9	2	5	6	14	9	12	19	6	9	12	12	8	5	11	11	9	16	8	10	12	20	10	8	12	
7	15	1	6	15	15	20	18	15	2	14	10	13	12	12	20	7	7	9	9	5	14	9	7	15	4	13	8	2	7	20	11	20	10	6	19	2	13	3	18	
6	3	18	16	4	20	6	19	16	4	8	9	20	4	6	7	4	16	20	1	15	4	9	12	19	7	17	15	13	5	16	17	6	20	17	17	9	1	12	7	
12	12	1	3	8	9	6	20	1	16	14	14	14	11	7	14	19	3	1	9	4	20	1	16	3	9	8	8	16	19	4	6	16	9	11	12	16	5	5	8	
16	16	9	12	20	3	10	14	9	4	4	14	7	7	20	11	13	14	12	11	18	7	8	2	7	8	20	11	17	16	7	15	4	12	7	10	4	20	18	12	
19	19	4	10	11	4	6	1	13	3	11	2	6	11	17	7	13	10	18	17	2	18	19	10	5	8	1	17	14	10	6	19	12	13	18	8	7	17	15	11	
2	4	1	10	20	13	3	18	11	1	10	17	19	19	19	13	16	1	6	8	6	9	8	16	16	4	14	9	15	4	19	16	1	2	4	7	9	16	17	14	
20	3	16	12	16	19	13	15	20	9	4	20	13	5	10	2	12	18	20	20	12	15	13	17	8	11	15	12	16	15	1	20	4	18	11	10	6	6	18	8	
18	13	13	4	10	10	4	6	19	1	11	2	17	5	15	14	9	1	17	6	5	4	17	12	12	4	17	10	16	8	1	6	20	6	14	1	14	17	16	15	
5	19	9	11	2	13	15	14	16	2	7	4	9	2	18	5	19	8	8	13	11	13	20	11	12	10	3	15	11	4	13	14	6	11	12	10	19	17	2	1	
19	16	1	7	3	17	20	12	9	6	9	2	13	2	5	7	14	19	16	13	7	8	18	3	3	9	9	7	9	12	20	13	20	17	10	6	3	1	11	12	
6	9	12	6	16	17	9	19	20	11	9	12	18	18	8	1	11	13	8	7	7	6	4	19	14	7	4	2	9	14	19	14	19	3	5	4	4	4	8	14	
20	12	17	15	18	8	11	17	3	15	20	2	10	19	4	10	6	5	17	15	6	12	15	14	4	15	19	13	7	5	14	6	13	5	5	19	13	12	19	10	
14	3	7	3	1	3	14	3	7	6	6	12	9	19	4	3	19	13	4	1	19	18	3	4	16	10	13	15	15	17	15	5	20	1	15	3	8	6	11	5	
1	4	7	2	15	11	10	9	18	18	10	11	11	2	18	6	4	19	5	4	18	6	1	17	9	1	17	13	11	1	3	10	1	6	8	8	18	8	1	1	
20	8	6	11	4	16	5	8	13	4	9	18	16	5	19	3	18	19	17	2	19	14	17	2	18	8	17	19	20	10	8	15	5	20	7	15	17	14	10	2	
11	5	12	8	16	9	2	18	18	7	10	10	15	10	11	19	20	18	9	18	17	18	1	18	18	14	3	4	2	7	13	18	19	6	4	11	19	14	2	4	
10	18	2	20	7	14	15	18	3	20	13	10	4	14	10	3	18	3	4	5	16	11	20	15	8	19	19	18	8	12	14	2	12	18	15	12	20	8	14	17	
4	14	9	15	9	4	16	18	13	17	4	12	17	10	18	15	15	12	18	2	7	11	12	2	2	9	18	3	9	2	20	12	10	13	13	20	16	2	3	13	
16	10	17	1	8	4	18	10	7	9	20	14	8	3	10	8	4	13	7	17	2	2	9	7	17	15	17	9	18	10	19	3	14	20	19	9	10	1	5	14	
8	11	3	7	16	12	1	7	8	16	14	18	8	2	4	17	18	5	16	20	5	15	19	6	11	13	12	16	5	5	7	8	18	8	17	16	2	2	9	20	
16	20	3	16	14	1	15	14	12	4	3	2	16	16	12	15	16	19	3	17	20	5	12	3	18	1	11	14	19	2	2	11	16	7	13	6	12	10	8	3	
8	6	18	14	4	7	6	17	16	16	7	20	19	15	7	4	3	3	17	5	9	18	3	19	10	20	13	18	3	11	16	12	12	1	9	1	7	3	9	5	
11	19	9	11	7	12	10	14	1	20	3	8	10	11	10	16	4	15	3	4	2	3	10	4	18	15	16	2	12	8	9	2	18	20	13	16	11	5	11	19	
13	18	1	16	6	14	17	11	9	20	11	1	9	18	20	16	17	18	2	3	4	2	14	9	4	3	2	15	15	20	15	15	10	16	10	8	3	5	9	16	
14	19	20	17	4	16	8	7	2	1	9	12	14	9	3	5	1	16	6	13	12	19	14	7	12	10	3	13	15	14	5	14	14	8	16	3	8	5	4	6	
16	7	3	3	10	13	5	3	17	19	11	1	9	13	15	11	11	7	20	18	6	3	11	14	5	3	13	20	12	9	14	8	15	2	1	5	12	14	20	11	
13	8	2	12	14	5	12	18	16	13	5	12	10	2	5	3	7	12	8	19	17	5	6	10	16	1	3	13	5	16	20	16	16	19	19	6	12	1	11	5	
6	19	10	11	9	18	13	6	13	15	17	1	5	15	14	8	14	20	20	16	4	16	1	7	6	20	2	10	6	16	13	19	14	5	14	6	2	15	5	3	
10	12	4	10	14	8	13	1	1	11	17	13	9	16	6	15	20	20	3	1	16	10	18	5	3	3	15	6	18	1	5	13	14	20	8	9	4	13	14	18	
13	2	7	14	9	17	4	1	5	1	13	10	10	3	10	11	1	9	11	10	12	4	7	12	18	17	15	11	5	20	18	14	15	18	12	15	19	8	19	16	
