Factories	2
Families	20
Machines	4
SetupType	1

Number of Jobs in each Family
4	4	8	5	3	8	9	5	2	1	2	7	7	3	8	10	9	9	2	2	

Jobs in each Family
0	1	2	3	
4	5	6	7	
8	9	10	11	12	13	14	15	
16	17	18	19	20	
21	22	23	
24	25	26	27	28	29	30	31	
32	33	34	35	36	37	38	39	40	
41	42	43	44	45	
46	47	
48	
49	50	
51	52	53	54	55	56	57	
58	59	60	61	62	63	64	
65	66	67	
68	69	70	71	72	73	74	75	
76	77	78	79	80	81	82	83	84	85	
86	87	88	89	90	91	92	93	94	
95	96	97	98	99	100	101	102	103	
104	105	
106	107	

Total number of jobs
108

Processing times of jobs
5	3	7	1	
5	9	2	8	
8	8	7	9	
2	1	6	6	
1	2	9	1	
8	6	5	7	
6	4	8	5	
4	10	6	7	
9	9	10	4	
9	7	4	3	
6	8	2	7	
9	6	4	1	
7	5	7	3	
3	8	7	2	
8	10	9	6	
3	7	3	2	
1	7	8	1	
3	4	1	6	
3	10	4	7	
10	9	3	2	
8	1	5	10	
8	1	2	2	
6	1	2	1	
1	2	9	2	
2	9	5	1	
2	8	4	8	
9	6	2	5	
5	8	1	5	
4	8	4	7	
2	6	8	4	
6	7	2	1	
7	5	8	5	
9	5	4	4	
3	2	3	4	
4	2	2	1	
7	3	4	4	
10	10	9	4	
7	9	8	7	
10	1	7	6	
7	4	5	6	
2	8	1	10	
8	6	10	4	
6	7	10	7	
9	10	5	9	
8	1	5	2	
10	4	3	6	
1	5	7	1	
2	4	8	2	
4	5	10	4	
4	8	9	10	
3	10	6	3	
1	3	10	1	
1	7	3	1	
7	1	7	6	
6	4	1	6	
2	3	1	4	
10	2	6	5	
4	10	1	9	
8	1	8	8	
10	9	9	5	
10	5	9	10	
1	6	2	4	
1	4	3	6	
10	10	2	6	
8	6	7	7	
3	4	9	7	
6	3	8	10	
2	4	3	4	
8	5	1	7	
7	3	2	1	
9	4	7	6	
7	9	6	2	
8	7	4	6	
7	4	8	5	
6	10	4	6	
2	9	5	8	
1	5	1	9	
7	2	9	3	
3	4	2	9	
10	9	2	4	
7	7	1	7	
10	4	7	6	
4	6	6	1	
1	3	7	10	
3	9	2	1	
8	7	5	9	
3	6	4	10	
3	6	6	8	
8	10	6	10	
3	4	5	1	
10	9	10	3	
5	8	1	9	
6	3	9	8	
4	4	8	9	
8	1	7	1	
10	6	8	9	
2	8	2	10	
3	1	3	1	
7	7	10	6	
5	2	1	4	
4	7	6	5	
6	4	8	6	
9	2	2	3	
10	6	2	9	
10	7	1	8	
8	5	4	4	
6	10	1	2	
4	8	9	2	

Stepup times between Families, where [f][f] represents initial setup time
On machine	1
17	11	7	8	11	7	1	18	20	7	12	7	16	3	19	11	10	16	15	13	
15	17	15	11	14	13	16	11	6	11	20	20	16	2	1	2	19	19	13	2	
6	15	19	2	9	1	8	8	6	15	20	12	1	4	10	6	13	14	3	20	
10	5	13	17	4	12	18	15	13	10	9	15	2	12	19	15	9	9	7	19	
11	1	15	18	8	7	17	10	3	20	6	15	13	17	20	5	20	9	18	13	
12	14	12	17	12	10	20	17	13	3	4	5	16	19	5	16	5	5	8	15	
12	20	2	19	3	19	9	19	12	9	13	9	20	14	20	7	16	1	10	1	
16	15	3	1	1	3	2	14	7	4	18	8	6	8	7	8	4	3	8	12	
4	4	14	18	6	17	19	13	3	17	20	6	10	17	20	12	3	7	14	3	
18	15	8	2	19	14	5	12	17	17	20	19	13	2	14	10	9	1	14	20	
4	6	7	5	15	1	6	18	13	9	1	3	19	5	2	9	11	1	8	16	
13	5	2	17	14	11	1	9	1	17	5	16	16	4	3	14	4	19	10	18	
7	15	10	16	9	4	16	12	20	20	19	7	17	19	18	9	20	19	3	16	
19	13	4	16	5	7	16	12	16	15	16	16	2	20	6	3	4	3	18	3	
16	17	7	11	3	3	8	16	13	6	8	18	9	5	3	9	13	19	18	4	
12	9	12	9	8	20	13	7	8	6	15	11	2	15	8	20	18	14	12	14	
12	17	11	17	5	5	5	7	16	9	4	1	6	6	5	17	8	11	7	18	
6	1	4	4	11	14	6	15	11	10	1	10	6	14	14	10	7	9	3	5	
5	19	3	12	8	4	9	12	19	8	4	16	9	1	18	13	14	2	1	16	
20	8	1	4	17	15	3	12	18	13	1	11	4	7	19	4	6	8	2	16	
On machine	2
11	5	11	2	2	20	18	11	7	7	20	6	20	13	10	9	20	2	19	20	
10	9	19	14	1	7	8	2	10	11	13	12	11	14	14	12	3	15	19	9	
18	5	4	10	19	11	13	1	11	9	5	1	11	14	9	10	5	17	10	6	
10	7	18	14	8	9	19	5	14	18	16	20	12	16	9	3	6	16	1	15	
14	2	11	17	14	2	14	2	2	15	8	7	14	6	16	14	16	15	3	13	
11	6	20	20	16	16	11	10	20	15	20	12	2	15	7	8	18	6	19	15	
3	15	12	17	20	7	5	2	17	4	13	6	16	1	12	20	15	5	14	2	
1	7	20	16	11	3	10	15	3	11	20	12	9	8	8	5	14	17	3	7	
3	8	11	6	3	17	20	12	11	16	13	8	13	14	18	6	11	6	4	10	
2	3	9	14	10	6	5	11	3	2	19	12	9	16	19	17	16	8	4	13	
14	3	2	16	1	3	6	2	20	4	17	20	2	12	18	4	1	17	10	19	
16	13	13	18	15	2	11	8	13	12	16	19	4	16	11	17	4	6	8	5	
9	5	13	10	15	5	14	3	19	9	5	19	16	18	5	20	1	16	20	6	
20	8	15	9	3	5	1	15	3	11	12	3	11	17	19	3	18	5	3	7	
3	6	4	6	19	1	14	20	12	8	1	8	5	11	14	16	17	20	4	8	
13	6	9	11	8	12	12	20	10	6	11	7	13	4	20	14	1	10	2	10	
3	12	9	6	10	19	13	16	6	11	3	9	18	11	17	10	3	2	8	4	
15	11	3	20	9	11	1	15	3	17	15	11	6	19	15	3	13	7	8	16	
20	12	8	17	2	6	10	11	13	3	7	8	17	4	18	1	16	11	7	7	
12	2	10	3	1	12	9	16	13	15	15	20	5	18	13	6	14	7	16	11	
On machine	3
16	19	1	8	17	17	14	7	17	1	18	7	13	18	3	17	5	13	1	12	
3	7	1	5	8	9	19	20	1	7	9	14	15	19	5	15	2	6	17	13	
20	15	17	9	12	11	17	18	17	17	20	4	10	19	8	7	18	9	14	4	
12	20	8	11	2	9	1	14	1	3	17	12	10	2	9	13	16	2	6	5	
6	4	1	4	18	3	6	5	10	14	13	6	17	7	8	2	6	3	3	16	
9	8	20	15	18	3	2	7	6	8	8	3	19	6	10	15	19	7	12	4	
8	4	10	1	10	9	6	13	18	19	3	14	2	9	2	16	4	16	12	10	
12	7	20	8	8	15	13	1	6	4	9	15	20	11	19	6	19	8	2	9	
18	15	7	3	16	7	1	16	5	7	15	18	13	1	2	15	13	15	19	8	
18	8	11	7	19	11	13	4	10	6	12	13	15	13	2	8	8	12	15	13	
16	11	18	8	5	12	5	8	19	2	4	9	19	12	20	12	8	16	20	12	
9	14	15	18	16	11	7	4	9	2	14	19	13	8	19	8	12	2	7	16	
1	17	4	11	18	17	13	17	4	14	12	17	7	3	9	15	13	20	11	1	
7	15	20	9	1	1	16	9	3	10	10	15	4	14	6	19	14	17	6	18	
18	14	16	4	9	7	12	10	10	4	18	20	11	5	18	12	15	8	6	8	
2	20	15	4	10	6	4	4	15	6	3	16	10	14	13	1	18	1	5	15	
4	19	4	3	12	2	11	4	15	8	8	12	19	4	10	20	13	6	20	12	
14	11	8	3	8	15	20	11	2	1	4	19	15	17	17	18	14	16	1	20	
1	13	20	18	8	5	19	7	9	16	15	11	14	19	8	14	9	14	19	11	
6	19	4	10	5	10	20	4	2	10	10	12	2	19	20	5	4	5	5	7	
On machine	4
16	2	17	14	7	12	20	14	4	2	18	20	20	11	11	15	20	18	10	10	
11	19	3	17	9	10	9	2	4	8	5	3	8	2	17	1	6	17	20	15	
17	14	7	11	15	1	15	3	7	5	7	8	9	9	12	15	19	14	7	1	
18	16	4	5	17	2	13	7	1	2	16	12	16	20	8	15	16	1	1	14	
10	3	15	1	12	15	9	9	11	16	2	5	13	6	16	2	13	5	7	13	
7	7	4	1	18	11	14	13	1	15	5	18	10	12	14	5	1	5	2	8	
1	10	18	15	2	18	9	17	14	11	8	14	9	20	11	15	7	10	17	20	
1	11	10	6	14	17	19	1	15	19	2	4	17	13	18	14	7	12	1	11	
15	4	16	7	1	17	15	2	5	19	1	1	16	18	10	12	15	16	3	9	
19	13	2	3	4	14	19	19	19	5	6	19	1	8	3	16	2	10	6	13	
14	5	2	8	7	10	15	5	11	19	10	20	20	15	14	16	13	11	1	5	
2	15	1	2	11	19	20	16	1	15	9	1	13	8	7	8	9	13	6	20	
8	20	20	7	14	18	6	5	12	6	16	13	5	12	7	19	5	13	16	19	
12	16	15	17	7	20	6	6	6	17	19	2	17	1	5	9	17	4	18	11	
2	13	12	19	19	2	17	11	11	14	7	6	1	10	14	2	18	14	1	9	
19	16	2	14	15	20	1	15	14	2	5	5	14	14	4	10	16	15	14	6	
14	10	1	1	20	7	12	4	20	16	17	18	11	16	2	1	9	11	7	5	
4	1	8	12	4	8	6	18	13	18	20	19	13	13	6	3	15	16	2	14	
13	3	9	16	6	7	13	2	11	13	16	2	3	19	19	7	12	7	8	13	
9	2	1	19	20	8	18	1	8	6	12	4	20	3	3	12	13	4	5	2	
