Factories	2
Families	60
Machines	2
SetupType	2

Number of Jobs in each Family
6	2	8	6	7	7	9	10	9	3	1	1	7	4	6	4	2	6	3	8	8	9	10	4	9	5	2	7	4	1	7	1	6	2	9	2	7	9	2	6	7	5	1	1	4	2	7	5	6	6	2	9	10	3	4	5	6	5	6	1	

Jobs in each Family
0	1	2	3	4	5	
6	7	
8	9	10	11	12	13	14	15	
16	17	18	19	20	21	
22	23	24	25	26	27	28	
29	30	31	32	33	34	35	
36	37	38	39	40	41	42	43	44	
45	46	47	48	49	50	51	52	53	54	
55	56	57	58	59	60	61	62	63	
64	65	66	
67	
68	
69	70	71	72	73	74	75	
76	77	78	79	
80	81	82	83	84	85	
86	87	88	89	
90	91	
92	93	94	95	96	97	
98	99	100	
101	102	103	104	105	106	107	108	
109	110	111	112	113	114	115	116	
117	118	119	120	121	122	123	124	125	
126	127	128	129	130	131	132	133	134	135	
136	137	138	139	
140	141	142	143	144	145	146	147	148	
149	150	151	152	153	
154	155	
156	157	158	159	160	161	162	
163	164	165	166	
167	
168	169	170	171	172	173	174	
175	
176	177	178	179	180	181	
182	183	
184	185	186	187	188	189	190	191	192	
193	194	
195	196	197	198	199	200	201	
202	203	204	205	206	207	208	209	210	
211	212	
213	214	215	216	217	218	
219	220	221	222	223	224	225	
226	227	228	229	230	
231	
232	
233	234	235	236	
237	238	
239	240	241	242	243	244	245	
246	247	248	249	250	
251	252	253	254	255	256	
257	258	259	260	261	262	
263	264	
265	266	267	268	269	270	271	272	273	
274	275	276	277	278	279	280	281	282	283	
284	285	286	
287	288	289	290	
291	292	293	294	295	
296	297	298	299	300	301	
302	303	304	305	306	
307	308	309	310	311	312	
313	

Total number of jobs
314

Processing times of jobs
8	4	
2	3	
5	7	
10	6	
8	7	
6	7	
7	10	
5	9	
1	3	
2	8	
8	2	
6	1	
7	8	
2	4	
5	4	
10	6	
10	7	
3	1	
4	8	
3	10	
8	7	
5	7	
10	6	
7	8	
8	1	
10	8	
10	2	
8	2	
8	10	
10	10	
6	6	
10	1	
3	4	
10	5	
7	9	
3	6	
3	9	
10	9	
10	9	
9	2	
4	6	
7	2	
8	9	
5	1	
7	9	
9	10	
9	9	
4	5	
5	2	
5	6	
4	3	
6	1	
5	6	
2	3	
3	7	
2	2	
6	10	
1	5	
4	9	
8	8	
2	7	
10	3	
6	7	
1	4	
1	1	
5	8	
7	2	
4	4	
2	7	
5	6	
6	3	
5	1	
2	6	
10	4	
6	2	
5	8	
4	9	
5	6	
5	3	
10	5	
2	8	
2	8	
4	6	
4	1	
8	10	
5	9	
7	5	
8	10	
3	4	
9	8	
8	6	
10	2	
2	7	
8	5	
4	1	
9	2	
8	7	
6	5	
7	2	
1	6	
6	6	
8	9	
4	10	
7	6	
2	3	
9	2	
2	5	
7	10	
6	1	
8	3	
2	9	
8	10	
4	1	
9	8	
4	9	
1	10	
5	7	
6	3	
7	2	
8	2	
4	2	
2	6	
10	10	
5	2	
1	5	
1	4	
2	7	
7	3	
9	2	
8	2	
5	9	
10	3	
10	7	
6	6	
7	8	
1	1	
9	3	
10	3	
10	4	
9	10	
8	1	
3	2	
5	1	
7	2	
2	8	
2	2	
8	7	
5	10	
5	10	
5	1	
7	6	
5	5	
9	4	
6	9	
8	9	
5	6	
3	9	
10	9	
9	5	
5	10	
5	8	
7	7	
8	3	
2	3	
6	5	
9	8	
1	6	
5	5	
7	2	
10	6	
6	6	
1	3	
1	1	
9	3	
4	3	
7	6	
10	8	
9	8	
6	6	
7	4	
2	8	
10	2	
10	9	
5	9	
4	9	
2	9	
3	9	
3	10	
1	2	
9	7	
3	9	
9	9	
8	1	
8	9	
7	2	
9	10	
2	10	
5	2	
3	9	
5	3	
7	4	
1	9	
10	6	
8	1	
7	8	
6	6	
1	7	
5	9	
6	7	
9	1	
5	5	
6	8	
10	3	
10	3	
6	9	
6	4	
2	3	
9	6	
9	1	
5	1	
1	7	
2	5	
6	8	
6	3	
6	5	
2	8	
2	7	
4	10	
5	10	
9	10	
6	6	
10	9	
2	1	
4	8	
5	8	
3	2	
6	4	
1	6	
1	10	
4	9	
9	3	
5	6	
5	7	
2	6	
2	5	
9	10	
5	6	
1	8	
7	10	
1	10	
3	1	
7	8	
7	5	
4	6	
7	5	
9	1	
10	5	
9	9	
3	7	
8	3	
7	6	
6	2	
10	3	
8	1	
10	2	
10	4	
9	9	
10	7	
1	8	
8	10	
2	3	
8	4	
7	7	
7	1	
1	1	
1	7	
3	7	
8	2	
4	1	
9	7	
2	5	
1	9	
8	10	
9	3	
5	9	
5	3	
7	10	
10	3	
1	9	
7	1	
9	8	
3	1	
7	10	
10	7	
9	8	
9	8	
5	2	
7	2	
10	3	
1	3	
5	1	
3	10	
9	10	
1	1	
3	2	
1	8	
1	6	
10	2	
1	8	
1	3	
10	2	
10	5	
4	1	
3	8	

Stepup times between Families, where [f][f] represents initial setup time
On machine	1
24	43	31	49	45	50	46	10	50	23	41	29	35	20	4	15	23	33	25	3	28	29	48	16	28	15	28	10	15	7	19	50	21	48	3	12	30	17	27	38	15	44	29	29	42	8	34	44	3	43	14	33	3	49	50	43	23	42	22	17	
1	41	9	43	1	50	3	37	47	10	2	2	33	49	23	19	44	2	15	26	33	30	21	5	18	31	4	7	3	49	4	20	23	33	36	28	11	48	17	2	44	32	1	3	10	22	3	22	12	31	45	10	7	16	5	50	11	27	29	10	
11	38	2	13	23	46	34	17	10	35	28	27	28	4	15	40	20	22	41	4	9	25	25	3	31	7	48	6	29	5	44	8	12	31	13	49	42	11	37	41	36	9	45	13	34	22	34	48	44	13	10	2	29	32	26	2	7	36	30	32	
29	31	28	18	5	30	3	19	27	39	19	28	6	31	24	15	10	40	33	38	25	41	19	13	11	29	4	8	16	25	4	15	50	20	41	44	29	21	8	7	20	41	3	10	12	25	13	33	49	37	12	43	4	44	33	23	35	26	19	2	
33	22	41	12	36	36	33	17	20	20	1	50	44	45	19	10	29	3	8	49	22	43	3	40	44	33	47	6	16	32	3	2	9	13	35	8	16	11	22	7	10	45	41	48	50	26	47	9	36	3	46	32	41	37	41	10	9	16	18	35	
21	23	19	49	42	28	46	8	43	24	43	42	24	45	42	39	30	42	5	11	49	1	14	26	2	33	18	28	19	50	1	14	39	8	40	28	8	49	40	27	1	1	41	5	31	32	34	50	24	15	49	28	5	17	23	32	10	42	25	38	
45	5	35	44	10	7	21	10	44	6	49	5	15	36	42	41	47	37	21	18	35	3	36	11	7	41	28	11	30	4	42	47	48	2	35	14	44	12	35	46	49	45	45	35	41	23	44	14	49	7	23	37	40	42	9	6	33	43	32	8	
41	31	17	48	36	14	31	18	25	7	15	5	34	28	4	37	30	2	13	14	8	34	15	22	48	4	17	10	7	42	18	32	46	45	37	42	42	42	41	32	47	30	40	50	35	16	18	5	42	13	36	24	38	30	26	47	24	25	26	49	
1	38	3	13	15	5	6	24	15	35	20	14	20	34	47	35	20	15	35	22	18	14	39	32	4	20	36	46	18	23	38	39	41	50	48	38	8	31	50	43	47	29	10	50	13	37	39	19	33	5	37	31	41	10	44	13	25	28	31	6	
20	49	44	16	21	27	11	35	34	10	12	24	5	23	37	49	23	20	44	36	30	38	29	45	43	3	2	40	35	29	12	41	33	33	38	28	29	18	6	42	44	33	41	15	39	47	32	45	25	17	36	46	45	40	48	23	11	31	26	22	
15	45	39	21	38	44	32	44	43	2	31	32	16	48	21	19	42	32	44	43	21	27	32	28	24	50	8	41	50	28	4	8	35	47	38	24	11	29	41	9	9	27	7	24	9	25	40	1	33	42	31	43	11	28	16	41	21	19	17	39	
39	46	6	42	16	23	22	17	41	33	1	41	30	4	23	7	10	48	40	12	46	4	28	1	22	2	22	12	26	3	10	27	20	1	9	19	19	9	8	26	23	1	1	31	7	42	37	48	15	33	45	47	40	30	48	8	23	42	45	48	
14	3	5	40	11	41	43	31	2	7	33	50	37	13	1	45	31	5	13	35	1	43	4	23	4	45	18	23	33	42	43	25	48	37	8	5	47	32	38	23	2	17	18	31	4	10	43	25	8	16	31	12	37	27	32	1	20	41	6	4	
9	45	28	45	27	21	26	19	1	37	46	49	49	24	6	46	23	1	44	32	23	33	26	50	37	15	1	42	2	25	13	33	43	25	1	36	33	5	39	25	45	16	4	36	20	40	28	36	6	30	38	39	36	30	37	45	32	34	33	23	
22	37	13	37	49	25	15	9	40	19	11	19	46	50	37	37	32	32	31	44	41	34	31	24	22	30	23	46	22	30	36	40	28	2	46	32	8	17	26	44	23	27	11	39	13	16	41	9	36	29	16	41	47	37	28	38	14	19	9	12	
10	27	7	12	36	36	25	23	43	23	44	35	43	41	41	14	50	20	44	3	40	27	7	37	3	27	40	25	42	34	28	8	5	35	46	20	20	47	32	25	36	30	29	22	13	40	8	48	10	40	50	43	16	20	12	13	16	24	49	37	
47	13	47	9	29	28	3	13	30	1	1	23	4	7	49	32	17	34	10	34	20	15	8	8	15	1	41	13	20	49	5	45	31	39	35	11	35	30	34	20	30	34	3	30	33	26	35	35	43	48	7	21	34	34	46	3	46	29	9	50	
48	2	44	50	25	30	1	17	49	12	15	39	28	13	14	29	48	2	46	44	1	9	50	18	41	3	20	41	48	46	50	48	3	32	24	21	36	2	37	7	14	46	23	45	12	36	44	17	8	37	22	23	27	39	9	8	50	43	47	25	
39	43	36	34	27	10	2	25	18	19	23	17	29	35	39	34	44	34	22	8	7	28	25	49	7	12	24	12	19	22	38	12	30	42	22	49	13	46	41	12	36	47	9	4	42	50	32	31	19	7	50	41	48	7	34	3	39	33	4	43	
50	44	1	39	12	31	35	32	39	8	43	44	17	15	14	21	10	5	38	30	40	14	31	33	30	39	35	24	43	23	13	7	40	41	22	29	19	46	25	22	10	6	42	22	13	32	43	23	36	22	15	34	22	21	5	21	12	19	14	9	
39	50	31	13	32	31	27	49	31	43	22	11	23	22	26	38	26	30	24	11	18	30	24	4	9	34	32	2	48	25	28	45	40	35	29	48	29	46	27	35	39	4	29	12	38	30	22	25	15	18	1	21	31	44	11	41	41	34	41	11	
4	34	5	45	21	12	10	1	12	1	7	36	46	31	4	34	27	44	23	24	20	36	6	49	28	14	26	4	33	25	16	25	9	22	8	9	1	13	36	25	39	40	48	37	49	24	39	6	25	21	11	12	39	26	40	50	25	33	22	25	
12	34	25	13	16	16	3	14	10	4	49	25	48	28	7	17	6	31	14	35	42	1	40	46	2	28	8	18	33	49	23	9	20	49	23	32	45	4	42	9	42	17	15	16	40	26	26	45	21	17	24	30	16	10	28	38	14	48	3	18	
4	38	20	4	24	11	19	32	39	27	48	33	34	32	2	2	40	42	29	44	10	28	8	28	33	2	50	23	45	8	34	29	25	8	11	47	3	6	9	34	5	40	15	37	17	28	28	30	4	6	50	49	15	44	2	40	38	31	34	43	
40	11	32	14	35	21	44	34	29	22	9	37	27	32	5	22	2	15	5	34	33	22	21	50	24	7	16	15	22	37	26	33	6	9	16	14	44	49	20	48	7	9	1	42	20	38	15	37	43	22	7	44	20	16	47	42	5	47	12	45	
35	20	43	1	12	37	39	27	17	50	11	2	32	37	9	14	5	10	31	17	8	8	50	7	39	43	1	49	16	21	35	43	25	34	40	10	6	14	40	4	18	29	11	10	46	39	22	2	38	1	25	5	23	13	48	34	40	27	26	48	
47	20	38	18	18	44	39	17	28	36	13	9	2	6	45	13	2	15	1	1	30	25	4	3	44	47	24	20	22	1	18	11	49	18	7	13	14	34	16	2	34	37	22	12	38	36	31	9	47	44	44	9	41	49	14	50	5	46	47	42	
23	5	27	29	35	6	34	17	47	20	1	32	20	32	1	36	22	38	33	21	25	10	1	17	8	21	50	15	37	2	31	26	45	40	38	19	26	20	45	39	25	14	10	21	46	48	49	50	13	46	40	45	22	6	42	40	28	22	50	35	
11	34	2	44	20	8	24	7	8	16	4	16	34	32	11	18	33	31	23	11	30	12	43	14	39	28	24	49	29	49	16	23	14	45	27	42	21	40	12	6	9	44	26	6	8	50	28	17	32	44	35	18	19	16	4	27	35	20	40	25	
48	10	3	1	8	21	42	19	2	18	12	40	40	42	16	6	23	30	17	17	34	45	27	41	7	24	49	47	49	42	2	1	17	34	41	46	2	47	35	19	12	9	40	23	34	42	12	26	1	49	42	39	13	26	1	10	31	35	16	35	
14	3	28	24	31	31	41	10	13	21	31	24	10	7	14	6	8	29	8	28	8	17	17	16	17	45	38	46	23	27	39	7	24	25	20	26	45	44	39	2	41	43	42	42	33	43	38	1	1	33	31	17	23	21	9	17	27	26	45	27	
42	28	22	34	1	17	31	50	10	27	35	40	28	11	50	20	13	9	38	28	17	3	31	40	17	23	41	6	32	41	13	34	43	48	29	30	50	50	23	26	36	37	18	11	45	39	38	28	44	18	40	45	38	18	10	47	43	10	3	34	
33	28	3	12	8	33	21	16	12	44	6	29	31	49	16	32	39	22	44	31	34	11	9	33	25	24	7	30	27	20	21	27	25	23	30	26	17	39	45	22	47	21	45	5	31	14	25	24	4	4	43	47	11	31	12	16	33	33	12	44	
29	24	28	36	50	15	43	15	41	26	4	15	8	47	9	25	46	37	40	34	45	30	11	19	41	17	19	43	42	19	38	43	32	40	38	35	10	34	47	43	47	14	4	38	38	44	18	34	2	36	49	46	29	43	30	32	45	25	4	36	
14	44	31	10	19	3	41	39	36	1	15	49	47	45	36	25	49	43	48	34	34	30	40	21	35	49	15	9	26	12	26	4	40	15	43	33	11	15	40	3	35	31	25	41	16	40	12	33	42	27	8	34	23	17	4	9	31	42	4	1	
11	46	15	18	2	6	45	10	46	43	49	41	11	7	21	27	21	17	30	8	47	44	30	48	28	49	3	36	39	42	19	11	40	31	5	21	12	38	27	42	6	33	10	21	47	6	39	10	25	30	23	25	27	41	48	21	35	19	48	33	
2	39	19	38	2	3	47	14	10	1	17	44	33	35	40	40	34	28	44	29	36	47	13	28	17	32	48	15	42	14	29	25	11	36	36	2	41	12	49	38	47	48	8	30	47	9	9	14	10	50	13	21	24	50	8	20	49	43	35	35	
42	25	28	5	1	21	32	12	50	8	33	42	4	49	38	42	30	19	4	18	23	15	20	37	18	7	34	30	2	20	5	10	42	15	20	14	36	11	28	23	14	41	46	30	37	41	25	49	10	43	37	35	36	3	9	13	47	50	20	23	
45	39	2	11	5	28	1	44	23	24	13	24	17	39	38	33	35	20	6	41	7	41	16	6	20	3	48	13	28	40	19	26	30	25	10	47	25	40	30	31	49	45	45	18	16	3	8	22	9	23	27	29	21	38	24	26	26	25	20	24	
27	43	15	21	1	34	31	20	27	10	45	1	44	4	2	42	17	41	12	22	35	30	31	2	15	42	47	34	49	41	30	22	23	2	14	31	14	23	6	21	42	26	44	3	16	1	50	29	17	50	42	38	50	24	19	23	44	11	3	9	
9	40	21	26	1	45	12	18	38	33	6	14	50	15	36	11	38	31	21	1	45	41	7	43	2	15	26	11	9	31	35	20	44	10	34	11	27	33	50	6	49	50	46	9	40	14	47	7	41	24	37	1	39	22	5	4	36	19	22	42	
6	10	20	9	49	22	36	26	15	7	47	20	41	44	6	15	46	26	21	29	35	7	6	17	32	1	37	29	5	10	50	49	7	34	39	9	31	44	28	44	2	41	21	47	14	1	40	23	32	22	23	38	41	8	38	42	35	19	7	13	
9	18	3	24	15	39	42	47	8	47	27	45	21	8	12	46	15	5	49	9	39	22	7	38	10	22	31	26	22	13	37	12	41	49	15	14	11	44	13	18	31	11	44	34	37	48	42	34	4	25	11	9	19	25	27	22	18	35	35	13	
12	9	38	22	42	15	18	27	35	47	46	29	37	22	37	21	38	47	41	19	31	6	34	14	20	49	40	42	6	43	1	13	47	8	24	44	28	37	17	42	40	17	49	27	50	42	2	12	42	28	6	13	46	16	17	43	16	8	41	37	
23	33	20	21	40	48	9	41	43	21	18	44	25	19	33	31	15	21	23	44	31	25	22	7	42	36	41	36	44	20	28	8	33	44	20	13	20	13	46	9	46	39	33	29	48	15	34	19	11	4	35	40	11	22	9	47	38	10	46	40	
37	45	35	10	25	30	45	43	5	37	9	42	4	29	7	14	48	21	2	24	6	20	45	3	18	21	9	34	1	34	39	43	2	15	50	24	18	44	44	25	36	4	22	5	14	41	7	7	38	13	9	23	1	13	11	50	34	38	31	31	
41	2	43	43	13	40	29	35	24	38	21	40	50	12	30	22	17	31	38	43	12	21	30	15	23	44	47	19	33	36	41	37	28	6	7	24	34	30	48	40	20	29	46	50	25	27	49	18	47	13	4	28	27	4	46	39	28	19	33	22	
19	47	19	45	15	23	45	31	10	13	7	23	22	35	44	5	23	44	30	1	2	21	13	25	14	4	19	10	14	32	36	48	41	16	2	3	45	25	44	46	14	14	3	9	15	37	45	27	34	9	13	47	27	38	31	7	35	12	1	15	
30	39	31	21	44	41	16	18	41	3	10	14	10	5	37	17	6	2	13	13	18	18	20	23	39	10	4	49	47	36	48	49	11	12	41	44	47	13	50	36	37	46	1	15	47	44	2	2	31	24	31	19	23	13	12	8	20	3	1	8	
16	31	16	15	12	21	9	26	50	10	36	47	13	42	30	22	12	35	40	45	41	16	23	24	21	4	21	32	31	9	28	7	21	35	32	39	27	7	36	32	29	6	38	42	43	27	43	32	23	18	29	35	44	24	10	46	26	47	14	19	
27	8	43	47	37	37	43	38	47	34	35	1	27	11	41	10	27	35	10	16	29	43	32	1	13	25	22	14	18	20	11	50	6	42	24	22	48	37	35	19	25	7	47	15	43	46	1	9	47	20	34	19	35	32	4	44	47	9	19	27	
37	26	18	47	13	5	18	43	19	20	26	47	25	25	9	27	4	1	28	37	10	48	9	42	27	18	18	27	24	22	38	26	15	36	30	37	37	4	27	35	38	38	5	13	4	22	49	31	18	29	13	21	21	1	9	28	4	17	44	50	
1	50	31	44	18	6	41	41	10	12	37	25	46	8	18	26	16	12	15	17	5	37	8	24	43	28	17	27	38	13	30	4	43	3	38	2	35	39	3	34	47	21	7	36	4	26	7	43	44	26	21	38	9	39	43	36	36	9	31	46	
4	36	22	38	30	17	50	49	1	3	18	35	2	50	28	11	22	42	25	22	10	43	4	1	38	25	9	34	3	40	40	33	11	16	38	23	3	30	49	5	47	16	23	18	30	21	32	35	37	34	6	16	41	43	37	7	12	41	45	6	
44	33	34	10	7	1	49	42	29	47	33	29	31	10	29	48	40	36	35	32	32	16	5	49	14	19	44	43	47	23	47	30	20	30	37	39	27	49	30	47	22	50	19	8	5	18	46	29	24	13	8	37	17	13	16	39	43	49	5	27	
47	18	25	22	50	11	32	6	37	8	20	49	7	27	32	49	20	38	42	26	3	5	5	5	47	4	15	23	49	41	20	23	4	37	15	6	36	14	49	6	34	18	4	34	2	24	12	37	33	31	16	27	5	42	36	1	37	13	17	50	
33	1	4	36	47	48	35	35	23	16	24	4	3	6	12	27	8	11	37	27	32	29	24	7	9	41	31	45	1	15	8	42	22	5	48	24	5	26	9	45	49	39	30	11	47	10	14	30	30	48	41	20	50	43	22	35	16	48	3	17	
25	18	41	7	40	41	9	6	31	1	13	17	17	38	26	9	10	40	34	46	24	19	6	34	48	31	41	38	25	30	23	19	30	44	26	18	3	13	46	7	23	13	9	40	38	2	8	19	48	48	45	44	21	34	36	16	28	5	25	47	
28	45	13	9	25	29	37	17	10	9	44	26	45	6	13	6	2	33	38	22	31	40	12	25	49	5	39	50	45	38	44	38	31	7	29	40	37	13	41	37	50	16	18	36	2	20	27	37	46	17	20	23	3	18	17	20	29	43	43	33	
6	21	31	38	33	25	1	36	49	14	36	19	41	16	3	3	27	45	24	7	33	39	42	15	6	2	42	15	26	8	46	47	21	26	47	22	13	24	42	10	25	1	42	44	16	10	10	10	49	22	25	34	37	32	43	33	41	27	12	37	
On machine	2
20	40	12	17	5	26	16	33	40	48	37	21	23	40	1	19	16	33	47	39	24	35	30	7	11	30	2	22	9	25	1	2	16	13	28	24	5	41	20	8	34	50	40	44	46	14	36	5	43	48	10	41	6	7	17	42	38	30	49	48	
31	28	19	38	13	17	35	42	45	41	23	6	40	40	25	4	25	24	30	7	46	20	33	42	41	25	21	10	26	28	34	16	45	36	48	6	43	9	43	16	43	10	11	12	47	36	18	42	18	14	47	35	18	29	1	43	17	19	30	7	
11	22	45	27	1	27	5	33	27	22	46	18	30	50	41	15	23	12	1	27	32	50	5	40	13	36	3	33	24	27	36	5	12	40	21	16	40	33	27	47	2	30	11	7	15	27	4	34	14	50	21	35	30	8	12	30	14	50	33	30	
40	48	13	27	20	8	5	14	35	46	22	16	30	34	24	21	17	7	12	39	13	6	33	31	6	36	25	7	48	35	19	19	25	9	42	44	42	36	45	8	1	12	16	23	20	34	23	1	18	38	49	9	21	12	43	21	49	7	21	24	
21	32	27	48	33	30	24	46	42	50	5	23	30	5	39	15	38	46	16	12	26	32	13	17	19	34	27	38	7	49	34	14	31	13	6	20	45	20	45	49	17	7	5	45	31	36	24	6	36	38	48	30	31	2	45	4	49	5	12	36	
27	18	16	15	9	20	13	13	6	43	45	44	22	31	16	49	19	27	25	25	6	40	50	16	30	44	34	41	31	39	34	9	30	5	1	19	26	26	7	26	35	41	50	27	9	25	32	15	40	36	46	31	17	48	8	44	33	50	8	17	
15	15	41	43	18	50	16	15	19	35	45	4	50	42	21	35	23	30	31	50	17	17	48	37	17	42	10	25	30	12	49	19	41	46	40	15	2	9	5	11	14	16	28	26	27	20	25	13	20	14	10	36	50	24	40	18	32	1	28	31	
38	40	7	35	17	44	39	9	7	32	48	42	5	21	23	17	41	17	14	46	39	47	38	26	19	11	42	32	21	49	39	1	33	22	35	44	41	1	33	15	17	40	28	46	26	23	49	41	23	39	26	27	23	30	3	47	17	14	20	17	
47	15	42	6	8	50	25	36	23	44	36	1	46	35	48	9	23	50	47	1	4	10	21	7	48	44	13	19	12	34	29	50	38	40	19	19	44	45	33	8	37	12	32	34	36	1	32	15	24	22	45	27	6	33	8	9	18	25	27	1	
50	37	27	49	1	14	8	5	7	11	26	26	32	49	10	49	40	5	40	14	15	35	37	36	31	26	3	15	30	4	45	7	7	21	8	37	37	43	31	21	18	16	33	2	37	8	24	11	38	43	36	23	8	5	41	38	27	29	8	30	
11	43	33	32	4	20	6	49	22	18	47	12	30	14	44	2	43	45	38	3	22	33	15	39	15	11	26	18	16	24	24	16	14	6	27	38	22	46	50	38	33	38	38	34	24	37	13	35	16	14	45	39	15	17	32	27	42	12	47	49	
18	29	45	43	22	5	50	12	19	11	15	1	5	11	16	46	8	21	15	33	4	17	15	29	14	27	28	33	17	8	14	29	17	26	28	4	11	32	48	37	20	45	39	11	48	4	2	35	34	30	28	32	48	40	48	6	29	6	40	18	
36	4	39	13	49	47	41	4	21	49	47	12	20	24	50	27	22	33	17	8	3	10	20	16	33	17	35	10	32	47	34	9	6	44	4	47	6	7	30	13	17	12	13	50	49	24	12	35	30	34	37	32	22	12	23	2	24	31	36	38	
40	28	40	1	42	20	42	36	35	50	16	31	44	48	2	17	46	22	38	44	37	5	40	30	11	44	8	36	29	46	44	11	30	20	41	33	7	4	45	6	47	6	23	33	27	29	33	40	9	38	2	21	34	42	42	35	39	35	2	4	
3	45	11	42	43	49	26	17	39	34	17	40	45	19	42	49	12	42	17	47	3	50	6	5	42	11	7	50	13	32	31	12	9	41	37	32	12	37	5	20	40	18	39	49	13	47	21	14	17	12	47	16	31	42	44	11	25	40	43	39	
7	39	11	29	7	10	27	43	33	6	34	2	23	41	38	14	43	34	40	43	14	37	39	24	31	6	30	44	11	42	40	1	22	18	40	9	4	34	41	22	28	24	30	17	13	37	36	26	12	20	18	19	19	25	29	26	14	8	43	17	
39	25	40	34	33	24	5	17	46	3	4	29	36	13	27	34	10	27	17	15	49	13	45	1	16	7	36	15	5	36	20	15	42	17	27	2	32	31	32	27	29	45	18	29	16	24	9	6	47	44	38	50	37	49	29	24	28	16	2	30	
38	39	32	50	28	40	47	30	20	26	11	14	10	33	29	12	31	23	17	18	47	38	11	45	47	37	31	45	8	4	21	9	45	3	21	21	24	22	5	35	8	49	7	15	37	43	28	21	45	11	13	35	30	39	14	1	31	43	32	12	
21	18	42	22	3	42	15	20	11	49	24	23	38	33	19	25	6	45	21	45	42	3	23	27	13	30	13	44	35	36	17	46	43	4	29	8	14	38	28	29	35	45	32	21	28	16	17	43	9	28	2	12	16	29	48	36	21	38	29	43	
18	21	22	44	11	42	19	49	40	37	9	3	21	29	5	1	27	46	39	26	27	14	16	38	35	19	6	15	40	27	33	19	31	47	39	7	23	28	22	16	45	3	13	41	2	22	28	26	8	25	44	25	11	21	48	34	33	35	36	40	
39	24	1	40	24	27	12	48	42	38	46	22	48	14	16	47	26	10	19	12	8	19	44	28	47	35	35	32	36	7	48	42	8	5	47	41	19	31	21	34	21	32	18	37	49	12	8	12	33	10	16	18	42	41	5	46	8	39	31	39	
30	26	2	28	24	12	33	38	41	18	31	22	28	18	42	19	25	25	5	24	28	38	45	45	2	37	11	20	39	17	44	50	3	34	47	45	50	21	12	48	18	37	14	13	6	38	33	39	31	28	22	42	24	26	33	33	42	20	49	23	
18	33	8	6	12	23	35	48	32	20	42	35	28	32	10	12	45	33	15	35	36	11	12	48	46	8	29	28	29	3	12	44	12	36	1	50	50	49	18	33	27	17	25	30	25	48	9	33	46	21	14	10	32	14	31	33	49	44	1	3	
40	28	28	22	39	6	10	3	48	36	23	1	36	14	26	28	44	27	8	13	40	44	7	33	45	9	21	46	31	15	37	20	29	5	25	26	24	21	24	6	36	4	25	10	3	1	42	26	44	29	7	15	15	2	44	19	24	50	46	22	
36	15	27	16	13	40	7	12	22	43	16	28	38	9	6	47	22	45	7	13	47	29	24	6	24	33	9	39	18	23	20	44	1	21	48	48	5	43	41	9	31	14	31	9	5	17	16	18	45	48	39	39	5	31	30	29	14	37	23	20	
32	32	28	28	11	44	31	19	27	35	19	39	14	29	1	32	2	16	9	20	50	9	15	7	30	24	34	35	43	48	44	49	20	10	7	3	8	40	26	20	45	38	1	50	42	9	28	50	3	5	7	44	47	15	27	43	13	14	48	47	
48	49	32	1	13	41	19	19	17	17	35	34	42	5	32	41	33	30	30	12	45	34	35	36	40	27	5	36	36	22	2	15	10	4	2	8	34	41	22	2	3	49	16	14	39	42	46	41	15	49	16	37	7	34	42	15	9	44	49	10	
47	48	15	40	21	43	20	13	5	40	13	15	46	40	28	9	7	48	12	16	45	36	27	18	18	4	26	25	48	12	10	50	21	46	41	39	1	30	7	28	6	36	46	33	5	11	35	39	41	9	1	40	24	27	31	8	12	22	39	17	
26	26	11	29	11	30	38	29	17	9	3	11	16	41	39	50	11	32	49	31	49	8	42	30	15	28	40	17	39	20	5	1	46	47	12	45	29	18	13	39	12	8	50	37	20	35	17	22	14	20	9	4	19	25	43	40	43	21	43	8	
26	23	29	42	15	19	43	21	35	25	34	34	9	3	45	13	35	26	40	44	2	29	18	1	16	43	4	1	44	8	12	39	28	6	8	31	23	17	50	35	2	30	47	9	7	18	22	31	5	9	4	34	14	8	20	3	15	8	27	33	
14	7	7	42	46	15	24	13	21	15	34	42	42	15	9	27	34	29	31	25	36	40	8	33	47	5	25	1	5	17	50	46	46	31	22	2	22	7	45	27	35	21	37	18	49	23	40	13	28	43	45	20	30	10	39	25	10	34	49	10	
16	46	15	10	27	28	24	50	15	4	25	35	24	5	13	14	11	48	50	47	10	30	41	48	28	46	37	2	24	44	42	1	26	7	14	49	5	30	30	38	39	46	21	40	37	8	43	5	11	2	34	14	23	12	30	16	5	32	28	25	
35	29	8	38	9	40	45	30	25	45	30	24	43	5	11	16	6	48	4	8	10	25	43	29	25	9	25	37	48	24	6	3	39	34	23	20	45	7	26	42	22	5	16	11	32	17	9	48	20	44	50	46	14	25	45	25	3	7	47	48	
32	43	4	46	7	37	11	27	48	44	44	50	46	18	14	23	10	18	14	12	47	49	1	49	24	43	12	29	34	22	15	28	35	38	8	22	4	47	24	41	41	45	22	10	26	44	23	23	4	45	14	3	20	47	46	4	1	49	2	40	
28	40	4	44	9	47	4	10	10	22	40	37	7	11	3	15	17	6	10	1	8	46	32	28	12	20	29	39	37	16	26	33	5	10	43	23	16	1	35	12	30	36	32	14	25	16	1	2	3	29	48	21	7	22	43	16	11	48	46	41	
47	49	16	6	46	30	44	49	16	50	29	49	31	44	5	46	37	44	48	48	29	3	22	19	32	38	12	22	48	31	31	36	13	46	22	48	27	28	7	45	46	26	31	40	41	3	37	10	30	47	29	20	33	49	15	23	9	24	37	6	
16	32	19	39	44	45	33	20	18	20	38	26	21	25	47	22	3	17	22	28	46	27	36	8	22	37	4	16	9	28	18	1	19	44	49	43	23	12	5	27	35	48	8	45	15	43	43	44	50	21	27	45	48	50	7	29	35	3	40	41	
31	45	15	34	39	47	15	30	50	13	15	28	23	42	28	33	19	8	10	23	44	35	38	45	37	14	41	3	20	17	24	34	1	2	34	4	5	16	27	35	16	46	28	40	34	44	10	9	30	48	10	24	29	8	25	37	45	35	17	29	
24	12	48	12	8	25	21	50	5	11	19	24	7	27	27	24	21	12	4	2	26	6	22	13	24	44	32	4	31	26	7	43	31	20	20	27	19	41	40	37	21	4	40	32	8	33	14	9	27	20	30	43	30	22	46	1	42	38	18	3	
17	15	11	22	32	6	17	33	10	42	8	2	49	5	48	37	42	10	12	5	43	9	41	9	42	21	50	3	26	7	50	33	34	47	41	1	30	5	43	23	5	16	48	40	46	50	31	6	17	36	46	23	35	33	49	48	7	28	9	42	
31	13	28	14	9	49	5	23	25	43	28	36	5	19	50	4	12	13	36	16	14	3	16	17	33	15	46	1	48	11	47	35	37	1	40	41	32	31	18	21	42	15	47	46	39	7	8	20	12	13	42	14	28	3	50	35	11	40	15	29	
15	28	10	35	20	35	44	1	2	17	47	1	4	36	40	38	14	50	37	5	1	36	19	7	13	28	19	8	19	11	7	21	7	30	47	21	39	24	49	37	32	14	30	28	41	31	2	2	15	18	19	16	50	15	17	27	22	16	11	15	
7	11	28	22	47	36	28	13	7	44	36	34	8	11	5	39	16	41	15	20	4	27	8	18	37	21	45	9	50	10	49	22	15	10	18	16	3	14	37	22	34	37	23	15	19	14	17	29	18	8	45	31	41	48	43	2	40	34	31	15	
19	10	49	36	45	5	5	30	41	15	19	30	13	43	12	13	41	44	46	1	47	41	13	15	13	27	2	27	27	4	19	16	32	5	37	21	31	28	1	28	18	5	18	30	27	18	43	17	17	19	40	16	14	26	45	26	49	31	13	50	
46	25	27	4	1	30	18	34	46	8	8	5	37	46	31	38	2	34	25	40	46	43	36	7	10	37	15	8	41	41	43	29	41	15	6	28	19	3	28	37	29	11	14	23	15	4	26	7	15	47	22	20	12	48	6	15	19	28	38	44	
12	35	26	17	31	15	29	47	3	10	25	15	13	12	23	19	11	41	39	38	32	8	32	34	4	2	8	39	39	33	30	44	27	45	35	39	19	5	24	9	1	48	35	47	6	8	13	8	11	19	45	33	2	35	40	1	11	37	39	19	
25	6	45	41	28	46	14	10	12	45	17	1	24	14	5	16	30	23	14	25	49	46	4	35	14	48	35	28	27	18	13	32	16	45	20	25	38	14	21	21	50	25	8	19	7	8	2	31	22	32	6	15	36	3	11	30	22	29	11	50	
48	39	15	17	41	36	1	43	22	10	7	35	33	5	30	36	16	9	28	42	5	43	45	44	11	10	36	11	23	44	10	40	12	15	33	35	8	28	13	16	26	8	22	23	40	39	7	10	43	11	25	36	39	49	36	21	40	44	45	12	
44	7	48	45	31	7	9	37	39	15	26	39	22	15	20	14	44	19	29	42	11	26	35	11	23	16	18	10	2	28	11	22	19	16	43	4	37	23	2	14	32	46	22	49	45	3	26	27	12	49	41	25	35	12	35	40	36	19	38	2	
36	32	28	38	19	31	31	12	32	25	28	19	29	50	24	22	40	44	18	22	41	31	6	40	12	13	8	15	36	13	30	45	12	12	8	1	47	32	6	7	50	3	2	6	18	37	6	41	48	24	42	32	21	20	10	46	27	19	27	5	
10	13	8	40	9	21	16	20	47	48	24	12	19	15	32	6	35	19	29	48	19	48	15	48	20	48	5	5	50	2	7	5	35	4	45	34	16	26	20	35	16	17	37	14	13	34	36	39	2	21	27	40	20	14	24	19	21	16	48	4	
9	20	27	15	3	40	1	13	3	15	42	19	48	1	41	20	16	29	11	4	45	17	14	7	38	9	9	48	15	27	33	39	27	10	16	22	3	16	16	16	3	1	7	25	34	38	9	11	6	40	35	19	47	46	13	46	13	16	46	18	
36	26	24	11	23	42	3	10	14	15	7	13	5	20	42	10	41	4	28	29	42	4	8	26	21	16	48	42	8	47	14	30	19	10	19	32	43	18	5	16	44	35	6	43	29	50	45	24	29	33	26	1	43	37	15	43	6	16	27	40	
13	35	13	12	39	27	21	49	46	22	46	22	33	37	50	20	7	23	18	39	9	1	15	31	38	41	30	27	2	48	31	9	3	45	29	15	50	6	19	23	33	24	32	29	14	35	13	1	34	35	31	19	27	25	44	14	19	32	27	12	
23	48	45	7	41	36	16	47	34	38	7	50	18	36	4	32	28	37	21	13	47	14	22	32	20	39	31	20	22	27	37	50	12	36	38	49	21	3	17	10	20	37	45	1	46	10	14	30	32	22	5	11	11	20	4	25	7	47	18	22	
46	22	22	9	20	12	14	28	31	40	28	25	45	44	49	6	18	41	24	16	41	46	11	20	18	14	6	18	26	47	27	39	50	48	1	4	10	43	49	21	4	6	45	39	44	31	4	36	16	43	39	6	17	34	44	26	12	36	28	32	
8	39	3	42	38	17	14	33	42	9	9	1	20	25	20	8	10	40	50	19	16	26	49	39	50	26	28	36	7	43	6	21	46	3	45	30	27	24	1	30	37	9	22	47	15	21	25	24	1	11	25	4	43	36	29	29	23	11	17	17	
13	28	29	7	26	3	3	41	26	29	5	21	42	8	44	44	9	50	33	26	17	47	8	50	10	15	43	47	35	27	42	6	24	41	7	21	30	19	1	20	7	24	8	5	33	48	43	1	13	50	39	40	23	18	46	40	12	5	37	37	
6	10	3	17	22	8	18	2	20	12	43	22	5	2	28	20	33	9	45	37	2	23	22	15	24	27	9	13	22	48	50	2	7	12	16	24	3	30	43	12	49	24	24	36	47	34	50	33	40	1	12	10	10	25	18	8	40	11	15	1	
40	50	2	17	17	19	35	1	43	26	19	3	17	16	25	32	5	12	15	16	48	32	8	49	33	4	45	2	2	34	37	7	28	49	35	34	44	30	19	18	28	46	1	20	34	47	28	36	14	25	49	28	48	45	35	29	49	31	10	2	
