Factories	2
Families	40
Machines	4
SetupType	2

Number of Jobs in each Family
9	6	6	1	4	1	9	7	5	7	6	7	6	4	2	8	8	5	6	3	9	9	8	2	4	2	9	10	9	3	2	5	4	4	8	7	9	1	2	2	

Jobs in each Family
0	1	2	3	4	5	6	7	8	
9	10	11	12	13	14	
15	16	17	18	19	20	
21	
22	23	24	25	
26	
27	28	29	30	31	32	33	34	35	
36	37	38	39	40	41	42	
43	44	45	46	47	
48	49	50	51	52	53	54	
55	56	57	58	59	60	
61	62	63	64	65	66	67	
68	69	70	71	72	73	
74	75	76	77	
78	79	
80	81	82	83	84	85	86	87	
88	89	90	91	92	93	94	95	
96	97	98	99	100	
101	102	103	104	105	106	
107	108	109	
110	111	112	113	114	115	116	117	118	
119	120	121	122	123	124	125	126	127	
128	129	130	131	132	133	134	135	
136	137	
138	139	140	141	
142	143	
144	145	146	147	148	149	150	151	152	
153	154	155	156	157	158	159	160	161	162	
163	164	165	166	167	168	169	170	171	
172	173	174	
175	176	
177	178	179	180	181	
182	183	184	185	
186	187	188	189	
190	191	192	193	194	195	196	197	
198	199	200	201	202	203	204	
205	206	207	208	209	210	211	212	213	
214	
215	216	
217	218	

Total number of jobs
219

Processing times of jobs
5	5	10	8	
4	5	2	1	
4	2	2	7	
10	7	2	4	
2	6	9	6	
6	7	6	10	
5	4	3	9	
8	5	3	3	
10	10	4	6	
7	6	7	4	
9	9	3	9	
6	10	7	1	
4	3	9	4	
6	9	5	4	
4	3	5	5	
6	6	1	4	
4	8	3	3	
7	4	8	7	
5	10	10	5	
7	7	5	3	
10	10	2	5	
5	4	6	9	
5	2	2	9	
7	5	9	5	
2	2	6	6	
5	7	1	4	
1	1	4	3	
1	1	8	6	
3	4	8	5	
8	4	8	5	
3	1	7	7	
9	4	7	3	
10	6	2	3	
5	10	10	2	
3	8	4	2	
9	3	4	1	
5	3	6	3	
5	10	6	1	
6	9	1	3	
5	2	8	5	
10	6	7	2	
4	3	4	7	
9	2	1	6	
3	2	8	4	
8	7	1	1	
3	3	4	1	
3	7	3	8	
2	9	1	9	
9	2	9	5	
2	7	9	6	
6	3	9	4	
5	5	8	2	
7	6	5	1	
8	1	2	2	
6	8	9	10	
6	3	6	2	
3	2	9	6	
5	10	7	7	
6	10	8	2	
4	1	10	8	
3	7	10	3	
8	4	1	5	
5	5	6	8	
5	9	1	2	
8	7	6	5	
2	1	8	7	
2	7	1	9	
5	8	1	6	
2	4	9	2	
2	3	8	6	
9	9	5	9	
9	8	7	5	
7	9	1	2	
1	7	9	6	
6	3	9	7	
8	9	2	4	
4	9	3	8	
10	8	3	9	
4	7	4	3	
8	2	1	7	
1	3	7	9	
10	5	9	8	
6	3	8	10	
7	1	3	10	
9	2	2	8	
7	10	5	4	
7	10	4	10	
5	6	2	10	
4	8	8	1	
8	8	8	5	
3	10	3	8	
4	7	7	6	
5	10	7	8	
7	2	9	9	
6	10	1	2	
7	2	3	4	
4	8	6	2	
7	4	10	2	
3	9	9	9	
3	10	3	3	
1	3	7	9	
6	9	5	5	
7	6	7	3	
2	6	8	2	
9	1	4	10	
3	6	7	7	
10	1	6	2	
5	4	9	2	
8	6	3	9	
5	4	9	5	
7	8	3	10	
10	3	5	6	
5	8	3	1	
9	2	10	7	
3	7	1	1	
7	8	5	1	
8	9	9	10	
4	8	6	3	
6	8	3	7	
6	4	5	1	
1	6	3	7	
3	9	9	3	
1	1	4	1	
1	10	2	5	
1	5	9	4	
3	2	6	4	
10	7	9	8	
4	8	3	10	
6	3	5	8	
6	5	4	5	
7	8	8	10	
5	3	7	2	
4	9	6	9	
3	7	7	4	
10	8	7	4	
2	2	1	5	
8	3	10	8	
2	1	8	7	
3	10	2	7	
9	5	7	2	
5	4	9	6	
5	3	7	5	
2	1	10	7	
7	6	2	10	
7	7	4	2	
7	6	8	1	
7	5	10	10	
8	1	1	5	
2	3	7	9	
1	5	1	3	
10	7	1	5	
4	6	5	7	
1	3	7	6	
6	6	10	7	
5	8	1	9	
3	10	1	5	
6	7	2	3	
3	6	3	5	
7	4	6	2	
10	9	8	8	
9	2	2	5	
1	10	1	2	
5	4	4	2	
4	5	7	7	
1	7	7	2	
3	9	4	9	
9	9	2	5	
8	7	6	10	
2	9	10	1	
1	2	9	1	
4	3	9	2	
9	3	6	5	
10	3	6	7	
1	9	7	4	
1	10	2	4	
7	9	9	7	
2	1	10	7	
4	7	7	8	
10	1	6	3	
6	6	9	4	
5	4	6	2	
2	3	7	4	
9	4	8	7	
10	2	2	9	
7	7	3	9	
6	3	10	6	
1	9	9	4	
8	7	10	9	
8	7	4	2	
9	2	8	10	
7	6	1	5	
8	5	10	3	
9	9	1	10	
6	9	4	7	
7	5	2	6	
5	6	10	6	
4	1	2	7	
4	1	10	8	
4	8	7	10	
4	3	1	5	
7	2	8	6	
4	10	4	7	
5	2	8	5	
3	6	4	9	
9	9	5	2	
1	9	9	10	
4	7	3	10	
10	2	10	5	
7	8	5	10	
4	7	1	4	
5	9	4	1	
9	9	10	10	
3	8	1	1	
4	2	3	1	
5	9	10	5	
10	5	6	7	
7	1	1	6	
1	7	1	4	
5	5	7	10	

Stepup times between Families, where [f][f] represents initial setup time
On machine	1
2	9	21	5	13	29	7	3	6	25	6	44	14	13	20	27	24	46	29	6	30	18	32	11	21	14	23	19	16	19	12	4	40	16	34	43	33	41	22	44	
32	49	45	35	46	13	42	31	27	48	47	32	7	13	5	41	26	5	50	12	7	8	35	38	41	49	35	17	9	9	36	45	30	1	5	41	3	24	41	22	
3	15	10	5	16	16	39	24	21	24	46	13	40	29	40	9	34	32	25	43	34	13	22	29	22	48	29	50	17	19	33	28	4	12	23	12	15	43	4	40	
2	4	30	27	43	30	41	49	17	49	11	38	36	14	47	19	14	10	41	46	34	21	30	4	37	24	14	47	20	11	31	39	34	25	48	5	19	32	31	21	
22	7	13	16	10	9	39	18	32	36	28	17	26	33	41	36	45	46	45	26	11	48	13	16	5	16	9	49	38	49	15	5	19	38	45	23	44	3	23	34	
39	26	18	29	46	12	15	30	44	47	1	29	6	7	4	32	19	38	46	43	6	35	24	11	33	45	20	23	22	13	32	2	48	29	38	48	21	23	35	4	
48	35	17	18	29	28	5	31	3	37	9	4	37	13	18	1	39	27	39	26	3	7	14	6	49	11	7	8	31	40	38	28	44	25	33	20	22	10	7	42	
35	2	25	9	40	40	3	35	18	17	3	11	13	12	28	14	44	31	25	21	6	24	44	2	6	24	23	12	13	46	34	39	30	13	27	28	34	2	46	22	
17	44	22	36	49	48	8	10	26	40	47	3	16	30	19	42	10	31	20	20	34	29	2	12	8	23	15	20	23	1	40	2	41	8	18	26	43	24	3	44	
7	27	31	49	12	35	4	31	16	15	35	35	34	50	24	35	5	42	33	49	29	10	43	30	29	34	9	24	49	40	38	28	33	23	26	1	5	24	2	15	
25	23	7	31	36	37	21	48	48	5	20	39	10	25	6	13	36	39	23	16	6	19	17	44	41	16	23	23	5	22	45	42	20	40	21	46	16	41	30	39	
29	21	7	4	31	33	6	39	11	10	50	28	24	10	5	4	1	19	30	21	44	12	44	40	43	25	39	18	14	20	27	45	46	5	7	50	5	47	36	44	
18	11	8	28	31	16	46	36	20	1	46	23	4	36	36	21	16	29	17	35	13	29	7	16	34	14	7	1	20	2	46	30	41	16	25	20	40	2	45	17	
42	5	48	49	6	5	37	27	17	28	24	17	45	6	19	7	47	12	25	49	46	23	50	15	1	49	45	23	25	2	19	23	31	16	44	9	23	9	24	2	
11	19	25	49	50	16	13	17	23	2	5	15	43	11	23	34	24	12	17	20	2	9	10	46	38	7	19	6	50	28	4	21	17	41	9	45	13	32	10	44	
41	46	8	21	20	7	20	34	20	34	8	15	16	41	43	26	15	11	17	44	14	11	27	40	37	39	14	8	48	32	50	38	31	47	15	2	11	25	36	49	
18	47	9	37	43	42	33	37	2	17	13	9	16	37	4	30	29	36	36	37	33	21	47	48	6	47	6	29	32	20	49	8	37	40	38	34	48	7	28	15	
40	38	42	37	25	40	25	49	3	39	21	42	49	25	26	49	6	13	24	2	38	5	12	7	47	11	12	22	49	29	1	34	28	30	2	28	14	26	27	32	
7	37	35	41	16	13	11	25	1	4	22	39	19	33	7	40	21	18	7	27	50	34	19	45	30	16	50	50	8	12	37	17	22	36	14	26	7	45	48	33	
34	50	44	22	50	47	45	3	2	36	11	47	22	46	46	34	16	19	7	17	35	38	15	4	19	3	50	43	30	50	15	1	35	6	37	33	49	16	31	4	
19	22	40	41	29	24	25	35	8	46	3	11	27	13	28	28	38	28	13	35	29	37	19	37	17	50	18	19	30	31	49	36	6	50	3	19	48	3	38	16	
30	14	16	29	38	11	8	5	21	25	39	28	37	19	25	33	16	23	35	10	14	41	8	23	30	22	8	4	31	13	4	7	43	28	16	15	35	42	30	34	
29	47	37	12	22	17	46	29	38	15	34	18	39	3	50	4	49	13	3	23	12	31	46	40	30	21	33	30	45	7	31	30	46	25	48	27	20	10	38	31	
22	45	34	19	14	47	42	2	37	5	3	14	14	18	2	13	43	14	31	21	30	15	27	21	40	11	5	31	6	17	17	25	48	6	4	7	37	26	45	21	
23	5	11	1	31	3	3	36	50	2	48	28	2	16	9	37	48	13	22	10	25	48	32	17	12	29	19	40	6	37	35	31	5	8	47	18	25	27	27	8	
11	5	32	9	45	50	34	38	48	16	3	36	8	18	22	26	15	37	36	44	40	13	13	50	19	19	8	21	43	50	45	19	1	32	29	23	14	14	16	4	
15	44	37	27	36	4	23	2	45	28	39	41	43	31	42	48	34	17	15	45	39	8	40	28	35	2	31	40	49	14	34	23	15	46	1	19	14	19	50	47	
24	39	6	3	9	8	32	7	42	19	6	7	49	12	6	14	47	22	18	33	8	11	43	7	16	44	21	44	15	20	44	25	29	48	28	35	13	1	50	11	
37	2	45	41	16	14	16	29	5	41	22	24	38	24	27	45	37	2	50	39	16	50	39	20	24	42	38	7	4	26	47	39	18	32	41	46	17	3	5	17	
19	47	16	14	6	12	49	25	20	38	19	48	28	50	38	28	42	29	18	38	3	36	45	41	49	50	13	36	18	30	33	31	11	39	19	5	32	28	30	19	
41	30	5	5	1	12	30	47	35	10	9	47	9	28	2	11	35	3	26	43	17	32	43	8	12	17	46	49	36	12	6	15	13	47	8	4	21	19	5	20	
25	42	30	33	49	39	15	27	18	30	41	45	20	8	18	36	21	12	21	12	45	13	5	49	4	14	48	43	28	16	10	43	39	7	27	13	50	28	11	1	
20	44	10	20	33	43	38	16	24	8	12	10	21	1	6	23	34	30	32	31	11	16	8	23	23	26	45	35	7	30	47	43	8	46	1	47	50	16	11	16	
27	14	36	24	30	25	6	19	6	37	35	27	33	12	19	40	6	29	35	12	39	38	19	43	46	15	41	16	35	47	24	20	19	13	20	50	38	39	40	7	
50	30	20	11	10	15	27	15	26	19	47	8	14	49	9	44	4	18	35	20	3	43	8	42	48	12	14	33	18	2	14	16	7	14	17	20	26	30	45	40	
19	24	7	50	40	36	21	34	35	46	33	34	23	5	6	30	10	42	39	36	27	49	16	28	30	18	15	46	19	20	12	20	44	11	4	50	25	49	40	20	
18	33	48	30	20	38	19	16	24	41	18	1	43	41	28	40	20	45	12	27	45	20	29	41	11	39	19	35	48	39	12	21	29	34	3	30	18	9	31	44	
10	4	9	6	30	25	26	47	31	37	27	37	49	24	40	26	4	41	15	29	27	1	43	9	36	28	48	38	31	21	36	43	43	18	43	39	38	43	14	43	
22	29	27	10	46	13	7	27	36	38	15	25	44	38	4	36	37	36	32	8	4	39	21	23	49	8	33	28	38	42	44	6	2	43	50	16	18	48	46	45	
47	12	33	27	37	43	5	35	22	21	10	9	42	28	35	27	10	26	19	26	4	27	40	27	7	46	43	26	1	40	3	48	43	34	17	24	36	49	25	41	
On machine	2
46	34	18	24	18	20	24	46	9	48	18	23	10	25	26	50	49	44	30	4	20	48	6	34	35	48	6	40	32	29	47	36	40	18	37	21	2	12	27	39	
48	4	25	22	5	39	19	44	3	32	48	35	35	49	41	35	17	7	3	42	24	33	37	19	32	5	25	33	42	30	45	9	35	34	16	43	4	30	48	19	
41	47	44	50	6	32	38	49	24	21	2	34	45	48	4	2	24	20	21	40	2	40	4	14	43	33	7	21	43	49	36	12	23	1	28	45	18	23	23	23	
42	39	14	2	35	37	19	49	2	44	38	22	14	13	49	7	39	25	49	24	12	19	35	27	46	45	37	20	23	7	20	34	9	2	6	10	16	3	15	22	
39	32	2	9	17	32	29	7	19	33	31	3	19	7	7	34	43	3	18	18	8	8	25	10	18	44	8	26	49	7	18	31	12	13	2	14	36	49	22	2	
21	11	6	38	26	17	43	33	3	8	17	32	17	44	34	46	49	16	49	47	48	32	32	2	35	40	37	11	28	7	6	7	49	37	22	26	47	12	46	26	
28	36	39	8	44	2	50	14	47	32	14	38	45	5	26	45	38	40	33	45	42	10	16	40	27	7	8	17	2	13	31	14	46	48	31	21	22	17	10	42	
2	47	1	45	11	40	9	33	43	47	32	24	44	33	17	49	2	13	31	4	11	31	38	25	3	1	7	29	33	39	22	34	48	37	20	47	2	10	24	38	
37	20	32	39	36	10	50	16	3	2	25	49	34	35	40	10	29	4	39	4	16	16	13	14	28	21	44	20	9	13	17	33	12	23	27	46	24	30	36	3	
50	13	1	46	13	16	50	50	45	44	44	4	31	49	46	36	4	6	20	40	48	36	38	7	48	29	9	33	35	26	7	43	47	41	29	21	28	23	28	3	
5	32	35	15	34	48	21	21	4	41	45	19	49	7	27	12	8	4	30	38	12	17	23	42	50	38	46	14	33	31	45	1	19	17	3	9	10	46	45	21	
47	17	8	11	13	45	50	2	45	17	16	49	41	34	23	15	20	49	9	1	29	38	1	17	45	41	31	22	39	34	18	3	39	32	7	25	48	9	23	26	
13	29	45	33	36	31	22	35	22	39	28	36	7	11	6	12	50	35	1	4	27	11	23	4	16	37	38	31	44	17	19	17	36	26	18	8	22	31	32	28	
4	1	35	42	42	18	17	12	2	22	3	24	12	16	33	2	41	28	10	2	12	42	27	45	25	33	32	23	23	36	8	36	38	34	11	7	16	41	36	6	
35	31	40	48	3	28	36	17	42	10	6	25	2	14	26	21	28	34	12	48	17	24	3	13	30	44	29	15	11	7	37	32	10	33	29	23	33	34	13	28	
20	23	40	34	46	6	42	27	45	36	46	10	50	6	9	15	6	26	8	36	12	19	30	30	34	19	42	32	30	44	25	12	27	18	3	49	33	32	48	7	
46	3	30	41	7	9	19	47	11	16	13	22	43	49	32	20	23	12	36	19	34	9	40	1	35	2	32	36	36	43	6	43	20	24	9	37	43	25	34	26	
44	45	32	3	10	46	40	6	41	2	42	32	31	5	27	4	21	25	5	11	49	34	47	25	29	12	38	9	30	44	34	24	41	47	5	31	12	16	44	4	
11	36	36	48	14	16	44	33	13	40	17	4	2	4	6	49	1	36	14	1	30	45	9	40	26	31	13	18	10	22	49	32	3	25	25	9	10	45	32	44	
26	9	37	49	47	32	1	23	50	39	34	6	5	44	14	26	20	12	47	13	44	18	32	42	11	46	40	24	35	43	22	13	30	21	47	41	18	30	11	4	
16	7	50	16	20	34	12	28	39	47	29	44	14	31	21	30	13	22	43	37	41	12	28	46	43	4	24	40	5	23	40	30	20	29	48	38	15	15	46	30	
11	3	8	20	32	46	19	45	42	14	40	35	48	48	21	33	10	39	4	42	18	7	25	26	35	39	23	12	26	13	3	11	23	32	11	22	38	39	40	49	
49	25	50	42	47	36	37	12	23	21	8	39	36	35	43	29	42	27	30	10	14	5	31	49	27	47	43	6	15	27	13	24	8	14	16	28	32	20	23	1	
48	47	9	23	24	5	18	7	23	22	23	18	6	16	6	23	48	35	4	32	12	30	7	10	41	50	31	49	1	49	34	7	16	42	15	36	35	16	3	16	
44	45	29	8	36	40	19	9	48	21	24	7	3	33	38	21	44	23	29	40	19	15	41	10	35	1	43	34	7	47	27	21	26	24	6	31	20	29	33	4	
5	39	6	2	40	22	19	48	32	48	7	19	7	50	22	14	25	30	37	6	49	46	16	39	13	43	25	39	49	28	12	10	20	33	21	41	36	42	3	30	
20	46	22	3	39	42	5	17	15	6	22	6	5	20	7	20	29	13	31	47	31	5	27	39	31	33	14	9	3	46	8	11	32	16	44	26	7	19	26	33	
49	15	33	37	23	33	13	45	7	1	50	23	42	33	29	29	42	43	7	28	25	45	30	12	8	9	38	19	42	20	47	28	12	17	50	38	4	10	26	30	
13	13	3	14	48	29	30	34	30	30	20	16	35	4	26	21	40	36	14	46	24	38	48	48	40	11	12	5	2	45	2	17	50	30	21	50	14	14	21	11	
8	46	18	5	9	50	47	10	8	18	41	21	41	43	48	20	21	24	8	10	25	23	40	4	44	24	13	11	29	3	19	26	8	50	8	31	37	46	6	13	
47	11	2	23	13	24	14	24	48	50	32	18	17	41	15	1	1	9	1	24	17	15	6	50	50	14	11	8	48	50	10	16	42	14	39	27	17	31	21	33	
33	47	13	40	7	14	50	34	36	3	33	17	38	13	20	1	6	12	40	1	6	39	45	3	15	35	42	47	15	4	27	43	7	10	4	12	12	19	12	27	
33	49	6	17	38	47	18	28	50	43	21	22	32	20	25	25	44	37	10	22	19	43	47	27	42	27	17	27	2	38	29	24	41	49	5	46	16	44	29	47	
43	16	10	18	28	50	11	46	40	44	7	28	33	30	43	7	4	7	17	47	1	8	39	46	18	28	32	49	27	21	44	23	50	43	22	18	4	34	36	13	
19	48	17	5	27	48	5	8	22	1	20	34	33	45	45	31	38	18	34	46	26	17	2	34	41	14	50	12	19	45	34	7	49	19	12	25	44	49	3	50	
4	2	31	46	29	5	40	19	48	8	32	43	4	47	35	45	34	6	50	30	21	50	32	40	3	18	19	10	41	7	30	18	50	9	39	27	36	45	18	44	
28	47	10	10	26	48	35	50	39	39	5	44	11	25	1	8	5	27	47	14	17	8	44	34	43	45	4	17	41	20	12	28	32	18	1	3	39	1	41	42	
31	40	44	30	25	47	5	1	48	20	28	23	6	7	31	15	3	39	9	38	31	21	3	19	43	36	26	39	44	42	36	31	25	28	23	25	21	22	41	47	
16	49	10	37	10	39	38	45	38	30	14	30	17	1	33	3	7	36	37	36	48	30	14	24	37	24	42	2	42	46	14	37	9	15	37	43	20	39	42	24	
39	14	10	16	42	14	36	29	32	9	35	43	7	49	48	48	21	13	14	15	34	38	22	29	14	19	41	21	30	40	9	32	6	40	34	30	3	26	47	27	
On machine	3
49	7	40	26	17	8	23	40	1	33	49	33	47	25	13	10	37	42	25	4	34	44	42	19	18	21	46	10	35	42	24	11	26	35	11	2	42	7	49	21	
17	47	45	26	48	39	10	36	8	1	26	7	15	43	30	30	31	22	41	22	44	26	1	29	32	7	9	49	49	15	19	49	50	9	34	10	47	24	31	12	
4	26	33	25	27	8	45	8	49	50	34	18	18	47	48	41	9	15	12	31	25	49	16	23	49	14	25	19	32	9	20	6	43	29	29	21	5	47	19	1	
49	4	25	46	2	14	6	41	47	18	7	9	46	27	20	31	50	46	4	2	16	36	39	39	45	23	26	39	13	41	49	34	41	39	23	22	44	12	49	39	
27	21	44	9	2	12	39	5	41	14	2	5	33	48	3	41	31	18	42	38	7	15	5	31	26	3	15	9	24	34	8	43	49	50	50	42	9	38	28	47	
47	37	46	27	48	17	28	47	13	9	29	45	40	48	1	36	38	29	47	21	15	28	12	45	15	23	48	32	32	14	14	39	30	18	23	12	19	23	23	39	
50	1	30	18	10	45	37	37	31	46	50	18	39	33	2	18	14	31	21	4	6	26	44	11	4	24	15	23	50	29	9	16	10	23	20	30	23	2	16	6	
14	39	25	46	21	31	26	48	21	8	29	30	41	43	50	27	38	25	34	34	6	50	32	22	27	28	16	37	20	20	24	49	47	17	22	47	43	8	32	27	
49	23	48	50	25	50	19	49	2	34	16	41	15	48	3	21	8	8	44	27	44	43	40	21	46	9	21	13	33	9	26	5	27	27	46	50	40	32	42	41	
3	19	29	1	44	29	27	7	43	30	14	20	9	4	5	4	10	26	25	36	30	37	44	20	10	5	33	2	18	4	39	44	21	26	3	35	49	28	20	40	
41	2	45	37	33	27	22	35	43	45	37	4	4	17	50	22	33	2	35	39	8	36	13	2	16	36	41	21	50	13	9	28	38	5	48	10	2	45	19	31	
19	39	1	41	15	50	34	27	5	37	23	31	33	35	6	39	7	44	14	26	10	47	33	49	32	31	16	42	6	45	6	8	49	2	24	18	22	42	34	36	
3	3	24	44	19	38	7	13	46	44	49	40	41	33	10	40	44	39	1	50	20	41	5	16	27	3	41	21	41	25	30	31	41	50	33	25	10	18	3	30	
41	12	36	31	27	46	1	9	32	2	35	12	25	20	10	50	20	35	15	35	24	38	49	6	3	17	18	24	35	23	2	44	33	43	14	35	2	23	47	26	
38	46	28	46	19	40	33	7	50	47	4	31	40	11	44	43	43	3	45	6	48	45	49	11	35	43	9	20	21	2	14	45	9	39	14	30	40	6	29	49	
37	16	28	42	46	11	48	36	48	45	39	48	49	14	24	50	48	3	50	18	45	16	50	4	46	8	29	10	8	42	29	5	6	3	16	47	38	17	5	45	
49	8	7	46	49	14	12	47	21	9	36	29	34	37	14	3	20	1	47	46	14	45	44	49	5	1	29	14	44	31	1	14	6	9	30	9	40	8	16	18	
29	39	19	49	6	30	23	26	1	41	24	16	5	42	46	25	48	2	2	40	50	9	23	35	35	11	35	49	18	50	26	31	13	6	6	28	10	29	24	23	
31	43	10	13	13	10	35	39	18	45	19	4	6	18	30	48	40	29	44	39	32	45	21	34	16	37	3	9	2	31	11	11	42	28	50	9	38	6	8	17	
6	7	5	2	36	48	46	28	8	7	9	3	19	13	28	27	39	44	7	36	38	19	20	2	14	41	49	12	34	42	2	29	36	3	49	27	34	12	20	45	
17	24	41	32	37	10	49	4	30	31	29	39	31	20	49	27	50	1	26	12	26	17	20	47	34	30	17	23	44	31	17	20	43	40	29	31	26	15	19	11	
47	47	25	40	11	15	8	15	22	1	41	13	10	27	23	41	50	15	1	48	18	15	9	8	35	49	25	3	16	19	27	47	28	8	46	1	30	30	3	27	
4	26	2	1	28	21	37	16	18	35	28	43	4	36	33	28	10	38	26	19	4	50	49	16	16	9	35	9	21	10	48	4	40	32	12	48	19	25	12	36	
5	19	45	32	43	50	34	11	26	22	20	49	44	26	14	49	44	33	48	5	27	12	5	10	29	36	34	36	49	34	49	39	4	38	49	2	42	25	4	29	
21	33	48	42	40	44	2	35	29	23	4	29	8	29	46	50	7	25	8	2	27	41	35	21	9	20	46	43	47	36	14	45	6	14	35	48	17	2	4	16	
4	42	31	32	42	48	22	13	40	46	5	26	10	22	44	34	48	18	4	42	22	30	11	7	47	31	27	34	35	25	1	14	28	31	6	2	15	28	28	25	
39	2	6	10	49	47	21	20	4	41	5	15	34	13	21	28	26	27	25	30	43	46	39	18	12	19	44	41	9	22	3	21	29	38	19	30	38	29	45	31	
47	40	37	50	39	46	30	8	13	48	12	35	25	20	24	47	15	10	45	33	49	19	33	25	8	23	1	20	31	36	2	10	17	4	4	13	11	33	39	38	
47	33	13	28	1	46	45	25	4	33	14	44	26	34	46	37	8	47	47	24	2	41	24	17	5	32	6	20	24	36	25	31	8	27	34	3	12	41	46	49	
33	37	42	22	2	41	3	9	34	11	19	36	7	11	40	45	7	29	31	2	45	37	9	27	6	17	39	35	34	2	1	41	40	17	39	33	11	19	37	10	
6	3	38	33	10	3	37	38	21	43	1	22	21	45	24	21	41	14	41	20	46	31	30	31	14	20	17	8	1	5	29	22	36	39	39	7	7	14	50	35	
50	25	33	46	24	26	32	19	49	18	45	33	2	35	32	37	21	39	48	7	45	26	39	10	34	6	30	31	1	31	40	46	47	36	18	33	26	35	5	12	
19	4	33	46	16	33	14	21	39	37	28	25	18	35	19	22	33	33	4	49	11	49	47	40	38	11	11	29	21	22	44	4	42	20	18	34	31	30	30	15	
37	2	37	7	30	39	37	23	2	6	41	48	31	39	21	7	33	9	30	26	2	38	30	32	31	24	23	18	39	25	48	31	35	29	11	10	13	39	16	5	
47	49	42	16	19	27	27	48	48	27	33	48	4	14	1	3	18	27	34	3	18	39	8	48	8	22	18	27	49	8	11	48	40	49	42	24	40	44	20	19	
15	40	45	5	11	49	28	16	19	36	28	40	49	1	17	26	18	41	20	32	9	28	23	13	45	46	47	40	44	33	20	3	39	11	33	4	29	4	22	22	
41	10	14	33	20	49	7	22	43	17	7	14	35	50	29	23	9	5	18	17	35	9	26	50	43	45	24	31	50	12	27	41	24	36	28	33	1	40	6	31	
34	13	11	44	1	22	35	38	15	15	47	21	34	9	27	12	37	36	26	43	33	14	12	20	28	22	1	24	33	42	3	7	29	41	48	28	38	14	9	31	
20	21	21	37	37	14	27	17	1	21	41	43	12	42	39	22	36	18	5	3	28	48	17	10	14	23	21	33	11	19	9	42	43	28	19	29	4	45	41	49	
16	25	49	31	21	1	39	15	28	15	33	20	15	24	24	9	2	8	37	13	24	2	29	9	33	29	19	11	20	28	46	19	40	47	22	29	29	17	11	8	
On machine	4
11	11	26	22	48	41	32	25	20	16	23	50	31	41	2	18	1	27	8	29	19	30	12	22	39	14	16	1	12	32	23	49	7	11	32	22	13	46	28	30	
37	38	5	30	43	15	9	7	28	45	1	29	6	12	38	36	10	5	43	15	45	35	36	30	8	26	4	12	49	27	8	23	34	46	35	49	20	46	38	26	
3	3	8	21	25	21	3	6	47	9	29	17	10	13	37	28	11	46	8	37	34	27	44	6	36	50	46	8	12	49	45	27	16	20	2	1	2	48	43	40	
32	8	44	39	39	8	10	1	32	9	37	41	13	32	40	47	2	45	31	1	37	44	44	42	41	46	30	26	20	24	44	44	48	1	21	28	21	16	49	40	
24	38	16	33	6	35	29	44	7	26	42	7	16	24	8	38	25	19	6	4	15	2	17	26	36	19	21	46	26	12	28	1	27	5	26	1	47	2	2	11	
2	37	48	23	22	26	25	45	16	16	16	43	5	11	17	42	20	45	29	1	13	44	47	25	47	43	29	4	41	40	11	28	21	18	6	39	35	24	43	8	
50	6	49	47	15	38	47	28	26	36	29	5	48	15	2	30	13	41	49	29	14	14	8	10	50	14	40	17	17	19	39	42	14	1	14	38	41	25	35	9	
4	27	31	48	43	36	1	22	9	29	38	15	14	12	35	31	49	45	33	15	38	15	2	39	18	16	20	20	29	5	24	15	20	23	44	24	3	26	28	1	
35	29	8	29	20	44	29	38	43	20	46	5	31	45	28	29	5	43	50	29	28	19	47	17	27	21	33	37	32	12	31	37	10	35	33	27	36	17	24	40	
29	40	3	46	40	47	32	1	41	30	18	33	25	16	2	34	50	42	27	28	20	25	2	13	12	15	32	8	16	39	14	9	10	30	5	40	23	14	1	14	
26	32	32	1	46	35	48	12	15	50	32	17	14	26	41	11	17	46	20	22	35	27	40	23	19	39	13	24	9	19	1	10	47	13	31	13	13	37	5	35	
36	26	34	23	27	27	16	28	38	26	4	19	2	6	1	18	15	22	19	38	15	3	12	26	46	11	42	21	9	45	3	50	10	33	47	1	30	17	34	12	
11	32	22	12	19	9	25	36	5	26	41	15	11	33	25	2	49	18	9	19	48	1	37	34	43	4	9	49	23	24	18	28	19	24	38	50	34	41	4	28	
20	5	10	39	17	34	39	8	1	19	21	5	16	6	11	37	21	46	10	5	48	38	49	18	40	30	47	44	35	15	23	15	9	2	35	27	28	39	19	12	
6	22	9	41	3	36	5	50	7	22	28	32	49	32	19	44	46	5	18	23	28	20	12	33	8	38	35	11	38	18	6	34	30	12	49	39	16	25	49	17	
43	41	23	11	6	27	2	49	36	26	34	15	40	49	27	49	37	36	6	22	45	36	34	42	30	45	30	8	50	26	48	30	45	47	49	8	20	31	15	7	
10	15	23	44	36	4	6	29	39	47	29	22	19	30	1	35	32	34	50	40	22	40	1	29	48	9	19	18	27	6	1	43	34	40	8	21	30	46	30	23	
44	28	37	10	29	9	34	43	49	34	42	26	13	19	5	6	41	6	46	37	49	29	32	47	33	28	4	50	26	21	41	29	30	42	48	28	50	44	18	33	
13	24	23	24	14	9	46	33	32	37	17	43	30	46	13	8	14	27	7	25	31	41	42	44	34	13	21	4	29	24	3	2	26	39	31	7	48	45	46	48	
31	47	46	10	31	44	3	46	8	42	40	14	19	15	16	28	26	18	46	12	9	18	32	42	9	7	9	27	24	21	16	37	4	33	13	48	20	50	26	33	
26	6	21	7	4	36	40	28	13	25	22	30	11	50	24	19	20	27	32	41	43	36	29	3	33	34	25	31	29	35	3	35	23	36	30	22	49	30	34	20	
7	48	11	28	20	31	31	21	4	39	2	49	19	33	23	48	5	49	13	33	33	24	45	6	2	13	42	13	41	17	33	33	4	50	20	16	43	33	30	28	
11	28	15	4	6	41	43	22	11	47	40	42	37	50	28	45	36	20	25	31	3	24	12	37	37	26	48	47	39	36	42	47	21	46	31	40	43	1	32	23	
11	26	46	47	39	4	39	17	6	18	25	24	23	37	46	26	44	37	43	25	24	43	35	34	9	42	35	24	26	40	26	37	3	19	2	34	19	18	41	6	
40	39	4	44	45	29	2	38	29	44	12	36	10	29	37	29	29	35	7	2	47	47	8	40	50	19	49	39	28	29	44	23	22	8	11	21	5	31	10	13	
37	7	40	16	20	46	23	19	9	36	7	24	41	16	19	14	24	43	17	30	38	18	36	32	6	6	49	17	49	18	40	22	13	46	8	33	7	50	44	10	
46	30	40	50	10	14	47	4	13	50	4	7	21	2	48	45	15	38	41	30	35	19	30	49	8	9	6	1	32	8	45	22	23	9	3	30	9	33	9	4	
10	19	29	20	20	28	9	22	8	15	9	22	49	3	25	47	21	43	22	38	39	42	19	3	11	4	6	21	32	23	30	41	27	7	13	33	3	29	6	7	
17	8	19	1	19	1	18	34	9	45	21	8	42	15	16	6	30	42	39	2	37	39	18	39	28	10	30	11	48	14	38	7	22	44	32	11	11	13	28	27	
31	10	10	8	29	29	18	31	40	16	19	47	25	30	5	25	50	13	10	16	12	46	19	14	45	24	37	29	6	48	35	42	30	15	13	32	2	48	50	26	
23	1	5	49	46	32	2	3	12	29	29	10	33	36	19	49	37	23	50	11	7	23	15	44	39	22	27	41	39	37	17	24	23	24	38	30	21	25	18	48	
24	41	25	36	21	10	41	21	12	5	50	45	37	45	5	43	10	21	13	32	46	41	49	35	30	36	19	30	42	10	2	30	48	24	17	40	3	7	14	48	
28	45	44	5	4	29	4	4	29	7	9	45	39	42	41	7	46	16	8	3	19	15	50	34	12	27	30	12	30	6	10	36	2	38	34	11	37	44	41	39	
20	32	34	38	36	12	46	32	13	13	31	3	33	23	4	32	36	41	20	44	38	8	34	17	1	39	31	33	4	39	16	41	44	23	31	2	24	16	46	40	
9	19	23	34	50	6	50	9	37	45	5	23	31	40	13	29	47	9	10	41	37	14	15	2	48	31	6	10	26	10	38	38	50	15	47	29	40	16	50	13	
8	10	31	25	17	1	7	5	46	34	23	2	25	32	50	47	17	31	10	34	35	5	9	17	36	6	44	40	45	7	30	30	25	50	37	19	25	48	19	8	
46	38	3	48	28	41	41	35	34	4	8	43	15	20	43	19	19	39	50	32	38	23	10	4	2	14	25	43	37	47	13	24	7	8	38	47	38	50	40	21	
8	5	20	25	30	14	3	49	10	35	13	6	16	19	4	21	36	47	23	48	35	37	50	30	29	30	1	13	5	27	43	26	32	17	18	32	1	40	10	11	
48	3	45	6	47	40	40	40	33	32	26	3	8	11	31	6	20	5	39	24	28	42	40	22	1	8	15	30	2	38	18	11	35	12	28	48	49	4	22	40	
47	26	17	42	30	42	40	48	32	36	30	30	44	41	49	12	14	7	2	3	21	39	37	49	49	38	32	8	26	34	30	1	37	10	28	31	10	39	22	32	
