Factories	3
Families	40
Machines	6
SetupType	3

Number of Jobs in each Family
10	9	2	6	9	8	9	10	6	4	10	9	10	7	9	1	4	10	8	2	5	9	8	7	4	7	2	5	10	6	7	1	6	4	6	10	4	8	3	9	

Jobs in each Family
0	1	2	3	4	5	6	7	8	9	
10	11	12	13	14	15	16	17	18	
19	20	
21	22	23	24	25	26	
27	28	29	30	31	32	33	34	35	
36	37	38	39	40	41	42	43	
44	45	46	47	48	49	50	51	52	
53	54	55	56	57	58	59	60	61	62	
63	64	65	66	67	68	
69	70	71	72	
73	74	75	76	77	78	79	80	81	82	
83	84	85	86	87	88	89	90	91	
92	93	94	95	96	97	98	99	100	101	
102	103	104	105	106	107	108	
109	110	111	112	113	114	115	116	117	
118	
119	120	121	122	
123	124	125	126	127	128	129	130	131	132	
133	134	135	136	137	138	139	140	
141	142	
143	144	145	146	147	
148	149	150	151	152	153	154	155	156	
157	158	159	160	161	162	163	164	
165	166	167	168	169	170	171	
172	173	174	175	
176	177	178	179	180	181	182	
183	184	
185	186	187	188	189	
190	191	192	193	194	195	196	197	198	199	
200	201	202	203	204	205	
206	207	208	209	210	211	212	
213	
214	215	216	217	218	219	
220	221	222	223	
224	225	226	227	228	229	
230	231	232	233	234	235	236	237	238	239	
240	241	242	243	
244	245	246	247	248	249	250	251	
252	253	254	
255	256	257	258	259	260	261	262	263	

Total number of jobs
264

Processing times of jobs
8	6	8	4	2	7	
5	3	9	9	9	10	
8	1	4	6	8	6	
4	6	9	5	5	6	
6	9	3	10	9	9	
10	9	5	2	8	6	
8	6	3	8	3	8	
7	1	2	3	3	10	
5	6	5	2	2	1	
5	9	2	4	6	8	
6	7	2	6	5	1	
1	10	7	2	5	4	
6	8	3	5	10	5	
8	4	10	6	2	1	
1	8	1	4	2	10	
7	4	3	7	2	10	
1	4	1	9	5	8	
10	3	3	4	7	9	
9	3	7	8	1	2	
10	2	7	3	4	1	
9	4	8	4	10	2	
9	7	3	10	3	1	
6	10	6	3	6	4	
8	5	4	8	7	10	
6	1	5	2	1	1	
3	6	7	5	5	10	
6	5	3	5	5	6	
2	3	7	1	8	4	
1	9	1	9	8	5	
9	5	9	6	5	3	
3	2	2	5	3	10	
5	2	2	5	7	6	
6	7	6	5	4	3	
7	4	1	5	8	3	
6	4	9	2	4	10	
3	10	1	9	8	6	
2	4	6	2	10	3	
10	6	2	2	1	6	
7	9	7	5	3	5	
2	6	6	4	6	1	
7	8	3	3	9	2	
9	5	7	2	3	10	
8	10	4	2	10	3	
8	10	10	8	3	4	
9	1	9	2	4	1	
9	5	2	9	1	4	
6	4	10	9	10	9	
1	4	2	5	10	6	
10	5	6	2	10	1	
1	1	9	4	10	4	
5	1	10	6	4	8	
7	3	8	1	4	4	
2	9	7	1	7	5	
4	1	10	1	10	9	
8	5	8	1	5	5	
8	1	7	3	7	8	
10	8	6	6	7	2	
1	10	2	1	1	3	
3	6	9	8	5	2	
7	5	2	8	3	1	
3	1	5	9	8	10	
7	7	8	6	2	7	
8	6	10	5	8	7	
9	5	4	3	2	9	
7	9	3	9	10	9	
6	3	2	3	2	7	
3	2	1	3	10	4	
2	5	8	8	4	3	
8	9	7	8	9	3	
7	4	6	3	6	1	
10	1	6	7	7	5	
6	6	10	8	8	6	
7	3	1	8	3	3	
9	6	3	4	5	7	
7	9	9	4	9	1	
7	8	1	9	8	10	
6	6	3	1	10	6	
9	2	3	6	2	3	
5	7	8	10	1	5	
5	3	2	4	1	8	
6	5	5	8	2	10	
4	7	7	1	8	9	
7	6	8	9	8	2	
9	7	9	3	8	4	
3	4	3	2	10	10	
7	4	9	8	2	9	
5	3	5	6	3	3	
10	2	3	1	5	8	
9	10	4	10	1	1	
7	2	9	2	3	5	
1	8	7	3	7	10	
1	3	10	5	9	6	
8	7	1	5	7	7	
9	5	4	7	1	8	
5	4	10	5	1	9	
1	6	3	6	4	3	
2	2	7	6	7	3	
5	7	8	6	8	6	
5	2	7	7	9	4	
10	5	9	6	1	8	
8	6	6	4	6	9	
3	10	1	4	2	10	
3	8	4	1	10	1	
4	5	9	8	7	5	
7	5	7	5	4	2	
9	9	4	1	9	5	
8	9	1	6	2	5	
5	1	6	10	2	2	
6	1	5	6	10	6	
10	7	4	7	5	1	
1	5	3	4	7	3	
5	4	3	7	9	3	
9	10	4	10	2	8	
4	4	2	9	7	9	
6	10	5	7	9	1	
5	9	2	1	1	10	
3	9	8	8	7	10	
9	9	1	9	4	5	
6	9	3	9	9	3	
1	2	7	9	8	6	
4	6	8	9	1	5	
6	4	9	10	2	3	
4	9	9	2	6	3	
6	6	5	10	9	8	
9	8	4	7	6	7	
8	10	5	1	8	7	
8	5	9	6	2	9	
6	8	2	3	6	9	
9	10	6	5	7	4	
10	7	7	5	9	6	
5	9	2	4	9	7	
1	5	4	8	10	5	
2	4	7	7	5	6	
1	4	10	5	7	8	
2	8	6	1	1	7	
6	8	1	4	6	10	
10	7	8	7	7	4	
7	5	5	10	3	3	
4	7	2	6	5	10	
8	9	6	5	3	1	
3	3	9	1	10	9	
4	5	2	2	4	5	
5	10	5	10	1	7	
7	6	10	8	4	8	
5	2	3	8	7	8	
1	5	10	2	2	10	
2	3	7	1	4	9	
2	5	1	5	9	2	
7	10	10	7	6	2	
8	2	8	10	5	9	
1	8	6	5	2	1	
1	2	10	8	2	2	
10	6	3	5	2	2	
8	3	4	9	2	1	
4	9	4	8	4	9	
3	8	2	7	6	1	
2	2	8	7	8	1	
10	10	2	10	3	2	
2	2	3	7	1	1	
8	9	6	6	3	5	
8	8	3	4	4	4	
5	1	8	4	7	7	
5	2	3	2	9	8	
2	8	3	5	6	6	
7	3	3	6	9	4	
10	8	6	9	4	1	
3	10	9	8	8	9	
4	9	9	8	4	6	
6	3	3	2	2	6	
7	4	1	9	1	2	
1	7	7	7	4	5	
6	3	3	10	4	1	
9	8	7	3	2	7	
2	9	5	4	9	3	
1	5	5	2	6	8	
1	6	2	2	9	9	
5	3	2	6	7	3	
4	10	9	7	1	10	
7	10	9	4	8	10	
10	10	10	9	1	2	
9	10	4	3	9	3	
1	8	8	10	1	2	
2	5	10	4	6	6	
5	8	8	8	6	3	
2	4	3	2	9	4	
3	6	5	6	2	1	
4	7	5	4	5	10	
9	7	4	9	3	5	
9	7	2	6	1	10	
9	9	7	10	3	5	
7	3	6	8	2	6	
3	1	4	6	3	5	
4	7	1	5	1	3	
8	7	10	3	8	6	
1	1	9	9	7	5	
6	4	1	1	3	8	
6	7	6	7	1	1	
2	5	3	1	7	7	
4	8	1	6	1	2	
9	4	1	3	9	6	
10	9	10	2	5	2	
8	8	2	4	10	7	
5	5	7	2	8	6	
2	7	5	8	4	7	
9	2	8	10	10	7	
9	3	7	6	8	1	
9	5	8	10	8	6	
6	10	5	7	1	6	
6	1	1	5	10	2	
8	10	8	5	8	4	
2	10	1	6	4	5	
3	6	7	2	2	9	
4	4	5	2	5	8	
8	10	4	10	10	3	
5	3	2	6	3	2	
8	3	1	7	4	10	
5	1	4	1	8	6	
10	1	5	6	1	8	
4	8	4	10	2	4	
2	3	7	10	10	3	
2	5	10	7	9	9	
10	7	8	4	8	8	
2	3	8	10	9	1	
4	8	6	10	9	5	
6	9	10	5	3	10	
1	8	5	6	5	5	
6	9	7	1	9	2	
1	9	1	2	7	8	
5	5	7	1	9	5	
5	8	5	7	2	3	
7	3	10	1	3	9	
2	4	4	8	1	8	
1	6	7	1	10	10	
6	5	5	7	1	7	
10	8	6	9	9	5	
6	9	1	6	1	4	
2	7	3	2	9	9	
5	8	3	4	3	10	
2	4	6	3	3	1	
2	8	7	1	4	4	
6	8	6	10	9	2	
1	10	8	4	3	9	
7	7	6	7	10	3	
4	7	1	9	8	4	
2	10	5	8	6	2	
7	4	5	10	5	8	
4	8	3	10	6	9	
2	1	8	4	4	9	
2	8	2	9	3	9	
6	6	10	7	5	3	
9	1	7	10	7	5	
5	8	3	8	3	6	
7	8	10	8	10	5	
7	6	5	6	4	2	
1	9	6	3	9	8	
2	2	9	10	4	6	
3	6	2	7	10	6	
10	9	5	2	10	1	
3	9	3	1	6	8	
9	4	1	9	9	4	
4	10	1	1	1	4	
4	7	1	1	3	7	
7	2	3	3	2	6	
4	10	3	9	10	10	

Stepup times between Families, where [f][f] represents initial setup time
On machine	1
33	61	71	5	5	14	8	79	83	85	84	21	59	89	49	61	53	95	73	32	66	16	90	24	34	75	94	27	41	52	34	90	46	66	55	7	75	22	67	9	
62	24	86	66	87	94	48	52	51	3	80	15	16	41	81	38	91	6	20	2	34	71	59	30	2	55	88	73	20	54	25	17	54	37	2	57	8	69	84	94	
55	66	28	41	19	27	43	45	88	86	41	79	58	77	87	41	21	95	22	66	13	19	53	17	98	59	50	38	80	4	79	35	55	49	54	64	37	1	83	45	
18	68	38	46	47	26	36	34	90	42	42	64	14	65	63	27	40	19	73	1	77	60	8	87	37	3	90	87	59	99	22	2	77	56	81	71	54	85	66	23	
3	17	91	94	35	79	16	94	58	68	8	27	96	76	16	58	29	9	22	94	56	99	90	84	61	77	77	70	51	94	47	83	86	56	73	96	8	93	47	66	
70	79	89	2	21	94	1	61	29	67	40	17	86	47	65	51	5	56	87	43	98	67	97	21	72	59	24	62	16	8	72	22	94	88	78	71	88	30	34	34	
4	4	91	72	59	67	67	68	51	100	5	6	75	25	43	83	29	44	37	100	33	36	51	40	54	14	99	22	16	77	31	86	21	69	84	59	77	92	95	61	
69	14	50	24	77	31	26	72	60	58	3	98	49	60	57	67	76	5	66	28	50	35	21	58	21	1	21	22	54	25	25	92	4	53	38	75	93	19	61	96	
75	3	7	28	9	41	37	43	90	67	61	43	87	75	11	20	80	1	4	25	30	79	81	83	40	70	78	57	95	33	12	91	48	40	27	43	8	42	20	44	
94	25	92	5	36	78	85	78	41	88	57	13	95	74	28	64	57	37	9	12	39	58	19	97	96	16	38	45	100	72	45	79	90	2	57	96	36	31	40	67	
90	75	3	44	91	69	44	90	10	85	95	2	37	50	67	47	35	7	41	19	87	43	96	18	51	3	90	54	42	63	83	22	9	66	90	64	52	65	88	48	
56	34	33	2	52	40	87	11	85	47	34	34	94	10	1	70	16	31	83	62	93	41	66	13	56	52	98	63	60	69	25	96	56	66	10	35	5	68	20	22	
2	21	76	4	29	33	1	39	67	76	18	51	50	42	21	39	52	85	64	15	16	98	69	21	3	46	10	11	65	16	84	81	45	44	19	95	24	49	79	94	
82	18	13	71	61	50	21	32	60	74	91	42	79	40	43	75	68	5	45	85	21	33	45	18	11	18	80	21	27	2	35	37	46	98	75	85	26	20	89	24	
79	51	39	50	91	26	84	78	82	89	56	61	52	50	79	99	100	71	65	44	41	7	74	38	15	76	45	5	33	53	54	11	40	71	32	94	82	92	71	46	
20	10	10	59	89	33	72	86	80	88	17	11	55	89	83	95	77	39	86	27	53	16	95	89	16	15	91	9	33	15	96	95	91	97	4	51	11	58	90	41	
23	45	29	82	45	12	26	10	28	100	58	27	15	26	96	22	79	19	60	81	80	83	27	9	7	74	29	53	91	42	45	58	4	5	99	33	7	15	12	46	
63	90	17	33	63	34	93	34	9	78	81	45	79	19	49	68	48	52	37	33	85	41	55	99	36	29	82	24	89	78	28	66	51	2	80	54	97	33	63	86	
82	44	56	17	38	24	53	53	34	3	8	76	1	86	90	55	99	60	27	95	26	86	6	36	92	52	90	44	5	26	93	36	17	94	84	61	52	37	75	42	
52	89	87	44	34	14	93	50	45	71	13	70	40	35	54	83	62	79	55	80	22	86	51	41	100	60	90	61	2	7	100	12	27	60	41	54	70	4	21	40	
30	90	12	21	5	92	97	67	69	48	76	15	10	97	82	26	85	65	60	45	56	54	55	76	19	24	70	35	39	41	73	17	41	4	60	68	14	98	67	48	
24	78	80	87	79	46	77	77	33	90	44	62	70	9	76	9	28	50	67	65	34	21	29	1	76	53	86	51	50	36	38	18	44	81	28	18	94	98	36	84	
71	43	54	2	48	73	48	50	18	25	87	6	27	75	45	12	97	75	13	55	47	63	4	1	49	27	34	74	74	24	72	66	1	14	25	78	53	89	66	9	
28	98	78	68	14	43	26	2	37	23	29	46	91	75	28	22	59	74	48	9	57	1	76	6	89	62	57	83	98	41	70	57	64	9	53	77	42	10	15	59	
67	48	79	77	23	11	58	35	34	38	77	22	33	48	52	58	40	93	78	91	83	23	77	33	36	49	15	8	12	64	40	64	93	87	6	13	35	47	51	61	
34	28	58	28	80	26	45	73	62	44	13	28	96	97	82	75	57	7	32	85	12	100	34	67	25	39	78	69	75	4	74	89	90	75	22	61	96	99	14	63	
67	70	76	96	41	71	61	18	42	26	69	11	82	23	48	18	77	22	96	8	43	42	7	1	71	1	29	32	29	42	63	80	71	56	82	21	45	90	98	66	
13	39	44	76	50	9	38	63	95	80	51	80	90	92	75	18	13	51	32	37	85	36	40	68	53	5	68	6	22	10	58	51	56	38	80	19	27	77	45	16	
67	14	31	76	89	31	81	57	92	95	45	24	86	36	38	7	38	50	72	35	70	22	48	73	32	70	86	24	83	51	80	55	15	84	53	75	100	71	37	65	
83	61	82	17	10	71	96	9	82	42	57	79	74	30	89	32	69	75	40	28	100	100	7	26	97	5	92	71	67	2	72	93	68	33	47	28	19	44	95	18	
45	62	80	56	74	44	12	93	99	50	41	13	55	28	63	36	75	18	56	39	90	87	21	19	29	85	71	82	94	100	29	43	23	10	28	33	93	46	93	50	
90	15	89	80	4	50	63	97	47	18	9	71	20	96	32	26	19	84	18	17	38	55	72	26	83	45	13	90	44	24	84	100	13	13	9	9	94	87	71	48	
14	94	48	71	95	38	66	22	62	52	76	26	77	100	40	8	95	83	79	59	92	79	54	40	9	81	88	1	59	2	24	63	15	58	28	31	73	32	93	87	
17	70	30	14	81	35	27	62	97	34	31	89	55	46	46	92	90	10	6	34	81	96	40	17	56	13	70	56	99	71	32	29	46	41	59	67	15	1	7	58	
66	59	100	38	69	6	48	86	36	17	8	70	33	12	50	78	15	83	16	96	68	18	40	24	15	61	71	91	27	42	32	70	45	49	79	55	60	79	93	12	
31	42	97	19	7	35	91	19	73	53	76	56	34	82	27	80	93	16	99	68	85	13	64	33	20	46	22	32	71	56	60	28	94	80	41	11	14	89	85	6	
46	99	18	21	99	42	40	37	84	48	42	36	76	75	45	82	41	90	47	46	65	6	5	21	19	56	33	52	52	5	59	44	22	16	72	57	88	20	43	68	
32	89	24	10	42	32	26	19	61	38	98	19	27	4	28	83	28	13	96	36	71	56	57	65	88	61	32	82	9	9	77	75	12	64	66	89	77	91	72	11	
8	78	81	29	25	63	78	97	86	88	46	34	76	21	64	38	74	82	82	26	26	47	25	63	73	89	47	23	94	36	58	90	42	81	30	62	50	75	42	53	
24	40	96	38	91	53	43	57	74	46	72	3	23	42	83	69	36	67	11	7	29	24	36	52	27	48	73	60	12	35	25	2	16	54	53	84	60	15	6	24	
On machine	2
21	81	76	44	67	77	96	91	51	94	94	89	65	87	7	65	30	34	68	74	73	79	6	60	96	37	17	60	10	40	6	65	83	72	2	92	83	45	79	67	
42	60	65	29	12	96	45	21	88	52	33	8	14	20	77	80	10	54	84	2	95	4	74	78	99	95	12	77	11	42	64	60	39	70	47	39	28	96	72	16	
77	73	47	82	7	10	6	40	99	61	47	30	49	90	54	89	47	49	36	74	83	74	28	1	4	63	65	43	94	74	88	78	37	58	87	27	4	40	78	89	
82	5	25	8	29	87	35	60	69	91	61	43	11	88	90	24	70	29	65	53	42	91	4	100	52	95	88	97	49	11	16	43	42	23	31	56	42	94	16	82	
14	32	4	24	98	2	82	88	73	48	29	90	23	15	40	72	1	55	46	23	69	94	93	79	34	42	39	71	54	79	9	47	34	13	12	41	66	45	49	25	
21	97	29	96	79	53	64	20	73	75	21	86	13	6	55	7	84	47	23	99	11	24	70	43	49	61	89	34	89	16	9	59	90	4	32	25	32	53	21	98	
57	42	2	48	81	35	32	41	18	13	79	73	83	47	32	62	50	98	3	55	60	60	65	86	23	24	66	15	63	73	2	64	10	73	36	90	29	40	96	19	
32	41	33	70	92	40	42	24	66	61	51	77	62	56	26	30	38	34	23	87	36	42	7	36	63	39	32	72	97	61	61	19	96	87	7	53	10	72	57	49	
26	88	24	50	29	97	14	15	53	37	88	42	3	99	17	4	15	69	96	7	44	40	25	47	45	30	85	29	3	83	12	57	95	3	74	11	47	10	32	97	
57	26	7	99	68	53	55	51	65	15	62	17	19	58	59	9	54	10	9	60	81	88	19	33	80	85	82	9	89	36	56	100	41	16	91	57	54	91	57	28	
22	88	58	48	22	46	16	44	32	24	21	53	82	76	70	27	20	43	55	78	83	51	11	13	35	16	73	66	74	39	3	21	90	88	70	86	5	30	23	56	
91	88	84	63	56	10	70	56	90	36	97	100	9	42	32	18	1	58	19	25	92	61	86	77	17	8	52	41	8	18	88	81	83	14	63	32	48	59	98	69	
3	21	73	37	99	34	32	73	40	61	88	46	56	35	9	76	14	96	48	99	58	91	64	87	91	100	81	15	13	70	14	12	75	74	10	3	72	62	1	24	
92	73	69	25	5	6	21	2	35	92	32	66	1	69	13	42	72	41	54	80	37	92	55	99	26	62	60	61	69	31	77	93	97	32	9	10	29	28	81	31	
66	22	38	61	35	11	46	78	87	83	98	83	82	85	4	8	12	78	8	55	14	24	39	58	63	27	84	57	70	1	93	75	96	45	65	20	13	21	12	63	
62	98	18	56	69	80	85	85	88	37	96	9	87	30	80	5	73	81	2	46	25	25	73	47	53	71	70	59	7	41	81	93	29	52	85	20	6	85	7	73	
19	48	31	35	52	45	71	45	8	32	28	1	42	43	50	21	1	32	4	46	8	20	24	33	90	94	64	37	49	81	16	12	1	38	46	89	60	72	92	26	
56	80	57	63	25	7	27	38	39	25	83	29	61	49	65	9	83	7	9	92	46	56	43	45	38	96	35	79	53	88	72	23	73	82	46	22	29	10	56	75	
68	30	15	8	99	58	37	50	50	20	46	81	28	38	25	78	66	1	89	25	17	76	14	18	19	18	77	15	63	16	98	34	64	22	73	27	72	51	47	53	
33	64	87	53	48	29	48	18	93	90	93	67	1	97	2	18	21	91	32	99	88	96	28	25	67	66	52	82	16	9	87	72	49	85	43	2	10	40	7	37	
62	87	57	25	32	82	28	68	80	98	83	8	54	67	94	82	25	82	49	53	25	52	22	69	45	91	49	38	6	53	75	4	54	43	91	36	64	72	1	38	
64	22	32	64	93	48	97	11	18	48	82	1	74	3	31	67	79	47	76	24	80	60	38	89	53	67	31	82	99	46	36	69	45	8	77	66	63	100	40	79	
97	71	69	32	94	99	2	53	37	73	81	99	31	27	26	25	79	54	39	32	94	93	29	69	99	87	41	65	2	26	43	53	19	41	90	8	2	47	4	85	
48	48	54	57	77	91	15	48	55	97	73	3	25	41	21	6	1	52	13	27	71	35	39	35	8	43	79	99	34	96	83	50	40	9	47	37	20	67	88	59	
75	71	89	58	24	57	63	21	69	83	72	99	54	43	35	24	92	52	42	31	13	2	98	32	81	47	2	95	16	40	13	52	33	49	33	44	39	54	84	12	
53	19	62	13	47	73	83	84	34	1	39	74	17	28	14	19	6	47	29	3	47	5	62	29	62	59	15	27	73	11	26	17	6	89	20	81	74	25	83	79	
4	77	60	50	72	10	13	59	21	84	27	81	40	64	60	84	66	16	6	50	47	89	75	66	20	12	76	31	38	37	12	37	4	29	23	62	63	93	54	4	
100	23	61	33	10	57	2	47	16	65	39	40	73	19	63	97	54	33	29	7	68	86	57	54	7	92	75	62	58	97	74	70	24	20	53	43	30	69	100	45	
54	37	41	75	79	38	28	37	6	19	28	37	76	27	83	59	93	63	93	50	13	13	19	70	41	54	25	79	20	24	42	37	58	20	100	14	45	94	28	18	
42	63	27	93	62	54	68	74	37	26	76	10	68	74	51	50	66	30	89	89	24	49	29	17	9	32	1	97	74	6	94	3	67	44	69	36	10	99	2	92	
61	56	24	74	86	19	6	91	25	7	88	42	37	85	36	76	27	75	54	48	88	67	35	54	85	39	94	36	95	71	17	74	47	54	61	90	48	65	98	70	
40	38	26	16	9	43	56	70	31	77	34	39	93	12	6	98	71	44	71	18	7	22	59	38	20	43	76	22	90	32	57	29	72	30	99	40	74	76	20	55	
15	59	6	27	86	18	7	95	75	78	59	51	24	71	18	10	72	4	16	82	64	15	55	14	85	52	4	63	21	76	76	19	69	29	36	78	78	64	14	37	
75	86	18	21	47	15	62	8	31	76	26	99	46	50	6	63	14	92	92	11	58	78	12	50	58	54	79	13	7	43	52	48	60	39	33	34	92	93	69	54	
28	20	76	15	27	83	40	86	61	65	47	94	81	54	33	100	18	59	55	69	23	18	20	53	82	94	51	5	62	50	65	99	69	91	100	23	56	27	97	54	
68	75	14	71	1	21	50	22	49	91	45	60	67	58	31	38	69	2	12	33	18	69	53	26	88	30	94	100	1	77	27	38	76	20	64	49	55	3	88	30	
27	91	56	88	35	11	39	92	80	4	21	36	37	79	78	89	94	41	76	100	46	31	60	12	33	81	65	54	31	59	17	77	59	86	92	99	71	60	50	4	
80	32	41	13	81	44	67	67	67	79	100	33	67	25	3	75	55	73	13	57	1	62	51	76	94	97	86	59	43	66	8	56	38	5	32	76	2	39	56	76	
18	61	46	18	87	76	9	99	93	26	29	14	25	88	18	9	12	36	61	47	34	60	3	2	23	72	14	21	2	45	94	96	1	58	52	58	88	4	73	48	
5	100	100	61	18	55	52	22	33	70	41	90	53	87	41	24	78	68	4	28	39	17	39	7	2	35	20	43	100	68	39	58	49	76	39	86	46	58	3	93	
On machine	3
13	23	6	2	24	58	34	40	46	86	45	89	91	84	97	53	10	80	13	40	76	4	91	94	86	94	85	21	95	59	67	68	43	13	69	74	59	30	40	97	
38	45	42	48	16	49	84	79	21	36	24	33	56	22	30	86	16	49	10	86	38	35	78	90	84	45	2	82	58	67	97	42	39	54	93	29	35	89	27	59	
62	71	4	90	31	71	95	31	38	61	74	14	67	29	22	67	36	18	35	50	72	36	88	21	37	76	65	9	47	55	98	2	3	78	1	91	78	74	10	25	
94	44	74	19	61	66	26	7	67	18	34	86	39	50	38	81	20	36	7	74	42	72	13	85	10	9	91	36	30	29	8	97	22	64	93	66	54	73	63	50	
81	89	86	78	49	92	86	98	48	82	9	33	30	72	37	10	24	67	79	37	5	8	96	37	99	13	47	36	96	87	84	4	17	36	43	98	15	87	48	48	
16	49	14	39	4	62	73	19	21	53	28	90	71	88	98	43	9	40	81	55	60	83	17	37	21	19	18	99	100	2	84	7	58	34	62	26	48	87	41	46	
13	54	67	8	90	25	15	2	67	20	98	69	2	78	70	89	7	85	18	83	22	10	35	15	40	20	58	52	62	2	70	33	15	83	14	49	69	10	90	5	
27	50	98	72	69	64	28	60	24	78	80	3	51	90	16	80	34	84	29	79	33	36	67	11	13	8	23	59	7	44	79	78	79	86	74	74	59	40	22	54	
91	28	98	92	12	31	92	75	18	61	35	61	71	57	52	15	93	24	70	92	85	34	19	72	16	3	17	30	54	43	93	71	2	25	34	32	13	61	33	2	
3	40	28	97	2	40	21	79	16	15	93	58	43	97	53	11	2	74	75	84	59	20	91	12	79	13	40	57	50	15	93	66	100	69	57	67	7	1	51	70	
42	55	94	79	68	88	73	11	69	90	28	87	98	92	50	71	87	65	30	45	43	70	36	36	30	87	97	35	86	33	29	52	34	9	36	61	70	4	15	28	
21	36	17	49	83	18	14	50	58	72	14	62	23	9	100	46	13	91	53	81	26	100	84	21	62	68	8	91	79	49	92	42	93	20	42	89	73	35	33	43	
28	88	63	83	83	89	39	30	41	64	56	33	1	5	95	73	28	77	61	72	44	34	63	73	98	73	33	75	90	51	41	48	69	86	10	72	31	9	53	55	
37	87	34	35	69	29	82	4	5	75	43	22	1	44	97	1	80	51	48	60	100	49	49	56	56	100	82	37	95	74	80	84	35	59	75	79	11	91	9	7	
73	56	63	44	70	70	8	42	55	99	38	78	60	17	78	62	67	86	67	38	91	64	10	83	1	5	96	9	59	84	57	8	75	36	88	86	95	13	58	8	
6	57	19	10	45	89	95	92	84	60	49	47	54	98	6	47	36	8	8	81	32	44	13	100	97	29	82	80	3	12	83	12	55	84	100	24	85	98	76	37	
91	88	41	24	38	69	81	72	16	74	52	68	4	78	45	72	89	96	73	42	75	16	98	32	28	33	16	69	30	95	46	53	78	37	14	73	85	80	54	50	
48	100	26	60	33	34	30	82	44	31	14	36	47	81	63	78	50	44	99	3	14	62	3	96	100	57	37	82	56	40	25	9	46	40	28	27	28	37	91	84	
50	82	20	7	7	66	18	92	53	51	78	76	91	27	30	22	52	56	73	55	98	28	70	9	24	6	82	23	25	83	64	32	7	85	67	81	27	7	48	84	
73	77	4	14	37	23	80	51	63	72	78	13	13	37	82	38	35	65	38	50	40	8	62	48	10	3	96	71	34	18	43	93	9	4	29	95	14	58	59	67	
69	58	72	86	19	30	92	20	35	46	78	58	77	58	76	15	97	56	70	70	77	80	82	90	38	37	30	9	69	47	10	59	6	33	68	95	25	44	81	80	
16	97	10	17	27	52	6	84	38	21	86	16	88	52	10	85	36	35	78	66	37	78	25	73	13	98	77	73	91	59	3	36	69	93	36	6	35	48	69	9	
74	66	30	71	55	31	61	77	15	87	9	57	3	49	9	62	68	88	99	66	29	58	60	9	64	30	54	93	97	46	56	1	16	14	56	5	50	92	74	38	
59	68	84	86	11	30	9	7	81	85	67	40	39	2	68	20	31	65	59	22	33	55	35	12	14	14	75	40	32	13	34	4	20	47	58	9	84	97	49	54	
69	1	8	74	8	90	49	83	75	78	36	25	42	55	90	18	18	73	28	15	15	14	72	7	85	79	51	30	72	3	2	85	20	37	74	96	73	31	5	20	
71	36	100	46	86	33	46	35	14	88	82	81	97	93	96	47	83	81	75	1	41	71	83	11	85	21	49	17	62	72	20	9	97	36	31	45	3	86	42	7	
92	78	1	8	31	47	58	92	42	25	39	90	76	70	84	75	94	32	78	31	19	2	16	68	31	93	97	98	26	85	27	79	80	56	42	47	89	55	59	70	
58	42	78	49	17	40	78	55	5	79	64	13	44	85	99	76	59	16	35	65	3	71	27	57	8	90	60	30	62	30	38	14	3	17	56	78	24	92	48	62	
51	57	44	55	20	56	84	81	31	73	4	86	70	64	16	86	43	71	67	9	27	67	19	18	44	61	66	26	9	83	54	100	68	23	9	29	53	60	64	59	
3	51	60	86	82	55	78	39	52	84	7	44	53	60	67	75	58	11	27	87	3	40	4	45	92	21	51	91	1	12	42	90	5	30	56	67	49	41	39	54	
44	36	49	20	54	81	25	82	89	90	88	79	59	68	47	69	30	18	54	14	9	41	70	14	64	15	3	19	65	97	41	73	59	56	60	63	34	43	81	30	
85	83	91	28	81	75	14	76	27	10	31	48	72	10	8	43	11	2	41	44	11	35	68	30	45	67	32	18	87	66	4	10	62	30	42	12	97	44	78	38	
63	46	89	66	76	60	61	49	83	42	75	96	90	77	82	99	81	82	54	45	56	41	37	12	7	26	41	25	15	67	22	23	90	66	64	85	59	38	48	72	
52	44	64	9	24	17	93	11	20	68	41	57	68	5	36	95	46	27	14	77	66	10	46	99	92	37	53	3	42	65	30	52	25	44	36	33	51	23	84	37	
19	22	73	40	44	97	38	42	1	46	83	59	4	42	22	35	29	80	47	74	37	69	13	94	48	61	76	67	100	72	20	43	100	92	55	40	84	66	86	79	
5	19	67	42	31	13	39	29	56	75	34	92	40	53	52	100	67	47	67	59	87	48	44	60	59	21	86	75	79	67	72	57	89	6	43	52	36	75	60	14	
6	57	63	7	67	26	72	39	3	39	49	73	76	38	40	88	26	74	98	87	7	33	64	28	91	21	86	92	98	56	93	87	43	54	73	81	53	3	51	80	
8	1	94	20	55	10	76	23	3	74	12	63	94	32	11	8	81	43	28	50	15	23	27	10	71	19	72	60	23	45	40	58	6	16	35	67	63	2	93	61	
28	66	47	71	25	75	68	49	4	34	1	62	33	52	93	13	62	60	25	71	17	47	3	68	57	65	99	19	29	91	46	31	71	90	51	31	68	15	76	99	
36	18	62	80	25	92	3	91	55	8	59	58	99	82	16	12	92	15	7	37	29	32	36	59	12	5	97	10	11	43	46	7	93	41	30	5	79	35	10	35	
On machine	4
31	88	62	45	49	98	100	21	12	55	42	65	99	19	38	38	97	63	87	58	30	60	38	83	27	72	54	19	71	76	81	7	38	79	50	40	70	78	55	55	
85	37	16	91	91	84	8	92	40	41	56	42	20	5	56	8	93	42	40	87	65	20	60	62	28	54	72	67	84	19	19	77	51	100	1	92	40	36	46	82	
99	71	25	43	94	27	85	95	80	64	26	58	40	78	71	92	21	73	63	66	65	20	86	81	86	72	66	18	44	59	33	94	92	44	84	55	88	46	16	18	
52	53	12	62	33	39	15	53	40	23	28	57	6	58	51	94	69	10	6	78	77	40	56	18	80	41	80	27	90	25	21	55	37	71	56	76	32	26	3	65	
15	12	61	77	22	80	63	8	17	58	77	57	72	12	51	8	58	33	57	19	8	32	53	12	71	42	80	97	81	9	60	16	40	41	21	12	47	79	72	48	
15	83	68	58	49	42	63	86	92	17	88	8	33	81	3	99	89	15	100	100	4	93	20	59	52	2	57	63	3	14	16	68	16	14	22	96	75	11	18	67	
84	45	4	20	46	17	79	87	33	26	58	44	84	28	98	44	19	42	87	83	95	94	7	93	15	67	15	9	11	70	51	39	71	60	33	64	83	3	33	80	
45	6	64	71	22	70	83	56	80	34	82	34	83	95	68	75	71	81	83	76	34	12	75	81	61	62	32	97	96	100	26	18	38	72	82	72	6	46	13	79	
12	74	82	2	15	68	99	3	15	20	59	97	74	69	84	47	34	13	52	58	25	51	33	68	27	35	42	19	76	29	3	94	64	49	84	13	91	42	80	95	
16	9	3	51	15	16	45	16	70	90	69	2	93	66	7	100	2	96	66	100	24	62	77	47	82	67	46	85	94	16	4	37	46	92	65	36	27	34	43	68	
52	4	60	35	18	1	43	81	81	78	73	51	65	30	40	88	18	33	59	77	65	31	6	43	9	72	63	95	100	78	69	51	1	80	92	8	62	18	17	12	
25	98	76	28	33	93	7	92	30	71	36	1	96	66	34	99	84	10	8	25	44	9	95	74	41	9	61	57	78	82	81	91	62	28	81	63	46	14	38	38	
40	28	55	49	67	46	12	52	53	57	37	64	89	66	69	15	32	1	60	66	38	4	68	15	92	63	94	8	45	70	73	36	14	81	23	97	42	67	45	50	
62	54	84	9	16	58	20	83	38	56	39	3	1	33	21	80	15	92	43	63	54	4	93	97	46	25	5	69	72	64	49	36	100	69	43	64	28	68	19	54	
58	4	49	16	45	28	93	19	34	58	55	77	52	41	94	25	73	81	96	73	31	82	82	92	91	89	6	53	15	89	50	37	62	58	95	69	100	51	82	22	
94	62	82	12	41	8	82	64	98	28	52	97	41	72	50	93	90	94	87	49	19	21	42	34	56	93	51	42	19	6	34	19	3	31	40	17	3	74	7	50	
31	35	25	13	47	91	36	51	31	58	68	6	1	35	34	55	81	38	48	99	74	42	37	68	9	46	6	21	43	82	64	23	46	62	96	41	80	6	33	74	
76	38	89	94	9	12	78	66	84	52	46	16	52	75	57	27	64	83	83	66	89	17	30	19	92	92	4	50	26	58	47	2	30	57	16	31	79	71	71	9	
47	45	66	90	67	100	40	86	87	5	71	82	48	3	19	42	53	66	17	58	19	58	64	76	97	88	83	87	98	9	52	15	20	85	91	27	13	18	41	35	
68	32	99	76	22	3	97	92	49	15	68	66	84	63	12	34	85	34	46	45	8	93	41	88	28	1	33	21	43	68	29	97	33	78	21	39	93	26	40	6	
67	96	80	23	65	33	62	81	37	49	91	69	35	32	35	91	59	77	97	10	25	35	83	24	47	44	88	13	98	15	99	46	5	20	73	27	90	71	2	22	
39	49	68	74	60	46	8	62	77	20	18	52	50	6	59	4	42	25	45	53	29	59	38	13	21	92	64	28	11	86	92	55	37	7	84	26	51	54	51	28	
78	63	24	85	60	46	94	21	85	3	66	63	62	17	1	4	16	72	60	53	95	61	77	86	88	19	12	36	27	25	25	21	29	61	40	31	85	91	34	59	
85	86	18	99	60	26	41	49	94	11	1	14	99	21	40	13	15	36	83	32	62	26	8	69	35	95	49	25	6	84	6	2	83	75	66	61	41	94	56	78	
58	86	84	38	99	97	13	70	80	3	89	94	82	74	19	69	36	36	31	19	27	14	43	98	57	90	65	37	7	36	25	82	18	60	4	71	23	62	37	20	
77	87	54	79	68	52	94	47	76	77	63	49	68	36	95	95	55	78	3	27	47	76	1	25	84	58	49	36	87	28	34	62	76	81	95	29	84	89	42	28	
35	38	79	63	73	51	89	42	31	75	92	80	4	12	86	62	73	27	71	9	58	14	3	58	11	33	23	69	50	85	18	72	28	26	78	93	69	34	61	81	
3	11	77	94	40	13	23	87	69	72	79	46	26	49	85	3	22	50	42	71	5	15	23	36	9	78	17	23	37	30	60	25	33	36	93	18	5	62	1	23	
60	52	16	51	97	32	2	93	19	29	89	60	6	95	35	42	100	13	18	13	45	63	49	51	11	58	4	81	1	72	55	58	1	24	47	49	100	40	89	52	
80	89	91	70	1	46	44	48	93	16	64	11	49	28	96	1	69	78	39	29	14	42	97	48	90	60	2	74	82	88	55	72	55	10	40	91	54	68	86	4	
86	22	95	46	21	25	54	17	9	19	85	24	20	2	51	13	89	63	39	79	45	33	22	13	30	94	89	21	17	96	71	68	42	96	20	92	56	67	50	6	
2	62	90	40	49	61	86	6	63	90	78	1	7	70	93	95	26	67	49	50	26	75	93	55	64	89	70	10	99	38	24	7	51	79	67	7	48	34	13	45	
51	88	97	54	77	40	77	11	66	77	28	41	40	25	19	85	89	78	5	9	54	62	61	26	1	29	55	96	48	9	61	47	59	30	6	40	47	19	100	11	
16	1	99	78	68	37	98	73	93	67	50	11	37	69	55	34	100	69	18	99	74	52	28	29	97	79	9	5	97	26	61	52	70	2	57	24	10	11	53	37	
20	43	20	58	24	2	49	31	96	6	20	88	30	28	32	5	10	56	36	15	95	22	76	19	97	70	30	29	50	88	56	56	18	23	95	37	38	71	60	89	
8	41	86	50	11	20	65	56	82	69	13	48	24	6	2	94	69	14	2	88	88	16	87	46	70	14	16	19	29	64	86	40	26	66	31	59	99	42	97	63	
97	89	64	2	93	51	74	31	58	40	26	45	83	82	75	51	97	45	50	90	59	11	34	52	8	96	4	99	56	54	42	5	79	4	67	52	58	40	40	45	
76	76	77	28	44	51	55	84	91	4	61	53	49	9	93	89	83	35	12	72	39	57	64	57	51	36	36	26	67	62	25	83	2	38	60	14	35	58	44	87	
44	34	41	24	3	4	25	84	82	48	23	95	52	23	29	33	10	18	74	64	52	13	68	59	53	69	42	93	4	12	37	37	20	71	75	39	48	12	8	31	
75	55	1	68	55	31	59	72	21	53	18	94	28	28	81	88	49	65	51	74	55	1	38	10	50	76	10	78	94	57	62	95	32	99	7	39	28	6	13	82	
On machine	5
17	91	59	52	37	52	60	46	46	51	43	13	75	12	63	79	39	29	23	5	39	34	85	69	95	17	92	41	34	39	96	71	69	80	89	30	1	36	42	45	
4	43	3	15	42	45	77	50	59	73	85	36	68	83	91	47	74	1	72	52	26	3	95	79	20	21	24	64	65	5	10	61	50	40	42	2	14	10	19	97	
86	37	60	31	53	49	32	23	50	97	24	2	44	6	2	42	45	74	13	11	60	58	93	70	53	75	68	44	76	48	5	22	32	76	8	71	49	52	74	51	
6	16	19	33	44	31	93	32	93	90	95	69	4	36	94	44	13	63	50	59	27	18	100	63	13	71	18	14	2	51	99	93	32	88	89	43	6	2	53	17	
80	42	6	91	67	50	33	27	2	49	19	49	25	46	42	55	80	58	73	70	74	15	27	36	14	66	31	3	25	20	45	33	26	29	43	14	6	57	2	87	
96	32	31	65	40	32	22	98	54	28	49	97	50	83	60	36	81	29	96	40	55	57	77	49	54	72	97	16	97	85	78	33	38	37	7	70	37	89	65	27	
95	33	55	37	66	72	44	44	97	14	72	96	98	56	70	27	58	18	56	99	4	69	44	63	78	44	61	14	60	64	49	40	63	83	90	76	45	37	2	50	
26	48	68	90	79	6	87	69	100	72	1	9	43	18	64	51	98	60	4	96	77	83	61	36	21	39	82	56	29	43	71	5	3	80	27	30	73	3	36	37	
45	26	75	8	49	83	79	63	55	45	37	92	76	7	98	79	39	96	24	64	16	58	30	93	38	17	13	100	46	78	74	29	97	31	14	43	79	53	8	65	
37	89	62	66	96	46	71	30	87	64	31	35	19	61	39	62	69	28	26	40	80	75	64	7	59	63	87	42	9	95	15	91	39	65	38	94	62	76	100	51	
70	79	19	55	10	37	98	65	9	65	55	98	44	11	18	97	77	56	84	45	67	14	9	7	91	44	54	36	90	17	85	3	68	38	60	59	9	45	92	44	
42	43	87	78	62	42	89	62	93	63	32	48	69	22	45	8	59	16	24	1	44	96	3	78	25	93	59	63	24	18	12	84	15	99	2	61	42	63	12	57	
88	35	76	55	82	38	19	58	48	29	62	79	44	81	77	37	24	19	47	67	18	63	62	62	22	92	9	13	48	83	63	76	82	74	98	26	96	59	75	85	
62	92	8	43	62	13	39	34	86	80	49	83	4	93	59	56	49	43	79	15	27	9	67	42	62	76	37	65	17	16	70	17	12	1	29	50	21	76	70	26	
67	38	84	43	86	32	62	75	93	91	77	64	48	98	90	11	18	94	26	60	74	86	35	46	76	43	53	70	70	57	57	70	91	70	4	60	16	39	43	64	
18	5	93	70	67	73	11	71	12	4	95	15	14	84	15	32	4	63	4	57	5	53	36	53	90	83	49	28	2	86	87	98	55	9	53	63	92	35	87	42	
41	37	70	83	71	67	65	99	81	96	34	77	46	3	20	94	59	39	92	56	3	14	53	80	78	14	37	53	51	28	88	77	37	21	35	98	99	98	85	3	
95	35	92	20	28	52	68	79	36	90	100	73	36	11	49	88	25	60	55	98	91	63	25	94	72	2	36	77	71	50	55	32	6	63	18	81	44	15	12	27	
91	13	33	17	65	64	60	57	73	8	81	41	13	65	58	10	86	54	83	21	47	99	32	11	5	89	14	79	39	89	69	86	33	76	48	82	78	74	81	59	
70	78	50	38	5	29	56	42	86	37	48	76	75	32	51	22	61	9	46	44	75	6	97	71	6	38	28	6	47	13	52	62	96	82	55	60	7	60	66	72	
53	40	57	76	87	74	24	54	7	46	73	91	68	5	99	100	57	12	53	11	99	60	93	70	38	82	19	65	47	33	48	14	71	6	8	64	2	92	76	24	
45	12	16	48	92	34	56	84	72	73	28	100	48	3	1	83	86	41	62	88	5	1	7	46	24	5	20	4	25	95	42	15	51	77	90	95	33	83	30	72	
37	50	24	28	56	3	83	1	30	5	96	49	44	24	90	50	100	58	42	39	84	62	38	78	3	34	39	24	5	13	56	38	9	62	69	29	44	96	60	56	
35	46	62	84	21	65	57	100	26	19	85	63	23	50	89	59	11	70	67	79	34	95	18	95	48	90	87	54	52	89	62	12	97	62	63	10	8	32	81	10	
63	92	53	51	74	55	66	41	28	23	75	85	37	71	9	19	17	34	67	71	3	67	67	65	51	38	64	93	97	75	45	19	75	40	83	27	88	80	49	35	
74	61	58	84	49	93	4	51	50	21	20	28	43	86	95	80	71	21	87	14	67	11	9	71	98	20	65	99	71	1	98	87	37	73	73	97	96	86	84	33	
17	32	59	89	2	9	45	83	95	76	22	6	84	71	13	70	4	76	94	55	81	72	86	8	77	7	34	65	48	82	11	2	55	42	83	3	33	76	61	68	
68	66	17	15	66	57	10	56	64	75	51	68	95	14	28	74	57	98	23	6	70	20	59	67	76	16	28	96	40	32	31	61	38	69	14	35	18	77	91	69	
92	13	50	56	76	98	21	93	75	43	16	94	10	81	80	31	24	41	18	81	46	29	55	20	57	29	51	12	32	84	1	77	66	40	98	88	78	94	100	42	
33	93	43	11	4	52	68	61	14	30	10	86	29	94	46	68	8	7	96	40	51	70	23	16	3	61	63	53	35	14	85	91	4	25	38	27	3	94	33	63	
32	86	19	52	19	96	60	28	84	95	7	25	77	62	21	90	58	11	46	13	72	83	36	45	27	38	24	24	17	74	26	36	32	3	89	37	33	6	95	90	
45	68	10	29	56	37	35	32	53	75	34	54	33	93	62	12	84	57	22	4	8	5	44	48	39	30	61	51	7	77	1	41	19	63	84	91	29	38	86	40	
82	36	83	38	46	47	14	61	53	30	47	46	53	35	30	30	49	9	2	80	64	28	33	65	74	7	46	31	84	54	5	48	75	28	74	83	95	22	20	26	
87	28	39	82	56	55	36	80	57	40	72	66	82	24	28	82	46	85	99	25	33	12	68	18	94	47	82	15	15	1	25	45	74	48	39	56	68	62	62	97	
1	78	64	28	55	69	65	44	38	36	79	89	71	13	28	16	11	10	47	16	63	41	44	80	2	41	9	64	31	27	17	10	47	4	29	2	100	6	68	99	
27	93	83	63	84	65	52	100	100	93	33	45	15	73	77	69	66	52	12	18	3	31	88	77	72	54	79	39	85	88	9	63	93	12	33	63	38	19	48	36	
99	27	1	78	99	70	33	7	32	16	1	42	65	93	76	63	84	23	22	9	98	6	69	84	84	4	51	57	58	31	73	47	22	37	75	75	31	12	31	25	
62	58	62	80	49	6	56	24	30	63	63	95	83	61	7	11	83	42	17	29	19	30	57	93	83	2	1	44	78	18	3	21	29	25	70	21	7	5	52	21	
96	83	65	29	67	92	27	18	80	53	6	44	19	24	83	97	67	95	61	73	62	48	93	54	5	26	33	39	78	32	64	76	64	83	53	92	63	48	46	87	
65	54	54	48	4	57	36	85	61	44	26	70	25	4	90	20	34	57	52	23	87	100	37	46	59	18	82	14	75	17	55	92	99	88	61	6	12	79	86	80	
On machine	6
91	100	32	55	60	27	57	79	59	5	22	78	82	35	94	88	73	73	100	40	23	94	62	79	46	88	52	31	61	53	44	34	15	39	8	33	82	68	43	55	
97	15	67	54	91	33	3	21	2	83	83	66	15	47	16	86	42	10	50	81	95	77	35	36	66	30	77	54	93	81	67	72	68	22	40	25	34	97	76	64	
77	13	4	69	10	21	12	55	54	69	3	2	8	27	93	4	76	29	60	55	11	98	97	23	92	87	20	6	83	72	6	39	68	47	62	7	21	100	22	93	
23	69	56	85	83	17	65	91	49	51	35	53	77	56	77	26	29	57	83	96	93	10	29	29	77	28	17	57	84	75	99	3	62	8	47	6	51	36	76	13	
24	37	80	46	19	67	100	6	6	9	30	13	77	38	23	82	49	93	62	8	51	79	38	91	12	67	11	88	1	83	28	55	47	47	63	84	49	50	33	80	
89	75	28	88	31	20	14	50	59	97	76	35	30	16	11	60	28	61	9	37	41	23	4	63	60	36	14	29	99	30	88	2	76	6	1	1	7	33	41	12	
89	24	75	89	76	1	6	10	25	20	31	40	31	71	28	19	48	12	63	31	24	42	26	58	8	51	37	16	73	89	49	51	57	80	64	12	7	18	20	9	
94	36	96	37	82	77	5	69	63	80	61	49	61	59	46	62	89	13	53	77	20	11	33	44	85	27	45	55	53	32	28	25	60	26	17	12	63	33	82	27	
92	64	61	27	38	96	64	32	98	17	24	44	25	28	65	36	27	53	49	86	31	43	15	22	19	62	1	1	27	72	55	68	97	79	2	93	31	42	5	82	
17	50	91	93	84	43	57	39	44	3	65	25	17	26	80	65	35	71	84	21	11	34	28	3	36	66	60	55	8	61	40	94	92	53	16	52	13	33	74	61	
99	45	15	36	66	98	99	84	44	9	30	38	78	66	50	74	10	88	99	5	52	20	17	47	12	57	66	26	80	82	87	79	94	38	46	35	92	83	92	40	
49	54	64	1	71	57	85	24	19	34	16	15	69	31	29	85	33	19	26	5	8	81	12	63	95	98	67	22	57	43	60	98	59	40	41	42	89	34	35	25	
35	48	34	41	49	80	14	52	46	87	50	62	7	30	78	91	11	35	12	9	82	21	78	80	86	59	41	6	85	66	54	49	97	33	38	55	37	56	23	60	
49	64	81	18	71	35	92	65	50	42	52	24	35	91	70	16	42	28	41	55	63	65	69	68	50	13	39	77	64	26	49	81	40	79	95	75	81	41	38	91	
24	78	76	47	75	74	1	96	79	86	80	3	83	46	88	86	43	41	77	44	48	32	98	59	88	15	61	87	72	39	45	71	48	53	42	39	80	97	50	10	
16	98	90	41	21	1	96	39	89	25	24	6	91	50	21	66	65	85	74	21	66	86	56	7	75	71	97	6	12	61	5	13	79	20	32	76	8	27	24	96	
79	60	9	96	18	37	46	75	79	20	26	60	37	21	55	2	94	25	85	10	56	73	70	97	90	27	61	38	30	32	13	55	100	71	23	99	5	89	14	56	
73	45	5	38	46	18	7	88	27	99	15	21	80	82	22	46	50	92	61	30	57	27	81	85	79	38	86	45	16	5	76	46	32	8	24	2	73	93	18	97	
2	68	86	33	75	11	20	79	22	38	44	76	46	33	94	51	45	27	15	16	67	98	28	82	4	80	58	84	86	71	11	61	53	97	26	48	51	89	65	18	
44	86	51	48	72	77	28	15	98	37	85	75	93	15	79	30	45	90	48	28	5	84	83	44	78	9	28	88	2	88	4	78	54	76	49	66	69	28	1	75	
74	50	32	66	51	17	48	92	79	93	89	30	1	35	12	42	83	85	6	56	13	51	29	12	61	71	35	98	51	62	15	93	45	7	24	84	17	31	99	35	
98	98	77	34	3	5	17	15	74	60	79	4	84	63	76	30	9	95	32	32	87	26	14	31	18	43	54	39	51	66	73	86	33	72	100	32	92	14	98	91	
59	63	16	32	71	51	94	85	50	61	28	100	69	77	16	80	6	47	77	22	5	66	93	47	17	8	7	100	29	52	32	30	88	14	23	92	50	80	74	53	
32	73	35	18	37	14	23	68	57	98	78	9	10	86	55	13	22	21	77	31	37	90	42	57	44	20	31	80	48	57	57	83	78	26	30	86	55	74	14	50	
55	69	68	56	24	18	4	12	84	53	51	27	55	2	29	62	10	82	65	80	14	63	21	17	45	69	16	53	38	36	10	52	56	87	19	35	53	32	26	4	
83	29	59	13	6	37	3	3	11	23	43	88	48	53	96	1	61	14	57	45	55	85	78	29	83	73	99	3	58	33	24	49	94	75	67	26	3	18	54	66	
39	24	52	16	6	57	54	9	58	23	82	12	26	48	98	37	30	35	73	26	54	8	39	7	3	67	31	20	46	73	86	41	90	24	65	93	28	76	9	83	
68	91	10	44	95	58	94	61	95	8	96	93	43	43	61	2	92	40	37	97	51	76	41	46	95	52	56	61	73	20	59	97	62	96	57	87	22	91	35	55	
11	81	88	5	43	70	25	22	85	55	31	40	21	37	13	35	23	60	88	81	90	41	75	57	46	43	36	68	54	94	32	36	14	37	62	12	95	26	75	91	
40	28	88	52	18	40	69	91	47	59	25	94	11	30	42	2	98	27	50	58	28	24	14	56	11	13	61	80	27	91	36	30	52	98	13	47	84	46	26	98	
72	81	56	90	92	52	91	68	63	69	35	83	28	8	11	32	12	8	21	91	83	48	75	93	52	97	1	56	48	55	7	72	13	87	64	43	69	79	26	91	
24	44	52	50	30	19	77	10	63	7	7	11	99	26	73	98	41	82	12	95	29	6	48	61	81	25	61	8	38	58	68	75	35	53	23	79	94	32	68	40	
13	54	46	82	58	88	52	63	55	65	35	92	97	47	65	45	95	34	55	88	42	9	79	20	50	19	3	6	100	68	54	32	81	84	90	2	1	79	50	6	
38	81	16	91	74	68	19	36	8	43	47	37	82	61	37	58	31	27	1	87	79	83	53	68	89	22	56	50	20	78	82	41	97	59	70	88	6	62	13	46	
44	8	69	58	10	82	26	89	67	81	27	54	20	12	56	91	64	51	23	50	27	74	5	86	82	14	30	91	87	36	96	19	31	72	75	99	98	79	45	77	
29	76	84	59	63	59	36	44	65	44	27	78	54	63	90	52	7	23	34	92	66	64	62	31	65	3	87	96	37	5	2	19	84	69	100	71	32	74	76	69	
57	64	36	58	52	16	53	87	93	86	73	67	78	98	86	91	45	62	52	65	73	47	53	77	67	67	4	100	38	10	4	9	44	100	79	98	27	41	19	3	
96	58	71	5	49	95	81	5	41	97	47	34	36	38	63	12	24	75	79	47	51	30	93	36	61	63	11	86	37	60	27	75	75	51	81	76	85	23	77	15	
59	83	74	19	79	50	43	53	61	16	78	93	53	68	26	90	50	90	85	94	91	26	61	50	60	38	14	70	47	85	49	91	8	17	99	16	38	26	13	22	
94	75	39	96	49	68	99	7	89	73	79	43	88	10	45	33	17	47	42	89	19	30	45	71	99	54	50	2	72	87	42	81	9	24	4	38	99	15	20	27	
