Factories	3
Families	40
Machines	2
SetupType	2

Number of Jobs in each Family
5	3	10	7	3	4	4	4	9	3	10	2	5	8	7	5	8	2	2	10	4	4	3	10	2	3	1	10	2	5	6	1	9	3	3	10	1	9	4	6	

Jobs in each Family
0	1	2	3	4	
5	6	7	
8	9	10	11	12	13	14	15	16	17	
18	19	20	21	22	23	24	
25	26	27	
28	29	30	31	
32	33	34	35	
36	37	38	39	
40	41	42	43	44	45	46	47	48	
49	50	51	
52	53	54	55	56	57	58	59	60	61	
62	63	
64	65	66	67	68	
69	70	71	72	73	74	75	76	
77	78	79	80	81	82	83	
84	85	86	87	88	
89	90	91	92	93	94	95	96	
97	98	
99	100	
101	102	103	104	105	106	107	108	109	110	
111	112	113	114	
115	116	117	118	
119	120	121	
122	123	124	125	126	127	128	129	130	131	
132	133	
134	135	136	
137	
138	139	140	141	142	143	144	145	146	147	
148	149	
150	151	152	153	154	
155	156	157	158	159	160	
161	
162	163	164	165	166	167	168	169	170	
171	172	173	
174	175	176	
177	178	179	180	181	182	183	184	185	186	
187	
188	189	190	191	192	193	194	195	196	
197	198	199	200	
201	202	203	204	205	206	

Total number of jobs
207

Processing times of jobs
3	10	
8	1	
6	8	
6	8	
2	5	
6	6	
5	6	
8	5	
3	3	
6	8	
5	5	
3	2	
9	8	
8	1	
3	8	
9	9	
6	10	
2	8	
3	4	
7	8	
7	7	
10	8	
8	9	
9	3	
6	4	
5	2	
5	4	
3	4	
10	1	
7	8	
9	4	
3	8	
10	4	
9	8	
8	1	
8	2	
2	6	
7	7	
7	8	
7	10	
9	6	
5	1	
7	9	
7	4	
3	4	
2	10	
6	9	
7	10	
9	5	
1	3	
6	2	
2	4	
7	3	
9	4	
2	6	
10	8	
4	4	
1	10	
9	8	
10	2	
6	3	
2	7	
4	3	
10	10	
3	2	
1	9	
6	8	
4	1	
10	9	
10	9	
10	6	
9	7	
8	5	
5	1	
1	2	
8	2	
1	4	
6	5	
10	3	
10	1	
5	10	
6	2	
8	2	
1	9	
1	4	
8	7	
1	8	
7	4	
7	10	
10	6	
6	7	
7	4	
5	6	
9	8	
10	10	
2	3	
10	1	
5	6	
10	5	
3	5	
7	2	
9	5	
1	3	
8	6	
5	6	
3	3	
3	5	
10	6	
10	7	
2	2	
4	3	
5	1	
5	2	
2	3	
2	8	
4	5	
4	2	
7	8	
4	1	
3	7	
3	6	
8	2	
8	9	
2	4	
4	3	
7	3	
3	3	
1	5	
8	2	
9	1	
2	7	
7	2	
6	10	
6	3	
5	3	
3	10	
5	9	
4	8	
1	8	
4	6	
10	10	
4	1	
3	2	
1	5	
5	6	
9	10	
8	3	
5	4	
2	3	
4	4	
8	1	
2	7	
9	1	
8	2	
1	4	
1	10	
8	10	
6	9	
9	10	
5	7	
1	1	
9	9	
6	1	
7	6	
4	10	
9	10	
9	9	
8	6	
10	7	
4	2	
8	3	
3	10	
10	10	
10	5	
3	5	
10	1	
10	8	
5	10	
10	8	
7	2	
9	8	
8	3	
2	5	
10	1	
9	9	
7	5	
10	8	
2	7	
7	2	
6	6	
1	6	
7	5	
4	6	
2	4	
8	7	
3	9	
7	8	
2	1	
5	10	
1	6	
2	5	
5	9	
3	1	
9	7	
10	7	
7	9	
10	7	

Stepup times between Families, where [f][f] represents initial setup time
On machine	1
26	25	34	2	39	38	34	35	15	21	42	33	16	48	33	4	10	15	19	2	27	6	28	41	17	4	24	16	48	16	32	38	34	13	38	46	38	16	14	3	
45	44	3	40	16	12	5	34	9	39	10	5	38	36	33	23	22	36	29	46	5	41	45	31	15	13	3	29	46	48	48	45	49	30	26	20	18	13	2	7	
45	2	41	42	34	23	8	20	5	13	27	30	31	33	18	1	10	16	23	29	8	23	39	22	7	39	20	13	9	3	38	29	49	37	31	45	32	23	42	7	
27	3	24	45	49	29	21	32	14	16	12	48	28	30	26	24	47	11	35	34	32	2	35	18	21	15	21	19	8	25	26	35	46	22	24	28	45	29	6	5	
41	5	3	41	27	43	18	48	25	42	19	22	15	27	14	44	36	30	3	26	5	1	8	27	34	21	26	22	18	2	18	2	30	5	16	9	50	47	31	10	
8	1	47	40	27	10	3	3	30	36	25	17	40	36	32	15	38	46	40	27	41	10	14	32	32	8	41	24	37	46	13	39	25	14	5	25	15	50	48	16	
36	10	36	35	43	19	35	4	18	45	36	14	18	37	30	26	23	50	37	47	40	26	15	18	31	1	7	20	22	28	48	44	26	49	40	47	39	14	3	6	
42	14	50	49	47	13	12	23	48	37	49	34	6	37	44	39	46	16	14	46	50	41	5	20	27	33	7	44	31	25	44	9	28	15	19	40	7	50	18	20	
38	6	14	46	28	11	43	49	33	11	28	9	17	32	24	22	16	5	30	23	31	17	20	38	19	8	6	44	15	10	2	22	25	7	28	19	41	16	24	38	
48	40	49	26	32	15	31	29	25	25	7	41	50	19	24	12	37	37	7	36	24	19	24	6	16	24	49	42	44	31	33	36	29	1	18	37	18	15	38	18	
39	1	34	12	41	31	41	23	15	8	20	40	42	22	50	8	47	43	21	18	45	4	8	28	22	30	44	24	40	7	42	16	27	43	12	35	2	32	9	3	
48	15	49	40	43	43	11	19	1	44	36	3	50	46	1	28	36	40	41	22	26	1	29	30	34	5	14	22	44	34	16	41	25	47	49	29	11	37	10	24	
33	9	9	27	24	4	22	18	9	29	39	12	17	18	3	4	30	11	32	45	37	13	22	35	14	42	12	39	22	49	20	12	35	18	42	29	10	18	31	44	
3	28	42	28	27	16	21	41	3	33	42	39	50	13	22	38	11	3	32	41	50	45	17	48	2	17	39	37	14	50	41	35	31	48	20	14	23	49	10	15	
16	23	26	43	40	10	49	29	6	21	8	2	33	17	31	19	12	18	42	4	37	40	21	49	46	18	47	5	42	21	18	30	40	18	18	9	49	44	39	27	
1	11	26	5	11	50	41	38	4	14	26	7	22	14	7	33	48	47	37	7	20	1	29	41	47	36	21	35	10	5	46	23	44	8	5	15	48	29	50	8	
43	47	39	15	43	9	7	11	48	45	3	19	20	41	13	47	16	43	42	42	1	33	46	2	9	30	22	49	10	6	15	40	41	43	49	49	50	31	28	8	
50	3	28	45	18	24	8	19	38	39	25	26	31	15	32	21	32	44	20	16	9	30	26	18	21	8	6	44	24	49	20	29	41	10	3	35	49	33	9	40	
1	8	16	22	33	21	22	28	45	12	45	50	23	19	25	49	32	18	36	37	39	3	29	33	30	24	48	39	12	34	27	26	36	10	30	7	3	21	30	12	
23	33	47	42	39	1	32	16	20	8	14	43	29	26	44	5	9	16	24	35	15	25	30	5	36	11	23	46	18	31	13	33	21	35	16	21	4	26	9	24	
10	33	3	48	8	34	35	34	45	6	47	10	29	18	36	48	23	22	49	14	11	3	9	31	20	49	40	44	10	4	29	4	3	13	2	31	17	47	12	21	
17	30	31	3	21	25	17	27	44	21	49	42	32	3	13	47	16	34	13	24	16	49	33	10	29	35	47	9	28	28	38	4	2	40	13	50	31	40	30	9	
44	33	37	3	22	29	41	2	11	48	13	12	15	3	12	19	10	31	26	41	4	9	25	12	16	5	17	4	34	25	6	1	29	2	11	9	36	44	5	50	
8	18	41	19	39	27	31	33	37	35	46	28	22	35	10	50	7	39	33	49	29	21	25	50	15	35	38	47	20	30	10	43	50	18	30	12	25	11	40	11	
37	29	5	9	37	5	33	27	2	25	43	39	42	20	39	43	47	6	25	9	19	29	14	4	9	21	22	18	41	30	25	21	39	29	49	15	45	43	48	46	
4	11	26	17	47	10	36	44	32	20	12	1	38	37	24	11	22	49	25	35	14	9	8	18	44	13	47	1	8	12	34	50	45	26	19	4	13	15	39	36	
21	31	27	42	41	14	22	37	16	39	34	18	35	48	50	1	18	29	19	47	16	21	5	36	50	16	28	10	33	23	10	13	26	26	18	19	8	34	36	27	
15	30	13	14	22	41	42	41	5	38	22	4	1	27	28	14	42	43	43	34	50	22	29	8	23	43	3	4	28	21	5	48	22	38	14	44	38	3	22	17	
42	32	36	50	7	5	9	13	19	32	42	34	31	46	29	13	46	15	33	25	18	17	17	43	16	17	8	21	6	21	20	49	14	4	21	1	9	43	18	19	
44	10	40	10	6	15	14	43	41	42	17	23	22	10	46	13	23	16	39	29	12	31	27	30	13	31	28	16	24	48	50	16	20	19	39	15	17	14	23	3	
36	26	47	24	15	21	19	49	30	33	13	9	4	48	1	28	32	35	13	28	15	38	35	17	15	14	25	47	33	39	33	39	17	13	39	15	14	36	37	15	
32	17	13	29	25	38	4	1	50	22	12	41	4	35	21	37	25	35	21	10	19	8	7	38	46	1	38	39	18	8	33	48	7	50	23	30	42	49	48	30	
33	33	20	34	12	7	45	24	39	38	4	48	17	17	27	26	3	37	2	27	31	40	26	47	43	9	28	10	8	29	34	22	4	3	50	13	1	4	47	2	
44	27	24	44	14	30	45	40	40	30	33	6	9	47	9	29	21	24	4	6	28	22	1	7	30	36	17	39	32	44	17	38	17	36	43	40	43	25	1	4	
7	12	24	5	31	12	43	23	34	5	25	15	24	8	5	5	25	17	39	12	22	23	34	22	33	1	18	5	14	48	3	33	14	24	5	31	8	17	39	44	
23	47	6	40	30	13	6	29	31	30	38	43	37	9	48	13	46	24	3	11	32	24	13	36	50	42	8	48	7	9	14	5	37	4	45	40	7	14	18	29	
33	43	40	13	2	12	26	17	34	37	40	37	29	29	29	8	16	40	16	23	12	18	6	33	18	3	27	17	44	35	22	14	46	4	41	13	5	15	24	30	
26	38	26	40	18	20	2	20	38	40	34	50	34	37	21	39	8	50	28	30	39	35	24	50	29	27	20	26	47	8	48	17	23	10	27	47	4	39	35	19	
43	34	22	33	8	30	1	17	42	18	18	25	39	19	12	47	3	10	47	20	3	39	25	5	23	31	43	27	5	25	6	7	12	40	24	11	36	22	41	6	
31	43	12	11	33	25	27	16	14	50	8	10	11	30	39	12	21	31	47	42	16	32	21	41	9	15	4	1	10	21	43	49	33	31	26	50	23	27	16	16	
On machine	2
8	21	45	13	40	25	37	24	20	20	13	39	46	47	15	25	41	43	28	27	39	4	5	33	49	14	42	48	6	42	11	21	24	2	1	24	33	47	27	42	
38	10	21	10	9	40	18	31	44	9	17	1	38	23	36	17	10	30	34	13	21	23	30	3	9	38	6	44	14	1	27	36	18	8	16	6	8	44	36	40	
33	14	28	44	4	37	7	18	40	44	23	34	38	4	12	23	25	1	28	12	34	27	34	35	15	23	33	13	12	13	6	9	31	22	5	20	7	32	50	43	
28	6	6	17	4	20	31	47	13	33	35	13	21	12	26	26	13	11	12	46	11	44	8	17	26	35	44	28	37	31	11	40	34	13	13	46	12	35	15	18	
4	6	3	34	34	26	21	32	25	31	23	40	18	3	18	1	49	32	10	13	4	50	25	48	5	13	26	14	14	31	46	33	12	26	39	22	24	3	37	24	
7	1	46	40	41	38	37	39	43	40	9	8	14	41	12	28	42	3	1	17	42	4	23	15	12	48	24	31	23	27	45	42	44	27	26	47	37	43	1	14	
12	9	9	20	7	38	46	35	47	25	9	8	23	36	33	45	37	21	21	40	4	50	22	17	15	27	31	5	19	34	13	35	39	30	23	30	47	25	22	28	
43	27	11	4	44	19	2	8	49	35	2	48	4	2	48	5	46	21	45	11	31	1	1	1	50	47	29	11	22	33	2	42	23	16	37	20	38	31	6	19	
42	39	5	50	37	31	35	37	38	41	25	40	11	42	43	37	4	20	7	43	40	7	38	2	33	34	19	3	15	33	25	44	35	17	19	43	15	36	20	49	
21	40	15	5	10	12	2	22	46	21	10	45	14	13	13	23	19	38	27	21	33	47	6	8	41	1	10	20	24	27	25	18	40	30	10	11	40	21	48	11	
8	42	9	27	21	10	21	46	39	36	14	45	6	17	6	30	21	21	6	44	28	32	22	47	12	10	42	19	37	43	1	31	29	5	30	41	16	44	33	35	
41	17	42	10	30	47	46	15	44	9	26	2	7	29	40	43	38	27	45	32	21	48	2	3	9	30	15	28	49	25	17	9	23	33	21	39	13	27	33	12	
8	10	8	41	33	10	11	7	26	9	8	27	21	42	44	35	45	7	48	39	46	9	1	13	9	6	16	10	5	43	16	24	25	18	9	47	2	49	49	13	
48	18	25	37	43	13	10	12	28	3	43	46	32	24	6	50	31	38	28	47	34	17	26	16	32	10	23	13	30	38	11	40	20	46	37	38	6	13	16	9	
11	2	5	27	38	41	2	13	7	47	13	42	44	49	30	21	28	15	46	6	21	48	34	11	20	37	44	9	7	45	30	5	22	21	25	23	13	32	17	18	
27	50	11	47	20	43	33	3	9	21	29	35	43	36	30	3	36	16	30	7	21	23	44	23	39	47	45	28	43	36	42	21	25	44	17	23	25	46	29	27	
14	4	42	47	26	4	29	37	35	39	16	13	50	32	50	26	30	41	31	11	48	6	11	39	35	31	27	20	50	10	44	1	26	2	25	50	27	41	29	38	
14	27	24	28	8	21	11	35	43	34	28	47	26	28	8	26	48	22	43	9	17	47	8	41	25	5	37	23	49	29	50	25	28	20	50	31	41	36	11	44	
22	8	26	21	17	20	2	45	3	31	1	6	25	37	40	36	34	16	42	18	37	22	47	3	29	7	5	39	47	9	16	20	22	22	13	6	23	14	37	49	
15	34	6	19	14	46	43	33	38	5	2	32	17	34	13	7	47	4	9	30	30	32	18	38	24	5	14	17	42	28	2	31	42	45	21	5	40	32	9	20	
33	7	24	15	41	48	44	9	5	16	44	17	32	37	40	31	39	1	41	43	50	26	14	10	42	22	6	39	37	26	30	8	11	8	25	10	10	12	4	36	
24	25	19	8	23	31	43	39	21	17	44	30	49	40	8	27	16	40	45	27	14	16	20	29	43	7	35	34	31	5	11	27	19	14	25	17	39	40	46	10	
7	13	6	49	40	49	16	14	5	23	42	39	43	47	10	30	40	20	46	42	24	41	36	43	44	49	26	15	21	21	28	30	5	43	50	40	16	47	12	12	
33	28	48	32	8	10	5	9	15	43	23	17	8	31	38	3	7	45	2	15	46	34	32	11	24	50	50	43	30	28	8	15	3	28	27	6	38	25	45	5	
35	43	18	13	8	1	11	30	6	12	25	1	11	32	29	8	13	50	18	29	48	36	31	14	26	41	5	50	40	34	20	1	50	28	35	9	30	27	35	9	
15	34	47	49	30	37	30	45	4	50	18	15	16	47	30	19	43	41	13	45	48	39	28	34	20	29	48	40	7	17	12	30	8	17	10	12	11	4	16	5	
36	36	16	25	39	33	24	31	38	10	37	42	41	28	49	35	16	7	50	33	50	29	11	6	49	9	10	14	3	35	3	47	45	43	33	39	18	20	35	45	
9	18	14	6	44	36	2	4	39	18	7	6	15	36	22	25	50	16	10	18	23	13	47	2	28	19	8	10	32	45	38	43	47	16	35	4	41	30	26	36	
15	23	33	19	39	8	39	50	15	46	29	46	44	42	35	27	44	32	21	34	19	14	29	16	23	17	29	45	32	12	13	16	3	13	33	50	15	33	9	17	
31	42	36	48	34	37	11	15	45	30	50	14	33	28	36	44	16	39	42	13	8	45	5	33	16	43	12	23	35	48	45	35	7	24	23	23	9	28	5	39	
48	45	10	41	38	42	30	50	20	27	6	31	38	29	1	5	36	34	48	35	17	21	3	39	18	32	15	20	13	31	32	41	10	22	39	16	4	22	31	48	
40	43	11	32	5	28	21	36	20	8	35	8	10	4	3	37	32	18	28	19	14	8	28	40	3	4	41	14	21	38	45	21	6	19	13	1	34	2	31	8	
1	36	8	49	19	29	40	42	28	36	26	14	28	7	32	44	27	7	11	48	3	3	50	32	30	45	38	37	31	33	8	39	27	34	49	46	35	27	40	28	
28	38	14	22	34	37	36	5	43	20	41	9	6	16	9	48	18	49	14	9	10	28	10	26	38	38	50	43	18	14	19	9	40	6	48	49	35	39	18	8	
39	21	33	9	20	25	23	12	17	40	42	42	34	49	35	3	39	13	18	2	31	20	29	36	8	10	36	8	30	43	9	4	29	50	36	49	26	43	28	22	
7	8	23	39	40	35	16	45	43	12	15	49	25	8	7	21	7	47	42	22	49	22	11	13	13	13	39	7	33	30	46	49	10	26	49	41	28	47	38	20	
43	44	5	15	36	38	28	34	9	13	45	2	31	32	11	45	44	50	18	21	14	32	39	25	45	1	10	14	29	21	25	18	26	10	39	19	5	38	38	33	
10	6	50	33	25	29	35	39	8	49	15	28	33	41	32	39	7	35	33	13	48	15	19	20	22	4	5	44	4	32	15	49	7	22	45	43	29	1	9	35	
34	47	14	47	2	49	10	17	2	50	36	35	3	15	16	47	43	4	28	40	18	30	27	24	33	5	20	49	31	36	30	36	45	30	29	50	28	48	26	44	
33	12	35	1	7	25	47	29	44	5	34	18	41	20	27	39	8	47	21	23	18	36	48	31	30	31	15	1	10	44	33	49	15	43	19	24	33	14	32	50	
