Factories	3
Families	20
Machines	6
SetupType	3

Number of Jobs in each Family
7	1	7	5	3	10	2	7	5	1	1	5	4	6	10	7	5	4	2	9	

Jobs in each Family
0	1	2	3	4	5	6	
7	
8	9	10	11	12	13	14	
15	16	17	18	19	
20	21	22	
23	24	25	26	27	28	29	30	31	32	
33	34	
35	36	37	38	39	40	41	
42	43	44	45	46	
47	
48	
49	50	51	52	53	
54	55	56	57	
58	59	60	61	62	63	
64	65	66	67	68	69	70	71	72	73	
74	75	76	77	78	79	80	
81	82	83	84	85	
86	87	88	89	
90	91	
92	93	94	95	96	97	98	99	100	

Total number of jobs
101

Processing times of jobs
3	3	3	9	3	9	
6	6	6	3	10	9	
4	7	8	5	1	3	
2	3	1	1	4	4	
1	5	2	2	4	1	
10	8	10	8	3	8	
8	6	6	4	3	9	
6	1	6	8	10	6	
1	10	1	5	8	1	
10	6	9	9	8	6	
9	3	3	1	2	9	
8	2	7	9	5	5	
7	9	4	1	1	1	
5	3	6	7	5	10	
6	3	4	10	6	4	
10	7	2	6	7	3	
5	4	8	5	9	6	
2	5	9	5	9	2	
9	5	5	3	6	9	
7	1	5	3	10	3	
1	6	4	1	5	6	
9	3	3	7	3	4	
10	1	5	1	9	7	
7	9	5	6	1	2	
1	1	7	10	10	2	
10	2	1	9	10	3	
10	3	9	1	6	8	
1	4	6	1	7	1	
8	2	6	4	2	8	
9	5	9	7	1	2	
6	10	9	2	8	5	
4	10	7	9	1	7	
8	7	2	1	10	2	
10	5	5	3	1	8	
10	1	8	2	3	4	
6	6	3	6	2	9	
7	2	1	9	8	4	
6	9	3	9	5	1	
1	1	10	2	8	2	
1	9	7	1	4	10	
7	8	8	1	2	7	
4	2	4	1	6	9	
3	2	2	1	8	1	
1	7	7	1	4	3	
5	10	7	1	2	1	
1	7	9	1	6	8	
8	9	9	9	8	8	
5	10	10	2	5	4	
10	3	10	1	9	2	
2	1	7	1	8	7	
7	1	10	6	2	10	
7	6	7	4	1	8	
4	4	2	8	1	6	
10	8	4	8	2	8	
4	8	4	5	7	2	
1	2	6	4	9	6	
5	9	2	2	2	10	
8	2	4	8	4	1	
9	6	1	2	10	10	
10	5	8	2	5	9	
4	7	1	6	7	8	
10	5	6	10	7	2	
8	5	4	8	9	8	
7	8	1	2	9	4	
3	9	2	7	10	3	
8	7	7	2	7	9	
9	8	8	10	6	1	
2	9	3	10	7	7	
8	2	7	5	6	2	
6	2	5	5	4	1	
7	5	4	3	6	7	
8	2	9	2	9	1	
6	8	7	4	4	3	
3	8	5	3	4	4	
4	2	10	3	6	4	
3	2	3	1	4	8	
9	3	6	3	7	3	
9	1	8	10	9	2	
7	10	6	5	9	2	
1	5	3	10	2	10	
8	7	7	9	4	1	
1	7	3	6	7	3	
8	7	3	6	5	4	
3	4	3	3	8	4	
9	3	9	8	8	6	
6	3	4	2	1	6	
5	9	8	7	9	6	
5	2	7	9	7	1	
10	6	2	5	1	10	
4	6	5	3	2	10	
2	10	10	8	10	4	
7	6	3	3	4	9	
2	6	5	4	4	5	
8	9	3	7	4	2	
7	3	1	7	2	8	
2	3	3	5	5	4	
4	6	1	2	7	7	
8	3	4	8	4	1	
4	2	2	9	4	1	
4	10	10	8	8	6	
10	8	5	2	6	7	

Stepup times between Families, where [f][f] represents initial setup time
On machine	1
6	7	73	82	60	67	88	43	38	3	79	8	20	85	15	4	67	66	38	24	
88	80	31	1	3	30	90	63	100	34	40	12	86	66	70	52	6	10	90	2	
42	60	27	90	95	21	82	53	60	59	20	26	52	20	22	78	6	46	31	55	
6	91	25	84	62	12	51	52	47	32	21	32	38	18	52	34	99	2	20	67	
19	59	31	15	55	67	39	8	44	91	75	96	25	3	70	55	21	80	29	4	
82	62	22	78	17	52	16	46	67	77	77	92	71	42	74	11	1	46	2	89	
38	97	89	74	13	28	54	7	66	83	27	59	81	19	92	1	96	15	94	32	
41	82	98	18	98	55	29	99	90	4	53	38	29	67	53	13	62	14	17	78	
20	4	13	100	82	49	23	39	8	30	3	31	31	80	90	55	2	87	88	61	
30	14	6	92	43	45	56	34	32	6	64	15	96	72	71	81	90	49	40	54	
70	62	70	47	82	92	85	26	68	33	20	14	96	39	61	61	24	85	1	23	
54	32	26	82	90	51	90	81	21	13	94	48	25	50	39	16	77	57	79	71	
72	98	72	75	69	64	84	47	10	12	100	66	97	83	27	27	54	16	9	16	
18	89	61	79	32	43	27	6	70	80	29	10	74	93	4	90	65	37	33	93	
83	93	78	81	97	35	23	46	24	48	41	66	35	84	18	82	34	93	64	53	
15	17	86	47	85	3	21	73	68	21	100	95	85	69	70	18	30	93	63	51	
55	2	81	43	90	59	64	12	100	27	92	21	73	15	63	70	74	52	2	66	
1	45	95	96	6	23	92	27	71	53	22	2	24	7	65	27	76	70	31	71	
82	82	99	10	4	82	35	79	94	7	11	19	90	56	32	26	26	41	1	90	
70	63	9	75	63	66	9	27	85	28	75	42	84	97	48	52	8	47	70	58	
On machine	2
83	9	17	71	29	94	50	92	43	19	36	54	73	98	87	30	20	56	42	53	
80	33	85	93	97	93	15	76	85	30	32	75	33	69	70	66	83	93	82	50	
76	30	9	31	69	58	84	39	63	28	67	78	63	46	72	72	35	89	20	44	
74	74	82	11	26	44	1	12	88	3	54	76	28	82	17	33	46	32	92	95	
47	7	4	47	100	83	81	43	28	86	32	85	48	84	71	96	24	29	11	81	
80	4	93	58	60	26	63	72	31	36	60	100	18	25	46	30	100	51	47	54	
61	88	26	92	87	84	15	11	17	25	54	81	66	65	80	1	80	23	63	56	
54	37	35	43	34	21	100	33	3	15	70	2	38	6	58	23	71	88	91	53	
39	11	93	48	92	46	97	91	88	36	77	61	13	32	89	29	12	44	18	26	
57	94	10	29	82	92	93	40	16	39	2	65	14	68	33	54	4	98	51	97	
99	6	46	95	9	40	27	41	51	45	29	47	9	37	88	64	39	75	78	62	
9	67	16	38	92	56	60	67	19	94	42	40	86	13	21	30	82	70	44	14	
9	53	40	31	45	80	87	16	71	23	1	48	8	93	94	18	99	38	4	23	
24	65	71	50	38	12	62	74	8	21	64	34	24	71	71	45	19	14	19	75	
63	8	31	52	39	28	23	96	57	55	73	90	9	68	93	45	97	31	10	64	
62	18	7	32	26	8	19	23	24	91	89	83	83	12	46	29	31	9	55	43	
100	18	22	33	100	82	96	91	27	72	84	34	61	9	90	88	93	80	27	32	
51	53	64	62	23	94	5	31	51	63	35	85	53	48	11	50	26	76	29	34	
46	44	81	57	22	33	21	33	93	78	79	68	2	97	8	86	22	80	41	10	
69	7	1	25	91	40	20	7	87	46	67	36	88	98	39	66	99	18	2	49	
On machine	3
48	99	75	63	43	82	10	74	81	42	4	18	55	48	92	83	48	27	34	98	
51	75	14	79	43	91	80	28	16	18	35	95	28	82	92	45	44	86	21	30	
13	94	17	3	54	87	33	63	70	21	52	21	26	39	3	54	53	22	67	42	
67	42	11	84	63	40	49	42	11	45	89	37	51	49	16	81	42	76	86	17	
30	33	18	3	83	72	28	5	46	61	77	74	82	61	54	6	63	92	15	83	
57	56	54	33	22	69	18	1	3	98	66	78	48	23	20	35	4	59	12	92	
40	56	29	87	62	97	13	70	29	31	64	58	25	71	21	65	33	54	14	41	
21	54	57	64	68	57	59	79	3	87	4	55	2	60	55	76	75	66	99	68	
12	93	22	28	1	97	85	33	43	44	9	82	83	7	100	4	86	100	78	58	
96	90	50	18	51	33	100	39	61	41	85	41	54	85	53	50	3	34	7	85	
69	86	17	1	15	74	98	82	49	71	34	96	73	96	21	85	64	42	83	35	
64	54	5	75	9	55	35	78	88	8	6	18	79	68	68	8	11	98	52	27	
94	83	94	49	25	58	53	80	69	64	4	24	95	92	89	43	26	60	94	38	
48	64	98	78	93	19	98	13	99	44	84	49	9	99	38	37	11	88	43	72	
46	14	7	98	4	64	29	98	69	32	98	80	79	9	27	58	19	75	25	22	
85	4	84	14	70	53	54	16	28	49	14	79	62	81	17	82	9	41	39	75	
22	38	89	26	44	5	30	71	16	47	11	45	68	57	3	61	69	86	47	70	
12	1	19	38	38	97	65	98	67	16	37	25	56	27	29	63	48	36	74	7	
34	52	28	21	23	75	50	17	89	45	28	52	31	26	36	98	15	65	32	3	
65	4	63	50	97	47	85	38	28	15	87	75	71	13	94	54	27	87	32	24	
On machine	4
63	18	90	12	92	62	43	25	19	97	40	49	37	14	19	65	55	93	38	5	
58	42	58	68	79	63	71	47	92	13	81	5	80	39	67	99	5	37	76	37	
62	79	23	93	77	10	71	33	59	97	47	11	50	8	70	57	100	9	34	38	
34	29	94	100	13	73	9	98	16	40	65	60	78	68	65	85	54	79	10	36	
29	100	48	72	86	62	71	29	93	96	68	62	40	33	94	97	21	67	8	51	
74	14	72	44	53	35	52	11	72	69	93	37	32	18	90	100	80	75	66	58	
37	12	3	87	99	20	97	100	87	39	34	76	31	29	16	48	61	85	22	85	
39	50	99	48	94	70	31	43	58	80	90	95	65	52	82	46	4	36	19	61	
42	81	37	84	42	6	14	20	24	33	91	61	31	47	40	29	57	53	77	77	
38	28	7	8	29	49	90	69	81	21	33	48	39	58	9	50	1	63	9	16	
90	1	49	18	95	47	88	89	50	70	12	15	16	32	41	17	33	46	93	89	
62	73	42	13	18	78	56	20	34	76	73	48	57	17	66	3	48	56	8	54	
57	66	95	63	90	28	45	54	36	28	98	2	85	41	43	56	71	88	60	69	
74	5	7	4	12	54	93	62	10	74	31	97	13	89	30	66	59	7	34	67	
52	82	29	5	52	8	26	26	45	9	84	5	89	72	5	60	22	20	55	42	
37	90	9	10	40	66	37	97	90	86	85	56	43	9	83	24	73	39	49	85	
38	36	33	100	83	24	25	36	16	2	23	19	21	20	31	30	80	29	9	94	
24	4	64	33	94	45	71	88	22	61	24	14	68	38	58	62	63	27	83	72	
70	89	13	69	25	31	72	11	62	84	21	99	5	26	74	94	9	69	49	54	
84	56	61	10	8	59	87	95	74	9	94	88	48	48	21	68	82	88	8	59	
On machine	5
34	44	89	46	77	75	72	83	47	33	82	49	38	96	66	15	82	82	28	3	
28	56	30	21	33	52	52	24	60	74	76	24	32	96	78	9	55	96	48	97	
50	66	17	28	10	82	71	59	2	31	34	54	45	37	27	85	30	49	89	78	
31	66	35	40	76	70	27	19	24	25	85	74	16	68	74	17	18	66	2	81	
31	39	100	84	9	55	50	17	64	26	29	32	71	31	13	94	73	66	88	80	
41	21	27	44	62	78	58	67	59	95	17	40	54	78	34	62	12	95	90	34	
9	43	10	27	55	26	63	14	84	93	61	91	95	36	47	9	24	81	12	34	
61	70	99	78	43	59	25	50	45	40	67	98	61	6	86	32	69	99	32	51	
57	2	19	18	49	79	44	95	26	65	28	38	92	86	93	82	54	39	100	17	
37	24	62	27	74	20	53	49	27	21	96	35	60	19	49	92	34	14	82	40	
43	25	6	63	51	92	6	60	31	42	72	92	56	75	18	80	46	72	17	48	
50	57	59	45	44	37	52	45	81	64	86	98	4	33	63	61	80	95	38	28	
69	39	91	5	70	78	7	5	3	83	32	27	98	90	54	9	19	98	67	37	
31	42	70	40	94	34	22	48	21	64	53	26	54	2	59	86	19	77	93	93	
19	88	30	20	94	33	8	39	75	46	50	65	56	20	85	82	11	80	20	40	
51	51	44	38	20	84	51	62	42	67	5	58	54	57	17	57	72	53	42	60	
93	69	1	55	100	57	68	60	47	94	3	17	54	71	94	64	24	73	24	25	
20	41	98	23	94	2	15	4	30	75	7	14	5	26	97	100	43	73	93	58	
76	45	1	60	45	93	20	89	10	100	9	2	33	46	89	96	6	12	23	56	
5	82	79	26	31	85	93	92	100	77	55	40	60	5	82	47	82	12	61	75	
On machine	6
37	70	18	83	33	51	89	1	9	79	50	9	37	79	66	68	42	87	89	88	
93	69	47	54	80	89	97	23	55	81	21	39	91	94	8	27	8	88	38	10	
48	70	51	23	1	30	69	97	63	48	66	78	76	4	55	32	36	17	70	33	
57	39	100	10	38	25	77	54	49	72	4	12	15	62	26	58	11	90	83	15	
43	91	11	84	74	67	30	18	52	54	9	51	20	55	91	34	67	22	76	88	
82	47	16	41	58	70	19	38	13	36	64	12	76	13	92	60	18	25	13	41	
100	68	62	87	11	17	13	5	86	54	90	81	73	82	65	86	76	19	19	23	
96	71	1	86	82	17	58	60	74	11	10	43	7	34	94	80	68	8	18	65	
90	61	89	86	87	1	3	48	26	69	93	1	12	88	5	59	99	16	32	35	
40	77	88	85	87	5	9	1	29	64	82	44	61	58	88	21	27	83	79	9	
81	27	54	97	89	2	16	30	17	93	14	37	25	30	7	76	74	72	57	92	
71	83	78	13	65	66	11	3	35	69	32	3	99	37	24	29	86	54	75	46	
81	9	21	81	1	75	56	38	20	32	68	56	42	46	74	96	23	84	27	16	
85	55	34	12	60	52	73	18	36	44	8	41	87	64	43	85	48	67	54	13	
99	60	17	29	90	36	96	33	43	13	83	9	59	60	50	34	66	64	13	17	
40	59	78	62	55	97	19	64	46	22	45	20	38	33	57	11	34	83	70	79	
85	64	7	28	3	28	71	79	35	40	2	44	99	12	70	37	85	24	94	62	
78	82	70	30	48	75	83	6	32	11	79	4	28	58	36	87	5	28	85	45	
73	21	42	17	92	6	2	78	36	67	98	95	33	73	95	65	62	77	3	78	
6	69	72	95	74	51	17	65	87	52	9	43	70	23	49	83	26	34	49	13	
