Factories	3
Families	40
Machines	2
SetupType	3

Number of Jobs in each Family
1	8	7	4	6	1	9	3	1	5	6	6	1	8	7	9	5	10	3	8	9	2	3	3	3	9	9	4	2	6	5	3	7	3	7	5	8	1	10	4	

Jobs in each Family
0	
1	2	3	4	5	6	7	8	
9	10	11	12	13	14	15	
16	17	18	19	
20	21	22	23	24	25	
26	
27	28	29	30	31	32	33	34	35	
36	37	38	
39	
40	41	42	43	44	
45	46	47	48	49	50	
51	52	53	54	55	56	
57	
58	59	60	61	62	63	64	65	
66	67	68	69	70	71	72	
73	74	75	76	77	78	79	80	81	
82	83	84	85	86	
87	88	89	90	91	92	93	94	95	96	
97	98	99	
100	101	102	103	104	105	106	107	
108	109	110	111	112	113	114	115	116	
117	118	
119	120	121	
122	123	124	
125	126	127	
128	129	130	131	132	133	134	135	136	
137	138	139	140	141	142	143	144	145	
146	147	148	149	
150	151	
152	153	154	155	156	157	
158	159	160	161	162	
163	164	165	
166	167	168	169	170	171	172	
173	174	175	
176	177	178	179	180	181	182	
183	184	185	186	187	
188	189	190	191	192	193	194	195	
196	
197	198	199	200	201	202	203	204	205	206	
207	208	209	210	

Total number of jobs
211

Processing times of jobs
9	2	
6	10	
5	8	
2	4	
9	5	
5	10	
10	2	
6	3	
8	6	
7	3	
10	5	
8	8	
3	6	
2	3	
9	6	
3	3	
2	10	
10	6	
8	6	
4	4	
1	6	
3	10	
3	8	
2	5	
8	1	
3	8	
2	1	
9	8	
6	10	
5	8	
3	1	
7	6	
2	1	
2	9	
2	3	
1	6	
8	2	
1	5	
6	8	
4	3	
4	3	
4	4	
1	10	
5	2	
4	6	
3	6	
8	2	
2	5	
5	10	
1	9	
3	10	
6	1	
6	1	
2	10	
9	9	
2	5	
4	10	
5	2	
7	4	
8	7	
3	9	
5	5	
7	2	
8	8	
8	8	
7	6	
2	10	
10	7	
7	6	
7	1	
5	6	
2	10	
6	7	
10	3	
10	10	
7	9	
10	7	
1	9	
10	3	
2	1	
10	8	
2	2	
4	3	
2	10	
2	4	
6	10	
1	5	
10	8	
8	3	
6	8	
2	3	
9	2	
3	7	
5	2	
9	1	
5	3	
3	7	
4	9	
3	9	
10	10	
4	8	
2	4	
1	8	
9	2	
1	1	
10	3	
8	6	
2	8	
2	1	
8	10	
7	3	
9	10	
5	9	
2	4	
7	4	
6	7	
9	1	
4	4	
7	2	
7	5	
2	5	
10	5	
6	7	
1	9	
2	6	
5	9	
7	2	
5	1	
3	7	
6	3	
6	8	
7	4	
7	4	
2	4	
8	5	
6	1	
1	9	
1	7	
2	5	
5	4	
2	6	
2	4	
1	5	
10	5	
9	5	
5	5	
8	6	
10	2	
2	10	
5	1	
8	2	
9	6	
2	3	
10	5	
7	3	
2	5	
4	10	
4	7	
1	1	
8	9	
5	4	
2	9	
8	3	
6	1	
10	9	
2	1	
9	2	
10	2	
3	9	
3	2	
4	2	
3	3	
4	9	
10	8	
3	8	
4	4	
9	4	
9	7	
3	7	
7	4	
5	10	
1	10	
5	4	
2	5	
3	10	
6	8	
9	3	
10	10	
4	1	
8	5	
9	2	
7	6	
4	6	
3	10	
7	7	
2	1	
1	10	
8	8	
3	5	
6	8	
6	2	
10	7	
6	2	
10	7	
1	7	
7	8	
1	8	
3	10	
9	7	
3	5	
10	1	

Stepup times between Families, where [f][f] represents initial setup time
On machine	1
97	72	94	16	86	67	78	66	76	63	10	74	84	5	56	2	46	84	59	27	40	47	27	52	73	87	16	27	93	37	55	85	66	37	38	27	84	49	50	10	
9	95	50	74	81	60	5	7	64	92	96	84	7	30	37	89	60	39	19	82	84	61	84	57	95	52	99	8	91	70	41	46	80	60	18	80	28	85	79	82	
65	49	3	88	3	88	43	86	72	95	46	27	89	51	89	9	19	78	26	40	65	43	47	78	76	57	73	6	65	38	14	15	77	20	72	86	43	61	75	70	
73	47	44	60	24	86	23	76	30	85	90	3	80	6	67	97	77	2	60	44	80	84	81	81	29	21	14	99	91	92	38	30	28	3	55	62	14	46	78	44	
20	98	81	92	88	100	7	19	59	59	12	23	74	20	21	49	72	85	31	22	84	87	31	78	24	51	69	48	65	7	9	30	6	58	5	35	15	34	69	54	
59	77	11	50	22	36	46	78	22	54	5	24	40	53	68	17	46	96	31	79	60	45	50	1	67	15	91	9	35	10	66	63	76	82	93	2	80	26	4	85	
56	62	77	16	90	94	87	3	8	92	36	86	92	4	63	21	43	43	23	26	68	2	73	69	3	19	88	67	49	48	43	78	45	83	71	15	39	47	73	25	
16	40	38	42	3	56	85	44	71	92	33	5	40	77	76	18	94	84	35	36	40	60	50	84	53	79	30	77	5	82	74	87	74	93	39	94	40	9	20	76	
46	64	44	11	61	6	57	78	35	86	65	46	41	17	19	60	77	92	20	69	87	32	10	88	76	17	96	64	99	36	12	17	92	10	62	76	82	23	5	78	
2	15	95	68	88	75	72	17	72	80	59	96	57	33	4	85	84	30	53	45	57	7	36	60	66	61	17	11	68	27	80	34	65	45	97	87	94	85	74	60	
54	50	84	69	4	86	18	22	50	94	74	75	61	91	9	85	79	99	86	64	94	86	74	21	62	34	58	91	82	5	24	12	36	58	51	45	91	85	78	70	
20	27	7	62	43	93	16	31	7	55	73	28	12	28	87	72	89	52	56	43	89	50	60	26	57	76	72	15	94	64	53	89	8	88	87	57	12	79	75	58	
90	41	29	99	23	53	18	42	64	54	85	79	26	4	84	9	53	56	42	16	34	85	43	64	82	92	71	49	19	51	78	24	25	53	28	84	1	89	4	44	
45	44	30	80	53	20	42	94	52	70	47	56	42	78	87	71	40	65	3	6	28	40	19	2	39	67	64	60	36	64	53	49	75	38	91	62	6	76	75	69	
47	2	53	50	62	69	95	9	12	50	43	30	48	45	28	95	21	43	82	14	92	6	41	18	63	39	24	84	34	89	70	13	89	52	85	23	83	20	45	67	
85	7	75	36	34	96	38	61	21	57	50	39	80	40	16	71	12	97	5	47	96	39	74	31	27	4	18	38	72	22	18	60	44	76	30	42	50	24	53	48	
49	66	83	39	56	92	93	15	18	43	61	22	29	71	78	50	67	91	82	99	5	99	98	25	100	81	34	77	73	57	45	97	81	76	91	85	20	20	93	19	
9	62	41	26	15	63	72	23	83	91	91	20	38	75	41	57	25	94	93	40	89	55	90	72	16	77	64	61	85	78	5	70	38	12	45	47	16	93	82	89	
71	69	83	51	8	74	70	42	87	71	68	76	69	78	35	92	82	39	47	57	6	24	18	85	20	42	29	12	4	67	8	17	89	38	44	20	58	48	46	57	
51	81	38	32	86	18	94	70	71	47	40	2	51	76	99	35	32	12	33	57	93	31	16	31	63	25	82	60	13	53	34	68	40	42	41	97	66	99	21	73	
68	74	59	67	1	56	79	49	44	67	16	28	13	55	77	42	73	5	27	47	40	73	31	99	38	91	95	70	40	45	69	62	51	3	76	29	79	83	57	79	
58	33	27	6	71	13	62	22	29	8	25	60	55	97	44	33	94	77	73	88	20	44	97	20	67	65	82	43	21	40	74	36	2	84	98	86	84	12	84	36	
37	5	78	24	46	71	12	7	15	34	3	63	99	53	35	20	81	46	22	67	7	45	70	20	30	78	17	62	47	20	55	68	100	87	72	34	86	12	42	84	
73	44	65	78	44	22	45	62	59	9	92	65	98	81	57	24	60	21	24	10	36	41	91	94	11	28	16	59	54	5	83	53	97	1	91	30	100	5	96	33	
60	2	76	47	61	60	82	28	72	67	42	75	36	43	43	48	93	15	1	78	10	28	83	90	82	23	100	82	93	20	92	13	5	53	77	26	13	98	31	8	
36	22	89	77	41	94	36	89	66	52	77	76	91	95	62	62	48	69	33	11	25	85	73	4	77	42	21	92	13	7	22	22	26	5	91	79	30	94	95	31	
74	59	74	77	80	16	40	62	44	51	14	96	11	14	51	67	52	61	14	73	65	99	80	97	33	52	5	81	88	75	14	14	26	4	81	48	1	73	44	5	
80	93	55	94	76	57	5	21	34	54	21	5	85	83	65	39	86	79	35	93	13	1	25	68	25	72	70	29	63	73	3	32	31	7	56	1	23	93	84	40	
92	81	58	67	34	37	41	84	36	54	72	64	80	37	30	78	68	61	33	1	12	60	13	6	94	49	68	20	68	70	44	88	53	47	61	39	19	34	39	61	
63	25	61	85	45	9	67	23	13	20	50	84	79	5	78	16	99	27	29	28	4	31	5	58	74	10	17	50	88	83	96	50	11	24	35	86	5	14	46	4	
14	81	84	42	69	18	66	5	1	61	97	76	70	22	95	94	37	75	3	32	70	90	20	26	17	31	44	39	7	13	73	16	87	25	56	41	32	38	21	10	
53	59	49	89	14	86	41	35	56	31	48	88	40	93	51	86	44	42	24	89	3	96	33	37	75	10	70	28	63	37	50	91	33	5	16	66	64	64	44	42	
39	44	66	35	14	30	69	86	89	1	69	56	94	89	41	11	13	86	86	17	39	84	70	31	15	36	84	48	93	30	40	66	20	72	25	24	89	71	90	4	
38	37	22	67	27	83	51	67	72	76	80	32	42	81	97	39	3	70	55	82	52	25	65	52	97	78	47	52	72	19	97	43	41	56	10	55	54	65	21	93	
41	55	83	75	70	97	51	10	59	8	86	21	69	21	63	99	93	81	38	86	83	73	79	97	42	52	54	95	48	61	76	36	46	17	81	47	99	100	87	69	
9	67	53	93	17	22	9	64	97	15	95	71	19	35	96	83	47	99	22	4	83	54	12	29	71	69	44	99	80	23	35	95	73	10	88	69	83	33	89	63	
88	59	62	87	87	4	8	76	58	19	37	2	54	100	65	35	58	99	60	80	77	64	21	57	65	84	39	90	28	20	49	99	42	77	75	61	43	44	10	9	
71	50	77	20	26	83	66	3	49	11	43	89	34	53	78	83	63	55	9	7	26	21	14	69	32	17	54	21	83	51	8	69	40	14	68	94	17	87	93	40	
79	61	88	56	4	88	42	92	2	66	87	45	99	34	72	60	20	71	38	41	52	89	68	37	51	14	95	69	14	28	16	47	45	17	78	25	54	31	20	57	
83	44	81	99	43	93	50	49	37	19	20	66	69	86	67	84	19	2	26	65	58	90	84	44	69	99	50	13	92	41	18	13	1	67	23	10	32	97	14	35	
On machine	2
68	53	48	83	3	3	13	39	85	78	49	73	27	54	45	46	73	39	60	76	74	13	50	80	8	94	25	58	56	74	94	79	99	81	86	18	28	98	85	86	
16	26	8	26	15	30	82	22	69	21	16	77	33	73	29	76	57	33	90	62	78	55	63	28	73	96	54	39	2	96	37	100	12	78	62	31	26	67	85	99	
100	78	49	89	48	44	75	3	58	72	40	83	43	70	25	23	30	100	91	87	57	58	51	82	65	50	60	1	42	42	44	30	2	24	73	55	8	18	7	89	
54	51	81	20	70	10	23	28	71	86	55	46	39	2	84	87	28	2	70	28	25	65	20	90	7	20	58	96	12	83	51	87	74	59	42	18	27	3	3	62	
59	91	92	71	38	86	96	100	84	50	80	3	79	46	45	12	44	47	57	72	8	27	33	41	52	98	38	24	58	9	15	6	82	33	67	91	22	64	83	88	
42	55	98	30	86	91	50	20	64	99	14	82	52	38	50	50	11	89	35	95	20	16	44	91	97	50	64	45	69	90	8	84	40	59	15	55	44	10	9	93	
51	54	89	34	45	68	70	39	35	65	87	94	44	17	78	14	79	25	22	10	73	47	77	71	80	55	48	91	25	42	92	71	50	35	29	77	2	2	29	55	
73	44	35	94	79	98	41	22	72	25	30	5	33	54	56	62	22	20	61	1	79	22	12	48	32	85	35	67	48	90	35	39	100	60	71	39	11	16	96	92	
13	100	1	23	66	97	58	89	52	8	10	79	68	92	13	77	65	94	63	99	49	49	95	18	84	59	11	80	78	24	8	20	65	81	65	64	95	55	91	11	
92	29	99	33	35	19	79	69	77	69	85	78	91	96	90	13	26	7	51	78	60	72	10	61	20	16	38	35	24	44	70	9	86	2	55	76	97	71	29	90	
25	98	97	80	98	41	36	36	17	83	78	32	79	14	39	28	34	65	58	17	2	44	81	58	40	30	92	96	85	84	85	64	28	49	42	23	72	34	85	86	
45	14	33	83	5	100	38	24	56	76	47	97	87	67	42	19	56	3	40	52	7	90	73	8	31	78	22	34	63	85	25	23	26	14	40	46	22	12	50	10	
61	9	51	40	85	93	78	48	65	88	52	80	83	90	54	26	77	85	91	11	67	40	83	97	37	74	11	78	84	65	54	69	90	72	96	13	12	31	17	20	
24	37	68	58	78	78	28	81	66	22	86	95	18	74	52	13	18	70	46	7	33	6	99	78	41	25	67	29	95	91	86	39	20	14	11	31	35	19	62	61	
62	22	35	65	2	31	32	70	67	94	96	68	80	49	41	68	77	9	31	3	6	14	87	98	65	3	62	94	6	9	62	12	94	31	81	78	46	51	23	86	
14	18	99	74	54	5	36	96	51	14	14	96	29	77	22	45	3	36	50	41	60	77	34	32	45	82	94	61	23	74	97	9	14	98	45	8	58	18	8	42	
85	9	54	72	25	14	64	87	39	25	93	12	72	81	23	81	31	56	88	83	84	40	61	40	19	38	47	63	44	64	20	9	22	87	48	70	1	3	21	57	
4	66	63	84	30	83	77	76	97	47	4	87	25	53	93	39	10	95	68	2	36	87	38	94	2	46	44	71	9	78	41	42	91	40	50	13	71	38	11	56	
78	33	66	58	50	85	7	57	58	67	26	2	11	91	32	48	62	76	10	62	78	77	3	87	54	69	33	90	2	5	83	54	10	40	85	20	16	36	84	66	
36	75	91	42	16	20	38	80	65	75	1	4	83	35	29	64	11	99	39	16	15	74	79	22	18	46	27	4	50	10	47	68	2	52	20	75	48	11	66	89	
3	61	59	1	8	51	37	64	6	20	21	66	11	64	60	7	93	42	42	83	93	39	18	81	86	80	57	97	13	34	95	36	28	1	42	92	17	63	88	71	
77	42	47	21	69	99	58	46	83	32	99	36	99	60	23	53	8	93	98	43	97	94	36	33	21	43	99	29	87	66	74	95	94	51	8	4	13	63	69	62	
100	75	58	16	98	99	91	89	46	69	59	90	96	60	78	51	93	83	98	37	5	28	94	33	84	21	14	12	79	8	65	8	21	41	95	18	2	58	90	80	
78	6	43	21	16	66	5	55	81	33	90	12	68	9	50	76	4	39	91	17	12	86	49	60	78	85	5	11	61	31	88	80	75	83	39	61	79	14	9	96	
16	89	17	93	51	41	76	69	73	40	92	26	7	13	98	13	1	75	74	3	77	48	57	62	38	60	55	73	17	3	17	19	26	63	5	93	78	52	49	51	
3	46	85	28	97	5	24	91	80	32	4	9	57	36	4	92	58	13	55	30	100	28	59	91	99	79	99	63	13	35	77	48	71	88	90	46	32	42	43	7	
70	54	16	85	94	22	43	30	59	34	55	12	86	23	69	5	52	13	67	32	1	16	39	80	44	18	51	81	38	4	38	65	15	26	53	33	83	64	88	20	
89	99	86	38	74	83	16	8	96	89	92	68	97	20	89	89	54	68	95	40	19	72	99	60	28	44	13	18	4	89	23	32	29	64	74	69	5	4	40	42	
4	16	84	10	1	40	9	8	61	18	3	36	58	88	48	41	76	93	10	91	14	85	70	65	50	1	89	72	34	46	16	68	10	12	65	42	26	62	24	27	
50	32	11	93	47	30	82	20	91	99	14	66	79	8	20	1	89	98	96	56	29	1	58	8	44	51	80	53	95	44	26	94	4	91	7	70	26	40	29	27	
34	44	11	39	46	14	32	52	73	59	74	4	98	97	80	74	62	51	29	75	8	4	43	81	67	21	63	71	12	28	93	89	60	86	9	11	36	55	39	52	
26	37	25	5	66	22	3	1	50	82	96	76	46	100	74	83	44	31	6	74	31	1	73	16	49	71	38	22	87	51	5	22	68	66	67	90	100	68	47	82	
22	62	53	34	100	47	21	20	66	18	85	28	26	62	46	49	82	57	13	19	46	23	70	81	48	63	9	96	45	24	4	1	86	25	55	4	70	96	90	69	
30	20	32	92	78	85	88	15	62	86	33	26	1	17	37	30	37	29	11	3	23	76	69	97	44	86	15	76	73	33	54	30	90	63	35	63	53	41	79	67	
25	81	19	73	25	18	20	36	7	10	85	94	72	13	8	2	94	77	65	50	100	73	24	62	64	17	66	16	22	98	67	48	64	82	79	62	65	43	93	17	
91	72	31	30	36	52	19	37	63	78	85	67	19	96	50	14	31	8	84	29	6	60	72	27	38	9	72	5	45	70	77	17	80	94	36	78	73	79	75	50	
72	53	82	75	14	82	46	57	100	71	3	90	100	59	49	27	95	34	80	19	6	13	88	37	62	4	37	11	21	12	15	76	36	78	10	29	78	79	38	88	
2	57	21	93	48	63	91	29	51	77	33	31	59	19	81	5	85	13	62	44	92	97	85	76	31	81	47	58	14	31	44	62	69	40	91	39	34	4	94	41	
47	38	88	38	100	63	50	100	62	15	55	34	12	20	63	33	29	6	90	65	39	15	92	24	26	67	85	7	91	78	22	58	18	1	81	16	34	23	89	63	
64	85	16	9	51	24	35	24	99	45	19	95	79	73	48	42	92	38	26	42	94	86	43	33	28	2	8	44	44	42	63	93	92	15	60	4	60	25	51	81	
