Factories	3
Families	20
Machines	6
SetupType	2

Number of Jobs in each Family
5	10	8	1	8	3	1	4	7	9	1	9	2	5	7	1	6	7	6	4	

Jobs in each Family
0	1	2	3	4	
5	6	7	8	9	10	11	12	13	14	
15	16	17	18	19	20	21	22	
23	
24	25	26	27	28	29	30	31	
32	33	34	
35	
36	37	38	39	
40	41	42	43	44	45	46	
47	48	49	50	51	52	53	54	55	
56	
57	58	59	60	61	62	63	64	65	
66	67	
68	69	70	71	72	
73	74	75	76	77	78	79	
80	
81	82	83	84	85	86	
87	88	89	90	91	92	93	
94	95	96	97	98	99	
100	101	102	103	

Total number of jobs
104

Processing times of jobs
10	2	6	3	3	1	
7	7	6	2	7	9	
4	2	3	1	2	9	
4	1	10	7	6	2	
4	9	10	1	7	8	
8	7	6	4	5	10	
6	2	7	7	4	6	
4	4	2	5	1	2	
7	9	4	8	7	2	
1	9	8	10	5	5	
2	2	3	4	8	5	
8	4	5	5	3	2	
5	2	8	5	3	2	
10	10	3	10	9	9	
6	2	5	1	6	3	
5	1	5	3	2	10	
3	6	2	7	6	7	
4	9	1	8	10	2	
9	2	3	5	1	8	
1	6	3	6	6	8	
4	7	1	1	7	6	
3	1	1	4	5	6	
6	10	3	8	3	3	
1	3	4	6	10	8	
3	1	5	5	5	5	
1	7	5	7	7	7	
3	5	7	6	6	8	
3	9	1	5	2	6	
1	5	6	10	9	1	
2	3	5	4	8	1	
6	2	9	8	10	10	
2	3	5	6	7	1	
2	8	9	7	7	6	
2	8	9	2	6	3	
8	9	2	4	4	10	
8	10	8	4	8	2	
9	6	5	5	5	8	
7	9	4	5	6	8	
3	4	10	8	8	7	
9	9	5	1	8	9	
8	3	2	2	2	9	
1	3	4	4	2	2	
1	4	5	10	2	10	
2	8	7	9	10	2	
7	1	9	8	4	8	
1	4	8	5	1	9	
2	10	1	4	8	8	
6	8	3	4	6	9	
4	2	6	5	5	9	
9	1	6	10	9	3	
6	9	2	10	8	7	
5	3	2	9	4	1	
1	8	9	6	6	6	
1	10	1	6	9	3	
5	2	4	4	5	4	
10	9	1	5	7	2	
10	1	7	9	1	1	
1	1	7	3	2	9	
7	1	9	10	2	5	
7	3	6	5	7	9	
3	10	8	6	1	3	
5	2	5	4	8	8	
8	6	7	4	9	6	
10	7	8	5	8	5	
1	4	9	5	7	4	
1	5	10	4	4	8	
8	10	6	5	1	7	
6	2	3	5	4	3	
9	2	9	8	5	7	
10	2	4	7	3	8	
8	3	5	6	8	3	
5	5	4	3	7	3	
4	5	4	8	4	7	
5	4	9	10	2	7	
5	10	3	3	4	9	
8	8	7	9	7	2	
1	8	9	5	10	5	
1	10	4	7	8	6	
3	1	4	7	6	8	
10	1	4	7	3	8	
1	5	1	6	6	4	
9	9	2	6	3	3	
3	4	10	6	10	1	
9	6	3	6	2	4	
2	7	9	4	6	7	
2	7	1	6	2	6	
2	1	10	3	10	8	
4	4	10	9	5	9	
1	4	10	4	4	10	
2	3	2	6	10	1	
10	9	6	10	9	5	
4	6	6	9	7	10	
3	5	6	2	9	7	
3	5	5	8	7	2	
8	4	6	2	10	4	
9	10	10	8	5	10	
3	1	8	5	10	1	
9	2	9	8	7	6	
4	5	8	2	6	10	
1	8	2	7	4	1	
2	10	9	1	6	2	
5	10	3	9	6	9	
4	6	2	10	2	9	
2	8	4	8	6	1	

Stepup times between Families, where [f][f] represents initial setup time
On machine	1
49	38	8	31	22	12	45	43	23	49	1	22	23	34	35	50	12	2	4	3	
12	22	32	32	1	3	14	2	37	31	29	12	48	7	9	39	45	44	43	30	
35	26	17	31	22	30	32	31	22	1	32	27	21	16	49	38	7	21	6	36	
9	27	31	9	23	20	15	3	7	30	42	46	20	50	8	16	27	10	33	47	
38	14	8	50	37	17	33	38	37	18	7	4	21	9	24	46	3	16	41	38	
24	37	44	47	19	10	42	47	30	11	38	26	24	14	48	10	38	48	42	4	
48	11	1	19	29	38	30	1	34	14	27	4	17	42	46	3	43	14	16	28	
29	20	41	28	44	10	8	43	21	37	12	40	21	3	46	7	22	50	31	30	
34	20	49	31	30	46	36	2	25	11	3	30	42	41	49	41	1	5	6	1	
37	26	35	18	5	23	15	13	44	6	39	11	6	31	5	11	22	7	1	46	
45	12	6	1	38	38	11	40	1	42	6	2	28	7	5	20	49	8	7	48	
27	23	12	29	23	2	37	20	43	40	20	6	25	46	21	26	8	16	8	47	
18	23	16	31	48	32	7	50	26	36	50	18	36	24	14	23	47	10	19	33	
9	16	36	46	21	18	8	24	30	19	44	33	29	18	6	35	24	26	22	23	
12	22	33	31	41	10	29	49	40	44	18	24	23	48	33	33	43	9	3	6	
48	16	39	19	18	44	24	48	6	25	41	23	33	42	7	25	50	3	10	10	
18	29	13	46	29	41	43	34	36	22	4	21	47	50	23	23	1	23	11	49	
10	50	18	30	5	12	34	26	4	14	46	6	1	16	27	25	1	20	44	27	
16	19	37	33	13	38	18	31	15	18	24	16	40	49	2	24	43	3	23	1	
17	49	14	5	26	28	44	28	36	6	2	12	21	49	39	37	16	39	30	7	
On machine	2
18	46	28	47	33	30	1	3	4	12	5	20	37	19	8	25	36	32	44	11	
36	41	3	31	21	5	45	8	17	14	39	5	3	4	13	34	2	36	3	43	
26	45	30	36	17	42	48	31	45	50	36	7	1	38	7	30	25	2	30	26	
46	38	3	35	19	7	5	3	43	38	10	39	37	45	36	17	28	11	13	35	
49	27	5	34	22	23	34	2	44	30	34	48	49	7	42	15	47	50	19	47	
4	46	31	33	33	30	30	30	14	7	32	2	34	2	16	7	8	10	34	23	
11	23	40	48	45	6	21	6	41	29	50	40	21	26	20	34	31	43	23	23	
17	39	7	46	3	18	41	10	23	34	2	32	9	31	24	34	7	47	19	2	
7	35	36	21	17	21	29	33	50	18	10	10	2	36	21	10	33	44	20	40	
29	12	11	39	27	16	31	13	41	30	39	33	39	30	48	13	34	31	19	18	
12	44	8	40	7	6	3	20	50	39	19	43	48	42	12	33	40	33	24	19	
9	30	47	7	32	37	11	20	16	27	47	31	29	36	35	39	32	24	5	20	
2	34	44	49	50	18	33	50	23	42	35	41	43	32	21	50	17	34	20	12	
12	8	15	38	9	31	1	20	5	29	46	18	23	5	19	50	9	7	14	45	
7	40	21	15	9	24	16	2	31	22	5	7	8	7	2	31	22	28	9	44	
15	12	19	4	50	15	44	26	39	19	26	20	44	36	50	44	42	18	1	21	
28	28	18	25	5	7	47	9	15	27	28	3	32	41	16	1	23	34	27	33	
3	17	46	44	36	29	37	8	3	21	37	30	33	34	14	49	48	7	6	39	
13	5	16	22	16	26	20	47	50	43	26	33	34	23	19	17	6	8	23	11	
32	43	48	13	10	31	14	10	30	16	39	41	22	47	32	42	26	31	28	30	
On machine	3
14	10	24	29	37	19	27	40	48	16	28	47	11	37	34	43	37	35	33	8	
15	4	41	28	38	10	25	36	13	44	28	19	28	12	34	13	4	4	22	43	
6	44	1	34	5	30	27	7	17	33	11	38	17	8	49	32	42	44	23	7	
9	12	24	50	48	16	45	21	10	45	44	42	49	2	35	49	2	19	33	3	
20	39	39	48	44	43	42	17	18	39	19	45	22	25	15	7	26	30	7	9	
3	4	29	13	27	5	48	21	38	15	6	1	20	4	29	16	16	16	49	11	
18	23	46	3	19	40	6	22	39	35	3	45	47	43	29	40	29	47	26	12	
8	31	10	32	45	41	11	18	13	4	22	28	1	50	34	15	4	9	2	12	
17	5	37	31	15	29	19	14	15	44	12	47	40	40	37	27	40	31	23	32	
27	26	11	11	11	49	41	49	47	12	49	39	8	36	31	17	45	50	38	12	
45	35	44	4	32	4	23	2	24	3	48	17	27	29	11	50	10	22	4	38	
23	11	42	19	46	29	15	5	13	19	35	28	18	35	40	37	19	42	17	2	
47	5	12	27	14	12	27	24	31	44	36	17	30	14	18	15	18	32	14	10	
15	27	22	35	36	32	10	6	40	32	14	5	35	8	23	21	44	16	9	22	
9	47	48	13	28	20	9	19	17	11	32	10	48	17	6	39	18	36	11	15	
35	44	33	39	14	26	32	38	43	7	20	16	4	25	9	9	22	48	42	9	
3	10	33	39	17	42	36	32	40	50	29	20	50	15	42	14	27	30	2	48	
38	8	15	14	22	23	35	17	14	45	39	27	8	10	46	39	24	30	24	16	
46	18	25	40	33	50	17	22	41	50	39	23	29	34	30	16	9	30	34	47	
11	15	35	33	32	35	22	40	13	12	12	29	15	39	8	11	48	17	33	19	
On machine	4
27	3	28	29	50	2	28	30	46	40	15	12	11	15	38	47	10	16	13	16	
44	14	1	41	33	38	45	34	18	16	21	47	2	50	34	20	4	43	14	39	
21	41	23	34	6	16	41	29	2	25	46	47	32	17	38	37	18	30	18	12	
16	34	12	12	29	39	15	27	35	8	10	44	4	10	22	27	15	5	43	50	
32	7	9	22	11	27	47	49	10	20	1	25	2	15	10	17	35	45	22	1	
35	22	29	45	18	47	1	9	8	1	42	46	13	47	5	46	17	7	33	12	
20	3	48	23	6	46	3	48	33	14	22	40	19	21	12	43	11	11	43	40	
25	26	9	21	46	38	27	29	27	44	25	25	25	36	7	37	27	2	3	27	
24	21	7	41	21	26	13	50	44	33	28	6	25	41	33	25	17	49	15	40	
14	50	33	16	27	8	22	10	37	50	50	18	30	28	47	32	26	4	30	32	
21	2	29	31	4	34	9	12	30	3	38	1	28	40	44	35	10	43	12	8	
20	31	32	43	9	20	41	43	10	24	24	33	10	33	30	16	28	34	27	46	
28	17	9	46	35	24	41	24	30	44	44	24	23	10	47	30	36	8	50	2	
29	33	48	33	36	45	48	47	14	9	43	9	7	45	35	29	20	3	16	29	
28	47	11	18	40	26	17	47	11	43	29	49	16	2	37	41	41	33	36	40	
19	16	4	1	31	50	2	17	23	49	42	11	33	24	3	30	35	25	48	23	
30	34	44	44	19	22	31	17	6	33	34	13	37	8	3	33	4	21	24	26	
4	9	34	28	45	39	2	20	27	42	5	38	32	13	7	14	24	13	22	2	
15	4	3	32	42	22	28	3	43	15	44	37	7	22	38	20	46	28	5	28	
39	21	49	4	23	3	42	27	36	16	26	5	20	45	6	11	17	41	26	36	
On machine	5
43	5	31	33	49	15	27	44	8	24	17	42	27	16	33	15	44	16	14	42	
14	45	5	14	26	13	9	30	14	37	26	29	31	46	1	24	15	25	33	42	
38	25	41	34	3	16	23	47	11	26	3	12	4	23	15	3	27	5	15	35	
5	3	16	4	2	41	31	25	9	45	36	50	14	41	20	24	31	6	48	26	
36	8	17	25	4	16	26	24	35	12	31	38	28	10	47	23	25	44	24	31	
41	42	12	38	50	26	30	31	13	6	46	42	6	17	25	31	32	43	14	15	
47	43	29	32	44	35	12	9	36	36	30	33	5	8	44	43	13	17	7	41	
16	32	3	35	43	26	21	1	8	15	39	29	17	38	10	9	19	10	35	31	
11	23	10	24	32	6	28	15	22	31	30	19	33	37	29	13	5	38	50	32	
25	18	20	47	49	20	50	13	17	13	35	15	8	33	37	48	21	27	40	40	
35	21	26	18	40	17	49	45	3	7	47	8	8	45	4	39	50	41	8	14	
43	40	23	30	6	35	9	26	12	32	33	19	42	20	29	33	1	7	29	33	
37	17	26	12	23	44	16	36	34	28	47	6	34	47	5	46	5	24	24	14	
29	42	38	46	27	12	6	11	13	33	33	32	39	23	48	22	20	40	26	20	
28	27	49	42	4	31	35	15	8	32	5	34	48	34	13	5	20	25	50	18	
32	13	38	43	30	3	32	18	37	15	17	5	20	11	21	41	29	14	44	21	
20	49	19	24	15	45	47	40	21	12	47	15	12	19	27	33	1	44	45	46	
27	40	45	19	12	11	45	9	26	21	23	12	36	44	13	20	13	15	39	49	
40	13	47	11	12	1	14	33	46	41	29	32	19	10	36	40	45	49	22	15	
13	22	41	40	30	19	46	38	29	9	47	9	33	27	11	34	28	46	43	27	
On machine	6
45	43	22	36	43	12	36	47	45	16	39	23	14	43	31	18	36	7	34	32	
37	20	10	29	46	29	44	11	8	20	17	28	50	43	27	34	13	7	24	48	
41	32	2	3	50	49	17	42	40	8	25	50	45	11	13	3	25	48	13	46	
37	38	36	31	45	39	37	1	35	13	38	18	19	24	24	37	5	15	21	25	
28	2	14	43	48	50	32	4	41	39	47	49	36	14	6	16	2	38	25	39	
26	19	28	50	47	24	48	37	39	37	42	30	44	24	36	21	14	5	23	6	
13	48	50	25	49	31	3	10	17	36	7	9	34	9	39	30	14	5	42	3	
21	21	7	13	46	49	5	17	41	40	37	15	17	26	26	28	50	33	40	5	
32	23	31	12	33	23	30	34	12	16	42	29	7	46	20	38	48	43	50	26	
4	15	21	19	11	31	36	27	23	18	30	11	33	8	3	2	6	40	15	12	
5	28	38	44	18	30	34	25	20	30	8	42	11	17	32	38	28	50	39	10	
18	41	9	3	20	44	9	49	4	31	11	4	6	38	37	40	34	34	26	2	
47	23	9	25	21	36	37	42	50	7	19	46	36	16	15	35	32	7	13	36	
33	23	23	43	3	48	21	10	1	43	18	40	36	12	2	2	2	19	34	16	
49	31	7	49	36	48	42	14	10	13	4	30	33	21	37	48	48	33	18	49	
2	30	44	11	46	6	22	12	34	5	29	10	28	31	46	21	46	17	45	28	
34	21	5	49	31	15	1	37	18	30	17	43	25	28	1	50	25	12	5	49	
42	25	45	23	1	17	4	8	10	6	28	48	16	26	29	6	9	37	22	7	
6	44	19	34	42	9	15	31	39	1	12	16	30	48	43	22	28	26	46	44	
45	7	35	42	25	4	18	49	33	33	39	24	44	9	36	27	12	2	50	3	
