Factories	3
Families	20
Machines	2
SetupType	2

Number of Jobs in each Family
10	6	1	2	5	6	3	5	4	5	2	6	8	3	9	4	9	7	1	10	

Jobs in each Family
0	1	2	3	4	5	6	7	8	9	
10	11	12	13	14	15	
16	
17	18	
19	20	21	22	23	
24	25	26	27	28	29	
30	31	32	
33	34	35	36	37	
38	39	40	41	
42	43	44	45	46	
47	48	
49	50	51	52	53	54	
55	56	57	58	59	60	61	62	
63	64	65	
66	67	68	69	70	71	72	73	74	
75	76	77	78	
79	80	81	82	83	84	85	86	87	
88	89	90	91	92	93	94	
95	
96	97	98	99	100	101	102	103	104	105	

Total number of jobs
106

Processing times of jobs
6	3	
1	2	
4	7	
8	5	
9	5	
1	2	
7	1	
1	4	
1	5	
9	9	
4	9	
5	7	
3	3	
9	6	
8	5	
6	1	
2	1	
1	5	
2	2	
2	7	
3	5	
8	1	
2	2	
9	1	
2	2	
10	8	
4	1	
6	5	
8	6	
3	6	
5	8	
9	7	
7	8	
10	10	
7	9	
7	2	
9	6	
1	5	
4	8	
6	5	
8	2	
1	1	
4	2	
9	10	
4	9	
8	5	
2	1	
7	2	
1	7	
8	10	
2	5	
5	10	
9	4	
3	9	
5	9	
5	1	
9	9	
10	6	
1	7	
10	2	
8	1	
9	2	
9	10	
4	10	
10	5	
4	10	
8	4	
7	10	
4	8	
7	9	
9	1	
2	8	
2	4	
3	6	
2	9	
3	4	
5	9	
2	3	
4	2	
4	7	
8	1	
3	10	
8	4	
8	3	
9	10	
6	6	
8	7	
10	10	
9	5	
1	5	
9	8	
6	7	
10	10	
9	9	
10	1	
10	5	
2	2	
9	9	
5	4	
2	7	
1	4	
6	1	
5	2	
9	1	
10	7	
3	8	

Stepup times between Families, where [f][f] represents initial setup time
On machine	1
10	4	1	43	7	18	17	34	34	26	49	40	15	6	45	45	42	21	11	23	
19	27	41	2	43	46	46	31	27	8	49	49	8	18	29	31	18	18	45	46	
43	29	37	14	15	46	20	24	24	23	4	7	30	8	19	19	6	41	37	4	
45	1	24	28	43	30	29	25	21	13	20	3	30	25	20	24	8	34	9	4	
44	44	22	45	11	5	38	24	28	50	27	3	13	21	19	13	39	45	18	21	
37	24	21	1	14	27	33	37	47	29	36	15	15	31	30	27	13	26	50	33	
13	49	45	6	7	32	30	6	6	22	38	45	27	14	50	36	35	25	42	25	
14	1	19	23	13	26	37	19	5	6	49	36	18	19	39	39	23	41	34	20	
25	46	27	7	21	34	39	50	23	10	35	37	1	9	43	26	4	22	9	7	
11	19	3	13	24	35	10	44	9	24	36	18	11	10	38	2	1	31	19	40	
4	2	50	7	48	36	49	23	40	41	12	40	39	10	14	5	29	8	11	47	
50	38	32	16	36	44	46	16	37	36	9	42	47	10	50	17	32	3	23	6	
8	27	37	16	2	2	11	36	17	29	3	4	18	25	16	23	22	5	41	8	
50	26	27	17	38	2	46	33	2	45	50	20	33	16	23	16	32	38	15	30	
26	8	8	37	19	20	27	35	45	8	10	35	16	17	36	22	31	15	38	15	
44	14	39	46	25	48	16	37	31	39	11	43	29	46	12	34	50	32	15	44	
34	22	12	31	31	46	41	25	37	34	12	30	28	41	12	23	16	24	27	7	
38	15	43	13	6	5	44	49	22	8	4	42	20	9	8	18	42	28	10	2	
1	45	44	36	44	9	36	8	24	49	11	6	43	33	21	10	1	19	45	35	
41	23	38	3	41	39	44	48	50	34	6	36	21	10	5	28	19	47	6	29	
On machine	2
16	40	34	8	10	15	28	4	33	9	49	8	21	41	48	2	35	20	6	7	
29	41	38	46	17	16	9	49	2	21	44	21	2	1	5	25	50	28	11	29	
37	44	5	3	7	47	46	43	26	36	33	44	33	18	6	18	26	23	20	5	
7	25	3	9	24	9	49	46	32	28	12	38	5	43	38	21	23	39	25	47	
42	10	12	6	44	26	9	35	24	32	27	40	40	21	28	45	27	35	48	45	
44	28	50	27	11	37	34	27	35	34	16	35	32	41	24	45	38	29	6	45	
37	34	30	24	23	49	9	50	12	4	31	11	26	47	40	14	5	12	8	48	
39	10	17	25	29	1	11	40	17	2	15	14	31	46	8	47	47	40	30	42	
33	17	38	2	6	29	24	45	15	12	19	34	40	16	21	20	5	35	12	37	
19	26	2	22	39	21	34	30	12	14	42	21	26	34	38	35	13	11	7	34	
11	6	5	30	43	25	45	37	50	13	23	30	48	6	10	31	32	42	28	43	
30	16	34	5	2	34	8	30	13	49	4	9	33	18	15	11	8	21	37	23	
7	13	8	47	18	21	28	35	34	10	35	35	4	28	27	8	39	7	26	42	
10	26	7	16	7	49	28	39	29	40	40	11	8	19	3	32	5	24	5	14	
5	38	30	28	24	14	2	13	19	32	9	17	27	18	39	30	27	36	30	39	
6	13	7	33	35	5	43	42	26	42	49	9	41	12	50	35	31	20	17	32	
10	15	21	6	38	4	33	27	23	46	39	35	22	10	36	50	9	38	20	19	
16	45	34	12	9	23	25	8	2	20	28	44	15	31	23	43	8	5	17	14	
32	14	34	35	19	8	6	42	18	40	26	34	33	20	12	46	29	37	31	43	
38	29	50	10	11	49	48	43	17	48	14	15	7	38	38	27	1	40	1	17	
