Factories	3
Families	20
Machines	4
SetupType	3

Number of Jobs in each Family
3	4	9	4	6	7	6	6	2	6	1	10	6	6	3	10	6	5	3	3	

Jobs in each Family
0	1	2	
3	4	5	6	
7	8	9	10	11	12	13	14	15	
16	17	18	19	
20	21	22	23	24	25	
26	27	28	29	30	31	32	
33	34	35	36	37	38	
39	40	41	42	43	44	
45	46	
47	48	49	50	51	52	
53	
54	55	56	57	58	59	60	61	62	63	
64	65	66	67	68	69	
70	71	72	73	74	75	
76	77	78	
79	80	81	82	83	84	85	86	87	88	
89	90	91	92	93	94	
95	96	97	98	99	
100	101	102	
103	104	105	

Total number of jobs
106

Processing times of jobs
4	7	1	9	
1	9	5	8	
1	4	2	1	
4	2	5	5	
10	7	4	5	
1	2	10	2	
2	1	8	10	
5	2	8	1	
5	6	9	4	
3	2	3	5	
8	9	8	10	
3	8	5	5	
7	4	6	10	
8	9	9	9	
6	3	6	7	
7	2	3	3	
9	3	7	8	
4	2	7	2	
9	5	6	2	
7	7	4	7	
5	7	10	10	
7	3	7	10	
1	9	10	10	
5	5	9	3	
10	1	5	5	
4	5	7	10	
9	10	1	4	
2	1	8	5	
2	2	6	10	
8	10	3	2	
8	5	6	7	
8	6	1	6	
1	5	9	6	
4	3	8	4	
7	10	2	7	
7	2	9	2	
2	2	6	2	
1	6	2	2	
5	10	10	7	
6	8	3	5	
1	5	10	9	
6	5	3	4	
6	6	5	10	
9	2	10	6	
6	1	9	9	
4	10	5	9	
1	2	5	2	
4	9	5	2	
3	8	2	2	
1	2	7	4	
4	6	8	4	
10	7	1	2	
6	6	4	9	
9	10	2	5	
8	5	1	4	
9	7	7	5	
9	4	5	6	
6	10	3	9	
5	6	10	2	
9	3	5	4	
6	9	4	5	
1	2	1	5	
1	10	7	2	
7	5	6	1	
7	9	6	4	
1	10	6	10	
5	4	3	6	
1	8	10	10	
9	10	9	1	
3	6	2	1	
9	4	6	3	
5	6	10	2	
6	1	9	6	
7	4	3	7	
4	10	1	5	
8	3	8	2	
10	9	3	10	
8	10	6	9	
8	10	3	5	
2	2	3	3	
7	10	6	1	
7	6	5	2	
2	8	6	9	
3	6	10	4	
7	6	3	5	
4	8	2	7	
7	9	4	6	
10	2	4	4	
9	2	2	7	
5	8	1	4	
7	10	5	10	
3	2	10	7	
4	6	7	5	
7	10	2	5	
6	7	6	9	
7	4	7	1	
7	3	3	5	
4	1	7	7	
3	3	2	9	
8	5	7	1	
2	8	5	3	
8	2	4	6	
2	6	6	2	
8	4	3	9	
3	6	2	1	
9	9	7	6	

Stepup times between Families, where [f][f] represents initial setup time
On machine	1
62	99	65	49	50	100	97	99	13	4	8	33	24	2	94	47	46	9	24	56	
8	52	75	71	51	39	69	58	70	43	76	56	15	51	84	62	62	38	68	97	
11	77	12	78	67	45	41	5	75	40	76	35	100	98	36	67	26	68	54	55	
10	4	6	84	93	95	59	34	67	43	19	16	96	7	28	72	38	1	47	18	
63	63	63	23	89	68	12	71	7	57	48	6	13	34	41	15	99	86	45	18	
70	68	78	32	99	54	2	4	100	43	54	9	32	96	13	65	23	10	91	80	
98	52	15	42	40	46	38	9	9	44	69	22	97	85	93	61	1	42	48	54	
9	92	63	7	18	29	22	100	10	85	83	94	84	59	91	55	46	1	5	65	
83	26	28	81	74	46	95	89	88	63	87	53	18	83	21	51	99	80	85	58	
59	35	15	24	92	20	75	58	47	10	70	91	22	14	58	51	21	88	42	51	
31	42	39	30	6	67	38	50	33	3	8	23	33	22	30	87	30	74	44	23	
52	96	12	4	5	29	27	50	48	57	72	49	3	65	64	1	49	10	68	59	
91	49	61	8	60	52	65	42	46	24	74	45	36	37	68	92	25	19	74	48	
33	55	78	96	66	21	21	73	84	31	57	35	18	34	17	45	65	83	40	86	
73	76	45	77	31	88	90	50	84	5	45	41	80	64	40	43	19	31	12	10	
74	58	67	46	73	42	23	25	63	21	58	27	83	33	73	94	65	89	86	83	
96	97	50	82	51	14	25	82	42	13	67	69	79	6	50	31	60	85	25	33	
34	88	17	44	62	63	42	33	31	28	84	35	89	13	74	50	76	52	19	15	
28	53	59	94	19	5	76	39	59	11	9	72	51	23	91	89	40	34	43	49	
44	41	63	57	97	63	33	79	39	5	28	16	44	65	27	56	11	66	67	57	
On machine	2
99	32	61	7	17	9	17	91	24	78	1	91	53	16	89	41	70	29	18	26	
90	19	77	65	38	35	17	16	30	50	69	50	83	28	71	57	60	84	11	54	
70	96	12	99	29	89	16	20	3	86	87	9	75	21	78	19	3	10	75	57	
17	99	8	85	60	43	99	35	72	99	45	17	7	50	40	36	44	40	49	34	
1	77	2	68	97	51	62	5	9	69	51	88	71	6	69	75	24	17	43	9	
6	86	47	97	46	5	21	55	94	73	48	62	11	48	60	98	25	1	83	97	
71	94	31	9	52	79	19	67	50	95	2	70	77	61	24	85	8	89	58	67	
40	69	92	29	97	70	97	56	17	11	79	68	82	64	71	7	84	7	84	91	
83	15	79	3	26	56	45	46	23	31	60	41	65	90	47	26	64	51	17	86	
68	37	39	4	48	87	65	30	84	60	2	8	89	19	79	15	92	83	58	84	
37	89	71	68	53	17	63	26	63	63	27	23	59	84	75	65	84	7	8	83	
99	63	70	60	7	77	78	3	71	7	3	78	38	93	39	65	49	47	81	68	
90	78	4	59	36	38	87	15	19	100	99	62	69	17	4	27	21	27	24	54	
59	70	36	12	92	29	48	72	88	90	25	73	17	100	64	48	74	36	54	60	
23	6	39	82	95	40	4	28	27	39	96	49	9	33	68	16	45	59	49	20	
2	40	38	97	65	65	55	27	9	94	18	83	83	33	36	56	8	70	57	92	
34	51	79	91	72	73	28	55	20	38	35	29	56	72	86	71	29	74	65	99	
38	17	33	2	92	54	61	84	100	22	73	55	94	94	98	6	24	48	36	72	
50	18	99	81	69	77	87	36	17	61	50	13	52	15	44	14	92	3	96	53	
24	28	78	60	69	36	74	43	74	32	92	81	50	23	2	41	25	97	10	3	
On machine	3
50	59	69	20	71	58	79	86	98	53	87	47	26	35	53	87	69	9	38	80	
53	47	88	38	8	4	79	40	37	87	47	25	59	1	19	22	44	25	89	62	
10	73	19	71	85	9	66	97	81	45	85	81	57	99	31	8	61	15	65	24	
11	51	42	65	52	49	100	47	14	11	44	60	1	97	12	53	2	29	68	86	
38	8	18	69	11	43	87	59	55	40	31	37	50	45	22	56	50	69	12	44	
17	30	30	70	58	59	58	48	79	23	1	93	79	26	38	57	34	47	2	2	
17	25	22	44	47	69	41	42	52	19	63	25	22	9	60	88	77	26	49	33	
7	35	91	63	96	27	89	49	2	62	81	57	80	23	82	33	96	11	33	38	
34	65	92	53	51	24	94	55	67	61	16	7	43	26	83	83	85	7	11	72	
27	26	76	50	30	46	59	51	16	3	87	32	53	30	80	53	99	67	79	82	
83	62	92	63	1	2	45	46	59	90	88	78	10	86	30	78	22	10	5	34	
19	30	46	58	40	74	7	4	11	46	21	59	89	92	81	85	95	88	28	88	
73	69	31	44	50	42	40	52	96	92	7	80	50	54	8	85	7	21	93	79	
69	85	38	75	61	47	23	76	65	24	6	48	59	34	98	70	4	42	19	82	
1	2	90	2	76	92	51	60	11	94	90	6	44	56	39	68	56	19	58	68	
9	67	69	42	66	43	75	79	27	83	1	92	96	54	50	79	66	41	81	1	
18	51	89	36	4	79	84	46	5	36	1	83	25	51	30	96	13	14	23	52	
35	43	74	43	21	86	83	77	42	11	84	100	74	48	20	45	46	26	89	25	
21	90	1	62	37	34	53	3	36	73	69	92	36	51	80	7	93	44	89	84	
94	100	68	26	71	67	77	2	93	50	21	59	91	5	74	12	95	14	58	2	
On machine	4
16	2	47	32	3	83	78	23	71	98	39	49	5	46	95	19	8	97	61	31	
66	85	66	15	83	37	12	54	81	45	49	70	76	23	91	56	35	68	15	12	
31	58	7	44	20	47	48	62	1	90	43	79	75	81	98	95	9	42	39	43	
3	26	81	94	52	87	6	7	60	44	92	29	90	59	35	96	10	74	90	76	
74	62	29	19	66	4	78	12	26	9	15	17	63	41	67	32	57	42	68	86	
3	37	29	43	43	73	36	26	43	19	46	56	96	98	29	47	7	36	50	17	
1	56	39	40	27	85	71	84	17	72	53	52	11	85	65	89	30	68	25	9	
80	54	88	43	14	44	89	82	96	75	49	2	82	37	12	1	86	76	77	91	
71	57	77	53	96	78	94	84	71	16	92	14	12	67	43	76	56	50	91	68	
59	67	29	37	94	2	38	48	29	73	20	1	96	45	23	95	3	87	26	80	
31	81	23	97	55	62	93	44	59	26	87	42	51	7	92	28	72	37	57	48	
71	56	26	1	22	48	44	76	95	64	62	4	49	99	11	41	57	59	100	70	
70	86	67	28	21	7	67	55	96	88	80	30	56	53	69	56	52	46	32	48	
72	45	22	93	14	66	84	50	27	26	21	56	49	9	89	41	80	58	98	75	
27	41	89	77	20	73	14	34	2	47	47	56	90	45	10	54	88	82	74	89	
32	15	28	71	37	34	15	22	32	70	16	83	100	39	98	66	100	74	41	77	
33	95	53	36	70	2	18	4	49	44	17	78	37	90	13	33	49	75	43	34	
46	34	43	85	31	98	60	61	23	97	22	72	84	99	13	47	59	95	89	34	
17	46	16	28	100	35	56	94	45	71	74	66	80	59	13	86	80	94	67	85	
9	98	44	9	72	65	1	37	34	57	24	41	58	49	12	40	43	47	20	17	
