Factories	2
Families	20
Machines	40
SetupType	2

Number of Jobs in each Family
10	5	9	9	2	4	3	6	8	2	8	10	9	10	4	8	6	4	3	2	

Jobs in each Family
0	1	2	3	4	5	6	7	8	9	
10	11	12	13	14	
15	16	17	18	19	20	21	22	23	
24	25	26	27	28	29	30	31	32	
33	34	
35	36	37	38	
39	40	41	
42	43	44	45	46	47	
48	49	50	51	52	53	54	55	
56	57	
58	59	60	61	62	63	64	65	
66	67	68	69	70	71	72	73	74	75	
76	77	78	79	80	81	82	83	84	
85	86	87	88	89	90	91	92	93	94	
95	96	97	98	
99	100	101	102	103	104	105	106	
107	108	109	110	111	112	
113	114	115	116	
117	118	119	
120	121	

Total number of jobs
122

Processing times of jobs
10	2	5	5	6	7	2	6	3	5	4	2	6	8	3	7	2	9	10	7	1	4	8	4	5	9	8	7	8	10	10	1	5	5	9	4	3	5	1	9	
4	4	8	1	5	9	6	3	9	8	1	5	8	7	3	1	7	1	5	9	2	6	8	5	2	7	8	8	2	8	1	8	4	7	10	6	4	6	3	10	
3	5	8	1	8	6	9	6	5	10	2	2	5	4	10	3	4	6	3	7	9	1	10	9	9	6	8	4	6	3	6	1	3	4	1	2	8	10	3	6	
4	6	5	7	8	2	8	2	6	2	10	6	4	3	10	9	1	1	1	8	3	5	1	9	3	1	8	9	4	7	3	6	1	1	2	10	5	1	10	1	
9	9	1	3	7	6	4	2	2	6	8	7	7	4	10	4	4	6	7	9	1	9	7	3	5	1	6	10	1	9	3	1	10	9	1	5	4	6	7	1	
6	7	7	2	3	1	8	5	7	7	5	6	5	7	1	7	7	10	9	10	6	7	9	2	7	9	4	5	1	8	9	1	7	1	2	9	8	9	8	3	
10	2	9	7	8	6	6	3	3	6	5	9	1	4	8	9	4	3	8	9	9	7	6	4	10	6	8	5	6	4	4	3	9	10	6	6	7	10	8	2	
9	10	4	8	3	6	5	4	4	10	4	10	3	5	9	7	4	9	1	8	6	4	6	6	9	9	2	9	6	8	1	3	10	10	9	4	6	9	8	2	
8	1	4	8	4	9	6	6	4	6	7	4	9	1	4	6	9	9	1	5	7	6	6	7	5	9	7	2	3	6	8	9	10	8	6	4	4	3	9	4	
8	8	10	4	1	5	8	8	10	10	6	9	8	8	10	3	2	4	8	6	9	6	7	8	9	9	1	6	4	1	4	7	2	7	7	5	5	7	1	6	
9	10	1	9	8	2	7	8	2	5	8	3	4	1	5	6	8	4	4	3	6	7	2	4	1	3	5	9	8	8	10	3	8	3	8	6	6	2	3	2	
4	2	1	1	3	10	5	3	7	7	3	8	1	5	5	10	10	5	2	6	4	6	3	5	5	3	4	6	8	4	5	6	2	2	2	6	2	5	7	2	
7	6	4	2	4	9	3	10	6	5	4	5	5	2	6	9	7	2	4	4	3	4	5	7	7	9	2	7	2	2	4	5	5	9	7	8	3	1	6	9	
6	10	9	2	6	10	6	10	3	9	4	10	4	10	3	10	6	8	3	9	2	7	10	1	3	9	6	10	7	2	6	5	2	2	4	8	10	4	3	3	
7	4	6	3	1	10	3	8	5	7	5	10	10	6	3	8	8	4	3	9	10	4	4	3	10	2	9	7	10	8	1	9	8	2	8	8	9	9	2	2	
6	9	8	10	3	9	4	7	4	4	4	9	9	10	3	9	7	8	2	5	5	9	1	6	5	6	8	1	8	5	9	3	2	2	3	10	1	4	7	3	
6	9	10	1	1	1	4	3	2	6	10	5	9	9	1	9	7	2	7	1	1	4	8	4	2	10	2	6	9	9	6	3	5	9	6	7	10	7	1	8	
7	2	4	2	10	3	10	7	2	10	6	2	3	4	9	2	1	7	9	9	10	1	4	4	7	10	5	2	7	6	8	7	1	2	4	6	1	9	6	3	
6	7	1	7	4	9	2	5	7	2	1	7	9	10	5	7	5	6	5	1	5	9	4	2	10	5	8	1	9	6	1	9	8	6	2	6	3	10	10	4	
9	7	5	6	10	10	7	8	5	4	7	4	8	7	5	7	7	3	7	8	6	2	2	3	7	7	10	6	5	4	6	2	10	5	1	10	5	9	1	10	
6	2	1	4	3	6	5	3	5	1	1	3	7	3	1	3	4	5	1	10	8	9	8	4	6	4	5	9	8	1	5	3	5	9	7	1	3	7	7	9	
2	7	2	9	5	5	8	1	9	8	7	1	10	4	4	9	4	1	8	4	9	2	10	9	2	8	6	4	8	2	7	7	7	8	10	3	4	10	4	8	
4	8	9	8	4	5	6	6	6	2	4	4	2	8	10	5	10	1	2	5	10	7	8	10	5	2	6	6	1	9	8	4	4	9	7	6	5	10	2	2	
9	3	7	3	4	6	3	4	4	4	3	7	2	2	8	2	5	5	1	3	3	4	4	4	8	9	9	2	4	5	1	7	6	9	5	8	2	6	2	2	
6	10	3	1	1	9	9	3	5	6	1	3	8	8	4	10	3	8	2	6	6	2	6	10	7	7	5	7	9	1	9	5	3	8	1	8	8	10	8	5	
5	9	2	9	8	1	8	6	4	3	2	5	9	1	9	3	4	3	9	2	7	7	5	2	4	8	4	9	4	1	1	7	10	9	2	1	2	8	8	5	
7	6	4	8	7	7	6	5	6	2	7	5	7	7	4	3	3	1	2	4	7	8	3	3	9	8	10	4	1	9	9	8	10	4	10	8	5	2	2	6	
1	4	9	4	5	3	6	7	1	7	9	8	1	8	4	8	4	1	3	1	10	7	2	3	4	6	2	2	6	3	1	10	5	5	7	4	9	10	8	5	
2	2	9	1	1	1	8	4	8	8	2	5	4	6	1	6	4	2	9	5	4	9	9	5	4	9	10	9	9	8	10	10	1	10	5	9	8	7	2	2	
6	3	10	3	5	9	10	6	8	2	3	8	10	6	5	4	7	8	3	1	8	2	8	1	5	9	10	3	10	2	6	9	4	10	4	10	1	6	3	7	
3	8	9	5	9	8	5	5	1	8	5	4	2	4	3	3	8	7	3	4	8	4	6	4	5	3	7	1	3	8	1	8	6	8	3	7	1	5	8	8	
6	3	10	5	1	1	5	1	1	6	1	9	1	3	1	8	10	9	4	10	4	9	3	6	9	5	3	2	5	5	4	9	2	1	8	1	8	7	2	6	
4	4	5	5	7	5	9	6	1	6	10	6	8	2	1	10	10	4	8	6	8	7	7	7	5	1	4	3	4	2	5	4	6	6	10	4	2	1	8	7	
1	3	9	3	8	8	1	9	4	9	2	10	4	3	2	3	3	5	10	6	1	6	4	2	10	8	9	10	9	7	9	1	4	4	9	10	1	10	9	7	
3	9	9	7	5	8	3	8	5	2	10	4	8	9	8	9	8	6	7	2	10	9	2	7	5	2	4	9	1	3	1	1	1	4	4	9	2	6	6	9	
10	1	7	5	6	6	3	4	1	6	6	10	9	5	2	3	3	7	1	3	9	3	2	1	2	10	7	8	1	6	10	4	1	3	5	4	3	10	3	6	
2	8	8	9	10	7	5	9	6	1	7	7	2	7	7	6	5	3	4	1	8	4	9	1	1	5	7	7	7	9	5	4	1	4	10	10	2	5	7	8	
1	7	2	1	2	7	6	6	8	8	10	10	7	1	1	5	4	7	3	3	9	8	9	3	5	8	10	4	1	1	1	7	10	7	8	4	7	1	3	4	
6	1	1	2	9	7	5	2	6	10	1	1	7	1	6	1	7	1	6	2	2	3	7	2	4	2	5	8	4	5	7	7	4	7	10	1	2	7	9	5	
9	1	10	6	3	2	10	1	5	1	7	10	10	5	7	3	4	10	10	2	4	9	6	6	3	4	5	7	5	1	4	7	4	10	6	5	1	9	5	2	
6	4	9	1	4	6	2	7	7	2	2	2	2	1	8	2	7	7	8	3	3	2	2	1	8	6	3	6	10	4	10	9	9	10	9	5	2	4	3	2	
5	8	1	7	4	7	8	1	10	10	8	6	4	2	9	10	10	9	8	6	10	3	5	3	2	9	9	6	2	1	5	3	4	8	3	2	9	9	8	10	
4	9	1	4	3	3	10	10	2	3	8	3	8	1	6	7	1	1	7	3	8	7	7	3	2	8	8	10	10	3	7	5	9	3	2	3	5	3	5	4	
8	10	7	6	3	10	2	10	1	2	2	7	2	2	6	9	9	10	8	10	1	6	3	10	7	7	1	4	8	10	1	8	5	3	7	1	2	7	5	3	
1	8	4	3	2	4	3	2	9	5	10	2	3	6	4	10	7	7	4	9	5	10	8	1	2	10	2	3	1	9	3	1	3	1	5	10	8	5	9	3	
9	7	5	9	2	3	3	8	2	4	6	5	7	7	2	1	6	6	2	7	8	2	7	8	2	6	10	8	2	2	3	7	8	2	1	10	9	1	8	4	
1	10	1	1	4	10	4	9	5	10	2	5	9	6	7	3	7	7	5	7	2	7	5	10	9	1	4	8	3	8	1	2	8	3	1	4	3	3	2	4	
5	6	3	8	6	6	10	9	7	7	8	4	5	10	1	5	4	10	9	9	6	2	9	3	10	9	10	1	9	4	6	10	2	4	1	10	9	9	2	5	
6	9	2	3	4	7	5	7	1	2	4	9	1	1	7	3	7	8	1	10	4	5	7	5	4	4	10	8	7	7	3	8	8	10	6	9	2	8	4	5	
5	2	3	8	2	10	8	1	2	8	9	4	8	10	2	6	5	8	2	8	9	1	2	9	2	1	6	9	3	5	9	4	3	10	5	6	6	9	7	7	
8	1	10	5	2	1	6	1	7	10	4	3	4	9	5	3	3	4	10	9	1	2	2	1	6	3	8	6	6	10	3	5	5	1	6	10	1	8	7	1	
8	4	9	4	8	3	10	6	2	8	4	3	7	1	3	1	1	5	6	6	2	5	3	2	4	4	4	7	10	7	7	5	10	7	5	4	7	1	10	3	
9	10	8	6	8	2	4	5	10	3	10	9	3	8	2	1	5	7	8	1	7	9	6	2	6	7	6	2	4	7	2	1	1	6	6	2	10	2	6	1	
5	7	7	7	6	3	5	8	1	6	6	9	4	4	8	7	9	4	6	2	8	5	4	9	3	7	2	2	6	7	9	4	7	6	7	10	5	10	10	3	
5	3	3	2	1	3	4	7	2	10	4	9	8	9	2	2	9	1	10	7	7	10	1	8	5	5	6	3	1	7	7	9	3	6	5	5	8	5	6	9	
1	7	6	3	1	7	10	9	9	4	4	5	3	8	7	3	1	5	8	5	5	7	4	10	8	9	10	2	3	1	8	6	8	7	8	9	7	8	2	3	
6	5	8	2	1	6	6	6	2	1	6	4	5	4	8	9	1	7	3	2	6	10	2	2	2	10	5	7	2	4	9	3	9	2	5	10	6	7	6	10	
6	3	6	8	4	1	4	1	6	7	3	6	3	10	9	10	10	2	9	8	3	3	10	6	1	8	4	1	10	5	7	7	6	6	4	4	8	5	7	3	
4	3	8	3	2	4	9	1	10	4	5	9	9	1	9	2	6	7	5	8	4	9	4	4	1	10	1	10	8	10	8	10	3	8	2	2	8	9	10	4	
1	2	2	2	10	2	10	4	2	4	10	8	5	9	1	7	5	8	9	1	1	8	8	9	10	10	1	2	2	7	9	10	6	2	9	1	7	2	8	1	
1	3	8	5	9	8	6	1	3	2	9	8	7	2	10	5	2	1	7	6	7	3	9	8	5	6	2	5	3	9	1	6	9	6	1	4	2	8	7	8	
10	5	1	10	6	1	9	4	5	7	1	5	5	3	6	5	3	10	1	6	2	6	3	2	4	7	3	5	3	6	3	9	9	8	7	6	5	3	4	9	
6	10	10	8	6	9	6	1	3	10	8	3	6	9	3	6	4	10	2	6	5	7	8	9	2	5	10	9	10	5	1	1	8	10	8	5	3	3	2	7	
1	6	9	5	2	3	7	5	7	10	3	1	1	1	2	7	5	5	2	6	3	9	6	1	7	3	3	5	7	6	4	1	4	9	6	1	1	2	3	5	
3	6	7	5	10	5	3	10	7	10	4	5	8	1	6	10	7	10	5	1	5	4	4	7	1	7	9	4	4	3	6	1	3	8	8	2	2	1	5	10	
3	3	2	5	6	9	1	1	10	1	1	2	5	4	10	6	6	5	9	5	6	2	3	4	6	1	8	5	9	2	9	4	1	6	6	1	4	3	5	7	
4	3	8	1	3	10	9	5	6	7	5	5	5	10	6	5	5	5	1	8	2	4	6	6	6	4	1	6	6	7	1	2	5	7	4	5	1	5	6	10	
7	2	1	7	9	5	3	7	4	10	10	8	2	8	9	8	9	8	1	9	2	5	5	7	1	10	1	7	10	1	3	3	4	6	5	9	7	10	10	9	
3	8	2	2	7	9	2	7	2	3	10	1	8	2	4	10	10	1	9	6	3	6	4	5	8	8	2	8	10	9	9	6	3	3	7	1	8	10	5	2	
6	10	1	1	3	2	2	9	4	8	1	8	3	7	7	4	9	8	10	1	2	7	5	1	9	10	3	2	4	4	3	4	2	1	2	7	9	8	3	3	
5	2	1	10	7	9	3	5	4	1	9	1	10	10	1	9	6	3	2	4	5	3	10	6	6	1	5	6	4	9	10	7	1	4	1	10	3	8	7	7	
9	9	2	3	3	10	7	4	8	3	3	2	4	10	8	8	9	2	9	6	7	5	5	5	2	2	2	2	7	3	2	5	9	9	1	10	5	1	3	3	
9	1	10	4	3	10	2	2	3	1	4	8	9	10	4	5	7	9	7	9	5	8	3	2	1	7	4	5	9	9	10	3	5	5	9	1	9	3	6	5	
3	8	1	4	2	9	10	10	5	1	4	2	3	9	3	5	5	3	6	10	6	5	6	7	6	1	5	1	5	4	5	7	4	10	4	9	6	7	6	8	
5	8	3	3	6	2	3	5	10	7	1	6	4	4	5	10	8	1	6	2	9	3	7	5	10	10	1	2	8	4	1	8	9	2	9	7	1	5	8	3	
7	1	4	10	10	2	10	5	1	3	7	1	6	4	2	4	2	10	7	1	6	7	4	6	1	3	8	8	8	6	1	3	10	7	7	3	7	8	9	1	
5	1	10	3	1	10	9	2	8	3	4	7	8	10	2	10	4	4	4	1	3	1	4	2	10	1	10	2	7	10	6	6	8	9	5	4	8	1	2	1	
5	7	1	10	8	3	6	3	3	9	1	6	2	10	9	10	2	10	4	2	10	10	2	1	1	6	7	8	1	8	10	8	6	9	6	1	5	2	7	4	
6	7	6	6	6	8	3	5	4	4	5	2	5	8	4	5	1	2	10	8	2	7	9	1	4	7	9	6	4	9	10	3	6	7	4	10	1	1	2	4	
8	9	1	3	5	10	10	5	7	5	5	6	7	1	3	5	9	2	3	2	9	6	7	4	6	5	1	6	7	6	6	4	7	7	5	4	7	10	6	10	
5	5	8	3	4	4	3	9	7	5	6	4	2	10	10	10	2	3	5	3	1	4	10	1	6	4	7	3	7	9	6	5	3	4	1	8	7	4	3	5	
6	1	8	10	7	1	7	9	7	5	10	9	6	3	4	8	8	10	1	7	6	1	4	5	4	8	9	4	8	1	5	1	8	5	4	10	5	10	9	4	
2	7	5	1	8	7	9	7	4	3	6	3	1	7	3	7	1	9	8	6	5	5	2	3	3	3	10	1	6	4	1	2	3	2	8	3	2	3	5	6	
6	1	9	2	6	2	8	2	1	6	2	3	10	1	8	1	2	4	2	1	2	3	8	10	7	8	5	8	1	10	10	8	4	5	6	5	4	6	7	6	
4	5	6	10	3	7	9	10	10	6	1	7	6	7	5	9	7	2	3	5	9	10	9	1	9	1	7	9	3	5	10	4	4	7	5	7	2	4	4	4	
4	5	8	4	3	4	9	2	7	8	3	9	8	8	8	3	6	5	1	1	3	6	6	5	5	3	8	3	4	4	3	8	2	8	5	5	3	4	5	4	
1	9	3	9	1	8	1	2	7	7	4	9	7	4	1	2	3	7	9	4	2	10	5	6	8	4	2	5	10	6	6	3	2	5	1	10	3	8	1	5	
3	7	8	6	3	5	9	8	2	1	2	4	7	8	10	10	7	8	5	5	5	3	3	8	1	5	6	7	1	6	8	8	7	7	1	10	9	4	9	6	
8	6	1	2	9	4	10	9	8	5	8	10	10	3	10	4	3	1	8	6	8	10	2	10	3	1	10	3	3	7	7	1	1	1	6	3	8	7	4	8	
4	9	10	7	1	1	3	2	6	6	7	4	6	2	10	5	8	4	10	6	4	6	9	1	5	6	8	5	5	3	4	5	3	8	8	8	6	1	3	1	
3	6	5	8	1	9	10	4	2	10	8	2	7	9	4	7	1	2	5	4	5	7	10	6	8	5	2	10	6	5	6	2	3	6	9	7	2	9	7	6	
2	2	5	5	5	2	9	8	6	7	3	1	8	9	5	10	4	2	8	1	5	3	8	4	6	8	2	4	4	3	1	8	7	4	2	9	6	5	2	1	
5	3	2	4	5	8	10	5	7	9	3	1	2	10	8	5	1	6	5	2	9	6	4	5	1	3	10	7	8	8	3	7	2	6	3	8	7	6	10	6	
10	8	1	1	2	4	8	10	10	6	7	8	8	10	7	3	3	7	10	5	10	3	10	9	5	2	10	8	4	1	2	8	1	9	8	2	2	4	1	5	
8	6	3	2	8	1	6	5	10	7	7	2	3	5	1	2	7	1	7	9	5	1	3	4	10	4	3	2	4	8	3	8	1	6	6	3	5	5	10	9	
6	9	9	3	9	6	3	1	3	1	9	4	1	10	6	9	2	5	7	7	7	3	8	8	2	6	3	5	2	6	7	10	3	8	2	3	9	6	1	3	
6	8	1	6	8	9	4	2	5	3	1	2	2	7	7	4	2	9	1	6	2	9	5	8	5	10	3	7	10	1	3	6	10	9	1	6	3	9	10	6	
5	4	1	3	4	6	2	3	9	1	10	7	5	10	3	8	5	10	4	8	4	3	9	5	4	4	9	4	9	8	8	3	6	4	3	3	6	10	3	10	
10	4	8	1	5	7	3	1	1	2	9	7	8	2	6	7	7	5	6	1	6	3	4	8	1	3	3	1	10	5	7	1	10	6	2	8	9	1	1	6	
7	10	9	10	1	2	2	5	3	4	6	6	2	10	2	4	1	7	9	8	6	6	1	10	2	5	3	2	10	6	8	2	6	8	2	2	1	6	3	8	
8	9	7	4	6	1	7	4	3	10	5	7	2	5	4	1	2	5	10	2	9	2	5	1	3	4	7	3	5	2	2	1	1	10	2	4	3	6	2	5	
1	2	9	7	3	5	3	5	10	4	1	6	3	7	3	8	10	9	8	7	6	7	1	3	1	9	5	1	4	1	7	6	1	1	9	5	2	10	9	7	
3	6	6	9	8	2	10	8	9	6	7	5	6	9	4	10	8	5	8	2	8	9	6	8	4	9	3	5	10	5	7	2	4	10	5	5	10	1	10	2	
5	5	1	10	5	3	8	7	4	6	10	8	3	6	5	6	9	7	8	6	3	2	2	5	1	6	2	4	10	8	3	9	5	3	8	4	2	5	2	7	
1	8	9	6	7	7	9	1	2	1	1	9	9	6	7	10	7	5	5	3	5	10	3	4	2	8	9	9	10	6	6	3	3	10	5	4	3	9	10	9	
10	3	3	9	5	5	6	9	5	10	4	7	7	5	8	6	9	2	4	6	4	6	2	10	5	2	5	7	10	4	10	7	4	3	10	3	10	6	3	5	
3	5	1	10	7	1	4	10	2	1	7	5	4	4	8	7	4	10	10	10	10	2	8	6	6	9	3	4	5	3	10	8	10	10	10	10	2	8	1	7	
1	5	9	7	8	10	4	7	2	2	6	8	8	9	3	3	3	1	10	9	6	5	2	9	1	6	10	2	10	10	5	5	9	2	10	2	6	3	7	5	
5	7	9	6	1	1	3	9	2	9	5	10	1	8	2	5	8	8	6	8	10	2	8	3	9	9	6	4	8	3	10	2	9	7	1	3	9	5	6	2	
3	10	3	6	2	3	9	5	4	4	9	3	1	5	2	6	10	6	7	9	10	6	9	8	1	7	9	4	3	6	10	2	5	4	6	3	1	3	2	8	
6	5	3	8	3	1	3	1	2	2	6	9	10	4	8	4	9	9	9	9	1	2	7	10	10	3	6	10	6	9	2	7	10	9	8	2	3	5	6	9	
7	2	8	5	6	9	4	1	3	2	5	5	4	6	1	8	3	1	5	5	3	6	4	9	10	8	3	8	8	9	2	9	7	6	5	10	2	4	3	2	
4	3	6	3	7	10	8	9	1	10	10	8	8	2	1	8	1	8	10	8	6	5	9	8	4	4	5	8	6	10	9	10	1	10	6	10	10	2	4	6	
2	8	6	5	3	4	10	7	10	5	1	9	3	5	1	6	4	8	6	10	6	7	1	8	2	7	4	3	6	4	1	2	5	1	3	5	9	10	1	9	
6	1	1	9	2	3	5	4	1	10	7	2	10	2	5	9	9	5	5	9	8	6	9	4	2	9	7	2	1	4	8	5	6	9	7	9	4	7	5	2	
1	9	1	10	7	3	9	3	3	8	2	1	6	9	10	3	4	4	6	10	10	6	8	6	8	7	3	5	9	5	9	10	6	5	6	9	2	10	8	1	
8	9	3	4	6	5	4	9	8	7	5	4	4	10	1	3	10	6	6	4	4	6	1	3	7	2	4	6	7	9	1	10	8	2	7	1	10	1	2	7	
7	2	8	6	7	4	3	1	7	1	9	9	4	2	8	4	5	7	3	7	3	2	8	1	9	10	3	6	3	10	9	5	9	7	9	1	10	2	3	10	
6	6	9	7	10	5	9	3	3	2	8	3	5	5	5	1	4	5	5	6	3	10	4	10	2	4	7	4	6	6	9	9	1	5	4	7	10	7	2	10	
5	1	7	10	3	3	2	5	6	1	1	6	2	5	1	8	4	7	1	3	6	4	10	8	9	8	7	7	8	8	1	6	5	8	6	8	8	8	9	8	
1	8	2	1	7	7	4	8	5	2	5	8	4	3	8	9	3	5	10	2	6	2	8	7	10	4	2	10	2	5	1	5	7	5	4	2	2	4	2	7	
7	3	3	4	8	7	7	9	7	5	9	9	6	9	8	2	1	5	2	5	6	3	3	1	10	6	1	6	10	3	5	5	9	5	8	5	4	2	2	7	

Stepup times between Families, where [f][f] represents initial setup time
On machine	1
23	50	17	31	44	50	2	37	49	11	36	2	27	18	13	16	41	28	40	40	
12	9	11	45	48	48	30	40	8	4	19	20	8	15	50	11	17	36	39	10	
2	13	26	28	49	2	39	45	48	46	24	48	14	38	5	45	37	42	11	32	
42	41	12	45	2	26	38	36	14	21	36	43	36	13	30	45	15	26	24	5	
1	44	3	37	47	37	25	24	32	13	19	46	32	23	30	16	5	50	46	11	
26	42	6	30	25	43	48	15	16	1	40	9	25	22	49	38	18	34	42	44	
49	23	37	35	34	20	4	17	1	5	50	23	19	21	46	24	21	31	14	25	
40	25	25	34	5	30	2	36	24	9	14	10	49	20	36	14	36	1	17	14	
29	23	40	7	23	42	37	48	10	41	4	31	22	9	22	27	39	36	6	42	
41	22	15	37	35	30	40	20	33	2	36	36	27	5	13	35	15	9	50	3	
33	16	22	34	50	27	25	27	2	37	40	25	41	31	10	42	6	33	9	48	
50	25	50	47	42	13	33	34	44	39	25	47	45	49	2	39	3	23	2	30	
32	12	39	8	43	14	15	38	24	1	7	16	6	2	36	45	17	12	17	11	
11	12	4	9	47	18	20	45	10	3	50	39	44	43	5	41	6	44	47	23	
27	15	15	33	49	49	37	4	41	31	39	41	38	31	48	10	49	44	13	5	
1	43	46	49	13	41	44	29	5	11	32	24	49	9	21	15	37	30	50	37	
44	14	5	11	29	7	9	45	42	21	34	31	31	13	10	25	13	18	34	38	
22	3	8	5	35	11	31	4	25	43	13	48	4	4	10	44	36	22	19	33	
40	35	11	26	20	3	40	28	41	14	34	37	3	24	22	40	25	41	36	30	
12	16	44	36	45	44	34	43	47	37	19	4	28	8	50	14	13	47	32	7	
On machine	2
44	41	13	22	42	29	40	24	3	37	15	31	23	12	3	35	29	11	28	11	
4	47	15	37	7	12	18	48	17	36	2	17	42	3	22	26	19	3	12	48	
15	1	36	2	48	39	47	4	6	42	46	50	39	29	37	24	49	15	31	36	
19	16	39	23	22	44	48	12	18	31	26	20	20	21	31	14	19	24	9	12	
45	45	10	27	10	8	30	16	49	4	41	23	31	7	32	28	41	1	2	12	
12	28	7	26	20	46	7	10	48	28	6	16	1	7	49	38	25	10	47	17	
15	27	7	34	29	41	25	46	27	44	45	49	22	46	48	43	45	44	20	42	
5	3	21	15	49	34	41	5	36	24	10	6	36	17	37	49	1	34	32	44	
31	28	38	3	45	14	47	36	37	47	34	49	28	43	49	32	49	28	36	19	
35	6	39	36	7	25	11	35	25	32	50	31	13	22	20	33	7	14	4	31	
33	19	45	32	27	1	29	14	20	41	19	15	14	28	32	21	22	45	44	20	
47	15	35	26	18	42	25	49	13	40	6	39	48	24	20	28	42	32	42	29	
40	7	14	1	40	10	48	10	34	11	22	7	20	30	23	18	47	26	13	38	
11	24	45	3	42	8	14	18	9	38	19	24	36	42	45	40	10	6	41	11	
42	31	34	22	45	19	9	38	46	37	25	27	28	6	43	32	2	49	49	24	
7	6	14	16	27	12	25	6	14	18	45	41	22	3	40	28	13	25	21	27	
10	38	45	1	3	14	17	31	11	25	37	23	45	36	47	14	13	15	2	12	
24	28	49	24	31	50	50	50	30	42	39	29	7	31	3	35	36	24	31	8	
47	28	8	31	8	44	11	19	17	13	9	12	2	20	47	41	18	18	45	17	
49	27	34	31	22	25	36	27	20	43	5	49	47	1	27	11	10	30	36	20	
On machine	3
11	5	22	33	23	27	16	11	9	45	45	20	44	36	9	44	28	34	34	34	
13	27	28	45	47	48	47	45	11	42	50	30	12	15	45	28	41	13	24	31	
46	23	20	1	25	28	22	3	15	18	40	2	34	15	7	30	24	13	43	6	
50	26	22	41	29	7	39	37	38	39	5	36	12	40	43	47	10	35	19	49	
32	37	50	20	42	44	23	41	1	32	36	25	38	44	8	12	34	19	4	27	
7	4	48	3	4	2	25	16	8	16	30	47	24	15	46	32	29	18	37	25	
14	27	43	23	6	43	29	29	44	47	22	4	3	16	11	33	11	11	17	45	
47	37	23	4	46	44	13	23	48	25	22	3	8	34	45	47	38	15	15	19	
22	12	28	35	24	21	3	16	18	5	30	22	43	35	49	1	48	48	7	36	
10	12	31	38	42	39	41	17	4	35	12	2	22	3	49	38	33	10	10	17	
5	18	39	12	13	42	17	43	10	16	2	23	9	14	37	13	16	43	22	8	
32	48	3	16	29	44	11	44	50	40	12	25	14	3	47	6	46	42	5	24	
39	34	43	5	32	49	17	39	46	12	46	38	40	8	8	27	23	38	8	38	
28	5	48	21	32	38	15	31	46	49	7	45	2	23	46	14	24	12	3	48	
39	12	7	33	50	39	17	10	11	39	42	13	10	40	8	6	38	8	6	26	
28	11	40	35	29	36	9	7	13	19	47	15	35	9	34	6	6	14	7	25	
28	29	15	20	4	19	20	9	10	44	36	17	19	25	8	7	13	23	23	28	
1	16	49	21	12	47	49	50	14	18	5	10	22	12	32	32	11	46	45	15	
17	42	25	21	39	18	31	6	21	38	9	48	41	29	50	3	14	42	34	40	
26	23	30	27	50	20	18	34	12	23	3	34	10	30	25	49	4	4	20	43	
On machine	4
19	41	13	10	22	22	45	8	30	20	50	35	23	46	14	27	1	35	19	30	
28	18	44	11	13	37	31	48	41	6	37	43	14	36	13	15	3	35	12	21	
40	43	39	27	30	39	15	2	19	39	35	15	49	33	9	41	49	38	4	27	
40	50	14	2	45	34	13	22	46	28	17	37	41	19	47	34	48	2	23	36	
50	29	15	46	35	1	39	35	19	43	8	13	17	46	34	37	42	15	45	13	
18	42	46	7	4	25	41	50	43	33	34	3	14	31	15	30	15	18	16	13	
15	27	11	31	16	48	20	11	15	41	33	11	4	49	4	6	14	49	8	24	
5	32	13	16	9	43	9	4	40	35	20	9	27	30	3	6	28	30	14	7	
37	38	21	28	8	22	19	16	29	33	2	12	7	43	44	29	31	23	42	27	
26	47	37	3	8	6	6	43	5	14	10	18	41	18	4	38	23	50	49	8	
9	47	17	14	30	31	31	5	50	15	44	16	50	34	37	25	3	45	31	34	
24	3	22	25	20	39	31	16	25	49	29	31	37	47	33	18	16	6	48	32	
50	9	49	43	33	6	30	6	17	1	41	12	28	31	34	37	13	41	21	35	
33	27	40	22	28	4	12	17	40	11	6	1	9	31	44	21	7	21	44	24	
5	42	38	36	36	1	31	15	4	14	46	32	24	47	40	42	21	49	9	15	
31	41	3	13	1	36	36	24	33	43	9	24	27	5	42	19	42	14	6	48	
39	48	13	28	26	10	35	26	18	20	27	41	38	18	3	43	42	11	18	30	
2	27	11	47	9	38	40	18	8	2	35	32	9	48	36	13	41	18	5	33	
2	34	8	11	45	2	10	40	46	28	19	22	44	31	2	4	22	24	30	12	
36	31	14	34	47	48	11	49	50	50	10	15	12	5	30	32	40	15	50	9	
On machine	5
36	24	24	49	7	43	7	34	11	32	20	38	40	48	26	31	17	4	5	27	
14	38	18	27	36	15	6	37	32	45	30	15	49	33	50	7	32	3	1	46	
38	38	11	6	30	48	41	6	28	14	24	43	34	26	19	34	6	28	24	49	
32	29	13	44	14	39	36	4	50	13	18	9	6	8	38	17	45	45	31	16	
13	48	42	16	45	10	15	25	31	40	50	31	23	20	48	39	23	26	9	23	
12	9	22	17	14	37	25	48	50	48	5	28	22	36	1	41	39	2	4	45	
16	11	43	4	17	40	21	3	12	42	31	38	5	29	32	49	20	2	47	30	
4	1	9	29	14	12	32	17	22	26	28	31	12	37	47	29	23	2	20	45	
30	4	32	10	17	37	22	29	48	47	47	38	31	46	41	31	26	39	18	19	
43	8	6	26	25	43	23	8	12	26	20	16	18	22	32	25	28	35	18	40	
31	13	24	33	47	9	36	39	4	45	31	49	31	41	21	48	49	37	25	48	
12	26	33	19	16	9	18	13	47	37	16	36	31	10	30	38	15	10	15	45	
42	43	7	10	27	45	47	22	48	26	35	36	33	50	41	39	5	28	15	23	
27	42	13	11	34	26	2	48	24	25	4	37	15	45	26	34	11	9	10	46	
50	3	10	9	14	12	45	14	12	21	33	34	50	12	46	1	28	35	48	16	
7	6	13	2	18	42	13	25	31	24	37	27	31	36	28	34	34	25	15	3	
9	48	22	44	27	11	35	33	6	25	12	50	13	25	22	9	50	45	3	10	
47	22	10	29	41	47	49	46	23	15	8	10	13	33	46	41	45	47	24	23	
11	16	41	35	30	17	35	48	12	26	30	10	23	9	31	37	8	41	4	10	
50	27	36	12	19	18	26	42	2	16	23	47	41	10	3	28	10	16	35	29	
On machine	6
40	42	50	14	9	35	21	32	8	1	49	45	50	22	13	29	17	24	4	33	
29	27	29	37	46	27	16	26	20	26	31	11	46	49	23	27	44	34	38	48	
27	31	18	28	16	38	4	48	24	41	4	45	11	19	44	46	50	16	38	20	
17	41	33	20	5	35	41	19	1	21	42	12	43	28	38	9	20	19	47	20	
3	37	7	45	34	18	22	23	6	45	44	5	19	15	21	25	16	21	3	22	
43	28	30	20	18	26	3	47	48	35	32	17	26	1	46	26	45	13	35	19	
44	9	47	2	27	24	26	37	9	7	42	44	44	35	4	17	37	23	10	41	
43	26	32	18	31	17	7	25	12	42	13	13	24	11	31	37	32	18	20	19	
45	15	48	44	11	38	49	33	49	49	27	44	32	31	14	11	15	20	12	30	
26	41	35	41	33	25	48	45	22	6	41	16	23	23	11	10	8	49	41	5	
44	34	8	7	14	34	25	25	35	43	36	24	28	48	32	9	3	1	35	18	
13	18	14	7	41	3	6	2	46	46	36	30	15	4	28	32	3	20	33	10	
12	34	25	29	46	31	43	18	29	14	36	24	50	27	37	31	28	16	33	40	
30	37	49	43	7	39	11	12	24	25	28	9	26	8	11	10	47	6	40	8	
30	26	45	32	4	47	38	2	33	28	38	44	26	32	46	39	50	48	38	33	
13	16	18	21	38	11	12	1	13	42	15	26	42	26	27	9	26	15	22	5	
8	32	28	35	29	21	12	20	15	37	43	6	35	41	31	20	1	40	31	31	
37	35	47	43	24	24	32	9	43	39	8	34	27	10	41	17	45	29	5	9	
18	15	28	47	13	14	50	37	31	39	45	19	20	50	20	4	17	45	18	26	
11	26	6	43	13	5	36	3	27	8	13	20	6	23	34	27	3	16	23	44	
On machine	7
21	34	48	6	29	18	34	46	22	43	38	47	50	28	42	3	49	43	43	14	
18	16	19	31	18	31	1	47	4	9	8	18	45	19	2	9	6	1	44	45	
49	22	24	32	5	16	16	49	46	32	10	28	26	19	17	33	6	27	9	26	
8	38	43	47	18	34	27	18	7	9	10	34	6	4	36	28	33	44	26	37	
43	48	24	17	20	7	29	17	49	32	23	45	4	14	39	40	18	37	24	14	
46	36	8	5	46	26	9	30	20	47	11	29	6	14	21	19	31	28	7	26	
4	13	29	40	25	29	12	16	36	18	19	18	35	24	19	5	32	4	12	1	
13	23	42	32	31	18	45	20	15	50	26	13	41	22	31	20	33	40	8	46	
23	32	2	41	14	32	28	42	5	21	21	12	21	8	49	6	9	47	39	9	
11	40	29	20	6	26	4	1	15	6	49	33	7	31	38	20	16	50	7	9	
1	14	26	28	14	14	42	4	41	24	3	20	16	28	50	13	26	25	26	29	
24	18	43	46	29	21	26	14	36	33	12	45	18	45	24	18	23	41	22	35	
23	15	37	6	38	28	35	36	20	15	28	15	20	43	15	50	26	50	4	26	
13	5	37	46	50	11	15	10	41	16	27	32	14	8	44	13	31	2	7	32	
21	10	44	36	46	7	42	17	27	6	24	45	1	17	27	42	15	45	35	5	
4	36	43	38	15	33	15	13	46	14	40	25	4	24	12	33	35	27	9	4	
6	37	32	36	10	23	18	12	47	24	38	43	31	45	47	48	8	42	12	29	
42	22	24	27	39	17	37	49	17	5	2	50	17	41	20	23	33	26	26	20	
22	7	49	43	31	36	35	35	20	48	47	50	8	36	8	26	44	17	31	42	
1	9	41	10	27	34	4	35	39	42	44	9	12	24	32	11	10	19	5	47	
On machine	8
2	50	21	30	27	50	6	12	46	35	23	14	21	23	19	21	9	47	20	41	
9	20	30	6	33	16	33	9	16	16	42	35	4	10	20	21	43	20	6	24	
50	25	31	25	44	11	48	4	17	40	22	4	17	10	29	2	46	7	36	25	
30	19	17	27	35	41	16	46	14	19	43	50	6	48	23	40	27	7	24	8	
36	8	18	41	1	43	41	22	26	21	49	40	41	32	38	25	49	35	21	33	
5	37	14	7	27	11	38	35	42	21	16	20	25	28	2	45	11	31	18	23	
22	46	9	4	50	11	1	2	49	20	28	5	15	44	46	50	36	50	36	22	
4	1	30	20	6	10	38	31	19	38	13	10	46	6	29	44	1	11	36	27	
26	20	37	39	14	8	1	44	33	37	13	9	39	25	19	9	46	46	10	41	
33	40	2	38	4	35	38	27	39	14	25	4	38	27	34	38	41	3	17	42	
49	9	32	5	2	38	49	15	22	25	39	4	37	15	30	11	19	39	22	9	
13	25	41	47	34	47	40	27	7	25	14	39	7	49	49	48	10	12	30	40	
42	36	14	24	37	21	29	30	16	16	31	26	5	43	7	43	26	37	46	39	
38	44	32	36	11	29	48	47	23	25	31	39	23	3	12	16	43	50	15	16	
5	37	40	12	40	34	15	22	21	33	50	33	20	25	34	44	24	46	6	38	
48	17	36	13	28	11	13	14	4	43	9	14	41	16	27	31	4	48	13	3	
22	6	46	23	36	50	16	13	37	34	16	44	18	44	3	16	47	14	15	11	
49	22	19	47	3	34	2	4	12	30	32	43	23	9	3	14	10	49	30	32	
22	41	10	14	13	28	41	13	32	48	23	8	33	43	5	8	16	8	14	42	
22	27	12	45	35	42	43	18	28	18	44	31	41	29	6	5	24	7	31	6	
On machine	9
30	45	40	15	26	24	46	14	18	17	1	28	25	19	5	14	25	41	6	23	
26	19	31	36	41	28	8	46	50	50	20	24	34	41	45	43	41	3	44	25	
9	4	50	40	34	49	4	33	41	35	36	36	11	12	36	22	7	50	6	24	
23	25	44	3	29	32	46	50	34	30	49	40	48	15	37	25	45	27	39	41	
8	25	44	30	23	23	37	28	6	21	24	2	50	2	25	32	14	19	11	34	
43	25	20	31	8	11	24	6	29	11	42	34	15	25	1	43	13	12	18	46	
32	36	14	48	17	45	39	14	47	28	24	44	14	20	30	16	4	31	8	32	
37	11	46	29	24	46	23	7	40	1	15	10	23	19	21	3	7	38	46	5	
34	24	5	12	6	14	11	12	14	21	25	6	46	31	24	6	32	18	2	47	
29	33	47	13	31	43	34	34	43	27	11	17	40	36	32	38	39	19	43	32	
11	34	29	40	30	13	18	1	23	35	30	43	12	10	28	37	32	49	8	48	
31	28	4	43	8	4	29	32	11	34	30	14	45	28	27	37	5	25	4	35	
2	23	2	48	21	39	16	21	18	25	1	28	2	1	43	7	44	40	27	41	
17	38	24	30	15	39	46	21	20	23	14	11	40	40	33	41	28	39	10	46	
23	9	11	25	48	26	38	30	49	34	45	23	10	24	3	19	40	7	34	46	
14	44	32	17	15	44	45	23	17	29	28	31	9	4	17	38	26	14	14	39	
16	12	37	43	40	19	27	19	42	33	25	17	23	2	43	15	24	43	24	39	
4	26	25	5	36	45	40	2	1	39	37	35	19	11	7	39	18	33	27	11	
16	1	39	1	12	35	40	12	31	41	28	2	31	48	42	35	38	34	19	28	
35	27	39	43	8	37	34	22	48	25	4	35	20	12	14	33	4	39	49	36	
On machine	10
9	11	4	23	48	44	40	34	45	38	26	50	1	16	38	26	14	9	14	29	
17	48	45	5	43	35	45	46	37	16	16	4	27	37	48	32	5	30	33	50	
49	39	39	7	48	50	28	25	29	17	29	1	34	28	24	7	12	14	43	10	
42	26	6	11	13	7	28	18	27	33	3	38	5	33	42	18	40	32	48	37	
33	26	14	41	23	36	2	1	39	1	26	49	44	35	25	22	26	37	15	41	
37	35	40	49	28	20	15	2	16	31	47	16	44	6	11	6	37	10	9	24	
27	22	12	2	33	4	9	30	35	47	33	41	48	31	14	36	24	28	31	26	
45	3	38	37	3	5	26	11	5	50	27	15	25	25	5	41	24	11	35	48	
4	17	9	9	38	16	5	30	20	35	49	26	39	49	25	21	46	8	40	12	
50	44	43	42	9	36	16	33	44	31	49	31	10	31	41	48	27	30	5	32	
27	1	24	11	24	37	46	27	4	25	33	6	42	25	13	12	36	17	22	3	
49	8	49	27	22	34	27	16	18	50	1	3	41	37	25	1	37	33	26	2	
4	5	6	12	11	25	31	37	37	41	21	44	37	49	2	37	4	40	4	43	
22	32	8	28	17	33	30	23	41	19	27	39	33	29	49	7	34	27	25	7	
42	18	15	15	39	28	47	39	19	9	30	6	25	3	18	48	23	32	29	27	
11	43	31	19	23	21	2	12	14	29	42	33	21	4	42	26	26	50	10	3	
36	5	44	15	50	13	21	29	4	5	8	50	20	19	21	11	36	44	44	34	
15	28	19	18	43	5	25	28	35	19	19	34	23	2	46	43	38	3	30	26	
15	24	46	27	30	9	35	13	26	7	3	6	16	34	12	4	37	9	26	15	
10	40	36	1	38	42	50	35	49	44	27	4	42	29	2	43	35	42	48	26	
On machine	11
25	17	32	2	36	45	11	26	28	4	7	20	9	47	29	40	24	17	23	40	
50	2	46	16	48	3	28	13	26	28	4	10	31	31	1	19	41	50	12	24	
33	24	37	3	2	27	35	1	12	33	7	5	6	31	40	39	6	33	40	39	
34	42	31	35	15	41	48	11	26	44	44	48	14	21	2	25	17	30	27	39	
14	46	40	9	7	12	21	11	20	5	43	14	37	43	48	6	12	32	18	8	
30	19	27	1	49	48	41	45	14	22	1	30	23	45	3	47	8	47	13	23	
2	34	31	38	24	21	25	6	35	44	41	45	3	48	29	31	39	19	31	9	
15	49	1	43	38	48	25	15	22	13	31	7	13	4	30	5	46	18	34	25	
6	45	33	1	41	3	27	24	31	34	35	18	14	13	26	39	40	40	43	50	
41	46	41	40	38	27	20	10	15	3	34	42	46	21	45	6	33	22	44	10	
3	21	35	16	23	39	16	17	19	42	8	1	21	5	14	34	44	19	20	46	
22	47	38	27	17	22	35	20	48	9	48	4	24	30	33	40	30	8	23	18	
45	37	13	17	43	20	8	44	4	24	33	25	34	22	15	41	30	48	43	24	
17	2	1	48	27	21	37	14	49	48	40	7	33	22	1	13	18	1	47	17	
8	22	33	17	33	27	29	38	2	49	16	26	11	1	10	11	22	22	1	3	
26	18	47	23	8	15	1	4	19	25	28	6	4	39	48	17	7	32	38	7	
49	21	18	35	34	40	29	47	14	44	9	16	32	44	8	44	23	27	48	49	
9	32	17	20	39	20	6	43	13	37	50	1	46	28	34	25	18	19	50	21	
17	45	37	48	50	50	42	9	26	24	12	29	20	31	17	29	48	3	24	22	
12	22	25	7	31	35	20	6	20	36	20	22	30	32	40	38	42	8	36	8	
On machine	12
46	13	49	37	4	10	18	6	33	15	40	2	31	37	14	8	5	32	32	11	
45	42	5	9	40	47	3	29	17	10	50	31	36	44	33	17	32	28	26	15	
41	11	24	43	41	12	33	26	43	49	15	35	23	29	5	37	15	11	4	45	
38	24	28	31	12	6	45	40	33	3	38	15	25	47	3	38	38	8	4	4	
33	44	17	10	49	45	43	32	50	46	49	39	5	25	16	29	20	43	19	3	
29	41	2	36	23	11	38	14	36	21	33	31	44	43	3	8	26	18	11	27	
36	25	5	33	7	43	16	27	47	46	3	39	39	24	36	48	46	38	47	13	
20	44	31	48	19	19	31	44	4	24	35	14	23	46	6	49	30	17	31	23	
44	3	38	25	12	40	28	27	1	31	12	39	41	22	46	6	32	27	37	24	
12	38	32	40	46	46	4	18	21	30	18	6	26	37	31	10	4	4	35	12	
8	24	40	35	11	9	10	48	34	25	32	41	37	19	33	45	24	43	4	15	
39	14	3	4	45	2	46	37	18	48	36	27	32	2	23	3	17	33	27	37	
3	14	12	50	13	41	46	8	29	20	36	33	36	17	18	2	5	21	29	36	
36	5	43	20	30	29	3	50	12	30	37	14	48	14	45	42	21	27	41	50	
10	25	26	27	29	22	10	9	38	28	47	28	19	5	24	2	22	5	48	9	
6	42	15	8	20	45	49	2	13	13	48	48	7	38	25	25	43	6	35	26	
14	7	6	28	50	27	49	19	40	40	21	35	42	38	42	41	1	41	13	6	
46	5	12	3	27	39	1	42	14	15	29	28	23	24	12	19	49	17	25	42	
11	34	45	41	3	3	49	38	14	50	28	49	27	39	1	9	33	26	43	41	
11	12	1	28	11	49	42	14	7	1	45	2	40	29	10	16	19	9	22	20	
On machine	13
46	6	42	5	36	49	49	13	1	39	29	17	42	37	33	49	34	27	12	30	
31	40	21	50	24	3	28	3	48	37	17	10	29	7	17	5	6	3	31	22	
5	8	33	13	48	18	37	3	18	21	34	42	35	40	21	47	9	17	43	4	
27	7	41	27	21	48	40	3	17	18	5	35	28	24	22	8	10	27	16	27	
40	47	49	15	33	12	29	11	49	11	38	12	19	15	24	42	12	43	33	40	
46	24	16	21	14	29	48	7	42	6	41	31	13	32	11	40	47	42	34	17	
30	43	34	28	35	27	30	22	16	2	36	37	14	20	32	27	35	29	31	37	
15	27	20	35	24	4	45	31	11	23	12	14	44	35	38	39	44	39	42	36	
27	3	42	19	18	21	37	38	43	30	12	19	15	28	31	12	5	5	1	39	
37	39	9	39	17	27	21	30	12	32	16	31	17	38	1	1	16	19	34	13	
17	20	34	29	21	45	22	45	18	27	39	13	17	12	4	42	17	23	18	36	
47	14	9	43	36	13	45	43	16	44	35	21	45	19	48	16	24	49	11	24	
2	44	16	34	1	44	34	43	36	9	24	4	8	48	15	15	28	6	27	38	
16	6	31	20	32	15	16	23	9	6	49	45	24	49	34	49	21	3	37	2	
4	3	24	3	40	27	48	32	19	38	6	27	44	13	40	39	7	25	10	29	
40	1	27	31	47	28	3	6	35	38	35	39	2	9	41	29	7	25	23	49	
23	12	40	5	20	8	42	35	45	49	4	7	9	17	41	8	25	2	50	11	
45	32	9	29	15	42	33	11	48	32	46	35	38	2	27	7	15	47	12	21	
30	4	40	38	20	37	35	13	46	10	41	31	49	19	37	40	48	50	44	29	
46	22	21	44	21	25	15	26	22	19	22	34	30	39	31	7	3	38	8	39	
On machine	14
40	34	42	20	24	10	3	43	5	49	40	13	31	49	25	5	7	17	42	31	
14	46	32	35	19	32	11	26	2	2	32	35	29	14	26	41	23	1	29	22	
3	19	18	2	26	2	22	6	27	14	27	45	43	31	21	41	49	1	46	44	
36	42	27	10	33	28	15	29	29	22	2	31	32	40	35	43	34	33	42	26	
39	30	31	35	21	12	41	12	6	20	28	40	8	33	4	43	36	30	2	13	
18	15	17	49	48	6	47	6	15	27	6	15	13	48	50	37	25	40	28	47	
32	3	12	43	43	37	7	9	24	16	36	44	30	24	2	47	35	44	14	20	
29	2	17	16	46	16	48	50	22	15	37	36	47	43	13	11	45	11	36	36	
7	50	34	13	30	10	9	49	20	14	50	35	47	43	19	46	49	13	11	27	
27	38	27	43	19	48	46	42	33	15	24	9	46	29	14	2	31	25	6	25	
39	7	4	30	48	30	22	10	42	3	24	11	30	39	12	21	25	25	8	22	
1	3	44	8	20	15	14	2	21	30	48	50	44	32	13	35	41	45	41	41	
8	47	14	39	21	1	22	19	6	16	24	31	40	18	20	33	32	16	32	7	
35	30	27	38	32	9	31	25	15	19	46	43	40	3	25	2	48	2	29	3	
13	10	1	20	49	26	46	41	16	12	27	8	2	43	5	14	24	48	20	15	
16	46	5	45	44	33	5	49	35	40	35	49	6	11	32	17	42	34	22	17	
50	43	48	47	31	25	31	5	22	15	24	42	22	21	10	32	3	27	20	38	
38	7	32	10	25	24	48	5	44	28	46	17	21	17	46	29	20	44	23	34	
5	16	9	1	4	23	22	49	28	43	7	50	25	15	16	42	9	33	33	7	
5	43	21	35	16	24	29	27	35	20	50	12	48	36	26	32	13	26	21	28	
On machine	15
25	4	24	37	36	20	18	44	35	7	39	22	8	27	40	46	28	37	4	27	
35	50	21	24	3	42	46	40	43	23	7	29	31	30	29	48	47	2	3	20	
30	14	7	7	26	16	29	10	31	8	49	2	5	1	33	47	34	36	29	14	
49	37	49	16	39	27	19	33	23	46	12	2	44	5	31	5	47	4	16	12	
11	10	46	32	10	5	46	29	50	31	35	25	16	9	20	45	41	28	11	37	
27	12	15	25	43	24	5	39	20	27	2	29	14	12	44	40	26	43	28	11	
38	45	45	5	22	24	16	31	5	5	7	9	16	36	9	2	21	23	12	19	
2	12	7	44	46	12	49	22	40	27	1	26	45	38	11	48	42	40	45	42	
30	42	13	25	40	38	6	49	28	46	38	28	15	20	35	14	11	48	35	47	
50	35	3	27	32	42	17	46	9	42	10	7	21	21	20	16	14	40	38	42	
34	41	4	42	41	13	13	38	9	1	12	28	18	11	46	27	1	35	40	21	
21	32	11	10	19	23	8	20	10	8	10	48	28	49	38	45	9	2	37	21	
10	34	43	28	50	15	40	13	38	10	6	34	36	28	4	45	34	14	43	19	
32	10	28	23	3	47	50	26	25	11	5	43	40	31	29	44	11	6	18	10	
2	25	45	5	23	45	14	10	29	24	41	14	28	12	50	30	40	47	21	32	
35	30	16	23	44	19	38	38	13	6	17	21	48	41	22	41	13	18	21	13	
5	16	25	35	23	33	40	24	15	4	3	1	21	19	45	21	17	44	28	35	
10	24	11	5	44	15	8	42	49	42	3	35	48	50	34	16	35	15	45	2	
21	10	33	43	22	14	50	7	46	16	25	13	39	49	22	42	35	1	41	34	
18	32	29	13	49	36	14	33	14	42	34	31	39	35	37	47	38	21	23	36	
On machine	16
31	13	40	11	45	15	13	5	44	7	49	12	50	50	5	26	30	34	29	35	
39	24	45	39	49	21	41	21	34	27	30	45	48	41	40	41	2	30	16	9	
39	19	42	33	7	42	20	46	44	36	47	28	43	23	22	25	25	34	42	14	
15	18	21	38	40	28	28	20	45	10	33	39	33	9	19	9	12	17	36	12	
31	48	35	11	46	49	7	29	4	30	40	19	2	27	33	11	38	44	39	27	
21	41	17	26	17	10	18	24	28	1	31	45	2	26	21	6	7	28	15	36	
29	44	7	33	23	7	39	19	5	13	36	10	38	22	44	35	27	23	23	23	
1	4	24	18	6	27	11	22	32	17	16	34	10	40	15	29	6	6	17	42	
13	6	10	8	15	36	24	13	26	34	11	42	20	48	17	14	5	19	4	30	
6	7	10	18	2	3	21	2	19	24	47	31	32	9	10	39	19	31	4	24	
23	8	44	36	4	7	18	5	24	6	47	23	22	22	24	25	16	50	42	23	
10	24	42	11	42	26	37	6	6	22	18	7	4	7	33	22	29	35	50	20	
16	24	12	20	6	49	49	35	12	9	8	3	41	17	10	17	15	39	45	39	
32	5	19	47	35	15	50	39	4	20	13	29	26	41	35	8	23	24	17	45	
45	12	39	26	13	1	3	40	39	34	10	41	14	6	15	13	9	8	45	34	
13	49	37	11	12	21	27	40	22	35	44	33	30	1	41	17	11	19	14	27	
30	43	39	23	9	21	48	34	47	16	43	26	37	8	7	2	12	14	34	20	
10	50	33	32	27	8	37	8	28	49	5	17	42	48	32	18	26	8	47	31	
16	34	22	46	33	45	12	27	9	2	2	11	5	4	24	32	9	40	24	7	
18	31	26	24	17	46	21	35	27	45	46	31	24	18	27	44	5	14	46	17	
On machine	17
42	32	35	16	39	27	9	30	23	23	16	46	17	7	10	33	34	49	41	24	
10	37	31	50	45	13	42	11	32	27	1	31	17	48	18	46	37	36	18	29	
33	33	49	25	36	17	30	20	36	37	34	40	31	24	21	15	13	42	37	50	
9	16	10	34	17	11	28	20	36	14	14	10	26	41	9	9	30	17	10	7	
30	36	41	31	23	29	29	22	22	43	49	32	2	47	25	12	35	50	10	47	
34	21	50	24	38	39	3	32	20	29	44	47	14	22	10	17	48	23	15	30	
46	8	40	22	32	30	14	44	9	5	41	26	26	4	16	14	31	49	45	22	
31	5	14	29	49	39	21	9	32	26	27	19	37	21	4	43	6	9	5	1	
8	38	26	47	47	8	36	15	45	37	13	29	7	32	4	37	23	27	43	44	
26	6	1	40	39	38	6	22	28	49	37	42	25	36	15	9	15	42	4	1	
49	26	6	8	16	10	49	37	22	26	16	13	42	16	7	8	44	26	32	31	
17	20	12	17	16	22	16	46	23	49	1	3	21	16	47	12	5	8	42	50	
24	40	30	19	25	3	2	23	39	20	4	11	31	34	44	36	50	36	23	26	
44	37	12	44	5	25	40	8	33	43	41	22	4	28	14	48	42	37	15	28	
3	22	29	46	29	47	20	13	38	47	15	46	12	31	41	3	4	4	47	29	
2	10	10	20	10	38	50	2	25	47	26	39	29	45	35	13	10	17	45	36	
22	43	42	19	39	1	44	1	31	15	30	45	29	42	14	20	24	25	20	50	
49	47	3	31	19	21	3	26	2	47	15	20	20	8	39	45	48	37	1	47	
44	24	37	30	21	19	41	8	37	8	13	24	37	17	48	36	24	14	35	8	
48	24	24	19	13	26	11	32	24	41	22	10	18	11	36	5	50	34	13	6	
On machine	18
36	36	20	25	2	35	18	39	50	20	33	40	30	4	21	26	10	49	3	27	
46	35	8	34	30	20	37	46	16	50	21	28	49	8	35	48	40	45	6	21	
37	17	38	40	13	20	42	43	30	39	25	22	23	3	46	16	10	14	10	16	
12	9	29	15	38	40	2	10	3	39	42	19	17	34	44	39	38	40	25	14	
20	31	25	10	39	45	24	31	47	2	5	40	11	38	17	29	38	45	9	4	
12	11	26	26	19	11	30	35	25	30	45	36	40	35	7	13	10	45	36	42	
4	42	32	15	30	27	38	39	49	36	40	10	24	18	42	10	13	23	32	41	
5	8	50	2	12	14	39	43	27	36	27	35	11	11	30	46	12	32	13	23	
13	25	49	3	16	30	47	46	17	13	32	39	3	4	50	40	35	31	15	49	
43	46	47	10	24	47	32	43	15	44	50	32	2	7	32	11	18	22	17	14	
26	3	5	34	5	46	50	6	50	28	11	10	8	40	12	49	12	6	18	43	
39	49	27	24	15	24	17	42	28	17	12	8	13	15	43	43	11	50	2	47	
33	15	41	6	47	31	47	12	18	44	10	22	49	2	42	1	15	18	4	19	
38	47	15	35	46	35	10	37	15	9	13	49	15	16	39	11	33	13	24	50	
17	31	9	13	18	37	45	32	20	32	43	49	30	50	9	6	38	3	1	27	
6	33	13	19	23	23	44	6	46	28	38	7	44	19	29	26	30	9	5	31	
36	2	23	22	36	45	50	44	30	2	4	1	30	15	30	10	33	7	9	13	
17	21	7	26	29	43	42	40	34	32	13	39	39	3	3	4	31	13	46	36	
8	33	39	34	1	14	15	13	43	8	47	9	49	13	11	50	14	21	37	28	
5	40	15	32	2	5	13	22	2	22	24	26	2	14	15	45	8	2	38	11	
On machine	19
36	11	20	15	10	48	21	6	18	2	24	36	29	47	5	11	11	47	47	21	
30	35	30	28	37	42	25	7	34	39	39	8	34	4	44	24	11	29	31	17	
38	35	49	1	21	19	32	22	28	11	42	9	39	18	34	34	2	1	37	36	
41	26	41	1	37	40	38	37	10	30	15	40	34	34	11	49	40	17	50	13	
28	19	2	45	18	49	4	25	42	21	47	24	37	2	12	10	29	33	42	10	
26	37	2	14	11	45	12	17	42	36	15	26	14	35	17	35	49	40	13	5	
20	46	31	47	41	21	14	32	49	37	14	26	36	20	30	45	34	14	25	29	
8	40	2	41	34	27	13	39	43	1	38	38	4	38	7	29	49	18	50	49	
35	49	33	7	32	47	13	50	27	19	8	18	49	20	23	47	12	10	23	9	
37	8	25	28	28	10	40	11	1	27	41	4	34	31	30	50	35	2	28	19	
49	35	23	7	19	34	28	25	3	45	10	15	15	21	8	32	3	18	39	33	
19	30	31	32	39	34	7	25	23	36	30	15	14	6	35	9	4	42	50	27	
23	14	48	46	22	31	5	20	18	21	24	32	14	29	30	20	7	1	21	43	
7	13	37	44	35	40	44	13	15	48	12	12	12	46	39	38	14	42	22	49	
21	46	11	28	49	2	21	19	32	26	25	5	38	30	43	34	49	9	40	31	
25	44	21	34	12	17	47	22	26	45	34	19	45	13	9	27	40	47	20	15	
10	38	18	38	19	18	20	19	42	3	12	30	1	16	4	17	20	3	13	1	
19	11	2	1	43	46	44	44	21	29	49	37	15	12	44	23	20	39	20	46	
9	26	37	20	39	35	28	11	15	48	38	21	1	42	10	44	17	47	42	16	
38	22	32	37	27	7	22	36	1	21	3	29	9	50	32	4	32	3	8	36	
On machine	20
17	24	26	18	23	42	40	17	14	4	4	7	42	37	44	45	10	10	38	4	
25	40	47	10	6	43	42	4	45	5	15	43	13	40	13	34	34	28	15	49	
23	20	47	35	35	37	37	8	19	15	50	2	39	6	33	5	2	23	26	19	
30	42	38	18	14	16	25	1	40	15	8	25	32	26	28	11	43	26	39	19	
23	9	33	41	12	10	44	33	19	27	21	38	24	46	7	22	26	25	6	12	
30	23	16	4	38	10	37	19	7	14	41	10	1	44	19	22	14	10	35	45	
26	17	18	23	1	1	32	40	18	36	39	15	33	13	17	38	16	35	34	16	
26	5	12	19	9	8	4	22	22	26	30	40	5	44	50	27	6	18	47	16	
36	1	23	13	7	35	11	14	18	33	3	3	14	41	48	11	16	3	27	44	
43	15	41	49	14	23	49	28	17	10	37	18	21	40	46	2	42	33	20	14	
26	50	24	17	9	23	43	22	36	13	26	9	45	31	27	38	10	48	33	11	
5	9	27	36	10	1	50	4	21	35	50	30	17	18	39	7	32	36	14	13	
46	36	43	36	24	10	41	33	5	49	24	2	35	6	7	16	17	36	26	28	
35	21	27	35	14	11	36	8	45	20	47	36	29	24	23	27	23	2	20	33	
28	21	29	14	1	45	41	31	33	7	8	27	41	47	47	38	46	44	23	49	
40	24	12	17	3	39	32	47	25	26	17	12	50	5	47	40	26	18	9	28	
12	30	26	23	3	25	11	29	9	7	18	32	1	46	2	21	41	11	21	1	
47	48	11	1	5	45	40	9	9	1	46	29	39	50	17	32	4	43	2	44	
43	25	50	32	45	4	29	41	33	39	44	30	27	50	29	37	18	50	10	26	
47	32	9	5	19	13	39	13	45	28	12	6	30	23	24	50	29	46	7	5	
On machine	21
10	29	27	37	39	31	4	49	50	8	45	36	44	1	39	30	10	29	17	44	
46	30	13	49	30	41	11	9	7	50	37	19	49	13	13	15	15	35	5	22	
14	43	36	24	18	46	43	26	43	8	47	12	20	9	4	46	37	33	39	40	
29	47	7	44	40	47	34	47	27	44	2	2	40	25	27	34	34	3	40	27	
31	10	43	48	23	47	13	8	1	21	35	14	39	31	24	2	32	23	39	39	
1	48	39	2	2	42	30	33	47	11	29	5	29	23	26	1	40	32	28	42	
32	41	15	28	21	29	50	18	20	16	16	38	35	11	44	48	37	14	14	10	
27	50	47	41	19	39	34	50	36	14	34	7	42	30	31	34	14	34	13	27	
44	47	21	16	39	42	28	39	24	8	33	16	23	23	17	5	49	15	9	42	
19	45	25	40	30	36	38	25	7	38	32	2	21	22	31	34	19	12	29	13	
20	42	40	38	6	49	49	42	8	19	10	36	39	40	25	16	45	28	26	19	
26	31	9	26	31	12	26	30	42	33	15	1	27	15	48	21	16	21	41	39	
31	22	38	46	15	31	35	35	28	38	43	41	3	1	34	20	31	3	40	29	
5	40	45	22	13	44	2	4	50	6	25	38	48	45	26	45	39	30	35	4	
15	31	33	7	35	6	16	33	6	31	38	32	45	7	10	38	2	7	2	49	
17	18	20	23	34	20	12	27	11	1	14	22	40	37	47	6	45	49	19	35	
4	28	14	31	32	38	28	31	46	36	14	37	5	16	31	50	6	33	18	48	
35	6	30	44	28	36	42	17	35	50	41	3	50	12	40	23	28	17	11	14	
13	42	14	11	31	29	36	35	48	17	40	15	18	5	39	13	50	5	38	28	
50	26	17	38	29	15	13	48	42	48	48	49	31	36	43	22	38	1	29	17	
On machine	22
17	33	24	15	32	24	6	18	23	4	31	50	1	13	36	33	7	19	15	36	
27	47	11	13	34	46	10	25	48	39	10	23	34	49	19	22	28	5	15	36	
6	28	35	1	39	28	24	5	26	3	45	22	12	33	42	17	8	29	16	33	
43	3	44	27	47	26	31	18	1	24	16	50	39	49	13	42	12	19	9	27	
42	29	45	2	6	34	21	50	48	11	11	3	38	15	22	2	48	44	48	10	
40	2	32	36	38	12	3	21	28	18	6	46	35	9	3	12	29	33	29	39	
9	14	16	28	38	14	19	2	28	11	12	28	13	45	22	9	50	19	29	45	
24	38	31	2	33	19	32	26	47	11	19	7	42	46	41	45	10	38	44	1	
2	39	18	43	48	7	32	7	14	44	14	47	35	41	24	38	42	3	44	9	
37	44	13	43	25	43	10	46	32	8	28	49	49	4	18	16	3	8	42	46	
46	25	5	47	18	22	41	42	10	33	9	19	2	46	35	50	34	27	22	32	
32	42	8	34	4	10	28	16	30	2	6	13	29	14	2	5	45	41	43	40	
1	21	10	21	42	25	29	2	36	16	43	44	28	43	1	39	5	1	39	20	
9	5	26	1	1	32	5	46	16	25	28	33	21	18	40	3	17	9	44	12	
44	46	43	13	14	27	14	32	12	13	22	9	32	35	9	14	17	11	35	42	
11	32	10	28	36	15	9	26	2	21	47	39	34	18	14	10	34	44	27	10	
16	37	9	26	17	41	2	9	38	18	20	14	32	36	44	25	10	16	45	9	
45	1	10	26	41	30	29	50	26	42	50	8	18	39	14	1	14	21	17	38	
42	37	34	1	31	10	3	12	34	40	16	29	42	22	21	30	14	15	35	2	
36	3	17	2	32	25	36	23	48	21	22	40	30	31	45	36	40	7	47	36	
On machine	23
9	39	40	21	17	40	10	24	30	20	50	44	24	4	13	10	31	11	31	38	
24	39	37	47	3	14	16	24	45	17	20	1	32	15	6	24	37	24	5	13	
39	25	42	27	12	42	45	4	20	31	23	32	23	35	1	48	18	50	38	46	
50	43	7	18	45	16	23	39	49	28	39	5	25	42	14	9	30	29	39	16	
27	1	4	33	23	21	7	20	31	50	33	23	16	19	26	21	34	9	3	4	
43	4	49	33	49	16	12	24	8	22	23	19	47	5	23	41	44	21	3	18	
24	40	13	16	38	30	15	22	16	40	12	48	24	35	41	35	50	7	28	25	
1	49	13	42	31	20	45	49	39	47	21	35	42	13	22	9	33	26	49	32	
14	40	33	8	37	21	41	27	9	38	11	31	8	50	26	39	29	10	24	4	
33	37	13	39	22	29	11	13	33	7	8	48	50	21	6	29	24	45	12	46	
38	3	13	26	7	49	1	35	35	21	32	47	16	32	18	37	32	27	16	42	
12	19	20	12	41	46	21	46	24	20	18	21	44	25	4	6	41	50	47	50	
2	30	13	42	25	4	12	45	35	47	27	22	41	27	40	48	28	39	7	34	
33	26	29	38	43	10	43	24	7	27	21	42	47	13	28	26	37	41	23	21	
4	29	19	17	21	25	20	17	19	46	42	26	30	9	16	39	50	46	6	24	
21	49	10	9	33	30	44	26	8	29	48	8	21	9	37	13	43	9	17	41	
31	5	30	46	34	13	37	25	18	35	23	37	38	34	27	9	29	3	13	45	
9	38	6	31	35	41	47	43	45	24	11	27	23	8	20	41	11	48	37	22	
35	16	13	38	10	1	9	5	3	7	23	44	19	50	21	31	19	26	1	22	
11	42	12	10	35	12	7	47	24	8	48	9	30	39	43	10	4	35	15	17	
On machine	24
35	30	16	20	46	35	29	13	9	34	22	13	37	9	39	49	20	21	32	48	
44	49	18	42	45	3	23	40	27	34	5	26	32	11	19	32	45	8	29	35	
36	12	32	34	9	47	12	41	23	39	40	7	39	30	22	37	17	11	27	9	
47	30	23	47	11	36	48	12	11	33	31	29	8	28	43	8	45	12	21	25	
34	19	50	39	1	5	14	28	25	9	18	20	15	22	5	8	20	40	37	47	
22	8	5	36	46	47	21	2	11	8	39	50	5	13	13	42	9	30	22	9	
47	28	30	49	22	3	34	29	48	44	23	18	30	10	19	40	45	49	31	37	
9	9	34	36	19	7	34	40	42	41	25	33	2	17	47	49	38	21	1	29	
16	44	14	42	20	21	14	42	3	28	12	10	9	34	50	24	47	13	6	50	
35	26	25	23	23	1	25	44	16	37	16	9	4	26	35	16	17	1	49	7	
5	15	38	8	42	15	26	37	46	18	25	44	41	3	22	49	20	27	23	2	
30	25	5	23	5	37	4	5	44	6	39	21	49	2	33	44	33	40	47	46	
10	32	23	17	32	38	25	30	48	37	35	10	37	47	36	35	22	25	49	36	
18	15	47	26	50	48	47	36	33	41	43	22	36	5	50	7	4	49	25	16	
40	42	27	35	2	41	42	14	21	1	27	40	31	50	44	9	43	47	11	25	
40	34	38	34	41	16	27	42	50	17	36	45	6	14	49	13	5	33	28	22	
44	29	26	24	25	36	3	10	13	4	12	46	30	15	16	33	27	41	31	5	
7	40	20	44	4	43	7	20	19	11	37	24	46	2	5	18	17	43	31	44	
4	43	23	20	8	50	27	41	19	42	20	41	5	31	17	50	19	5	8	47	
29	29	28	31	28	46	44	43	36	10	39	18	8	38	35	48	37	17	25	33	
On machine	25
41	9	10	32	7	19	29	39	10	50	13	50	45	7	50	24	33	5	41	28	
22	24	29	44	9	5	45	49	46	10	18	47	8	4	35	32	48	32	31	12	
4	36	17	12	45	50	36	44	18	33	33	6	12	4	15	12	1	36	18	36	
21	8	16	45	48	13	14	42	28	14	34	25	2	13	22	27	29	8	7	39	
31	25	24	22	1	49	20	48	12	30	5	13	48	3	35	42	20	12	5	50	
26	40	4	12	32	17	16	25	9	46	2	10	36	15	40	25	31	13	4	38	
25	5	45	39	35	35	21	13	21	6	34	49	29	34	41	10	20	49	36	28	
47	35	33	3	24	26	24	22	5	9	7	41	5	28	12	48	6	46	47	7	
1	47	30	26	39	3	32	15	37	7	44	48	13	2	46	6	28	13	25	29	
5	3	28	9	9	15	2	50	45	26	18	47	47	23	42	8	1	5	19	33	
46	42	34	22	35	30	7	42	12	10	27	17	24	40	34	29	43	15	28	24	
48	46	12	45	32	36	26	44	3	43	28	24	5	33	7	45	41	49	33	30	
17	19	36	33	31	2	29	33	3	6	42	29	37	43	23	5	49	2	34	28	
34	5	22	5	21	43	31	3	20	20	17	9	30	6	40	10	42	16	20	45	
34	2	14	42	48	37	50	23	8	5	43	23	19	27	50	2	7	35	45	19	
37	20	49	14	47	23	35	29	2	44	16	24	5	50	17	20	28	15	47	16	
45	43	15	17	2	43	35	14	7	3	41	41	19	9	43	29	27	15	16	7	
32	11	12	43	35	22	45	39	36	9	34	43	9	32	48	9	2	39	12	15	
28	6	47	29	4	32	29	2	25	31	16	33	14	9	26	28	31	15	28	33	
39	21	4	37	41	35	12	3	31	32	28	18	1	21	12	12	9	43	42	4	
On machine	26
5	33	7	26	12	13	9	11	17	35	31	16	19	15	19	5	31	30	8	40	
34	34	42	46	20	6	38	27	30	34	21	45	44	34	11	23	48	45	35	37	
11	43	25	49	18	7	25	29	10	44	47	41	28	44	37	42	9	16	27	38	
24	28	25	42	46	44	4	24	20	44	12	36	40	7	34	8	7	25	9	11	
5	8	7	31	32	27	50	27	19	43	38	10	24	43	29	4	46	23	47	30	
44	48	17	49	27	3	32	41	1	17	41	16	38	10	16	25	18	43	33	43	
11	39	14	23	10	20	16	46	35	45	8	4	44	11	50	37	8	50	47	20	
45	26	10	30	26	46	10	15	44	22	48	25	28	10	37	43	5	25	3	43	
39	20	37	31	2	17	13	7	46	17	47	22	41	48	46	28	14	19	24	30	
25	39	37	45	18	41	7	9	29	13	9	41	39	36	40	4	18	20	41	18	
45	26	31	17	41	22	27	45	24	36	50	43	38	3	47	20	32	50	10	40	
31	30	43	43	15	18	43	7	50	1	46	39	30	42	22	18	23	11	22	22	
41	3	30	31	40	6	48	38	41	4	36	37	32	46	47	29	24	16	23	47	
32	26	34	31	10	49	46	39	23	1	15	24	28	41	45	15	13	39	26	30	
1	38	28	49	22	7	1	35	1	37	11	20	30	26	6	26	29	30	29	7	
45	2	32	40	43	36	42	2	4	6	22	15	41	48	31	12	48	29	5	18	
26	16	26	33	21	1	10	31	40	49	18	35	1	1	46	19	2	38	11	47	
36	31	13	36	21	16	47	2	19	41	28	31	6	3	4	16	8	28	17	27	
42	21	49	48	29	33	7	45	38	1	20	37	25	32	45	14	28	20	42	38	
41	20	25	29	44	34	21	4	6	37	17	19	44	41	26	43	49	6	9	31	
On machine	27
8	39	31	39	19	47	34	41	27	10	8	30	44	12	24	13	20	24	34	8	
27	2	20	22	50	37	20	21	24	1	9	28	1	2	37	43	27	44	19	12	
46	24	50	43	41	26	19	19	45	20	11	29	7	4	23	35	26	18	45	13	
29	38	42	11	44	5	5	44	16	7	4	22	39	44	15	32	36	38	42	43	
4	4	48	8	15	15	24	21	1	46	10	19	33	17	2	47	17	42	2	13	
1	36	31	32	23	27	17	46	13	22	26	8	13	23	16	13	10	26	9	45	
46	30	3	48	34	36	49	9	4	28	49	43	40	11	48	49	44	31	10	6	
16	36	30	4	33	3	39	13	34	43	33	36	27	8	22	35	40	9	17	30	
24	24	24	3	5	1	18	14	4	46	12	24	4	50	43	18	16	6	8	42	
4	25	23	40	41	21	26	1	6	34	38	46	20	6	33	20	44	30	12	18	
25	44	30	17	25	4	24	25	31	8	39	19	31	22	39	14	27	24	41	47	
13	8	16	4	12	50	42	25	31	32	16	50	16	15	28	45	10	1	8	6	
3	3	26	22	41	40	15	3	19	6	11	24	40	23	27	20	19	14	19	26	
40	31	40	13	4	27	34	11	34	43	10	2	24	45	24	38	17	29	1	30	
32	34	33	31	5	40	31	10	34	24	1	36	3	39	28	31	3	16	33	37	
48	15	33	11	9	28	5	8	8	27	35	6	5	14	47	3	26	36	8	35	
49	49	43	25	46	49	11	17	47	36	26	4	32	18	2	34	4	39	27	50	
38	31	24	16	40	27	21	33	33	19	8	24	28	31	6	42	27	16	6	30	
26	20	39	37	30	34	11	35	50	30	33	37	10	9	29	19	20	41	48	23	
28	13	18	40	38	3	4	5	11	18	35	13	26	34	12	30	26	47	38	34	
On machine	28
48	42	23	49	21	8	48	31	1	5	38	12	31	40	25	42	35	23	1	23	
29	24	22	37	45	26	29	36	20	36	17	4	44	26	15	45	15	8	31	11	
38	17	22	19	19	24	11	6	35	6	18	13	20	24	43	47	27	26	34	33	
4	28	33	32	47	48	44	35	28	24	16	38	28	8	2	13	35	16	16	36	
38	4	10	1	34	6	12	12	22	50	49	6	31	23	43	21	8	46	19	38	
11	48	24	19	49	25	48	11	12	5	43	14	17	2	4	18	35	20	44	22	
50	24	30	31	38	30	5	24	9	14	2	17	23	42	16	31	38	26	33	31	
30	41	42	3	44	46	42	2	48	36	26	28	19	28	33	21	30	25	33	11	
9	4	19	21	3	34	22	29	27	40	19	18	48	27	37	15	32	17	8	35	
42	22	32	18	33	21	22	19	17	50	7	26	45	47	8	43	16	47	24	6	
11	27	49	24	1	29	17	50	8	13	38	18	48	45	20	26	44	45	43	4	
29	13	12	8	31	3	3	31	42	21	42	30	45	12	27	8	3	29	30	48	
27	47	18	31	23	35	3	35	45	23	17	31	47	38	37	35	12	18	26	42	
3	15	29	40	30	35	3	20	14	7	22	38	35	29	6	8	39	23	13	46	
43	31	45	46	42	47	41	38	25	38	5	22	50	50	47	38	26	35	34	33	
37	45	12	26	12	18	14	7	42	42	2	23	5	24	21	32	1	28	31	12	
2	37	1	42	46	14	24	13	41	37	12	14	23	6	20	41	12	27	39	13	
29	16	9	12	43	40	3	33	1	17	26	22	5	25	15	32	47	43	39	43	
11	42	1	48	12	16	35	37	35	45	30	46	19	43	24	46	31	18	6	50	
16	35	25	7	41	26	46	41	6	39	29	35	46	5	46	32	45	2	23	39	
On machine	29
43	29	43	41	10	15	42	33	6	40	48	25	34	16	29	49	9	14	18	48	
2	38	32	48	22	44	3	36	3	43	8	14	25	35	16	16	32	26	45	38	
11	27	15	37	50	27	15	33	21	9	22	19	11	39	20	2	24	28	24	3	
15	27	45	21	34	20	44	2	40	33	17	49	25	45	28	27	7	1	43	39	
34	18	38	43	38	25	24	6	33	5	36	33	3	30	18	25	15	2	39	16	
2	10	11	14	46	29	33	41	41	3	7	3	1	27	10	2	9	12	22	42	
8	9	15	2	17	40	35	15	40	3	35	37	44	10	3	34	10	43	8	29	
17	14	43	50	17	22	43	35	5	11	16	19	35	37	8	41	22	15	19	4	
30	23	15	30	24	9	35	6	23	1	2	6	12	30	34	15	40	3	5	22	
43	4	42	17	12	4	1	25	5	22	38	48	29	30	5	4	11	42	4	30	
23	31	35	38	28	46	3	3	40	38	22	48	9	35	5	41	50	5	48	47	
37	35	36	38	34	24	45	40	18	29	26	30	10	15	44	18	49	5	28	47	
46	27	20	24	10	14	19	38	2	35	38	48	28	35	16	11	44	5	14	46	
33	39	5	25	26	45	41	11	20	37	3	37	19	34	28	1	37	17	42	43	
3	38	49	20	7	26	35	42	25	19	44	49	13	22	14	37	9	17	16	40	
12	31	42	33	12	6	49	38	20	23	26	33	43	22	8	31	7	7	19	48	
2	13	20	38	19	43	27	13	45	20	6	18	26	47	32	22	41	41	17	17	
7	34	41	28	15	32	3	11	8	44	10	2	31	17	30	6	45	36	41	42	
25	48	25	2	21	39	10	34	31	14	6	11	36	43	24	33	50	6	50	5	
22	1	42	19	27	24	48	22	42	48	21	33	8	5	45	35	7	50	19	34	
On machine	30
3	39	8	32	26	5	18	48	28	17	40	5	36	9	15	3	33	13	1	27	
44	25	38	9	9	17	41	4	32	14	50	15	9	41	36	36	3	24	34	47	
38	6	13	43	13	12	15	33	5	42	5	38	10	15	44	28	42	2	40	19	
45	20	20	26	41	47	5	34	11	38	38	7	14	26	35	7	13	23	36	11	
26	19	43	13	29	42	32	23	47	32	23	45	17	36	30	40	40	45	1	45	
32	29	30	19	20	44	35	8	11	2	20	16	25	35	1	15	15	18	45	18	
9	43	22	41	20	33	47	5	21	44	46	10	17	3	33	27	47	34	49	32	
4	8	15	30	8	45	37	14	47	3	49	14	41	4	25	38	33	41	32	22	
49	48	16	32	4	25	21	31	47	27	49	8	36	17	35	29	8	39	44	24	
30	37	12	47	1	31	4	7	47	46	25	23	44	47	37	33	47	8	20	8	
18	23	42	20	48	35	3	9	39	36	18	46	48	45	21	32	28	7	21	13	
50	10	26	42	28	42	24	11	46	38	29	41	34	40	23	7	7	3	24	29	
42	24	9	43	13	15	32	22	49	33	19	43	23	33	15	38	11	3	12	39	
40	10	47	38	32	24	8	20	23	6	8	33	18	37	34	29	48	1	39	45	
26	35	16	39	9	10	45	30	35	50	21	45	2	36	28	46	45	39	45	14	
7	20	35	43	49	9	3	12	6	27	23	18	12	15	48	20	12	20	23	39	
4	13	43	16	31	12	47	21	30	49	8	2	24	44	18	5	8	24	4	25	
48	25	33	49	38	13	19	27	15	7	7	32	32	44	37	47	37	32	27	7	
11	14	17	23	4	16	29	50	50	30	18	42	33	33	24	23	16	45	22	45	
45	32	11	47	43	24	19	19	40	6	17	10	2	44	34	2	24	17	6	22	
On machine	31
3	43	43	6	45	1	32	46	35	34	34	27	40	1	47	46	41	17	19	11	
43	25	49	21	48	17	5	45	18	1	38	39	47	26	30	21	50	45	1	31	
26	8	21	6	34	8	36	18	25	18	42	3	39	29	24	8	22	40	49	23	
35	31	41	41	36	39	1	35	7	48	29	33	33	22	17	37	40	9	49	37	
22	7	28	2	1	27	34	30	38	21	31	23	32	6	43	7	48	46	46	11	
19	6	44	31	31	2	10	29	29	26	27	24	37	11	34	4	13	22	1	35	
45	18	26	32	49	6	13	25	49	39	12	46	32	17	1	10	36	3	42	21	
38	29	13	34	2	22	42	31	37	20	38	14	30	49	44	35	33	26	39	42	
25	28	9	20	43	9	38	29	13	31	22	3	43	9	40	36	43	50	16	10	
33	7	45	28	29	4	13	49	10	44	28	12	8	19	40	7	21	44	13	25	
15	39	47	10	39	30	25	1	3	19	41	12	33	35	38	34	5	37	14	7	
21	5	24	42	28	40	43	38	32	46	4	20	30	45	3	17	7	47	37	11	
13	36	41	27	19	22	6	41	31	48	34	10	29	17	23	17	43	44	6	3	
39	45	40	29	19	2	8	21	47	9	17	19	4	23	22	39	48	2	7	18	
43	24	10	35	30	40	26	46	49	20	6	43	45	30	9	9	10	26	1	45	
34	32	43	37	12	33	29	7	25	25	33	8	40	13	34	50	13	46	21	26	
30	38	23	47	18	24	29	37	4	20	10	34	4	34	9	1	43	5	46	26	
13	4	17	29	44	49	50	28	47	9	12	32	25	19	41	8	5	19	41	36	
48	44	31	9	22	42	1	36	27	39	21	22	22	37	25	2	12	44	40	4	
8	33	26	41	37	31	44	9	42	34	22	31	20	34	45	14	14	3	34	45	
On machine	32
50	7	9	4	5	20	10	43	7	32	36	49	5	42	9	9	11	42	5	42	
2	23	36	43	39	32	40	16	35	47	35	47	36	37	17	10	44	15	30	42	
23	39	45	42	5	1	27	13	23	34	49	22	44	24	49	46	20	20	3	7	
16	17	10	29	33	1	41	50	36	32	9	25	13	45	6	39	40	50	33	4	
43	8	22	3	28	37	14	21	9	41	28	23	3	41	7	9	45	10	41	26	
32	15	30	46	43	26	26	33	49	37	12	25	36	8	6	18	39	47	3	27	
25	20	23	15	49	27	22	1	14	11	3	44	34	20	23	50	10	26	40	10	
18	12	44	25	27	17	36	19	41	20	12	11	19	3	7	18	41	31	24	10	
19	4	13	39	37	42	42	20	49	4	28	45	48	41	21	13	22	13	32	49	
27	5	49	25	19	29	44	18	20	29	36	44	21	14	41	33	29	17	24	49	
13	48	28	22	44	24	9	50	18	25	4	27	16	48	31	35	47	38	41	9	
46	9	15	22	9	3	17	39	13	18	14	1	46	18	28	48	30	5	26	44	
44	29	11	30	25	16	11	25	38	20	40	46	17	25	20	19	13	29	35	28	
50	34	4	15	4	48	37	20	1	30	40	38	20	1	1	7	10	17	43	3	
37	29	15	3	14	15	36	34	29	4	29	28	30	17	28	40	7	30	34	43	
3	29	45	20	15	32	8	30	13	47	19	22	3	19	15	31	12	16	28	8	
48	32	15	43	40	21	36	27	49	48	19	48	7	45	33	15	4	45	1	48	
47	1	1	6	1	44	24	39	11	10	49	3	35	39	16	47	43	13	34	41	
22	22	42	35	46	2	20	9	47	16	5	32	9	36	2	18	31	37	12	22	
44	48	6	24	19	48	7	40	45	8	11	31	27	37	42	49	46	12	38	41	
On machine	33
9	14	30	43	36	28	39	49	15	32	17	5	34	15	11	31	6	43	34	47	
3	8	46	24	15	25	11	6	16	13	6	28	5	27	22	18	30	34	2	10	
24	30	34	17	1	42	42	29	50	47	43	48	46	10	19	4	7	18	27	16	
5	45	47	8	23	25	31	16	18	42	29	8	7	46	24	27	12	40	33	44	
29	29	37	50	32	10	48	44	9	16	36	44	9	29	7	12	49	42	25	22	
7	24	50	16	4	10	37	31	42	43	19	41	17	5	18	31	1	24	35	41	
17	47	23	45	35	20	44	26	32	30	43	43	15	18	25	39	4	2	27	44	
45	44	39	27	18	45	28	45	50	26	37	2	44	25	43	1	16	6	11	45	
45	23	12	12	6	10	5	35	6	34	48	42	4	2	37	20	14	12	27	1	
24	46	15	22	41	28	18	30	18	20	8	39	43	1	26	17	37	34	27	19	
18	50	7	45	28	31	41	23	11	23	46	2	12	44	13	2	27	34	42	11	
32	48	41	31	4	12	1	5	45	8	29	47	15	45	17	20	41	22	17	30	
13	8	50	38	28	10	17	39	26	17	13	45	42	38	36	22	8	4	21	13	
43	16	23	2	9	43	44	36	9	47	14	16	37	30	43	25	19	37	43	15	
15	38	28	28	14	40	2	2	41	40	41	50	5	23	18	20	33	36	22	45	
45	48	39	37	10	17	15	36	40	13	30	23	23	19	9	39	8	2	6	18	
18	30	36	37	19	43	32	49	22	47	39	25	20	16	33	14	1	47	42	3	
43	27	40	43	14	18	28	37	43	38	16	8	17	34	16	31	3	37	49	3	
14	48	18	29	3	1	7	20	10	30	35	27	5	34	15	50	43	21	10	35	
17	42	34	19	42	44	45	15	11	22	8	31	34	13	21	1	6	26	8	38	
On machine	34
49	40	11	39	36	20	20	8	46	36	50	40	24	29	4	37	28	20	9	31	
37	38	17	45	43	42	10	40	37	43	21	43	25	1	22	38	3	5	24	34	
3	13	32	14	37	5	17	37	19	18	25	8	43	31	3	39	39	24	4	20	
16	21	15	13	19	5	24	21	3	40	33	27	21	6	40	23	37	31	4	22	
22	44	3	18	25	10	34	45	22	25	38	41	21	42	31	19	12	40	41	17	
44	24	19	3	36	48	29	48	2	34	33	47	4	37	35	22	21	14	22	34	
16	15	36	23	30	8	47	23	8	27	50	3	30	7	9	39	44	41	25	39	
39	18	6	13	27	1	16	8	48	19	42	19	6	25	8	30	11	15	7	46	
45	20	17	43	8	38	21	17	21	15	4	37	49	25	31	41	16	4	29	34	
3	14	34	19	8	37	50	15	12	29	29	44	3	37	26	24	5	29	17	46	
38	4	32	23	26	10	31	12	24	50	46	34	41	37	40	49	46	15	43	21	
27	29	14	20	36	14	32	26	24	12	5	6	26	20	24	4	11	8	6	46	
14	39	3	35	46	42	7	23	25	23	42	3	44	42	21	47	18	1	25	5	
48	45	4	2	43	25	19	27	39	41	36	38	26	21	43	15	34	31	19	33	
10	39	34	49	9	14	38	23	11	12	48	50	3	42	28	31	14	31	23	11	
24	44	6	39	30	10	12	32	10	22	12	48	29	42	10	10	4	4	31	21	
5	15	15	16	11	11	3	10	34	50	32	19	22	1	23	42	27	6	42	16	
45	35	9	40	18	39	18	9	14	6	14	1	24	39	26	41	23	44	13	20	
1	40	6	19	22	30	45	46	24	6	1	2	18	35	2	6	30	26	20	27	
8	8	38	18	15	14	2	11	34	32	28	9	50	28	30	20	35	11	32	24	
On machine	35
9	36	42	4	5	36	20	17	24	42	3	17	13	36	41	34	21	2	31	29	
15	15	3	18	33	34	24	39	6	26	18	41	15	43	42	4	29	3	47	18	
23	45	2	9	3	28	49	32	31	29	22	29	34	30	45	47	47	36	26	15	
38	5	35	36	35	20	27	30	17	17	33	14	46	39	27	38	12	38	21	37	
43	39	23	28	37	2	19	38	13	18	44	13	13	12	5	37	7	25	27	29	
15	40	33	45	3	14	20	46	3	5	6	48	3	8	14	23	50	47	37	32	
15	4	10	38	41	24	4	29	50	2	12	27	44	32	39	12	2	38	30	19	
33	13	22	6	16	8	14	15	39	37	3	6	18	46	21	3	43	35	38	24	
39	24	33	35	36	37	12	7	46	1	23	12	38	29	3	41	33	15	31	49	
34	21	36	49	29	14	28	43	2	37	9	22	16	29	48	45	1	15	36	45	
30	18	37	42	15	8	10	22	15	1	37	38	12	50	46	18	50	25	38	20	
30	38	31	30	50	22	33	32	14	39	7	48	31	41	9	12	23	28	33	13	
37	3	43	43	8	40	41	19	27	11	7	15	50	30	41	47	16	43	35	1	
41	17	48	45	49	35	1	5	14	23	4	15	33	23	16	44	37	6	38	36	
37	40	31	6	11	17	12	47	42	25	35	11	10	5	1	7	50	33	25	5	
37	8	39	22	31	16	23	44	7	44	1	26	18	26	24	7	9	41	4	25	
10	6	39	29	27	24	42	12	10	15	14	40	3	10	5	49	26	15	18	26	
9	2	35	39	32	15	3	41	19	3	11	35	37	2	49	12	45	28	48	26	
33	29	36	27	30	43	27	21	1	23	7	23	37	40	14	10	7	21	5	21	
24	6	36	22	46	29	10	11	11	39	40	10	17	19	30	10	19	34	13	38	
On machine	36
6	35	2	48	22	2	46	20	30	4	20	1	22	22	11	38	42	3	16	14	
47	21	37	28	6	47	6	38	46	9	27	3	13	35	33	50	49	48	30	7	
33	42	10	26	21	32	42	6	4	41	15	50	40	11	25	23	22	22	6	50	
20	28	31	28	29	22	33	22	22	4	12	43	29	45	5	12	40	38	23	13	
42	35	27	24	21	7	16	22	13	36	15	25	36	13	46	2	18	5	38	29	
16	26	29	17	23	38	34	22	10	4	45	13	10	34	21	45	32	9	22	16	
26	49	17	4	26	24	26	35	40	32	38	12	21	23	5	35	30	11	22	20	
24	28	43	38	43	15	22	48	26	16	25	48	50	49	14	47	11	47	27	26	
49	12	9	17	6	31	30	14	14	4	21	47	1	42	17	43	32	20	26	44	
35	4	44	21	2	42	33	23	28	6	14	20	12	23	48	31	48	6	17	41	
29	39	9	2	7	41	37	22	49	45	47	48	2	5	18	12	44	34	49	8	
3	19	30	46	24	7	19	49	39	16	30	49	46	20	14	20	36	1	29	30	
29	46	17	34	32	45	2	22	32	27	44	3	30	7	13	47	39	21	40	24	
14	17	21	23	10	33	18	34	25	35	34	42	49	47	7	31	41	2	27	41	
3	9	18	32	11	4	13	19	9	37	36	31	20	5	11	26	44	32	6	10	
9	18	1	43	49	37	41	29	24	3	7	2	4	14	7	10	6	27	7	33	
46	12	12	3	15	36	8	41	2	50	1	27	30	24	30	24	13	38	11	22	
34	19	26	8	41	27	19	10	11	9	37	15	23	34	48	49	36	39	22	47	
15	21	25	35	13	47	9	50	38	21	48	13	7	26	38	40	19	12	11	28	
12	33	33	4	8	24	42	33	46	46	18	44	6	43	8	10	41	21	24	10	
On machine	37
13	38	50	31	21	13	16	3	35	18	32	15	21	26	45	42	31	14	27	10	
23	5	30	3	47	32	47	47	8	40	20	17	9	10	4	6	1	36	37	22	
50	12	30	33	18	38	24	10	17	44	25	25	19	44	43	22	18	18	28	7	
41	39	11	27	21	19	49	30	12	13	1	50	30	4	7	1	4	14	43	35	
1	42	26	49	1	25	15	9	48	13	1	34	21	20	27	49	25	16	46	20	
3	32	20	47	43	8	19	43	14	11	12	15	49	12	41	25	12	26	38	7	
22	29	9	48	48	36	39	34	23	31	3	48	31	11	15	8	34	17	7	10	
41	45	43	37	17	1	16	22	25	23	27	37	25	10	12	12	10	23	32	43	
16	47	2	9	14	34	44	27	40	24	50	7	39	19	18	47	28	20	19	13	
39	8	30	9	15	33	24	26	14	12	36	25	43	10	31	41	16	1	31	18	
44	39	30	47	45	29	38	32	30	37	35	15	14	21	15	7	16	4	8	35	
21	19	25	3	11	17	42	22	48	29	24	16	24	37	15	37	49	11	9	4	
31	27	38	35	42	37	23	6	12	32	37	1	8	26	1	42	50	44	13	36	
11	44	18	2	3	40	9	21	46	39	3	46	5	34	38	35	40	26	45	6	
48	40	15	20	46	14	28	45	6	3	50	25	39	32	34	10	31	6	1	16	
17	36	33	1	17	2	12	36	19	28	10	46	27	16	36	3	31	9	46	44	
17	2	37	6	23	33	44	2	39	21	23	18	44	20	30	50	28	7	43	17	
37	27	31	21	40	48	12	5	9	42	45	6	31	17	24	18	20	29	22	9	
14	39	17	26	48	10	44	34	44	21	17	47	13	27	29	36	12	39	40	40	
1	5	35	25	30	2	30	44	44	10	48	9	28	14	36	30	33	27	45	33	
On machine	38
16	21	6	17	10	12	41	20	35	42	24	8	40	43	32	19	33	1	14	4	
6	22	49	47	26	47	50	47	14	1	8	34	5	9	18	12	20	32	6	8	
29	23	50	38	20	28	50	45	45	33	1	9	47	20	46	13	16	22	14	48	
14	18	9	15	35	8	46	39	13	4	21	41	6	35	29	32	14	2	26	2	
9	18	37	46	15	29	26	21	19	4	39	12	3	8	12	13	7	37	26	46	
20	26	48	39	26	24	3	11	39	38	1	46	49	44	22	42	23	39	28	7	
30	44	40	26	48	35	15	4	35	16	4	4	17	44	5	39	26	22	3	44	
41	7	17	40	20	13	9	14	27	3	13	31	11	36	11	18	24	30	3	21	
10	47	37	28	24	38	12	24	21	11	49	18	9	49	4	20	14	41	4	20	
48	27	12	12	15	14	6	39	17	36	19	21	1	46	31	1	7	36	8	47	
35	19	25	14	30	13	43	49	12	12	49	41	11	29	40	25	23	37	17	48	
45	33	35	36	40	29	13	18	43	32	4	7	9	24	40	3	16	5	38	29	
29	24	21	15	28	11	34	38	47	50	50	26	1	46	15	5	18	26	48	14	
38	36	12	37	40	4	20	28	25	6	27	33	15	43	3	41	32	42	18	22	
8	47	1	30	9	17	25	22	21	39	19	32	41	6	50	34	6	2	12	27	
44	2	18	30	47	32	31	5	21	18	32	7	5	19	16	25	15	22	14	44	
16	9	28	1	13	16	2	29	30	8	34	39	36	6	6	9	43	19	41	34	
4	8	7	1	50	26	16	16	1	49	40	45	12	18	48	31	45	25	39	17	
12	47	18	33	12	3	22	1	6	49	9	31	2	25	25	29	31	6	2	12	
6	6	9	10	49	8	22	15	35	1	23	28	47	26	7	32	23	19	34	44	
On machine	39
27	17	29	3	29	49	20	30	35	33	18	34	30	13	32	16	40	7	14	43	
49	17	46	17	8	49	43	49	3	35	48	1	28	29	48	1	46	7	49	28	
5	45	40	26	20	7	38	10	16	39	20	27	43	12	9	17	45	6	4	41	
28	29	4	41	26	31	15	49	40	14	34	40	34	44	33	19	17	6	33	49	
13	28	11	34	17	35	27	13	25	48	21	19	21	46	43	7	34	26	4	8	
9	45	6	42	21	18	29	6	24	47	49	15	2	48	25	25	21	5	24	18	
17	44	14	3	13	26	32	16	6	21	35	19	34	23	29	16	14	1	14	34	
19	47	13	43	24	24	35	16	45	6	40	34	11	12	39	4	32	47	3	27	
45	22	35	9	18	26	1	47	37	28	13	26	12	4	49	13	5	38	7	14	
41	3	3	2	1	3	1	4	35	13	26	5	45	50	20	49	29	45	47	19	
45	13	36	27	7	50	5	42	12	15	35	15	25	46	43	22	48	15	48	46	
23	16	9	21	49	41	20	14	46	16	21	18	35	41	11	40	16	33	31	44	
43	22	38	12	24	28	26	3	37	14	23	46	22	10	43	24	24	13	4	5	
24	13	1	20	31	7	5	13	19	49	28	14	23	27	20	31	23	33	8	25	
3	44	16	7	9	33	24	16	18	16	12	31	33	22	16	44	6	25	2	9	
17	11	19	29	19	48	39	43	5	36	43	43	1	21	9	30	50	4	18	10	
38	18	20	5	35	13	18	32	7	23	25	39	45	45	32	37	29	50	21	9	
14	2	27	36	21	21	13	49	12	9	28	39	23	1	7	35	21	4	43	17	
44	48	50	36	46	29	43	25	14	48	13	44	22	1	4	7	29	6	2	11	
48	50	25	46	35	30	19	48	44	47	28	39	8	40	39	5	42	3	2	39	
On machine	40
41	24	14	43	12	30	22	1	4	3	7	48	30	41	35	30	34	17	27	1	
19	6	1	27	46	42	21	27	15	9	42	2	12	7	30	38	11	11	5	2	
31	50	44	21	5	34	18	32	26	23	1	1	18	34	23	38	36	14	50	41	
30	5	37	22	1	23	49	16	11	1	4	33	30	6	1	14	50	7	8	35	
41	31	15	21	49	7	46	49	36	27	12	8	24	29	27	50	31	20	31	25	
11	38	30	26	30	30	47	48	17	26	37	6	25	45	14	48	24	6	34	47	
45	21	32	29	50	35	7	29	17	38	3	2	40	11	44	40	34	24	12	24	
23	19	27	44	48	45	28	3	3	46	46	8	44	18	38	50	37	29	40	8	
38	3	16	29	6	39	44	37	30	44	22	11	43	48	36	1	44	21	8	40	
42	19	38	15	38	22	8	18	7	44	12	42	15	23	39	3	28	9	16	36	
47	43	10	40	17	24	6	36	9	49	26	40	41	37	21	42	13	2	45	10	
14	16	25	47	50	38	41	19	19	2	29	2	24	38	12	29	10	21	3	50	
49	48	36	41	40	7	11	22	50	42	18	21	23	46	36	10	3	38	1	45	
21	40	11	35	31	49	14	5	16	15	9	36	12	9	49	6	33	39	8	27	
22	43	17	44	7	1	39	23	33	10	12	36	19	36	2	10	1	43	9	3	
44	30	11	7	48	18	29	21	17	4	17	36	1	6	50	4	4	44	48	9	
41	6	21	8	46	37	19	43	23	34	24	48	7	6	14	37	12	12	8	46	
41	10	44	38	14	11	32	42	27	22	11	26	23	14	13	48	10	9	12	45	
17	22	25	36	37	13	14	21	41	11	3	45	8	28	33	6	41	5	45	32	
5	33	31	39	20	50	8	38	15	31	32	44	15	35	28	43	23	41	37	31	
