Factories	2
Families	40
Machines	10
SetupType	3

Number of Jobs in each Family
1	9	10	5	7	10	8	7	3	6	8	10	1	2	8	7	2	9	6	6	9	10	3	3	1	5	2	9	10	8	7	2	3	2	6	1	6	8	1	4	

Jobs in each Family
0	
1	2	3	4	5	6	7	8	9	
10	11	12	13	14	15	16	17	18	19	
20	21	22	23	24	
25	26	27	28	29	30	31	
32	33	34	35	36	37	38	39	40	41	
42	43	44	45	46	47	48	49	
50	51	52	53	54	55	56	
57	58	59	
60	61	62	63	64	65	
66	67	68	69	70	71	72	73	
74	75	76	77	78	79	80	81	82	83	
84	
85	86	
87	88	89	90	91	92	93	94	
95	96	97	98	99	100	101	
102	103	
104	105	106	107	108	109	110	111	112	
113	114	115	116	117	118	
119	120	121	122	123	124	
125	126	127	128	129	130	131	132	133	
134	135	136	137	138	139	140	141	142	143	
144	145	146	
147	148	149	
150	
151	152	153	154	155	
156	157	
158	159	160	161	162	163	164	165	166	
167	168	169	170	171	172	173	174	175	176	
177	178	179	180	181	182	183	184	
185	186	187	188	189	190	191	
192	193	
194	195	196	
197	198	
199	200	201	202	203	204	
205	
206	207	208	209	210	211	
212	213	214	215	216	217	218	219	
220	
221	222	223	224	

Total number of jobs
225

Processing times of jobs
5	9	3	4	9	9	8	6	5	1	
6	7	10	3	7	8	6	1	1	6	
1	3	2	1	8	7	1	1	9	2	
4	4	9	8	10	7	7	3	9	5	
8	9	2	6	2	5	4	10	9	4	
3	3	9	2	1	4	5	8	2	4	
7	1	2	10	4	8	6	4	4	5	
5	7	6	7	8	7	10	6	7	7	
1	5	5	8	10	1	5	10	6	3	
9	8	3	6	4	9	8	5	8	2	
2	7	5	8	10	9	8	7	8	2	
10	9	6	3	5	6	4	6	8	2	
4	10	6	6	3	7	5	8	8	10	
4	6	1	3	5	6	5	3	4	3	
5	1	7	7	2	4	9	7	5	9	
4	9	8	1	9	1	2	8	10	9	
5	4	2	3	9	5	1	3	5	8	
10	3	1	1	3	8	8	8	7	6	
7	4	8	10	8	5	1	10	7	2	
9	5	1	8	8	3	9	8	10	8	
8	2	1	5	4	2	2	3	6	4	
7	4	2	2	6	3	7	8	8	3	
6	6	8	10	3	5	3	1	5	2	
9	2	1	8	10	10	8	6	10	7	
9	5	4	9	7	4	10	7	1	4	
10	10	8	6	5	2	10	3	2	6	
3	7	8	6	3	3	5	6	2	8	
8	10	10	5	1	4	1	8	9	6	
7	1	8	5	2	3	7	4	6	9	
1	1	8	10	3	5	6	6	10	6	
10	10	10	2	3	1	4	5	7	9	
5	7	8	5	3	4	4	7	4	7	
9	9	10	5	1	5	4	3	7	8	
10	8	6	9	4	4	9	5	7	7	
7	5	7	2	8	7	5	6	10	8	
1	5	6	7	7	5	8	8	7	4	
3	3	3	10	1	4	1	6	9	1	
4	2	4	6	1	8	4	8	4	1	
9	2	1	4	8	9	6	2	10	1	
2	9	6	4	1	10	4	2	2	3	
4	5	8	5	10	2	1	6	6	2	
3	6	6	3	3	9	6	5	10	10	
4	2	1	8	6	10	5	4	9	8	
3	2	4	1	10	7	7	7	8	6	
5	10	4	1	4	9	5	6	9	3	
8	8	10	10	10	8	6	5	9	3	
2	10	2	10	9	9	8	5	5	4	
4	1	10	4	7	10	10	9	5	4	
1	5	2	7	5	4	3	10	9	4	
1	9	4	7	5	2	10	9	6	2	
9	1	2	9	5	6	7	10	8	9	
7	9	10	7	2	4	6	6	6	3	
2	1	8	1	7	10	2	2	2	2	
4	4	3	1	8	9	5	6	6	4	
8	4	9	9	3	8	3	1	7	1	
2	4	8	4	9	9	5	9	5	3	
8	8	3	2	9	1	10	1	3	8	
4	8	9	9	3	7	5	8	1	2	
6	1	10	9	5	4	2	10	6	3	
2	5	10	6	7	8	8	1	3	10	
3	10	6	10	10	2	9	10	8	2	
4	7	10	4	6	7	1	7	5	4	
1	2	1	4	2	7	6	4	5	1	
3	3	7	8	10	9	3	5	9	6	
1	3	9	4	10	6	4	6	7	8	
6	5	5	8	4	7	4	3	3	9	
8	1	4	1	1	1	1	9	3	4	
7	3	5	9	4	6	5	9	1	3	
10	1	5	8	2	6	7	3	6	10	
9	2	10	9	7	5	2	7	1	7	
7	7	2	10	4	2	4	9	6	1	
7	6	6	1	1	7	2	6	1	2	
4	1	2	10	2	6	2	3	4	3	
10	4	5	7	5	7	1	7	3	2	
7	7	6	10	4	2	3	9	7	9	
5	10	9	5	2	10	10	7	9	10	
5	4	5	5	3	6	3	5	1	9	
7	2	8	1	9	6	9	8	3	4	
2	3	1	4	2	10	4	2	4	8	
7	5	10	4	10	1	4	7	6	1	
8	6	3	2	8	6	2	2	7	3	
9	5	5	7	9	9	2	7	2	4	
9	4	9	9	6	7	3	4	10	6	
10	2	5	5	3	9	2	3	5	5	
3	5	2	10	4	1	8	3	3	6	
10	8	6	1	3	2	1	4	3	5	
1	10	4	7	10	6	5	6	2	8	
5	1	6	9	4	1	6	3	4	5	
2	3	4	1	4	3	5	4	5	4	
6	10	1	7	6	10	4	5	10	6	
5	1	2	9	2	6	5	8	4	9	
3	1	7	10	7	9	4	8	1	9	
9	7	10	2	7	9	8	6	10	8	
8	1	4	6	3	9	2	8	8	5	
8	3	3	1	1	7	6	2	8	8	
9	7	5	6	6	5	3	9	7	9	
2	5	7	10	1	5	2	8	7	6	
5	3	8	10	9	9	7	8	5	2	
2	10	6	1	5	9	7	8	8	7	
4	4	3	10	2	5	9	5	5	5	
9	8	6	5	3	7	10	9	5	7	
2	6	7	6	7	7	5	4	9	4	
1	8	9	9	7	6	10	7	10	10	
5	7	10	4	4	9	5	6	4	8	
4	3	1	6	2	7	4	10	8	7	
8	8	7	1	5	9	7	5	7	10	
5	10	10	9	5	8	2	6	6	10	
7	6	8	8	2	3	5	2	1	10	
3	4	1	5	10	2	7	1	4	2	
1	4	5	3	4	7	9	2	7	10	
10	3	1	6	2	7	8	3	9	9	
1	1	2	1	10	9	4	2	10	6	
3	10	6	3	2	1	4	4	9	4	
6	5	10	1	1	1	7	9	8	5	
9	2	10	4	1	7	1	9	7	2	
6	1	8	1	4	6	5	8	5	10	
1	9	6	1	9	8	10	7	1	6	
10	8	3	3	10	8	8	2	4	5	
7	5	4	8	7	5	7	3	1	6	
8	4	8	5	2	8	3	6	4	10	
3	2	2	1	10	8	4	3	10	9	
6	1	8	2	8	4	7	4	9	10	
2	3	4	2	3	5	5	9	1	2	
5	4	6	4	3	3	7	4	9	5	
3	3	1	2	5	5	10	4	7	10	
3	1	4	7	6	7	4	10	2	6	
6	10	3	5	2	5	8	9	6	8	
2	5	1	4	3	9	7	7	3	5	
6	4	2	3	7	5	7	6	10	2	
9	4	10	3	6	2	4	9	8	6	
4	2	3	7	3	6	7	8	3	8	
9	8	6	6	1	9	8	9	10	9	
3	7	10	2	6	4	5	3	9	3	
3	2	2	7	2	6	10	9	8	5	
9	8	2	8	10	10	4	10	3	10	
10	1	2	2	9	2	6	1	5	7	
3	3	1	8	6	3	3	7	8	9	
6	5	2	1	7	2	7	1	5	3	
6	5	7	10	7	10	5	6	3	2	
2	2	10	7	4	6	4	8	6	5	
1	5	1	2	10	9	4	7	5	9	
9	8	8	4	9	3	9	9	1	8	
4	5	10	8	1	3	8	4	3	8	
3	9	4	10	2	1	8	6	1	6	
2	8	1	9	9	9	6	2	3	4	
7	10	5	2	10	10	7	5	7	7	
2	9	2	4	5	6	7	2	9	2	
1	7	7	10	8	3	6	7	7	2	
3	1	9	5	3	5	8	5	5	5	
1	10	2	2	1	9	10	6	2	9	
1	5	10	9	5	4	5	6	4	5	
3	6	2	10	1	6	4	10	10	7	
7	1	9	1	5	5	10	4	9	8	
4	1	7	3	9	5	5	6	7	1	
5	7	4	5	7	3	4	1	5	2	
5	2	10	3	2	8	1	1	2	8	
3	10	1	9	7	9	10	4	1	8	
3	1	2	8	10	10	1	2	3	7	
7	7	1	1	3	4	6	8	8	9	
8	10	5	6	1	1	2	3	3	1	
9	1	6	9	10	10	1	10	2	9	
9	6	2	3	5	6	4	10	9	1	
8	7	7	3	3	2	1	3	7	5	
9	1	1	5	5	6	10	9	10	6	
10	2	9	4	7	4	9	10	10	7	
6	10	5	7	7	8	3	1	3	4	
8	7	10	5	9	6	10	2	10	5	
9	4	10	7	10	7	7	10	9	2	
5	1	7	10	9	5	7	6	3	9	
10	8	6	9	5	9	9	10	5	6	
6	6	8	3	5	3	5	9	9	3	
6	1	2	10	6	6	10	3	7	4	
3	1	8	2	2	8	10	8	1	3	
10	8	7	4	10	8	9	10	1	7	
1	1	8	8	10	8	4	9	2	2	
7	2	6	8	1	9	4	7	5	8	
1	6	2	3	10	10	7	4	1	9	
7	3	5	9	9	6	7	3	9	4	
10	6	6	7	7	6	10	2	9	8	
5	6	7	4	1	1	10	10	10	4	
6	5	3	10	6	5	4	6	7	4	
1	10	5	8	4	5	6	3	9	4	
7	4	8	4	6	7	5	5	3	7	
6	5	2	3	1	1	1	10	8	2	
3	1	7	7	8	8	5	9	3	5	
4	4	3	1	4	3	7	4	5	10	
5	10	6	6	10	8	1	4	2	5	
10	7	1	6	9	6	5	9	7	9	
3	2	8	5	6	7	10	8	3	1	
6	2	8	7	4	1	9	8	4	1	
10	10	2	5	3	1	2	4	10	5	
3	4	1	9	1	5	2	10	6	7	
6	4	4	9	8	10	2	7	1	4	
9	10	4	5	2	2	9	2	2	8	
8	4	10	7	1	4	5	1	8	2	
2	1	8	3	5	8	9	10	10	9	
1	5	10	7	10	3	8	5	4	7	
3	5	10	3	8	2	4	2	1	2	
3	1	5	8	8	4	10	7	3	10	
7	10	2	5	9	3	1	9	8	1	
10	2	2	10	5	10	3	8	3	1	
10	5	9	3	7	6	1	3	3	7	
2	4	10	1	8	1	6	9	2	7	
5	4	6	7	7	8	6	4	1	1	
1	10	8	3	6	3	5	4	4	1	
10	5	10	1	2	7	5	3	6	7	
7	6	3	6	1	4	10	2	1	3	
1	8	4	3	5	3	10	7	5	4	
4	2	7	4	6	7	5	5	4	3	
10	4	10	6	6	6	10	6	10	8	
8	8	1	9	10	6	4	10	1	3	
1	8	1	1	5	7	3	4	6	10	
10	10	3	6	2	3	4	8	7	7	
2	1	2	3	1	7	2	10	9	4	
7	1	2	2	7	1	3	1	10	10	
9	5	6	2	4	7	10	3	4	1	
4	3	6	9	6	6	6	3	5	5	
2	6	2	1	2	5	3	4	5	1	
7	1	6	4	10	10	2	7	1	2	
8	10	9	8	8	6	8	7	9	7	
6	10	9	8	8	7	9	7	6	6	
7	4	4	1	6	10	4	2	10	6	
6	8	2	6	8	8	8	5	1	4	
8	7	1	3	3	2	7	3	8	9	
2	7	7	10	10	4	3	10	6	1	

Stepup times between Families, where [f][f] represents initial setup time
On machine	1
99	3	31	33	9	86	79	87	50	23	53	54	55	4	10	89	20	65	43	16	98	73	93	91	32	24	62	38	19	29	66	63	26	58	52	85	26	41	72	43	
37	6	41	81	45	42	15	80	32	6	56	19	17	28	46	45	73	37	58	74	48	84	48	98	17	98	88	63	97	6	59	25	34	39	52	18	54	88	96	36	
96	31	28	8	53	61	43	53	24	28	39	100	71	82	84	64	36	58	22	5	68	65	26	81	21	70	96	67	78	49	23	44	67	96	82	38	74	63	58	66	
73	18	68	81	21	92	20	75	99	46	50	13	24	53	12	75	30	92	24	59	13	58	92	43	91	66	55	93	16	55	69	94	100	66	90	18	94	74	2	62	
9	16	81	21	53	66	90	19	49	37	37	90	94	70	25	55	94	9	94	57	82	40	75	88	65	9	55	69	94	15	34	68	87	22	34	63	11	94	59	41	
17	40	42	56	90	34	40	15	93	4	55	46	49	87	73	52	87	87	65	68	92	87	14	55	77	96	73	73	94	11	43	53	95	50	95	86	45	85	84	43	
24	35	42	45	29	52	85	70	35	51	95	38	98	60	36	34	7	11	75	81	29	85	34	47	63	18	60	74	99	84	34	38	43	64	72	32	38	78	2	79	
65	57	2	43	22	19	55	29	93	78	91	18	17	41	81	99	85	5	18	77	100	19	89	86	89	20	68	20	27	38	33	57	53	3	85	38	81	15	24	48	
2	87	21	48	30	62	27	65	81	79	56	23	31	97	49	51	28	14	2	57	50	91	24	73	94	58	20	17	91	18	17	47	23	95	73	31	72	21	80	54	
90	47	6	69	78	50	38	15	70	24	91	20	65	90	42	8	6	37	100	3	8	56	45	34	65	4	72	94	87	82	41	52	6	25	49	69	31	72	13	7	
52	38	94	19	1	10	87	24	87	90	55	84	55	82	5	61	53	58	49	67	86	64	37	65	71	71	40	81	15	73	53	39	62	53	83	64	54	52	20	67	
62	45	68	84	26	72	95	1	70	5	49	6	18	48	28	79	18	78	47	91	57	61	35	75	71	37	43	29	24	4	92	63	71	35	92	87	19	93	6	4	
83	99	27	1	71	33	31	64	30	21	51	53	27	97	65	24	77	69	33	88	82	49	23	26	41	68	33	82	67	2	90	39	79	7	83	77	65	80	61	70	
49	41	75	86	23	68	9	44	58	30	93	48	69	55	22	10	90	59	2	51	73	14	28	91	31	31	97	22	24	72	90	31	29	93	55	74	18	51	95	13	
15	47	44	13	94	88	60	29	16	28	23	47	11	2	27	58	99	84	26	93	11	18	91	30	15	35	72	100	20	46	77	17	68	85	45	19	70	97	73	2	
40	77	1	51	91	61	91	90	31	17	69	40	24	14	59	31	39	99	16	14	41	44	41	34	89	47	4	37	80	61	89	37	2	4	83	13	90	80	53	82	
59	90	42	16	29	15	22	82	17	26	94	63	61	62	67	82	37	18	73	37	43	46	65	22	98	21	61	46	60	67	4	81	34	73	2	74	99	34	100	78	
53	100	51	95	63	3	93	35	94	14	17	19	14	44	84	93	39	49	40	99	53	25	32	85	97	67	52	64	74	74	42	65	2	72	81	54	68	68	21	76	
90	98	11	49	54	36	95	38	27	43	67	47	57	10	54	1	8	59	72	68	29	64	59	71	41	7	23	89	36	8	14	77	78	39	8	24	23	62	5	57	
80	5	70	37	63	76	44	25	43	3	87	1	14	19	88	2	3	41	57	6	91	68	33	86	29	44	70	12	21	85	14	2	3	40	54	11	1	92	45	97	
70	59	36	11	43	16	64	87	65	16	80	50	97	84	93	71	37	30	44	73	48	57	22	5	91	62	70	12	1	57	22	77	72	100	99	9	37	86	79	98	
34	19	63	61	85	47	78	48	12	88	15	40	75	24	54	83	22	95	10	48	31	25	69	69	54	2	4	9	20	86	25	28	97	40	23	16	28	42	28	81	
20	83	49	3	79	87	29	66	62	30	14	59	65	8	77	65	77	16	88	54	15	96	87	11	61	44	54	53	31	40	84	18	43	51	89	60	36	73	31	99	
29	40	35	49	42	75	31	1	46	35	34	88	88	87	8	4	91	38	98	10	35	42	73	19	21	39	59	33	26	28	1	15	29	33	100	26	37	18	41	97	
64	90	71	51	69	20	96	12	35	34	39	25	87	67	60	64	44	31	24	16	1	96	78	20	19	92	50	58	67	56	17	58	14	22	70	19	95	14	88	18	
93	90	71	36	2	96	95	46	54	25	62	31	80	38	26	44	10	41	4	49	48	61	95	34	31	11	15	33	70	46	79	89	52	96	72	78	31	97	32	75	
85	82	32	36	21	78	10	30	68	82	58	67	100	99	37	90	72	44	2	95	2	15	29	79	90	56	57	83	63	97	47	9	19	49	99	18	50	59	49	34	
75	16	52	13	78	60	69	47	49	49	72	78	70	78	23	51	97	79	27	86	22	80	78	22	57	71	9	65	96	86	95	63	72	25	75	85	12	20	79	32	
58	64	40	55	55	51	7	21	90	49	89	21	4	56	95	36	58	7	21	29	26	50	25	7	79	97	90	16	60	20	45	28	15	62	6	56	41	5	96	52	
100	89	95	51	72	54	58	90	64	83	4	30	10	36	13	5	76	24	73	71	59	51	45	65	55	62	43	55	16	37	55	90	17	63	45	40	28	33	25	39	
37	71	69	52	18	52	30	77	90	9	13	13	41	99	18	54	67	53	70	14	4	30	86	98	12	45	16	16	74	70	14	85	94	85	76	43	27	29	1	59	
74	92	5	1	13	5	29	22	63	2	51	35	65	65	48	84	12	12	27	44	19	40	4	47	71	38	61	87	49	23	20	35	29	58	29	33	85	3	37	79	
35	79	63	17	30	41	30	45	30	51	79	14	39	33	72	93	88	61	73	32	100	15	38	41	44	95	6	100	67	81	66	52	67	64	93	87	64	51	14	19	
98	56	83	87	14	69	53	39	20	83	71	91	64	41	3	26	98	2	35	29	40	54	33	49	26	10	37	79	39	42	14	99	3	59	59	55	59	58	43	17	
97	47	59	74	28	60	24	88	50	16	60	10	24	27	48	58	69	13	8	52	59	23	2	57	83	5	75	75	95	65	70	43	33	99	86	94	17	61	72	8	
83	16	5	2	39	28	86	52	69	4	24	34	68	22	44	50	64	74	44	37	46	48	87	13	97	27	79	64	59	83	44	51	66	87	39	93	8	76	12	53	
51	28	56	85	45	94	38	80	91	57	89	63	36	23	9	39	41	60	10	22	86	59	66	59	55	57	5	3	60	79	92	30	2	32	77	97	40	84	72	69	
28	15	42	8	93	26	13	18	72	2	96	78	30	49	28	98	90	25	28	20	91	7	49	71	85	41	45	94	3	27	100	19	95	55	20	55	85	52	37	56	
88	28	32	7	94	96	77	7	67	99	74	65	69	81	67	9	87	51	27	32	22	16	68	80	95	86	9	94	11	89	47	82	99	23	90	80	20	9	94	81	
65	60	62	88	98	52	95	62	17	65	35	68	59	35	52	87	86	27	84	8	44	46	39	5	6	78	23	3	18	79	14	94	54	32	45	6	50	57	8	96	
On machine	2
67	63	26	56	73	23	86	56	46	39	54	45	60	59	67	47	29	26	58	79	33	95	73	69	20	10	61	4	100	59	42	25	17	63	35	49	95	12	4	50	
72	54	13	56	67	83	49	50	76	38	3	12	80	32	100	46	4	99	57	60	29	80	62	15	67	58	74	100	26	59	97	51	80	79	64	23	48	3	33	33	
2	27	78	38	49	59	50	81	65	74	93	92	53	28	27	45	36	83	68	59	38	40	86	54	9	95	56	25	89	90	21	67	25	49	12	89	58	99	75	42	
85	56	74	78	24	72	93	74	97	43	88	80	39	94	54	71	81	25	80	43	40	9	19	74	75	63	48	33	37	33	55	17	62	1	47	64	98	72	40	84	
74	89	46	74	36	14	9	98	38	30	76	51	94	11	54	21	37	38	71	34	75	37	31	6	17	44	72	92	98	75	13	34	15	7	3	92	79	51	59	76	
45	13	92	98	43	77	87	92	82	49	80	93	11	70	6	29	90	90	21	76	89	22	20	64	84	93	26	16	50	46	69	95	50	19	57	56	18	75	69	55	
72	81	83	36	8	21	45	50	5	54	79	23	67	76	91	66	32	52	67	89	2	67	34	32	89	31	42	70	85	28	80	26	49	21	36	60	73	1	2	53	
10	57	6	41	100	94	88	80	64	60	51	91	91	33	10	43	85	74	63	78	14	89	96	1	79	70	4	62	80	11	3	35	68	26	72	70	28	52	70	62	
41	36	16	34	44	28	82	1	79	16	17	21	10	97	90	60	80	32	98	32	7	42	60	74	32	66	99	82	22	53	85	84	68	37	45	58	91	53	29	24	
67	92	43	72	49	49	25	68	20	18	38	32	66	47	83	68	74	52	14	49	28	89	14	99	48	30	99	75	62	40	23	18	97	19	25	2	11	68	62	67	
61	80	93	52	43	30	78	27	86	1	58	7	92	45	32	9	96	88	52	89	94	4	69	1	37	16	60	10	43	99	87	86	77	80	74	50	25	22	77	45	
12	5	81	28	99	29	40	99	15	91	51	44	59	90	62	75	75	12	23	70	31	45	86	34	34	51	69	81	67	79	6	65	83	63	81	12	68	4	68	38	
98	94	28	77	97	98	94	23	18	42	98	13	97	99	3	1	46	36	14	1	98	78	55	42	16	44	34	60	89	27	10	72	85	89	56	58	87	51	18	77	
95	47	18	75	66	13	76	97	86	80	22	29	46	23	75	86	83	31	90	70	56	78	50	35	8	50	18	24	11	97	49	52	18	47	21	19	98	94	39	8	
73	42	17	87	11	73	79	52	40	9	15	76	63	92	38	42	83	82	46	80	19	41	95	78	23	97	66	79	24	7	55	76	21	52	65	26	60	13	38	12	
99	73	53	40	12	29	16	52	13	4	13	92	100	47	28	70	62	94	46	50	46	43	81	20	56	78	16	30	2	51	88	86	56	24	22	28	35	10	87	15	
51	73	6	94	41	66	13	88	74	45	7	97	34	15	36	43	95	66	61	16	46	50	25	10	58	38	56	66	74	75	88	90	77	88	89	52	40	11	77	8	
20	27	68	46	61	59	64	31	74	1	68	98	2	66	74	36	46	30	99	84	35	91	74	53	51	19	71	64	59	81	9	26	48	95	97	90	71	70	42	19	
81	41	22	25	18	49	86	32	72	24	69	73	100	79	5	96	21	46	71	29	64	69	92	15	54	42	71	57	43	100	73	55	91	22	46	77	48	64	78	15	
48	18	36	61	47	22	61	27	22	90	89	7	93	23	70	33	26	36	45	40	63	58	53	39	34	48	13	67	78	9	89	47	69	81	11	3	29	57	23	70	
43	11	34	62	82	50	83	53	35	84	20	93	81	12	74	19	88	66	69	37	34	36	23	45	17	28	15	25	65	12	62	97	93	76	29	86	45	78	32	64	
75	34	6	41	54	49	25	59	90	100	44	32	42	85	80	6	94	9	51	82	17	6	15	96	29	62	38	75	25	32	80	4	88	79	61	73	42	54	21	4	
28	43	42	29	67	23	85	40	21	84	95	62	7	47	9	3	70	84	5	85	5	20	83	59	75	47	53	8	5	62	38	48	73	67	13	3	8	6	61	77	
74	22	7	86	36	72	68	39	15	31	23	8	70	13	62	31	19	41	28	1	42	70	81	36	23	47	87	25	71	15	88	59	80	63	20	72	36	5	80	38	
83	67	55	100	76	68	60	74	26	74	44	38	91	98	17	61	56	68	67	5	62	90	46	80	21	54	49	73	11	25	90	17	15	63	49	85	14	5	89	51	
86	66	36	2	54	89	7	29	5	53	74	78	90	58	72	79	31	51	19	5	100	5	41	9	71	31	94	16	46	95	50	13	44	72	85	9	8	43	5	34	
90	35	35	16	35	72	70	48	63	20	64	53	13	77	69	29	99	57	25	47	2	70	41	26	64	28	50	11	29	54	97	46	87	53	26	55	81	75	30	26	
93	26	34	63	64	23	39	8	63	98	91	64	51	19	89	69	62	75	67	19	64	67	62	55	51	88	64	63	11	68	14	67	45	52	21	85	66	58	78	92	
50	25	78	17	97	22	47	38	42	93	84	84	99	25	73	64	32	60	79	76	19	74	69	10	2	12	27	97	75	80	38	76	33	75	92	92	48	14	97	45	
27	5	94	15	88	89	65	61	92	28	82	26	59	10	12	7	62	66	70	45	42	18	71	3	36	31	80	35	80	56	18	50	95	72	4	25	20	14	34	45	
20	97	90	45	28	48	13	27	79	15	10	39	97	51	18	35	7	15	35	64	72	99	47	97	40	97	27	58	55	10	73	38	51	6	69	65	58	51	79	52	
58	63	17	57	98	88	54	15	10	23	60	26	9	52	82	11	78	57	57	90	24	45	33	71	47	40	94	15	84	72	71	83	27	93	41	74	46	24	12	31	
96	92	35	65	43	47	21	66	47	72	69	30	61	49	30	92	18	90	21	57	44	22	15	68	61	58	45	66	41	16	19	59	70	98	57	28	66	39	20	51	
34	97	44	52	100	67	4	33	30	85	15	20	12	70	98	40	29	53	34	37	87	39	31	88	25	60	29	25	2	76	62	7	82	64	12	93	14	41	28	43	
65	97	19	65	33	75	36	77	84	15	59	95	91	66	100	20	2	3	99	99	14	96	59	52	52	51	44	62	47	3	65	48	95	5	89	82	55	86	38	9	
28	88	48	44	98	21	7	76	68	58	95	27	99	92	51	92	28	31	60	62	43	41	43	93	78	29	26	97	25	43	75	46	86	19	9	88	89	55	91	28	
74	34	26	15	29	87	42	77	42	63	56	28	85	34	19	6	24	94	73	69	1	77	47	50	37	68	95	63	14	41	20	25	55	43	39	36	8	18	29	77	
49	41	73	98	91	82	72	64	99	4	86	17	37	8	15	27	47	100	33	38	25	46	27	1	68	40	31	62	44	56	36	7	91	65	31	71	83	50	14	57	
49	31	2	67	94	18	34	71	30	87	67	79	80	23	35	74	25	85	8	65	49	23	81	34	62	12	24	15	18	18	54	27	47	89	31	70	68	40	20	21	
59	76	50	19	5	87	32	6	54	84	56	50	70	67	82	40	75	65	30	62	91	97	23	29	80	5	100	46	59	69	21	1	58	20	45	91	29	7	99	47	
On machine	3
39	74	71	83	92	93	78	88	97	50	68	44	68	84	17	34	94	5	74	15	2	87	42	47	71	79	60	25	52	11	79	60	83	78	27	2	35	33	10	58	
50	60	3	89	47	2	61	32	83	93	35	93	71	70	18	15	25	88	20	51	42	82	76	20	39	81	78	37	91	70	41	10	5	5	46	29	2	32	6	58	
96	83	42	96	72	83	46	41	73	23	20	63	39	65	23	25	87	54	20	90	51	49	99	56	57	29	17	24	3	9	64	64	69	56	32	8	86	14	17	41	
52	1	4	91	82	55	47	18	19	31	95	92	17	37	4	56	51	52	48	2	62	30	44	17	26	74	51	77	29	78	15	19	48	10	29	62	20	13	4	23	
19	92	25	7	83	95	9	19	87	33	84	55	25	79	48	35	38	69	93	48	48	75	56	23	5	81	26	32	65	50	42	48	54	58	41	30	90	3	57	99	
84	72	80	76	43	99	43	17	3	49	30	67	37	71	49	18	53	87	7	60	37	71	74	49	13	89	20	91	42	68	89	73	48	14	36	55	35	23	18	44	
35	93	8	12	82	47	29	86	6	71	29	4	56	71	75	34	37	20	49	17	82	18	3	62	69	7	33	14	22	6	63	78	67	57	89	61	48	82	28	57	
1	54	90	19	46	3	10	23	19	60	28	68	24	79	97	68	28	38	58	43	32	33	57	32	23	2	13	88	63	38	75	41	26	27	73	61	34	43	9	53	
42	56	69	68	14	56	95	49	89	40	47	96	93	39	12	34	74	100	62	3	94	75	89	36	21	59	31	83	85	58	99	42	73	33	93	9	41	24	47	3	
4	48	45	91	36	21	65	97	50	58	30	12	47	38	86	48	50	58	70	3	99	5	61	27	31	55	35	48	57	5	35	16	76	75	11	50	30	30	51	11	
61	29	93	22	60	35	11	7	24	3	33	6	12	67	13	57	25	25	40	7	22	83	34	22	31	72	13	56	16	47	30	18	44	36	65	36	10	25	3	52	
81	19	12	12	31	81	94	66	79	87	30	39	63	67	13	71	11	100	100	93	32	36	91	76	51	12	44	60	45	61	62	38	39	1	80	2	66	78	40	68	
9	63	43	33	46	52	3	94	49	23	94	9	22	56	85	23	22	28	37	97	45	54	17	43	39	54	48	90	95	43	20	94	79	10	91	7	5	64	64	3	
29	84	2	52	4	56	56	49	48	33	29	47	66	5	90	50	40	53	76	94	35	56	88	23	76	63	96	79	77	12	17	30	18	95	37	2	60	7	81	92	
79	79	19	46	27	38	36	67	92	51	1	56	38	16	3	85	73	27	64	99	69	66	8	51	42	14	25	7	43	42	59	3	9	61	79	94	21	100	64	10	
93	40	6	58	59	15	78	23	94	21	75	85	59	90	52	94	43	67	5	43	46	13	86	86	27	48	97	56	44	31	16	83	96	19	51	75	92	71	59	65	
87	63	19	16	93	64	18	35	18	58	93	22	58	31	23	57	36	47	38	30	96	60	63	3	73	29	73	86	63	21	17	19	48	17	2	39	89	98	72	34	
83	32	82	52	14	32	20	84	98	43	77	77	8	43	1	68	52	49	91	65	5	32	85	41	96	20	39	4	65	59	77	32	6	72	11	10	44	9	28	15	
87	91	70	29	22	23	23	63	45	67	97	55	86	22	26	7	4	16	23	86	77	69	21	83	10	71	65	2	86	10	84	14	5	24	14	79	44	1	80	16	
15	13	31	28	41	71	28	5	29	56	25	97	87	41	57	28	36	93	38	2	78	10	30	97	34	14	88	21	51	36	25	76	15	89	46	24	48	48	43	39	
48	65	61	13	89	46	96	20	48	77	36	80	29	6	29	24	10	36	80	49	91	45	96	37	85	71	1	47	49	13	52	97	92	42	59	42	49	12	46	29	
26	72	79	42	18	21	41	7	95	46	55	86	48	68	67	77	49	44	73	1	57	49	26	16	80	60	92	60	69	93	8	9	6	29	93	90	95	32	23	75	
63	69	60	55	9	68	5	91	19	64	45	22	24	97	69	10	47	67	11	39	54	63	13	27	8	13	56	62	10	43	22	34	80	41	51	14	63	2	35	18	
90	30	81	79	70	56	46	84	18	50	77	20	11	22	85	66	39	23	19	57	52	81	50	78	60	1	29	18	6	45	48	20	15	47	21	38	51	79	80	19	
1	69	28	37	22	27	45	92	96	36	79	75	13	30	48	13	40	34	5	19	98	70	60	68	66	62	22	100	26	81	59	46	96	29	86	63	65	62	40	20	
23	36	11	16	53	64	47	29	11	60	71	73	7	100	84	86	31	96	43	30	92	99	64	80	83	38	15	67	25	30	46	14	56	46	3	44	72	16	11	33	
83	42	63	96	1	56	59	78	22	8	64	90	81	61	38	83	65	47	17	15	90	59	67	86	15	31	51	55	1	9	97	8	50	84	94	72	19	9	53	32	
35	35	38	46	29	82	17	2	31	45	50	77	16	7	68	32	71	94	68	81	45	21	24	28	29	99	55	53	38	28	30	16	53	17	28	92	8	38	70	96	
25	100	10	84	67	11	12	96	53	84	5	14	12	24	36	44	56	3	51	87	2	65	47	50	13	37	14	22	93	31	56	43	43	47	39	99	34	78	52	2	
73	52	31	50	78	47	78	56	19	23	60	54	27	35	23	34	3	19	17	31	29	14	63	34	97	34	23	24	22	30	70	62	63	59	20	81	91	5	48	80	
26	60	12	2	65	75	39	52	35	60	35	43	64	38	75	45	90	14	29	18	99	83	13	65	11	5	31	32	98	12	48	84	72	18	43	44	35	12	37	69	
68	32	15	50	18	37	37	64	11	47	66	77	5	10	86	17	20	33	29	93	21	97	2	48	6	80	36	54	30	31	55	31	20	47	78	7	43	7	56	32	
69	36	21	29	48	43	91	7	84	23	60	90	82	87	97	68	28	98	83	14	10	7	57	35	57	55	26	72	30	69	33	35	21	54	62	34	75	33	23	8	
13	100	79	73	6	59	49	24	26	5	56	30	7	9	1	30	4	19	70	1	41	99	30	78	86	84	33	16	35	93	6	70	40	60	22	68	88	88	66	77	
8	1	40	12	21	57	45	38	1	5	35	44	6	28	73	13	95	83	23	99	80	26	25	31	48	74	69	25	62	68	57	5	1	29	29	98	87	66	5	41	
75	85	87	90	58	16	46	9	35	15	99	75	98	57	95	42	11	87	77	66	62	19	17	33	18	42	30	30	83	8	55	30	76	45	44	55	68	45	95	16	
47	83	6	32	49	37	88	2	51	83	82	6	93	86	10	70	59	95	60	11	47	12	37	76	70	70	94	91	42	85	30	100	91	99	2	59	24	71	76	29	
13	89	62	29	63	1	25	6	12	89	49	13	28	30	50	41	10	59	8	15	22	32	23	75	15	16	53	6	93	27	24	86	61	37	47	51	84	55	45	47	
49	63	36	40	9	6	23	96	72	45	98	41	90	75	100	39	83	26	43	63	86	92	23	21	47	36	36	52	4	33	82	16	29	62	42	24	76	38	47	29	
16	11	60	83	91	89	59	7	14	64	58	12	8	10	94	62	71	66	14	48	38	38	45	16	34	42	62	69	83	21	38	76	21	39	95	55	48	11	20	38	
On machine	4
17	35	4	71	35	87	20	89	92	82	71	51	75	35	1	1	26	62	40	39	23	1	44	25	21	53	54	35	48	65	97	78	48	91	61	54	74	48	45	62	
20	81	82	5	71	43	46	38	26	59	60	34	60	50	74	76	2	54	29	2	50	34	36	54	87	83	87	79	75	12	5	57	17	98	92	54	22	75	72	47	
5	72	87	86	90	34	27	81	37	50	92	63	84	91	40	6	66	75	88	25	20	21	69	66	31	10	31	74	56	67	32	60	89	54	100	24	49	70	36	41	
18	52	60	96	44	99	78	26	68	4	43	72	62	39	32	98	100	69	38	42	4	42	73	25	56	28	15	10	40	36	59	2	24	17	60	76	35	47	77	22	
35	82	81	32	25	91	83	7	79	66	61	96	40	85	72	42	72	23	37	5	40	36	51	29	89	72	33	43	60	47	61	82	21	24	73	81	32	89	4	66	
43	65	97	78	34	35	64	23	19	46	37	38	25	94	25	3	95	86	62	1	93	66	46	10	7	91	67	63	17	4	9	96	21	8	53	58	94	57	49	64	
1	43	75	99	43	93	59	18	83	71	43	22	12	32	49	95	88	14	91	54	42	33	74	35	61	40	45	74	2	6	87	78	12	63	16	82	78	73	24	20	
77	42	48	78	30	63	73	71	82	34	86	94	76	91	65	1	31	16	38	64	5	95	67	23	94	36	71	42	49	31	84	35	88	91	98	37	99	96	54	55	
27	63	67	23	59	23	80	61	18	97	39	62	54	27	4	9	77	62	96	3	14	23	35	5	82	15	56	68	71	34	93	52	12	56	31	81	99	28	10	66	
32	86	32	3	6	28	42	62	11	16	60	84	67	60	34	89	41	22	63	5	1	62	77	40	49	9	17	5	39	99	8	82	99	57	17	87	17	47	22	88	
1	79	42	43	69	11	97	27	38	55	37	13	19	95	30	53	66	23	45	97	96	16	89	24	100	94	67	46	83	62	11	77	34	7	98	31	19	3	34	75	
61	71	12	25	51	3	97	6	47	74	75	62	87	82	29	56	67	54	38	12	68	5	37	35	56	63	32	68	23	21	55	36	22	62	96	71	98	78	89	26	
59	13	84	1	98	62	33	90	23	37	24	49	71	95	57	49	93	51	57	2	83	4	91	100	84	62	7	49	96	73	78	27	27	65	91	13	21	43	63	54	
6	78	39	85	65	49	90	54	30	16	64	85	44	85	43	71	96	50	15	85	48	64	61	36	27	26	60	97	50	66	50	92	10	58	2	48	90	71	48	4	
67	10	58	65	50	20	97	63	31	72	28	77	100	82	32	29	19	3	99	87	47	34	47	32	80	97	45	34	22	52	7	98	96	24	18	91	17	56	44	45	
7	53	32	16	26	84	82	66	87	40	97	78	13	40	72	14	84	21	81	67	41	80	4	88	89	59	4	41	29	62	93	1	36	56	65	94	43	85	60	19	
30	58	18	1	52	63	68	62	5	65	97	8	30	64	34	6	41	55	88	28	73	65	90	63	80	86	34	71	3	54	44	48	6	53	4	50	36	44	75	85	
53	3	62	11	42	4	26	32	1	58	19	65	42	18	2	12	21	22	64	67	26	55	73	89	21	56	45	52	41	15	62	69	82	52	18	34	33	55	31	30	
37	91	56	26	96	96	97	10	60	49	22	74	3	39	84	66	36	44	40	3	46	95	24	88	73	99	91	99	63	34	97	13	37	16	71	89	67	32	100	71	
22	26	20	80	95	14	3	47	66	100	66	91	1	29	17	24	90	77	80	60	60	76	36	75	9	2	49	28	87	18	66	21	44	90	82	37	98	17	24	53	
45	13	13	77	56	20	62	51	53	21	34	71	56	14	21	93	76	92	17	85	27	97	11	38	57	45	77	33	80	4	99	18	91	47	47	83	36	93	70	83	
97	44	8	50	86	32	15	28	23	39	15	31	61	77	12	81	7	42	84	52	45	90	38	91	81	5	16	30	28	31	17	90	16	97	6	16	55	73	46	86	
82	30	27	38	31	88	76	89	32	2	27	79	65	80	87	9	7	99	75	74	98	43	40	19	84	73	9	17	39	37	7	93	5	2	50	9	18	11	67	56	
14	88	79	60	83	38	82	83	49	82	24	68	8	93	70	2	34	72	40	37	14	86	45	19	68	90	91	82	38	61	17	53	30	37	51	48	80	83	85	12	
7	82	79	98	27	68	99	87	50	1	71	56	95	65	40	22	26	43	35	92	42	68	15	36	39	60	72	88	36	59	58	42	32	62	29	50	59	17	47	2	
67	40	82	22	100	49	33	5	97	81	45	7	55	92	12	73	23	42	8	94	71	67	56	68	97	99	45	70	44	39	99	27	11	47	34	15	83	100	91	88	
43	31	97	92	34	14	89	52	80	7	13	12	9	67	60	1	30	73	7	12	25	99	62	54	56	15	98	11	33	38	78	38	49	62	11	13	41	42	85	41	
31	90	42	85	5	74	81	35	7	7	7	23	52	44	77	95	99	83	91	22	78	76	18	9	22	49	84	35	8	35	4	56	80	95	72	88	24	29	23	45	
28	29	50	82	71	51	43	6	56	25	71	93	14	82	32	100	56	9	27	54	37	49	42	33	23	72	82	35	62	27	23	55	76	76	16	3	71	19	88	95	
63	93	12	94	40	47	67	59	25	65	93	99	66	30	60	53	36	74	36	29	23	25	71	5	93	60	99	65	8	5	68	87	75	12	98	2	61	23	32	50	
63	82	80	32	69	76	9	46	18	96	71	14	75	99	62	19	1	64	5	12	74	21	68	20	1	82	56	58	81	16	30	90	20	31	34	47	24	47	5	58	
22	8	5	26	93	20	77	34	77	81	49	52	64	38	99	80	70	74	93	64	44	55	93	69	100	26	43	34	11	28	93	87	20	86	37	5	23	12	98	68	
20	74	92	29	79	85	69	73	63	37	28	26	62	99	81	4	29	48	73	87	48	90	8	75	36	15	68	87	75	60	96	94	80	20	72	15	87	13	15	49	
15	22	90	15	82	90	51	51	81	63	2	28	22	98	50	16	82	51	56	76	70	40	75	61	27	31	8	87	92	67	64	10	81	26	53	98	58	100	50	23	
58	35	21	15	88	40	16	20	21	25	60	73	60	47	100	3	86	94	29	47	38	78	44	74	68	84	37	77	76	54	90	10	38	39	31	3	75	95	25	46	
6	45	56	44	32	38	94	38	33	37	73	68	68	71	39	72	37	37	4	51	97	72	12	86	94	24	43	44	79	32	29	97	74	89	65	90	83	60	77	96	
32	29	27	87	64	94	98	20	68	5	64	88	13	93	47	6	81	14	81	26	32	10	73	67	46	79	50	44	74	82	66	91	31	82	87	38	76	18	97	14	
97	75	36	84	55	50	27	77	45	36	50	33	69	14	63	91	69	39	87	100	71	32	36	54	33	43	94	91	25	40	6	34	8	80	21	3	25	98	73	53	
44	94	92	49	64	52	2	57	6	74	65	92	42	93	23	28	27	5	67	44	3	79	59	8	8	23	25	41	61	18	4	69	63	69	38	26	91	23	51	69	
72	91	47	79	61	42	95	43	57	100	70	67	69	12	47	80	26	53	39	94	68	81	68	45	70	77	53	44	31	79	36	11	4	40	77	88	2	78	45	74	
On machine	5
83	63	12	86	20	74	94	78	38	21	60	54	90	48	37	80	21	9	55	19	63	5	76	84	58	10	44	49	79	58	97	13	89	42	47	71	25	90	49	74	
80	20	66	82	74	3	16	28	92	2	35	96	41	1	51	38	10	67	47	53	2	93	97	36	74	58	74	13	18	43	23	28	36	53	80	68	70	57	36	84	
42	59	29	89	51	30	70	70	23	47	98	56	60	24	27	99	96	71	2	44	72	71	57	45	45	93	2	5	64	75	22	65	88	29	90	7	87	9	4	97	
79	61	53	50	72	78	26	6	61	48	53	24	62	39	17	15	33	24	77	14	45	80	61	33	30	68	9	31	7	81	17	13	12	98	13	91	64	8	94	81	
62	66	26	77	38	33	33	75	78	33	60	85	5	89	69	33	24	3	58	99	76	11	2	99	11	50	57	99	94	58	96	93	82	4	34	31	10	65	29	78	
77	53	55	72	8	5	54	29	74	71	22	89	93	91	82	48	52	16	42	62	95	91	19	60	23	23	95	10	35	38	23	95	17	19	7	94	17	57	57	30	
43	15	60	72	32	100	37	71	94	4	3	100	67	36	20	19	35	83	48	2	33	45	29	41	36	44	7	70	70	33	77	62	12	20	48	23	63	43	48	59	
55	64	52	97	78	4	9	87	95	23	2	32	27	2	55	18	56	80	23	86	69	8	6	67	13	9	35	80	31	83	18	22	65	17	49	38	35	4	96	62	
27	87	15	86	15	16	71	9	23	18	3	57	23	82	37	67	66	15	83	14	16	5	47	83	81	25	63	37	84	95	85	26	47	96	54	85	27	83	7	10	
35	58	40	67	44	48	85	72	11	9	35	93	66	52	100	14	43	60	9	11	67	34	38	77	51	42	99	14	96	96	58	36	72	9	69	96	79	22	62	100	
7	8	8	53	100	93	64	71	11	66	11	9	69	97	85	61	94	24	43	91	62	31	9	17	8	51	7	24	14	75	77	57	68	28	100	62	76	51	59	90	
64	94	10	73	42	51	77	41	49	51	21	34	65	59	11	64	65	39	13	31	99	4	28	30	92	100	86	20	84	7	29	91	4	68	17	53	73	89	99	93	
40	3	13	26	81	73	72	38	53	70	23	29	27	65	50	87	64	57	19	59	21	69	51	42	49	57	28	24	24	26	94	77	47	3	12	46	89	92	32	81	
34	11	21	94	26	33	64	12	23	42	61	76	51	32	60	27	72	65	48	30	21	3	34	37	2	47	89	44	42	57	24	86	24	75	68	3	55	12	56	5	
63	72	26	1	41	17	53	46	1	7	92	46	61	83	19	61	56	4	24	31	24	100	43	93	93	46	35	98	52	59	9	82	26	70	66	31	65	35	88	16	
11	72	56	14	16	87	10	25	47	86	77	87	27	44	45	59	64	47	74	52	83	26	32	7	46	33	79	59	29	19	55	99	4	19	12	41	86	94	66	17	
33	76	89	56	75	69	47	90	44	10	46	6	89	52	59	60	37	100	11	79	46	96	66	8	30	53	45	67	82	41	36	41	59	67	39	46	31	80	96	71	
62	44	58	30	78	2	93	5	39	16	50	85	60	83	63	8	62	18	50	28	46	52	99	85	88	90	92	33	28	5	64	43	34	61	26	30	98	63	23	18	
78	1	94	67	58	20	88	41	92	61	68	28	92	78	63	86	6	86	51	25	67	95	88	89	60	80	83	77	60	16	75	28	28	82	57	83	26	2	73	1	
63	42	49	72	5	60	32	26	15	3	100	30	53	27	99	76	95	66	100	2	54	29	28	77	87	92	27	88	86	53	8	31	41	58	92	26	68	29	67	74	
72	60	35	84	97	69	85	90	81	19	65	11	98	97	62	23	73	38	6	37	99	50	87	55	76	17	38	91	43	42	95	79	89	53	97	28	74	76	3	62	
44	14	7	35	85	69	50	72	87	5	40	52	29	97	57	80	73	30	5	68	52	78	36	40	26	83	37	96	67	96	32	39	65	35	69	74	42	20	91	82	
20	13	52	52	8	22	99	96	88	18	60	19	92	6	71	36	3	62	83	94	25	70	48	87	44	39	3	24	35	50	81	91	50	93	47	89	71	3	84	74	
65	40	43	45	31	54	75	33	51	37	12	52	72	58	55	85	36	58	41	85	30	81	45	21	35	81	68	47	92	55	16	34	67	33	75	7	69	73	88	6	
31	1	43	40	96	15	54	61	47	63	28	17	65	27	33	39	28	22	75	42	45	72	23	80	11	73	23	36	46	39	6	18	15	86	72	56	24	50	36	59	
3	67	83	16	46	56	60	33	97	36	72	91	43	10	30	64	34	7	63	23	69	18	94	79	67	95	76	66	90	30	58	72	49	21	7	42	18	33	31	3	
98	46	72	72	34	51	88	18	58	92	83	30	52	31	3	80	3	8	74	1	56	16	35	42	21	22	42	24	92	74	52	65	71	53	70	2	69	96	14	27	
91	27	16	84	41	29	54	29	22	46	98	57	27	56	79	58	34	2	78	48	86	22	86	51	11	64	2	57	38	7	14	89	31	81	42	73	88	14	22	18	
14	37	92	94	75	89	30	96	98	4	83	43	86	9	26	77	67	60	17	18	63	4	27	85	92	1	47	57	83	46	15	83	53	12	45	40	11	11	89	77	
35	9	99	98	81	29	90	39	39	29	42	27	73	95	50	12	44	40	33	56	13	14	33	81	68	84	56	23	81	11	19	3	58	72	20	99	31	59	96	17	
51	66	17	26	32	11	77	80	41	89	47	58	41	94	73	14	70	64	2	67	31	1	8	32	99	25	78	36	64	6	88	72	7	8	91	90	8	76	95	87	
23	49	46	19	64	85	26	3	97	13	38	64	50	16	77	62	42	6	19	28	79	32	1	46	2	30	59	26	68	39	20	7	88	96	64	91	82	12	76	81	
67	59	32	2	58	81	5	15	59	25	69	26	77	89	71	68	17	84	93	8	89	4	96	34	82	77	15	90	99	22	40	66	53	5	64	5	47	80	68	54	
41	66	64	84	99	22	90	11	84	96	46	7	79	66	64	43	39	81	23	37	86	88	57	92	51	31	23	62	44	20	35	31	97	58	14	17	83	99	15	65	
59	96	13	27	86	78	24	22	13	3	58	46	89	73	31	37	5	90	76	23	15	65	4	41	27	33	81	41	41	75	65	4	46	88	34	4	58	15	2	79	
13	16	2	98	18	30	27	3	83	74	71	9	62	72	34	34	79	30	68	4	23	67	16	51	4	57	29	6	15	14	92	2	62	63	47	10	90	3	72	33	
36	50	33	5	86	21	46	73	24	65	24	86	43	82	76	41	47	19	27	69	12	30	41	27	78	61	63	93	25	27	18	90	5	91	65	93	30	11	22	34	
20	60	39	99	59	49	82	28	41	37	71	25	74	80	66	74	59	70	32	26	10	94	50	52	14	13	11	59	4	7	73	45	9	76	88	23	57	55	62	15	
71	11	14	38	65	68	5	79	90	89	82	87	39	53	11	78	75	39	68	82	54	56	4	51	20	52	84	34	65	13	6	86	8	87	86	8	49	25	29	26	
11	58	83	19	38	44	5	12	56	61	3	10	66	3	81	74	69	62	89	9	49	23	4	73	46	79	97	99	93	72	35	47	50	59	21	97	40	99	68	42	
On machine	6
72	20	32	22	90	80	98	23	60	58	42	54	40	44	99	60	27	43	3	4	71	52	81	90	51	9	87	31	13	68	93	44	97	24	15	96	82	74	47	22	
80	33	59	46	73	61	4	43	53	44	35	53	89	66	22	56	45	75	90	60	60	34	71	6	21	92	57	11	4	33	10	76	38	51	37	90	89	45	21	70	
38	53	69	72	24	41	38	55	85	23	13	56	59	31	87	100	21	49	41	43	50	63	1	71	99	51	47	24	64	29	48	37	54	51	61	87	92	26	74	17	
11	97	84	23	48	52	19	79	28	94	28	100	54	57	60	13	72	14	41	54	41	68	13	89	27	22	12	24	9	61	33	20	79	14	11	1	12	80	42	45	
28	100	57	91	50	2	21	52	64	27	84	15	6	39	71	52	99	93	32	38	62	77	47	90	69	66	79	91	67	23	57	51	23	15	44	86	43	71	82	58	
94	51	47	10	41	82	38	36	68	33	80	52	40	62	81	70	76	84	19	27	33	47	62	30	38	58	85	94	8	35	3	46	69	89	50	73	4	20	90	31	
16	13	21	56	40	94	86	51	53	72	72	10	66	73	16	96	81	57	89	51	91	80	34	83	18	50	25	71	16	5	36	15	80	86	1	37	87	10	82	75	
37	12	56	9	93	80	71	19	16	17	39	62	6	58	57	83	53	18	13	4	40	78	7	6	51	72	79	47	16	69	45	29	17	89	5	18	75	6	44	41	
27	46	31	61	70	38	15	77	10	48	1	68	75	7	67	78	71	34	24	38	98	89	52	85	40	66	59	71	80	11	41	96	49	27	74	18	71	52	13	45	
41	41	86	27	52	11	40	86	2	76	47	62	36	78	34	99	1	9	72	30	76	80	37	27	71	53	87	31	33	83	50	47	53	64	47	45	44	7	43	65	
61	43	76	67	39	33	24	71	47	94	78	25	35	21	29	62	69	20	66	34	84	12	50	63	39	34	36	50	91	63	24	1	16	87	11	37	87	78	77	53	
19	38	53	14	32	33	11	77	39	99	56	26	19	70	37	49	11	2	53	34	37	74	57	29	23	99	37	84	28	92	81	81	37	97	51	27	80	41	38	32	
29	38	76	2	39	50	96	50	37	61	75	26	26	92	44	65	90	48	77	25	14	11	48	4	77	34	6	55	59	24	63	67	6	90	90	28	80	36	2	88	
69	46	93	48	77	26	84	41	12	37	3	70	64	65	55	20	2	90	29	22	89	87	61	6	28	15	10	63	82	31	95	4	10	66	71	93	76	76	2	37	
70	83	32	96	71	4	5	10	62	72	9	20	22	58	72	53	1	48	89	3	21	68	44	87	90	37	90	50	77	33	84	53	32	42	23	16	31	4	62	39	
23	37	49	69	17	56	32	32	18	98	95	40	76	66	12	7	83	46	5	73	41	10	80	66	86	5	48	37	72	30	55	49	42	77	25	25	68	57	70	79	
62	12	38	66	96	37	20	18	90	58	84	52	63	47	2	70	40	13	24	34	62	41	3	6	59	23	29	8	5	63	9	47	67	83	40	5	1	51	22	22	
94	44	40	6	9	38	85	10	85	5	46	49	4	82	22	48	38	19	30	38	61	63	37	2	19	39	68	82	43	66	32	5	1	81	32	86	45	70	29	47	
38	1	86	53	40	61	25	5	90	46	39	99	7	40	99	97	91	51	2	83	18	66	89	98	1	88	60	10	80	53	62	19	31	59	97	17	44	69	83	16	
52	92	84	44	17	31	70	97	79	63	31	65	18	24	66	52	40	58	41	97	18	88	9	52	84	77	6	15	65	63	96	73	76	88	66	19	97	35	22	17	
27	64	58	49	6	39	26	97	80	59	30	27	7	66	84	52	5	27	89	14	50	82	61	79	38	71	100	10	65	2	52	88	35	78	95	17	87	1	93	16	
37	62	67	48	59	36	2	41	17	90	30	18	53	63	64	60	30	17	10	27	67	44	19	56	90	72	67	22	29	51	92	69	85	16	64	76	25	37	100	22	
34	86	26	91	96	98	96	83	31	45	37	52	87	30	11	16	97	87	9	17	40	31	1	36	10	8	82	87	26	34	16	83	90	42	20	37	72	98	98	36	
11	79	60	31	19	52	45	79	16	71	37	81	31	65	66	77	26	71	60	29	86	78	13	91	2	26	65	84	41	71	80	88	20	20	39	6	49	25	96	39	
91	78	8	97	48	5	59	36	91	4	47	10	65	82	48	32	42	84	92	1	71	14	77	53	99	76	83	56	11	22	4	39	22	39	93	47	9	25	47	70	
58	52	1	75	59	82	40	5	69	94	9	14	62	47	53	100	40	58	3	89	99	74	69	67	92	24	8	42	99	92	22	53	94	67	64	30	35	69	5	26	
28	16	4	20	17	81	69	77	54	55	31	12	50	2	20	99	75	10	46	94	74	96	8	42	57	40	52	84	63	59	83	27	52	47	78	48	13	17	76	17	
43	62	72	67	99	18	80	23	61	48	9	15	61	82	58	78	53	35	59	10	81	94	47	53	55	58	74	56	26	14	22	30	89	16	8	93	24	57	34	44	
27	63	52	13	90	21	15	11	11	93	59	46	66	71	60	34	77	94	12	6	72	89	20	46	33	92	38	26	99	79	24	16	72	86	64	64	59	9	55	83	
47	94	72	30	29	45	19	15	76	11	61	88	99	82	5	43	31	75	67	39	5	1	96	40	46	94	55	76	69	32	79	40	97	25	24	65	20	94	74	56	
95	64	32	92	62	56	77	83	62	89	13	66	62	31	18	69	19	30	72	21	60	32	18	56	12	47	25	86	89	22	11	34	97	58	13	9	19	100	65	4	
92	65	75	76	86	100	84	69	48	52	79	8	40	41	28	78	70	64	26	63	93	90	74	71	99	32	40	59	28	25	56	68	35	76	93	37	36	97	88	58	
77	17	49	71	20	52	98	37	29	83	60	27	56	14	1	45	73	35	26	29	18	68	2	82	32	1	20	14	38	2	18	98	2	31	1	15	81	45	75	51	
70	88	66	78	6	69	62	42	38	23	62	41	24	88	80	66	71	93	87	73	54	18	52	7	7	70	63	9	76	91	67	83	29	36	32	80	7	20	85	4	
8	59	81	78	48	70	65	92	64	15	70	12	17	37	36	12	59	81	12	87	91	54	46	13	89	91	23	97	26	58	92	82	77	47	66	92	28	21	57	16	
6	100	90	93	95	80	74	24	15	25	99	19	82	20	45	33	28	60	81	93	100	28	69	48	26	32	73	68	74	74	20	6	15	24	78	78	95	55	96	73	
19	66	88	68	79	66	23	23	36	20	28	60	5	33	95	18	59	98	74	84	63	49	79	46	61	70	78	29	59	61	64	2	31	74	56	65	76	27	69	43	
26	58	32	94	49	38	47	95	32	4	82	89	78	29	85	40	65	27	47	72	97	87	1	35	67	64	22	76	74	61	65	65	98	3	100	56	12	91	92	29	
85	51	24	31	38	15	19	68	2	26	48	66	58	80	24	80	62	22	50	64	77	16	57	18	3	19	56	100	45	3	30	19	45	78	37	23	30	34	23	63	
38	71	61	3	94	13	76	61	38	41	21	89	25	65	53	4	83	17	68	20	33	75	17	46	97	66	3	75	80	75	35	39	87	44	42	39	25	13	65	50	
On machine	7
1	56	17	79	26	8	84	81	28	77	45	38	33	94	10	72	73	71	84	97	46	9	87	61	83	59	92	30	10	66	91	35	48	76	77	62	59	96	14	51	
83	57	14	76	2	77	88	78	29	20	52	31	92	5	37	6	16	12	22	64	74	81	19	21	58	16	42	94	74	74	99	3	48	86	39	88	71	27	64	24	
5	17	21	87	56	19	7	69	26	4	57	61	50	60	4	26	65	33	34	35	21	45	60	6	39	3	69	28	39	9	40	23	60	72	89	3	5	98	13	25	
43	75	32	41	3	59	98	83	91	90	88	73	25	2	7	11	28	49	27	47	73	7	18	97	75	2	59	21	46	46	33	4	45	40	59	57	4	61	18	13	
41	92	16	32	9	60	19	49	6	15	49	64	78	32	58	24	86	98	20	12	56	60	5	77	70	88	98	91	60	3	3	46	43	51	75	33	35	96	97	6	
50	55	83	29	30	16	82	94	77	26	63	80	83	60	64	35	4	14	18	92	46	48	57	64	77	18	100	62	33	6	71	45	92	5	86	57	73	88	76	13	
88	58	32	93	7	54	39	84	52	91	34	77	75	17	45	65	75	54	4	5	72	77	36	14	48	39	29	96	86	60	52	35	46	7	12	55	15	76	85	15	
9	94	2	92	31	22	94	63	56	90	9	12	24	57	45	41	21	2	29	26	23	40	80	66	97	61	97	66	96	85	54	28	57	76	31	19	98	62	56	85	
93	3	89	69	61	84	81	6	37	52	9	95	70	90	66	93	39	47	34	58	43	95	26	11	94	29	32	100	32	30	16	43	46	40	87	58	27	15	52	1	
2	17	41	79	16	65	37	48	57	33	72	99	18	78	42	32	5	52	1	49	24	41	16	61	27	22	32	93	69	69	98	70	81	1	41	23	57	75	54	51	
59	97	77	17	17	100	37	76	66	17	43	9	71	68	31	51	100	81	27	89	4	56	20	73	90	79	38	69	21	88	100	2	68	52	24	13	78	10	44	41	
1	5	72	88	37	10	90	69	16	84	52	26	52	72	77	83	97	3	35	58	7	65	91	17	29	57	69	45	3	91	53	76	22	40	87	93	90	88	91	23	
49	76	36	79	69	42	62	54	93	66	84	67	20	22	3	92	75	10	77	42	70	40	18	13	96	82	89	66	34	77	57	33	89	8	14	30	47	46	21	95	
83	64	14	66	32	66	5	75	88	47	91	1	53	52	87	33	72	33	32	78	77	50	73	7	13	73	6	86	49	55	4	27	68	72	64	29	51	94	96	62	
8	81	67	76	1	41	39	62	26	4	11	69	62	67	49	29	52	34	36	24	40	30	51	84	58	3	18	58	25	62	5	97	57	100	6	29	97	15	73	46	
46	77	67	8	70	7	95	36	92	68	45	50	24	22	96	20	21	44	73	27	34	80	50	41	82	95	19	15	63	39	96	12	12	44	50	65	85	83	47	14	
35	18	84	37	5	76	69	70	15	56	4	67	29	87	49	4	42	67	94	57	21	33	29	67	87	71	58	41	95	22	67	60	70	41	81	25	91	23	29	49	
78	74	27	13	67	9	82	76	58	59	100	45	64	44	30	73	57	27	67	36	19	49	13	95	77	65	77	86	93	56	29	91	7	43	43	35	72	63	51	31	
98	84	15	98	24	5	19	33	24	63	28	19	55	75	41	14	84	25	55	89	61	23	84	11	46	11	59	96	72	24	58	95	85	34	34	36	97	11	2	39	
80	96	73	52	29	5	97	32	7	98	48	36	77	27	2	73	31	1	95	28	30	57	67	2	29	36	86	79	54	47	57	95	35	21	10	1	42	99	91	11	
81	99	26	29	62	65	88	21	82	13	15	95	16	85	100	42	92	94	57	75	69	52	51	21	52	40	60	28	62	8	94	98	31	21	79	2	76	56	40	19	
38	85	64	93	32	21	75	18	91	21	2	76	48	27	81	53	14	93	90	31	28	9	39	52	97	59	3	21	42	45	21	43	92	26	29	82	19	36	7	82	
94	1	58	30	4	92	1	43	90	65	8	1	82	65	53	19	11	22	72	17	62	99	16	53	24	95	43	59	53	91	69	34	57	93	7	86	53	94	1	27	
72	80	70	65	2	100	24	22	85	54	76	54	30	11	43	57	34	14	48	46	81	6	64	58	20	30	75	22	46	38	61	85	68	65	77	85	37	64	37	69	
54	42	78	27	87	28	81	80	74	19	2	4	21	88	24	86	46	19	34	19	37	83	56	18	5	61	72	16	71	91	2	84	76	47	23	34	5	91	34	28	
83	19	5	58	91	70	73	34	16	9	30	54	52	82	22	72	1	79	12	82	91	45	94	39	57	36	98	34	91	64	39	90	19	62	99	62	12	11	100	30	
98	52	93	69	16	42	91	44	58	4	96	39	23	11	78	91	90	18	35	87	27	66	91	71	28	71	46	6	80	24	52	86	80	11	27	42	29	32	24	15	
29	32	72	43	93	33	20	6	90	8	14	85	27	10	78	89	75	43	10	76	55	80	74	67	70	90	82	47	90	8	40	43	58	26	96	46	66	10	75	5	
59	63	88	52	44	63	89	82	44	81	37	94	36	44	36	47	59	99	20	26	37	49	91	6	37	62	37	68	42	99	63	25	83	14	60	45	34	54	35	33	
6	30	21	11	25	99	72	87	96	87	81	50	76	27	54	31	49	57	74	62	89	83	65	80	3	98	7	86	53	30	24	9	54	77	61	78	60	90	78	60	
49	81	47	90	84	40	100	57	95	31	100	10	83	35	88	72	11	27	87	96	96	100	29	60	97	79	74	13	50	85	72	92	2	43	84	52	41	69	29	42	
27	47	81	29	99	14	36	47	55	52	34	64	96	96	77	17	33	4	83	63	39	75	8	21	63	81	31	71	95	29	5	93	89	10	3	68	82	77	74	71	
35	2	96	4	54	5	64	28	10	59	92	12	6	41	66	70	91	76	73	83	33	18	17	98	5	96	90	5	16	68	29	23	34	40	95	6	39	40	74	53	
2	25	18	4	73	90	16	42	100	80	9	56	45	60	16	25	22	23	44	58	21	86	21	30	93	43	69	84	26	36	60	40	31	57	83	87	22	19	96	91	
20	20	11	22	21	4	51	30	74	86	83	1	17	91	98	6	72	90	66	56	26	90	29	49	39	84	61	5	14	16	69	52	4	100	67	46	58	90	93	13	
15	47	99	16	63	33	73	42	83	6	8	69	18	17	54	88	56	41	68	71	41	56	92	9	92	62	42	94	20	13	78	26	82	15	98	10	20	49	50	14	
90	19	37	2	19	94	1	17	99	9	99	23	98	43	84	30	7	19	79	95	42	61	38	2	3	37	62	59	56	74	63	14	44	32	64	5	49	84	1	45	
35	67	90	6	55	2	93	95	62	66	30	45	98	12	66	87	21	34	86	39	35	58	6	14	19	22	18	53	32	80	39	58	22	44	25	93	78	17	95	4	
90	65	64	5	58	100	81	14	38	1	43	54	65	49	70	70	37	40	70	26	60	94	37	97	34	4	69	58	8	27	27	69	5	20	56	69	3	17	31	64	
72	7	52	80	17	80	39	86	11	79	68	32	60	29	70	83	100	54	25	39	21	65	56	86	79	44	62	63	45	80	93	31	92	63	5	53	5	15	94	19	
On machine	8
4	70	8	79	34	82	14	18	68	39	13	6	97	50	39	68	6	57	15	78	35	28	6	93	94	18	78	9	39	33	6	67	34	54	63	11	16	36	38	24	
74	14	30	65	47	31	66	73	93	18	94	37	95	26	34	44	17	64	24	20	72	10	80	51	71	78	48	32	10	36	5	99	69	8	47	15	61	8	87	47	
71	28	87	98	79	30	6	26	31	100	38	54	23	12	10	4	72	95	60	15	94	13	39	29	99	89	52	91	25	76	46	44	25	62	31	16	16	15	77	30	
18	63	61	43	50	61	58	8	81	69	5	98	11	28	60	45	54	32	9	95	64	51	81	42	23	1	69	43	2	54	31	64	47	100	47	56	43	1	76	97	
94	99	69	50	8	25	85	95	83	53	59	26	6	43	94	59	56	36	93	99	69	6	12	15	78	32	94	55	67	37	10	49	27	98	16	76	38	11	53	11	
86	45	57	12	14	81	80	73	66	96	71	4	85	20	29	57	87	18	78	6	54	28	6	30	15	13	16	42	53	83	5	37	50	4	100	21	58	60	64	67	
83	17	52	42	25	72	50	77	69	95	17	71	8	96	67	15	83	37	27	82	13	92	4	37	17	69	31	45	40	53	97	44	56	78	27	61	30	93	69	11	
10	71	13	48	65	46	94	68	71	33	77	63	9	83	10	19	9	53	38	48	1	3	91	26	53	64	65	45	44	39	12	44	44	61	41	96	100	44	10	97	
43	42	40	48	7	55	47	11	75	75	53	91	17	68	55	44	98	66	80	42	51	23	66	42	28	89	90	74	95	50	7	62	47	8	74	3	5	37	96	89	
15	28	21	32	35	100	92	50	31	53	66	96	2	49	75	22	5	21	27	76	28	40	1	3	18	18	74	55	8	8	4	41	80	48	97	28	41	77	66	76	
79	96	27	24	51	44	84	84	37	58	28	93	51	88	5	44	10	33	53	36	20	10	76	76	76	42	81	40	49	96	69	2	27	76	46	32	56	93	28	9	
38	47	18	49	54	21	90	57	65	20	62	70	84	36	78	16	29	58	54	22	52	83	22	92	39	17	15	34	78	40	7	91	14	74	63	64	92	25	25	30	
44	56	37	85	82	44	76	31	16	21	3	96	42	18	40	27	39	46	74	4	81	15	14	12	83	99	10	62	60	44	73	67	26	88	86	73	60	46	58	7	
37	59	96	16	15	73	99	33	67	31	40	52	33	77	36	30	53	55	80	63	55	44	90	21	49	41	2	58	71	73	42	14	76	12	14	4	34	43	72	87	
82	18	7	49	69	72	57	91	54	50	79	19	77	82	96	26	63	10	16	96	3	22	78	70	37	22	48	11	37	48	58	82	33	56	82	70	30	5	86	53	
1	99	50	83	30	9	72	99	77	100	41	12	16	9	38	9	79	76	66	20	94	97	86	60	52	72	14	53	60	39	30	58	25	90	53	37	53	26	25	73	
51	91	99	24	69	5	60	46	11	32	49	49	46	94	10	79	27	27	69	1	39	59	89	29	83	21	57	98	56	100	59	30	97	34	28	53	96	78	74	13	
65	90	88	81	72	26	48	77	30	64	18	18	83	8	92	6	15	62	77	15	53	81	39	68	15	54	40	52	63	81	7	90	25	91	55	64	86	78	11	76	
20	29	82	72	76	55	62	9	80	21	5	34	57	49	92	66	24	86	57	71	7	62	12	41	26	51	30	10	38	89	76	15	11	74	24	31	9	55	51	10	
60	87	78	37	24	37	70	20	97	3	17	96	35	88	40	42	94	89	74	99	18	56	42	45	1	61	84	27	39	25	3	29	85	15	79	35	5	5	57	5	
94	88	36	41	61	56	31	21	35	2	90	11	12	98	73	36	43	59	50	28	30	5	63	66	12	74	100	39	30	68	98	83	59	62	36	56	95	81	93	22	
50	61	95	87	16	60	94	39	41	43	55	62	14	90	98	73	77	4	14	59	25	67	64	29	92	21	23	88	55	40	27	37	51	7	83	5	28	46	56	54	
22	30	38	62	23	33	4	82	76	16	4	70	87	97	88	35	76	68	44	81	59	65	24	38	42	60	92	6	11	79	43	29	95	43	23	54	64	13	42	10	
85	67	98	48	20	47	65	73	17	48	60	15	99	11	76	18	78	43	74	31	4	76	27	96	29	12	7	67	78	63	31	19	3	84	68	33	60	97	19	99	
73	44	10	34	33	58	100	47	37	57	55	86	44	12	49	36	38	77	69	30	9	78	88	59	83	72	31	29	14	46	34	86	21	49	74	82	92	79	43	47	
77	73	77	77	43	84	4	75	26	15	29	34	37	39	87	88	65	39	18	8	27	22	23	84	92	62	48	99	39	34	9	20	15	3	92	74	77	47	88	94	
87	14	88	2	14	54	66	20	37	68	2	42	79	10	93	66	4	88	73	61	43	42	71	52	18	73	26	47	29	46	22	53	96	33	25	28	59	18	61	13	
47	51	34	99	22	82	80	49	27	10	96	40	44	12	56	45	76	5	57	99	52	84	21	61	16	73	28	31	30	55	62	13	22	86	78	15	8	37	81	99	
86	13	82	76	17	80	56	17	95	71	68	97	67	90	65	76	100	41	34	2	85	42	27	75	52	46	42	91	93	32	87	66	21	61	69	6	72	33	92	31	
68	80	24	75	32	12	59	72	48	54	18	95	21	83	39	38	3	77	79	57	4	11	86	48	32	21	44	68	59	19	11	71	79	16	68	32	39	25	70	39	
51	99	8	61	5	38	11	96	100	99	20	46	70	45	59	95	67	70	68	63	27	47	89	65	92	66	52	32	90	30	26	15	87	41	4	88	39	21	14	84	
86	72	73	59	23	94	49	65	61	91	51	60	64	9	30	28	63	98	8	7	83	14	52	55	82	16	87	24	29	11	52	22	27	99	27	54	67	11	60	8	
39	9	76	26	62	60	99	55	63	50	45	17	56	26	67	27	53	3	16	21	84	38	21	82	37	88	81	97	74	36	25	51	41	87	43	92	13	45	91	87	
85	99	86	59	83	34	15	51	4	19	60	27	16	22	10	80	53	88	43	47	83	36	71	34	31	66	60	60	48	95	95	53	45	100	96	59	72	1	73	94	
55	91	66	23	73	81	74	53	31	91	38	63	43	68	18	85	89	58	48	57	100	71	58	61	39	79	18	10	41	43	43	6	82	84	62	55	7	80	26	47	
15	24	29	7	66	11	86	12	18	82	39	47	5	21	28	35	87	4	8	4	68	73	56	54	12	73	84	36	5	18	8	63	33	28	96	2	4	70	52	3	
40	99	75	57	71	52	41	16	96	84	34	66	75	55	37	19	62	71	17	79	92	76	90	82	32	14	27	72	13	41	23	66	61	44	78	17	6	92	2	90	
24	67	41	50	52	12	8	95	64	66	84	58	96	65	4	66	49	67	91	37	48	75	100	53	10	58	47	86	89	98	70	30	81	8	84	14	56	61	16	31	
74	89	61	83	81	19	76	60	40	82	99	89	39	16	77	5	34	24	95	56	69	14	37	57	68	72	99	76	50	5	5	87	32	72	29	96	47	58	28	29	
13	25	44	12	48	97	49	4	67	31	8	52	67	75	56	38	1	62	99	26	100	73	48	40	65	97	83	39	65	31	44	80	28	1	24	27	76	10	65	19	
On machine	9
31	78	56	28	100	74	38	24	19	91	6	47	8	53	76	16	86	77	63	15	9	78	98	4	32	96	22	52	59	34	39	3	63	66	51	41	31	95	27	17	
79	10	27	23	11	52	17	24	31	39	53	32	53	26	32	79	62	98	27	36	36	78	14	18	27	11	48	79	87	77	91	32	94	44	71	73	17	74	28	21	
52	12	50	58	46	60	46	60	70	34	45	31	52	70	26	50	67	28	83	63	31	84	63	1	26	29	100	11	6	9	60	14	21	7	61	64	35	59	34	55	
64	45	55	18	20	29	40	93	83	78	68	11	32	41	67	35	23	36	49	52	58	38	89	22	65	66	71	52	42	88	86	16	4	70	49	11	54	99	14	61	
94	28	96	41	94	92	25	68	27	14	67	44	56	36	92	51	30	77	11	89	21	38	89	15	69	98	32	24	6	49	39	85	5	19	2	71	57	8	19	75	
24	50	13	31	21	64	36	88	82	70	89	76	65	26	20	72	29	21	19	100	34	39	28	5	12	98	66	15	32	14	92	85	60	9	59	94	77	45	17	69	
6	10	57	43	34	24	21	55	66	2	38	18	60	48	59	17	23	22	80	24	33	29	17	72	29	58	53	7	52	21	28	42	74	44	48	23	64	95	62	48	
89	50	25	56	50	53	71	29	6	19	85	10	42	62	92	97	80	10	92	15	74	28	19	43	77	49	37	44	19	92	75	83	22	12	33	89	66	81	65	33	
44	60	25	52	80	77	47	32	84	80	11	58	10	28	73	52	29	20	13	39	38	58	15	45	12	9	22	57	9	89	68	1	11	54	62	64	35	65	38	69	
95	29	62	13	30	66	99	69	60	19	6	98	30	98	70	28	25	68	62	100	50	20	4	89	29	20	34	89	2	6	15	13	23	53	74	82	40	53	67	74	
87	18	94	83	39	35	24	13	11	94	7	26	31	79	89	69	43	83	56	35	75	38	24	18	29	27	54	75	81	50	76	95	82	30	69	88	45	86	18	65	
43	62	52	71	30	58	72	93	84	42	25	14	20	86	73	86	29	64	18	26	100	16	18	76	68	7	25	3	32	91	91	90	13	57	38	7	92	72	24	34	
38	70	75	98	6	73	96	71	91	83	31	41	79	93	18	14	23	8	12	50	87	13	7	54	64	3	47	2	69	98	49	6	71	46	96	28	73	72	91	7	
34	81	32	19	36	85	55	15	45	2	49	23	36	8	31	28	62	63	13	24	81	99	12	78	44	27	80	74	93	86	50	45	68	57	41	64	92	85	9	73	
15	96	41	73	1	90	81	39	57	46	76	10	15	64	36	99	33	41	34	77	45	37	91	17	19	24	23	7	7	13	85	26	73	39	99	56	47	24	44	93	
54	95	55	90	69	40	9	67	66	55	78	6	79	5	96	70	36	30	16	50	41	40	18	32	38	54	79	92	74	73	29	13	9	99	82	29	1	64	44	32	
95	14	72	63	45	31	8	2	51	66	79	88	58	35	36	29	56	70	18	97	17	19	78	71	34	17	65	60	80	96	20	21	87	65	93	82	28	11	64	60	
51	29	73	21	25	85	96	39	89	91	94	91	49	38	26	87	56	86	25	77	6	87	5	46	99	69	60	65	55	96	63	4	78	58	76	41	15	71	17	97	
18	28	2	90	47	95	2	65	61	14	60	78	86	46	100	34	39	21	69	78	52	31	65	78	90	98	75	81	32	96	79	23	79	34	43	42	21	78	97	21	
51	16	17	22	62	4	100	31	71	30	65	84	49	51	26	11	32	36	70	63	88	89	23	49	96	100	99	95	51	34	63	91	83	48	13	37	12	54	57	60	
43	72	98	14	48	13	95	9	40	33	38	84	63	34	83	27	9	59	97	98	27	99	48	92	64	12	18	46	17	75	23	97	22	34	71	66	15	1	51	29	
30	89	34	100	4	42	94	89	45	50	5	25	99	3	61	86	92	73	75	43	29	4	11	98	98	13	89	35	58	86	66	79	9	79	27	4	69	78	13	15	
21	90	76	25	61	96	73	58	81	14	73	51	36	4	92	35	77	72	78	13	55	33	41	48	2	19	59	82	76	65	26	37	37	67	1	7	39	54	80	69	
1	84	15	26	61	92	35	97	88	24	1	60	16	61	39	6	89	30	88	60	85	52	16	99	49	8	52	13	29	42	43	97	6	14	77	88	66	48	2	86	
78	48	71	4	91	50	16	7	66	12	50	56	94	10	27	98	29	49	14	85	69	51	17	40	36	34	51	25	13	35	51	55	81	69	74	33	98	2	93	53	
53	100	23	92	34	36	64	8	4	67	14	30	94	62	18	4	89	53	6	58	71	14	2	41	51	50	49	71	26	43	49	62	54	39	65	51	4	13	58	90	
23	14	24	19	43	47	91	51	12	86	21	69	75	64	33	58	29	96	37	43	34	89	24	33	92	49	11	21	45	22	5	53	18	82	65	94	93	33	39	20	
4	21	89	43	99	58	22	8	7	19	96	99	16	81	23	18	12	53	10	81	65	27	62	19	9	33	95	90	92	41	98	71	54	56	76	97	53	91	37	37	
65	2	29	28	2	50	77	12	78	87	53	17	8	55	12	30	4	42	93	11	20	46	96	40	2	60	68	13	82	52	8	11	71	42	80	51	29	86	78	97	
42	24	76	76	90	87	99	73	26	87	8	57	32	49	90	50	7	44	21	36	70	85	65	8	8	2	10	82	33	98	46	36	72	12	27	38	58	30	32	19	
57	24	70	64	50	10	31	7	19	26	5	83	1	89	60	26	17	91	86	75	22	60	98	41	91	6	35	15	1	45	78	54	63	47	90	32	64	40	32	95	
68	66	38	97	99	56	75	40	58	56	88	45	40	64	77	72	76	67	35	20	11	56	1	81	93	21	85	25	39	15	68	48	75	61	80	89	55	72	56	78	
7	54	45	71	98	94	56	38	91	34	12	63	80	38	25	16	23	60	21	76	70	96	75	51	80	87	33	69	30	6	6	80	100	81	24	3	49	25	34	65	
52	48	25	85	72	27	71	95	8	44	40	79	63	71	81	4	7	55	83	80	57	25	62	74	84	40	41	88	77	57	71	26	27	29	46	30	18	16	18	98	
62	65	66	31	52	83	83	23	4	90	89	30	1	83	15	96	33	40	24	2	74	79	91	45	71	68	59	39	23	21	11	57	15	86	93	61	15	37	96	73	
34	83	60	59	37	56	57	38	5	68	10	57	32	71	47	63	62	61	93	82	59	49	17	84	52	11	67	95	94	21	72	64	18	7	79	39	4	49	4	36	
77	13	14	61	78	4	14	30	26	86	55	1	70	65	4	11	77	53	12	59	2	53	20	62	60	70	6	74	45	54	5	47	80	10	1	26	13	39	36	20	
80	84	61	98	32	56	64	15	81	100	26	11	58	40	43	41	52	55	17	36	9	54	99	69	32	64	6	56	73	63	14	15	55	14	76	11	29	3	86	22	
42	75	87	41	16	80	9	31	38	86	65	61	12	58	22	23	3	22	81	27	62	17	11	53	77	34	6	43	12	74	53	42	22	83	19	40	98	26	79	39	
49	64	77	49	42	29	71	42	82	5	54	11	88	68	51	49	84	48	6	58	2	96	9	33	6	27	88	96	65	25	40	56	3	93	97	37	18	24	37	76	
On machine	10
81	77	34	45	30	41	23	34	5	97	69	59	59	85	59	69	30	60	76	60	13	78	44	92	70	52	10	87	6	22	8	23	96	37	4	99	2	84	5	94	
52	32	73	12	43	87	6	40	49	1	38	22	74	12	36	34	43	30	47	69	96	60	65	29	43	62	60	75	22	68	44	88	61	11	5	80	85	95	10	84	
9	83	11	65	19	80	55	54	61	19	16	9	25	66	51	60	57	3	79	75	11	21	73	32	84	95	30	95	19	4	64	56	36	42	74	9	86	85	5	40	
26	22	42	41	93	55	2	59	95	17	12	1	93	33	26	86	28	94	23	86	83	56	83	91	15	89	19	34	49	64	46	60	16	79	52	23	71	39	87	54	
33	3	55	83	27	77	30	62	86	16	40	79	82	23	83	75	46	41	82	25	89	37	71	66	72	7	26	53	5	84	96	89	99	98	53	87	79	24	74	84	
38	85	45	3	96	34	36	43	53	93	80	28	54	83	31	26	14	98	17	90	37	43	56	88	9	82	93	44	47	64	40	97	84	24	83	18	69	41	47	11	
76	42	36	56	95	7	74	57	86	79	60	57	16	99	12	27	30	42	71	50	68	13	74	23	8	1	77	49	84	51	47	79	78	63	90	90	34	68	77	89	
16	91	99	16	26	90	46	62	52	39	31	33	50	44	16	35	50	61	59	18	62	64	61	59	72	37	91	72	61	87	75	71	19	45	23	54	54	44	29	65	
81	72	62	53	32	21	65	22	1	16	10	50	59	74	76	83	94	52	30	15	37	71	69	68	32	26	66	95	94	46	98	24	78	86	31	6	96	31	17	22	
74	57	85	66	67	90	40	32	32	3	15	60	94	53	81	54	75	61	75	27	4	8	79	43	26	60	47	80	56	19	64	57	1	81	84	21	14	55	97	96	
26	26	63	82	99	25	1	63	92	51	71	38	49	93	66	75	91	87	1	3	65	20	90	25	66	23	56	34	99	95	52	88	35	98	33	20	54	98	81	65	
75	36	92	45	61	61	43	54	59	62	25	95	79	95	76	48	72	32	56	59	60	98	72	69	76	3	33	16	1	12	95	26	39	99	49	34	80	94	56	97	
39	22	99	48	22	91	30	57	12	23	88	79	31	73	17	45	13	100	48	41	49	28	17	49	85	61	2	90	42	98	15	5	91	15	80	15	89	85	22	35	
99	89	65	10	89	88	44	74	66	86	5	99	78	34	46	26	69	85	20	62	58	65	24	92	59	24	35	82	77	41	50	48	59	66	13	67	78	34	36	94	
11	69	80	58	4	38	47	96	95	8	18	96	9	20	13	88	79	10	44	2	55	78	5	75	44	25	3	36	45	60	73	63	3	60	57	22	78	74	7	81	
27	41	20	78	75	38	76	8	2	4	100	28	61	12	76	80	92	46	80	92	76	5	60	84	60	79	69	91	26	1	78	52	41	69	99	82	44	21	32	44	
33	83	38	43	99	13	46	7	25	23	74	52	57	34	68	8	76	23	55	97	70	33	40	61	40	52	2	58	4	26	66	43	32	94	70	94	83	38	23	84	
21	45	20	58	45	98	25	73	72	92	36	8	7	42	2	76	41	53	57	48	46	71	21	31	79	26	25	31	91	42	79	19	74	55	2	87	100	10	55	30	
88	29	74	20	69	94	99	50	52	80	1	30	99	96	69	83	38	7	38	69	8	63	83	41	1	91	81	83	53	6	47	11	79	83	83	29	55	38	28	13	
33	83	85	79	27	96	43	91	60	8	25	19	86	69	62	52	5	73	96	55	2	77	12	32	27	78	15	100	75	89	79	82	27	11	37	35	34	60	5	27	
19	73	78	27	49	49	5	13	76	58	96	9	85	40	95	57	62	45	69	91	31	12	10	22	68	31	61	74	88	68	46	47	69	20	70	36	89	51	94	61	
52	14	43	18	39	2	99	35	33	88	89	100	4	70	1	11	74	77	10	32	64	87	47	24	91	6	16	58	1	78	79	50	66	12	79	55	76	28	56	92	
48	20	95	81	74	9	26	79	50	57	79	17	8	9	58	76	80	66	45	33	19	91	100	86	98	33	20	91	40	37	58	41	94	61	23	96	25	69	59	36	
56	92	77	97	98	20	18	72	90	38	28	70	9	77	23	83	48	64	28	93	46	78	62	10	53	2	50	100	76	83	32	44	67	70	19	76	19	93	63	33	
55	2	49	75	12	77	46	47	39	98	13	67	80	18	83	40	83	80	68	16	52	39	39	77	17	22	37	22	90	27	90	57	32	47	4	53	3	58	28	92	
45	6	26	80	64	87	65	89	5	34	7	34	45	80	2	29	20	57	71	4	1	43	90	62	1	1	34	8	92	45	22	52	92	97	32	64	87	66	49	67	
87	81	17	73	19	11	40	71	17	18	10	84	46	56	51	78	22	31	90	13	61	86	75	42	29	87	38	18	13	97	34	28	52	76	85	53	74	23	30	59	
64	94	49	64	55	100	54	87	79	50	100	34	95	52	63	58	56	99	32	8	37	80	84	10	78	48	84	26	78	1	11	33	37	12	64	74	58	3	42	83	
7	5	41	41	14	40	91	80	60	66	10	97	97	2	88	36	59	69	25	76	2	20	87	45	67	5	12	44	91	18	51	48	63	21	64	32	42	1	89	36	
47	91	85	82	59	80	97	74	44	50	32	87	59	13	19	99	4	85	56	68	28	85	49	41	23	97	1	77	6	48	88	70	11	55	44	89	100	82	59	75	
37	8	77	7	57	100	65	47	82	99	72	8	43	71	29	6	15	38	93	71	36	80	73	42	97	77	52	79	96	35	82	77	26	70	41	84	80	60	11	89	
94	3	17	91	50	33	15	67	87	56	95	45	34	90	62	60	5	50	20	80	58	59	35	27	19	1	15	99	79	34	73	41	47	30	89	77	27	50	53	32	
42	38	71	29	33	25	98	49	87	9	36	49	40	31	81	57	43	76	39	62	8	45	90	4	71	84	35	53	27	95	25	93	34	44	65	18	9	94	57	47	
50	96	68	44	24	83	49	52	15	8	94	87	93	82	34	88	80	9	76	81	37	28	70	86	5	44	98	40	70	61	4	79	51	24	61	86	35	70	90	70	
67	21	7	48	27	16	69	94	12	91	46	80	83	36	20	35	48	11	37	87	95	77	70	14	2	19	38	100	65	77	52	60	23	74	18	91	74	52	56	99	
85	25	24	74	23	59	8	77	10	28	59	19	33	55	43	38	3	77	67	73	10	71	47	50	23	3	8	86	2	10	82	29	43	9	35	16	90	2	57	62	
29	85	87	60	36	30	12	89	70	33	28	88	1	85	48	85	58	21	8	79	14	37	31	98	48	51	13	56	16	53	52	27	55	78	53	99	60	63	20	50	
43	68	46	35	8	71	50	87	45	44	22	5	83	5	12	29	47	69	73	15	73	27	39	89	29	12	37	58	97	69	11	88	45	34	21	97	1	4	85	1	
48	95	3	71	54	12	31	98	7	48	36	9	64	97	28	46	11	67	64	26	6	89	22	53	53	54	35	90	21	21	74	16	23	75	78	15	4	39	91	60	
49	87	76	91	3	59	23	48	49	26	1	24	21	55	48	8	99	96	14	30	47	77	68	7	42	56	23	72	52	1	17	89	13	87	72	71	32	32	54	25	
