Factories	2
Families	20
Machines	10
SetupType	1

Number of Jobs in each Family
7	8	5	9	3	2	5	3	8	1	9	4	1	4	4	1	1	9	2	1	

Jobs in each Family
0	1	2	3	4	5	6	
7	8	9	10	11	12	13	14	
15	16	17	18	19	
20	21	22	23	24	25	26	27	28	
29	30	31	
32	33	
34	35	36	37	38	
39	40	41	
42	43	44	45	46	47	48	49	
50	
51	52	53	54	55	56	57	58	59	
60	61	62	63	
64	
65	66	67	68	
69	70	71	72	
73	
74	
75	76	77	78	79	80	81	82	83	
84	85	
86	

Total number of jobs
87

Processing times of jobs
4	2	1	10	4	7	4	10	4	9	
2	3	3	2	3	4	3	10	10	6	
1	2	5	8	3	8	1	9	9	2	
5	7	1	9	2	4	6	4	8	7	
8	7	7	9	4	7	10	2	2	5	
3	5	9	2	1	6	2	4	5	5	
7	6	9	9	1	1	6	2	3	10	
7	2	10	6	8	1	4	7	6	3	
4	8	6	10	10	3	10	3	6	5	
10	10	6	6	2	2	9	9	7	4	
1	8	3	8	5	5	4	6	9	4	
7	7	7	10	2	7	9	2	1	7	
3	1	3	8	5	2	8	1	6	6	
10	2	9	10	8	10	9	4	1	8	
9	6	3	4	2	1	6	10	8	6	
6	10	10	7	3	5	10	7	1	4	
8	3	4	8	9	1	4	4	6	10	
8	1	10	8	5	6	3	4	4	8	
5	10	5	2	8	1	2	9	1	9	
9	1	10	9	6	10	4	7	5	8	
8	9	4	1	8	6	6	1	2	1	
3	9	7	1	9	1	6	10	1	8	
4	9	4	9	4	3	6	3	8	5	
9	1	8	2	3	4	3	10	6	1	
8	6	1	2	8	5	3	7	3	7	
3	4	9	10	8	9	6	5	4	7	
9	6	8	2	6	1	10	10	4	8	
3	8	5	6	9	10	2	1	4	1	
2	8	2	9	1	8	7	9	1	10	
2	2	6	3	4	7	6	1	6	9	
8	5	9	7	4	2	4	5	10	5	
10	7	8	10	7	6	3	8	3	2	
5	6	2	10	9	1	1	7	9	5	
1	6	4	8	2	10	2	1	2	5	
6	9	3	6	6	3	9	1	9	4	
4	2	2	6	10	1	9	9	2	10	
10	8	1	1	10	10	8	9	10	2	
6	3	7	10	5	3	5	10	8	10	
5	7	9	9	10	8	6	3	8	8	
8	10	3	7	3	10	10	6	3	8	
2	1	3	8	5	3	4	6	7	1	
6	1	5	1	3	1	2	4	2	2	
6	6	10	9	2	9	6	9	9	10	
3	3	10	3	5	10	2	3	8	3	
4	7	8	8	2	5	6	2	1	6	
6	5	4	4	10	7	10	9	7	8	
10	10	2	10	2	1	9	2	9	9	
9	7	7	3	7	7	5	6	5	4	
7	5	9	2	4	7	6	4	3	9	
7	3	5	1	8	7	1	2	7	2	
8	7	5	9	8	8	10	4	6	9	
1	9	2	3	8	3	10	2	1	3	
5	4	8	2	10	3	1	7	2	7	
10	10	10	5	2	5	1	1	2	1	
3	9	6	4	2	8	2	2	10	6	
10	2	2	3	10	1	1	1	7	5	
8	7	1	6	9	8	7	8	7	4	
1	10	4	8	3	7	4	1	9	1	
9	2	3	4	7	1	8	3	6	8	
7	3	9	3	4	4	7	8	9	10	
10	4	7	4	2	1	2	5	8	8	
7	8	2	5	3	8	9	5	9	4	
8	7	10	8	6	8	6	6	7	10	
3	3	3	5	1	3	7	8	4	1	
10	8	9	9	7	5	1	6	3	6	
1	8	10	7	9	2	9	5	1	8	
3	5	3	3	2	8	4	9	3	1	
8	5	1	4	8	2	4	7	7	6	
2	9	1	3	4	2	10	7	2	10	
10	8	9	6	7	8	7	7	4	4	
1	9	8	3	10	4	5	2	3	1	
8	4	9	8	10	9	2	7	5	10	
4	2	10	3	8	10	8	8	5	4	
2	2	6	1	9	10	7	1	4	3	
7	6	9	2	7	2	10	8	6	4	
5	5	1	2	8	5	4	3	1	9	
10	3	1	9	8	4	8	9	10	7	
5	6	3	10	6	5	3	1	10	8	
1	8	5	9	1	3	10	6	3	6	
1	8	10	9	1	1	5	9	9	10	
8	5	8	2	5	4	6	3	6	7	
7	8	3	9	2	2	9	10	6	8	
10	1	6	1	4	2	4	9	6	6	
4	6	7	9	5	9	1	5	8	3	
4	5	3	9	10	8	6	3	7	6	
8	7	1	3	2	9	6	2	1	1	
9	5	10	5	1	4	4	3	1	7	

Stepup times between Families, where [f][f] represents initial setup time
On machine	1
10	7	7	18	3	9	1	4	13	18	11	6	2	17	7	20	13	17	12	10	
16	1	4	18	20	11	6	15	5	9	14	15	8	16	18	8	3	7	9	7	
9	17	10	18	6	18	20	3	17	11	7	2	19	18	13	20	15	20	1	5	
20	10	16	15	9	6	2	3	16	7	8	3	20	6	4	5	11	3	12	19	
16	3	2	19	18	3	3	1	10	4	7	7	1	8	13	8	8	10	16	4	
3	9	16	3	20	15	12	4	10	16	12	20	14	11	7	6	20	9	15	5	
1	15	8	12	19	10	2	10	10	14	10	11	10	1	14	17	5	18	12	6	
2	4	16	9	5	1	8	10	1	5	10	20	4	1	16	1	3	8	19	12	
1	19	20	3	16	8	14	14	9	17	6	16	3	1	19	14	3	4	3	4	
18	19	9	17	8	3	11	6	8	14	11	11	4	1	4	12	13	8	16	17	
6	15	3	5	18	2	3	16	15	20	10	4	2	15	15	4	4	11	8	10	
6	12	8	11	12	17	4	12	6	10	20	11	7	4	15	14	9	15	10	7	
10	1	5	13	18	14	7	18	8	2	1	18	9	10	16	7	11	17	18	20	
10	15	13	3	9	16	2	2	18	1	5	2	3	19	18	11	8	10	8	19	
5	1	4	1	10	20	4	7	12	15	12	15	5	9	20	10	19	3	3	18	
13	14	20	10	6	14	19	12	2	20	19	18	18	3	6	8	12	6	20	20	
15	17	19	7	16	9	9	19	9	17	4	2	9	3	19	6	3	6	6	5	
16	13	16	4	7	7	6	2	20	17	3	2	5	5	10	12	18	20	8	11	
15	2	3	9	18	8	17	7	11	11	9	9	8	16	19	8	1	15	18	12	
8	15	3	4	1	1	11	19	19	1	17	14	2	6	13	16	16	18	4	17	
On machine	2
17	5	5	13	20	8	19	15	15	9	4	13	18	9	18	15	3	3	8	20	
20	15	11	15	13	13	17	18	8	15	2	19	6	12	9	16	20	15	5	16	
5	19	1	6	6	12	9	6	3	10	10	2	4	12	19	19	8	16	9	20	
13	1	20	5	8	1	15	12	2	8	18	12	8	4	5	7	6	15	16	18	
10	6	5	18	11	15	13	5	4	13	19	13	7	2	6	8	6	2	9	5	
12	3	12	3	11	8	12	7	8	17	10	14	3	7	9	19	6	16	9	6	
8	18	12	2	3	12	3	8	17	17	8	4	17	7	11	8	14	19	6	7	
20	20	1	3	11	1	5	18	16	11	19	17	4	1	4	19	20	6	13	16	
15	8	8	1	18	18	9	7	5	17	14	14	20	3	19	5	9	16	7	7	
13	4	3	19	13	4	15	11	6	15	14	9	14	9	17	7	2	7	4	18	
9	2	13	5	18	9	17	7	5	20	9	13	5	19	8	4	14	5	13	10	
9	5	19	15	17	18	7	7	13	15	10	2	13	18	11	8	9	4	7	18	
11	9	16	8	17	20	7	3	15	2	17	14	2	19	20	13	13	1	1	1	
3	4	13	10	10	2	4	18	6	3	1	5	8	3	20	5	8	11	20	8	
1	18	9	20	8	9	8	15	16	9	20	15	13	19	18	16	2	4	8	11	
20	14	19	1	11	19	12	8	7	4	19	5	15	9	19	7	8	3	9	10	
6	10	20	4	10	20	20	20	15	5	14	20	7	5	4	1	12	3	2	16	
4	8	15	15	5	14	15	9	5	17	1	2	9	15	13	2	10	19	9	19	
13	2	19	17	15	8	13	2	20	12	8	10	17	1	10	5	12	11	3	2	
19	19	1	10	11	14	19	10	6	9	19	1	10	17	4	13	1	15	14	3	
On machine	3
18	7	7	9	6	16	6	17	2	3	18	19	10	1	1	3	7	18	17	19	
1	20	19	9	12	4	10	13	12	11	3	10	19	18	3	2	5	2	4	11	
10	14	7	12	19	16	5	16	6	16	16	17	3	14	17	12	19	1	16	4	
12	6	16	8	5	19	15	17	20	9	20	20	5	17	7	16	9	6	4	2	
6	14	16	18	9	5	9	1	5	18	5	15	18	13	12	11	14	13	1	17	
7	19	13	8	9	18	14	20	1	16	8	1	17	13	17	8	14	11	14	9	
20	10	20	6	13	9	20	19	9	7	3	11	16	7	9	6	9	2	8	15	
13	7	7	12	11	5	7	15	2	7	2	19	7	16	18	12	14	4	4	15	
11	19	14	18	17	4	10	7	9	1	12	18	15	9	6	11	19	14	10	4	
10	1	19	12	7	14	11	9	19	16	8	12	11	16	10	11	1	4	13	10	
14	8	20	12	11	12	5	3	5	5	1	14	9	4	6	8	11	7	11	7	
18	15	8	2	9	10	11	13	1	2	18	8	15	9	6	10	3	19	15	8	
13	12	5	7	15	10	11	6	15	19	9	15	18	19	19	12	5	13	12	1	
8	18	13	4	8	14	11	19	1	17	14	9	12	5	2	16	20	18	5	15	
16	14	3	20	4	19	19	6	8	17	15	14	6	12	1	11	14	13	3	9	
16	8	16	19	13	2	16	3	17	8	10	2	4	16	19	11	19	10	2	17	
1	10	18	5	15	12	20	4	4	16	13	9	13	3	10	2	8	17	14	16	
5	12	12	12	1	13	6	3	19	14	5	17	9	8	2	18	8	18	20	1	
10	2	7	13	7	6	12	9	5	9	14	19	13	3	12	12	7	18	8	6	
17	18	16	9	19	8	3	4	12	10	2	11	13	18	19	9	6	17	9	20	
On machine	4
5	14	14	7	4	15	6	7	17	17	5	8	8	10	14	14	11	12	16	8	
12	5	9	4	12	18	14	5	6	16	19	8	8	7	19	4	2	5	10	20	
15	15	12	19	12	10	13	20	13	9	19	17	10	1	11	12	11	5	20	11	
8	7	20	1	20	6	1	3	15	9	19	20	13	17	2	8	13	6	3	13	
6	4	2	8	13	19	2	6	14	3	1	18	3	2	9	14	19	10	3	8	
16	20	2	7	4	5	19	9	12	3	13	8	5	11	18	12	2	16	20	19	
10	8	12	16	20	1	14	20	4	19	11	6	20	16	3	4	19	9	7	2	
12	11	19	15	6	16	7	14	19	18	11	19	2	20	2	10	14	4	15	10	
12	5	19	2	19	19	6	16	10	15	10	7	1	11	12	3	18	17	12	17	
11	19	4	5	15	15	15	11	9	16	11	13	5	20	8	11	18	15	11	18	
18	17	20	3	12	3	10	7	20	4	15	11	14	1	6	9	4	5	3	11	
17	15	12	13	5	13	6	6	4	18	14	11	14	14	4	10	12	4	3	20	
8	8	6	17	12	18	7	5	1	15	18	20	15	3	16	13	4	6	17	10	
5	19	14	19	6	9	7	1	14	16	12	5	6	8	2	13	6	5	5	10	
6	7	12	15	14	10	12	13	17	20	16	4	18	10	20	13	10	8	5	8	
20	5	5	15	15	2	11	11	16	18	17	3	8	18	8	19	6	6	4	18	
20	16	8	20	5	18	12	1	15	6	10	2	16	13	14	9	19	5	9	6	
8	17	7	5	14	13	11	18	16	13	19	20	13	12	2	13	9	9	18	4	
8	15	13	20	13	6	18	12	12	13	19	15	20	9	19	11	4	2	13	4	
3	5	11	14	1	2	20	7	7	2	10	10	2	19	8	1	12	19	10	8	
On machine	5
8	14	7	14	19	20	16	3	3	15	10	18	7	5	10	1	19	12	2	8	
5	17	15	6	16	14	13	14	20	20	2	8	14	20	15	18	2	2	7	5	
18	14	14	20	12	9	5	1	15	16	2	13	10	14	6	9	2	8	13	6	
1	16	2	1	2	12	8	19	3	9	5	6	9	13	20	9	15	4	12	9	
14	5	10	17	11	1	11	6	8	10	16	10	8	13	6	10	13	4	10	14	
1	18	19	6	9	7	13	2	15	12	10	9	6	2	11	18	2	7	14	18	
11	2	9	14	11	2	6	12	14	1	16	11	17	17	8	16	20	12	9	6	
5	12	13	10	2	5	5	4	17	10	15	1	14	13	2	9	13	15	1	10	
14	7	4	13	5	14	19	13	5	16	16	18	20	8	3	4	19	1	20	4	
16	7	5	6	1	4	1	20	15	9	16	1	3	3	20	9	16	2	7	12	
1	10	14	10	16	13	5	14	3	6	4	6	17	11	6	17	9	1	15	6	
3	2	15	16	15	19	5	11	14	11	9	2	14	4	14	9	5	9	11	13	
17	16	4	5	7	8	12	3	1	18	4	12	12	11	2	16	10	13	11	14	
16	11	5	19	19	2	10	3	12	9	13	12	2	15	2	18	3	16	12	4	
5	9	8	13	18	8	9	5	6	20	2	6	5	20	11	6	17	6	12	2	
20	9	18	4	16	15	4	16	10	13	13	20	10	12	10	14	10	14	11	18	
5	15	5	4	1	12	15	3	18	5	1	11	1	10	8	13	6	4	3	16	
5	9	5	17	15	18	20	18	15	3	13	20	14	12	17	4	5	2	4	19	
20	3	20	12	16	10	1	2	17	7	6	9	20	19	14	6	20	18	20	6	
5	8	11	2	10	10	10	9	12	1	20	2	19	12	15	5	16	7	18	7	
On machine	6
11	2	7	16	5	14	9	17	10	14	3	2	1	10	17	17	16	5	16	4	
6	3	9	3	6	13	16	18	5	15	15	5	19	6	12	9	10	12	2	10	
20	5	1	13	2	4	7	9	4	13	7	20	19	19	12	11	13	16	17	6	
20	20	19	20	5	16	6	7	10	16	1	18	2	3	13	20	16	1	1	13	
3	10	19	2	12	5	16	5	8	7	20	9	16	17	8	19	2	10	9	6	
18	18	14	5	8	16	1	2	16	11	18	13	19	4	15	5	12	9	7	14	
8	8	13	20	5	1	4	7	5	18	13	20	5	14	12	10	15	16	7	16	
13	9	11	2	19	19	8	14	4	7	15	6	8	1	6	15	20	10	16	12	
2	19	18	18	3	20	16	18	18	15	12	18	11	15	12	16	4	11	14	17	
15	11	1	4	20	9	5	17	8	7	8	1	18	16	19	15	8	16	19	8	
2	10	20	15	15	1	1	2	4	20	9	9	1	1	9	13	4	15	8	11	
9	16	11	2	4	15	5	17	17	11	6	1	17	19	2	19	11	19	13	1	
10	14	5	11	14	1	15	20	17	1	5	12	15	5	11	16	8	11	12	4	
9	15	12	13	1	19	4	19	6	13	10	16	6	18	1	6	11	4	15	14	
6	18	5	9	11	18	14	3	10	20	12	5	16	1	20	15	6	3	4	11	
17	11	14	4	9	10	10	19	15	8	8	2	4	14	15	18	4	7	1	10	
7	14	9	16	19	14	9	20	2	5	19	14	6	5	6	1	6	20	8	17	
10	19	7	1	10	1	17	18	7	8	20	14	6	9	14	16	13	8	4	15	
3	3	13	13	20	19	6	6	9	18	3	1	5	7	12	14	8	11	1	17	
2	2	7	2	16	9	4	6	3	5	5	16	1	15	18	3	11	9	1	4	
On machine	7
7	18	3	15	19	2	11	18	18	20	12	12	4	3	13	19	20	18	3	5	
7	19	16	17	2	11	1	17	16	4	1	10	3	14	11	6	8	18	12	5	
1	20	18	19	14	20	8	1	6	20	15	2	19	4	8	20	4	14	16	11	
2	18	4	17	1	12	8	10	5	17	2	10	16	16	7	5	2	2	10	11	
18	4	16	12	6	11	19	17	10	15	5	16	17	13	11	20	2	11	11	5	
1	6	10	10	16	18	14	3	7	15	20	9	13	16	9	16	13	3	19	1	
1	12	9	20	2	3	14	20	12	15	5	8	8	1	4	20	15	15	1	17	
9	17	18	20	2	17	12	14	3	6	5	8	8	20	20	9	16	18	1	8	
14	12	13	6	11	1	8	5	3	12	14	6	16	15	15	12	1	8	3	17	
16	7	8	1	15	7	13	8	3	4	11	13	13	6	10	9	4	4	6	20	
20	19	2	6	17	16	13	16	3	19	11	14	13	14	6	8	3	1	18	8	
12	7	9	19	19	9	15	9	2	17	2	6	12	6	13	14	20	10	10	13	
11	20	20	20	8	19	2	15	10	6	9	15	10	6	15	9	19	17	1	15	
14	8	3	7	13	15	18	14	11	8	19	7	5	13	13	4	8	10	3	7	
18	2	3	17	1	9	1	4	2	6	12	7	10	13	10	10	7	8	7	9	
4	2	12	17	18	8	20	1	14	3	2	3	7	14	20	7	2	8	19	7	
10	16	12	20	13	1	15	19	12	4	6	12	2	8	12	19	13	12	3	16	
8	11	19	17	4	20	3	4	19	3	9	7	9	16	1	14	11	18	10	4	
6	15	12	14	6	10	1	6	18	17	7	4	5	20	5	9	9	13	6	18	
15	2	6	7	11	20	18	3	13	13	14	18	16	13	9	8	19	16	13	6	
On machine	8
1	15	4	18	13	19	2	4	18	18	11	14	3	9	3	12	2	5	12	4	
2	19	1	4	3	14	1	1	1	6	17	10	7	10	17	18	13	9	4	6	
20	9	11	3	1	20	12	1	12	12	19	20	10	14	1	12	2	2	19	14	
12	20	1	11	3	6	20	19	20	16	8	2	2	12	2	6	16	15	9	11	
5	3	15	5	18	20	19	2	9	17	4	7	5	18	17	8	6	3	19	18	
10	18	14	5	8	9	4	14	12	7	14	10	11	8	8	19	5	15	15	7	
20	7	9	11	7	9	8	14	15	17	15	6	12	13	6	10	15	18	16	5	
14	2	14	17	12	6	13	7	3	1	4	11	12	16	15	7	6	11	20	9	
18	8	16	20	9	3	15	18	10	2	12	7	1	9	2	13	8	9	8	17	
13	4	8	17	8	12	13	18	7	6	15	8	19	20	6	19	5	10	11	16	
17	20	6	9	13	9	14	5	1	4	3	8	18	18	1	13	16	3	10	1	
9	20	2	11	11	6	16	8	1	8	8	9	16	14	11	15	11	12	6	2	
5	1	11	1	14	2	8	13	17	2	5	15	16	15	13	15	13	16	19	7	
4	12	19	5	16	15	6	12	6	4	10	8	15	3	15	3	14	12	13	7	
14	19	3	17	5	1	15	4	1	11	8	3	10	6	12	3	20	3	17	13	
14	16	6	18	8	10	1	7	17	20	8	11	4	8	16	15	19	20	14	5	
16	20	16	17	11	14	6	20	17	6	10	1	20	7	17	16	11	14	11	5	
11	6	20	6	13	15	12	12	2	19	16	11	17	18	14	16	4	12	3	7	
2	20	11	1	7	3	20	7	20	15	10	8	20	14	7	15	15	18	11	5	
19	14	6	14	16	20	17	5	4	12	13	17	15	9	18	4	11	15	3	3	
On machine	9
15	5	10	20	9	8	19	19	5	12	20	5	5	8	4	17	14	16	20	15	
20	18	5	9	16	18	15	19	16	15	10	7	9	5	11	2	9	8	5	18	
12	20	4	17	20	7	5	8	6	1	16	15	6	14	11	12	2	1	4	10	
3	3	12	16	1	13	13	2	9	18	1	19	15	4	7	12	16	18	7	12	
8	11	9	4	16	17	3	5	16	15	20	8	7	3	15	13	15	2	3	15	
7	19	14	15	14	15	5	11	6	5	16	5	12	13	7	11	10	5	12	17	
18	5	14	10	13	3	17	15	8	17	18	14	5	1	17	17	10	9	14	13	
13	1	13	6	7	5	10	12	19	3	19	4	13	1	19	15	4	19	7	10	
7	8	14	18	7	9	3	18	17	2	10	7	2	12	6	12	16	10	5	14	
15	20	16	13	12	17	11	4	12	11	1	13	16	5	7	4	3	16	6	6	
2	2	12	13	11	3	3	10	20	8	14	2	6	2	19	5	7	15	14	8	
9	16	10	13	20	14	13	12	3	16	3	12	14	17	1	6	2	14	11	5	
14	4	3	11	1	7	8	7	7	9	11	16	20	20	4	13	14	5	19	5	
11	19	13	12	3	19	9	3	19	18	4	13	10	20	12	2	2	6	7	12	
15	2	7	7	12	4	9	17	14	9	7	20	9	4	14	19	8	13	12	11	
8	13	16	13	8	5	15	2	16	10	7	11	7	13	19	7	17	5	10	11	
9	18	7	4	11	19	16	13	13	9	9	19	19	5	12	1	5	7	7	8	
8	17	5	17	16	8	1	13	20	18	3	13	6	15	12	6	16	15	16	5	
3	4	6	6	8	8	20	10	8	7	3	4	12	18	5	18	8	18	5	19	
16	10	20	15	13	6	17	1	1	10	6	16	17	7	13	9	13	16	19	8	
On machine	10
13	3	20	5	7	13	11	13	14	15	5	13	13	15	20	10	14	10	4	10	
9	7	2	2	15	4	7	16	20	12	15	14	1	1	14	16	6	6	7	11	
7	11	19	2	4	20	16	14	14	15	19	4	16	2	7	14	10	17	8	2	
5	19	14	1	11	3	13	20	12	1	16	19	1	18	20	15	16	8	20	18	
8	2	16	12	2	15	18	16	13	9	15	19	2	15	9	13	15	19	20	6	
9	18	7	6	15	9	13	12	13	9	12	6	17	9	9	6	12	14	20	17	
20	19	10	5	1	19	4	9	14	12	5	17	13	1	16	3	10	6	15	12	
7	2	16	20	15	13	10	1	17	11	11	17	4	17	7	17	9	15	6	13	
15	13	6	14	1	2	15	19	20	6	13	3	3	19	12	10	17	6	1	14	
18	19	11	7	12	18	3	14	7	11	5	2	10	4	20	5	12	2	4	14	
11	5	5	18	16	16	3	4	12	9	20	12	17	4	14	4	12	10	14	10	
13	3	7	20	3	16	3	5	3	15	18	3	15	16	1	13	3	17	14	3	
10	16	17	12	17	19	10	15	12	1	3	9	2	19	9	18	15	13	6	6	
4	2	15	6	10	13	7	7	19	10	5	2	18	9	18	13	19	5	12	17	
9	15	12	8	7	3	15	1	5	11	19	1	9	12	9	16	6	6	12	1	
16	4	12	2	12	6	7	4	5	16	12	13	6	4	19	7	10	12	5	20	
18	6	8	18	18	19	13	1	7	1	7	6	2	1	19	3	1	5	2	12	
2	10	14	20	8	20	9	1	18	4	14	4	5	6	14	8	5	17	18	20	
7	8	2	11	18	10	9	16	8	16	14	3	6	14	18	10	2	3	14	19	
19	12	20	5	14	4	17	20	8	13	10	2	16	2	15	12	19	16	15	2	
