Factories	2
Families	40
Machines	10
SetupType	2

Number of Jobs in each Family
3	9	7	4	10	6	5	10	10	4	8	9	5	3	10	2	10	4	8	10	2	6	7	3	2	7	9	6	3	3	4	8	5	1	1	4	5	8	2	2	

Jobs in each Family
0	1	2	
3	4	5	6	7	8	9	10	11	
12	13	14	15	16	17	18	
19	20	21	22	
23	24	25	26	27	28	29	30	31	32	
33	34	35	36	37	38	
39	40	41	42	43	
44	45	46	47	48	49	50	51	52	53	
54	55	56	57	58	59	60	61	62	63	
64	65	66	67	
68	69	70	71	72	73	74	75	
76	77	78	79	80	81	82	83	84	
85	86	87	88	89	
90	91	92	
93	94	95	96	97	98	99	100	101	102	
103	104	
105	106	107	108	109	110	111	112	113	114	
115	116	117	118	
119	120	121	122	123	124	125	126	
127	128	129	130	131	132	133	134	135	136	
137	138	
139	140	141	142	143	144	
145	146	147	148	149	150	151	
152	153	154	
155	156	
157	158	159	160	161	162	163	
164	165	166	167	168	169	170	171	172	
173	174	175	176	177	178	
179	180	181	
182	183	184	
185	186	187	188	
189	190	191	192	193	194	195	196	
197	198	199	200	201	
202	
203	
204	205	206	207	
208	209	210	211	212	
213	214	215	216	217	218	219	220	
221	222	
223	224	

Total number of jobs
225

Processing times of jobs
2	8	7	10	8	6	10	5	5	5	
8	1	3	7	6	5	4	1	9	2	
9	1	10	9	6	9	2	4	4	1	
1	9	8	2	10	4	2	4	9	1	
6	9	1	10	7	9	5	2	10	3	
1	1	4	1	10	7	6	4	5	7	
6	4	1	3	2	4	5	4	7	6	
8	2	4	5	1	2	1	1	7	1	
1	8	10	1	8	10	2	9	6	5	
1	7	1	3	8	9	5	8	8	9	
1	5	4	3	7	1	9	3	1	8	
1	10	3	9	10	9	7	3	9	5	
4	10	2	4	7	5	8	1	2	3	
1	1	4	9	2	10	9	10	4	3	
9	10	9	10	6	9	3	1	2	1	
2	6	8	6	5	10	10	8	7	5	
10	3	5	3	4	1	2	4	10	5	
2	9	2	8	1	3	6	9	10	9	
2	5	7	1	5	9	4	1	6	3	
2	9	7	1	9	3	3	4	4	1	
7	3	7	4	7	8	4	3	4	3	
8	1	7	2	5	1	9	6	4	6	
1	7	10	1	7	8	2	3	7	9	
9	5	9	5	4	2	1	5	1	6	
9	4	6	7	7	7	7	3	1	1	
6	7	9	2	2	5	7	9	4	3	
2	1	10	5	2	2	3	4	10	9	
1	9	1	8	1	5	3	10	7	7	
1	7	10	6	10	7	1	1	7	1	
1	7	4	9	2	9	2	5	8	2	
8	3	7	8	6	8	9	7	7	10	
2	2	9	9	1	7	10	8	5	6	
1	9	2	2	6	10	6	8	1	4	
9	6	7	8	1	4	9	6	8	7	
7	7	5	9	4	6	6	8	6	2	
9	2	8	9	4	8	7	5	10	6	
10	8	7	10	3	2	7	9	10	1	
3	8	7	1	4	2	8	1	6	3	
7	9	8	9	8	10	4	8	3	2	
4	8	2	6	5	4	3	3	4	8	
7	6	1	8	6	3	1	8	1	1	
3	4	10	8	9	4	4	8	6	9	
2	8	1	4	4	1	1	8	5	2	
7	1	3	9	4	1	1	8	1	9	
4	7	1	9	3	4	10	2	2	10	
8	5	9	5	2	8	5	2	5	9	
9	1	10	8	10	6	1	9	10	4	
7	5	8	7	1	2	8	6	10	8	
8	10	4	4	6	3	9	2	6	4	
9	1	5	1	10	6	8	8	1	2	
9	10	4	6	8	10	4	8	10	7	
9	1	9	5	6	2	3	3	3	2	
4	10	6	1	8	5	2	2	8	9	
10	4	6	6	6	3	2	7	2	9	
8	3	3	1	9	6	4	5	5	8	
4	5	8	6	6	8	2	6	6	10	
5	6	1	5	10	8	6	8	4	7	
4	10	7	7	8	10	6	9	5	2	
8	10	3	9	1	1	9	8	3	7	
8	3	3	2	7	6	1	3	7	4	
6	3	9	8	3	1	3	5	7	1	
6	8	2	2	5	3	1	5	2	1	
3	3	3	1	10	10	6	6	5	8	
3	8	4	10	9	3	4	6	4	4	
8	4	10	7	4	2	6	7	2	3	
6	1	4	1	10	2	4	7	5	3	
2	6	1	4	9	7	1	3	6	6	
9	8	7	7	5	6	8	9	7	10	
1	1	3	10	3	4	2	2	7	8	
8	10	6	10	7	7	5	10	2	7	
7	8	5	2	7	4	4	5	5	3	
9	10	2	10	3	9	5	10	10	3	
2	10	2	3	2	6	10	2	4	6	
2	5	9	3	5	8	7	4	9	2	
5	1	9	9	5	3	7	9	9	8	
6	1	2	8	2	2	9	2	1	4	
6	6	8	4	2	7	1	6	3	2	
1	9	10	10	3	8	3	4	5	8	
7	5	6	10	7	4	2	5	2	1	
6	2	10	7	3	2	10	7	1	1	
3	7	5	10	7	3	5	3	8	2	
3	9	1	8	5	2	5	5	3	5	
1	5	1	8	3	10	9	2	3	9	
2	1	3	10	7	7	4	7	6	9	
4	3	1	2	2	2	10	5	6	8	
1	4	4	9	7	3	9	8	4	6	
6	8	2	7	1	3	2	3	2	4	
7	2	10	4	8	3	8	4	8	2	
3	8	1	7	6	4	8	7	8	10	
1	6	8	10	9	5	5	7	4	8	
3	7	2	3	3	5	8	6	5	3	
9	3	3	2	8	9	7	7	10	10	
10	7	9	10	6	6	5	4	5	4	
2	5	1	8	10	2	5	7	10	1	
2	6	1	8	2	1	10	8	9	1	
9	2	5	8	5	7	2	9	9	2	
8	9	3	5	5	9	8	1	2	7	
1	5	7	3	10	7	8	2	6	5	
5	6	10	9	6	3	7	9	10	2	
6	7	5	10	7	10	1	7	2	4	
4	7	6	8	9	3	6	4	3	7	
5	9	9	5	4	1	4	5	7	3	
3	2	10	6	3	6	1	2	9	5	
5	5	9	1	7	1	10	10	9	9	
8	5	1	3	1	8	1	6	5	3	
1	10	6	1	5	9	6	6	2	2	
3	6	10	1	10	4	5	1	4	10	
6	4	10	6	1	10	4	2	9	2	
5	8	2	8	4	8	7	7	7	8	
8	1	6	1	3	2	2	8	9	8	
6	4	8	4	6	3	10	6	5	5	
6	10	1	1	2	7	3	7	5	4	
4	7	4	1	3	4	1	6	1	6	
3	4	2	5	4	7	4	2	6	8	
8	10	8	6	5	1	3	5	3	9	
3	5	1	9	7	3	6	1	10	4	
5	3	3	3	6	3	6	5	2	3	
8	4	5	8	1	4	9	1	9	6	
8	8	5	6	3	9	1	7	5	7	
3	10	5	4	10	7	5	9	5	10	
8	8	7	8	10	4	5	10	10	3	
1	10	6	7	10	7	10	3	2	7	
7	4	9	1	3	4	5	7	6	1	
7	4	2	8	1	6	10	7	2	6	
8	8	1	1	9	1	9	2	4	10	
1	9	2	3	6	10	9	2	10	7	
4	2	6	3	3	5	6	4	9	7	
10	2	10	4	7	10	9	6	6	9	
7	3	7	7	4	9	9	3	6	3	
8	6	5	4	8	5	3	3	5	6	
3	5	1	4	2	1	1	1	6	9	
8	7	2	3	9	1	10	10	2	3	
8	6	6	8	5	6	10	8	6	4	
9	10	9	10	1	5	4	4	8	4	
6	4	3	9	8	1	9	1	2	4	
8	10	4	3	1	6	6	1	2	3	
8	3	7	2	1	3	2	2	5	6	
5	9	8	10	6	3	1	5	4	8	
2	4	4	5	2	1	3	10	2	1	
8	8	6	9	7	3	6	1	9	1	
9	5	3	10	7	5	8	4	3	4	
1	2	1	6	9	2	10	6	6	8	
2	8	7	8	3	1	1	3	2	1	
5	9	5	1	2	1	4	10	1	4	
10	4	10	2	3	5	5	8	5	8	
9	7	2	7	6	8	7	2	3	5	
5	8	1	8	5	7	2	6	5	2	
2	1	1	3	8	1	6	8	8	10	
9	3	7	7	4	10	7	4	4	6	
5	4	2	1	5	8	7	5	8	2	
10	4	8	7	3	2	7	9	5	7	
6	5	8	3	9	7	6	4	5	4	
2	3	1	6	1	1	5	7	8	8	
3	1	6	5	3	8	10	2	2	10	
3	2	9	4	1	5	5	10	7	4	
9	7	4	8	1	7	1	6	6	8	
6	7	9	8	6	9	8	7	8	10	
2	1	4	3	1	9	2	8	5	8	
5	5	7	5	2	7	7	6	10	1	
9	3	7	1	5	10	7	7	2	10	
9	3	3	9	8	8	7	3	7	1	
1	8	2	8	6	7	10	5	9	2	
4	5	9	3	1	1	10	5	1	5	
3	6	3	9	1	10	4	4	10	2	
9	10	3	3	4	8	8	1	1	5	
10	3	6	1	6	9	1	2	8	3	
4	10	6	6	9	2	1	9	2	9	
9	9	8	8	9	6	7	4	6	2	
6	10	3	4	4	8	4	5	2	7	
10	6	2	8	3	10	10	7	2	4	
8	2	10	6	3	2	3	4	10	7	
9	4	9	1	7	7	8	5	1	9	
8	8	1	8	3	6	7	1	6	10	
5	1	8	1	9	10	8	3	9	9	
2	5	5	9	8	9	10	6	5	9	
3	3	9	4	5	2	9	3	3	4	
9	2	3	2	3	4	9	4	3	8	
7	2	6	9	7	7	2	4	6	9	
9	10	4	9	5	5	1	4	2	7	
9	4	10	2	4	7	2	6	1	10	
3	2	2	1	2	4	5	6	9	5	
4	6	6	9	8	9	7	9	2	2	
10	5	10	10	3	7	8	2	9	6	
2	1	4	2	9	8	6	7	8	5	
1	8	9	1	1	4	3	9	10	5	
10	5	1	1	8	10	10	2	8	7	
2	4	1	3	5	2	5	4	5	5	
7	4	8	3	4	3	5	9	7	6	
10	8	3	6	4	4	2	7	2	9	
9	3	5	6	10	5	6	7	2	6	
7	1	1	4	9	5	1	8	6	7	
9	8	5	6	4	4	4	6	9	9	
5	3	8	4	7	5	1	5	1	8	
4	7	10	10	2	10	5	9	1	1	
10	9	6	3	7	1	2	6	10	10	
5	4	8	4	7	1	2	3	5	4	
3	8	8	6	1	3	6	10	10	8	
1	3	7	9	7	5	3	10	4	6	
10	9	3	6	1	6	10	7	8	9	
1	3	6	10	3	9	2	1	7	10	
10	7	7	10	7	3	2	4	1	5	
10	2	4	4	6	1	4	8	5	10	
6	2	1	7	4	9	10	10	6	10	
7	10	3	8	10	4	6	4	7	8	
7	9	8	10	9	6	1	7	2	9	
8	8	8	5	2	9	2	10	7	10	
9	5	8	4	4	2	2	7	8	8	
9	9	8	8	6	5	8	5	2	8	
9	6	5	6	7	3	10	7	4	7	
10	1	5	7	8	1	3	8	1	5	
4	6	7	5	1	10	6	3	6	6	
7	3	3	2	9	7	8	3	10	2	
6	9	3	9	7	3	1	3	6	7	
4	9	7	8	7	9	4	9	2	2	
7	9	9	4	5	5	9	5	4	2	
3	10	3	10	4	10	3	10	1	3	
2	7	9	1	2	10	10	9	7	5	
6	4	7	3	5	6	5	9	4	7	
1	4	9	2	1	9	5	2	7	6	
1	1	9	10	2	5	3	6	7	7	
5	3	2	9	2	10	5	8	5	4	
10	9	7	6	7	4	3	8	10	7	
4	6	8	8	4	4	5	3	5	6	
8	5	10	4	8	2	8	5	4	6	
4	3	2	9	6	9	8	10	1	3	

Stepup times between Families, where [f][f] represents initial setup time
On machine	1
27	33	31	30	12	48	38	23	27	46	34	31	40	43	8	2	8	23	1	35	45	20	27	2	18	45	16	24	49	34	47	50	46	7	15	17	6	18	28	16	
45	23	24	44	36	23	1	18	50	13	37	30	50	40	2	1	33	43	27	46	6	45	50	30	46	29	22	47	11	24	38	31	47	19	50	32	38	7	26	38	
36	26	22	3	18	22	5	30	38	21	19	32	43	43	46	15	18	49	8	43	41	1	20	47	2	49	18	33	17	4	15	18	3	35	6	34	18	15	6	11	
15	19	25	25	23	38	14	21	47	19	33	42	5	43	24	19	41	15	36	46	22	6	28	23	4	16	24	44	50	29	39	31	11	29	14	10	33	23	22	43	
47	35	41	47	25	31	22	6	6	49	18	8	15	4	4	22	13	7	45	11	40	28	26	42	48	42	10	28	41	2	38	31	46	13	13	25	18	7	22	11	
50	14	11	30	35	24	44	47	9	16	46	16	27	4	13	27	27	12	3	13	10	18	19	40	47	17	35	14	43	17	18	41	5	40	34	1	16	3	42	31	
21	46	37	4	42	35	10	23	43	9	6	34	27	10	25	19	47	41	27	23	4	35	6	15	32	41	43	27	23	29	6	32	15	17	16	22	16	45	35	24	
20	5	1	42	28	29	16	22	9	49	29	43	4	21	6	38	18	43	46	11	9	41	1	38	14	32	50	45	18	44	38	50	11	2	4	22	44	30	9	30	
35	18	18	13	2	31	21	41	11	24	21	25	12	7	27	20	2	28	42	19	16	2	8	9	13	32	22	19	48	49	6	9	9	20	44	18	38	21	22	46	
24	25	47	36	11	44	38	29	46	19	19	15	22	11	36	35	48	15	45	3	8	37	9	40	27	1	37	35	15	48	4	48	46	21	30	50	30	4	23	16	
3	39	3	45	11	24	20	37	7	34	33	46	41	10	13	37	43	33	18	43	28	30	29	32	41	20	2	44	24	4	42	48	9	20	42	44	50	27	36	43	
17	17	1	37	1	34	11	27	25	40	44	49	49	21	49	27	41	11	22	41	22	8	41	11	47	42	38	22	19	42	39	44	24	48	33	28	45	7	35	41	
35	9	41	34	48	39	47	30	35	32	17	17	34	30	37	13	8	1	41	46	43	33	15	34	12	37	14	4	4	9	17	36	29	11	37	18	40	2	13	37	
42	19	1	41	15	34	14	9	48	45	25	39	7	4	22	19	16	14	20	34	4	20	29	41	45	50	33	28	32	28	41	41	7	10	40	37	12	48	27	5	
16	49	48	35	9	19	4	6	11	21	25	15	48	34	29	25	10	11	13	15	45	13	6	18	37	23	37	38	35	1	38	34	36	23	22	3	42	10	40	32	
38	20	26	50	38	13	41	37	17	28	17	40	9	39	43	47	36	42	32	20	25	18	37	5	19	11	31	39	9	24	47	21	28	35	7	48	17	47	31	9	
35	1	36	34	16	39	36	48	18	50	35	26	47	9	43	45	44	1	8	16	40	41	45	5	27	24	35	47	6	49	30	50	44	46	16	38	40	21	5	14	
8	11	22	31	11	31	6	43	41	19	24	42	31	22	40	41	23	44	50	34	8	21	9	45	20	45	19	17	12	14	10	50	43	8	28	12	7	42	30	29	
33	3	22	18	37	13	42	9	19	15	44	9	31	41	41	15	18	42	16	42	8	15	11	12	3	36	20	20	20	14	40	20	22	7	28	5	5	39	46	30	
26	27	46	31	17	43	16	43	19	19	25	8	16	28	21	1	19	25	20	34	45	1	45	26	3	20	42	16	32	9	35	15	34	32	36	44	36	1	50	34	
34	21	5	35	4	15	41	39	8	3	20	3	23	25	11	14	33	26	11	10	39	29	45	33	48	16	18	35	14	17	4	33	17	38	2	50	35	49	43	41	
20	28	32	19	23	36	36	10	17	10	8	49	42	8	12	43	45	13	12	1	43	11	49	43	50	33	42	36	47	17	31	45	34	46	19	13	23	7	26	27	
31	41	8	20	5	50	48	12	17	41	7	10	10	50	24	7	31	13	28	18	6	45	34	30	23	12	48	40	49	50	19	4	37	33	17	19	1	27	10	15	
34	49	50	37	44	34	19	27	44	2	46	13	12	34	30	15	17	34	9	47	4	34	24	21	5	2	17	15	49	26	34	32	45	35	3	48	6	13	44	10	
45	40	2	41	2	36	37	9	33	17	8	5	37	24	6	31	31	44	8	34	27	31	34	2	26	45	34	18	12	33	1	39	44	48	39	33	31	7	4	47	
23	17	21	23	20	50	29	12	25	25	42	9	44	30	49	21	29	9	31	29	30	8	2	37	45	13	37	25	28	27	41	4	8	39	12	20	28	10	47	31	
26	38	9	15	19	3	21	25	6	23	15	34	37	20	39	49	38	23	10	12	17	48	22	27	17	33	14	40	24	48	14	14	49	43	1	34	16	2	23	41	
30	31	29	14	2	11	32	29	34	29	13	14	34	18	24	40	40	38	14	12	34	26	5	42	39	2	28	37	12	8	7	22	43	7	39	20	26	41	43	40	
24	49	47	22	14	36	31	4	32	16	18	29	33	3	33	8	48	6	26	18	26	35	35	40	26	45	41	31	33	6	18	16	11	17	8	19	30	30	26	24	
37	38	34	36	1	39	28	23	15	30	26	34	40	10	30	29	8	19	23	15	18	13	7	16	27	47	22	12	4	13	49	27	50	50	43	6	35	8	10	10	
46	31	19	27	12	49	14	12	30	2	38	43	42	34	14	40	28	37	38	32	35	48	40	16	6	19	9	50	38	15	49	47	1	14	28	14	17	43	44	3	
40	48	16	17	19	13	43	11	39	19	24	17	50	27	42	16	5	39	34	21	30	36	18	35	30	49	31	22	4	2	20	21	36	13	31	45	40	50	5	46	
21	38	50	12	3	10	5	42	22	6	7	28	40	41	47	18	14	26	26	16	32	36	6	47	24	33	16	2	5	3	9	30	4	38	42	22	47	3	10	18	
30	32	36	40	25	16	48	29	41	11	12	3	24	19	19	30	40	28	22	13	26	40	7	10	25	46	41	4	23	16	31	9	9	27	48	47	1	32	4	28	
31	9	46	29	48	8	33	31	30	30	5	20	46	15	33	24	33	23	29	42	7	38	38	1	40	49	43	28	50	5	37	26	15	34	33	15	48	7	22	33	
20	27	5	43	1	29	42	29	7	7	22	48	34	4	26	42	26	40	37	26	32	5	18	32	36	38	49	23	17	37	13	27	12	30	49	25	19	30	42	43	
33	10	41	16	13	6	7	49	17	9	1	36	14	31	24	24	44	17	24	38	4	5	7	45	22	7	37	15	44	2	45	28	33	34	25	4	38	11	15	1	
28	42	25	27	26	29	4	20	40	37	42	38	39	25	37	24	41	38	49	37	29	25	31	43	50	5	18	25	25	5	1	45	14	45	37	10	14	17	36	35	
33	27	21	22	15	37	5	26	8	50	7	22	23	15	1	17	43	40	30	17	7	6	23	44	9	22	16	38	29	5	8	17	43	14	3	13	49	19	37	7	
20	8	34	43	17	16	8	25	11	26	12	7	41	28	21	8	43	11	46	35	22	7	42	27	36	12	10	45	39	25	11	43	39	37	7	43	33	22	26	40	
On machine	2
18	1	34	45	30	40	42	27	7	44	13	18	35	16	46	12	7	12	22	5	46	2	37	50	1	14	22	29	37	13	1	40	39	30	32	27	23	4	50	35	
22	23	40	9	22	25	50	45	27	40	23	21	37	29	36	37	43	31	45	7	40	29	43	43	11	31	15	49	46	17	12	13	17	48	18	7	36	12	34	25	
47	20	46	48	14	38	42	21	24	46	44	15	31	15	37	25	46	20	47	3	1	25	2	44	50	36	29	32	36	16	49	23	12	42	12	48	34	22	11	23	
50	48	42	42	44	9	35	35	6	43	40	4	39	7	26	25	25	31	3	30	45	45	16	50	28	30	14	36	3	25	21	27	24	43	49	38	40	35	11	47	
42	48	47	37	21	21	47	1	44	14	44	3	32	21	45	25	11	21	28	5	22	9	49	32	7	34	9	42	26	31	38	43	21	14	4	1	17	11	9	22	
27	50	4	44	7	16	10	8	28	1	36	4	16	14	11	3	21	26	3	35	18	35	13	29	3	19	2	48	46	36	50	42	34	32	25	3	10	16	10	32	
50	39	21	24	9	16	27	41	39	38	49	36	49	17	36	30	9	24	19	37	1	1	3	44	29	33	21	23	30	7	29	6	46	6	38	26	34	19	2	23	
20	19	20	42	8	29	7	18	22	38	3	37	6	46	43	48	6	35	5	17	44	26	19	43	14	50	44	18	37	32	25	30	42	23	39	2	15	6	33	4	
5	1	35	19	11	12	30	1	5	25	10	7	11	21	3	50	12	20	31	7	41	39	28	23	40	45	35	29	49	30	2	4	10	23	19	36	29	15	28	4	
41	28	41	43	49	43	43	38	27	17	45	49	15	13	39	46	47	37	36	3	2	19	46	43	7	8	47	8	19	29	19	2	13	16	40	6	42	25	33	30	
8	20	22	2	5	23	11	24	35	26	10	33	47	19	43	4	41	30	8	16	32	20	39	44	24	46	15	45	30	11	6	18	30	42	28	17	20	35	14	18	
12	26	29	15	45	44	28	24	37	8	18	28	47	22	9	38	10	2	47	26	35	35	48	3	47	29	39	1	11	1	40	47	25	50	13	41	24	8	38	20	
28	28	23	25	24	37	6	33	17	6	35	7	5	5	30	44	10	40	11	18	10	20	30	24	19	25	42	3	7	21	31	9	12	27	28	41	31	45	42	35	
38	42	1	23	2	19	30	8	10	37	22	24	8	23	18	48	15	9	44	39	40	43	33	38	12	21	20	35	35	12	15	39	6	29	15	30	44	18	22	34	
21	12	40	48	10	8	34	44	46	11	34	42	36	2	24	41	48	29	9	22	27	50	44	17	38	31	21	41	1	12	9	1	27	37	50	44	30	6	15	45	
24	23	49	47	50	5	19	11	37	15	21	27	30	40	33	46	40	31	33	11	16	25	39	50	5	22	21	23	45	9	19	24	3	17	45	45	33	10	8	31	
18	9	5	31	40	6	22	43	50	27	12	1	28	31	50	40	12	21	30	34	9	45	4	45	38	50	12	2	27	25	9	6	45	12	47	22	37	30	40	19	
18	16	31	32	40	18	1	24	17	4	37	4	25	42	49	45	38	24	31	23	26	18	1	21	19	48	49	27	25	50	1	39	35	8	42	46	28	42	36	14	
47	11	40	48	16	42	3	19	45	11	48	41	29	47	11	11	30	32	37	50	36	12	23	27	39	33	39	28	34	23	17	23	12	27	38	23	40	1	18	34	
44	45	33	23	49	12	41	41	37	23	20	37	50	19	23	30	46	34	32	32	27	31	45	12	28	18	2	42	32	43	18	19	32	12	39	32	45	35	21	44	
3	29	48	1	24	28	28	3	18	2	36	11	36	32	23	10	12	20	9	11	18	25	9	39	17	29	42	37	17	31	10	15	24	27	33	37	7	13	15	41	
10	47	35	35	4	46	43	8	3	31	31	39	41	15	18	35	36	44	2	31	32	20	48	40	39	42	14	7	30	9	25	46	40	42	15	17	47	40	29	1	
23	1	34	30	50	2	47	21	1	38	16	46	13	14	47	42	49	45	48	1	15	20	31	46	2	9	35	44	33	42	12	42	19	10	16	26	43	39	44	20	
43	43	18	7	46	47	37	2	48	23	11	18	33	32	48	7	4	4	4	28	22	2	40	43	17	4	31	44	45	26	46	27	11	22	43	27	15	31	1	45	
45	32	31	10	46	27	49	21	29	13	4	2	30	16	33	3	40	28	17	43	41	49	47	13	41	1	35	29	45	14	46	32	25	27	41	4	46	5	9	37	
26	6	33	40	43	30	29	32	1	44	18	2	29	36	36	3	40	44	50	42	7	4	10	19	48	40	11	18	21	34	42	9	15	1	44	29	2	37	19	48	
46	44	10	28	34	23	30	16	49	42	3	1	18	49	3	17	43	23	13	48	34	42	12	18	21	50	45	23	48	48	50	38	14	3	27	17	9	39	28	11	
34	35	10	19	4	39	7	8	10	43	2	39	29	30	5	17	19	35	10	37	46	5	37	33	20	15	38	4	38	14	34	19	39	50	39	12	39	1	3	39	
14	33	28	36	8	38	6	35	21	4	1	24	24	33	13	5	27	2	46	34	46	42	19	15	38	43	45	3	39	23	28	8	14	40	3	15	22	31	42	5	
14	8	35	47	37	22	49	48	23	18	26	8	22	35	10	43	13	19	5	10	49	15	22	4	48	27	44	34	32	20	39	36	28	39	47	43	21	26	38	49	
28	18	40	19	14	1	37	10	46	32	47	6	41	29	43	10	47	40	23	38	8	28	13	13	8	13	9	19	21	3	5	18	5	8	2	48	50	34	48	9	
9	20	19	3	35	21	3	45	21	41	31	29	1	14	48	7	25	4	45	10	10	21	31	2	43	38	27	18	21	24	12	9	4	33	7	6	9	43	36	8	
41	41	46	34	22	4	45	33	43	42	17	26	24	34	18	46	10	11	7	26	10	11	1	19	47	9	31	26	22	15	25	17	26	14	12	4	45	35	12	47	
41	2	38	12	44	11	50	45	7	43	10	11	27	17	23	25	44	45	48	49	44	22	9	49	34	4	32	46	21	44	43	10	42	7	43	41	42	32	36	6	
7	2	49	1	49	15	39	13	13	41	37	32	19	46	30	20	6	49	42	27	28	39	17	23	12	17	4	10	7	34	34	26	12	18	37	31	9	39	30	2	
22	12	28	27	7	37	48	40	9	25	48	35	25	21	33	49	31	19	27	40	34	32	24	6	21	23	24	10	4	26	16	12	28	6	21	41	45	9	44	6	
21	34	25	33	45	24	29	19	4	35	6	40	35	38	39	10	45	12	44	21	40	45	49	22	4	2	4	6	16	8	38	27	35	16	39	25	38	18	25	27	
16	3	5	29	13	32	47	35	20	46	5	7	21	45	21	19	13	28	48	25	44	16	14	31	16	38	36	6	27	1	48	18	32	41	21	1	49	45	19	43	
47	5	49	31	46	25	42	30	1	10	32	11	2	25	31	4	12	6	35	28	16	39	42	34	7	19	27	35	5	36	1	49	17	32	37	34	38	19	7	40	
20	26	50	1	37	31	15	25	32	34	9	32	36	31	23	20	11	37	11	5	34	49	35	27	22	1	34	42	20	4	35	6	41	3	20	38	13	8	46	13	
On machine	3
10	6	50	1	14	5	43	30	42	12	49	45	21	25	2	39	42	38	28	10	38	30	12	12	21	27	44	8	49	17	7	28	45	22	2	10	19	6	39	9	
27	24	36	6	42	24	22	23	8	31	19	49	37	38	28	29	18	25	43	50	13	48	33	17	30	30	46	22	1	33	36	24	33	22	40	35	21	2	14	10	
9	20	20	26	4	26	41	21	1	18	11	30	18	23	16	7	33	26	36	11	4	24	12	19	42	21	9	18	9	15	22	50	14	12	5	50	21	3	30	27	
15	26	8	6	37	46	48	43	5	22	6	18	18	43	13	25	33	13	18	29	35	33	36	20	17	23	40	36	18	25	12	41	48	21	17	39	2	25	7	32	
22	14	50	15	39	28	7	16	43	46	25	5	6	12	39	19	26	42	42	41	16	3	22	30	39	37	21	36	30	11	7	18	39	29	9	30	33	21	15	5	
20	26	39	18	7	36	31	39	11	20	15	28	50	41	31	41	49	42	26	6	26	23	19	21	23	25	15	44	4	29	43	50	9	1	10	1	50	25	16	30	
19	39	47	20	15	46	48	4	4	21	40	18	8	11	12	18	16	12	34	34	2	6	1	10	17	24	4	43	27	46	48	12	40	50	35	43	33	38	36	26	
41	21	22	16	42	44	30	27	43	12	37	48	43	37	2	38	8	37	10	39	43	13	6	13	46	2	22	34	24	6	40	39	41	26	4	14	3	20	49	21	
37	17	45	8	48	46	11	45	14	29	50	44	45	11	17	40	33	26	28	36	50	32	29	50	28	15	20	22	13	37	34	17	28	14	20	45	38	32	50	14	
6	40	20	1	7	3	33	18	30	15	35	48	19	6	7	3	41	34	24	35	32	25	3	4	21	6	40	11	7	31	5	36	22	23	13	13	34	17	38	48	
39	17	3	11	19	6	50	1	44	45	3	43	40	14	10	29	37	15	20	19	16	8	5	28	4	12	17	3	9	35	20	8	10	43	4	40	12	36	47	23	
33	8	20	10	40	48	44	29	36	8	48	1	50	29	42	44	12	30	32	23	24	32	6	45	21	35	1	24	6	25	34	34	30	17	36	4	48	21	15	31	
28	37	10	21	43	41	16	47	31	23	31	10	2	20	39	50	11	37	11	9	7	20	7	11	16	47	50	49	43	10	4	39	16	2	15	24	34	26	45	8	
25	42	5	14	26	38	37	18	45	37	34	30	30	3	19	36	37	4	1	36	46	39	45	44	29	1	9	19	29	45	50	38	5	3	4	23	6	14	32	6	
18	11	8	18	50	17	12	32	49	13	8	1	23	49	22	45	30	16	40	4	11	24	22	38	22	39	40	46	32	5	46	8	22	15	26	20	24	6	27	11	
19	29	46	45	39	31	26	49	18	27	7	15	23	11	24	17	42	42	17	6	39	47	18	9	23	17	14	29	32	14	12	46	44	38	30	7	47	5	33	7	
29	12	18	33	3	28	33	42	42	28	37	43	22	48	30	19	34	41	4	12	20	49	29	47	46	14	22	50	49	9	37	2	19	2	10	10	20	19	36	35	
43	39	28	26	4	26	24	24	30	38	29	42	43	37	33	1	30	21	8	29	10	32	3	1	31	5	29	23	49	6	2	45	27	5	50	43	21	36	3	11	
11	26	27	48	20	33	28	49	41	47	43	5	19	5	35	21	44	30	5	23	32	47	22	42	5	14	2	14	22	44	36	15	28	39	38	19	12	25	22	9	
35	25	50	13	46	16	19	24	20	20	5	49	20	29	21	40	50	28	49	40	44	1	31	39	36	27	21	33	25	36	44	4	37	36	8	30	38	14	16	9	
18	31	15	36	24	22	13	22	46	18	14	4	9	7	46	48	23	38	7	25	45	3	8	50	39	30	31	22	20	49	18	18	1	21	41	21	36	14	48	33	
20	26	21	23	48	13	11	26	20	18	28	22	18	42	32	16	6	20	33	12	44	17	6	33	33	11	44	1	24	39	43	40	47	20	28	10	19	45	42	19	
38	15	4	39	18	9	37	2	3	18	22	32	28	32	32	27	39	20	36	48	19	31	7	36	27	24	34	17	11	37	7	44	13	8	25	19	49	34	46	41	
18	38	50	20	13	26	16	13	2	4	31	5	12	42	31	33	24	38	20	16	5	16	30	45	28	7	33	43	25	19	21	46	6	20	15	39	4	23	31	13	
20	14	34	7	8	34	25	37	13	32	9	10	45	9	35	35	10	38	21	48	20	27	24	48	10	28	9	8	34	37	39	36	15	50	14	13	35	41	5	48	
45	6	36	5	19	10	18	39	15	42	40	50	6	21	7	26	26	35	1	21	13	43	1	34	10	46	49	24	5	26	25	31	19	44	48	14	10	28	25	4	
9	47	42	14	14	17	4	10	18	31	24	46	13	49	3	2	18	2	33	11	22	17	3	3	41	11	4	42	48	5	27	17	5	9	13	23	21	24	5	7	
26	7	20	6	20	12	45	4	14	30	30	23	1	41	33	9	35	21	5	50	19	47	25	24	42	48	30	40	14	38	38	13	49	2	11	3	8	7	34	31	
3	12	42	34	20	29	41	14	47	4	34	9	25	10	31	44	39	3	35	42	11	1	31	18	1	36	28	24	21	20	30	14	15	11	21	35	33	1	24	48	
3	6	15	11	13	14	17	35	22	28	12	12	38	23	16	45	20	31	3	34	9	23	43	42	12	3	45	30	6	21	49	49	43	21	6	23	40	15	34	16	
35	25	24	39	2	42	11	19	27	3	2	36	50	21	8	26	49	33	22	15	4	42	22	2	15	41	35	3	22	15	32	11	30	31	29	36	20	18	23	11	
18	6	14	7	38	29	41	4	7	44	16	21	31	21	31	25	29	28	31	32	41	48	29	17	35	10	15	26	37	22	25	26	36	38	47	2	41	19	48	1	
14	10	11	25	37	14	3	49	27	21	14	16	39	17	50	7	28	14	25	3	25	8	47	16	14	17	11	10	37	6	20	35	45	7	10	25	20	42	18	9	
40	11	2	18	18	18	37	45	45	39	6	36	22	29	19	49	4	6	21	35	20	38	19	32	33	37	34	7	19	23	42	48	47	4	22	43	43	36	36	32	
16	1	42	18	8	6	42	46	29	3	43	30	43	13	42	5	22	26	13	38	5	43	26	49	39	23	15	16	21	34	14	12	3	11	19	48	37	21	38	37	
28	4	30	30	23	47	38	29	21	27	7	38	41	2	46	40	18	4	13	40	25	9	23	22	8	50	25	17	47	28	47	39	16	21	40	4	32	34	32	16	
47	41	49	34	49	36	24	32	28	49	32	7	36	4	32	36	31	10	18	8	4	6	13	17	19	14	33	31	13	18	28	4	46	24	41	44	35	23	7	33	
28	44	7	48	50	33	39	19	32	4	47	24	30	38	15	18	27	9	20	32	11	29	19	20	28	23	23	28	14	32	27	22	21	6	46	40	1	39	34	30	
18	4	39	47	49	6	38	19	23	48	3	34	6	8	36	18	28	24	18	17	11	39	1	19	4	19	41	26	25	11	50	46	22	2	34	12	40	21	16	2	
2	8	32	38	19	47	13	21	43	25	40	20	14	41	35	3	35	14	4	13	49	45	23	42	20	6	34	14	14	13	9	22	35	7	30	1	16	19	34	45	
On machine	4
18	40	1	35	38	35	35	25	36	6	34	46	14	44	39	44	39	4	46	36	10	8	23	45	8	4	6	23	12	33	40	18	20	49	4	30	44	11	14	26	
37	23	16	44	35	16	5	5	10	19	18	3	26	32	39	41	17	2	38	43	10	41	39	33	17	17	3	4	20	13	2	41	49	30	4	32	26	15	34	49	
15	1	28	32	40	29	4	35	2	39	42	42	30	17	11	49	33	18	21	27	35	49	14	42	25	4	26	13	27	45	39	47	11	23	9	14	25	21	22	18	
47	33	36	21	19	46	21	26	43	49	4	22	14	27	8	10	50	4	8	11	23	43	1	39	48	34	3	42	32	16	15	46	50	19	40	13	16	13	36	32	
44	1	14	26	49	2	38	16	49	5	13	39	27	25	11	20	9	36	28	41	22	36	41	19	20	12	29	32	23	38	31	14	30	50	18	28	23	29	47	39	
12	1	44	38	48	42	6	33	35	10	47	21	19	4	44	12	10	14	14	7	22	2	10	38	10	20	20	45	33	30	49	15	9	49	5	19	22	13	13	21	
28	7	5	17	23	36	39	22	49	22	43	36	22	5	37	11	33	15	26	50	35	6	26	38	46	19	20	21	29	50	11	39	5	6	20	6	34	6	43	5	
49	50	48	44	42	11	42	16	27	27	11	4	15	45	31	8	19	1	15	3	31	18	50	15	41	20	44	21	40	44	44	40	29	10	17	45	15	34	9	26	
17	7	23	47	4	45	38	15	9	15	36	34	28	32	48	14	40	45	17	37	45	20	34	13	5	30	39	10	48	38	26	4	36	27	26	4	43	40	3	42	
31	47	34	40	22	1	13	49	3	8	45	17	31	32	4	36	22	22	7	20	15	33	17	3	50	20	7	46	37	47	39	13	7	49	46	36	39	38	16	15	
38	35	43	2	36	46	20	41	33	28	19	26	30	29	22	2	31	6	35	46	47	12	12	21	41	21	10	28	15	37	38	37	4	36	8	4	18	43	48	4	
6	24	7	7	38	5	9	3	34	18	6	5	19	48	5	21	49	15	20	50	20	21	45	30	46	1	10	24	8	1	7	26	34	17	23	13	44	33	25	49	
40	20	46	12	39	35	8	8	20	28	3	35	47	18	3	13	14	4	3	9	15	48	37	27	25	13	38	1	16	20	7	5	6	10	37	34	6	18	11	17	
26	24	27	16	35	48	50	31	11	35	10	8	44	30	31	22	30	19	14	37	31	27	44	44	37	21	13	41	15	7	43	5	13	50	8	43	19	3	28	23	
23	46	45	48	27	39	35	16	44	4	43	46	30	4	28	33	49	13	44	28	20	44	50	41	28	1	3	8	11	35	28	29	29	9	20	26	26	17	13	17	
41	22	8	6	31	41	23	25	50	47	40	13	38	22	31	12	40	39	20	48	17	50	1	16	38	45	2	17	30	38	36	49	6	11	10	38	47	25	42	49	
31	17	9	10	14	12	28	35	47	42	36	3	24	50	29	27	17	2	31	16	24	26	24	34	4	36	5	37	1	39	22	43	5	2	33	50	38	6	25	14	
30	33	33	20	11	37	48	41	30	16	27	46	35	19	37	6	7	46	47	5	29	37	18	32	36	22	28	42	26	7	3	26	41	37	45	5	20	28	15	31	
19	3	37	19	4	24	2	24	38	45	35	1	30	2	35	16	45	39	15	33	11	5	24	42	1	30	25	6	20	23	40	28	6	27	36	18	49	41	34	34	
10	10	29	25	27	32	6	6	1	6	47	16	46	50	36	5	35	33	49	25	26	36	1	17	35	18	12	4	32	41	34	27	15	25	49	18	24	25	24	32	
48	28	22	1	20	28	27	48	1	34	9	38	30	31	33	42	36	26	47	44	14	9	22	29	41	50	31	10	37	29	26	1	9	29	32	8	46	25	34	13	
18	5	2	16	19	40	20	6	28	10	1	29	44	46	6	46	37	47	12	24	9	6	47	42	5	42	10	17	46	23	50	15	49	30	12	50	26	23	17	16	
28	14	46	6	6	31	14	35	46	44	5	39	43	50	29	43	46	21	44	11	26	36	3	26	33	45	7	23	11	8	18	37	29	16	45	14	6	50	24	19	
9	35	7	40	24	5	32	15	10	49	20	19	33	14	11	25	24	2	28	25	29	6	49	46	3	5	47	17	49	14	21	18	6	26	31	22	42	34	2	26	
14	10	29	36	10	3	5	18	36	16	17	35	45	24	43	2	1	43	38	50	19	2	25	50	50	44	48	19	7	7	6	19	23	38	3	39	46	32	9	48	
12	19	35	10	5	40	18	30	17	20	20	8	38	46	24	22	30	43	13	22	17	33	46	28	46	45	4	8	21	45	29	16	3	26	33	9	50	7	27	23	
41	22	4	24	48	21	46	46	32	46	1	14	34	21	46	42	4	44	17	47	13	36	28	50	43	50	46	5	26	33	30	18	43	4	16	41	46	21	18	43	
49	24	41	34	14	5	47	26	11	17	14	19	28	31	18	29	9	3	12	38	18	40	1	7	16	4	38	8	29	36	42	42	39	47	49	44	27	45	28	35	
45	40	50	26	14	38	1	11	36	13	38	9	45	46	7	23	36	8	35	48	17	43	16	44	39	19	25	34	17	22	39	14	45	24	21	13	35	48	46	29	
42	6	3	10	11	24	46	43	3	19	31	8	28	30	49	26	44	39	6	48	44	7	48	17	8	11	39	13	46	16	28	3	38	42	23	38	11	4	6	12	
50	17	30	9	8	20	30	37	14	8	2	4	42	20	8	35	14	45	7	33	16	14	21	44	47	12	30	1	39	41	11	37	18	38	27	47	14	17	5	2	
33	42	7	11	23	24	47	39	18	46	25	40	6	47	25	39	17	24	11	10	30	32	34	47	27	12	49	39	30	26	38	19	50	38	16	3	33	5	7	18	
37	40	35	21	40	17	4	47	28	16	26	18	15	43	8	47	26	21	50	12	2	31	14	27	26	28	14	21	23	41	38	4	35	15	44	9	5	26	44	21	
3	9	33	21	20	40	29	29	22	28	46	49	39	34	21	36	30	42	5	43	8	14	21	5	33	7	18	22	29	26	16	32	45	25	27	36	16	49	19	12	
37	8	45	43	10	19	15	36	43	22	46	29	48	20	29	49	35	37	21	21	38	15	15	31	15	50	29	21	34	36	50	36	21	27	3	39	29	2	24	50	
11	48	28	20	16	19	34	8	20	25	4	27	4	9	35	24	22	2	40	43	18	41	11	21	3	10	35	10	4	14	43	17	22	44	32	7	41	7	48	25	
29	35	40	45	24	6	24	22	18	32	32	26	7	12	15	20	34	13	38	4	24	18	41	9	25	22	8	30	37	27	33	20	32	37	39	12	4	37	34	30	
33	6	31	33	50	22	28	48	35	48	32	22	21	30	4	42	49	2	39	7	41	19	22	18	42	45	9	49	2	30	20	25	44	38	17	19	9	45	34	11	
49	35	21	43	1	9	4	39	17	11	35	47	3	40	37	19	38	39	36	37	17	13	21	10	4	13	4	45	22	23	21	33	48	14	28	16	40	33	35	14	
45	35	18	34	4	15	46	31	2	19	18	50	40	46	19	42	9	7	29	32	8	44	12	21	18	42	49	50	19	12	8	22	13	30	33	37	31	48	28	49	
On machine	5
39	29	25	47	29	21	24	4	24	34	12	21	28	46	37	33	6	35	32	46	33	6	22	40	13	14	48	7	2	11	28	30	36	47	35	14	33	48	22	38	
32	38	47	13	25	17	40	18	35	32	26	25	18	3	47	3	27	43	29	11	16	23	12	4	35	50	38	14	29	33	48	23	17	29	44	34	48	9	22	19	
40	34	3	18	13	46	21	22	5	13	29	12	46	35	46	37	35	14	34	13	25	33	43	31	42	34	32	31	27	24	4	33	35	23	19	30	9	39	36	44	
5	12	42	11	42	1	21	10	14	49	21	35	6	33	20	42	10	42	49	43	22	47	10	33	30	18	35	5	50	35	1	14	11	5	28	19	38	18	27	37	
11	9	20	28	48	25	20	5	7	11	13	33	2	24	46	46	11	32	44	30	17	9	18	28	7	6	16	36	41	38	44	45	9	4	2	17	30	26	12	17	
44	48	33	20	14	41	29	29	40	14	34	30	26	7	3	23	16	45	8	33	4	23	16	33	38	3	47	30	33	22	33	25	26	41	50	1	18	26	39	8	
47	25	5	4	16	19	25	30	45	36	7	45	44	39	30	4	39	27	15	37	23	13	20	24	23	26	14	25	1	11	14	50	1	45	31	29	26	9	10	34	
9	5	3	23	34	30	21	41	10	30	21	18	7	17	48	10	15	23	5	2	28	6	24	47	19	17	2	34	50	45	1	14	16	16	6	50	32	26	31	13	
4	15	3	6	5	48	49	23	25	18	44	13	9	39	10	48	44	19	31	8	49	23	12	35	6	9	45	43	18	35	38	15	6	30	15	43	32	39	1	43	
6	27	39	17	35	39	20	29	48	27	17	33	43	25	25	42	30	44	36	29	3	20	2	1	6	11	16	31	49	34	8	5	40	50	14	43	34	28	34	18	
49	29	28	8	47	48	11	16	15	11	33	27	44	19	8	26	33	6	16	26	9	30	23	6	34	4	31	48	23	49	34	19	40	1	20	14	4	18	44	46	
17	35	5	12	7	42	25	43	14	47	49	41	42	6	5	29	25	1	39	23	21	44	30	47	30	31	32	34	20	15	47	12	21	36	47	48	39	27	44	23	
1	28	46	30	12	20	48	1	30	5	41	23	46	16	43	50	18	41	44	25	10	15	18	3	38	4	37	42	43	48	38	17	28	31	15	42	7	16	50	36	
23	46	41	9	11	37	16	7	19	1	2	22	35	8	23	30	44	23	23	25	39	7	4	44	5	1	11	11	7	2	27	10	10	34	31	12	7	30	48	1	
37	30	7	30	1	20	45	44	22	47	5	16	24	42	25	17	19	46	12	14	12	18	16	2	23	45	23	42	34	11	5	40	44	46	47	46	27	23	42	22	
21	42	7	44	5	6	34	40	4	11	48	34	42	5	25	18	24	7	30	30	40	49	7	22	19	1	12	41	38	8	22	13	15	44	18	44	16	30	38	22	
36	3	36	14	13	33	12	19	17	43	37	31	1	12	45	18	21	9	43	11	44	45	10	42	7	2	49	43	40	34	43	29	24	28	30	35	25	40	42	24	
21	10	30	24	18	1	45	25	20	36	39	41	28	3	41	25	44	46	48	7	34	49	13	6	49	12	36	2	33	27	46	10	13	48	19	48	5	28	1	31	
15	46	50	40	4	37	14	47	20	40	15	41	36	7	26	49	7	26	11	30	24	16	12	12	18	46	30	12	6	9	14	28	13	19	10	41	13	45	50	41	
21	32	20	46	42	4	17	31	40	21	39	23	8	40	10	38	36	6	9	35	24	24	20	1	4	16	9	37	42	15	40	40	48	14	20	25	15	4	41	1	
15	21	48	6	48	48	17	1	13	32	39	43	8	35	40	44	2	33	7	23	19	42	29	7	10	48	40	41	24	17	20	27	30	9	43	50	45	22	45	39	
24	8	39	33	2	19	34	38	36	28	15	8	7	43	44	9	46	44	28	31	2	40	16	4	41	35	11	46	13	43	10	19	6	21	33	47	26	35	30	22	
43	42	48	18	7	16	4	3	21	10	34	38	9	27	9	34	18	19	12	45	29	9	28	27	40	17	15	32	49	45	41	11	26	3	8	26	33	6	45	40	
15	20	42	30	3	7	46	44	10	7	22	36	29	33	4	22	14	29	44	10	15	4	37	42	28	17	17	39	47	9	7	25	32	33	41	32	48	5	16	48	
42	15	9	50	16	7	31	7	2	6	38	25	28	4	38	29	21	22	16	28	38	17	16	40	27	17	7	24	40	7	7	5	50	39	39	25	13	9	1	7	
36	10	31	45	8	1	3	5	41	21	33	16	37	26	33	36	41	13	18	49	37	21	11	46	34	9	14	24	10	31	46	23	6	5	12	33	16	15	7	46	
35	36	48	4	39	42	26	12	34	6	7	35	7	33	42	42	20	36	12	33	24	33	34	43	20	49	39	37	26	16	32	22	26	37	46	13	17	25	45	49	
41	49	39	35	10	15	14	22	47	30	41	11	50	21	50	32	26	38	7	16	39	42	28	22	48	25	13	24	3	13	29	26	41	25	6	30	22	18	30	6	
47	17	1	10	10	1	36	45	34	12	30	17	20	28	49	10	18	32	23	10	27	12	37	8	10	36	30	4	46	7	9	19	48	39	4	3	7	44	34	27	
50	49	42	46	44	38	17	26	25	10	37	47	46	11	13	4	34	15	38	16	13	4	45	48	7	4	25	41	18	22	7	12	10	4	32	1	27	25	43	34	
41	23	16	22	45	46	23	28	46	26	12	48	46	38	32	16	7	50	49	28	1	21	38	32	22	17	22	15	37	20	4	35	13	19	12	10	36	3	32	35	
20	30	18	27	17	7	17	22	10	49	6	11	26	9	13	49	30	26	22	21	34	37	2	41	18	9	25	28	12	32	30	38	42	11	10	15	7	27	18	5	
6	40	6	42	22	4	4	5	49	17	47	33	34	22	21	3	26	6	15	17	8	19	7	22	30	12	11	17	42	24	21	30	32	24	32	36	14	38	23	35	
28	28	13	43	23	21	35	13	4	6	36	42	4	28	6	16	27	12	49	30	10	46	1	48	16	39	22	25	23	29	10	25	5	27	6	2	11	44	49	4	
45	50	37	42	11	9	9	3	37	49	18	39	45	2	36	40	34	50	44	20	29	5	15	38	18	30	49	50	18	20	28	49	21	14	49	45	14	9	48	42	
47	20	34	39	6	34	36	6	4	43	43	2	42	49	26	13	31	37	34	34	44	39	36	11	32	40	40	40	11	22	8	14	30	47	35	14	15	1	36	5	
41	30	29	13	18	37	45	25	3	33	40	25	34	9	23	11	25	50	48	18	30	46	31	44	29	37	8	5	6	12	23	3	22	29	18	16	20	16	14	29	
36	12	1	18	29	37	29	47	37	50	30	48	44	38	8	30	44	10	46	44	26	37	1	28	31	34	9	15	42	29	11	48	28	5	17	32	44	47	43	18	
39	13	34	23	50	12	37	39	3	41	10	23	46	18	14	37	2	28	24	41	40	34	30	31	42	9	43	29	43	43	43	34	23	7	20	24	27	26	48	18	
32	31	16	1	18	39	24	25	13	17	4	46	14	25	43	3	13	16	39	6	48	45	43	30	49	19	7	24	46	18	28	36	15	49	14	19	39	24	28	2	
On machine	6
1	16	45	7	9	7	19	30	9	38	30	5	12	22	10	14	21	34	1	38	9	47	31	34	32	12	9	2	48	22	48	36	14	16	23	7	17	3	45	29	
23	18	18	27	48	42	46	49	16	36	38	19	26	17	33	48	25	6	11	39	33	50	2	38	32	25	41	21	50	35	18	14	9	44	17	8	33	23	10	42	
44	6	31	31	24	19	27	1	30	12	28	4	22	28	33	10	28	17	35	48	26	40	16	39	22	9	32	45	49	34	9	23	7	27	7	23	36	19	13	5	
29	28	41	13	10	37	1	9	32	32	11	25	32	6	21	45	3	3	37	9	30	1	8	9	21	14	20	22	40	4	41	19	47	17	18	24	30	9	23	50	
11	8	44	3	23	49	4	17	44	29	26	28	2	44	37	46	31	12	36	47	13	29	50	3	39	11	28	34	19	22	47	24	36	50	50	32	28	21	21	13	
30	25	12	1	1	21	50	19	5	17	45	19	24	6	27	12	4	37	13	49	48	8	29	26	43	44	43	9	21	6	28	14	40	9	44	4	43	48	21	4	
9	6	39	5	37	37	20	5	34	21	31	31	23	9	24	27	29	23	24	33	6	2	6	26	33	19	45	22	21	2	38	32	5	5	15	10	43	3	23	17	
35	42	45	18	12	40	44	6	17	25	48	31	50	40	2	30	25	37	1	43	24	24	33	10	30	24	2	46	15	18	38	23	42	6	5	33	24	5	18	47	
28	15	43	4	8	16	20	44	32	48	20	48	19	8	34	17	19	21	38	50	31	45	49	39	30	38	12	30	14	15	46	25	26	25	35	23	20	11	46	31	
31	14	36	42	50	45	12	44	1	34	27	32	3	28	46	4	7	28	40	18	50	13	46	9	35	21	24	5	3	2	6	26	39	2	27	36	6	9	18	50	
30	21	42	12	38	30	25	32	24	33	47	27	27	35	43	4	12	32	26	2	16	31	8	37	24	41	30	33	3	6	14	6	42	2	29	45	31	25	29	26	
44	37	46	30	36	21	29	9	36	36	11	45	13	26	35	45	11	27	33	10	24	6	8	38	16	13	18	50	31	41	41	16	5	30	33	42	9	25	32	27	
2	30	39	2	29	11	4	10	5	4	12	50	22	47	47	27	43	11	44	31	7	17	28	37	46	28	28	48	27	1	1	5	48	22	36	50	9	10	35	45	
4	33	27	29	35	31	31	2	43	8	43	20	27	25	32	14	10	3	34	11	49	18	38	13	22	41	34	41	25	12	2	4	39	37	25	26	42	11	32	6	
11	26	39	4	21	40	40	31	41	18	45	50	25	9	31	44	6	43	13	48	12	39	14	32	45	44	26	16	17	37	21	48	40	45	43	45	28	32	36	45	
26	25	17	40	36	42	39	48	50	36	12	4	33	44	1	18	8	27	48	26	15	40	26	23	34	33	48	44	33	22	46	38	10	19	19	49	9	32	38	50	
26	27	20	31	28	15	29	1	6	40	50	11	15	23	43	34	40	16	42	12	48	10	7	31	21	50	31	48	12	27	43	34	46	35	13	8	49	37	17	18	
46	39	41	14	27	46	3	11	17	44	7	48	34	18	5	4	47	13	24	21	11	25	40	22	48	34	5	41	43	10	23	24	29	46	21	38	6	23	26	17	
21	12	35	11	8	42	16	10	1	20	6	22	49	38	47	40	34	25	43	5	35	34	19	4	36	45	2	25	49	50	49	49	33	14	34	30	18	18	16	10	
30	31	19	12	47	10	39	15	35	12	47	22	46	42	2	30	6	22	5	24	16	23	2	36	32	42	31	30	39	43	2	19	3	23	42	48	4	36	26	3	
26	10	7	31	7	14	4	29	43	11	38	7	30	49	25	37	4	21	43	39	10	46	23	32	5	4	27	36	14	8	3	8	26	21	29	49	26	47	10	40	
43	12	43	24	24	22	19	47	35	27	38	42	43	9	17	31	46	47	24	46	1	35	40	23	15	10	42	18	41	20	8	24	17	23	14	10	26	32	34	23	
36	18	4	1	17	43	22	3	50	44	38	35	13	8	21	14	1	42	11	50	35	45	4	32	16	27	18	46	40	5	42	40	30	48	16	2	2	42	16	46	
34	50	46	3	12	33	1	20	25	31	38	34	19	47	29	23	6	34	40	16	37	27	32	3	2	36	36	34	17	32	26	33	45	19	27	21	22	48	24	24	
50	20	9	34	13	37	27	14	32	42	34	46	26	38	17	22	30	6	42	14	19	39	35	6	37	21	26	38	13	41	2	14	37	39	16	17	36	24	17	45	
29	11	10	39	34	24	10	12	6	26	3	16	50	3	30	2	33	24	32	23	43	32	32	50	4	17	2	42	31	45	35	11	47	35	12	19	26	39	11	50	
16	31	7	2	25	33	30	30	10	48	14	23	40	24	36	21	23	10	14	14	22	26	39	36	33	7	3	49	2	33	40	13	22	5	44	11	8	31	46	8	
10	8	47	19	23	48	32	3	34	12	36	36	9	22	22	48	6	32	18	2	34	42	37	44	50	30	5	39	40	38	39	41	22	3	24	42	21	42	13	13	
11	11	22	11	23	17	12	48	18	20	30	7	43	31	28	4	38	4	22	35	36	4	38	27	6	33	11	22	9	37	24	26	6	33	10	8	37	35	45	17	
14	44	10	3	10	16	10	30	32	9	28	44	28	20	46	39	9	11	22	18	25	29	45	25	47	30	11	10	20	24	20	50	50	40	19	49	43	27	15	50	
10	40	25	49	7	48	1	41	32	17	31	9	2	18	28	47	6	42	37	35	19	4	29	26	47	46	38	14	49	26	11	47	8	26	35	7	42	44	9	34	
9	11	41	2	46	14	43	41	37	4	20	12	8	41	28	7	30	16	50	23	23	11	6	15	10	29	35	17	47	3	47	45	49	37	13	42	47	13	28	42	
1	36	29	26	41	33	48	18	43	34	6	26	45	9	39	2	42	42	35	34	31	42	13	9	9	23	45	48	5	26	14	47	43	38	1	18	17	28	37	20	
5	50	30	12	18	11	23	15	27	39	36	38	49	41	23	1	3	28	1	31	45	43	44	40	12	26	32	39	27	6	28	49	46	49	16	11	9	11	7	1	
32	46	22	30	47	31	46	5	45	6	1	26	9	43	4	14	40	18	48	46	26	48	29	21	43	29	41	13	30	18	40	48	17	19	15	6	20	4	40	24	
7	16	16	7	43	15	44	1	19	8	13	2	46	46	12	31	31	35	23	29	1	38	13	16	7	30	38	18	4	24	12	40	23	47	40	23	14	31	39	9	
38	14	29	30	49	46	38	44	43	18	28	44	27	9	31	44	3	18	37	21	20	15	44	25	6	19	1	46	41	49	31	2	12	44	16	42	39	4	39	22	
19	20	45	4	1	37	21	22	17	35	42	2	23	19	32	38	45	4	46	26	28	19	48	34	50	30	16	39	48	30	15	39	35	39	32	22	48	42	16	35	
22	2	20	47	7	46	15	50	25	50	26	12	20	49	39	20	22	31	23	49	24	49	19	44	39	13	2	24	35	26	48	8	6	19	11	20	3	34	45	18	
13	47	15	3	8	4	5	43	30	5	33	6	20	14	24	9	5	40	1	10	10	10	3	38	32	21	17	44	23	40	32	11	31	8	35	33	10	21	37	16	
On machine	7
20	12	30	19	7	17	42	43	11	9	31	33	29	8	6	30	7	24	35	13	10	50	35	3	49	16	32	43	42	32	41	21	10	24	49	35	12	25	35	17	
2	44	45	42	15	5	49	15	3	42	45	46	13	35	6	22	33	37	17	1	29	20	11	17	4	33	15	44	43	28	1	24	11	48	1	20	47	32	28	28	
35	24	10	36	12	16	43	11	24	36	27	48	6	33	29	3	14	44	4	25	3	8	46	15	43	47	9	32	17	3	42	49	26	31	2	32	32	7	1	46	
11	5	15	14	22	1	45	18	46	24	12	48	36	1	21	32	14	44	16	28	30	32	43	9	50	11	27	43	26	12	37	48	41	10	18	22	22	36	49	41	
2	31	36	42	20	39	5	4	40	23	38	14	1	30	4	36	6	39	42	16	24	27	29	28	8	25	50	33	24	18	27	46	45	14	32	43	25	22	26	39	
44	39	29	27	8	8	1	30	36	25	45	40	19	38	5	19	2	12	37	50	12	24	7	39	50	25	18	26	14	14	16	16	29	38	26	39	38	26	10	10	
15	13	49	11	32	38	19	48	38	28	45	36	15	10	23	9	4	14	22	22	13	30	42	23	10	7	25	29	23	45	14	11	40	9	40	50	25	43	3	29	
29	15	12	39	36	39	19	14	19	29	37	41	10	28	10	35	9	44	19	36	12	5	49	19	9	21	6	15	13	29	49	35	45	44	11	18	9	16	19	21	
39	20	46	27	6	24	26	7	34	46	42	5	6	28	50	28	9	37	22	10	12	8	33	47	7	6	31	5	31	47	43	19	1	31	33	5	8	8	3	12	
47	9	44	5	41	4	9	25	10	11	50	42	9	6	17	36	26	5	19	24	41	6	18	41	4	26	34	35	8	24	21	17	8	13	48	48	30	5	4	38	
7	49	18	10	29	49	17	44	43	11	23	20	5	45	5	24	41	18	9	20	3	30	14	30	23	18	46	31	14	35	48	14	7	2	45	38	46	27	17	11	
42	24	11	16	6	2	4	13	16	15	33	5	40	2	1	46	42	36	31	46	43	30	25	11	47	38	19	6	43	48	8	11	21	50	20	19	33	44	33	30	
29	26	21	5	7	9	7	22	23	23	19	26	15	40	5	13	39	9	44	17	16	16	29	8	21	18	10	4	20	25	13	16	10	12	7	45	40	24	25	19	
24	23	28	11	38	34	12	6	27	29	33	35	6	4	44	31	45	45	7	9	18	26	36	5	11	43	9	42	34	19	16	5	10	43	9	26	31	28	37	38	
13	32	32	27	46	46	49	41	8	31	24	18	33	31	48	25	20	13	19	1	31	13	33	42	30	21	40	46	26	19	27	46	11	46	6	20	1	48	29	12	
36	21	29	6	20	3	27	37	47	25	26	1	47	40	43	30	37	47	11	12	31	8	14	21	49	19	25	47	27	8	22	37	16	13	9	37	8	24	26	18	
32	48	14	14	14	2	35	9	17	5	3	43	17	21	2	3	30	30	11	33	10	28	34	38	14	17	38	32	43	22	14	27	11	38	29	33	41	33	18	12	
17	17	1	33	32	38	13	29	5	39	41	9	17	24	11	9	7	27	24	4	44	44	49	39	31	46	8	11	14	13	22	45	9	35	24	29	5	22	36	33	
15	39	43	30	21	44	30	18	16	21	48	41	29	30	25	12	15	22	38	39	14	9	27	37	15	41	26	38	39	47	2	39	34	6	32	26	9	37	10	5	
9	40	42	15	7	9	22	48	34	18	47	50	50	31	35	43	15	37	1	41	18	22	9	45	47	15	10	16	13	13	37	3	29	6	25	33	1	23	37	25	
2	30	43	19	45	10	1	4	2	38	29	43	3	23	41	3	28	23	31	10	28	17	1	36	16	28	3	33	44	11	10	40	43	42	44	9	45	9	50	9	
26	40	24	5	19	23	36	26	37	50	4	46	41	29	28	33	39	45	34	32	32	31	45	19	14	50	16	25	12	34	42	47	23	40	6	48	29	10	35	50	
24	35	7	11	34	40	11	31	25	9	31	17	37	37	17	42	44	16	29	14	36	49	41	19	50	1	29	45	49	8	32	33	2	32	20	42	1	11	3	42	
16	10	26	38	13	33	39	49	28	19	43	26	31	42	15	48	12	18	33	33	17	19	7	13	45	11	10	25	17	14	20	4	15	46	35	47	2	23	27	49	
36	19	16	40	27	37	17	16	43	16	16	2	20	46	11	25	5	23	31	42	13	6	36	39	33	7	47	40	48	44	33	30	20	24	48	23	13	9	21	42	
20	39	24	17	37	7	29	38	13	18	25	48	19	11	7	17	46	37	20	1	36	44	26	19	40	44	37	48	24	12	19	24	13	44	9	17	11	37	3	39	
44	12	49	37	10	13	47	43	41	8	14	23	47	42	18	34	50	19	36	16	5	32	10	46	43	22	7	47	8	34	25	41	34	37	19	28	3	37	1	49	
49	47	44	24	40	2	35	48	4	37	2	49	14	40	23	1	3	11	9	30	14	47	9	16	48	41	48	32	11	15	6	40	44	20	44	43	33	7	7	28	
13	24	29	8	36	20	30	26	1	2	24	23	35	8	1	4	13	21	26	12	6	1	48	46	32	23	31	10	24	37	35	13	50	29	27	31	1	25	35	9	
20	13	34	47	41	13	39	10	49	18	5	13	12	27	35	37	12	32	49	33	10	4	8	32	50	25	47	47	20	20	49	33	41	14	5	12	32	23	13	26	
22	32	14	14	41	43	10	38	45	11	22	5	8	21	32	40	27	14	23	42	42	21	50	2	21	41	40	13	36	49	45	31	27	36	47	22	1	46	37	4	
18	50	47	15	21	30	49	14	6	29	13	5	1	25	2	49	46	11	11	26	23	19	33	2	35	6	17	15	30	2	16	23	47	27	8	5	40	40	9	8	
38	20	41	21	40	28	23	8	30	22	46	33	43	8	7	34	15	16	14	46	43	22	50	27	44	47	5	9	37	45	25	45	39	21	50	13	11	45	2	26	
16	9	39	1	41	24	36	16	8	24	4	9	1	2	13	9	1	18	43	20	14	18	35	10	49	10	23	14	15	2	30	36	41	50	21	47	8	7	5	10	
24	18	16	40	7	3	28	31	15	45	17	2	50	47	27	42	9	21	44	42	13	11	19	30	17	12	45	37	41	47	42	33	11	39	26	46	27	1	11	46	
34	49	6	12	16	24	46	6	14	15	35	12	7	44	31	9	25	3	1	47	22	30	21	45	18	19	48	12	7	22	42	33	48	32	37	13	32	1	17	7	
42	2	20	9	34	31	18	45	32	37	45	12	23	28	9	49	2	13	15	40	2	6	8	11	44	16	49	10	9	48	26	8	50	43	24	42	37	40	49	3	
24	23	7	24	15	27	36	17	14	5	33	14	13	44	13	39	49	18	29	46	39	18	5	44	35	15	12	30	40	33	32	21	26	36	50	46	25	45	26	30	
34	32	24	19	1	6	33	34	23	35	16	24	9	29	11	26	42	26	18	30	26	11	43	10	29	2	41	18	29	33	48	45	6	22	15	37	40	15	11	21	
36	37	39	3	48	12	36	38	27	32	46	41	10	30	11	7	17	28	3	36	48	39	50	24	32	27	20	17	16	26	46	30	19	3	46	17	48	19	22	37	
On machine	8
24	41	34	18	12	42	3	21	16	20	7	4	45	14	40	38	26	44	4	36	25	37	23	32	47	15	37	39	28	13	19	24	28	41	25	26	4	49	39	5	
35	32	32	32	29	37	19	29	16	50	37	27	5	4	46	41	43	17	32	2	39	8	8	36	32	19	17	19	49	3	7	30	41	34	9	39	4	39	23	18	
5	27	9	15	14	25	21	11	20	23	20	41	6	50	12	4	1	11	6	22	38	34	48	47	31	48	17	32	36	15	23	27	44	16	43	31	30	16	10	15	
6	9	44	37	17	18	39	50	33	18	29	38	26	44	10	44	46	40	29	14	18	41	47	41	24	47	21	48	27	44	25	10	39	17	2	27	36	38	47	15	
37	28	41	26	41	13	41	18	38	28	1	5	39	30	19	49	19	26	22	28	45	18	17	50	4	41	26	4	44	3	16	37	30	6	2	37	13	40	7	6	
5	46	9	36	48	5	42	48	13	11	34	40	15	40	40	1	44	6	18	17	10	5	47	25	12	16	38	10	28	49	31	17	6	9	30	30	7	42	14	43	
33	44	43	44	46	1	48	22	50	14	49	11	2	19	25	11	7	24	49	26	32	21	20	22	26	13	32	30	5	14	23	30	18	29	8	28	43	15	3	41	
20	8	31	34	33	49	25	36	36	27	19	22	23	33	3	46	15	23	31	39	26	27	28	42	23	4	39	47	6	38	48	45	20	7	6	41	8	3	36	31	
32	3	50	45	23	27	41	36	34	2	34	3	17	19	22	23	7	23	34	20	29	16	1	15	6	15	25	29	13	49	39	35	3	31	20	49	28	45	23	20	
34	8	49	35	49	28	20	24	12	39	28	1	19	19	30	50	28	34	3	1	43	9	33	9	40	37	19	41	36	44	48	41	35	5	4	29	10	39	19	19	
22	36	7	36	25	25	38	11	36	33	14	38	39	2	35	23	24	32	47	24	37	13	41	21	28	16	46	48	11	20	44	23	4	50	27	16	10	19	20	13	
19	43	48	5	37	12	18	20	15	40	20	21	13	40	29	26	38	16	26	48	12	38	48	41	15	11	17	17	28	41	2	33	32	32	33	31	36	4	22	18	
6	19	23	15	12	14	24	37	47	45	32	10	32	28	24	37	41	1	21	8	35	26	50	17	38	31	31	16	40	46	9	11	44	39	13	46	23	3	10	1	
34	28	4	3	18	4	3	29	47	18	24	32	43	13	47	20	47	38	44	31	42	35	44	8	27	26	2	25	17	25	38	15	21	35	20	39	30	11	33	46	
10	44	44	24	24	16	15	5	30	31	42	43	1	19	27	6	28	15	50	40	7	16	15	24	31	2	41	1	5	34	16	40	50	20	5	39	16	39	44	25	
1	22	15	39	15	42	44	44	14	26	22	20	15	26	34	24	37	17	37	31	26	48	44	18	33	44	14	10	17	29	27	41	7	21	23	48	1	35	38	49	
49	45	24	15	15	19	39	38	35	30	8	48	17	14	4	45	4	39	1	8	17	1	46	4	49	22	28	41	43	22	1	13	26	5	24	18	36	10	44	11	
42	11	45	6	37	10	11	30	34	33	15	15	22	37	33	5	47	17	46	27	20	48	29	4	45	40	50	46	21	29	19	49	22	25	40	2	33	29	29	36	
24	49	24	30	11	48	9	43	28	47	47	26	3	4	39	16	39	1	45	22	8	37	2	12	18	36	4	25	1	43	26	34	19	14	48	33	31	14	12	25	
30	16	4	43	27	14	18	12	49	17	24	43	30	49	17	1	17	9	7	38	45	28	24	17	7	28	30	10	35	29	2	31	6	33	6	10	50	1	20	20	
31	34	39	31	30	5	42	11	18	43	45	24	18	38	12	8	40	32	14	14	39	19	24	14	17	1	18	36	32	20	7	36	48	49	26	15	46	49	40	20	
27	14	27	12	15	45	18	31	49	14	14	34	3	42	29	21	21	4	20	1	7	10	23	48	10	24	45	48	29	21	12	22	36	18	27	1	27	3	24	37	
23	24	31	22	18	6	17	3	37	32	48	6	37	6	16	35	24	2	21	39	8	15	12	46	27	13	6	33	5	48	11	49	48	33	35	44	49	1	46	19	
10	1	21	16	46	28	5	15	37	43	19	6	3	50	30	48	8	27	12	39	13	48	35	16	39	39	16	35	29	18	38	36	50	43	49	31	21	43	11	35	
29	5	5	41	1	50	9	21	5	1	45	42	41	22	33	45	37	42	1	27	42	41	4	11	28	11	26	26	27	1	44	43	23	26	33	8	31	16	13	38	
1	25	10	3	10	50	17	29	44	8	4	19	28	25	30	10	5	49	47	3	3	1	14	32	50	50	41	13	49	38	6	22	23	5	49	11	1	16	49	23	
27	1	40	6	33	25	12	36	43	7	48	1	37	41	34	17	42	29	40	3	41	17	9	8	46	44	2	43	22	32	44	23	11	16	29	3	27	39	39	4	
10	29	30	2	11	2	24	3	38	35	10	32	6	19	28	22	20	50	18	50	12	14	5	44	32	32	43	35	18	19	3	15	25	11	3	27	2	31	36	21	
39	39	15	11	49	28	37	45	9	22	15	40	34	38	6	45	27	29	41	33	2	13	45	14	47	47	25	39	29	4	29	24	25	7	42	24	43	43	49	47	
20	31	9	32	18	2	4	43	19	46	37	20	35	37	49	18	47	47	41	25	43	32	11	41	23	25	11	33	16	28	12	27	40	43	25	29	17	29	42	45	
32	29	42	26	25	40	45	20	26	19	37	10	5	7	11	24	49	9	15	50	49	14	27	39	50	25	38	30	48	28	37	30	32	50	30	2	17	14	38	17	
28	37	28	48	35	8	33	48	20	41	33	1	7	46	34	10	6	41	46	40	5	43	41	3	32	33	1	26	24	41	50	50	25	42	6	10	1	3	9	14	
43	37	46	35	26	34	23	7	14	8	27	20	12	29	23	9	3	50	32	50	15	13	6	33	4	20	29	48	34	3	14	27	8	25	38	3	15	23	37	23	
38	2	5	23	2	42	9	1	32	8	33	47	22	8	6	35	24	13	24	34	3	29	40	36	44	3	29	20	14	40	8	9	22	23	30	26	4	38	43	5	
13	41	20	4	43	50	10	19	45	3	41	47	12	18	33	44	45	31	29	22	22	42	3	3	20	29	28	44	43	2	36	38	4	2	24	39	31	31	7	20	
34	46	32	26	24	39	6	34	34	4	47	34	34	18	10	20	48	48	47	21	35	38	42	7	43	27	35	2	21	39	35	31	6	24	1	31	11	46	47	21	
42	12	12	9	40	42	17	15	34	21	47	36	13	31	47	27	41	33	9	30	8	16	36	35	1	39	3	14	30	40	26	36	15	1	43	20	24	3	19	15	
16	41	16	14	16	47	5	21	6	18	21	17	32	15	19	23	23	6	19	36	22	19	2	43	10	7	10	32	15	5	28	40	29	48	22	14	50	21	27	34	
42	50	19	50	46	22	17	9	19	7	27	28	17	16	19	19	24	22	16	3	38	16	28	36	2	31	24	27	26	49	44	37	31	6	20	22	27	22	16	16	
17	22	47	32	50	31	6	13	23	50	9	44	28	40	20	1	40	46	13	28	4	31	36	24	34	1	42	14	1	4	34	21	35	47	46	11	2	43	35	28	
On machine	9
12	47	31	43	16	9	44	9	45	11	39	2	39	45	41	12	21	15	41	3	39	47	47	13	41	26	50	5	18	33	6	47	26	32	15	43	42	41	8	27	
30	32	32	27	14	5	28	43	38	23	10	18	35	20	31	35	10	5	33	10	34	43	44	8	11	23	31	16	26	18	9	9	37	41	31	48	3	3	9	3	
17	3	11	34	17	19	33	20	32	10	10	12	16	50	27	18	28	4	19	33	1	4	11	36	50	40	8	41	28	17	28	43	43	13	7	11	22	27	20	45	
22	15	29	4	43	16	32	31	9	25	17	47	42	45	31	11	19	29	23	37	42	22	32	48	3	27	20	20	16	38	44	41	43	28	26	2	36	32	29	8	
5	20	22	31	38	6	43	27	17	25	20	6	5	44	39	36	6	3	20	37	39	13	47	16	2	6	6	17	29	4	2	47	39	35	49	32	1	45	35	39	
32	22	30	44	37	37	39	37	26	47	14	33	15	16	3	47	13	37	46	31	33	23	6	5	17	18	32	4	45	42	38	20	12	20	42	3	42	27	3	20	
47	45	14	46	9	22	7	8	8	43	25	15	5	44	3	47	20	15	43	44	8	19	14	19	2	45	42	26	47	50	45	27	32	35	2	12	50	7	11	9	
27	26	38	50	47	38	37	10	8	3	38	4	38	38	46	11	19	43	22	31	42	42	43	27	6	22	25	2	26	44	31	19	4	40	6	41	38	8	5	7	
20	26	10	46	49	22	24	44	17	40	44	25	16	25	32	43	37	2	7	28	5	39	39	15	5	1	16	31	3	6	29	42	39	25	42	17	46	8	2	21	
21	14	21	7	28	49	31	38	22	31	20	15	15	33	13	29	4	27	25	23	26	35	45	24	41	29	32	28	48	4	41	38	3	20	38	13	5	33	30	5	
20	5	41	5	13	12	28	2	19	17	12	44	22	9	28	37	17	26	2	25	16	11	37	31	32	33	50	11	33	7	23	19	1	8	34	19	1	31	49	14	
32	37	39	42	15	28	6	41	34	6	40	50	42	35	8	9	35	43	28	50	42	23	21	3	46	18	46	47	25	24	11	24	4	15	42	40	46	23	10	15	
20	8	39	14	26	10	3	25	36	3	19	11	44	25	24	35	48	33	33	25	44	11	2	24	4	49	23	38	8	43	41	50	50	33	29	39	35	20	14	19	
20	19	36	10	39	29	36	30	29	50	31	43	9	8	28	19	49	49	21	42	47	31	36	10	25	5	24	18	24	31	15	4	34	9	26	5	11	11	11	14	
4	43	35	15	34	31	34	4	31	45	15	12	32	34	19	31	7	25	29	21	16	9	19	4	32	43	44	31	22	1	6	39	32	23	23	32	45	29	50	10	
38	43	49	18	31	44	17	24	22	43	14	6	40	2	6	50	23	4	46	26	40	26	3	8	5	34	42	38	31	47	42	48	5	37	23	21	39	39	41	27	
7	25	4	38	38	23	13	28	48	24	8	39	17	10	30	22	3	15	12	2	38	1	29	16	11	19	7	38	25	12	27	11	25	21	28	28	50	18	44	47	
3	36	25	7	14	26	39	15	7	41	5	20	44	18	37	3	42	44	22	28	8	49	11	30	37	29	35	36	7	15	7	46	23	39	47	9	38	18	20	33	
6	50	26	25	3	8	5	41	3	16	12	7	16	44	46	6	44	13	23	18	4	24	45	15	40	27	8	30	6	23	46	47	19	13	7	11	32	31	15	33	
3	8	19	30	39	33	28	2	12	17	16	21	27	37	40	35	15	13	47	48	12	29	26	15	22	34	42	26	8	47	13	41	34	41	44	44	45	6	35	11	
17	38	38	13	29	46	42	48	35	44	40	12	30	25	43	4	9	15	16	24	3	12	38	32	49	32	20	2	12	13	30	23	50	50	48	37	37	25	4	3	
48	27	29	12	47	11	29	38	32	11	1	40	2	1	10	35	9	32	21	35	34	26	1	44	10	33	11	46	41	31	35	36	35	21	47	15	42	40	38	17	
19	50	35	8	50	18	3	16	8	25	1	8	28	28	18	33	39	25	42	45	7	49	25	42	49	4	45	27	8	28	9	11	48	20	29	41	37	34	30	14	
15	12	24	50	25	3	40	8	44	2	29	17	50	21	40	24	8	13	43	25	11	28	20	34	5	49	13	40	48	38	39	43	11	39	34	43	34	49	10	28	
44	2	11	20	10	46	28	43	40	6	31	32	19	18	31	39	2	3	36	15	45	12	46	28	20	3	1	44	41	32	28	6	33	15	32	47	37	28	9	32	
2	3	37	42	24	16	27	19	19	29	2	36	21	46	24	13	16	2	27	34	44	14	26	17	2	12	20	4	47	17	38	32	13	8	8	20	10	14	28	12	
26	36	31	23	29	18	12	1	30	47	2	18	4	25	44	40	36	26	8	34	15	31	40	42	36	41	10	44	13	26	35	39	37	20	34	24	13	32	38	3	
5	31	4	43	24	27	36	12	13	31	48	41	43	17	11	2	10	38	11	47	24	49	28	36	48	26	23	14	20	17	48	20	32	14	27	44	39	14	12	28	
43	24	12	32	14	23	33	39	39	15	20	1	16	4	15	25	30	26	29	20	16	20	10	43	24	21	38	48	39	12	38	24	29	41	10	24	35	46	42	42	
19	22	29	21	22	5	47	1	34	30	38	48	20	23	42	40	27	42	22	24	35	12	45	41	18	12	17	40	13	32	23	22	11	26	31	28	20	9	24	39	
36	28	38	39	39	1	18	48	15	20	37	12	22	38	36	46	19	19	16	13	10	10	35	30	2	39	28	49	15	38	18	33	13	8	36	11	29	2	14	47	
5	7	39	45	16	32	2	46	3	42	9	29	40	20	8	7	4	24	20	39	26	14	50	50	14	43	44	42	23	16	43	10	8	42	25	29	20	46	33	38	
34	28	50	17	41	42	36	6	12	46	30	5	31	27	1	50	17	1	26	28	32	19	36	47	50	30	25	44	4	36	27	45	22	37	13	29	11	30	39	31	
15	47	32	18	20	31	1	19	33	19	15	43	44	19	30	27	32	21	25	27	14	4	13	12	24	12	41	45	46	46	18	13	27	39	37	16	14	26	16	12	
44	49	17	2	28	6	29	27	17	17	12	7	23	38	12	42	5	48	31	12	37	9	48	40	45	29	11	30	22	17	16	46	15	24	36	41	45	3	40	29	
15	1	46	20	37	37	13	29	9	35	35	23	17	25	22	26	38	26	36	19	6	2	7	24	23	44	35	39	1	30	27	42	11	23	35	23	32	19	37	22	
9	15	21	10	33	32	19	36	8	4	35	26	1	14	16	11	2	25	42	31	33	6	4	28	19	48	10	32	36	48	15	13	40	42	13	29	23	49	24	19	
18	18	32	22	38	4	40	27	1	46	22	43	19	4	38	28	50	38	39	8	18	24	28	20	12	40	36	9	42	44	4	21	6	8	35	2	43	16	43	14	
31	2	49	11	18	4	17	20	23	8	9	29	11	25	25	12	18	46	38	22	36	37	48	18	25	26	7	17	19	34	29	25	10	25	23	7	49	44	15	41	
4	36	26	34	8	33	11	38	9	46	33	43	14	42	33	43	36	8	2	11	33	16	20	36	7	24	7	45	8	5	42	18	38	48	16	4	11	8	26	2	
On machine	10
29	23	40	42	27	8	3	16	33	42	18	13	11	42	23	28	30	43	29	48	40	32	29	18	46	5	42	22	20	10	14	31	22	33	33	31	25	1	24	2	
17	42	48	15	42	21	1	8	38	24	36	45	14	27	41	34	10	31	4	35	48	49	5	9	39	5	33	3	17	15	48	19	50	43	49	15	7	13	34	23	
44	7	48	8	44	35	32	14	44	33	21	25	32	18	14	13	47	7	5	5	7	49	44	15	45	43	19	32	36	42	10	28	44	34	37	44	24	16	42	15	
2	19	49	17	22	39	45	11	3	19	30	47	44	45	23	39	19	23	22	31	18	13	13	1	45	41	8	41	43	16	15	15	18	28	46	27	31	20	38	8	
44	6	42	17	5	49	9	34	5	30	10	12	37	34	2	11	15	2	25	21	50	9	26	40	40	12	7	13	32	15	50	35	36	46	11	30	30	17	20	16	
11	42	5	35	39	11	39	34	33	21	36	36	40	23	28	45	24	11	32	18	25	46	12	31	5	32	47	22	50	27	20	23	45	21	47	1	30	12	36	21	
8	15	4	40	18	32	5	37	38	41	37	17	9	31	22	43	24	44	41	32	46	49	30	40	4	9	34	36	13	40	44	46	7	36	5	32	34	24	45	23	
46	6	44	33	39	42	14	5	24	7	8	49	4	11	42	35	33	18	45	1	18	47	16	24	26	20	41	32	50	23	40	4	24	37	26	39	1	12	11	28	
1	13	31	28	13	30	48	39	3	37	47	39	19	17	26	28	43	47	41	35	9	50	36	36	6	18	46	43	44	39	3	13	44	2	48	20	32	46	43	19	
32	40	11	27	3	17	48	36	44	17	3	10	42	41	46	19	26	12	18	27	40	25	20	33	4	12	30	28	19	27	10	4	17	49	45	20	17	11	32	17	
9	10	40	31	15	32	21	6	7	19	40	50	14	50	10	22	25	1	21	33	26	27	21	9	13	38	26	11	3	31	24	1	32	40	24	36	17	41	33	13	
6	34	1	42	43	44	20	4	16	22	17	41	18	28	30	26	4	25	50	3	34	5	26	21	50	34	25	13	19	36	22	39	20	33	23	8	39	37	39	5	
44	45	33	43	2	30	44	38	20	30	33	19	7	47	14	37	30	4	4	10	1	31	13	13	11	30	34	27	23	23	9	49	5	38	39	26	49	33	45	31	
20	39	14	29	32	50	42	14	15	9	23	34	6	44	24	36	47	34	45	21	43	14	40	45	41	34	39	15	39	1	47	38	39	18	29	2	32	7	8	25	
27	9	13	44	37	36	19	17	33	17	40	46	28	18	10	47	23	3	43	27	50	31	50	11	42	35	6	20	22	46	10	1	17	27	10	32	42	5	1	38	
10	6	5	7	49	12	36	46	30	42	44	35	34	35	43	29	1	38	7	39	30	6	31	13	29	22	34	3	49	27	26	4	20	25	27	44	41	34	38	8	
39	16	25	36	25	6	17	25	24	42	31	36	46	45	42	5	3	48	28	29	45	50	21	14	12	11	33	22	30	26	22	43	35	39	20	20	15	41	34	8	
9	25	45	48	5	17	3	48	41	42	36	34	13	46	48	21	33	18	2	30	8	8	47	44	36	4	33	48	46	30	24	13	12	35	39	1	2	12	38	16	
22	10	4	50	32	27	23	35	23	34	30	17	26	36	24	20	34	9	38	4	30	49	3	12	7	14	5	28	10	34	14	12	36	2	1	33	23	33	15	28	
1	27	21	34	13	12	21	49	50	47	46	36	49	21	26	36	44	24	37	21	48	1	47	26	19	39	47	30	2	4	28	6	30	49	11	46	12	38	38	31	
35	10	4	41	9	1	1	6	31	40	48	46	12	32	39	21	36	19	32	31	1	44	38	5	34	33	42	2	21	17	14	13	33	5	46	12	8	47	18	33	
44	35	42	22	28	43	31	4	10	28	33	11	7	44	38	32	2	28	25	29	9	31	23	29	17	9	40	13	46	28	42	22	48	19	3	14	49	3	49	22	
29	10	46	41	25	38	46	16	31	34	40	11	15	30	43	18	36	27	28	18	10	14	22	32	38	47	23	43	38	41	23	26	42	15	36	29	47	13	44	49	
11	46	37	21	9	10	6	31	4	30	17	38	5	39	28	12	39	41	30	18	21	23	18	30	24	6	9	11	36	20	3	24	1	44	22	5	5	3	43	23	
10	22	23	13	10	5	48	5	33	3	19	9	37	29	20	49	11	44	19	9	7	44	46	45	27	6	30	23	16	5	45	7	40	24	42	36	49	28	42	26	
2	37	41	6	17	35	50	10	21	41	25	37	42	48	3	24	5	44	26	48	11	26	2	4	41	20	43	41	26	24	38	31	21	27	15	44	5	39	36	44	
15	40	23	36	18	16	18	43	37	32	36	39	41	44	22	25	18	46	50	22	8	42	16	49	23	9	47	11	22	32	38	26	48	15	42	17	22	29	43	29	
24	15	28	18	30	19	3	40	45	50	20	44	18	42	48	17	25	50	31	38	16	6	37	35	19	42	6	2	50	14	30	12	28	47	4	21	36	44	10	6	
49	50	32	50	10	5	2	12	34	12	44	48	20	21	35	44	25	27	47	16	14	19	1	1	3	19	3	25	27	23	14	24	9	8	35	50	37	44	4	37	
36	44	36	34	1	15	20	12	20	10	28	11	35	35	2	24	18	6	33	10	46	32	22	49	25	38	27	18	22	15	16	49	49	11	9	49	47	12	15	10	
40	44	23	45	12	8	25	4	36	24	40	31	49	7	5	16	34	38	14	33	37	32	48	49	30	23	34	39	19	50	49	14	14	17	16	1	40	12	38	50	
13	31	21	21	40	6	48	10	41	50	38	31	35	15	6	28	2	10	37	49	42	31	19	41	33	32	38	36	42	40	9	33	20	43	46	33	45	11	14	28	
20	19	26	37	43	42	39	32	31	46	28	41	32	43	23	16	50	39	11	14	50	28	9	10	50	46	50	44	25	44	2	40	38	21	39	4	33	16	40	48	
25	43	22	28	21	20	33	18	43	41	9	20	44	33	47	50	15	7	44	23	16	38	21	21	37	16	46	5	40	45	18	24	11	40	20	34	1	46	23	38	
40	18	25	34	49	11	3	26	16	23	5	13	28	45	43	39	42	40	17	23	27	46	35	44	21	11	10	36	39	38	17	21	27	20	21	10	46	33	39	20	
33	28	45	32	23	45	48	19	36	3	23	29	16	25	43	1	31	13	32	7	1	10	46	6	34	10	14	37	19	31	6	37	29	1	48	1	36	4	16	45	
31	9	44	22	45	49	7	14	35	50	46	22	29	12	8	1	5	35	8	18	39	9	44	21	21	6	2	37	16	2	30	20	36	46	22	4	43	4	21	7	
48	11	31	34	46	36	23	9	27	7	23	26	45	49	25	28	27	37	29	27	39	1	29	9	49	1	8	20	3	4	7	45	1	12	39	3	12	32	47	37	
17	5	20	26	49	19	43	15	22	4	25	50	12	31	19	50	19	24	4	21	10	50	12	32	18	26	6	42	44	25	3	36	18	35	43	8	44	34	45	37	
15	19	16	9	30	50	10	36	21	17	32	50	12	22	17	33	20	17	19	10	25	8	38	11	34	9	9	32	33	5	30	50	50	39	37	31	23	2	16	35	
