Factories	3
Families	40
Machines	6
SetupType	2

Number of Jobs in each Family
6	8	8	5	4	10	10	6	10	7	8	4	10	5	3	2	4	8	9	6	7	9	3	10	10	3	1	9	6	4	5	2	1	10	3	3	2	4	4	2	

Jobs in each Family
0	1	2	3	4	5	
6	7	8	9	10	11	12	13	
14	15	16	17	18	19	20	21	
22	23	24	25	26	
27	28	29	30	
31	32	33	34	35	36	37	38	39	40	
41	42	43	44	45	46	47	48	49	50	
51	52	53	54	55	56	
57	58	59	60	61	62	63	64	65	66	
67	68	69	70	71	72	73	
74	75	76	77	78	79	80	81	
82	83	84	85	
86	87	88	89	90	91	92	93	94	95	
96	97	98	99	100	
101	102	103	
104	105	
106	107	108	109	
110	111	112	113	114	115	116	117	
118	119	120	121	122	123	124	125	126	
127	128	129	130	131	132	
133	134	135	136	137	138	139	
140	141	142	143	144	145	146	147	148	
149	150	151	
152	153	154	155	156	157	158	159	160	161	
162	163	164	165	166	167	168	169	170	171	
172	173	174	
175	
176	177	178	179	180	181	182	183	184	
185	186	187	188	189	190	
191	192	193	194	
195	196	197	198	199	
200	201	
202	
203	204	205	206	207	208	209	210	211	212	
213	214	215	
216	217	218	
219	220	
221	222	223	224	
225	226	227	228	
229	230	

Total number of jobs
231

Processing times of jobs
8	8	1	2	2	9	
9	6	5	7	10	10	
10	3	4	3	9	3	
10	9	6	9	4	9	
9	1	10	7	1	1	
1	5	7	6	9	1	
7	6	10	5	4	5	
5	4	8	1	2	5	
8	7	4	3	6	10	
3	7	10	1	6	9	
6	5	1	7	9	1	
2	5	1	7	8	10	
4	4	6	1	4	6	
4	8	10	8	5	6	
2	8	10	7	4	6	
1	3	9	9	8	8	
3	5	6	1	4	2	
9	4	7	7	6	3	
6	7	5	7	10	2	
10	1	10	4	10	9	
6	1	3	8	10	3	
6	5	6	8	4	7	
1	6	8	6	2	2	
10	9	4	4	9	10	
6	3	9	1	5	4	
5	1	2	2	9	7	
8	4	4	1	4	10	
8	8	6	10	10	10	
1	2	2	9	7	2	
4	10	2	1	4	7	
9	1	9	8	2	1	
1	7	8	3	9	10	
8	3	5	4	3	6	
4	5	7	9	8	6	
2	7	5	6	9	6	
6	10	10	3	3	3	
10	1	9	1	4	2	
5	8	9	1	9	4	
5	8	2	9	7	4	
8	6	8	9	8	5	
8	9	4	8	4	10	
7	6	7	2	10	3	
9	9	4	4	7	7	
8	7	5	6	4	8	
7	3	1	6	2	10	
9	4	4	2	2	8	
10	10	9	4	8	2	
5	1	10	10	10	10	
8	7	5	1	5	2	
6	3	4	6	2	1	
10	2	7	2	3	10	
10	1	4	8	8	9	
5	9	7	10	7	3	
8	9	5	10	2	5	
8	9	4	7	9	5	
5	10	4	2	8	2	
10	9	10	10	5	6	
4	8	9	4	3	10	
3	9	5	6	1	4	
2	1	2	8	5	4	
10	3	8	6	9	2	
9	4	3	8	4	2	
4	5	8	9	3	3	
8	6	10	6	5	10	
5	10	7	6	2	9	
9	10	9	2	7	1	
4	9	10	5	5	3	
7	2	2	7	10	7	
9	8	1	1	1	4	
4	4	4	10	9	6	
3	5	4	10	8	3	
7	10	1	8	5	4	
7	7	8	3	9	9	
10	7	6	6	5	8	
3	8	4	8	4	3	
1	2	9	10	8	2	
3	9	6	3	1	1	
9	6	5	2	5	8	
1	9	1	3	10	3	
1	8	2	4	8	9	
9	5	9	7	7	10	
8	9	5	10	2	3	
1	8	4	8	2	1	
8	10	4	9	3	10	
10	1	1	3	3	4	
6	5	8	1	3	2	
6	9	6	2	1	2	
10	8	7	5	6	7	
8	10	1	9	8	2	
8	6	7	10	9	6	
7	2	10	6	2	7	
8	8	2	9	8	10	
10	3	1	6	4	4	
8	4	2	6	1	2	
5	9	7	8	9	10	
9	3	4	3	3	5	
7	4	2	5	6	8	
9	10	7	3	1	7	
9	10	4	6	5	7	
9	4	2	2	5	4	
1	8	2	5	10	5	
6	10	6	10	5	8	
1	1	2	1	6	7	
8	8	4	6	2	10	
5	4	1	8	6	4	
2	3	4	7	2	6	
5	6	3	3	2	5	
4	9	7	6	3	8	
3	4	5	3	6	10	
3	2	1	8	5	3	
10	5	2	2	6	5	
5	5	8	9	6	8	
7	7	3	1	9	10	
8	9	10	6	6	8	
8	7	7	9	2	2	
3	5	6	7	9	2	
5	1	2	1	1	4	
9	8	6	8	9	4	
9	10	4	7	2	4	
3	10	10	5	7	4	
4	9	1	9	3	10	
7	8	6	7	10	5	
2	7	6	3	4	3	
8	7	8	4	5	6	
2	8	6	9	8	4	
3	2	4	1	6	9	
9	10	7	5	2	9	
3	2	10	2	9	6	
9	3	6	9	5	2	
1	8	3	10	2	8	
5	2	7	4	1	9	
5	10	7	9	8	8	
4	5	7	10	4	5	
6	3	8	8	8	2	
6	3	6	6	3	10	
6	8	8	7	10	2	
9	7	2	4	10	7	
8	5	9	9	7	6	
4	7	9	7	2	1	
4	7	6	10	5	1	
10	10	7	2	4	10	
6	7	3	5	9	10	
10	10	9	3	3	7	
9	5	2	5	4	1	
7	6	7	2	4	9	
3	3	9	7	4	7	
9	7	6	7	9	5	
7	1	4	10	9	7	
4	5	9	8	1	3	
5	6	7	1	9	2	
2	5	10	10	3	5	
10	3	5	5	4	3	
2	9	8	6	8	8	
1	8	7	8	3	2	
6	4	7	5	7	10	
4	5	8	4	10	1	
4	5	6	7	10	7	
2	3	3	7	10	4	
9	4	4	5	9	10	
8	6	10	10	9	4	
6	5	3	6	7	6	
7	2	9	2	3	6	
6	5	7	2	2	3	
10	3	4	8	8	7	
10	9	1	5	2	1	
5	8	3	4	2	6	
10	1	2	10	5	10	
6	5	9	1	7	9	
4	9	6	8	7	2	
9	5	3	7	2	4	
4	3	1	7	2	2	
1	10	4	1	2	10	
5	1	7	8	7	9	
2	5	5	1	5	6	
3	6	3	3	5	10	
5	8	2	4	4	4	
10	9	9	3	10	10	
1	7	3	7	6	3	
10	3	1	7	10	4	
3	2	7	8	7	10	
10	4	8	3	1	8	
4	3	4	4	4	1	
10	4	5	4	7	6	
8	8	2	4	4	7	
6	10	2	1	3	10	
10	8	5	3	2	6	
10	6	5	1	8	2	
8	5	6	8	4	2	
6	7	9	9	8	3	
1	8	1	7	7	4	
2	5	7	7	9	10	
4	4	6	10	6	1	
5	9	10	9	3	8	
9	6	5	3	9	5	
1	8	3	10	4	9	
6	4	10	5	7	4	
2	3	4	2	1	9	
5	5	3	9	10	6	
6	9	2	4	7	10	
3	6	8	2	10	5	
8	4	9	2	10	6	
9	6	1	1	10	5	
5	10	10	8	4	3	
7	4	9	10	3	5	
2	5	4	1	7	5	
3	10	5	2	7	9	
9	4	2	5	2	4	
4	6	8	7	10	10	
9	10	7	4	3	1	
3	2	1	6	2	10	
7	7	4	8	2	5	
1	5	3	1	3	9	
8	5	2	2	6	8	
5	10	8	10	4	5	
5	2	2	6	8	3	
6	1	2	10	3	3	
10	6	3	5	1	5	
3	7	6	4	7	1	
3	9	2	10	3	4	
5	5	3	5	3	10	
2	8	5	7	4	2	
5	1	3	9	5	10	
2	8	10	3	8	9	
8	2	3	6	3	7	
2	4	2	1	8	10	
10	5	10	5	4	5	
3	4	10	9	2	10	
9	5	8	6	6	2	
1	7	9	9	4	2	
6	2	4	6	2	7	
7	4	5	2	4	5	

Stepup times between Families, where [f][f] represents initial setup time
On machine	1
39	41	50	26	1	32	19	37	7	5	27	40	29	40	35	2	6	42	4	27	14	26	22	24	23	42	44	49	39	18	13	40	5	37	47	17	2	2	5	36	
50	47	7	18	50	3	15	25	14	14	20	7	43	42	21	18	15	6	31	7	46	2	3	41	32	36	36	8	3	46	33	25	33	20	6	27	50	48	40	49	
47	8	33	20	19	37	7	34	3	6	3	42	19	2	27	25	12	20	28	37	41	11	9	38	40	41	34	10	41	38	26	34	41	26	8	20	49	12	32	44	
17	21	11	48	24	21	14	46	6	10	12	28	10	22	14	3	11	41	15	25	35	37	50	28	1	12	9	29	28	45	9	18	35	14	16	15	41	20	36	42	
30	5	8	33	40	6	40	15	34	40	29	16	2	35	15	41	33	47	8	1	5	1	27	25	26	26	21	19	39	18	30	31	2	24	27	8	10	23	12	32	
20	29	40	38	43	29	39	17	34	9	26	22	43	21	40	33	10	37	46	50	8	10	41	15	9	46	12	20	24	41	9	49	34	45	4	15	2	43	47	48	
34	11	8	10	15	22	45	44	27	2	1	12	38	9	29	26	43	6	29	36	4	21	29	41	42	9	5	16	33	20	48	10	1	25	12	33	44	7	33	4	
36	49	45	46	40	8	47	16	30	13	10	8	39	33	9	46	30	24	39	49	37	15	22	24	40	15	27	24	21	23	24	47	19	29	11	18	13	5	10	14	
1	19	32	35	42	16	34	8	22	10	47	15	45	1	50	32	39	35	30	13	43	7	17	37	41	4	13	33	42	21	8	2	42	11	14	31	29	35	50	12	
44	12	48	16	27	31	39	38	10	9	16	16	28	37	5	4	22	21	10	10	30	3	13	24	36	22	3	42	30	31	46	13	41	20	39	36	21	13	39	12	
16	10	21	45	8	46	24	9	16	41	35	30	18	2	8	44	11	23	10	32	19	17	41	31	12	43	26	41	36	10	46	40	25	9	29	30	9	11	25	48	
18	10	38	10	1	31	20	38	39	45	23	29	34	46	47	35	11	19	49	47	2	46	21	24	3	9	15	48	2	13	17	10	6	49	28	16	6	39	38	48	
1	39	6	44	19	29	40	25	26	3	3	21	17	2	29	32	43	48	18	8	36	27	6	25	9	6	24	11	2	19	26	18	47	16	22	17	6	36	7	35	
32	14	33	5	33	46	37	30	3	7	5	4	23	32	26	32	1	16	8	41	43	36	48	5	47	43	26	9	10	42	11	47	23	41	25	30	1	23	1	1	
28	9	2	27	33	33	22	5	14	25	6	33	33	13	26	15	4	47	50	45	50	48	45	9	31	33	14	9	50	18	27	41	17	29	34	15	36	7	33	17	
11	50	25	17	16	14	45	19	11	8	25	29	15	41	28	35	7	28	23	16	22	24	47	47	7	38	17	10	6	43	46	4	16	14	46	20	21	26	33	40	
48	49	6	1	33	6	44	37	7	3	10	47	49	6	19	32	2	14	16	32	38	31	19	21	13	36	14	48	30	12	46	14	29	35	11	47	14	28	1	44	
34	13	42	40	31	38	15	22	43	38	34	19	11	6	14	20	15	37	2	44	29	21	5	43	6	19	21	39	39	22	40	30	4	33	46	37	3	17	1	13	
7	18	9	5	43	25	47	38	48	49	42	30	38	32	6	46	15	28	41	28	13	21	24	24	27	29	12	45	25	16	5	46	44	21	2	29	38	3	50	21	
32	25	14	45	1	10	24	4	15	49	25	47	41	7	49	17	22	13	7	50	39	12	15	29	38	35	41	19	17	13	15	39	10	9	43	27	45	46	46	35	
1	7	4	50	11	41	22	50	41	15	12	41	40	8	16	35	24	23	27	46	8	32	28	6	48	22	28	15	1	40	2	38	1	2	36	16	3	3	26	44	
6	39	17	38	11	29	19	38	46	4	7	41	7	17	19	2	9	6	49	23	38	11	1	7	35	9	24	11	31	23	23	39	12	34	38	26	24	12	15	25	
28	8	41	50	13	26	50	24	47	28	49	41	42	22	50	24	39	41	17	15	13	40	4	6	36	38	44	37	15	30	20	18	35	18	2	37	28	44	9	17	
36	11	13	33	21	44	10	33	18	3	41	40	2	1	36	46	46	42	6	8	46	32	32	1	32	8	1	31	7	13	42	9	33	39	39	17	18	20	29	44	
49	42	17	49	23	12	1	47	44	32	45	19	25	22	10	28	8	47	34	43	44	1	45	9	50	49	34	22	15	1	25	1	46	43	12	2	33	30	5	10	
34	4	41	17	20	49	21	33	1	25	24	15	15	45	7	43	4	19	5	13	44	46	35	46	25	1	34	40	17	27	1	49	26	36	41	48	15	48	30	31	
35	3	18	8	3	12	11	3	13	4	46	4	8	37	18	20	22	50	25	7	37	10	22	48	45	20	44	45	30	30	45	4	42	38	12	12	26	2	1	11	
29	16	21	6	13	47	31	45	24	13	1	44	31	13	41	39	10	39	2	16	43	14	21	17	2	7	28	35	19	13	36	5	31	2	17	31	36	6	24	26	
41	8	6	21	5	11	47	34	19	28	8	5	28	9	21	1	18	15	1	31	10	14	15	43	27	41	49	19	39	1	11	20	35	22	14	48	18	33	22	30	
12	50	50	38	33	14	23	32	12	1	26	22	41	15	2	10	49	14	46	14	38	28	32	11	37	39	45	41	31	34	8	37	27	11	47	9	44	36	30	24	
8	36	12	12	43	49	36	8	30	44	47	24	34	38	3	3	32	42	7	6	44	45	44	16	11	16	24	36	30	23	10	18	36	44	42	37	50	39	21	22	
8	11	18	22	17	26	26	31	42	46	46	28	43	34	13	26	25	2	23	31	14	28	23	25	23	38	12	33	32	34	4	21	23	20	5	46	45	6	38	42	
41	1	45	25	31	28	9	43	3	44	44	13	39	15	26	35	41	41	48	33	27	41	26	19	2	49	49	1	11	19	28	38	22	50	1	46	50	43	23	41	
17	5	50	20	19	20	35	23	42	32	21	3	30	21	25	32	41	17	33	24	15	31	43	34	33	41	25	7	46	7	36	24	5	27	32	4	4	34	10	45	
33	50	44	8	2	11	14	7	23	18	39	17	7	29	9	8	42	17	1	25	15	49	30	34	43	37	41	35	11	42	43	37	7	4	25	13	11	7	36	7	
18	49	8	50	26	27	13	26	1	10	11	10	42	28	26	22	26	7	42	11	32	20	37	5	30	45	3	48	25	24	13	28	30	21	41	3	9	44	3	30	
17	23	50	44	46	22	11	9	39	14	9	2	23	31	35	17	16	35	27	7	16	38	28	47	4	48	20	46	4	7	10	32	34	1	5	6	35	35	47	13	
50	28	46	6	47	49	13	43	2	3	5	3	9	1	7	40	50	33	4	23	5	1	1	42	48	49	41	36	21	28	10	37	47	40	34	35	19	19	26	33	
44	24	12	10	49	48	23	17	1	6	12	36	32	1	30	18	23	28	37	45	48	21	1	29	37	1	32	6	25	45	33	3	18	11	29	5	2	48	25	50	
9	6	44	44	1	5	4	35	31	20	13	43	49	21	19	21	18	32	44	29	19	22	12	35	38	19	50	14	2	35	9	49	10	25	27	11	2	20	17	31	
On machine	2
43	50	19	37	46	46	7	47	36	32	37	31	9	35	34	46	33	45	31	42	19	23	14	18	31	48	47	47	13	42	34	13	50	2	4	49	43	4	16	18	
10	7	20	25	21	10	13	44	8	6	9	45	12	29	8	45	32	34	39	44	13	28	50	36	15	48	5	1	15	22	30	12	28	34	16	35	38	28	10	47	
33	11	27	29	25	15	38	34	11	30	12	12	49	36	25	50	20	49	22	47	43	43	43	44	11	18	7	3	9	13	44	27	16	47	10	46	20	30	45	38	
17	29	6	43	42	37	26	11	17	48	22	9	25	43	42	4	7	16	41	4	22	46	17	16	3	36	24	17	16	30	14	23	40	8	6	7	12	6	50	2	
41	1	9	20	45	10	26	21	26	30	3	41	33	49	38	37	23	43	20	42	48	33	23	25	18	41	6	47	50	45	37	22	36	28	4	50	44	35	41	19	
5	18	32	38	19	17	46	47	13	25	19	6	40	27	18	10	12	37	13	31	22	7	10	7	44	40	2	46	44	22	26	38	28	14	5	16	42	35	9	22	
25	27	27	25	2	40	17	42	34	50	30	30	4	10	32	2	30	18	15	44	7	44	14	34	35	36	12	11	36	14	5	1	17	4	5	48	47	43	50	1	
1	22	1	47	33	43	45	5	28	22	10	23	31	50	35	47	35	1	5	41	20	5	9	22	49	31	49	21	23	29	29	37	17	38	19	50	13	50	19	12	
41	47	4	13	17	11	30	30	9	29	17	6	34	31	4	21	1	11	10	44	50	18	23	41	2	3	19	39	34	2	39	35	9	33	6	12	50	10	48	3	
39	47	37	24	18	9	3	18	40	4	39	42	34	17	17	43	49	1	17	29	8	42	30	2	42	8	20	47	8	16	21	33	27	5	36	9	1	43	31	49	
1	41	10	26	48	26	36	34	6	50	20	3	46	21	15	21	19	44	12	28	47	6	23	24	45	49	13	12	1	14	24	48	42	44	31	24	40	35	20	10	
18	35	31	25	15	48	43	34	24	48	43	32	49	2	7	25	35	42	8	9	31	25	28	48	37	30	1	47	22	8	2	8	39	22	34	24	21	23	24	49	
6	22	20	17	13	9	20	34	40	11	27	47	1	19	4	45	33	19	48	49	12	13	26	4	7	6	22	12	34	33	50	41	9	9	23	24	26	12	7	34	
11	50	3	5	49	33	21	40	46	39	10	6	34	1	50	37	11	20	47	33	14	26	38	12	21	41	17	9	11	18	35	35	14	49	11	9	38	26	9	46	
26	10	23	40	27	2	26	27	49	25	46	45	24	40	17	2	7	39	41	28	41	24	4	20	3	3	25	3	30	29	31	7	46	25	32	5	2	12	47	27	
49	2	44	10	29	36	27	31	29	2	29	1	49	3	6	47	38	32	10	9	26	50	40	1	48	34	10	5	22	49	7	41	12	42	15	50	16	1	37	17	
23	31	46	48	14	32	16	31	8	13	13	3	30	20	36	22	25	43	25	26	21	50	38	22	44	6	24	23	4	8	28	44	44	41	13	22	5	33	31	10	
32	11	22	8	50	9	30	30	11	22	43	4	37	50	41	50	49	1	17	33	4	10	6	48	16	31	18	41	43	15	45	27	40	37	37	43	43	31	9	48	
20	4	4	40	7	2	39	11	22	5	3	35	27	29	9	42	33	46	8	18	38	44	17	41	4	4	7	48	41	37	25	34	25	8	26	14	11	21	2	35	
9	3	15	17	20	31	18	10	8	34	7	41	18	29	28	39	12	4	6	10	44	22	40	25	32	47	44	27	25	9	29	36	25	4	49	31	50	3	27	48	
27	4	20	5	29	38	24	28	8	46	32	45	19	50	27	13	3	6	13	26	50	44	45	45	26	41	32	43	23	9	20	18	41	34	44	6	20	40	30	12	
37	20	35	37	40	15	22	17	15	47	4	24	22	11	22	23	48	7	15	23	13	18	17	16	10	34	7	26	32	16	47	26	16	3	6	38	31	32	19	5	
22	32	36	16	44	18	42	14	36	15	44	1	11	25	41	18	6	45	28	26	5	38	5	40	45	15	49	47	5	39	12	16	40	10	17	14	12	46	16	29	
50	20	14	11	1	29	48	2	28	22	7	14	47	33	44	22	16	29	27	10	28	33	34	12	26	5	33	27	18	6	50	42	5	38	44	16	13	23	23	26	
26	9	7	1	6	3	19	38	18	46	35	40	33	50	33	46	24	12	22	14	11	23	8	11	21	34	16	12	2	23	27	14	34	6	47	29	47	39	25	2	
13	23	10	17	10	2	36	32	29	4	41	33	25	6	22	10	2	5	7	27	8	18	33	39	41	40	46	23	41	27	41	48	33	41	48	4	49	24	28	37	
23	42	15	25	16	15	13	29	39	36	4	21	38	4	39	23	22	41	14	37	44	4	35	22	47	38	47	25	43	41	9	37	40	29	29	28	39	1	49	20	
10	50	7	40	24	21	43	22	26	14	9	29	48	37	40	18	7	9	43	8	42	37	4	32	37	25	9	48	23	8	27	24	13	30	10	40	12	28	37	36	
46	10	17	17	49	47	15	32	38	22	4	42	27	32	36	44	22	47	29	37	32	5	20	5	47	33	38	13	23	28	21	3	37	28	30	23	11	13	34	27	
34	41	24	20	22	11	3	5	4	35	44	34	34	30	49	18	2	40	4	15	13	14	9	41	2	17	42	16	37	37	10	7	9	47	42	30	47	28	32	5	
1	6	15	21	47	16	24	30	16	20	6	20	38	19	27	16	32	10	6	12	14	30	39	18	28	17	29	11	47	42	48	36	11	30	35	15	11	18	23	39	
50	21	19	31	43	35	41	11	22	50	17	13	36	43	28	32	47	13	44	17	34	42	15	39	41	38	38	19	19	32	50	45	16	8	24	34	44	40	3	8	
18	5	2	16	29	49	10	23	38	43	45	34	42	3	30	18	45	17	6	29	34	45	49	11	13	28	38	50	7	9	4	19	22	46	29	21	22	14	29	27	
42	20	3	48	41	44	16	47	1	11	17	9	40	1	18	16	31	44	15	46	5	4	33	26	20	40	32	7	37	30	12	18	8	14	12	41	50	21	25	44	
6	20	5	23	21	19	8	8	22	33	43	23	9	10	19	37	35	24	36	37	42	41	7	47	33	20	33	49	30	49	19	47	43	39	20	49	15	23	4	44	
29	24	37	46	33	6	24	16	44	45	30	7	44	35	31	50	2	38	33	18	9	18	39	6	1	48	40	15	49	28	31	38	32	42	22	47	37	26	20	39	
43	38	13	8	3	7	23	29	40	14	14	48	37	25	38	41	14	38	35	49	34	43	11	12	45	47	1	41	7	26	8	12	30	30	44	2	33	25	19	16	
20	43	47	35	31	22	31	16	28	6	5	8	2	13	12	8	37	10	40	39	29	41	47	11	27	40	13	30	33	30	34	9	35	2	24	8	29	38	8	48	
7	41	13	18	21	45	45	34	45	26	32	37	23	43	11	11	21	26	4	16	40	24	45	8	4	21	42	11	5	24	41	17	45	20	46	1	45	15	1	28	
29	10	30	46	19	13	35	14	4	35	28	33	26	31	18	25	25	4	12	6	22	21	46	36	31	30	41	47	31	26	47	12	33	23	36	42	11	4	48	41	
On machine	3
38	41	42	36	17	30	42	24	20	32	4	33	24	14	11	2	19	46	40	10	25	20	12	38	3	46	10	1	15	44	22	33	22	24	48	14	25	44	20	32	
13	39	5	36	49	43	14	8	1	3	19	12	37	32	4	11	41	20	25	14	33	37	12	5	23	39	25	2	33	1	28	25	15	2	8	20	30	21	33	31	
39	43	31	39	38	38	41	31	50	24	14	37	20	25	45	24	31	47	29	2	9	5	13	48	5	22	1	26	42	37	30	13	28	29	3	23	30	33	6	32	
37	47	24	25	33	22	31	44	34	16	33	17	7	49	5	8	36	6	21	8	13	34	13	31	22	2	29	19	50	24	4	46	28	17	25	50	4	39	41	46	
11	21	30	11	2	17	9	29	23	21	28	21	21	35	29	6	5	5	44	7	45	23	41	39	5	1	39	49	43	5	36	28	10	14	48	19	40	34	42	1	
11	22	17	17	16	13	9	28	38	45	29	3	44	50	30	25	15	12	12	6	21	44	28	35	13	34	38	3	16	15	50	45	7	6	35	48	34	21	42	36	
28	31	28	37	27	18	32	34	14	47	50	9	40	17	3	17	26	13	1	30	50	33	7	48	6	9	50	48	46	48	28	50	41	14	26	7	30	9	33	45	
20	31	39	38	42	10	12	33	20	22	30	11	12	1	30	48	25	10	17	1	47	45	17	6	41	38	40	7	45	32	33	50	46	13	29	13	5	17	46	46	
39	42	9	40	25	40	35	14	50	44	41	5	13	50	30	24	33	18	46	49	28	4	11	10	2	48	26	29	6	42	30	46	29	6	24	28	33	11	10	46	
19	2	18	26	10	42	22	19	5	10	1	42	25	14	36	19	22	48	2	17	14	22	11	42	4	11	2	35	47	16	25	42	39	35	10	9	8	8	38	9	
19	30	36	46	32	27	11	48	37	18	6	25	15	9	1	26	4	39	48	36	21	30	47	38	8	32	21	50	8	11	38	41	17	29	45	34	20	12	47	7	
22	33	29	12	49	8	22	39	50	33	30	3	5	22	33	46	22	24	15	44	3	50	10	31	50	22	3	14	8	50	48	1	17	28	12	42	24	33	29	49	
15	23	25	29	6	29	19	48	32	35	4	18	39	18	18	26	19	45	26	9	4	8	50	48	50	12	19	39	37	39	13	47	12	35	6	35	16	18	5	20	
44	42	10	47	44	16	21	36	30	4	43	7	20	30	18	39	19	18	44	13	37	3	16	4	41	30	9	40	13	24	3	45	47	13	47	6	4	31	6	23	
41	4	29	29	35	15	39	8	24	35	44	20	26	28	9	37	18	47	29	49	14	30	48	11	3	44	45	37	4	49	10	16	12	35	18	25	49	6	1	24	
2	26	4	3	42	39	3	29	14	45	25	48	3	38	8	15	40	16	30	11	36	35	24	20	26	26	7	48	34	50	35	37	44	14	1	48	27	19	6	50	
23	29	15	20	36	5	43	48	27	24	30	17	42	5	4	13	16	2	20	32	43	20	48	13	42	43	25	26	8	27	23	15	19	7	48	31	4	35	28	14	
34	30	47	43	35	29	18	18	3	8	12	12	40	43	26	34	26	14	28	26	19	45	16	37	17	11	28	32	1	17	28	41	33	42	2	24	30	14	42	39	
28	31	12	16	35	8	2	30	13	38	8	16	8	42	48	48	19	32	48	37	24	3	5	30	33	5	30	46	17	11	20	50	50	32	12	44	27	9	35	16	
7	14	37	14	48	48	36	29	42	36	35	11	9	46	49	20	47	25	30	9	14	48	17	37	2	46	3	42	4	13	45	1	28	1	35	20	29	19	48	38	
30	10	33	31	42	11	15	47	26	43	42	31	32	18	14	20	29	14	14	6	35	13	17	31	37	46	36	2	26	44	9	39	7	1	31	43	48	36	31	14	
19	13	36	26	49	47	35	17	38	38	5	28	14	24	26	33	28	38	26	38	7	28	10	23	2	45	27	24	1	46	37	5	1	45	45	27	15	14	32	12	
1	5	49	4	35	37	12	47	1	41	47	28	18	45	31	48	49	16	50	32	50	45	5	2	45	2	26	46	12	7	5	23	10	47	29	9	31	47	7	1	
21	22	46	1	30	9	20	23	15	19	21	12	29	8	46	39	30	29	35	44	47	19	27	13	26	2	5	1	2	11	8	31	47	26	34	1	17	45	15	4	
26	44	25	2	4	1	23	30	21	2	37	18	43	1	18	30	1	15	35	2	20	22	20	29	35	22	14	8	2	33	16	14	38	24	20	25	34	49	2	37	
2	11	25	44	12	31	26	5	35	23	18	2	24	49	46	31	29	17	2	12	19	26	37	39	30	30	34	22	27	17	35	43	45	19	23	48	34	38	14	17	
33	34	35	23	28	38	28	26	11	28	44	7	12	3	36	17	50	42	33	46	45	25	32	4	6	46	46	38	11	16	17	26	37	49	41	19	42	36	45	48	
15	28	45	33	36	15	11	16	34	18	11	32	3	1	12	35	46	33	41	4	44	26	17	26	40	24	23	40	19	20	30	32	26	46	6	30	13	7	14	38	
19	48	46	18	5	16	45	27	12	49	10	37	27	42	29	42	44	29	9	8	10	35	31	47	37	39	6	39	33	10	33	16	29	36	21	21	37	14	21	20	
39	1	26	7	32	25	22	33	45	47	7	6	41	6	21	7	6	49	33	44	25	49	22	50	26	41	1	23	24	30	17	24	10	6	14	33	42	44	12	23	
16	10	24	32	2	26	6	28	47	47	23	50	20	40	45	19	5	47	29	24	11	35	14	43	34	1	34	23	20	8	47	17	49	24	19	2	8	36	16	25	
25	24	8	12	3	18	13	7	20	9	39	5	14	48	8	33	22	33	36	42	22	2	18	37	2	31	22	46	41	10	28	25	46	49	26	28	28	15	13	25	
36	27	49	15	13	6	23	17	33	24	19	42	36	1	6	21	38	48	18	30	37	17	46	10	46	11	49	18	33	35	26	1	49	7	50	15	50	8	12	26	
34	17	24	22	3	20	44	19	25	1	6	12	18	15	36	21	2	41	23	45	34	19	12	47	31	40	47	48	45	39	5	18	11	15	38	32	35	47	37	19	
33	7	48	40	41	38	42	20	42	30	22	8	39	20	27	38	13	35	23	28	11	28	40	24	20	9	7	35	16	29	23	21	33	40	47	5	19	25	1	31	
32	40	4	23	17	28	38	48	45	32	38	29	41	27	23	28	36	32	26	11	30	21	14	42	19	45	19	17	1	41	34	30	7	22	46	35	22	27	24	38	
11	49	33	44	21	11	49	30	3	41	14	41	46	14	5	12	36	45	11	49	36	38	48	5	38	23	29	4	26	22	21	44	18	45	37	45	37	30	46	42	
35	35	39	17	7	29	13	30	34	1	26	27	47	12	19	14	33	42	4	26	5	45	34	41	41	18	50	40	10	10	35	47	1	34	42	3	42	41	38	43	
29	16	2	6	25	34	29	27	2	6	39	11	20	15	40	49	43	9	27	1	50	28	45	5	39	1	31	37	12	33	41	11	46	50	14	6	29	12	11	48	
29	44	28	33	7	45	45	22	3	29	18	32	21	9	39	45	6	4	37	47	20	11	41	14	25	20	23	34	24	45	20	30	46	17	28	34	48	34	38	26	
On machine	4
8	35	3	19	18	29	19	11	46	21	40	21	19	22	22	12	25	48	27	22	28	44	8	39	22	2	38	20	32	29	12	1	29	36	7	48	46	26	38	46	
5	19	29	1	48	6	11	13	32	19	8	23	9	20	24	29	16	4	21	29	18	27	11	42	39	1	16	20	42	27	21	24	34	7	21	40	34	7	15	10	
26	21	26	39	24	32	7	12	38	3	49	36	36	37	4	50	33	23	26	19	48	50	25	21	3	14	14	28	25	10	48	41	14	49	30	19	33	39	47	24	
50	50	43	23	30	41	22	41	25	20	13	43	40	18	17	39	2	33	29	15	1	12	42	14	50	26	36	27	32	48	23	9	1	20	30	12	37	8	25	12	
17	13	48	8	18	48	45	22	22	42	5	37	17	43	18	48	48	9	4	45	20	3	12	49	13	48	36	3	11	19	15	23	9	19	12	26	14	11	11	37	
44	43	19	12	44	45	13	17	1	19	21	1	17	35	2	21	6	25	45	14	42	27	27	22	10	25	46	45	18	22	21	4	1	34	15	40	25	17	22	23	
28	48	2	27	42	22	42	37	41	48	26	27	23	25	36	19	29	28	40	23	2	50	20	26	10	48	27	3	22	31	2	32	50	27	7	16	25	14	25	38	
12	6	32	42	4	32	33	22	12	45	10	8	8	8	33	3	28	28	6	15	49	18	7	47	19	47	8	25	24	48	41	2	1	13	37	20	31	39	31	42	
43	39	49	40	2	46	29	20	46	5	27	23	26	30	33	32	13	5	22	18	40	41	22	2	27	4	39	9	43	27	44	35	40	43	46	46	33	41	6	25	
7	38	42	39	5	13	23	39	28	22	26	16	5	29	15	46	27	24	46	21	28	39	10	40	8	50	3	32	36	10	22	33	30	25	20	42	14	50	14	47	
12	11	11	27	40	6	25	23	43	38	32	31	14	19	14	48	7	24	13	22	34	42	50	40	45	2	4	25	27	18	4	20	19	23	42	23	5	27	5	3	
37	25	12	35	28	6	3	45	49	4	33	36	3	2	3	25	10	50	14	46	10	49	2	2	19	19	33	26	10	34	47	39	23	16	47	41	3	11	31	1	
15	39	15	48	22	27	42	32	31	21	19	49	31	33	15	39	36	16	24	40	50	42	47	3	17	34	25	23	25	35	21	2	22	48	38	24	41	48	3	8	
1	24	12	39	9	35	39	25	16	38	50	33	45	27	37	44	40	8	32	4	16	23	32	50	10	10	27	20	10	1	22	9	35	28	17	21	17	11	39	17	
39	34	24	42	29	23	15	14	49	27	14	6	34	6	42	28	17	43	34	35	50	45	43	28	32	22	3	21	16	36	34	24	9	41	23	33	44	48	7	45	
20	37	42	34	40	9	4	35	9	21	6	37	39	14	4	6	29	41	13	40	34	15	8	20	10	24	47	21	31	32	15	3	17	23	18	8	16	48	46	3	
28	31	17	40	1	17	7	16	49	22	39	30	7	7	42	10	17	36	12	7	37	48	21	34	23	26	6	47	12	26	15	45	10	45	40	44	4	4	48	11	
3	12	17	29	34	47	7	34	5	36	44	21	44	37	35	1	8	47	47	20	17	40	12	41	41	28	4	27	11	45	13	31	50	15	28	3	7	43	21	44	
8	29	29	43	6	35	29	1	26	29	10	43	37	9	21	19	13	1	37	21	13	4	42	11	43	42	45	18	50	8	16	44	40	5	33	49	45	1	15	10	
36	17	9	32	31	46	1	23	34	27	26	18	32	20	14	21	32	46	23	40	8	16	31	36	38	29	18	5	50	33	41	21	20	34	20	36	50	14	9	45	
50	25	21	14	30	19	2	43	23	50	9	36	46	30	3	20	8	43	20	34	2	5	44	44	40	28	14	1	41	10	41	30	43	6	49	33	1	3	9	29	
23	5	13	48	50	4	44	44	8	27	23	46	31	14	41	37	31	50	23	40	24	45	47	32	35	38	15	4	46	31	17	11	30	18	21	7	25	47	49	45	
20	18	20	15	7	15	10	38	32	11	3	33	40	28	13	42	47	10	20	13	1	21	50	19	22	38	50	26	44	30	3	15	23	13	4	14	50	36	8	5	
1	28	48	39	46	23	24	17	20	24	42	4	6	46	15	17	36	17	27	29	18	10	39	38	4	12	6	1	33	28	36	40	34	28	3	36	24	49	26	41	
49	1	21	45	36	37	41	35	10	36	24	44	29	20	15	6	1	43	6	14	36	3	6	34	43	26	49	48	20	19	43	22	34	23	25	26	36	48	23	1	
47	45	8	45	26	2	21	17	22	7	28	21	3	27	27	19	46	29	4	17	5	50	10	26	9	25	50	33	40	9	13	42	13	26	24	6	15	17	5	45	
45	12	23	43	3	7	33	14	30	32	24	50	17	3	23	21	45	20	22	34	14	39	49	16	36	6	26	16	16	6	27	2	35	37	6	14	21	26	23	22	
18	8	17	33	30	11	43	42	50	10	40	16	31	16	5	33	49	16	34	15	42	28	29	27	25	6	34	18	17	3	36	5	20	19	42	23	7	47	3	36	
34	36	21	9	49	23	21	15	22	17	27	20	5	22	42	43	22	17	9	8	47	5	44	49	34	48	17	41	27	11	19	37	12	48	6	15	30	1	15	4	
45	34	31	5	3	13	13	24	45	4	31	44	25	50	30	49	9	24	36	37	44	40	18	24	50	5	31	14	4	49	49	36	45	13	10	19	41	2	47	43	
25	11	24	26	1	14	17	16	31	46	10	47	26	47	21	43	1	5	12	36	4	24	29	17	49	6	48	48	23	12	14	18	9	9	26	18	41	16	43	34	
38	37	24	21	17	17	7	6	9	17	24	43	19	5	25	16	26	43	34	24	25	10	8	19	10	21	19	30	39	34	43	42	23	30	8	9	7	47	6	41	
12	6	6	15	23	29	50	1	25	25	24	30	26	36	6	32	49	30	12	9	49	47	41	36	16	14	23	8	11	2	22	6	25	7	7	28	8	9	11	42	
21	26	15	28	8	49	43	42	34	12	46	44	19	46	30	42	31	17	35	33	14	41	38	43	14	15	21	26	38	13	45	3	37	16	32	1	20	24	16	29	
39	10	36	49	11	44	39	48	19	42	31	12	50	46	17	29	32	46	36	50	12	32	14	18	2	33	14	10	4	18	33	28	43	49	10	13	12	48	16	30	
3	34	18	10	43	8	30	50	1	9	22	6	18	32	30	33	13	8	9	17	48	36	48	18	30	38	23	8	25	34	16	26	7	44	34	35	3	39	45	48	
45	18	38	36	26	23	12	46	22	27	45	47	15	1	27	13	50	14	43	42	42	23	23	8	25	47	30	13	7	44	26	41	11	33	24	10	31	35	27	21	
1	39	28	29	35	30	12	24	26	21	1	19	23	21	36	46	39	42	17	38	6	19	45	34	29	13	14	34	26	20	32	17	6	46	38	18	23	30	9	14	
32	42	2	25	31	49	26	27	15	2	15	50	19	29	4	30	3	49	22	10	47	27	17	46	48	7	39	23	37	17	50	10	30	1	32	32	18	47	30	33	
24	24	11	39	15	5	1	46	35	17	7	8	8	41	50	31	24	41	4	34	31	8	11	19	1	13	36	23	4	28	28	34	23	47	48	28	5	11	27	15	
On machine	5
50	35	21	45	16	23	39	19	1	19	2	20	48	17	50	17	44	18	8	32	26	49	28	26	38	31	18	37	18	20	35	21	9	48	8	3	13	39	8	12	
48	44	26	5	2	16	1	11	49	27	33	42	14	8	36	29	1	11	22	3	15	48	40	11	10	3	46	50	9	32	41	36	6	35	18	5	25	10	6	7	
22	29	42	36	12	4	12	35	41	32	38	13	49	50	18	49	35	44	22	50	36	49	34	12	50	25	47	8	20	38	25	9	25	34	11	44	3	33	20	28	
32	27	43	15	26	22	38	47	39	32	1	17	43	31	27	27	43	32	9	48	43	4	7	5	17	27	11	28	23	30	45	19	42	35	6	15	34	1	34	19	
46	24	39	29	3	23	38	1	34	35	31	41	36	25	35	31	20	48	23	18	43	21	6	50	34	5	5	40	50	46	1	23	46	15	13	32	38	15	46	3	
9	19	14	17	44	39	13	39	50	50	41	26	23	5	26	32	50	10	3	25	22	42	6	37	38	10	2	18	42	48	28	33	24	25	8	28	33	9	45	29	
14	3	22	11	23	3	47	9	42	30	50	32	34	32	21	1	4	17	34	33	13	10	19	43	36	22	4	50	36	7	29	35	38	24	47	47	10	48	18	20	
41	48	49	10	37	14	21	26	46	36	14	34	30	24	33	47	7	13	24	32	43	42	8	22	17	32	10	44	50	27	49	39	22	11	5	1	39	27	28	14	
35	12	42	43	50	44	44	25	1	33	17	16	12	17	32	4	19	6	17	8	49	36	32	39	25	36	26	33	15	35	47	40	50	25	49	36	12	39	27	27	
5	2	42	48	18	8	19	28	10	31	5	45	30	26	35	6	10	32	43	34	29	41	37	9	50	48	40	49	5	44	43	47	21	47	39	34	11	46	12	39	
29	2	17	43	4	5	21	45	11	46	19	28	45	43	22	21	50	28	15	40	28	44	5	14	6	22	25	2	41	5	30	31	34	2	46	40	36	10	28	26	
42	21	41	39	48	40	23	32	37	36	23	41	12	4	15	2	40	4	45	41	43	16	25	50	20	7	41	20	41	15	44	50	40	34	45	9	12	11	1	25	
46	49	19	24	24	8	25	8	33	45	3	40	26	1	24	19	19	28	32	3	40	49	32	49	14	26	7	9	11	36	14	49	36	4	39	22	5	35	13	37	
4	1	20	5	48	37	15	13	15	8	29	6	40	3	17	25	24	23	2	25	22	8	35	4	2	8	49	19	45	17	15	15	41	20	22	7	25	13	33	40	
43	6	1	11	16	22	3	42	32	44	33	46	11	23	9	7	40	47	6	31	38	30	35	30	48	27	2	14	37	18	21	39	47	13	13	17	31	9	5	30	
37	50	44	25	12	6	46	2	34	42	14	38	31	5	3	23	34	18	45	12	22	7	5	16	19	4	39	23	19	44	32	4	11	40	28	12	12	33	16	3	
38	10	37	6	28	17	21	11	12	27	31	19	17	17	36	39	20	14	34	7	14	26	4	23	6	5	20	7	36	25	4	22	25	38	19	11	47	27	45	16	
1	20	35	17	15	33	9	46	38	35	31	15	40	30	37	33	1	42	18	10	26	43	17	19	4	5	13	1	45	40	2	41	33	44	10	6	12	27	49	37	
23	34	22	8	20	7	44	11	40	8	47	3	14	38	46	38	39	14	3	34	50	34	3	2	30	45	4	50	22	44	10	32	30	2	30	29	33	12	29	15	
23	17	28	1	50	1	21	3	28	10	18	22	8	9	49	49	4	3	27	46	30	5	2	14	4	32	20	38	11	26	8	37	15	18	9	30	2	32	41	5	
43	26	43	6	18	45	38	48	11	28	17	6	10	3	22	11	41	16	38	24	40	20	11	49	7	42	32	38	44	18	9	34	35	37	49	24	17	37	10	13	
38	33	4	42	32	43	21	42	3	48	38	13	6	23	25	7	23	4	38	1	2	25	11	13	18	25	44	36	27	27	24	42	15	4	34	12	27	30	47	34	
30	30	41	9	49	36	20	33	25	15	42	13	39	9	8	45	50	47	20	12	42	15	7	32	50	22	45	28	7	49	27	17	24	38	6	2	48	37	9	30	
41	6	5	32	36	9	8	50	30	16	28	8	6	3	5	7	31	7	3	30	24	40	50	19	9	7	42	10	34	9	49	18	9	18	48	34	30	34	30	32	
43	19	15	41	3	38	39	46	19	50	22	26	15	34	30	48	17	29	50	37	5	43	9	14	46	12	23	23	25	3	37	8	29	35	38	14	48	38	24	44	
30	38	22	21	1	1	14	50	24	17	44	20	49	20	1	37	9	45	26	39	46	23	21	43	8	31	31	47	48	32	41	5	28	10	5	2	29	5	39	48	
20	44	14	39	39	29	19	1	10	13	12	37	39	30	34	39	46	34	27	39	45	4	10	7	49	15	35	27	42	29	39	32	21	21	31	45	19	17	33	22	
45	47	18	37	50	22	25	43	3	28	1	22	17	11	15	4	19	26	17	47	25	36	8	40	2	5	26	39	1	3	39	15	29	28	4	41	14	40	19	19	
29	36	37	10	27	18	19	34	31	22	6	46	13	8	5	30	6	5	7	15	50	15	15	7	50	35	15	33	37	12	39	29	14	23	3	17	9	48	29	20	
44	25	13	26	45	3	15	36	17	22	13	21	1	36	32	30	30	47	2	33	25	25	48	1	46	42	8	7	1	50	14	29	25	46	30	21	30	4	49	30	
13	50	25	20	46	11	23	25	42	41	11	3	38	38	24	47	19	24	7	40	44	41	36	15	46	2	11	11	30	49	16	46	17	36	19	21	42	3	47	4	
18	8	37	27	39	4	5	27	11	6	15	26	14	50	36	13	9	2	37	13	43	35	18	34	17	4	1	36	32	37	10	9	6	28	31	36	29	30	8	31	
23	13	42	44	40	15	35	21	39	47	35	37	21	48	35	46	39	19	22	38	1	10	28	30	23	2	43	8	44	32	44	2	6	31	28	16	8	7	29	21	
34	26	41	32	19	18	44	28	47	35	44	5	15	9	32	9	8	8	49	38	24	49	4	28	2	17	23	17	50	13	28	47	22	38	22	25	44	26	48	47	
20	32	35	25	11	29	43	32	19	16	38	38	13	45	36	30	15	37	5	4	9	6	3	9	22	3	5	8	42	1	11	47	45	42	33	4	15	23	30	23	
16	31	9	35	4	10	6	17	44	30	32	49	9	31	1	6	40	34	44	9	41	9	44	42	28	28	49	30	3	35	20	50	15	22	7	36	14	17	2	21	
35	28	22	38	46	13	34	14	47	49	24	34	27	20	2	8	27	6	8	23	40	46	23	2	16	43	37	49	45	23	10	30	8	16	35	44	1	13	39	10	
23	43	22	43	3	19	33	41	2	34	26	21	26	49	23	27	6	8	49	31	35	17	44	26	16	39	47	32	44	32	15	5	14	18	28	7	25	42	32	14	
18	44	35	40	47	9	19	29	40	40	5	20	44	36	29	47	17	35	30	6	13	1	9	23	35	11	27	30	21	34	38	20	27	7	45	33	43	13	18	38	
14	15	48	22	50	18	34	22	39	27	26	31	49	34	7	4	42	41	14	34	36	48	1	49	47	22	5	14	7	24	6	36	8	20	9	40	48	27	40	1	
On machine	6
29	15	47	41	46	40	13	22	7	30	47	22	3	45	18	8	4	4	31	32	34	31	16	21	35	48	36	42	25	39	7	14	21	40	28	16	19	36	2	31	
39	7	10	28	26	40	25	17	24	4	15	36	26	10	7	25	35	30	22	32	17	27	38	39	18	18	36	36	36	25	19	20	1	42	36	5	9	11	45	30	
22	18	30	36	17	46	17	39	28	11	34	6	50	33	33	38	10	36	11	49	33	22	45	23	26	46	32	36	45	19	5	17	47	6	4	32	12	45	44	43	
25	34	20	18	49	49	3	7	7	23	28	31	35	33	12	11	32	23	1	33	30	22	29	46	34	37	18	49	37	11	33	46	2	42	23	29	28	41	35	36	
38	32	50	26	34	15	27	34	23	30	23	15	28	17	38	1	41	47	23	13	4	13	23	40	27	13	46	23	5	19	13	3	37	8	39	47	11	22	26	41	
11	34	27	42	7	6	10	1	42	19	23	49	10	18	47	34	15	50	37	43	15	50	14	48	21	35	16	14	32	47	42	34	38	41	16	11	6	18	24	24	
34	24	27	17	23	44	32	18	7	29	6	3	32	20	12	10	48	18	33	4	17	6	48	41	37	50	38	34	48	36	13	3	33	39	8	24	33	21	20	31	
27	36	26	14	29	46	42	27	42	43	1	40	21	38	32	11	42	47	4	37	45	5	30	1	7	1	49	42	11	36	45	25	19	46	30	34	40	13	15	7	
32	48	9	42	38	26	11	6	39	13	2	28	45	38	13	30	43	22	14	25	21	31	2	7	15	26	43	39	27	17	21	16	16	46	9	16	12	7	9	35	
6	18	1	1	32	29	36	18	19	31	43	9	41	21	16	27	31	46	40	37	27	44	47	8	12	10	48	15	8	12	33	45	32	3	43	28	7	5	17	41	
43	6	21	17	38	33	5	6	20	22	37	19	12	36	6	17	8	47	33	24	30	9	48	10	19	19	37	49	46	23	46	27	14	44	11	15	49	30	2	42	
25	25	12	37	40	43	22	29	11	14	16	45	32	7	16	23	13	9	48	19	25	44	31	49	17	17	22	36	32	19	12	35	36	33	24	32	4	40	16	7	
50	17	11	27	21	8	42	7	18	36	8	26	23	5	5	47	38	22	22	31	45	29	23	1	3	13	6	41	22	39	3	49	5	22	27	20	43	4	29	3	
42	41	22	22	7	47	49	26	37	30	45	48	17	29	2	36	5	28	22	48	8	15	23	37	8	41	1	38	43	42	19	46	10	21	45	27	29	23	16	28	
4	33	31	34	16	15	38	21	16	25	31	5	19	28	48	1	32	49	48	45	9	31	5	26	35	44	38	39	45	40	10	4	38	33	34	4	10	20	21	17	
4	47	16	46	10	50	11	33	15	20	43	37	43	30	38	14	16	7	25	10	47	45	9	40	21	41	20	3	21	2	34	18	14	7	27	37	11	22	39	13	
1	2	42	42	18	32	48	26	39	27	46	6	31	30	6	7	23	21	33	22	6	12	4	35	24	28	5	27	16	33	3	33	3	47	9	20	28	9	26	48	
10	13	14	39	27	6	2	35	1	30	27	9	47	6	1	10	50	40	37	43	44	37	4	19	3	13	25	32	20	49	24	46	18	48	38	26	21	28	46	27	
13	31	36	37	22	32	27	33	41	44	5	19	13	50	18	27	21	3	41	50	44	30	41	20	43	39	22	9	35	5	44	47	22	47	21	48	33	42	9	46	
22	36	4	32	13	31	3	48	10	41	11	35	18	13	2	32	17	35	33	33	27	40	34	26	28	39	39	48	20	17	22	35	33	50	2	42	38	8	10	4	
49	44	44	8	49	10	11	14	23	5	30	11	23	8	34	44	47	10	39	43	38	7	17	24	34	27	20	9	31	36	34	33	15	17	49	41	29	33	33	46	
17	47	3	17	37	42	48	15	18	1	1	39	32	25	38	32	41	36	13	7	28	10	49	3	6	39	26	24	22	22	12	20	38	44	19	43	21	16	20	47	
35	49	31	38	17	34	12	45	36	45	25	14	11	47	8	2	38	49	38	40	41	36	3	17	48	42	37	46	28	27	30	36	39	44	16	28	7	44	38	32	
24	4	5	32	37	26	22	12	21	42	26	26	6	31	5	9	43	25	33	47	15	11	20	4	48	33	35	25	42	37	16	10	28	18	47	22	47	44	35	3	
41	19	26	50	5	16	28	6	24	48	6	38	41	1	32	15	10	23	12	32	25	33	3	9	26	13	26	16	21	28	15	40	11	5	19	45	29	41	15	16	
43	30	19	4	4	13	33	38	14	9	2	31	2	46	3	15	30	26	27	21	3	24	45	37	45	36	28	45	21	33	13	27	8	43	30	31	2	8	2	13	
50	46	2	35	1	47	13	41	21	50	30	40	48	37	35	24	9	1	25	12	49	5	2	29	10	48	23	5	4	37	26	14	46	27	37	29	21	11	9	30	
7	2	42	5	24	47	35	15	25	30	8	44	45	14	23	42	30	15	31	26	17	24	43	41	13	37	27	24	50	25	32	48	22	5	48	2	25	42	31	4	
30	13	20	39	13	25	11	35	33	9	43	12	34	34	30	50	21	36	22	13	39	13	27	20	27	24	14	46	41	11	48	1	19	11	50	5	43	21	44	12	
5	12	30	27	31	39	47	41	2	5	49	28	18	8	40	24	34	48	33	34	37	45	8	18	6	13	29	4	27	1	15	39	32	49	41	4	40	37	28	16	
15	34	13	44	45	33	10	18	43	23	40	16	30	14	30	11	21	43	33	31	49	15	10	16	44	23	16	5	31	45	23	7	19	5	47	50	21	19	20	44	
19	20	33	3	22	18	5	6	36	3	4	42	40	22	44	27	15	22	11	41	24	27	5	31	10	21	11	10	46	19	15	6	3	29	41	7	5	14	26	10	
20	36	8	10	35	39	8	50	28	26	9	9	29	1	12	50	18	13	46	9	24	31	1	14	1	8	16	40	3	32	7	25	19	6	39	12	7	5	40	19	
17	42	3	35	38	9	24	45	15	15	2	23	12	4	30	36	43	42	45	42	11	43	30	26	41	2	21	32	18	3	21	44	4	48	31	45	50	16	36	13	
3	3	42	38	23	16	47	10	25	34	17	25	30	26	35	14	3	5	6	44	26	20	11	19	13	47	12	29	12	30	19	29	24	12	39	8	19	35	27	5	
49	22	42	29	28	14	6	26	23	2	38	1	32	1	17	41	37	30	21	31	32	48	23	38	24	16	29	20	34	16	38	7	50	4	35	26	27	2	9	11	
38	22	27	20	21	17	36	16	24	2	32	20	14	8	41	32	34	28	25	8	38	26	13	32	35	1	42	6	35	39	50	5	7	32	43	3	32	11	30	38	
38	34	13	20	37	39	27	20	37	6	17	5	5	36	7	12	16	41	4	42	31	32	15	7	23	9	12	35	5	35	40	13	19	43	45	50	11	42	36	23	
38	14	44	48	26	43	8	31	39	9	22	50	29	47	4	47	50	37	30	30	18	28	15	31	39	16	34	14	22	30	9	17	11	20	1	13	16	49	33	17	
1	50	42	36	29	5	42	38	6	39	48	20	37	23	1	13	41	36	14	31	19	34	6	5	31	2	32	20	39	50	39	36	26	11	5	48	20	2	16	30	
