Factories	3
Families	40
Machines	4
SetupType	2

Number of Jobs in each Family
9	4	9	3	6	8	6	2	8	2	6	3	8	2	9	4	4	2	7	2	2	7	4	5	1	3	3	8	9	9	8	2	4	6	1	4	4	10	10	10	

Jobs in each Family
0	1	2	3	4	5	6	7	8	
9	10	11	12	
13	14	15	16	17	18	19	20	21	
22	23	24	
25	26	27	28	29	30	
31	32	33	34	35	36	37	38	
39	40	41	42	43	44	
45	46	
47	48	49	50	51	52	53	54	
55	56	
57	58	59	60	61	62	
63	64	65	
66	67	68	69	70	71	72	73	
74	75	
76	77	78	79	80	81	82	83	84	
85	86	87	88	
89	90	91	92	
93	94	
95	96	97	98	99	100	101	
102	103	
104	105	
106	107	108	109	110	111	112	
113	114	115	116	
117	118	119	120	121	
122	
123	124	125	
126	127	128	
129	130	131	132	133	134	135	136	
137	138	139	140	141	142	143	144	145	
146	147	148	149	150	151	152	153	154	
155	156	157	158	159	160	161	162	
163	164	
165	166	167	168	
169	170	171	172	173	174	
175	
176	177	178	179	
180	181	182	183	
184	185	186	187	188	189	190	191	192	193	
194	195	196	197	198	199	200	201	202	203	
204	205	206	207	208	209	210	211	212	213	

Total number of jobs
214

Processing times of jobs
4	2	2	7	
3	9	7	7	
4	3	4	9	
2	4	2	5	
8	8	7	1	
3	4	1	4	
4	7	3	1	
9	5	8	1	
4	8	10	5	
2	2	9	2	
9	8	5	9	
3	7	8	8	
5	9	2	10	
7	10	9	7	
9	7	4	5	
3	8	7	7	
8	6	5	1	
2	10	5	5	
9	10	7	2	
3	10	4	6	
4	9	3	6	
2	8	4	6	
9	7	2	5	
9	2	3	4	
6	8	4	8	
6	3	1	9	
1	9	10	9	
6	10	8	9	
5	9	10	3	
1	1	1	5	
1	4	6	7	
8	1	9	6	
8	1	7	7	
5	10	6	4	
7	4	3	4	
1	10	2	6	
5	8	3	1	
10	10	5	6	
4	1	4	9	
8	3	4	2	
7	10	9	8	
7	3	3	3	
4	4	9	10	
10	1	4	10	
10	6	7	6	
3	8	10	7	
10	1	5	3	
9	5	8	3	
2	10	3	7	
8	7	3	4	
6	6	3	8	
5	2	10	1	
6	2	1	2	
4	2	4	10	
9	8	10	1	
9	9	5	9	
7	10	1	3	
7	1	4	1	
7	5	3	8	
7	8	7	8	
10	3	4	7	
4	4	8	7	
2	9	3	3	
9	10	2	3	
2	6	2	9	
6	8	8	1	
4	8	1	7	
8	6	10	3	
1	4	1	6	
10	9	9	8	
9	7	4	9	
6	9	1	1	
1	6	3	7	
9	7	4	8	
3	10	2	7	
3	10	6	4	
3	2	4	5	
1	6	10	9	
10	9	2	2	
6	9	8	3	
3	3	10	6	
7	8	1	7	
2	2	7	1	
2	3	5	3	
6	2	5	7	
6	10	9	8	
7	4	1	2	
3	1	5	5	
3	5	2	10	
8	8	5	8	
4	9	4	1	
1	10	3	6	
6	7	3	5	
7	6	10	2	
3	1	3	9	
3	7	5	9	
4	9	3	3	
7	3	9	10	
8	1	8	4	
9	8	7	9	
5	1	5	5	
4	7	1	5	
9	3	4	3	
3	2	10	7	
9	4	8	9	
6	2	4	1	
2	1	10	9	
6	6	6	7	
5	5	7	1	
9	10	4	9	
9	7	7	6	
7	6	5	4	
3	5	8	4	
5	9	10	7	
2	8	2	9	
2	5	1	10	
2	7	8	1	
4	5	5	4	
3	8	3	4	
7	4	5	2	
9	7	1	10	
9	5	2	8	
6	1	1	9	
2	2	8	9	
10	3	1	5	
10	3	4	4	
7	8	6	1	
4	6	7	4	
2	8	2	3	
2	1	7	6	
4	7	4	9	
2	10	7	1	
3	4	2	6	
10	2	9	10	
2	10	8	9	
1	3	7	1	
5	5	9	8	
10	3	7	2	
1	3	5	4	
6	8	6	8	
5	7	9	10	
7	7	6	7	
1	7	9	3	
10	4	5	7	
6	8	1	7	
8	6	3	10	
10	6	5	6	
9	2	9	10	
3	1	3	8	
5	4	10	7	
2	8	7	3	
5	9	5	6	
7	3	1	5	
4	6	2	5	
7	10	2	4	
9	9	4	9	
10	9	10	2	
4	10	4	3	
5	2	10	5	
2	1	1	5	
6	5	5	9	
8	10	10	1	
2	2	9	4	
9	2	10	1	
6	1	4	1	
1	2	7	9	
8	10	10	1	
7	10	9	1	
6	9	10	5	
3	10	1	3	
7	3	5	9	
7	4	8	5	
1	3	7	1	
7	8	7	5	
3	7	7	5	
2	1	6	6	
6	8	7	3	
8	7	8	5	
7	4	6	4	
9	6	3	4	
6	1	10	7	
1	9	10	5	
5	3	5	5	
5	8	9	9	
2	7	10	5	
9	6	10	3	
9	10	1	9	
4	6	3	10	
7	4	7	3	
1	1	9	1	
3	3	6	9	
6	4	9	6	
10	6	6	3	
6	6	2	5	
9	8	2	1	
8	7	9	4	
10	4	9	10	
7	6	5	3	
1	1	8	10	
7	2	2	5	
8	7	4	2	
3	10	3	2	
9	1	2	2	
6	3	4	8	
2	3	3	8	
1	7	7	8	
3	1	3	4	
6	5	4	8	
3	9	8	8	
10	2	3	2	
1	5	6	3	
10	1	4	8	
1	9	8	10	
1	4	2	4	

Stepup times between Families, where [f][f] represents initial setup time
On machine	1
18	16	42	48	4	44	28	27	34	34	1	35	9	3	44	42	44	7	37	30	16	41	7	46	5	1	36	24	1	19	26	44	32	1	32	16	38	27	1	38	
28	17	10	17	30	39	5	35	6	37	33	48	43	48	16	12	43	9	17	19	9	50	19	11	23	4	2	35	18	33	36	23	10	37	49	30	2	49	49	23	
43	28	32	34	1	39	36	17	15	46	5	50	50	4	12	35	48	35	32	11	38	20	46	32	45	9	48	16	8	45	14	42	20	26	34	7	36	17	43	5	
14	12	32	24	9	19	24	28	33	27	28	47	13	39	5	4	50	40	46	13	15	44	3	12	20	34	35	4	29	11	28	3	16	18	10	12	6	44	21	32	
37	6	9	29	43	50	33	5	12	44	42	31	47	7	31	19	35	15	11	11	32	9	4	22	17	31	46	24	47	1	33	9	10	19	40	42	14	14	43	2	
22	42	16	40	9	18	38	12	1	35	29	29	33	36	18	18	36	42	25	31	41	35	29	48	18	22	28	20	33	40	42	46	22	10	25	47	17	48	11	38	
49	39	38	24	41	10	24	49	7	34	42	19	4	31	31	41	32	45	7	48	42	38	20	2	10	20	4	2	15	47	30	31	25	9	29	30	32	7	8	21	
6	28	5	24	34	32	11	23	10	7	45	4	5	12	6	15	36	29	16	27	40	36	40	6	13	36	6	8	39	40	13	24	6	5	49	50	14	7	31	38	
44	37	34	38	21	9	27	17	33	40	1	22	28	13	26	5	17	50	49	27	12	34	16	43	39	3	36	29	6	29	24	21	49	3	8	28	42	9	21	3	
10	8	29	5	37	45	6	44	42	42	37	46	5	50	48	34	35	31	45	29	46	47	3	6	41	29	35	38	23	41	18	16	41	16	47	40	11	11	5	47	
16	5	5	10	25	29	9	28	15	8	25	14	49	1	42	16	6	16	43	28	40	20	49	18	6	50	16	27	11	12	46	8	1	10	38	31	32	27	38	15	
32	27	42	16	47	36	44	47	17	36	2	8	5	1	17	48	37	42	39	13	40	21	27	20	13	34	12	17	39	16	40	8	48	37	7	50	39	23	6	18	
34	4	44	39	15	15	41	34	17	29	28	28	18	6	10	39	22	29	34	45	30	40	27	5	5	29	40	42	17	5	4	9	50	41	50	25	6	1	30	30	
1	19	30	15	15	40	5	22	33	50	35	3	7	44	43	24	19	50	6	39	19	19	7	21	16	24	7	42	32	20	26	11	50	49	16	20	27	17	41	42	
3	15	45	32	43	38	7	10	40	22	16	16	40	38	31	14	3	8	16	30	32	41	45	11	5	26	16	36	13	11	34	35	47	48	21	5	46	36	36	25	
22	6	8	49	28	15	21	36	45	19	41	25	19	24	50	37	15	49	44	22	42	15	38	39	13	26	47	25	14	44	22	14	41	22	33	32	16	4	44	11	
35	22	36	31	6	2	16	7	49	9	5	2	14	16	7	22	33	4	19	13	44	23	4	5	7	13	2	20	8	4	36	5	34	9	40	2	11	34	29	6	
24	36	32	31	1	37	6	36	30	12	46	3	22	41	15	7	50	15	39	36	12	17	8	38	8	13	30	39	18	33	18	18	15	17	22	49	29	49	41	32	
46	32	30	30	34	45	49	10	20	18	27	34	35	43	47	4	7	6	32	26	3	38	10	25	48	30	45	10	10	24	48	23	39	27	33	12	41	33	47	6	
36	36	44	37	27	29	37	28	18	49	49	28	24	46	39	43	5	45	41	19	23	24	27	27	26	26	15	13	2	48	40	36	39	10	35	47	2	24	8	30	
15	31	12	46	10	44	22	36	2	3	20	28	3	8	3	39	38	41	13	15	33	5	42	35	39	20	15	16	45	42	33	50	42	12	47	42	29	10	2	17	
6	41	6	21	38	22	13	7	47	15	42	14	50	9	10	43	30	34	16	10	30	23	29	40	12	27	7	46	49	9	15	29	24	12	21	14	2	49	6	23	
10	40	45	42	9	41	45	45	29	16	11	31	49	18	11	22	42	34	9	38	42	36	44	20	32	19	11	9	22	2	42	17	18	10	24	41	48	22	45	29	
22	15	41	9	47	15	2	12	1	32	11	12	15	22	34	15	8	46	50	37	46	48	9	31	20	13	15	39	11	13	33	8	47	43	48	10	22	43	4	46	
29	31	20	45	49	24	23	38	36	9	10	26	22	12	10	42	12	8	45	46	30	48	11	4	11	14	12	15	43	24	47	22	2	40	3	11	24	39	27	15	
15	25	40	7	37	28	20	4	49	45	1	5	2	38	14	12	12	36	37	16	32	2	44	41	32	18	18	1	42	4	9	2	34	8	49	10	31	49	30	8	
19	33	1	20	14	48	13	49	46	6	5	45	11	44	44	31	33	40	8	41	41	32	26	39	2	7	10	44	47	7	38	11	30	6	40	17	23	1	48	27	
32	12	42	44	27	43	47	8	10	45	21	36	27	26	11	46	12	31	19	19	31	42	28	33	13	1	41	50	21	14	34	41	40	1	38	5	26	15	14	32	
33	6	22	6	45	44	26	28	29	27	24	45	47	27	38	28	14	15	40	23	36	22	29	37	27	41	25	2	7	34	14	33	10	10	32	40	42	3	48	3	
38	6	28	10	48	1	18	12	35	37	32	40	17	8	42	10	5	25	33	45	44	13	31	35	37	47	21	6	18	46	26	22	40	28	34	25	22	40	18	25	
47	44	40	37	33	37	18	18	2	38	34	37	7	42	10	32	43	14	36	39	45	2	10	38	44	32	37	8	47	42	45	11	8	5	36	47	7	22	21	35	
5	21	28	35	41	30	22	17	30	36	33	23	26	44	7	31	10	12	41	48	46	16	4	42	46	45	15	4	27	31	40	19	48	7	13	9	26	16	35	27	
20	40	35	25	7	35	3	19	50	40	34	34	39	25	22	45	40	50	3	24	5	37	8	44	21	49	28	12	10	25	10	36	18	13	21	9	16	46	49	47	
14	37	46	16	6	27	45	36	10	23	21	37	9	7	37	14	33	46	44	12	31	40	37	17	1	34	1	25	2	3	17	12	39	24	49	30	20	49	26	43	
5	48	32	9	35	12	36	49	48	18	38	45	26	39	3	6	19	20	44	33	35	41	48	26	12	6	13	8	20	11	29	28	37	29	30	34	40	49	22	22	
32	10	4	43	20	33	17	5	34	31	1	47	20	2	5	50	29	34	22	18	2	41	19	19	44	46	36	24	31	24	41	15	2	5	44	21	45	12	7	18	
35	16	14	28	15	36	2	26	48	44	30	25	12	23	29	42	9	35	34	23	15	12	18	12	47	14	41	27	29	41	8	44	44	30	38	33	32	30	42	48	
37	32	43	40	50	31	29	39	30	5	49	25	9	49	39	17	11	36	20	8	43	40	48	49	39	6	24	26	4	19	44	40	47	3	44	45	34	32	46	1	
43	25	38	3	43	28	5	24	36	26	1	10	7	2	24	32	46	28	14	28	13	21	17	24	15	33	26	19	6	16	18	50	3	20	36	49	23	33	35	1	
6	35	35	44	45	28	19	25	14	30	34	29	48	48	35	24	34	41	24	38	24	28	16	9	37	40	1	19	19	35	39	10	21	17	47	36	20	13	50	41	
On machine	2
46	28	33	37	1	19	50	44	13	34	8	46	18	7	1	49	5	20	25	1	8	35	12	47	17	33	11	30	44	20	41	42	14	48	6	6	32	12	7	36	
19	29	20	33	4	13	45	40	23	45	28	1	1	2	32	24	38	17	42	49	1	25	16	38	10	25	30	22	4	10	31	23	17	31	1	43	16	18	3	18	
9	16	36	21	16	17	38	2	8	34	19	2	46	41	6	42	28	1	20	39	33	36	8	37	28	6	16	30	9	28	2	50	19	30	9	13	35	48	45	5	
43	48	16	11	50	39	8	25	31	39	40	26	43	39	17	29	27	23	12	35	26	11	20	19	24	4	48	12	15	22	47	9	43	2	16	31	9	16	41	49	
22	12	16	31	36	40	17	16	4	42	45	28	45	24	42	27	3	47	18	50	48	23	3	38	9	9	48	50	19	5	39	21	37	31	33	5	7	4	28	29	
9	36	1	28	30	33	15	3	4	43	26	45	26	11	26	32	32	11	36	2	44	1	1	11	18	21	40	13	3	50	49	47	8	13	26	40	48	41	33	11	
27	33	28	43	49	15	48	12	40	3	16	25	6	39	12	9	23	37	45	3	38	6	5	4	50	6	26	30	5	44	32	31	42	32	2	26	16	12	26	47	
27	21	19	35	8	8	26	3	2	2	37	5	16	5	18	7	28	22	23	50	25	32	13	41	38	25	11	22	32	44	43	11	42	28	36	16	27	9	39	43	
34	6	29	13	41	5	21	37	50	11	13	49	50	10	17	3	44	11	42	27	37	33	47	37	21	26	4	16	25	12	44	17	42	32	33	39	38	26	5	36	
44	26	6	40	43	35	19	41	36	9	28	33	7	8	29	43	2	38	37	33	18	14	6	7	14	36	38	10	20	21	12	45	26	47	20	21	23	43	15	31	
18	30	43	18	8	20	23	45	29	33	11	15	22	20	10	47	44	15	24	18	3	23	22	8	13	27	40	41	8	4	38	16	38	6	14	7	19	47	31	25	
11	1	48	39	42	21	12	20	41	9	38	37	35	16	34	45	12	12	7	42	6	5	39	48	3	30	38	22	48	18	9	49	47	39	45	33	21	6	32	22	
9	12	19	40	40	32	19	33	46	1	44	2	25	28	6	20	7	18	29	39	13	10	12	13	5	17	48	43	1	32	38	32	28	42	19	17	23	38	46	4	
26	3	33	31	44	42	34	1	10	41	42	44	7	36	38	29	5	32	43	25	32	14	20	49	23	44	31	42	14	46	9	49	35	1	50	21	30	10	11	45	
9	49	45	9	11	35	31	26	41	20	33	7	46	12	50	31	2	2	30	47	25	37	34	2	22	34	38	46	49	49	26	4	41	9	18	20	23	1	28	14	
18	42	44	9	14	37	30	6	24	20	18	21	7	35	23	18	6	34	10	48	43	38	40	29	44	2	18	31	27	22	46	36	21	47	1	41	42	11	16	1	
7	2	9	16	13	26	22	25	46	36	15	29	36	24	29	37	8	12	17	25	46	7	13	33	32	26	3	6	8	13	18	37	49	15	27	48	49	44	23	11	
34	20	7	14	37	16	29	28	10	48	7	18	38	42	36	45	21	30	30	8	39	13	35	8	21	26	43	34	43	35	48	22	18	21	24	3	30	46	5	33	
32	42	18	44	47	50	30	14	10	12	7	1	36	5	46	3	31	18	1	6	23	6	9	6	30	49	10	18	49	33	16	32	40	21	17	1	21	30	43	27	
26	21	19	35	21	19	6	24	7	6	47	28	20	32	50	42	39	21	5	41	13	25	33	21	38	15	21	1	43	39	30	37	33	27	11	46	12	18	35	11	
10	4	18	28	7	32	27	7	36	10	15	8	48	10	21	30	49	11	38	24	34	38	26	48	11	39	27	16	2	30	27	16	42	40	11	20	21	48	4	33	
27	50	20	33	47	45	6	33	33	6	25	32	36	50	45	13	13	12	19	45	23	45	27	7	21	47	4	33	35	27	41	11	10	42	10	34	24	17	46	10	
20	3	45	19	41	2	29	16	28	35	20	29	3	11	34	18	38	47	19	6	15	46	45	31	17	36	41	22	43	50	38	17	40	29	28	43	45	12	13	39	
32	43	37	1	46	45	13	18	17	5	5	3	5	32	49	21	31	33	28	27	11	8	13	13	17	18	27	31	15	7	12	48	17	9	26	37	5	11	40	35	
5	42	7	45	42	24	48	35	8	45	46	11	16	16	42	2	2	11	26	39	39	36	35	25	35	30	2	48	21	9	2	34	50	35	48	40	29	2	30	47	
6	5	2	18	49	22	25	43	6	40	40	9	37	6	35	32	18	45	26	31	6	17	30	14	6	21	11	10	26	33	33	43	2	6	26	42	26	11	26	21	
40	47	22	25	35	32	12	1	20	18	18	26	8	14	34	19	42	44	10	45	25	27	34	30	27	29	14	41	9	30	3	24	20	9	24	47	15	1	8	41	
17	48	15	41	43	26	35	27	18	37	17	13	39	2	40	24	49	33	39	23	35	12	22	38	14	49	43	23	6	26	12	46	1	47	42	35	48	50	15	14	
27	24	35	50	20	31	5	28	38	30	34	10	44	34	49	30	41	10	4	41	9	10	39	44	20	15	23	28	31	24	20	8	3	20	27	11	38	13	26	43	
1	25	46	42	26	31	7	15	29	45	41	4	49	15	19	39	24	45	9	11	50	9	39	32	10	15	2	26	16	19	44	33	14	28	46	24	24	42	17	13	
36	46	50	8	14	4	7	9	32	50	47	20	2	42	6	26	21	20	28	46	30	14	11	32	9	26	4	26	23	15	44	3	43	47	44	21	18	5	20	8	
35	4	43	24	36	50	13	46	10	24	21	4	24	32	12	37	34	45	48	31	40	39	28	49	50	37	25	25	7	50	36	10	25	20	15	43	40	50	20	13	
3	37	39	30	35	19	4	25	24	18	5	12	43	43	10	31	12	16	37	16	16	44	48	34	32	34	12	11	2	31	44	17	13	43	36	36	45	42	41	28	
36	20	26	32	24	14	20	9	3	5	12	22	14	18	21	33	37	9	25	44	13	12	32	26	7	35	28	2	43	27	24	5	46	33	25	8	45	11	35	45	
13	31	1	7	27	26	21	43	44	11	41	40	3	13	24	8	22	13	9	40	25	23	11	50	50	10	28	6	18	37	44	49	23	18	4	13	13	27	38	31	
41	35	7	16	20	13	7	14	48	16	15	41	47	37	11	5	28	49	24	39	26	49	47	29	33	38	34	50	20	41	9	49	4	46	15	32	48	35	26	42	
7	7	16	15	44	16	37	28	15	35	9	2	41	12	5	9	12	12	10	11	13	45	47	43	42	34	5	19	10	20	27	10	33	9	37	36	50	29	21	25	
19	46	25	43	17	35	8	30	16	46	1	18	13	3	13	29	22	13	40	40	45	39	9	49	22	33	35	46	3	8	16	18	28	17	30	21	48	46	7	28	
35	25	17	29	26	24	8	21	44	38	33	1	17	49	8	3	43	32	45	15	26	36	9	13	21	7	5	46	27	50	47	27	32	36	16	48	44	39	16	14	
46	39	38	48	4	1	31	36	3	47	11	17	30	7	12	14	27	13	13	10	8	42	2	45	7	44	15	47	45	19	13	20	36	35	4	19	42	19	33	42	
On machine	3
7	15	7	36	29	4	15	38	34	10	40	38	5	39	25	2	26	2	45	44	47	25	4	48	23	1	12	42	48	14	48	49	18	44	20	28	41	19	38	5	
42	12	38	34	43	2	45	16	10	5	29	11	31	13	6	27	6	40	16	38	50	26	3	48	18	45	11	9	2	17	27	14	42	4	37	23	45	14	20	3	
35	4	3	31	38	40	29	45	17	7	50	11	4	35	37	46	23	43	40	14	2	35	42	16	12	16	10	25	23	34	23	14	43	10	16	2	26	42	48	28	
26	21	11	32	9	40	32	19	37	1	26	25	34	37	37	26	32	1	7	11	25	40	31	45	17	23	23	26	39	27	10	32	41	35	24	39	45	6	2	6	
19	6	34	9	25	10	6	7	34	1	8	49	20	23	4	44	23	32	14	33	24	26	13	11	3	48	24	49	17	45	4	27	42	33	39	11	45	48	29	5	
19	15	24	25	26	28	48	25	14	35	1	21	35	46	30	22	8	44	24	30	46	35	21	4	42	3	43	13	10	34	25	1	46	20	4	21	37	26	44	14	
30	22	13	34	4	17	46	49	40	4	14	15	25	39	2	39	13	8	32	43	44	46	29	2	39	28	46	5	10	42	3	39	49	36	21	34	42	41	7	9	
16	11	50	20	16	15	18	50	12	11	47	44	20	31	48	38	10	30	10	24	45	27	30	26	14	34	6	33	9	49	5	24	25	40	29	24	33	8	23	39	
43	38	11	45	35	30	8	16	9	36	33	7	24	26	24	35	45	40	12	40	33	41	43	25	11	26	44	27	46	20	49	6	34	21	7	20	3	6	6	28	
1	1	13	36	32	34	31	6	42	38	13	29	31	26	36	10	48	42	16	22	25	33	3	32	29	27	45	44	42	48	4	14	46	19	44	40	11	26	39	46	
10	21	43	41	22	20	25	29	6	35	25	21	30	45	22	47	9	5	48	7	24	50	11	30	30	23	46	45	3	50	1	43	26	21	11	17	14	33	13	45	
49	26	35	36	35	48	22	33	45	39	34	31	38	15	26	13	34	24	20	27	35	41	28	1	19	9	24	27	15	26	18	2	31	47	16	39	38	45	30	16	
41	5	16	6	48	35	45	17	21	3	27	44	26	28	10	8	2	2	19	27	37	22	14	13	46	29	34	42	25	21	31	28	39	38	17	18	14	45	43	43	
9	15	5	40	8	30	34	32	10	1	7	20	45	17	8	38	18	2	3	17	33	45	11	9	33	30	5	35	21	3	38	30	50	44	5	20	39	24	45	7	
34	35	30	23	25	29	15	36	13	34	10	4	17	37	13	19	4	26	11	44	7	22	45	40	37	41	6	22	27	9	3	19	27	39	40	6	49	37	29	33	
13	14	42	8	38	40	10	17	37	34	25	11	9	41	5	27	28	34	32	33	15	42	10	49	36	40	17	18	6	7	9	3	5	9	10	49	42	9	50	24	
19	50	36	37	38	7	38	3	37	28	16	44	3	39	47	27	41	4	21	9	10	14	36	1	44	7	38	47	11	3	14	16	7	28	39	19	27	7	43	18	
30	49	40	3	41	3	26	3	42	4	3	43	24	41	38	48	26	39	45	4	48	39	8	14	12	10	28	5	20	1	45	49	10	44	27	48	50	49	13	21	
27	5	14	16	50	25	26	34	45	23	27	4	45	43	17	20	47	33	6	25	3	8	16	25	48	24	14	9	36	46	28	9	17	46	28	24	22	33	15	44	
50	40	11	31	22	28	20	38	45	22	22	24	36	19	20	8	38	35	47	6	44	3	44	29	41	22	18	31	17	14	3	30	9	24	16	15	46	18	25	2	
25	27	20	47	39	15	36	41	26	34	21	1	21	5	3	41	11	20	49	11	11	1	30	9	14	16	6	40	28	8	19	49	11	19	39	20	12	39	20	16	
42	47	36	10	18	45	36	35	9	33	31	11	15	10	1	17	37	17	8	1	40	38	14	25	11	46	28	2	15	20	4	41	39	31	27	28	19	38	40	3	
5	28	5	35	33	16	11	49	23	16	8	26	18	31	37	13	38	48	13	35	37	13	34	22	21	28	35	1	15	8	2	18	20	32	3	8	15	20	21	8	
21	30	41	28	20	26	23	30	10	18	36	25	11	27	31	31	30	23	50	21	31	48	24	2	48	43	38	5	50	13	18	2	49	11	16	34	40	12	40	2	
7	27	48	28	49	19	49	24	9	7	21	16	31	16	18	10	49	16	15	30	48	8	50	30	45	22	37	36	43	8	45	10	22	17	10	32	9	29	49	38	
41	31	25	28	47	6	26	45	6	16	2	37	23	26	43	2	31	50	39	8	28	20	29	15	27	5	29	7	6	42	40	41	42	16	34	49	46	3	48	42	
2	46	30	31	20	32	38	31	20	20	17	43	33	45	4	28	35	31	8	41	40	47	39	2	48	44	1	49	2	50	16	20	11	1	40	27	27	10	48	39	
7	17	43	26	32	38	1	22	10	13	9	50	15	27	28	38	18	18	35	21	6	31	38	45	37	33	32	47	14	21	19	22	10	32	20	17	16	26	41	25	
36	4	24	37	2	5	31	15	12	50	12	33	20	35	48	50	12	19	22	6	40	15	40	16	49	30	6	33	1	30	42	42	34	34	40	48	29	8	2	15	
42	43	49	6	6	44	30	49	30	5	3	2	49	17	12	31	14	18	48	46	35	43	47	13	44	7	4	18	42	7	21	18	8	7	8	11	1	29	25	39	
7	36	42	19	38	11	47	35	28	41	27	6	37	16	15	8	44	35	8	28	40	14	18	20	11	23	50	12	9	6	22	18	17	42	6	1	43	50	36	20	
9	5	41	49	29	22	30	17	45	1	7	38	43	46	26	2	10	50	42	31	20	24	36	29	46	10	4	46	50	17	45	37	19	19	15	39	5	28	4	24	
17	47	16	30	20	46	48	40	29	4	14	47	28	12	43	1	8	37	8	30	34	14	41	4	43	2	20	44	8	6	46	47	10	24	45	47	1	11	9	26	
30	22	27	25	12	21	47	26	29	8	16	33	19	2	13	5	38	47	36	29	38	1	41	6	15	4	49	15	44	50	31	4	13	32	34	15	7	10	35	11	
25	36	39	14	4	49	47	26	30	3	5	20	12	34	22	15	24	2	29	27	14	40	14	30	43	7	33	10	15	43	16	50	2	19	34	29	5	16	40	29	
29	43	1	32	4	34	11	41	16	21	27	7	47	6	23	12	12	23	34	8	10	11	46	14	29	34	49	37	24	19	37	14	1	32	36	44	2	34	30	46	
7	24	1	30	15	41	27	6	42	31	42	17	34	26	10	9	49	27	31	11	34	15	22	11	46	41	24	14	19	43	45	29	15	30	36	18	39	32	29	16	
46	6	8	49	14	11	37	38	41	25	1	39	11	1	30	16	50	33	35	4	17	46	30	1	13	33	9	25	33	21	26	12	19	47	7	12	19	26	17	24	
35	22	47	27	35	32	18	23	25	28	35	18	15	47	41	40	7	48	11	37	43	9	40	31	15	45	14	46	18	40	37	18	35	5	30	28	3	21	44	43	
27	17	20	18	49	13	46	40	44	17	28	27	18	19	7	23	18	12	27	41	30	30	42	19	10	21	7	41	1	4	5	18	22	19	46	23	27	28	35	26	
On machine	4
4	5	23	43	45	50	42	7	35	3	42	5	48	46	24	31	2	20	30	36	33	8	13	42	10	9	47	38	24	41	16	22	37	2	19	4	32	41	36	14	
46	14	18	7	1	43	4	17	5	45	50	48	42	50	9	35	10	18	37	3	4	38	40	3	48	37	38	43	37	21	9	11	11	28	38	49	36	5	11	42	
50	12	38	41	19	5	24	5	13	2	21	19	17	43	2	9	11	13	11	40	7	27	10	9	14	7	48	5	20	1	39	22	19	14	32	29	34	37	22	8	
11	24	4	6	30	24	9	43	20	7	28	28	42	37	14	6	8	34	25	37	9	31	42	18	17	29	46	26	49	22	28	48	16	38	15	30	35	24	43	43	
20	38	46	36	10	34	43	49	14	16	2	1	41	10	35	8	18	14	43	46	6	20	6	10	45	39	28	25	38	23	4	45	46	50	46	27	33	44	11	29	
26	35	29	9	29	19	45	36	30	32	24	49	25	3	7	14	16	11	29	8	20	27	31	1	17	22	36	10	36	1	47	42	40	12	47	27	3	7	29	31	
34	16	8	13	1	32	36	10	35	31	3	39	29	50	43	11	23	29	40	47	15	26	6	11	36	9	25	4	43	17	2	31	12	31	19	31	13	9	49	50	
28	14	23	35	30	11	39	10	4	2	9	29	34	2	23	30	49	15	31	50	40	15	8	29	15	41	15	11	29	27	23	30	36	35	43	8	17	22	43	28	
26	46	19	48	27	31	41	37	19	22	5	29	48	4	37	15	3	39	14	42	17	18	37	16	12	7	30	35	26	17	26	46	35	4	42	10	34	41	32	4	
2	33	22	1	42	34	8	10	30	24	40	17	16	40	9	22	20	18	11	26	36	40	35	29	19	47	48	21	28	21	50	38	27	21	13	8	4	8	16	2	
9	1	37	22	4	6	7	10	34	31	8	9	29	4	32	5	14	34	30	37	18	29	6	23	41	19	23	10	30	38	17	45	40	34	5	47	9	41	39	9	
26	15	38	23	5	19	4	18	28	34	13	10	37	14	41	12	28	2	7	49	23	9	32	23	7	11	22	43	44	3	44	43	41	31	28	43	49	30	49	10	
41	19	49	10	35	19	25	10	42	48	15	45	7	32	22	22	14	10	32	29	14	30	4	41	24	27	18	7	20	27	29	43	49	4	34	39	48	23	21	13	
6	46	27	40	38	5	13	27	2	15	3	41	24	49	47	44	11	15	11	40	44	5	17	24	22	14	28	32	15	17	4	41	48	40	50	37	11	35	42	18	
48	37	13	12	12	28	48	42	4	7	16	10	1	49	31	27	28	8	47	3	14	14	28	22	30	33	1	40	24	22	39	26	34	8	6	40	8	40	22	9	
11	43	9	3	7	2	29	6	26	9	9	1	23	49	40	22	2	35	10	34	29	19	31	33	44	3	3	23	44	20	31	32	37	36	10	5	14	33	5	35	
7	28	6	25	41	34	17	38	15	27	2	22	13	24	21	2	45	34	35	9	2	3	15	32	18	42	30	34	45	47	42	50	21	14	22	4	6	36	29	47	
28	36	48	36	15	22	27	45	31	27	10	10	22	40	11	31	30	2	30	40	7	29	3	3	16	45	43	49	37	47	11	45	47	10	42	26	31	24	6	4	
26	39	3	38	8	50	33	28	12	2	45	37	32	33	12	48	13	20	29	6	28	34	38	23	20	36	45	7	7	31	49	24	27	45	41	19	38	10	35	25	
35	38	5	7	16	40	40	33	16	43	32	50	41	37	32	25	29	10	28	27	43	2	4	45	50	19	40	48	42	6	39	40	25	38	6	46	44	35	16	44	
3	32	20	24	5	2	43	7	39	19	21	47	43	19	33	26	31	45	3	31	5	47	10	3	10	44	18	19	22	47	16	11	18	4	38	20	42	33	18	45	
24	25	34	13	27	37	28	5	7	16	46	9	26	50	39	46	38	21	22	34	24	27	27	49	28	26	9	27	1	27	12	9	42	43	40	36	25	4	35	41	
23	14	34	41	46	4	46	17	9	40	44	3	9	34	29	4	50	46	16	3	46	36	28	21	20	2	4	42	13	8	22	34	40	10	20	29	9	24	15	44	
27	14	26	34	11	17	35	6	24	8	5	16	15	35	8	2	21	47	5	7	43	42	25	40	3	21	24	47	8	33	38	40	36	27	33	21	28	2	48	47	
24	47	34	6	25	7	31	4	49	37	14	40	13	43	32	27	19	30	43	12	11	8	20	13	10	42	25	19	15	16	50	7	44	37	20	42	10	28	12	44	
38	20	33	11	32	20	5	47	39	2	16	27	18	3	27	41	15	6	11	15	11	33	20	11	33	9	12	40	22	14	17	41	13	47	22	43	39	40	4	33	
20	36	13	44	1	27	21	46	15	30	24	3	27	31	45	14	8	3	33	19	35	50	19	27	50	14	22	8	48	11	47	34	9	45	30	30	17	32	7	6	
33	45	10	34	24	29	27	44	42	15	19	30	40	19	24	18	31	8	20	11	37	45	48	32	18	9	44	17	47	9	20	25	38	7	10	10	5	4	28	38	
20	30	18	35	2	23	13	42	36	5	26	18	27	33	36	8	47	19	42	1	36	40	38	41	44	11	11	1	37	6	21	50	25	29	24	18	3	22	10	33	
18	20	49	49	20	3	12	6	2	8	21	32	1	48	17	9	45	29	24	41	41	43	41	36	16	10	5	5	29	19	22	48	34	46	26	38	8	42	43	40	
4	29	24	20	15	46	46	32	40	6	41	46	12	30	17	14	12	17	45	12	34	22	46	19	10	47	3	33	1	27	39	36	46	45	7	29	32	38	1	28	
47	26	48	32	26	41	8	36	14	49	38	47	11	12	44	36	24	12	7	33	44	43	38	4	8	43	16	1	32	19	24	50	40	48	30	47	35	37	48	20	
14	30	38	22	5	32	21	9	24	35	7	1	6	47	25	3	8	16	32	29	27	23	3	46	27	5	42	4	37	22	35	33	20	23	11	46	14	25	44	46	
13	37	35	17	23	23	43	5	12	31	42	39	32	27	33	48	17	4	24	49	5	8	46	5	9	33	18	43	40	50	24	3	45	14	35	44	17	42	32	19	
27	15	14	38	19	31	43	22	27	26	25	41	46	13	16	35	17	21	34	19	3	49	19	20	12	47	28	42	32	37	43	16	47	48	43	15	42	40	33	14	
25	9	22	11	6	45	27	2	10	40	8	30	44	9	11	35	7	31	32	21	29	9	21	34	46	21	34	10	44	21	3	37	49	16	19	16	13	37	22	2	
27	18	20	32	25	38	15	16	45	13	21	5	7	20	9	27	43	13	23	9	2	10	15	35	21	16	1	45	21	12	24	15	44	4	8	27	40	38	4	20	
10	18	21	36	4	8	39	11	3	45	23	17	36	37	40	3	36	34	45	44	47	19	31	47	3	38	27	3	44	16	30	27	6	42	13	21	22	13	43	8	
18	30	7	17	44	39	42	16	25	40	23	48	33	30	20	10	37	19	38	44	18	5	42	40	6	38	27	14	21	37	46	17	24	33	29	13	49	8	49	48	
20	24	24	46	21	4	48	11	47	21	1	17	8	24	47	42	38	18	38	4	47	3	35	17	3	1	2	20	9	13	4	25	9	34	39	26	42	30	15	6	
