Factories	3
Families	60
Machines	6
SetupType	3

Number of Jobs in each Family
2	5	2	3	3	1	9	1	5	10	2	3	4	6	3	5	9	4	9	2	7	6	7	10	5	8	2	2	1	4	3	2	2	5	3	9	6	1	3	9	6	1	9	7	7	10	7	5	2	1	5	7	3	4	3	2	10	5	3	4	

Jobs in each Family
0	1	
2	3	4	5	6	
7	8	
9	10	11	
12	13	14	
15	
16	17	18	19	20	21	22	23	24	
25	
26	27	28	29	30	
31	32	33	34	35	36	37	38	39	40	
41	42	
43	44	45	
46	47	48	49	
50	51	52	53	54	55	
56	57	58	
59	60	61	62	63	
64	65	66	67	68	69	70	71	72	
73	74	75	76	
77	78	79	80	81	82	83	84	85	
86	87	
88	89	90	91	92	93	94	
95	96	97	98	99	100	
101	102	103	104	105	106	107	
108	109	110	111	112	113	114	115	116	117	
118	119	120	121	122	
123	124	125	126	127	128	129	130	
131	132	
133	134	
135	
136	137	138	139	
140	141	142	
143	144	
145	146	
147	148	149	150	151	
152	153	154	
155	156	157	158	159	160	161	162	163	
164	165	166	167	168	169	
170	
171	172	173	
174	175	176	177	178	179	180	181	182	
183	184	185	186	187	188	
189	
190	191	192	193	194	195	196	197	198	
199	200	201	202	203	204	205	
206	207	208	209	210	211	212	
213	214	215	216	217	218	219	220	221	222	
223	224	225	226	227	228	229	
230	231	232	233	234	
235	236	
237	
238	239	240	241	242	
243	244	245	246	247	248	249	
250	251	252	
253	254	255	256	
257	258	259	
260	261	
262	263	264	265	266	267	268	269	270	271	
272	273	274	275	276	
277	278	279	
280	281	282	283	

Total number of jobs
284

Processing times of jobs
3	1	7	8	1	2	
9	1	9	8	8	8	
10	9	2	1	5	7	
8	7	10	8	10	5	
9	4	8	7	1	2	
6	5	8	4	3	4	
3	10	1	10	10	1	
7	9	2	7	7	5	
8	10	8	3	9	10	
1	8	6	3	8	9	
6	4	3	7	6	1	
4	2	5	4	5	1	
10	9	9	4	10	8	
9	1	7	10	3	5	
7	4	9	2	10	8	
4	5	1	8	3	3	
7	9	10	10	1	2	
7	4	2	1	10	5	
10	4	7	4	7	8	
8	1	7	9	8	8	
10	1	3	9	1	7	
7	9	5	4	9	4	
9	7	8	4	7	2	
6	2	9	2	5	10	
10	2	6	2	6	7	
4	10	4	9	3	3	
8	2	9	8	3	8	
10	6	5	3	2	9	
5	9	8	9	6	4	
5	4	8	1	10	10	
10	3	9	9	10	3	
10	7	8	10	4	5	
6	8	8	7	4	2	
3	9	5	5	7	6	
9	6	10	6	7	9	
4	2	9	3	1	4	
3	4	5	5	8	9	
3	2	4	3	3	9	
5	2	3	6	3	7	
4	5	6	7	7	9	
8	8	8	1	6	6	
8	9	7	5	9	6	
10	4	8	7	1	5	
8	4	4	6	9	2	
5	7	10	6	7	2	
1	2	8	7	6	7	
3	4	10	4	8	5	
2	2	9	3	4	4	
7	8	10	2	1	4	
8	1	6	4	1	6	
10	7	7	9	7	5	
8	8	2	2	3	10	
7	3	5	4	5	1	
6	7	3	1	5	5	
2	2	6	9	8	3	
9	5	4	8	3	5	
5	1	4	2	8	3	
5	8	4	8	7	3	
10	4	8	7	3	6	
6	8	6	2	5	6	
3	3	3	5	8	4	
5	6	4	2	3	5	
5	1	10	10	7	5	
9	9	1	9	3	2	
9	10	4	6	1	5	
7	9	3	3	10	10	
2	3	4	4	10	8	
2	10	3	3	6	3	
9	6	5	6	10	5	
4	8	2	6	1	5	
7	10	7	8	1	2	
6	2	10	4	1	4	
8	7	10	1	9	1	
7	1	8	8	1	10	
7	8	3	2	9	5	
2	6	2	10	3	4	
2	5	4	3	7	8	
2	10	5	3	1	6	
9	4	8	6	7	2	
6	5	1	1	2	10	
10	2	1	7	8	2	
7	8	8	2	3	5	
9	2	4	4	5	3	
2	3	4	2	6	4	
6	9	3	10	5	2	
2	1	3	7	3	2	
2	4	4	4	3	6	
1	5	4	1	2	2	
6	1	1	2	2	10	
1	5	9	2	5	9	
2	8	6	6	9	5	
7	9	5	2	8	10	
4	1	6	5	5	6	
4	8	5	1	3	3	
5	7	10	5	5	1	
2	5	10	1	9	5	
4	2	3	10	8	5	
2	7	1	5	3	4	
2	10	3	1	2	3	
9	2	2	4	2	8	
8	1	3	4	1	4	
7	3	10	9	6	5	
3	3	7	9	4	5	
3	4	9	7	10	9	
9	5	9	1	9	2	
1	9	9	6	10	5	
1	2	5	4	9	10	
2	7	10	5	9	3	
4	8	5	4	9	8	
7	3	9	8	4	8	
9	9	8	4	4	7	
6	4	10	3	2	5	
8	6	8	10	8	10	
3	9	9	10	6	4	
3	3	10	7	6	10	
4	10	2	10	7	4	
5	4	10	7	1	8	
8	2	8	4	9	1	
3	5	4	4	5	5	
2	3	3	2	6	2	
1	8	8	7	4	7	
5	8	1	2	10	3	
8	9	10	9	3	7	
10	9	5	5	5	2	
7	8	5	3	7	8	
6	6	10	7	5	9	
2	10	3	8	4	8	
9	6	5	9	2	4	
3	10	7	10	7	8	
10	3	1	1	10	1	
5	4	3	3	7	5	
3	10	2	8	3	10	
2	5	5	9	6	10	
7	1	10	5	2	8	
1	5	1	5	5	7	
2	7	3	8	6	5	
5	2	1	2	4	4	
2	7	2	10	7	5	
2	1	5	2	5	3	
7	3	1	2	9	1	
6	5	9	2	2	8	
9	1	10	8	4	1	
6	9	9	6	8	5	
8	6	1	1	5	5	
2	3	8	1	8	10	
9	9	1	10	4	6	
1	7	10	1	8	7	
2	5	7	6	2	5	
4	9	6	7	7	7	
10	7	9	6	7	3	
9	1	10	10	8	7	
2	3	2	1	6	10	
2	8	8	5	2	9	
7	5	7	8	8	7	
4	8	6	8	7	1	
3	3	6	6	10	1	
7	5	1	7	3	5	
4	3	10	7	1	7	
5	4	3	8	5	10	
5	9	10	7	6	8	
1	5	1	2	3	6	
5	8	1	1	8	6	
5	4	6	4	4	7	
3	5	2	3	9	4	
7	6	1	8	8	3	
5	9	1	3	10	6	
6	7	1	2	4	5	
2	7	10	7	1	3	
5	2	2	3	4	1	
6	9	7	3	5	2	
5	10	4	3	7	4	
6	4	8	7	6	10	
4	8	3	1	8	3	
2	8	4	6	7	3	
3	10	1	1	7	8	
6	8	8	9	5	8	
7	9	9	10	5	5	
2	9	9	8	2	6	
10	9	9	3	5	10	
9	5	7	2	10	4	
6	8	4	6	3	3	
2	8	1	6	8	9	
3	5	5	6	8	4	
2	9	2	4	1	7	
8	5	5	5	5	9	
7	2	10	1	10	4	
6	3	6	3	7	6	
8	7	9	4	9	1	
3	6	7	2	10	2	
9	7	6	1	8	5	
3	5	5	2	6	9	
8	8	6	2	6	4	
9	10	6	1	7	5	
8	9	2	8	1	9	
1	10	1	7	5	6	
4	3	7	5	1	8	
6	8	1	8	1	9	
4	1	3	9	6	1	
4	1	3	8	7	6	
9	10	4	6	6	4	
3	9	3	4	2	1	
3	1	4	7	10	6	
9	1	1	7	5	6	
8	10	8	3	3	6	
10	9	10	5	9	4	
10	8	8	8	2	2	
9	4	4	2	9	2	
7	4	5	5	2	9	
1	8	2	10	3	4	
3	9	10	5	5	10	
10	7	4	9	9	10	
10	3	1	9	1	3	
1	3	7	4	1	3	
1	9	3	4	8	3	
10	3	5	5	8	1	
4	4	9	2	1	9	
6	6	9	5	10	9	
8	6	8	10	4	2	
4	4	3	9	7	10	
4	5	5	1	5	2	
9	8	6	3	4	5	
9	10	7	5	10	4	
6	9	10	10	3	10	
3	7	6	6	7	6	
2	3	8	6	5	6	
2	10	3	6	8	6	
6	8	5	10	3	6	
6	4	7	2	8	6	
10	3	3	5	3	5	
9	9	9	9	10	4	
10	5	1	5	4	5	
4	2	10	8	3	6	
3	6	3	5	5	9	
10	8	5	6	4	6	
6	2	6	6	3	1	
4	7	10	5	8	10	
9	9	9	5	2	7	
6	2	7	2	5	4	
1	5	5	1	3	7	
9	4	5	8	5	6	
6	5	7	2	10	1	
8	9	10	8	9	7	
8	4	3	1	7	10	
9	3	3	6	2	1	
9	7	5	9	2	7	
2	5	2	2	2	7	
2	8	10	1	3	7	
7	1	9	4	2	4	
2	5	3	10	3	1	
9	6	1	5	2	9	
6	8	9	3	4	5	
8	10	6	9	5	5	
7	9	9	4	7	2	
10	1	6	9	5	3	
5	10	4	6	3	2	
1	8	8	9	5	6	
7	4	9	7	9	9	
5	8	2	1	2	10	
4	9	10	2	7	6	
5	4	6	1	6	1	
5	1	7	5	3	9	
1	6	4	6	6	6	
5	8	10	5	5	5	
5	6	1	4	2	10	
3	7	4	1	3	9	
8	5	9	3	8	10	
7	6	2	5	9	5	
7	9	10	7	7	8	
8	8	4	6	8	2	
7	2	7	3	6	10	
6	1	7	2	7	1	
5	3	4	7	1	6	
8	5	10	4	9	6	
3	4	9	9	4	6	
1	1	10	8	10	6	
4	3	7	1	1	7	
3	3	10	4	10	7	
10	1	7	5	9	7	
1	5	7	8	9	3	
10	10	7	4	7	7	
10	2	1	10	10	1	
2	8	8	8	2	3	
3	10	1	1	8	9	
3	1	10	1	1	8	

Stepup times between Families, where [f][f] represents initial setup time
On machine	1
10	29	43	96	5	25	11	35	43	20	44	44	40	64	46	34	17	81	4	50	68	8	53	51	93	15	74	52	84	53	16	55	72	89	67	72	63	92	82	12	91	70	29	79	97	24	89	96	23	95	24	87	67	80	93	71	2	5	40	49	
7	95	84	97	12	60	16	80	97	50	57	26	67	13	74	64	95	10	1	44	100	41	93	48	46	60	67	25	64	44	74	69	3	23	22	22	39	70	71	40	39	66	93	53	36	78	51	72	83	3	66	84	60	6	71	9	97	65	44	71	
94	72	79	55	100	54	31	70	69	5	39	89	37	78	64	33	2	48	26	86	29	90	78	19	50	3	15	67	63	22	99	99	14	22	87	66	76	48	1	10	18	34	56	9	30	66	53	42	1	68	33	41	52	100	47	48	23	67	72	28	
42	100	24	100	14	14	59	80	62	68	59	8	6	60	51	70	75	19	24	16	77	69	96	55	29	100	25	9	68	27	22	86	16	6	51	94	87	27	17	20	73	86	81	1	57	100	51	86	48	33	82	96	73	44	33	59	89	35	74	69	
75	31	70	47	21	21	29	68	61	62	48	93	50	84	88	54	62	73	40	91	13	75	46	48	71	41	26	1	42	53	72	92	4	90	83	1	83	68	82	76	72	14	25	89	81	80	75	97	86	45	35	63	17	22	12	78	21	31	18	12	
88	77	70	42	57	1	89	19	77	12	8	5	87	68	26	47	77	2	86	64	93	76	79	68	34	57	89	52	80	42	14	6	85	8	1	51	96	19	81	56	98	89	25	35	80	95	18	19	36	51	42	49	87	87	8	49	82	37	28	72	
68	64	45	10	3	81	7	47	30	93	42	14	63	42	88	86	57	96	30	9	40	70	74	50	72	86	23	34	6	61	61	68	48	70	71	69	4	77	79	26	64	27	52	48	72	24	69	7	99	27	53	69	58	9	26	25	91	36	51	66	
34	2	97	74	50	63	80	41	98	15	78	48	39	12	19	22	49	94	49	76	22	67	7	100	14	89	87	36	21	98	12	39	82	4	55	21	40	69	25	35	54	88	18	74	6	36	48	88	69	85	87	74	41	53	4	16	16	8	56	74	
78	15	90	24	17	54	35	69	55	68	81	75	87	99	54	26	11	76	66	10	26	4	56	82	46	44	89	18	96	6	77	99	14	28	66	81	60	80	46	82	35	1	88	2	75	21	86	29	76	96	70	72	2	64	34	10	95	29	97	86	
65	26	6	99	49	97	11	83	87	84	43	88	87	32	15	38	72	38	59	8	55	87	43	34	66	88	51	67	49	47	92	17	60	21	80	30	74	41	94	80	26	71	26	11	93	48	89	52	91	5	96	17	9	30	69	44	70	6	47	98	
4	31	71	89	5	19	42	48	83	36	9	45	25	28	39	11	67	94	70	1	64	51	33	10	65	64	24	31	21	83	68	10	95	41	85	32	40	19	17	73	6	51	82	98	16	41	71	12	62	37	7	83	11	15	15	74	25	50	13	37	
49	33	12	42	60	20	18	21	25	93	72	57	44	42	65	8	86	42	89	38	66	6	83	52	99	42	65	92	87	44	3	87	100	40	18	36	69	8	15	47	43	95	55	52	1	24	4	21	76	36	5	45	3	16	70	75	90	16	55	86	
24	85	54	26	7	59	3	63	35	3	47	88	28	42	90	43	48	2	9	75	14	67	76	86	36	8	41	100	26	64	97	71	44	9	91	8	22	91	30	59	70	86	82	99	66	32	82	44	62	8	16	48	12	86	5	15	62	46	91	58	
36	50	84	63	59	10	61	75	21	8	7	28	58	4	80	20	98	37	42	73	92	25	23	6	69	22	37	17	18	53	48	99	8	51	51	42	17	33	12	46	27	89	19	38	82	55	34	39	51	33	98	8	84	33	56	28	39	74	30	13	
37	42	96	82	41	15	15	56	33	53	85	60	21	22	28	57	68	99	27	92	7	71	87	31	90	65	3	9	60	15	86	50	62	80	56	55	61	61	35	17	96	32	47	39	4	36	13	85	38	49	40	67	96	43	24	52	68	81	46	95	
25	60	20	79	4	64	67	10	10	54	15	37	62	90	26	82	58	63	23	54	57	13	12	32	39	50	69	17	8	96	63	9	14	66	25	14	42	9	70	24	85	61	71	60	27	8	50	73	55	82	92	28	21	86	47	3	44	64	95	69	
40	51	93	63	23	61	4	70	93	92	64	23	2	95	64	63	19	18	4	48	57	6	27	3	33	88	9	16	67	32	16	84	26	41	69	81	71	16	37	59	45	44	77	12	96	40	33	52	37	47	35	87	6	94	84	44	31	33	23	83	
55	43	31	1	71	23	85	35	63	39	21	92	18	22	97	83	57	51	94	68	19	11	20	22	67	11	96	77	89	50	8	37	42	92	41	30	42	40	100	81	91	52	91	83	8	6	45	9	91	64	44	88	35	52	62	33	92	93	6	96	
52	38	48	24	78	48	100	42	17	98	95	59	67	8	31	71	74	35	32	8	31	16	22	46	98	31	93	17	85	87	2	59	32	75	52	6	68	87	35	9	38	18	52	54	87	78	1	68	18	2	98	54	21	23	44	48	83	7	5	84	
38	78	17	92	48	69	91	61	4	60	23	100	86	86	78	68	67	100	42	47	6	58	12	61	33	37	43	65	8	90	55	27	58	93	98	86	54	85	97	83	98	23	78	85	77	78	41	86	46	86	69	14	11	16	37	67	19	52	58	96	
23	16	58	91	47	1	33	96	72	11	99	47	45	77	67	33	67	57	6	45	81	93	47	74	76	39	65	23	86	7	41	79	85	46	26	98	83	73	23	44	63	58	52	44	66	26	63	44	75	12	64	23	48	81	46	67	11	88	49	25	
63	40	57	45	50	32	32	26	6	62	14	85	23	63	40	16	97	17	20	19	99	22	3	22	11	85	88	62	98	75	3	56	30	3	81	62	14	45	75	93	38	87	97	3	52	85	8	50	94	3	1	20	97	24	36	89	17	82	33	61	
86	71	6	14	55	53	33	26	9	54	19	9	90	45	41	86	18	41	62	86	37	11	50	81	38	14	6	51	40	23	23	34	99	9	23	10	58	90	77	1	98	14	53	25	89	76	60	82	60	7	5	44	85	10	20	96	22	7	85	22	
98	65	12	11	93	4	92	8	10	49	58	83	22	38	96	76	20	55	45	43	55	14	66	60	60	44	10	63	56	48	6	97	68	71	96	62	27	37	36	16	40	11	95	100	21	29	28	52	15	35	33	85	47	50	35	86	60	92	96	40	
50	100	27	84	14	82	17	82	67	75	80	63	60	27	89	80	71	16	89	84	66	7	70	20	52	96	67	90	10	79	34	89	46	88	7	43	16	10	97	70	11	75	70	55	70	94	82	16	20	19	16	24	80	72	18	29	21	56	6	21	
86	68	25	37	93	91	59	82	9	74	99	56	96	52	88	49	22	44	32	66	15	77	8	36	19	69	81	58	76	89	97	77	83	32	13	72	43	82	65	89	82	2	36	67	62	15	6	21	87	52	39	20	77	59	90	68	97	47	5	53	
7	16	75	39	51	82	84	86	52	88	96	72	43	96	27	99	84	60	22	60	59	35	45	68	31	88	81	16	83	93	88	88	43	44	41	72	24	71	76	67	7	62	52	51	52	61	4	76	76	74	34	100	16	80	44	32	98	45	97	29	
29	36	34	41	80	6	17	86	23	90	100	71	5	80	66	30	57	52	47	58	20	34	34	31	55	51	36	66	77	1	14	33	78	80	57	18	54	94	61	11	92	76	80	18	43	9	25	62	94	87	45	69	33	11	4	87	95	22	99	92	
67	53	73	37	24	100	55	29	32	19	57	21	58	69	85	28	19	42	18	81	46	98	97	34	39	30	94	54	74	67	59	92	67	20	5	70	13	81	68	13	23	54	11	78	35	48	94	18	5	90	23	72	22	90	16	39	62	75	44	63	
50	6	83	20	50	12	38	70	78	14	10	5	3	94	33	89	89	6	100	6	7	94	82	100	50	75	92	5	29	84	24	65	100	32	88	91	92	62	61	31	7	32	47	79	52	60	22	78	45	2	69	41	35	49	67	48	42	36	27	57	
42	92	64	26	88	45	97	89	37	64	25	91	72	39	18	70	86	59	7	48	39	9	19	40	34	44	40	11	29	2	33	41	63	85	59	25	66	84	14	26	65	98	74	72	32	82	76	14	25	60	11	25	67	38	42	81	88	55	63	71	
1	72	36	47	1	44	94	90	34	65	20	86	59	3	85	45	1	81	84	79	56	54	50	76	76	38	8	14	49	49	55	55	28	19	70	21	60	4	20	69	51	78	9	45	76	12	25	30	77	33	18	29	40	22	40	57	32	37	31	13	
5	19	1	74	35	26	19	17	51	26	13	86	26	48	51	83	72	9	22	26	13	70	30	33	37	4	22	1	53	66	75	60	15	48	76	90	70	82	5	45	23	61	77	21	23	14	98	77	39	73	68	23	80	3	85	85	47	63	63	26	
80	65	74	98	40	8	52	10	97	15	34	23	25	18	81	63	90	86	41	69	41	40	84	16	72	81	94	18	6	20	64	97	72	16	14	99	81	97	98	58	99	96	53	94	75	29	84	54	31	48	20	68	45	67	17	57	31	27	41	92	
81	50	79	98	43	72	54	74	35	37	72	42	17	1	91	6	97	49	10	15	65	25	51	15	20	6	44	42	90	6	63	4	17	58	98	26	23	64	3	29	9	4	1	19	7	16	83	35	85	26	44	23	38	49	31	48	6	64	32	52	
1	90	99	12	58	67	69	59	98	58	44	3	78	3	34	23	49	30	81	57	34	97	65	60	44	27	99	9	11	70	49	49	100	90	41	10	16	94	34	63	6	66	37	68	17	58	85	43	71	14	77	80	75	26	46	68	96	72	39	64	
15	47	87	46	11	59	22	88	43	79	31	80	71	37	58	29	75	88	93	15	93	70	12	48	45	28	21	61	98	3	16	55	34	8	35	68	45	24	85	40	26	53	96	36	7	63	60	52	100	66	62	24	50	78	37	97	16	48	56	77	
69	17	1	81	83	21	76	25	100	17	22	85	55	4	19	9	77	43	70	6	16	23	89	4	67	95	13	4	27	86	42	31	18	81	82	9	87	81	54	74	26	84	66	79	56	77	58	89	32	13	65	27	42	16	65	37	52	49	46	35	
60	65	32	90	6	72	55	41	70	5	10	92	24	3	96	10	26	76	28	83	41	23	63	48	40	56	42	89	5	75	22	63	93	65	73	36	47	74	97	76	92	32	75	34	85	30	36	29	96	92	78	15	64	90	30	99	72	16	5	6	
5	82	5	25	79	95	41	64	5	42	27	78	52	30	13	3	19	30	22	58	72	10	11	21	76	45	42	46	3	20	61	87	58	53	33	19	6	15	9	22	6	9	10	11	84	57	49	57	56	7	35	13	56	6	63	57	75	86	17	15	
5	55	14	39	50	13	96	47	62	12	39	38	84	46	57	71	90	55	98	95	9	36	98	76	93	43	99	23	43	57	57	40	13	61	32	28	26	93	90	44	43	63	61	88	37	66	52	18	47	96	76	5	50	37	84	64	27	9	5	7	
17	39	69	12	5	40	40	29	14	34	89	37	44	35	95	100	7	20	31	49	63	77	23	87	67	4	71	57	74	22	39	9	53	92	78	58	91	45	30	66	30	12	15	92	34	89	92	15	63	37	71	54	18	82	8	24	99	35	54	35	
18	47	13	45	95	43	15	72	20	27	48	47	73	82	99	40	81	5	96	91	56	84	27	58	95	18	98	51	44	2	2	11	46	14	2	80	3	65	92	9	44	88	8	64	100	36	18	41	25	22	47	33	60	2	99	54	47	53	82	45	
16	22	33	63	51	75	42	96	92	69	98	29	50	56	49	21	51	12	27	91	10	4	46	98	97	75	32	96	30	45	83	39	16	82	6	1	61	38	33	55	67	76	68	52	28	52	39	6	90	15	26	46	79	40	88	56	16	58	17	42	
4	7	81	77	64	11	93	67	72	70	68	3	80	78	46	34	40	52	75	92	61	64	91	2	49	42	65	61	13	48	22	42	97	46	20	23	35	45	11	3	52	59	2	2	75	42	56	95	83	87	80	93	100	13	79	15	41	9	94	15	
40	80	92	54	8	88	73	18	23	27	54	83	36	54	15	94	80	8	35	55	89	18	7	82	26	26	89	41	40	70	90	4	68	3	18	61	39	53	39	56	42	42	97	13	34	95	88	5	6	25	62	99	98	24	2	8	80	8	70	36	
73	41	93	27	55	32	36	46	28	86	10	79	57	13	21	32	20	41	91	78	59	17	61	9	46	78	75	1	22	71	8	89	35	61	40	31	11	28	95	63	16	55	79	9	24	73	60	76	75	45	59	100	21	79	69	70	12	43	62	15	
100	66	41	18	89	62	30	18	69	91	18	59	15	83	61	88	47	62	17	81	14	18	53	81	37	80	1	31	41	40	61	9	77	54	81	45	4	1	87	67	9	28	9	14	4	19	68	70	85	59	13	51	91	61	31	40	98	100	81	70	
81	44	98	98	75	66	18	84	16	22	67	6	70	20	48	44	37	70	9	25	88	16	79	18	60	29	44	49	18	22	82	37	88	93	28	44	32	79	22	89	1	28	51	15	10	54	32	93	32	65	50	8	18	98	87	50	14	7	5	92	
31	70	19	74	14	76	100	90	41	72	9	74	34	48	82	54	3	95	96	73	14	59	90	87	60	37	93	11	49	67	53	73	22	13	16	27	18	43	57	32	14	70	69	89	65	97	1	67	46	78	57	29	43	61	18	78	89	76	94	1	
97	36	60	9	31	91	82	7	97	34	71	42	83	33	40	13	8	20	6	10	55	80	41	3	14	43	88	49	95	32	65	49	26	71	22	66	18	15	64	54	47	81	10	80	31	64	69	94	16	13	91	60	34	53	54	36	29	28	47	16	
56	60	62	49	71	47	32	57	95	10	58	12	4	2	3	86	99	75	53	8	13	67	16	39	2	52	16	37	90	33	40	43	5	61	50	30	77	1	9	51	93	67	69	84	40	12	5	48	43	52	27	99	90	62	60	84	36	13	17	44	
70	33	33	10	26	71	40	21	21	24	1	58	65	59	15	12	26	77	1	38	75	16	7	79	13	36	39	20	32	73	67	31	77	57	61	13	55	69	20	44	48	33	21	39	15	61	58	36	76	25	70	8	27	70	22	56	44	50	93	13	
38	80	50	100	91	28	17	96	84	40	23	61	45	68	36	43	71	22	6	22	68	74	20	31	47	52	10	70	20	23	23	85	22	21	28	89	59	91	55	56	24	79	28	27	30	24	82	61	41	2	78	7	87	29	19	21	74	42	89	29	
81	96	59	35	72	25	43	33	35	50	58	31	5	86	91	65	61	25	52	100	56	32	2	95	52	25	32	15	97	29	55	37	99	72	28	14	27	60	14	67	73	96	38	15	9	3	13	97	96	17	1	54	69	17	86	18	21	47	50	94	
60	73	47	67	53	41	15	56	84	33	70	57	98	49	68	82	41	12	41	10	68	1	81	30	84	36	19	77	52	10	93	57	27	45	17	53	93	15	34	40	55	64	22	2	38	50	15	22	56	33	63	24	73	4	68	16	89	78	64	2	
43	84	10	51	13	85	61	100	1	35	28	98	76	42	22	34	88	63	39	38	32	99	83	91	82	76	39	84	64	2	29	59	24	61	76	6	88	79	88	9	98	97	2	42	31	31	35	49	54	79	1	85	63	46	14	27	100	25	25	22	
37	9	3	42	99	62	63	33	74	17	49	47	75	52	87	68	27	70	3	11	34	11	47	69	66	85	83	84	72	84	59	98	59	11	17	49	74	27	35	27	80	63	44	45	94	13	11	52	93	72	16	80	73	63	64	5	9	100	91	42	
40	41	64	32	31	87	47	7	23	23	89	98	2	90	45	37	17	47	94	54	73	56	74	53	79	94	21	29	16	53	53	86	52	43	92	24	45	30	18	75	92	7	12	73	88	78	9	86	78	11	89	50	67	15	84	84	99	92	24	89	
26	73	29	58	62	58	23	90	9	67	93	47	95	90	21	56	73	78	100	87	11	89	71	97	27	85	38	70	83	98	68	21	69	3	55	39	24	84	2	63	18	38	84	46	17	45	27	7	46	18	60	2	92	52	49	1	92	73	100	32	
On machine	2
17	12	82	69	27	57	16	74	28	70	96	57	90	57	15	96	45	36	70	31	15	67	47	94	95	32	53	51	56	27	19	60	90	25	16	33	65	55	71	5	4	27	5	33	91	6	19	85	5	78	86	14	72	33	56	87	34	83	17	52	
61	73	82	12	62	18	88	89	7	94	24	78	12	53	90	40	78	81	43	37	55	15	36	29	1	32	36	41	59	82	29	90	40	4	57	38	61	94	74	2	24	10	28	63	90	36	70	4	23	47	44	4	28	16	11	60	2	19	5	81	
52	100	75	35	44	27	25	60	18	18	13	46	14	46	42	38	73	61	61	3	57	80	89	6	24	37	31	76	94	26	1	61	70	95	1	38	47	83	77	65	71	42	37	82	87	19	6	74	68	64	44	60	26	27	58	28	79	25	9	27	
50	90	100	6	4	15	82	30	35	95	81	68	90	9	6	51	44	20	72	75	52	40	54	86	32	45	43	20	64	89	20	47	66	23	93	68	84	37	23	29	57	53	17	55	16	20	45	43	73	82	69	80	37	10	59	3	96	29	81	31	
61	89	68	50	54	76	48	36	72	24	87	34	41	25	78	73	92	66	37	100	46	45	73	91	7	81	56	18	90	84	19	78	76	80	50	66	45	9	45	60	5	66	98	25	71	17	35	70	4	63	26	41	22	20	98	11	13	90	99	51	
42	85	17	7	30	70	93	10	61	24	77	94	51	8	81	30	51	10	69	62	98	17	88	37	83	27	78	40	13	93	43	74	99	53	44	100	39	64	85	41	40	27	43	20	54	52	14	29	4	26	71	93	64	58	24	10	23	63	20	78	
97	5	97	7	95	12	51	99	94	18	75	73	75	66	59	88	22	94	12	14	39	29	81	7	24	6	98	59	99	96	44	58	62	66	39	50	80	61	62	50	85	15	74	65	78	62	17	13	34	18	76	29	20	87	15	17	39	6	32	72	
46	33	15	42	71	5	68	87	63	40	18	64	42	96	18	25	81	46	22	42	43	62	40	66	63	11	66	65	72	94	48	13	26	59	76	63	94	10	84	87	35	30	33	49	94	56	43	77	67	88	22	21	1	65	67	34	4	17	73	24	
57	61	93	30	81	29	80	14	70	24	80	96	10	87	6	13	13	52	78	29	9	97	75	29	64	77	45	19	31	66	20	71	28	91	76	91	44	8	61	25	70	16	7	79	18	71	38	96	67	96	78	37	100	59	87	10	24	15	59	30	
87	54	36	44	26	58	99	40	67	36	61	21	75	77	14	17	13	84	15	38	63	87	28	37	81	98	9	40	12	50	56	20	65	56	60	49	59	91	96	74	18	24	4	63	97	60	11	4	65	5	100	75	14	53	6	18	19	82	34	27	
25	74	40	59	17	85	76	88	75	81	95	71	57	56	88	10	87	1	36	86	66	16	66	79	33	79	23	14	97	81	32	47	99	9	16	33	7	60	49	35	53	38	15	24	59	62	27	81	99	67	88	53	62	73	99	86	69	5	44	78	
18	78	26	73	74	29	47	77	26	78	18	89	46	66	72	10	58	39	8	38	23	11	96	19	84	46	61	64	77	94	35	11	7	59	73	75	90	34	89	6	79	74	3	85	43	26	46	19	100	66	100	100	52	12	15	39	47	68	96	82	
80	39	87	27	72	53	15	26	59	17	99	54	31	89	1	57	2	34	42	61	90	21	82	87	50	39	61	21	24	58	87	70	69	16	20	60	45	95	3	31	28	90	20	36	92	7	55	4	15	65	27	22	51	96	78	19	81	19	47	21	
71	97	34	61	9	96	51	89	42	61	1	56	50	60	32	48	30	19	49	58	84	52	97	44	93	52	25	48	16	37	80	42	100	16	45	20	32	71	18	77	30	69	18	71	77	87	3	70	99	89	83	15	39	50	8	46	78	29	33	26	
61	32	60	74	38	49	41	41	74	30	96	70	34	9	37	42	1	61	34	30	5	23	34	71	54	40	13	31	55	34	65	1	90	37	83	85	70	72	20	90	7	13	50	95	62	13	90	3	49	55	52	40	10	66	89	54	67	25	92	85	
60	55	86	89	16	76	10	61	1	66	61	26	38	51	74	96	10	86	54	84	51	8	78	24	24	37	49	25	54	66	51	75	49	18	14	6	55	92	56	67	84	23	17	40	80	69	55	65	26	39	79	83	73	42	26	26	80	98	20	10	
65	83	28	85	61	20	8	64	22	58	6	55	30	6	22	62	81	14	46	10	45	62	36	63	52	73	47	2	65	81	96	34	15	51	54	79	94	72	4	76	75	33	98	57	34	20	87	47	93	23	58	19	88	80	62	52	28	42	74	61	
85	63	9	54	55	3	54	41	62	84	87	84	36	38	38	54	43	76	69	19	36	91	95	100	32	27	83	78	76	77	45	21	98	92	69	60	42	62	14	99	98	80	48	2	2	12	58	40	30	27	67	34	1	71	93	73	34	47	30	1	
10	1	55	24	81	23	2	42	36	9	52	66	58	21	27	4	1	56	16	65	79	33	61	80	50	7	49	42	13	88	48	45	44	91	60	20	2	89	8	18	32	51	76	4	81	43	41	32	68	94	34	19	2	61	75	45	13	30	54	28	
100	72	92	2	31	82	81	79	9	25	65	78	96	81	92	22	29	57	85	93	9	73	96	48	91	51	10	13	55	33	24	97	82	98	30	28	27	35	97	19	9	76	67	5	94	55	99	81	16	48	63	26	26	97	44	11	93	52	81	5	
48	31	76	98	32	68	6	80	88	97	48	42	60	61	81	51	67	80	58	87	7	71	96	69	32	95	20	15	46	88	45	3	63	61	17	68	46	63	45	76	77	13	6	27	72	73	56	31	23	24	59	34	90	59	10	61	39	87	87	50	
68	86	4	24	13	54	51	54	36	66	82	73	59	79	68	42	74	12	15	31	6	80	52	24	5	19	16	70	31	16	78	91	100	19	40	49	43	63	75	83	34	5	29	56	35	82	94	99	18	17	62	30	96	64	16	83	43	64	63	32	
59	15	80	58	1	95	13	60	67	32	16	73	27	46	11	7	7	2	70	62	7	37	45	8	44	79	24	46	18	14	49	47	81	44	77	87	53	100	25	3	37	28	62	51	20	31	31	80	51	77	46	7	67	27	93	45	71	90	46	1	
96	96	49	83	19	82	85	66	22	93	26	57	79	12	62	92	5	72	69	90	77	32	65	30	36	16	41	54	1	85	45	47	62	47	84	4	38	69	77	63	61	72	44	97	16	31	59	58	30	94	18	16	31	54	99	7	47	7	6	9	
94	75	78	38	87	74	16	42	2	3	56	62	42	46	49	37	75	26	25	92	91	24	81	76	98	81	49	30	16	77	15	87	14	60	64	73	65	94	91	94	78	69	19	96	25	94	91	52	89	60	28	18	7	100	74	13	30	49	42	39	
11	77	8	64	24	33	19	100	6	98	29	22	40	45	25	47	90	5	65	14	26	22	97	8	83	99	57	39	51	79	67	91	87	33	33	49	66	46	83	19	75	15	60	20	94	35	26	12	100	6	76	31	89	23	87	87	44	39	67	34	
85	51	42	92	21	74	87	12	74	38	29	43	24	53	30	14	85	95	6	72	8	34	11	43	88	32	83	89	99	44	87	38	63	4	13	96	41	42	77	59	93	6	88	66	89	55	27	66	93	8	6	21	54	64	62	22	65	9	63	3	
83	50	46	95	83	99	56	5	95	17	19	96	34	6	21	33	30	73	17	66	70	14	33	73	94	81	37	36	1	69	69	33	43	91	83	45	15	19	1	73	19	18	10	57	47	16	46	40	54	69	14	4	67	46	51	18	8	77	57	89	
48	57	5	96	50	86	14	28	28	77	50	66	65	10	24	81	50	7	17	28	95	76	6	3	9	24	88	34	91	83	49	49	90	100	65	58	61	85	67	84	33	4	27	38	76	25	16	32	64	37	10	87	99	37	59	18	24	59	33	12	
96	4	57	85	19	91	43	37	88	21	51	50	8	93	82	84	45	6	47	77	81	59	63	95	7	66	55	71	72	56	38	92	27	51	66	95	58	5	59	63	59	25	17	96	99	56	65	88	88	37	59	18	29	12	78	39	38	51	49	13	
89	6	13	29	8	49	39	76	40	83	59	86	90	41	93	92	59	100	19	14	69	75	7	18	72	65	19	90	38	57	46	64	75	94	32	29	15	21	89	29	97	17	21	33	84	23	24	4	8	85	81	38	12	52	56	41	77	37	72	70	
1	20	25	40	37	27	30	47	12	4	98	48	29	26	49	83	98	57	25	34	70	1	50	92	52	71	81	83	49	9	59	50	44	51	42	93	16	70	4	83	14	74	36	63	43	82	9	98	72	43	96	48	73	90	86	52	86	13	70	5	
28	20	59	46	3	70	37	4	92	15	76	25	26	78	78	1	49	23	27	53	38	86	46	44	12	52	77	78	26	29	55	1	90	63	13	61	98	35	23	19	13	5	1	6	4	8	13	22	57	66	26	8	76	65	94	53	88	48	40	10	
4	16	49	96	83	90	56	77	4	11	27	87	30	45	92	8	56	62	40	17	48	98	91	71	53	2	72	3	37	57	54	8	40	6	71	50	54	44	88	62	19	41	85	20	33	62	91	64	45	41	3	80	42	85	64	98	26	22	24	90	
67	88	91	45	5	6	25	88	93	57	65	94	21	71	14	63	76	41	69	55	53	60	27	66	91	91	88	29	36	59	71	41	18	5	52	75	25	100	20	96	54	87	44	38	47	21	73	58	24	25	22	43	82	5	10	31	54	1	28	16	
76	25	80	18	5	59	100	36	46	78	47	100	62	16	72	6	49	56	2	15	5	47	47	42	21	100	67	63	93	59	82	100	61	100	28	45	41	31	91	14	65	1	74	86	12	80	94	94	70	44	86	76	55	63	63	46	78	14	19	50	
2	64	73	31	26	38	38	44	14	88	46	15	1	44	14	40	74	76	44	79	36	28	16	15	9	88	18	65	80	87	4	45	82	41	53	10	90	74	10	8	44	91	8	85	92	12	58	81	78	55	60	51	93	61	100	3	40	58	93	89	
9	2	33	98	4	37	71	22	94	10	88	57	91	55	89	94	28	64	74	61	97	98	34	88	10	30	91	48	61	71	91	64	99	47	66	94	42	93	66	33	30	59	65	48	82	89	90	25	54	54	43	95	7	69	88	12	39	4	48	50	
49	76	80	77	3	52	72	82	38	4	78	25	14	4	8	99	15	57	10	74	66	50	23	33	52	27	40	97	20	54	15	48	87	88	20	68	97	87	98	44	37	23	36	61	10	5	29	63	24	46	73	57	84	61	21	58	80	53	38	65	
12	61	8	76	30	37	72	93	41	28	4	61	23	62	67	88	37	32	21	93	82	5	35	33	8	67	14	82	74	22	84	86	29	77	92	38	97	15	51	20	46	96	27	46	16	20	91	68	68	22	87	3	93	1	77	52	97	55	64	17	
87	63	84	47	69	97	42	96	81	71	38	5	14	14	82	78	36	57	25	12	31	58	71	79	68	95	78	38	92	22	74	76	79	95	65	16	17	58	79	19	46	45	72	80	31	84	29	68	74	91	79	80	2	30	2	100	57	6	75	69	
26	72	28	1	42	31	88	77	44	99	65	35	56	64	57	65	70	43	9	26	96	91	60	12	13	98	83	14	74	75	67	34	44	47	87	37	72	7	4	98	12	73	47	76	79	16	57	24	54	73	1	27	96	24	33	36	83	67	62	100	
72	33	18	77	85	98	90	24	36	46	93	27	31	67	74	39	18	47	65	10	33	62	69	79	42	44	60	56	17	81	31	4	75	5	80	55	4	51	86	71	3	1	99	96	99	82	48	14	50	90	100	81	37	5	85	90	76	27	64	28	
8	23	31	37	74	71	42	70	8	71	37	16	14	75	59	17	98	54	12	67	19	40	10	22	52	39	66	64	1	46	98	92	29	54	9	7	35	34	47	11	94	65	17	65	42	37	4	54	36	94	22	52	5	43	72	26	16	40	75	41	
64	57	72	32	83	37	94	58	52	55	3	83	10	77	10	56	2	38	95	51	35	90	11	31	92	7	25	71	86	23	21	57	10	79	28	21	17	81	25	98	98	89	79	37	24	97	78	91	9	59	86	37	73	4	89	26	67	29	33	19	
41	80	19	48	23	52	2	73	2	98	86	32	77	9	38	40	23	19	31	41	46	36	27	50	48	65	83	27	20	33	25	77	47	45	33	50	59	42	24	57	95	43	37	98	97	50	4	78	49	79	20	38	2	96	30	20	74	52	90	21	
77	62	24	5	86	19	39	96	37	3	52	90	8	76	55	37	1	69	66	82	96	18	42	17	69	55	33	85	56	10	24	64	3	85	78	6	63	20	90	52	19	15	74	3	1	35	23	50	6	14	34	32	45	20	40	76	43	91	70	35	
17	98	76	8	61	29	68	74	2	32	49	83	35	83	4	43	26	61	37	39	96	56	23	27	27	76	66	82	19	65	73	9	99	78	15	5	57	79	64	12	79	83	60	54	82	98	84	40	18	73	6	42	59	92	66	81	100	82	52	95	
99	4	60	58	100	86	20	39	93	43	73	40	57	8	44	96	64	14	53	73	66	92	81	89	51	9	65	53	67	80	75	47	53	17	21	24	33	36	51	94	82	16	20	94	21	83	64	68	20	4	44	1	46	53	94	82	32	16	11	55	
23	79	90	67	90	79	99	54	2	77	76	50	100	58	31	94	8	89	32	32	24	70	16	70	54	58	22	84	1	80	61	80	13	34	94	45	50	48	39	52	63	36	12	91	95	46	25	72	71	50	37	51	22	100	25	3	38	55	16	26	
55	62	29	2	5	71	34	10	17	44	8	34	55	78	50	62	55	52	82	81	21	65	10	12	95	41	88	76	65	29	76	38	34	41	29	14	14	90	30	86	70	9	70	32	76	78	62	41	31	35	79	15	21	3	63	77	95	98	83	13	
92	44	79	15	74	94	1	20	18	68	82	98	98	76	17	26	72	50	29	41	48	16	19	59	18	43	20	69	10	67	17	51	60	31	11	85	55	49	11	77	71	53	71	68	89	35	6	48	12	14	46	39	70	2	67	74	49	6	14	76	
95	99	23	12	62	99	7	40	52	93	21	55	54	68	84	86	3	2	16	10	16	67	17	77	25	26	81	6	2	16	24	86	47	70	67	1	13	31	44	40	83	39	23	76	31	10	57	39	36	81	92	41	91	13	27	29	81	12	19	85	
85	8	75	55	94	82	36	34	48	52	44	41	34	86	35	6	86	14	71	46	52	35	36	15	67	59	3	38	41	7	28	18	26	22	33	100	72	24	18	84	86	90	74	67	57	31	71	99	58	61	80	93	86	80	18	93	54	58	85	39	
47	16	53	64	4	75	81	39	17	47	26	97	100	16	14	7	14	22	39	22	73	2	23	31	11	97	66	52	21	33	58	42	73	66	65	33	25	55	8	57	1	52	35	75	18	74	53	83	32	66	73	55	5	30	13	44	67	86	98	46	
88	17	49	14	32	46	100	48	71	57	52	71	35	6	49	64	88	54	94	80	74	27	75	29	87	77	8	47	66	70	36	17	95	81	2	27	43	31	19	49	19	86	60	95	96	27	65	98	6	77	81	19	9	62	68	62	35	18	11	22	
23	66	24	52	65	74	33	81	56	54	45	56	28	85	24	11	36	27	10	88	59	14	75	82	41	15	9	13	52	66	39	16	20	13	100	22	48	16	7	12	61	74	62	73	12	7	49	29	7	39	72	29	88	2	43	23	78	25	77	62	
96	12	51	42	47	8	2	81	74	66	67	52	52	72	18	88	37	44	82	99	97	23	99	99	85	92	33	89	63	17	16	37	9	49	83	10	25	70	93	64	96	61	30	65	86	56	54	1	56	27	19	27	97	94	36	93	94	38	38	95	
10	42	66	79	56	48	51	97	82	12	30	55	85	76	63	20	66	53	37	96	77	97	96	95	4	93	23	83	15	36	61	23	1	9	60	14	17	86	52	15	81	2	100	86	67	28	6	43	27	84	68	41	56	69	98	42	82	15	22	29	
31	23	50	84	57	18	93	83	96	14	89	37	56	31	83	9	88	72	83	63	36	28	1	16	9	96	85	76	99	17	67	71	15	43	66	90	34	24	53	74	80	57	46	37	9	52	87	52	78	41	91	77	39	18	94	54	31	73	31	5	
On machine	3
59	43	45	97	92	47	79	53	91	39	25	64	46	47	20	56	13	36	53	31	55	39	41	43	78	13	27	33	43	37	18	1	69	28	40	79	39	60	40	49	58	4	56	35	90	23	82	31	44	48	76	75	23	77	89	23	65	98	42	51	
49	63	77	68	75	32	33	38	87	81	10	86	33	79	18	61	92	66	16	69	14	43	17	26	40	43	68	71	22	45	45	50	41	36	49	10	23	40	63	8	87	51	27	72	85	83	48	24	56	95	55	69	70	66	98	13	16	63	21	49	
32	85	4	24	99	48	16	31	62	24	35	42	74	82	42	47	86	57	9	30	66	7	70	37	34	88	1	81	17	38	40	76	54	38	41	16	50	62	44	31	47	51	43	41	41	29	51	84	12	37	57	26	65	1	49	40	24	2	74	16	
89	75	25	76	13	17	50	17	47	19	41	79	68	42	13	19	64	20	27	53	6	46	49	44	14	90	21	10	1	92	51	64	5	23	57	100	73	26	46	1	62	62	25	73	51	77	1	10	39	93	21	91	50	96	64	67	61	22	60	46	
57	33	2	11	52	5	92	70	66	24	42	23	83	48	62	79	58	59	85	61	82	53	97	35	62	96	10	25	38	20	57	14	91	90	90	31	44	51	64	5	95	60	77	23	90	36	28	27	23	48	75	99	96	87	64	83	63	74	27	65	
65	17	73	77	5	18	4	11	39	97	55	21	33	78	19	53	43	27	41	15	78	29	78	38	70	16	5	73	8	49	12	47	17	84	54	32	33	66	63	86	22	89	24	71	89	41	32	17	61	33	3	37	1	46	91	73	48	43	20	35	
95	66	60	83	19	66	51	5	52	70	47	10	61	76	71	65	73	5	73	99	45	65	90	55	62	62	41	80	90	2	50	35	50	24	60	65	19	82	32	25	70	57	97	50	44	20	49	88	1	84	61	35	19	83	88	28	43	2	84	51	
12	41	82	4	43	84	27	2	81	61	42	84	34	79	48	54	14	21	13	52	27	47	45	74	27	85	99	48	22	45	36	26	81	13	48	70	8	94	5	84	93	71	36	75	62	81	100	58	33	83	36	38	69	88	32	46	28	72	34	74	
20	64	78	29	54	46	93	29	85	25	2	52	90	51	47	20	4	27	9	6	15	89	100	88	53	95	58	100	40	59	50	96	24	87	81	100	72	7	36	41	52	9	19	95	2	85	85	76	85	40	32	98	93	91	31	79	73	8	23	1	
65	32	14	37	24	33	46	59	60	37	9	34	52	35	51	83	39	94	44	100	97	5	16	79	91	22	37	56	94	26	88	91	56	47	2	17	82	42	4	10	69	87	60	32	36	79	22	70	98	78	56	11	68	89	37	75	80	82	32	58	
47	73	72	68	57	9	74	25	27	19	43	74	66	78	42	59	21	76	17	90	98	72	67	96	97	57	36	99	90	82	78	60	6	30	59	6	59	90	99	11	59	52	51	17	2	10	90	39	31	87	51	97	45	21	35	41	54	61	76	76	
99	39	82	68	41	69	25	67	48	73	56	28	18	56	9	56	86	18	16	28	89	96	96	90	93	45	63	29	9	12	54	80	8	44	29	21	65	17	11	22	22	78	70	28	39	72	56	92	10	14	9	47	25	42	25	16	91	67	32	80	
3	42	24	37	37	30	14	55	22	27	17	31	2	3	43	92	36	28	96	40	90	84	72	82	69	89	32	77	99	55	33	6	48	45	4	17	26	68	45	6	64	10	37	65	96	17	57	2	19	74	30	95	22	21	86	87	22	26	48	84	
37	18	2	22	91	2	73	78	34	39	7	78	6	67	29	46	96	67	72	8	5	61	81	39	61	92	5	44	88	1	90	1	73	36	55	79	18	52	72	91	75	31	62	3	42	53	44	13	17	35	22	52	46	51	5	67	12	70	35	39	
75	81	8	40	30	96	85	86	15	92	36	40	79	3	21	49	94	53	95	82	25	13	93	84	97	73	50	22	35	6	55	54	27	63	45	93	54	95	63	88	71	9	93	60	99	24	69	48	59	39	56	58	6	2	77	78	84	74	29	98	
74	18	58	71	23	94	42	72	71	36	6	29	82	81	4	37	74	37	72	96	69	38	30	23	33	42	12	80	69	95	77	38	61	70	15	37	48	19	61	34	65	96	72	53	75	44	52	6	98	91	5	26	23	39	14	10	98	12	48	97	
49	67	31	66	15	67	6	64	86	2	68	53	6	59	4	1	20	56	53	79	45	77	88	64	95	53	34	3	80	1	12	5	60	75	18	54	41	85	60	31	29	66	51	86	17	16	15	47	83	34	83	56	17	92	90	39	59	49	77	31	
80	4	13	44	38	34	94	59	64	75	12	48	69	59	93	74	37	67	35	64	5	84	11	18	28	8	50	80	92	50	23	8	15	90	66	18	26	45	43	19	93	30	14	94	1	51	74	67	63	18	71	25	30	6	4	91	18	36	28	9	
42	41	17	96	23	3	99	35	33	68	46	19	95	81	26	10	58	3	34	71	11	14	7	1	34	20	54	56	45	96	21	88	24	62	30	73	29	58	88	95	40	86	42	31	85	1	89	34	8	2	9	4	81	46	71	91	100	5	50	5	
51	49	8	72	96	76	94	65	44	15	18	70	65	8	35	40	34	6	50	43	91	89	96	36	60	72	8	69	14	97	75	15	2	95	45	84	44	39	38	82	34	71	84	29	92	29	22	76	99	47	42	41	47	99	87	14	26	96	2	2	
98	57	73	76	12	42	1	46	29	29	49	50	49	66	62	70	47	42	94	93	24	20	67	32	56	54	100	73	69	59	47	54	41	69	17	98	54	36	54	45	83	47	79	40	26	11	73	26	88	90	3	85	73	63	47	21	97	70	17	27	
38	44	89	93	38	40	74	36	47	72	63	33	2	56	4	76	89	63	12	66	12	78	34	70	26	49	78	42	55	52	81	39	32	77	47	83	23	3	40	61	37	8	93	98	57	38	1	62	82	46	55	16	83	66	94	43	54	97	98	97	
86	64	97	57	41	55	18	20	94	81	72	27	86	16	62	88	22	1	37	86	68	63	59	42	73	5	87	47	46	96	97	20	46	89	28	41	36	48	81	68	89	87	21	5	43	42	93	55	35	78	41	52	96	22	87	38	86	72	14	80	
78	13	39	45	94	40	70	35	44	4	20	55	82	24	67	47	76	3	23	47	45	57	36	76	39	40	83	66	97	98	34	49	46	18	62	35	96	84	43	99	10	43	71	41	81	21	19	52	9	57	98	44	32	17	78	26	83	73	68	53	
83	40	3	82	98	91	24	54	50	14	32	10	2	56	43	86	4	30	11	6	81	72	48	95	15	62	43	86	4	52	77	91	28	77	5	51	1	85	88	65	93	78	48	22	71	79	59	83	30	58	78	72	90	56	41	42	48	22	12	21	
100	82	18	35	16	50	17	80	44	28	99	30	33	47	96	76	91	53	51	86	78	42	41	35	82	20	59	67	89	78	84	45	17	74	84	79	35	18	14	41	4	87	44	76	77	53	78	97	52	94	100	21	41	69	90	21	58	20	64	12	
67	9	59	56	60	13	73	78	41	34	97	90	38	39	55	31	39	86	56	19	99	25	61	74	75	88	72	11	74	85	28	19	10	13	98	64	81	94	68	20	29	42	92	64	29	63	44	19	33	19	54	64	100	43	70	3	44	70	99	33	
1	19	33	62	53	46	88	31	92	50	54	58	96	41	62	81	12	52	100	64	12	59	90	66	3	83	4	90	11	44	8	64	37	97	9	51	2	57	77	67	17	57	69	78	10	24	20	10	38	2	90	59	32	28	46	11	15	26	90	57	
13	97	98	30	92	72	28	89	27	50	78	98	39	26	60	33	39	70	52	68	16	84	27	54	85	78	29	65	26	55	28	55	91	6	97	73	35	99	40	83	73	20	62	99	60	50	51	71	58	52	29	53	6	74	33	74	30	50	8	78	
46	99	67	100	15	71	30	83	86	11	43	3	20	88	97	93	98	56	47	45	9	33	55	15	88	62	78	72	1	75	50	49	40	22	97	8	97	51	12	66	49	47	76	52	16	61	44	86	62	49	59	33	38	66	31	53	26	37	74	34	
96	75	11	90	24	31	25	59	19	27	55	44	19	88	60	66	81	8	93	1	79	72	47	53	94	63	79	42	75	2	11	10	88	95	80	97	69	74	96	69	99	38	68	55	42	22	22	45	38	21	31	6	95	78	84	15	97	91	58	48	
40	94	27	18	84	5	39	50	33	9	4	82	58	49	18	86	16	40	6	21	44	47	35	89	76	91	17	1	34	42	13	14	13	32	70	8	94	33	67	41	90	94	20	10	85	80	1	37	94	47	64	63	63	58	47	18	43	10	6	86	
67	98	90	32	74	70	30	27	32	31	33	14	37	69	60	97	73	74	42	60	47	82	29	65	27	19	2	78	68	44	56	13	54	100	60	46	87	68	45	54	48	37	39	61	58	75	85	19	53	35	27	23	69	98	76	92	35	82	32	67	
11	72	18	92	96	11	92	80	71	67	30	7	28	86	44	23	53	31	34	85	91	20	39	6	2	50	25	40	61	58	30	34	84	14	52	66	25	53	13	6	63	75	46	93	28	68	72	90	13	94	24	69	57	81	51	41	12	3	77	70	
11	84	47	11	86	68	98	39	80	70	11	48	24	43	96	24	42	28	76	99	79	32	49	77	57	57	1	76	85	61	7	8	30	83	100	11	34	68	73	51	71	99	6	42	27	96	64	12	64	5	99	39	79	16	83	47	32	13	88	39	
21	71	39	48	66	72	63	60	68	58	40	74	4	32	11	44	7	1	78	29	28	27	49	80	97	59	46	85	29	4	72	74	50	17	38	81	35	59	10	8	80	87	72	12	96	52	65	23	79	31	43	51	68	80	95	8	33	16	96	25	
30	75	42	10	78	60	83	62	24	39	40	78	46	15	56	33	63	68	72	29	14	34	10	18	57	38	68	90	7	16	79	5	53	62	13	21	71	36	30	17	58	69	46	45	65	5	52	74	25	43	29	63	37	61	8	35	2	69	24	77	
62	58	10	24	87	60	29	1	11	16	48	1	29	60	51	3	22	30	4	33	6	2	59	42	56	8	75	40	49	30	84	35	23	87	90	18	56	17	31	88	35	85	16	98	33	81	39	91	53	69	65	11	97	56	18	29	35	80	65	70	
12	37	63	11	74	87	26	83	88	79	86	8	66	31	22	64	70	59	55	65	82	43	98	41	95	74	19	7	90	17	74	62	76	93	69	69	79	45	70	87	47	39	54	96	14	49	70	83	44	11	6	97	21	79	47	85	100	20	73	38	
24	70	76	82	61	62	74	57	94	62	54	90	68	92	96	7	41	11	41	39	58	12	92	7	98	46	97	9	48	9	16	1	26	64	57	64	59	30	43	67	22	9	23	24	20	80	27	79	64	30	26	16	89	27	77	31	64	20	83	71	
43	49	81	55	72	63	49	75	62	74	71	11	60	31	96	49	79	43	27	31	51	54	62	62	81	12	54	21	88	48	13	1	28	10	63	46	90	6	26	46	1	29	11	17	52	47	42	61	53	74	73	95	90	78	95	25	86	46	6	45	
26	54	44	94	80	45	50	97	96	37	42	7	9	53	13	57	66	86	67	16	90	60	99	55	57	67	87	53	52	66	14	19	54	35	6	6	15	69	58	52	25	45	96	89	90	62	24	92	86	16	98	43	5	43	3	11	47	29	42	23	
34	99	88	76	35	99	14	29	85	20	68	31	30	58	65	20	16	61	81	92	83	8	64	96	20	20	45	43	73	43	75	81	57	66	98	94	51	54	21	86	10	58	83	11	56	7	4	92	63	82	54	46	87	82	15	1	21	86	12	15	
39	65	78	69	17	6	76	38	36	86	97	35	13	72	40	74	60	37	77	1	78	44	70	95	72	91	70	76	69	18	52	7	97	92	59	65	42	20	12	89	47	58	85	64	24	2	1	61	93	95	96	71	74	60	53	89	71	67	33	79	
27	23	41	80	23	24	67	75	68	32	32	5	92	100	78	91	5	83	56	56	54	6	18	26	39	65	56	98	35	13	48	28	25	63	52	76	76	72	96	41	30	89	84	64	30	88	42	69	57	71	25	96	62	66	42	22	29	52	26	41	
70	42	76	77	33	90	52	56	69	89	21	69	38	95	42	25	79	72	59	18	15	84	54	63	26	46	81	51	32	36	71	49	66	70	17	9	56	49	65	29	70	62	23	30	98	79	84	95	69	37	53	22	89	92	53	91	6	90	25	98	
79	26	59	40	68	92	17	40	34	40	52	17	67	60	36	28	91	93	5	100	25	50	95	62	85	91	58	26	14	19	76	17	68	54	91	45	72	40	38	54	79	22	60	94	64	86	63	67	100	17	38	11	51	12	97	88	53	2	99	2	
18	57	46	94	97	7	90	44	30	87	47	31	7	8	69	15	88	89	93	47	79	13	38	16	43	2	19	14	70	68	38	30	1	39	93	47	7	97	13	1	10	17	61	19	65	73	20	51	85	89	21	4	82	76	21	87	44	70	66	86	
27	90	63	5	4	6	55	94	70	30	39	92	71	49	70	30	10	46	80	20	21	45	55	70	34	52	3	8	92	8	85	50	11	96	52	73	87	6	44	81	97	63	80	13	55	80	17	76	98	14	81	61	81	94	15	45	99	49	57	83	
37	17	72	49	45	65	87	25	94	26	86	94	2	83	8	40	56	45	47	33	57	22	11	22	36	79	66	25	9	29	54	28	20	37	95	94	95	74	71	5	25	30	51	12	67	64	24	97	26	57	22	45	15	6	59	3	48	81	51	43	
96	45	55	44	65	79	75	95	23	50	5	69	63	55	22	79	13	70	87	93	35	64	81	89	71	57	72	88	91	23	58	25	67	43	54	77	19	68	3	91	30	82	52	25	14	77	92	43	96	94	54	50	70	93	40	67	99	60	59	73	
67	6	52	100	95	23	38	28	80	31	20	58	87	50	32	29	36	15	32	80	75	48	43	41	6	8	96	25	33	86	23	6	90	65	44	61	92	45	88	42	34	69	77	32	4	21	97	17	6	26	58	34	80	35	100	19	40	51	88	29	
85	68	96	83	100	82	54	2	6	24	14	13	54	62	2	21	55	87	96	46	55	77	30	45	41	84	65	22	52	99	100	21	1	61	6	49	87	6	19	81	53	100	87	55	28	57	35	93	57	2	100	82	69	9	57	89	63	82	40	36	
78	7	29	35	28	42	6	62	29	99	14	53	52	6	7	26	3	46	29	52	58	71	45	78	82	66	54	6	50	2	55	28	5	4	82	9	53	82	15	68	56	61	63	10	97	94	34	36	45	94	15	67	46	93	96	35	19	71	50	68	
10	47	69	81	75	25	79	42	61	43	41	89	50	67	67	71	10	11	25	76	68	41	66	4	76	89	44	67	24	52	84	80	54	6	35	29	14	12	48	34	48	6	93	35	16	34	73	26	92	94	64	54	45	66	68	28	10	6	9	8	
93	10	44	76	31	27	100	19	71	81	2	85	38	81	70	60	9	82	37	94	38	66	93	58	100	22	87	8	42	82	40	37	42	57	22	29	26	49	40	15	78	57	25	59	31	32	100	70	7	42	27	59	86	80	22	59	9	5	99	70	
5	41	12	17	6	8	31	72	57	69	28	97	22	72	47	88	26	82	76	52	72	50	92	73	10	43	18	47	35	45	22	48	3	72	97	62	42	88	86	72	84	70	26	93	45	29	82	32	28	80	13	9	85	51	23	52	15	88	78	90	
95	57	90	68	71	47	60	99	26	61	87	60	33	33	97	79	37	9	81	55	77	94	27	95	50	65	57	44	17	71	92	38	26	87	47	60	55	33	27	36	54	66	74	38	34	57	94	83	47	64	44	49	17	19	58	9	87	83	41	66	
96	3	47	60	50	92	47	83	65	19	25	33	74	47	4	33	88	67	3	13	7	52	16	74	60	39	75	67	8	70	67	96	36	89	56	40	43	35	56	61	82	88	31	30	85	61	73	76	31	46	67	93	68	12	84	55	57	99	77	37	
36	70	7	79	60	56	61	74	35	57	53	54	58	41	95	19	13	100	91	29	35	99	58	64	4	50	85	50	61	31	57	99	24	25	78	28	57	57	33	47	40	33	95	18	81	10	88	72	96	99	48	87	44	26	45	80	73	47	61	49	
On machine	4
60	58	66	49	36	62	39	85	23	99	36	17	27	84	81	9	74	78	79	9	63	99	7	74	69	78	91	79	52	94	2	6	14	97	88	68	96	7	94	28	22	15	99	2	53	69	23	47	98	89	94	34	61	15	17	18	28	100	52	47	
9	88	11	43	19	83	99	82	44	97	96	63	22	97	41	24	55	89	13	88	17	76	95	100	24	40	28	8	71	63	13	22	28	64	1	78	7	13	4	36	39	7	72	32	90	24	10	97	100	20	52	84	99	31	66	9	6	2	78	34	
19	24	89	86	44	3	95	65	45	7	70	23	62	90	26	74	4	68	87	80	98	73	87	19	48	1	85	10	48	72	79	53	99	2	20	73	19	88	29	23	6	40	57	49	81	1	78	93	70	91	43	12	19	41	42	46	68	59	30	4	
10	94	86	17	73	2	11	34	27	80	84	32	30	48	22	8	48	9	25	60	69	78	78	19	49	51	54	79	2	1	5	6	36	89	67	83	71	24	25	33	33	11	19	44	97	57	48	70	3	17	6	13	17	8	20	72	29	8	38	99	
31	14	72	11	62	17	70	33	26	55	54	82	21	56	2	39	86	12	47	25	73	6	74	19	33	47	94	27	86	87	19	23	3	74	25	69	39	9	20	89	78	8	86	45	94	95	49	97	15	88	28	44	36	64	24	46	74	51	83	88	
34	77	67	29	38	18	19	39	40	74	84	97	67	86	38	34	10	18	21	98	6	83	58	79	58	18	100	95	33	37	68	39	39	34	32	63	92	2	35	32	57	60	78	11	36	18	85	77	11	18	21	86	80	13	33	65	92	69	54	28	
68	45	24	84	86	57	73	36	88	77	20	10	2	22	26	42	99	51	68	82	26	34	66	73	33	27	45	88	9	92	51	46	47	2	51	7	51	86	63	91	23	16	42	48	75	88	1	5	6	98	18	41	39	76	82	68	61	93	47	47	
35	72	66	77	72	96	49	40	90	71	85	70	61	82	38	2	59	31	83	14	10	54	63	62	86	92	75	77	95	34	86	58	80	32	56	86	13	73	75	100	51	29	99	48	38	64	66	80	60	27	98	80	67	44	27	2	86	11	65	77	
40	2	39	85	46	69	83	31	12	67	84	49	97	59	46	33	90	6	21	70	36	59	52	15	37	16	27	99	52	97	43	41	68	71	9	77	79	54	61	74	79	2	88	1	49	63	8	29	24	11	16	45	64	20	60	59	15	5	10	75	
77	21	48	39	23	70	60	60	19	69	78	41	94	63	68	86	11	81	16	8	86	71	65	91	75	9	19	56	66	8	80	64	42	100	3	77	49	90	20	79	24	95	64	90	43	21	59	14	7	66	43	74	22	71	11	9	87	99	63	14	
94	8	10	56	50	17	1	58	93	41	78	62	4	62	33	11	13	77	61	11	85	10	75	95	17	51	86	88	70	38	83	74	71	50	27	81	56	37	84	49	77	27	49	86	57	38	76	94	91	83	35	55	4	76	7	76	55	10	91	58	
81	13	68	38	37	33	23	93	31	27	4	52	87	41	77	41	97	62	26	94	74	18	4	37	53	68	47	47	95	69	81	69	96	84	28	47	3	14	86	23	40	96	23	2	48	35	3	37	97	51	94	31	22	51	16	28	69	4	84	77	
94	75	44	87	79	88	14	70	19	77	29	19	27	96	19	31	56	48	94	93	44	93	40	25	71	77	52	54	5	34	81	31	53	65	29	94	46	69	22	9	35	89	96	77	28	82	11	35	6	81	78	16	84	19	65	28	20	45	18	18	
76	86	78	71	66	99	79	17	100	42	61	66	72	83	89	13	95	19	32	46	68	89	12	60	43	97	15	24	11	63	49	8	77	61	100	95	69	96	30	35	30	32	82	7	54	78	42	51	35	46	56	60	44	53	15	96	6	8	85	97	
50	30	74	92	91	2	10	66	72	29	14	10	44	71	17	34	40	83	14	39	41	8	6	37	75	8	67	40	73	36	40	95	86	34	19	90	87	59	84	75	45	33	28	85	6	30	75	41	95	1	61	33	93	24	79	5	73	51	8	95	
68	72	98	98	30	24	67	71	89	53	79	20	38	97	92	52	96	21	74	30	20	89	68	77	91	23	89	93	81	66	75	11	99	17	18	55	36	100	34	13	5	50	94	56	29	100	56	51	17	65	17	60	17	30	42	63	19	4	55	87	
85	96	67	19	25	78	36	44	26	93	29	85	98	54	5	11	3	83	66	74	23	90	77	95	91	30	28	96	84	44	45	48	3	6	41	36	31	68	37	42	90	52	55	36	18	44	72	5	47	5	61	93	56	95	76	95	85	86	88	30	
44	91	40	1	92	55	52	56	17	43	80	94	22	20	44	92	99	37	92	62	55	19	9	28	77	57	49	20	81	52	88	70	45	100	27	96	44	24	80	92	3	98	69	42	19	98	89	66	62	97	80	38	85	69	7	84	65	91	37	62	
25	40	84	73	84	68	74	91	55	48	37	40	97	70	89	60	16	74	77	23	51	87	93	17	2	54	78	79	58	54	98	77	70	85	62	70	80	34	62	73	88	60	28	77	94	34	35	91	83	31	92	2	57	15	98	55	6	67	75	14	
38	10	99	25	4	48	68	48	71	75	14	57	49	12	52	93	71	75	79	70	26	38	11	30	98	67	75	36	1	87	76	10	82	94	85	59	86	9	46	73	47	43	66	97	72	79	37	34	32	84	74	7	90	58	73	49	40	60	84	77	
58	87	27	61	50	54	46	1	78	79	62	28	54	29	66	44	2	97	40	54	29	26	78	69	87	44	78	50	4	92	26	60	23	30	96	53	54	7	17	36	10	18	82	77	54	69	39	78	15	55	76	27	34	8	38	28	65	71	23	37	
30	35	16	34	6	69	45	48	94	81	78	53	83	19	33	35	63	36	88	83	90	5	57	7	74	75	35	84	11	76	63	34	78	65	46	48	24	16	72	92	89	75	54	2	69	94	36	64	55	10	62	3	49	18	60	100	95	83	67	73	
83	14	50	9	63	33	21	12	29	38	28	16	12	30	80	33	76	10	38	75	84	14	20	18	10	91	83	25	95	91	9	27	3	34	96	82	83	31	24	76	44	28	30	96	55	94	4	61	12	96	83	65	96	77	66	8	30	44	93	18	
95	68	82	78	68	76	10	57	60	60	79	47	95	33	21	24	30	22	19	69	24	3	43	72	49	34	84	81	69	56	11	95	30	57	48	91	10	3	95	82	63	60	59	37	40	94	41	44	37	10	60	71	97	40	87	25	95	30	67	82	
90	59	59	24	30	7	53	96	96	68	80	57	56	10	15	85	48	42	22	12	59	63	11	46	51	39	6	64	4	49	54	85	27	50	16	53	69	41	17	54	100	82	91	67	46	31	7	37	51	98	93	36	2	89	96	74	74	55	92	78	
63	50	29	31	50	9	27	46	49	24	70	62	60	14	50	6	71	86	7	32	89	73	45	72	56	7	56	63	26	68	94	73	83	29	53	61	64	11	26	19	84	27	26	78	21	55	37	55	45	12	68	74	33	36	95	24	34	10	6	57	
2	51	27	70	57	95	1	77	45	21	48	32	46	63	5	64	31	22	94	11	41	17	17	35	97	15	54	12	31	29	7	32	35	32	63	6	1	28	89	85	5	58	50	97	61	52	5	74	41	23	27	84	19	84	63	19	27	93	66	73	
1	37	98	96	62	94	71	100	83	47	82	56	59	71	22	43	71	85	8	70	37	85	4	68	54	5	88	63	72	43	63	57	78	82	95	21	52	82	82	51	90	81	19	57	61	60	47	44	74	99	70	71	9	100	15	70	80	13	27	33	
19	64	46	65	87	51	62	47	16	96	20	13	32	66	52	58	29	20	69	58	20	65	89	32	18	77	86	18	79	12	49	98	26	77	70	14	72	4	40	11	97	91	38	17	67	77	14	90	24	36	29	27	78	68	79	43	60	88	32	15	
56	49	12	91	51	97	23	3	61	46	44	51	10	83	51	42	44	30	12	21	73	47	58	73	71	96	99	23	35	93	66	87	35	77	43	10	91	93	22	43	6	53	6	1	40	45	67	22	63	50	98	47	74	85	20	34	77	80	50	88	
10	38	27	5	60	91	54	52	46	93	6	32	6	40	67	31	39	73	58	68	11	69	40	32	93	44	72	32	22	20	11	26	59	70	51	89	58	92	98	82	84	80	15	17	54	100	46	7	35	18	57	8	94	22	79	40	36	98	64	70	
59	65	42	17	92	83	66	75	50	88	74	27	77	30	13	89	90	29	7	27	83	25	91	54	6	58	70	31	9	87	79	32	88	99	79	78	18	69	65	47	37	62	58	14	100	77	97	94	78	66	59	25	85	61	13	99	92	96	14	65	
21	40	22	54	65	45	3	23	21	74	67	41	9	39	38	5	99	74	54	55	98	91	89	64	71	19	74	49	52	29	85	71	19	41	99	52	98	40	41	65	52	99	85	74	6	14	83	59	88	40	1	16	85	57	29	40	46	47	86	97	
5	25	73	39	89	65	37	58	14	87	29	16	33	74	61	76	94	60	69	32	51	9	49	97	29	92	55	49	82	52	21	83	25	59	14	58	13	12	65	52	30	3	52	57	54	51	66	28	19	20	86	48	78	77	38	74	4	63	56	83	
22	30	48	28	34	80	50	21	16	8	1	34	46	8	1	94	76	6	65	27	19	83	100	31	92	29	68	32	3	79	99	70	12	2	94	70	13	75	7	14	58	30	95	80	18	65	16	73	31	2	84	19	80	72	26	1	20	77	72	9	
41	55	93	2	66	80	51	31	26	44	85	59	99	21	91	87	18	11	46	33	51	31	10	66	10	24	85	78	59	52	5	58	52	48	61	3	5	67	4	9	25	57	62	43	38	39	60	97	73	53	54	49	7	74	95	42	39	11	47	50	
77	47	19	48	90	22	71	29	17	20	100	26	82	92	64	17	44	40	34	3	64	43	12	27	40	3	47	9	13	16	26	33	42	41	95	93	96	80	67	36	26	59	79	13	52	33	95	67	58	65	41	82	59	75	73	38	26	45	7	74	
2	28	46	80	29	75	76	95	94	2	42	13	27	87	14	54	48	73	65	8	50	18	38	88	42	11	96	54	45	21	43	93	24	74	41	5	48	44	62	68	100	5	27	78	86	72	99	80	66	80	68	24	32	86	76	31	89	91	25	43	
45	38	13	6	20	95	29	25	77	69	22	78	14	17	38	52	69	67	97	37	58	61	75	95	22	22	99	62	91	28	76	9	14	1	11	69	17	98	2	53	33	94	79	36	51	5	32	20	81	20	93	24	59	28	99	69	66	29	47	88	
62	78	14	84	7	97	20	50	65	4	62	4	100	86	89	69	88	74	12	96	61	34	37	49	95	39	34	58	90	40	57	95	32	32	82	68	81	43	53	37	58	5	59	53	69	37	1	59	49	8	90	66	23	34	72	76	72	87	19	6	
12	38	93	50	22	94	65	61	100	79	84	98	21	64	21	14	30	64	58	29	46	62	95	77	77	39	3	46	55	79	35	25	96	72	9	73	35	6	93	95	96	100	52	85	90	57	50	30	13	7	100	23	11	96	62	9	9	58	64	17	
28	21	76	92	4	42	27	96	33	50	12	30	36	27	82	62	93	98	32	8	47	62	91	97	63	83	39	41	37	23	49	98	91	33	81	13	3	39	94	35	58	18	42	99	26	71	72	45	74	40	26	58	4	83	64	27	72	99	54	87	
49	89	82	45	67	40	34	29	60	48	87	54	44	39	14	60	72	65	37	67	32	46	73	87	83	17	38	33	64	95	12	22	75	4	45	63	65	74	32	49	84	76	8	33	73	52	4	75	87	4	29	6	20	86	56	67	98	98	34	87	
16	64	28	58	9	6	20	6	14	6	78	75	51	20	91	68	49	2	4	70	83	69	57	92	10	100	39	34	87	87	62	10	59	37	63	3	17	88	79	80	27	85	92	13	36	67	28	40	98	77	79	35	12	68	92	67	26	41	94	28	
35	99	65	36	11	55	24	98	33	5	24	67	75	30	3	66	93	66	74	71	30	68	39	29	61	64	66	61	80	1	6	86	22	10	76	86	74	30	27	81	30	30	53	37	77	38	86	69	36	17	45	7	75	44	43	39	51	45	8	81	
67	75	74	38	4	86	61	25	73	85	100	93	15	98	58	41	8	8	25	24	23	15	85	38	83	44	24	23	47	93	73	18	8	71	71	89	37	12	79	3	52	80	52	38	2	67	89	42	29	85	52	98	43	76	35	74	91	53	28	32	
38	5	77	14	8	35	83	4	80	71	14	18	39	84	34	53	37	49	64	90	20	85	76	55	59	9	62	33	22	59	46	22	31	12	100	92	52	20	76	13	62	65	83	52	18	9	74	40	5	85	22	16	17	31	84	27	34	14	94	25	
18	25	15	9	57	28	15	88	55	21	58	50	83	54	60	67	92	2	49	1	26	71	4	32	4	88	73	46	3	78	87	69	77	87	78	45	91	97	57	90	80	72	15	9	11	23	52	42	82	88	10	2	92	58	41	66	88	95	86	72	
3	82	62	100	12	90	63	46	6	16	55	2	74	81	49	20	54	16	24	37	32	67	89	77	63	91	93	62	62	97	11	1	74	98	99	72	27	54	6	28	50	41	68	8	10	65	68	77	51	96	2	96	70	42	27	89	2	5	80	80	
74	13	80	61	28	85	36	52	78	70	88	39	3	19	80	76	76	48	94	6	15	56	9	11	12	25	79	37	42	57	23	29	56	72	6	45	9	63	11	56	5	71	36	92	17	18	39	55	80	93	93	34	94	39	30	90	57	5	9	83	
87	31	29	99	60	73	76	75	100	73	55	84	3	64	86	33	79	36	22	11	53	5	44	85	72	86	8	57	31	42	93	22	77	66	6	95	57	93	90	12	91	83	29	16	21	30	55	71	82	23	64	57	77	63	36	15	73	93	15	48	
72	3	88	50	20	91	23	10	9	12	61	77	100	16	15	84	59	25	2	87	54	19	97	26	18	84	36	48	16	75	55	55	41	65	26	91	95	61	7	78	58	53	12	92	56	53	67	33	41	76	67	88	23	93	82	92	1	32	24	4	
67	44	89	78	53	7	17	37	19	20	51	21	37	49	11	47	18	66	93	89	71	20	67	81	93	100	6	21	34	2	88	71	20	2	76	74	10	22	51	48	44	74	69	73	97	99	71	25	88	49	64	65	76	32	29	8	63	21	85	87	
9	38	1	1	76	2	100	73	30	74	95	13	90	77	79	20	44	20	15	13	100	57	80	54	73	64	93	8	11	64	96	84	9	89	38	46	38	31	42	28	54	30	93	18	85	49	88	61	100	59	79	97	59	100	1	94	26	42	44	52	
11	52	14	51	35	11	27	91	48	22	77	72	10	38	38	88	89	63	65	79	79	45	12	92	5	11	20	47	23	64	77	46	44	10	35	48	7	63	37	50	12	10	41	52	10	83	97	8	65	82	9	40	7	78	5	14	18	49	15	15	
36	34	100	25	57	9	92	78	33	86	15	41	12	13	67	67	86	93	82	64	82	100	44	23	4	29	94	11	78	95	5	56	24	33	97	57	40	54	39	31	5	24	53	74	30	39	14	95	93	31	86	41	44	22	27	92	8	83	27	63	
36	56	91	73	69	49	1	10	11	69	95	10	38	92	24	67	50	93	70	67	68	74	44	56	59	90	36	23	73	91	65	50	45	61	79	86	1	41	19	84	99	33	73	3	98	18	75	94	98	67	16	90	71	70	36	92	70	96	85	12	
77	86	79	16	29	65	64	30	73	45	4	79	64	86	47	11	39	99	66	37	28	40	31	94	82	5	23	96	59	92	46	35	82	35	18	5	16	45	71	23	57	39	87	24	6	93	20	16	98	79	70	71	6	89	19	54	65	78	40	50	
40	84	50	17	37	15	8	62	2	5	51	32	44	37	44	17	25	74	56	19	3	1	2	4	94	41	80	26	3	91	3	65	66	7	93	32	13	46	91	93	86	68	20	5	47	95	63	19	60	4	80	36	65	90	90	11	61	53	11	86	
38	89	73	89	29	15	63	69	64	51	15	71	38	18	54	74	63	46	77	59	84	88	79	32	18	5	75	66	42	37	67	86	92	55	52	30	20	57	81	69	32	62	74	73	64	29	22	20	10	93	29	31	77	81	1	85	12	15	39	8	
On machine	5
83	28	1	35	78	14	59	32	69	68	22	18	14	52	78	1	73	98	91	37	92	17	75	93	51	4	91	25	52	99	81	41	58	18	55	83	23	33	87	71	42	12	62	54	90	69	43	93	44	16	54	70	67	70	48	3	90	93	52	62	
66	6	70	38	48	24	7	35	49	85	42	87	72	7	70	59	28	32	31	20	27	25	97	79	14	43	59	87	49	47	16	90	61	60	28	65	37	22	25	8	90	17	75	88	67	95	9	39	15	38	52	17	4	29	38	9	92	73	64	100	
18	55	80	51	71	60	18	59	45	75	3	36	71	83	14	11	35	76	71	9	29	87	89	18	32	89	57	82	22	67	31	30	55	60	63	39	46	79	12	52	27	40	71	1	68	44	100	62	51	75	41	100	60	22	75	90	3	89	56	8	
72	6	41	96	25	67	85	25	23	28	67	81	13	97	81	69	45	2	16	10	100	40	2	30	25	91	17	33	45	4	5	41	97	82	49	20	59	35	23	65	26	28	46	72	61	13	11	22	18	69	94	92	99	42	62	26	56	55	35	11	
54	31	32	55	11	54	60	53	95	13	16	99	67	74	89	95	40	84	75	87	22	60	75	42	34	9	25	4	72	10	30	20	97	61	27	69	72	62	85	47	3	12	68	79	73	99	21	76	86	95	9	43	14	32	10	94	29	99	24	56	
83	95	40	24	47	7	8	19	65	83	16	51	29	61	39	41	30	15	37	45	34	54	11	20	2	85	31	47	46	49	86	94	47	87	91	83	76	40	90	93	58	69	89	47	46	84	90	5	72	1	81	28	98	28	43	25	50	21	47	32	
47	66	32	78	9	41	47	93	28	53	14	22	7	79	21	48	41	60	72	71	24	82	78	55	52	38	60	18	38	55	45	47	65	72	12	48	37	18	51	79	15	66	47	24	20	46	3	70	29	26	66	55	93	89	23	17	13	67	79	7	
33	41	89	23	72	15	72	65	82	50	27	31	56	22	89	66	24	9	40	58	33	9	78	58	77	58	64	70	65	84	11	16	61	72	92	52	40	4	52	99	18	80	7	43	68	86	64	29	36	17	46	54	11	30	50	90	22	71	89	6	
96	84	96	49	60	15	4	30	45	35	51	8	35	56	72	69	76	81	29	7	56	26	51	72	89	28	10	84	34	78	67	13	97	89	2	62	91	47	96	17	98	27	97	94	46	36	9	99	37	56	95	49	4	95	59	86	99	4	52	53	
63	71	41	15	61	72	26	92	69	15	41	37	17	61	50	10	83	13	54	87	14	50	43	47	24	28	52	38	7	82	30	56	21	87	4	28	53	35	91	89	96	44	33	82	52	4	95	61	30	30	20	51	6	24	7	14	39	3	92	34	
52	41	96	68	2	66	23	76	38	70	49	58	22	29	35	8	60	17	10	30	59	92	98	46	48	98	89	8	98	69	54	48	5	53	92	87	52	87	46	8	23	88	81	48	24	43	95	71	96	47	6	16	93	22	56	55	45	83	85	71	
1	53	87	51	11	15	56	16	41	43	29	42	79	98	30	25	62	30	70	60	26	71	84	5	9	46	42	28	37	11	81	93	36	17	22	15	82	11	91	14	55	61	77	59	81	95	64	71	80	9	59	93	12	53	42	92	7	60	81	48	
72	75	95	48	7	69	31	8	2	53	58	87	35	78	69	12	10	32	48	16	14	5	11	56	55	80	75	25	3	10	44	95	93	23	43	22	41	54	67	66	22	71	80	90	40	5	33	43	14	21	77	74	79	21	16	35	27	32	68	100	
32	73	12	17	22	63	59	89	52	28	60	89	99	60	41	59	52	95	6	70	81	29	3	40	52	62	44	80	68	47	4	29	20	71	12	94	9	89	17	100	38	18	53	77	58	34	21	82	69	72	35	35	99	81	75	58	57	43	74	73	
22	50	59	40	41	36	80	70	47	56	76	91	16	24	31	30	61	97	97	59	12	35	48	84	91	60	39	20	38	21	35	96	100	60	5	41	92	36	100	22	28	42	97	14	62	24	60	12	40	83	68	43	53	24	18	28	54	39	66	70	
63	24	94	96	23	19	11	24	57	46	33	60	84	15	99	33	63	99	47	20	29	41	67	64	52	20	91	7	52	49	89	100	15	55	35	53	7	23	36	66	4	86	50	25	78	68	62	100	68	8	16	48	34	18	84	39	21	79	66	28	
21	43	70	46	100	59	83	78	44	65	5	53	88	81	35	26	83	85	94	11	74	13	64	25	29	47	41	100	91	29	80	1	65	68	32	68	8	19	45	49	94	25	32	58	18	95	17	33	35	5	68	46	31	86	2	12	24	23	54	92	
83	36	51	97	24	93	28	2	84	28	1	77	16	6	99	70	91	3	3	88	46	93	47	1	43	8	18	99	68	60	30	77	33	15	74	88	9	10	68	100	91	85	79	35	11	69	46	59	53	82	9	93	28	37	28	88	4	63	81	48	
76	98	8	1	1	12	58	11	33	2	94	3	83	63	88	65	15	33	7	43	40	55	68	86	61	47	61	36	21	78	66	14	70	34	55	91	99	19	85	68	48	78	42	57	94	9	75	40	32	43	48	25	6	83	51	34	32	98	32	83	
25	54	65	52	40	60	64	86	54	38	21	60	74	1	74	31	81	44	4	100	6	62	92	52	25	1	78	40	94	12	85	91	1	98	11	20	79	83	25	80	88	2	42	23	98	96	84	42	56	96	48	81	12	51	60	26	26	18	46	70	
7	42	26	66	17	27	50	69	51	8	22	48	3	62	63	22	50	74	92	89	47	68	58	56	100	22	99	94	21	86	98	23	99	63	21	98	64	97	9	19	20	62	65	10	23	35	52	55	24	4	44	83	6	69	99	23	20	14	17	20	
46	92	86	63	65	72	2	57	52	35	85	58	89	94	96	38	58	84	17	88	53	50	18	58	32	14	9	88	93	92	87	16	53	36	10	22	75	92	23	33	75	13	96	34	32	47	82	20	39	11	79	83	73	27	17	89	50	64	78	81	
43	39	7	78	81	56	11	28	99	72	70	61	50	44	97	31	23	18	20	92	49	88	69	34	55	12	42	3	68	82	34	4	97	100	72	50	91	65	12	9	10	79	22	93	13	44	61	97	75	63	100	6	57	68	99	72	9	36	52	46	
50	5	19	88	53	42	67	92	95	82	78	94	20	78	56	65	52	72	34	49	4	29	76	62	19	39	89	20	45	23	3	77	76	17	87	97	9	26	78	44	61	1	87	73	72	85	7	57	43	29	42	65	57	53	28	44	79	32	40	72	
12	87	80	68	13	33	5	58	70	99	84	99	41	54	93	7	20	43	71	5	45	22	57	90	28	62	99	17	64	52	95	87	30	66	57	43	87	82	82	69	8	34	21	95	38	86	32	85	14	85	8	21	43	64	61	37	71	41	57	27	
92	10	47	53	82	88	45	42	36	99	5	89	98	95	26	21	14	45	46	97	43	2	7	69	1	11	80	16	15	33	2	39	29	27	59	94	98	38	77	54	21	93	74	46	54	69	62	50	79	86	61	33	3	75	47	29	43	90	22	69	
56	3	27	66	64	95	79	98	68	28	15	13	89	11	1	32	58	1	17	32	98	74	45	79	86	7	41	62	9	5	33	70	29	75	19	34	73	13	31	85	57	89	50	40	10	78	7	3	63	94	44	73	23	44	76	89	91	63	91	10	
58	34	11	61	72	64	62	21	84	57	16	7	65	14	34	4	70	57	27	84	89	73	58	56	25	77	12	14	88	94	31	2	39	58	96	81	23	6	33	18	44	76	81	85	96	82	16	19	74	53	74	29	28	21	31	80	61	88	88	73	
15	45	25	11	52	72	70	33	59	31	71	100	86	90	51	65	90	34	35	55	18	10	2	27	75	47	36	63	44	74	21	16	45	84	91	95	49	38	63	91	28	92	44	25	34	30	60	68	54	65	63	90	14	47	81	99	63	47	36	68	
68	31	66	26	26	66	15	60	70	96	50	90	78	32	44	100	92	1	26	7	37	96	65	58	94	57	91	27	25	12	23	43	85	2	95	15	1	8	45	61	74	27	16	98	28	17	32	77	56	11	41	28	55	71	100	38	45	7	22	33	
62	19	17	84	33	100	89	67	92	17	83	1	43	51	92	83	36	39	91	28	37	46	39	81	92	57	88	89	40	38	12	99	21	71	3	35	34	48	74	58	49	22	35	2	7	95	50	45	24	47	34	5	37	65	6	8	4	46	45	25	
3	65	73	75	41	97	56	92	98	7	88	68	33	11	28	99	51	27	14	49	89	81	68	12	74	34	34	55	50	56	16	5	82	9	31	76	37	12	49	63	55	48	15	74	100	95	23	8	15	93	45	93	31	68	97	97	89	94	93	33	
23	24	73	5	41	66	92	13	58	61	80	40	54	80	14	86	49	74	3	65	90	70	22	6	81	28	49	29	74	56	1	82	91	49	82	81	63	7	67	36	92	7	48	32	62	54	25	77	14	9	84	82	89	21	65	52	49	43	53	54	
40	77	53	78	54	85	73	41	90	9	53	56	95	75	70	93	5	31	96	56	61	84	74	59	9	72	39	92	5	79	60	5	89	84	22	61	84	76	33	41	44	55	21	49	27	77	100	96	89	7	60	29	67	38	78	44	68	63	55	84	
94	92	18	95	3	82	91	3	52	27	82	85	2	6	51	59	47	84	85	98	11	21	52	2	4	68	27	97	70	7	33	58	32	35	40	18	55	78	56	76	40	62	65	62	63	25	39	62	25	25	29	65	19	90	60	45	20	29	50	31	
73	24	10	69	34	47	61	20	69	57	57	16	90	64	57	70	45	21	26	30	95	19	37	51	13	97	45	28	30	2	97	72	20	5	29	40	90	93	81	27	24	11	47	95	23	9	95	98	50	73	59	39	93	7	72	58	48	39	82	54	
52	23	90	30	42	19	46	97	86	93	29	81	86	71	21	77	90	63	5	79	3	2	71	94	97	56	90	36	66	20	23	22	40	83	37	63	88	5	30	27	19	26	92	9	37	74	24	34	49	12	49	27	80	4	64	97	18	59	79	16	
61	11	32	34	87	34	76	13	30	48	92	50	49	29	22	83	14	35	70	63	26	4	47	76	45	46	60	21	35	96	20	82	46	32	86	89	53	86	45	34	23	3	56	86	12	93	63	90	9	75	61	62	50	8	45	72	46	73	55	35	
69	70	56	62	89	40	36	51	69	68	3	32	77	99	58	87	8	71	88	72	98	85	73	97	53	51	21	13	86	100	87	5	72	14	92	4	41	31	15	84	5	71	75	62	54	40	79	37	76	71	69	48	44	70	56	62	39	19	78	10	
22	52	46	33	68	11	91	68	80	12	98	84	27	8	12	91	3	5	10	20	93	88	96	22	33	70	80	23	12	53	17	23	30	60	28	18	84	74	81	98	96	28	41	79	80	50	94	41	60	11	88	16	3	14	99	11	31	68	52	71	
15	87	97	96	70	29	7	23	86	70	18	22	34	66	76	98	4	59	30	79	81	17	27	9	22	62	61	49	63	20	29	65	26	9	74	21	26	7	73	82	72	56	19	80	30	19	80	63	14	51	55	21	74	56	53	43	1	68	62	85	
36	92	10	35	59	35	32	6	97	45	89	90	11	15	27	64	67	87	76	35	60	4	33	99	66	35	38	99	62	27	47	87	16	53	39	68	98	67	48	7	9	72	32	7	43	89	83	47	19	81	96	39	60	83	24	93	74	3	97	87	
63	24	51	68	49	50	41	24	33	68	29	64	32	55	57	29	79	71	53	51	44	45	21	61	71	78	49	3	30	80	90	85	97	67	6	90	5	1	46	23	55	24	12	97	95	35	96	48	97	19	67	14	87	40	6	95	53	73	55	74	
90	61	57	67	28	22	5	67	38	66	5	21	55	43	56	78	13	95	61	24	11	41	17	54	48	62	19	23	66	4	86	64	62	50	79	11	92	48	3	25	56	46	3	6	66	95	53	60	88	60	9	13	42	8	53	77	75	47	73	3	
77	34	47	54	37	25	86	88	24	23	48	42	21	49	46	62	88	1	55	9	70	57	71	39	46	45	21	97	76	5	27	18	88	15	5	69	64	99	17	5	97	88	53	44	16	22	45	42	57	44	43	42	36	59	28	59	79	4	33	52	
74	59	13	19	69	24	21	15	43	67	57	100	23	2	57	5	72	53	92	96	80	29	60	28	78	78	2	59	36	56	55	53	78	63	16	24	29	29	49	86	94	26	68	44	14	86	24	16	10	76	24	73	67	55	74	45	8	65	63	92	
83	33	53	68	88	21	59	48	79	21	75	52	57	83	25	41	86	15	87	49	6	57	88	58	28	4	18	27	62	81	23	79	54	92	86	77	20	38	78	71	69	17	78	71	91	84	13	91	59	58	65	92	51	8	76	61	16	56	83	85	
23	57	72	2	18	45	43	8	77	30	89	77	45	20	31	46	42	49	27	62	20	6	46	17	95	14	61	64	15	12	25	15	64	70	48	15	18	27	71	41	85	84	85	74	33	63	1	60	8	40	79	22	30	40	42	8	36	66	90	46	
80	32	92	28	13	99	31	64	96	67	46	68	82	97	37	10	19	97	20	87	10	58	85	67	49	100	26	1	59	33	55	82	5	63	29	50	46	1	79	67	34	48	76	1	69	4	62	62	63	3	45	42	52	46	46	97	45	81	37	48	
72	19	97	86	48	46	7	24	31	72	98	3	14	11	26	96	26	50	86	72	99	81	63	93	93	85	69	77	50	72	35	13	35	39	99	65	78	76	95	6	83	15	35	84	90	92	91	97	57	19	15	81	58	90	54	20	10	34	78	65	
3	48	49	81	92	14	53	59	59	78	52	72	76	39	83	22	50	10	27	25	49	34	33	98	75	15	94	23	36	91	2	58	45	46	98	14	74	39	67	76	99	96	2	42	100	63	81	29	88	45	19	18	80	64	66	61	23	59	20	15	
89	92	88	17	88	57	63	26	2	51	26	56	69	29	97	89	100	80	77	81	67	38	78	66	76	12	24	44	46	91	63	90	37	50	88	33	12	66	54	79	80	58	57	3	82	73	82	99	39	21	67	86	50	49	12	3	86	58	59	49	
56	30	19	61	74	53	71	97	1	77	9	51	68	11	69	53	18	45	32	73	3	59	56	52	42	29	58	51	45	60	29	14	32	89	41	56	43	24	48	35	74	89	96	100	74	2	45	78	93	53	15	100	62	9	95	51	47	55	11	8	
75	8	12	42	63	3	12	16	7	68	75	2	57	22	5	72	65	29	17	10	95	92	96	10	5	24	13	91	40	27	95	28	50	6	59	32	2	1	44	99	51	56	53	85	8	57	30	58	91	29	25	18	80	55	66	89	76	100	48	77	
67	68	31	74	63	31	35	18	75	67	42	15	43	5	29	74	24	94	18	61	90	16	22	68	7	18	45	31	71	72	23	43	6	94	34	94	62	99	15	67	74	40	41	50	6	70	59	20	36	29	82	75	51	46	7	25	73	20	82	22	
74	49	95	58	78	10	80	88	15	65	19	43	33	21	69	78	18	48	11	75	82	44	61	3	85	11	56	54	42	21	84	20	20	82	42	27	3	12	37	31	42	29	43	42	50	97	83	54	73	11	34	91	68	14	91	97	90	78	54	49	
86	38	91	7	66	28	83	81	37	51	74	22	14	97	100	60	31	85	2	78	88	34	87	84	35	37	68	97	80	91	36	76	9	15	36	42	20	18	82	51	76	40	50	70	92	78	77	62	50	53	6	38	99	70	71	2	95	69	17	51	
60	99	42	26	18	83	78	37	78	25	15	39	47	46	54	68	24	95	39	70	47	96	36	33	26	78	1	94	64	24	57	64	54	58	65	26	94	99	73	48	88	29	35	40	87	94	69	24	74	74	65	13	72	98	26	81	13	91	37	6	
94	71	1	14	34	67	100	70	17	42	37	19	85	81	74	18	96	100	39	62	62	15	75	15	75	36	11	81	87	16	83	83	4	5	91	70	100	95	95	81	71	53	83	38	59	10	74	100	82	3	36	91	59	59	69	69	74	78	80	14	
29	34	56	38	19	43	33	45	63	21	70	51	80	92	50	77	48	15	93	48	21	31	97	97	27	58	96	61	91	79	23	10	75	33	47	13	35	64	23	69	28	98	62	100	31	78	7	92	49	41	94	21	24	9	49	85	40	99	75	17	
On machine	6
87	20	19	14	45	76	96	18	16	30	87	87	83	53	82	52	22	19	48	88	41	35	58	11	8	81	84	76	99	79	42	87	21	40	80	22	47	63	88	27	62	33	15	28	4	20	87	59	47	84	32	47	94	54	3	11	26	14	87	5	
56	1	46	29	63	68	11	79	72	40	82	82	8	54	23	35	83	72	11	74	7	65	44	6	58	29	99	75	31	1	37	23	46	46	73	58	79	24	43	7	5	56	86	54	64	65	53	99	35	23	37	15	6	41	66	50	10	29	26	60	
82	94	42	64	62	97	62	94	6	83	40	83	42	6	16	83	4	93	79	98	61	33	54	67	83	53	37	77	74	2	71	18	42	64	74	43	49	47	26	84	88	13	55	32	7	83	37	73	41	91	69	19	17	93	32	78	15	29	61	69	
66	31	38	74	6	11	62	60	69	64	91	14	1	8	75	61	36	30	88	91	26	2	49	2	75	44	86	33	83	56	39	88	50	9	71	42	11	56	2	26	74	87	92	31	61	13	76	21	56	25	22	7	45	95	77	3	63	61	8	42	
33	10	93	84	13	71	31	44	93	47	76	39	66	97	14	47	83	71	67	86	49	24	2	24	20	93	72	26	92	29	3	55	85	96	14	52	60	90	53	94	60	83	38	78	3	49	12	10	24	75	83	75	77	53	36	7	8	45	79	23	
100	76	18	15	29	2	83	100	51	81	49	10	55	29	95	36	27	8	94	65	4	48	52	24	61	13	12	54	41	23	72	62	1	65	81	33	23	47	78	56	98	33	79	39	60	32	20	55	68	73	8	86	87	68	67	17	5	83	59	62	
15	90	89	27	4	37	96	55	29	36	2	28	33	42	48	29	89	37	79	28	43	57	15	86	33	35	46	86	36	8	56	31	66	67	26	86	69	39	48	20	77	32	60	76	39	43	4	59	31	8	2	95	19	43	54	37	77	11	72	15	
64	83	88	54	97	65	42	20	39	60	97	72	36	24	43	4	90	17	73	75	74	68	77	80	86	56	41	84	89	41	86	68	55	2	21	25	85	85	57	27	16	27	49	15	77	23	75	36	44	43	93	20	77	97	54	88	54	64	73	29	
39	4	26	57	58	37	1	74	6	18	19	52	50	77	22	25	42	66	40	76	10	18	47	38	38	1	47	41	16	70	89	46	72	61	23	14	13	69	48	91	8	49	73	60	46	53	11	70	73	13	19	12	19	5	64	5	87	5	64	41	
88	55	5	73	99	3	37	47	43	82	28	2	7	18	54	25	64	72	25	22	51	79	51	13	57	45	14	93	93	64	71	74	38	74	54	12	70	40	57	21	58	3	55	29	58	88	30	45	79	58	46	17	28	73	40	61	26	17	83	11	
96	19	66	42	21	20	75	66	67	8	66	74	56	1	84	30	51	47	62	59	25	42	72	23	56	58	15	93	51	42	99	61	4	5	9	60	11	64	20	3	15	68	8	100	54	15	16	60	44	9	4	26	84	65	47	9	90	91	3	26	
8	84	69	52	60	44	50	64	2	79	54	54	38	72	56	73	88	62	30	39	70	39	43	20	29	6	86	5	60	51	88	22	93	10	77	85	82	84	39	97	7	85	51	89	96	59	77	15	13	29	50	87	93	36	88	96	48	50	57	12	
92	43	87	63	90	97	19	62	84	66	19	61	62	69	34	3	21	30	99	64	75	81	45	56	48	46	13	94	53	92	68	59	87	59	75	12	66	60	40	53	55	50	59	67	18	64	64	60	80	72	15	10	100	90	29	62	8	45	53	34	
7	69	40	76	13	18	24	49	46	92	55	24	18	91	26	43	17	9	19	56	10	34	8	20	73	63	61	57	18	98	5	84	60	21	35	61	9	61	99	97	6	56	96	73	3	98	12	65	17	49	54	20	19	19	90	14	62	89	42	21	
88	29	92	96	14	63	36	5	85	55	95	38	6	25	40	35	36	6	73	30	67	3	1	78	83	88	6	60	55	91	22	38	30	81	34	6	26	87	60	36	51	89	32	95	30	79	5	69	55	40	26	8	63	32	73	23	82	93	22	6	
28	70	60	85	34	94	11	63	71	91	77	13	56	78	94	8	77	37	26	9	94	84	82	60	93	4	21	15	99	77	37	20	40	65	92	76	18	62	100	65	47	76	94	94	84	91	62	69	5	60	44	14	57	41	81	58	28	26	50	43	
88	5	76	82	76	25	35	88	76	35	36	25	100	25	4	2	23	59	7	50	52	15	81	80	90	76	24	59	93	14	34	97	3	68	29	56	36	38	84	66	66	89	19	76	100	19	6	93	64	99	30	40	15	11	36	99	39	76	6	65	
68	25	67	67	4	15	7	86	8	99	75	84	52	25	42	28	69	57	80	55	69	55	93	5	73	63	54	63	18	21	51	30	85	23	49	71	53	49	22	37	64	76	61	52	4	98	92	43	15	1	82	76	100	94	22	2	28	96	89	96	
45	45	12	24	28	43	90	99	17	67	47	83	67	82	1	77	25	89	85	63	32	60	81	9	90	41	37	32	66	5	80	90	77	42	68	97	1	98	52	34	63	88	13	17	62	65	35	30	86	38	66	50	35	17	24	36	10	75	80	9	
96	63	32	98	5	92	27	84	95	40	34	28	28	89	16	16	17	53	16	17	64	4	74	43	59	60	36	78	34	37	65	3	42	14	7	42	91	40	94	33	87	60	53	64	56	38	77	2	52	40	70	9	75	76	41	66	89	19	51	16	
4	54	60	92	52	9	72	43	65	13	32	75	77	26	32	24	91	26	47	81	39	69	8	42	99	61	31	59	1	63	87	64	33	83	95	78	26	77	39	86	96	5	33	92	45	79	7	59	13	34	6	76	5	18	79	84	23	28	1	9	
54	39	68	71	37	100	64	35	15	81	33	89	20	57	85	79	31	99	62	45	73	69	27	90	64	7	49	71	69	69	34	54	30	29	96	18	68	72	23	97	92	66	57	2	13	7	5	48	90	9	22	98	24	28	45	45	78	34	25	67	
63	63	79	82	27	25	57	16	50	91	18	39	85	43	59	76	51	83	68	27	31	70	58	95	58	31	56	40	36	28	28	40	66	18	7	59	98	28	43	40	38	75	95	53	70	69	64	90	13	69	47	25	86	85	87	46	35	89	52	95	
42	3	20	19	77	95	22	2	83	78	24	4	29	93	25	83	47	8	75	94	84	72	9	100	35	99	36	60	19	38	86	42	87	75	47	2	98	18	88	11	42	54	18	83	56	80	77	53	99	95	8	99	16	92	14	93	50	96	77	13	
73	3	5	97	85	32	29	50	99	94	98	70	19	45	20	49	16	22	10	3	68	7	55	17	33	86	18	60	50	67	26	14	70	68	86	92	98	73	96	60	58	60	71	76	81	46	35	78	52	63	48	89	8	95	89	60	95	66	74	42	
13	76	80	33	14	72	64	39	11	34	94	90	81	76	55	7	45	94	14	74	35	40	43	15	32	20	93	36	61	71	25	57	33	33	10	44	81	80	39	34	64	96	47	66	85	88	95	61	51	97	53	77	76	13	40	2	3	77	28	21	
100	62	47	11	59	47	36	49	19	15	3	90	44	79	17	14	53	39	94	80	23	6	92	23	56	65	14	52	7	43	65	23	80	58	9	22	58	9	87	54	40	54	13	65	65	42	18	24	7	59	52	26	41	45	84	80	59	69	33	82	
78	29	88	14	73	100	74	24	52	45	37	26	31	1	52	5	89	18	74	19	1	69	98	74	32	47	24	52	37	92	62	29	77	92	93	2	87	91	98	68	15	91	5	1	13	15	96	64	33	50	83	87	96	48	51	15	18	84	88	40	
81	55	24	7	44	24	89	24	65	52	70	85	40	56	88	10	78	48	18	20	33	19	27	47	56	65	31	23	33	67	61	74	17	37	75	14	11	96	23	82	25	67	4	25	11	23	96	55	86	42	53	59	12	48	97	21	13	79	15	89	
2	85	10	56	75	43	28	64	26	17	95	46	49	39	43	19	92	18	80	99	36	94	29	23	48	66	26	28	70	43	78	81	68	66	7	80	52	33	94	55	92	2	46	50	58	64	88	11	71	2	41	38	94	95	3	63	3	45	29	84	
65	96	52	23	97	9	77	44	20	58	9	66	98	12	27	64	44	32	9	29	55	49	54	37	66	23	94	50	58	28	98	5	8	39	69	83	35	90	15	10	82	26	6	21	20	74	70	50	98	48	97	53	69	71	39	90	57	50	82	70	
49	100	69	76	44	92	86	45	55	26	33	8	48	71	79	100	22	65	16	42	54	51	9	7	93	88	64	22	11	37	7	58	32	88	23	7	21	34	22	45	45	41	20	61	96	82	51	27	16	61	20	3	10	63	59	68	27	27	38	29	
76	36	6	94	83	57	87	15	90	38	25	32	81	30	7	28	75	6	71	42	5	49	14	97	35	100	93	58	91	20	52	68	99	22	10	14	61	82	97	45	41	31	36	4	91	66	6	3	1	49	85	37	79	90	6	84	69	3	19	18	
89	12	70	29	69	63	12	30	15	76	38	7	64	30	94	10	26	60	42	9	29	3	32	84	76	19	53	92	55	36	68	37	12	83	73	69	6	81	99	6	81	27	1	78	52	10	96	79	19	65	45	34	85	57	13	71	93	77	86	81	
39	18	72	85	41	56	84	77	6	57	51	23	79	98	26	35	5	40	100	89	94	8	98	66	95	19	58	34	41	47	18	11	71	94	19	84	40	96	3	8	61	98	80	7	49	57	30	53	54	8	96	70	91	22	22	25	56	56	57	26	
58	18	4	70	100	67	29	100	61	38	11	45	38	98	23	35	18	49	8	71	5	29	68	96	38	15	87	100	68	92	30	49	62	21	76	18	18	30	15	55	7	95	31	78	39	77	15	68	35	58	32	31	64	39	58	29	50	34	40	73	
3	77	23	20	94	61	82	7	81	66	21	12	3	18	31	90	2	44	48	12	32	75	87	68	8	3	72	76	60	4	37	61	65	81	46	72	46	82	11	62	84	48	13	54	62	100	96	97	68	3	79	93	97	65	68	22	81	73	77	93	
24	52	83	17	97	100	35	51	34	35	66	1	60	76	25	15	78	9	12	46	81	41	27	49	34	100	83	61	3	57	70	19	82	83	25	19	80	23	20	59	22	49	23	9	42	69	80	74	35	84	54	23	56	11	68	70	70	95	84	53	
89	57	6	44	94	40	55	17	30	57	63	39	29	55	11	39	68	75	3	27	39	5	35	71	79	48	11	27	19	34	68	34	33	64	69	71	40	8	78	21	99	76	83	87	96	30	97	74	10	64	73	86	44	30	81	39	68	53	23	3	
79	14	78	4	89	60	7	20	19	15	9	81	75	65	97	46	47	85	29	29	82	61	34	43	96	52	63	37	80	77	68	4	3	3	99	27	22	49	61	91	84	24	8	71	49	78	48	10	62	45	32	22	94	53	58	10	89	10	65	74	
43	33	70	13	95	76	61	35	96	97	34	5	43	75	80	69	18	87	8	90	73	38	77	64	31	14	46	80	72	46	80	62	20	21	82	30	46	50	10	24	78	89	55	24	88	18	8	18	14	55	46	74	63	67	12	34	13	8	57	23	
16	76	47	10	45	68	19	3	38	49	66	91	42	4	82	33	62	38	88	58	69	71	88	38	6	76	97	46	96	28	84	32	75	61	51	88	52	91	58	64	65	36	60	94	94	7	5	29	35	98	56	97	23	79	25	2	92	19	37	43	
72	18	9	12	91	33	18	5	14	29	66	94	80	15	36	31	79	61	4	90	89	68	33	39	83	82	6	39	66	17	15	69	72	49	78	49	61	31	22	34	43	47	11	19	55	67	50	92	45	48	89	82	29	56	14	24	59	72	81	35	
23	5	92	32	26	18	99	81	97	100	83	78	15	100	85	88	45	44	2	3	8	72	98	79	15	47	72	88	33	35	21	59	85	89	75	41	4	76	6	94	71	63	27	40	45	33	77	25	96	73	69	87	87	66	63	11	90	33	58	67	
86	76	62	64	18	81	44	66	11	64	29	22	34	81	32	90	87	17	2	7	70	87	43	99	75	18	46	16	88	77	4	29	73	62	1	16	47	70	31	48	22	85	95	15	96	21	81	27	95	78	72	92	52	61	90	29	64	7	69	24	
23	52	50	11	84	78	65	65	84	52	77	91	15	60	57	7	83	60	39	19	26	33	28	22	78	12	56	64	50	34	15	6	100	37	49	75	45	75	6	41	57	62	97	100	72	73	94	45	76	50	81	65	44	56	69	51	3	59	32	24	
33	94	97	18	11	21	32	55	54	87	5	26	82	41	23	9	42	95	82	25	75	78	27	63	76	15	23	53	5	35	87	93	17	36	54	64	32	95	43	81	73	42	73	50	62	8	96	20	81	55	94	95	35	77	9	44	60	65	15	47	
46	76	68	23	37	35	22	100	58	64	35	51	6	57	46	59	86	20	67	99	13	4	60	83	94	18	4	5	30	51	96	5	75	93	99	62	38	24	30	94	43	100	39	59	59	76	56	12	98	40	36	48	97	23	43	65	14	14	31	36	
95	13	46	42	28	71	84	62	32	59	68	98	53	22	67	67	74	30	100	21	58	9	44	30	99	43	28	1	72	52	59	2	99	10	73	28	93	69	4	35	67	83	90	12	45	50	40	66	97	76	98	42	82	39	10	8	49	25	1	67	
36	57	95	95	53	26	14	14	46	88	86	62	94	37	44	88	62	17	56	52	6	61	100	19	5	49	2	80	20	16	5	88	58	64	31	72	75	74	32	64	14	99	66	21	3	12	37	23	34	95	30	12	90	90	52	72	49	67	60	73	
16	25	48	2	9	51	99	59	51	18	88	27	78	51	29	26	16	29	73	31	7	28	15	40	32	59	93	77	88	95	9	83	81	12	63	30	82	95	12	9	70	49	1	97	42	100	66	83	62	27	84	9	87	34	13	23	62	83	23	86	
83	6	80	34	26	100	45	81	57	22	25	15	92	48	51	23	90	73	49	70	5	43	63	38	24	76	35	49	2	42	7	72	81	19	50	54	68	34	86	69	30	96	74	96	45	86	18	65	66	6	31	29	45	97	65	8	30	84	74	75	
85	69	36	85	84	20	10	31	91	81	39	68	21	52	71	71	60	60	39	68	29	44	71	34	85	72	6	33	99	34	96	15	11	88	27	26	78	41	92	26	19	70	15	61	66	35	41	26	75	22	81	90	92	3	41	24	34	4	63	4	
46	76	84	58	16	46	94	16	4	55	8	89	76	80	22	47	56	33	20	80	92	47	36	72	23	74	62	2	33	91	74	29	2	95	59	52	75	84	47	17	22	70	83	45	89	56	33	76	4	69	86	81	88	40	97	7	74	58	61	42	
95	82	10	63	92	58	59	50	62	30	22	47	44	41	52	47	92	94	43	47	38	11	1	13	38	88	79	66	53	91	46	79	39	24	28	16	20	66	99	30	91	71	49	100	38	93	59	45	83	17	80	72	78	32	100	55	60	43	94	4	
51	56	1	13	48	15	22	7	82	66	71	10	11	51	22	26	23	93	65	61	67	2	28	83	92	48	32	26	36	43	83	59	50	37	59	48	45	47	75	8	21	72	80	32	42	39	96	52	36	82	5	41	20	20	40	88	35	46	56	99	
20	18	80	18	80	63	27	48	23	69	100	3	74	12	73	78	71	59	20	22	5	7	91	71	81	32	23	51	88	55	76	23	2	88	52	49	94	70	58	81	42	53	72	96	94	51	10	59	24	94	37	96	42	25	52	65	36	21	86	80	
43	46	76	6	11	66	52	4	96	33	51	76	70	94	59	36	50	97	31	50	63	17	19	82	11	64	55	37	31	64	91	67	52	28	49	92	6	20	2	15	13	69	14	63	7	80	25	57	5	97	85	61	85	91	34	40	31	95	84	66	
55	92	37	53	83	53	2	90	25	41	49	98	23	34	67	71	24	25	31	8	70	72	100	99	94	73	43	74	8	94	32	64	28	94	9	28	59	44	83	6	34	45	70	17	24	90	79	97	30	59	28	85	44	49	82	72	58	7	69	76	
64	15	69	75	45	86	29	29	22	1	89	82	74	42	99	20	33	80	25	31	1	10	32	69	12	33	49	52	20	60	97	14	12	11	14	75	68	3	40	81	98	66	59	20	21	61	39	35	54	14	93	3	53	27	88	90	46	32	28	11	
