Factories	3
Families	20
Machines	4
SetupType	1

Number of Jobs in each Family
2	3	5	10	7	7	1	6	7	9	2	9	2	4	6	1	9	3	3	8	

Jobs in each Family
0	1	
2	3	4	
5	6	7	8	9	
10	11	12	13	14	15	16	17	18	19	
20	21	22	23	24	25	26	
27	28	29	30	31	32	33	
34	
35	36	37	38	39	40	
41	42	43	44	45	46	47	
48	49	50	51	52	53	54	55	56	
57	58	
59	60	61	62	63	64	65	66	67	
68	69	
70	71	72	73	
74	75	76	77	78	79	
80	
81	82	83	84	85	86	87	88	89	
90	91	92	
93	94	95	
96	97	98	99	100	101	102	103	

Total number of jobs
104

Processing times of jobs
5	2	8	7	
7	10	6	3	
8	7	3	6	
7	10	1	10	
6	3	3	5	
6	3	4	7	
8	1	6	2	
2	8	6	1	
6	6	10	1	
5	10	8	5	
8	10	1	8	
3	4	7	2	
10	7	4	6	
5	7	9	7	
8	4	7	3	
2	6	3	7	
6	4	8	10	
1	2	3	10	
7	2	2	6	
5	10	1	1	
1	8	4	5	
7	9	6	5	
5	6	2	1	
5	1	8	3	
6	6	8	8	
4	4	2	6	
5	9	2	5	
10	3	9	4	
2	8	9	2	
9	4	5	9	
8	8	6	1	
10	9	9	6	
7	3	4	10	
10	10	5	10	
3	1	7	9	
2	1	4	8	
10	5	2	1	
6	4	2	5	
7	4	9	5	
3	10	7	9	
9	2	7	4	
1	2	9	3	
4	2	2	6	
9	7	3	7	
3	7	4	1	
8	2	10	4	
1	2	9	4	
9	5	3	7	
10	9	6	5	
10	6	6	2	
1	2	4	2	
4	6	4	2	
8	6	6	4	
1	10	9	1	
1	4	5	4	
9	10	1	1	
1	8	5	2	
6	6	8	10	
2	5	3	1	
5	6	1	6	
6	2	4	4	
8	5	9	3	
1	2	9	9	
9	3	9	6	
9	4	8	2	
8	4	2	8	
1	1	3	6	
8	10	4	2	
7	10	8	7	
10	9	1	4	
8	5	9	2	
8	6	5	10	
1	7	3	6	
9	8	2	7	
1	4	4	5	
3	4	7	1	
1	2	2	4	
6	3	7	9	
5	5	6	4	
3	3	4	6	
3	2	8	4	
3	8	8	2	
5	1	1	5	
3	2	1	10	
2	9	4	2	
10	7	4	3	
2	6	10	5	
1	4	6	10	
10	9	1	3	
10	9	1	2	
7	10	6	6	
7	10	1	10	
6	6	6	6	
2	10	1	3	
5	10	3	5	
8	9	7	4	
7	9	10	7	
9	3	4	7	
10	5	3	6	
7	4	7	6	
3	3	6	3	
2	4	3	4	
7	3	4	7	
8	4	6	1	

Stepup times between Families, where [f][f] represents initial setup time
On machine	1
16	16	4	20	15	8	9	18	5	14	15	20	17	15	7	9	15	10	9	13	
10	7	10	18	5	7	7	13	20	5	12	2	1	8	2	9	4	12	10	12	
2	3	7	11	5	1	11	11	16	13	4	10	4	13	5	10	16	8	2	4	
5	15	7	19	9	6	5	5	9	11	17	4	12	14	3	5	2	15	6	9	
16	14	5	13	10	18	1	20	7	8	12	15	7	8	5	16	7	16	9	17	
17	7	6	15	10	1	17	14	8	18	13	8	15	20	2	6	2	20	4	5	
6	19	8	1	15	1	19	18	20	3	17	20	8	14	16	9	8	3	6	3	
3	20	12	7	3	7	12	16	10	13	12	5	17	5	16	15	16	15	9	9	
18	15	19	12	14	3	16	5	18	8	6	20	12	15	11	3	18	6	3	12	
17	8	6	11	5	15	6	4	14	16	15	8	3	5	17	9	12	10	18	3	
5	12	9	16	18	9	14	4	11	3	3	1	16	17	14	12	1	11	11	17	
2	18	17	8	3	11	8	4	2	15	6	4	9	11	7	12	5	16	1	9	
3	9	11	12	14	8	4	8	13	15	7	18	11	12	6	16	12	7	16	13	
2	10	4	16	20	5	19	7	1	15	19	2	17	8	5	8	15	13	19	14	
6	5	18	14	1	6	11	13	16	19	13	19	10	3	19	14	16	18	6	14	
15	17	13	16	1	12	15	18	8	4	8	10	7	7	8	17	17	11	8	14	
15	1	19	11	17	18	16	19	4	10	4	16	10	20	15	3	15	14	10	10	
19	9	12	9	8	20	8	16	2	9	17	20	19	12	17	12	19	3	11	2	
8	5	1	14	11	19	5	18	4	4	2	11	18	12	8	11	18	11	8	19	
20	19	10	7	2	19	20	11	17	18	8	20	17	19	5	4	17	10	6	14	
On machine	2
11	11	6	2	9	1	3	15	4	6	10	10	7	1	18	6	3	4	20	8	
14	7	15	17	14	13	3	9	8	13	12	10	16	8	20	14	11	17	16	6	
2	4	2	7	16	15	7	5	11	2	1	10	11	11	7	4	12	1	20	6	
8	20	5	7	12	17	18	16	16	10	18	15	16	5	18	5	18	9	7	14	
1	13	7	13	18	20	2	13	17	17	13	10	6	4	18	17	2	3	5	19	
20	14	10	7	19	9	5	18	10	16	11	18	13	13	9	7	17	8	18	5	
3	19	11	18	9	15	15	15	2	11	9	20	20	11	8	5	18	20	18	7	
18	6	6	8	11	10	4	5	8	17	12	20	9	5	1	17	2	18	7	18	
13	12	5	19	7	7	12	19	10	2	6	7	16	12	14	2	16	12	16	2	
9	17	11	5	16	9	18	16	7	5	4	17	18	1	15	19	13	12	6	6	
10	19	5	6	16	11	1	12	19	12	17	19	2	18	5	13	7	5	13	15	
2	1	16	5	1	4	1	16	7	12	13	12	10	12	15	18	17	9	8	15	
1	16	7	11	3	6	20	16	14	16	15	1	3	8	8	13	3	16	12	4	
3	18	7	9	10	19	7	9	6	4	15	11	16	1	6	20	18	20	17	13	
6	18	16	18	16	4	8	14	3	9	16	20	20	1	2	16	19	17	7	7	
6	6	14	3	2	12	13	14	9	8	4	8	6	3	16	3	15	7	8	11	
5	3	5	3	15	19	11	14	4	15	9	13	6	5	1	8	3	3	1	6	
11	5	13	14	14	15	18	20	4	19	7	1	17	10	10	7	14	3	9	10	
5	11	2	10	8	19	11	13	17	15	10	12	17	1	8	7	2	18	20	4	
17	7	18	8	8	2	9	20	8	13	14	13	19	3	6	15	20	6	1	19	
On machine	3
2	5	4	19	10	15	4	18	19	8	16	16	8	7	9	15	1	7	12	15	
18	13	16	11	1	6	8	4	20	9	19	1	18	4	2	8	10	12	11	8	
20	5	7	8	16	10	8	14	1	9	16	8	15	15	4	7	19	19	10	16	
18	20	13	20	15	15	18	11	1	10	7	16	10	5	5	11	10	18	11	7	
14	8	17	10	11	12	2	10	18	16	14	8	1	11	15	16	7	4	2	14	
20	6	4	7	7	8	14	13	17	2	14	4	14	4	6	5	2	14	10	11	
12	12	5	11	14	2	16	12	5	6	11	12	2	4	4	13	1	3	5	15	
17	6	4	5	13	10	13	11	9	6	20	3	12	15	7	6	20	17	14	12	
14	17	5	7	15	17	10	17	12	16	11	13	14	19	2	19	18	4	12	2	
15	16	19	9	3	9	20	1	7	16	15	10	1	17	7	12	8	19	1	11	
3	17	20	6	5	3	4	13	17	8	8	14	12	1	16	2	7	18	15	7	
15	19	20	11	18	14	3	18	8	3	10	5	6	20	20	19	1	11	10	16	
14	20	9	16	1	19	19	9	11	2	13	8	1	11	16	10	17	12	7	13	
19	14	13	20	1	19	19	16	15	11	8	20	1	6	10	15	9	12	4	11	
4	9	18	18	16	2	13	13	15	15	12	11	14	3	18	15	8	8	9	3	
17	8	17	12	19	9	1	20	4	3	19	8	20	11	18	6	4	9	17	16	
3	19	14	18	12	13	20	8	12	1	17	11	1	20	6	9	8	12	16	15	
7	11	3	15	9	20	1	15	14	9	13	20	10	9	5	18	9	18	13	11	
9	5	16	14	15	16	7	18	10	17	4	3	1	10	5	9	7	1	7	10	
1	20	9	1	2	11	4	4	2	1	19	9	17	8	14	13	1	13	8	16	
On machine	4
3	19	5	9	6	19	13	17	17	8	7	2	13	20	13	18	9	18	5	7	
14	18	7	10	18	2	3	7	9	18	1	11	14	14	15	4	18	2	7	4	
7	10	6	9	11	3	9	12	7	11	14	13	5	12	4	5	19	3	14	17	
19	18	6	6	16	18	2	1	2	15	7	1	9	4	20	15	6	11	4	2	
2	12	16	15	7	5	12	18	5	11	17	10	17	11	2	17	12	19	17	12	
1	2	13	13	8	20	9	9	18	19	3	9	8	7	10	19	13	8	2	11	
18	6	6	15	13	4	14	5	10	9	17	16	16	7	12	20	18	4	1	11	
20	3	6	20	17	10	2	13	10	9	9	5	13	20	10	19	14	5	14	18	
2	20	14	9	6	14	9	17	2	15	7	20	18	11	5	12	7	19	10	9	
11	5	10	3	11	1	5	7	9	18	10	19	1	12	16	12	15	7	12	8	
1	8	16	13	7	3	12	1	16	5	19	18	3	6	13	3	6	2	10	3	
13	11	5	17	10	6	2	13	7	18	13	7	1	13	8	17	12	7	18	10	
7	16	10	8	14	13	9	13	17	9	19	10	10	12	17	15	9	12	18	3	
7	4	3	11	9	17	15	9	11	7	9	15	5	8	8	16	12	18	20	2	
20	3	18	4	20	5	12	6	11	12	18	3	2	7	4	7	18	8	17	1	
3	19	15	2	9	1	4	2	10	18	20	14	20	5	4	3	16	18	7	6	
19	4	19	13	20	16	18	8	19	18	13	12	17	3	1	8	7	11	4	9	
19	7	6	8	20	17	9	13	1	7	6	14	9	10	17	19	6	4	10	5	
8	11	1	18	15	3	10	20	15	18	2	6	19	3	18	17	12	1	1	18	
4	8	20	11	14	12	8	12	15	17	8	20	9	19	15	16	7	4	8	12	
