Factories	2
Families	20
Machines	10
SetupType	3

Number of Jobs in each Family
9	5	6	3	2	6	3	6	2	4	6	4	8	9	4	3	1	5	5	3	

Jobs in each Family
0	1	2	3	4	5	6	7	8	
9	10	11	12	13	
14	15	16	17	18	19	
20	21	22	
23	24	
25	26	27	28	29	30	
31	32	33	
34	35	36	37	38	39	
40	41	
42	43	44	45	
46	47	48	49	50	51	
52	53	54	55	
56	57	58	59	60	61	62	63	
64	65	66	67	68	69	70	71	72	
73	74	75	76	
77	78	79	
80	
81	82	83	84	85	
86	87	88	89	90	
91	92	93	

Total number of jobs
94

Processing times of jobs
6	8	9	7	4	1	4	8	8	5	
6	5	7	7	10	2	5	8	8	6	
10	10	9	2	5	7	7	5	4	6	
5	4	5	8	5	9	7	7	5	5	
1	4	9	6	7	6	8	4	8	9	
8	3	4	4	3	10	10	1	10	5	
7	2	8	7	5	9	1	3	1	8	
2	7	10	4	2	3	4	5	3	9	
6	4	9	10	3	8	4	10	1	3	
2	9	5	9	5	7	9	7	8	7	
6	10	9	2	1	8	8	6	5	7	
1	2	9	6	5	4	6	8	8	7	
6	5	5	1	8	3	1	3	10	9	
9	2	5	7	10	7	2	8	7	9	
5	9	1	9	1	3	3	4	9	8	
6	8	8	7	9	8	3	1	2	1	
6	7	4	4	2	6	10	4	3	9	
1	9	8	3	5	9	9	10	3	3	
1	8	10	10	9	7	3	3	10	1	
6	10	9	9	9	2	6	7	5	4	
7	7	7	4	8	6	3	1	5	9	
6	5	5	7	10	8	4	3	1	6	
4	4	3	8	4	1	9	9	8	7	
6	3	4	9	9	3	1	9	10	10	
9	10	6	7	9	3	3	6	4	7	
1	3	4	4	6	6	2	1	4	10	
1	10	5	9	9	7	6	3	6	6	
4	5	3	5	7	8	6	10	9	5	
10	2	6	3	7	6	8	10	6	3	
10	8	1	9	2	3	7	10	6	3	
10	4	1	8	10	8	10	7	3	2	
1	9	10	10	9	6	5	2	3	9	
4	7	8	9	10	6	6	6	2	2	
3	8	2	5	4	2	8	3	9	3	
10	5	7	8	4	1	3	3	4	2	
5	8	7	7	4	8	8	1	1	4	
3	7	6	6	4	1	2	5	2	1	
6	9	3	5	7	5	2	1	7	9	
2	2	10	2	6	9	7	5	7	1	
8	3	7	1	3	6	10	10	1	2	
5	8	10	2	9	10	6	7	8	8	
6	1	9	6	8	6	5	10	9	2	
1	1	9	2	2	10	9	8	7	1	
9	1	2	3	9	7	3	10	2	3	
10	2	3	2	9	1	8	2	3	8	
8	2	5	7	6	7	3	4	8	7	
4	10	2	7	7	1	3	9	1	1	
7	10	8	7	1	9	9	5	1	1	
10	3	3	2	6	8	2	1	7	3	
2	3	6	6	2	5	2	2	3	6	
6	10	6	6	6	8	5	9	8	8	
7	8	3	7	4	2	9	10	9	7	
6	10	4	9	7	2	10	7	1	6	
7	3	5	7	5	3	8	5	9	10	
7	9	8	10	5	4	1	2	2	9	
3	8	7	5	4	10	5	8	9	4	
4	2	8	1	1	1	10	2	3	2	
7	1	2	8	1	7	6	6	7	3	
8	1	6	7	5	8	10	2	4	6	
5	10	5	5	6	9	2	1	8	1	
4	1	3	1	9	2	4	9	9	1	
1	5	1	4	1	4	2	3	1	3	
4	6	2	4	1	1	3	4	10	6	
6	5	4	6	10	5	3	2	3	2	
6	10	8	5	10	8	3	6	10	10	
8	2	5	2	4	8	9	1	8	5	
10	3	10	3	7	5	9	2	1	2	
3	4	8	7	3	3	2	7	6	7	
6	5	4	3	7	2	4	7	2	9	
5	1	5	2	8	3	9	4	2	5	
4	3	4	8	6	6	5	3	1	5	
6	2	7	6	5	1	8	8	9	10	
4	9	8	6	10	10	6	5	7	7	
5	1	9	5	2	4	10	7	1	10	
6	2	8	9	8	7	5	1	10	1	
1	6	1	7	4	7	9	8	2	8	
10	2	6	3	6	5	4	9	7	8	
8	3	3	1	6	1	7	3	6	4	
6	1	2	8	4	9	2	5	7	10	
4	4	4	4	10	3	3	9	9	1	
8	3	5	10	3	6	8	7	6	10	
10	7	9	10	10	2	6	5	10	5	
5	7	4	2	2	3	5	4	5	8	
7	10	3	8	8	7	1	7	9	10	
5	3	6	5	2	4	6	3	4	7	
4	10	5	5	6	7	7	8	5	4	
3	9	6	7	7	3	9	5	5	6	
5	3	6	7	10	3	1	1	6	1	
3	5	8	9	1	4	2	5	5	8	
3	7	9	9	6	3	9	9	4	6	
4	5	2	8	3	5	2	6	6	3	
8	1	7	4	6	5	2	1	10	10	
5	10	2	8	10	5	2	6	5	6	
4	9	1	9	9	8	8	8	6	10	

Stepup times between Families, where [f][f] represents initial setup time
On machine	1
22	18	65	3	90	56	9	45	11	84	61	98	52	93	44	56	62	27	52	54	
92	69	94	53	32	3	43	30	27	30	47	34	80	80	77	20	17	53	26	10	
27	86	32	7	38	63	97	21	92	60	28	46	54	83	13	55	84	25	80	47	
18	38	67	61	58	70	51	85	61	29	31	88	68	9	9	34	64	31	76	56	
17	56	35	46	30	24	22	54	89	76	70	66	8	87	28	70	9	50	16	42	
10	18	88	82	56	22	6	62	77	45	93	45	11	82	1	29	83	50	48	5	
42	12	81	14	14	35	19	14	96	90	1	25	13	66	12	1	51	27	8	29	
85	36	48	45	29	68	89	92	13	64	66	73	76	49	81	8	39	17	19	88	
63	84	4	33	77	71	41	96	95	94	35	28	28	50	61	88	4	13	69	58	
40	21	71	94	5	39	77	55	51	89	58	93	31	30	61	48	74	76	61	56	
42	21	11	49	3	82	39	77	75	46	75	8	17	59	12	79	20	30	42	88	
14	87	18	73	31	90	46	79	4	77	17	80	88	10	64	68	37	45	76	93	
66	93	16	45	60	61	25	13	58	74	24	95	53	95	36	7	39	26	65	57	
28	49	37	41	7	24	57	53	87	61	50	87	41	83	36	98	39	63	66	55	
1	83	71	23	19	82	68	87	12	29	64	75	33	86	37	83	57	26	55	95	
68	7	61	88	13	8	46	19	92	81	42	38	75	6	67	9	61	30	90	11	
49	59	25	44	4	95	16	61	33	14	30	42	92	7	95	96	37	61	64	15	
18	47	83	69	84	53	67	48	53	4	98	48	94	7	33	37	84	32	31	36	
80	83	22	3	31	2	59	86	45	64	76	55	42	9	3	97	42	69	28	57	
33	84	7	81	72	31	7	13	49	38	90	7	85	93	71	6	86	46	8	6	
On machine	2
50	74	71	94	82	63	35	42	79	99	46	11	65	71	86	24	13	54	41	29	
31	31	53	83	48	72	92	6	88	44	23	82	75	48	77	81	56	57	35	31	
99	18	17	11	44	71	23	73	100	28	93	25	27	84	36	15	13	76	98	48	
25	17	36	7	88	5	86	87	8	52	10	36	84	33	9	80	21	18	26	93	
54	42	28	100	28	81	71	24	37	65	45	67	18	32	31	20	70	32	65	41	
41	22	54	35	64	86	25	100	51	51	91	28	45	82	78	15	86	27	13	41	
19	28	85	56	78	8	79	98	76	83	16	31	55	96	81	41	79	16	39	72	
39	97	97	25	52	65	83	49	82	68	35	71	40	87	10	30	49	79	38	28	
10	73	77	64	78	83	56	17	79	94	61	62	27	98	13	5	35	43	46	75	
23	6	97	58	86	63	83	66	32	60	86	36	53	54	89	8	67	37	35	57	
26	26	36	54	83	77	28	99	95	65	13	88	81	55	79	89	63	77	34	28	
93	14	52	86	95	5	64	56	37	100	22	69	95	79	15	59	33	6	11	44	
47	13	94	77	53	81	12	89	83	47	65	3	91	59	88	87	75	80	49	24	
36	27	44	66	39	57	16	10	35	9	93	83	51	69	6	86	66	95	86	57	
68	27	45	71	79	22	97	55	38	54	30	15	68	53	14	36	21	60	29	31	
8	54	21	69	44	43	69	46	72	92	71	70	56	63	50	2	7	15	69	9	
14	76	57	62	38	68	65	6	81	88	47	5	97	61	58	25	73	17	70	54	
56	18	60	7	63	9	55	89	86	98	46	46	6	56	91	85	42	39	46	76	
39	5	30	4	76	66	93	21	66	65	3	21	29	32	65	25	43	43	10	51	
53	48	93	2	30	39	56	95	2	50	100	92	96	12	10	57	15	53	98	26	
On machine	3
96	69	94	24	27	42	18	52	70	47	61	62	42	91	90	87	47	33	83	24	
40	1	50	67	59	3	91	52	46	54	33	90	78	100	76	58	18	40	2	59	
59	68	97	54	47	32	8	20	28	47	74	69	3	8	7	60	48	7	8	100	
60	86	9	33	40	2	17	12	31	66	58	23	3	82	42	84	92	95	37	59	
58	55	27	46	100	3	36	1	32	21	70	2	9	11	28	50	22	79	89	29	
89	76	10	27	73	69	51	32	27	89	83	1	31	98	19	58	33	98	57	94	
86	3	21	50	77	10	4	46	41	7	63	14	77	74	34	32	85	5	58	37	
98	96	43	53	89	13	90	74	4	90	38	20	98	79	9	95	5	80	78	29	
92	54	53	27	73	81	30	69	99	30	93	92	13	90	65	63	48	39	20	14	
5	89	71	63	69	7	18	41	100	63	42	82	52	92	37	15	52	99	14	11	
24	20	57	48	6	89	17	17	70	43	56	56	91	56	99	18	78	13	67	21	
26	21	71	29	68	25	100	55	83	45	89	5	7	15	58	18	7	27	86	77	
65	31	20	3	10	68	87	18	13	52	82	23	12	29	67	4	40	53	61	10	
96	88	80	72	13	88	36	65	44	55	14	79	84	34	30	17	74	15	20	38	
43	44	53	58	81	78	12	44	8	77	78	5	50	10	63	76	80	41	2	82	
99	5	95	64	92	88	79	47	24	39	63	59	79	44	45	63	13	42	43	63	
93	63	77	83	97	77	34	48	94	79	37	17	90	24	42	16	64	25	94	68	
59	62	43	72	13	6	89	97	24	12	84	81	58	77	19	49	53	36	76	69	
19	71	62	73	24	78	91	58	52	8	41	13	75	90	35	38	81	81	91	77	
19	56	47	26	79	81	72	63	27	82	27	18	93	51	27	82	74	46	93	22	
On machine	4
88	36	86	69	60	10	2	97	28	53	53	46	65	30	59	65	77	41	72	44	
59	61	41	56	38	21	24	62	71	88	90	82	17	70	67	53	71	57	25	24	
81	39	52	33	95	38	6	6	51	83	55	32	11	68	27	46	86	80	47	90	
7	16	72	79	58	39	58	32	84	53	8	72	9	21	68	30	64	96	90	34	
45	37	32	29	13	79	81	61	75	91	94	69	6	91	56	4	44	3	68	3	
73	29	39	100	26	80	81	48	24	72	100	37	12	30	80	56	52	86	19	45	
95	20	30	89	17	51	38	47	53	22	76	18	44	37	93	73	27	96	43	92	
91	51	12	14	86	18	48	28	13	97	40	21	45	62	91	98	19	89	6	44	
8	89	68	84	24	9	32	34	13	82	9	89	6	95	21	2	14	28	53	83	
7	68	1	14	66	45	53	5	84	13	31	36	74	26	62	1	9	25	70	28	
70	80	36	24	40	21	45	80	49	82	18	81	6	39	42	91	49	65	56	38	
13	76	38	39	97	23	47	63	52	50	8	11	21	72	53	4	57	58	50	33	
93	71	66	75	46	30	27	97	90	14	79	52	69	16	8	76	100	2	15	79	
100	62	2	78	74	28	89	66	18	84	93	89	25	15	56	77	24	13	100	79	
69	84	72	60	8	55	2	44	19	85	30	92	98	90	23	65	46	94	79	30	
10	29	14	79	2	35	89	18	95	41	97	26	75	99	21	61	51	27	43	78	
30	90	23	28	16	42	69	50	63	40	94	11	49	35	8	47	58	17	61	23	
79	12	37	37	75	15	47	84	9	50	98	59	62	71	95	7	89	15	50	82	
100	76	5	13	80	60	57	6	75	78	12	7	25	48	61	49	14	56	73	76	
58	91	26	38	15	11	87	74	10	47	67	20	74	5	57	34	42	15	95	12	
On machine	5
45	70	13	75	4	43	97	6	82	43	65	14	35	33	4	40	3	62	37	61	
68	64	8	29	47	31	30	91	35	88	75	96	35	10	10	90	56	83	89	95	
82	94	17	62	3	6	64	33	84	4	57	95	48	36	13	48	94	58	40	27	
19	19	5	27	93	44	45	5	78	30	4	9	59	31	98	39	22	93	90	56	
29	21	97	89	30	89	5	23	68	86	38	44	55	27	45	48	47	90	3	100	
97	66	96	79	71	36	12	62	12	54	50	26	19	57	39	18	84	58	65	42	
64	51	13	66	58	54	42	80	66	90	36	6	33	50	3	14	20	95	67	30	
58	37	35	94	81	60	5	11	48	95	94	35	90	17	94	74	9	84	61	47	
33	26	99	83	35	94	18	97	57	22	6	40	67	66	22	93	19	42	49	87	
85	71	9	31	34	20	7	8	47	51	59	80	40	41	18	49	14	57	53	81	
3	67	11	75	80	85	7	90	49	11	67	27	52	36	81	45	61	20	16	31	
44	40	38	88	59	10	87	73	10	17	72	30	64	77	28	76	96	55	6	98	
100	11	89	31	36	89	5	90	46	18	91	95	28	51	90	18	75	79	39	22	
87	97	62	79	56	96	14	42	75	14	87	32	7	19	82	58	17	82	56	25	
77	40	70	14	60	32	65	91	15	87	74	50	42	69	92	41	69	72	57	98	
41	19	73	85	90	73	13	25	71	44	99	12	87	15	95	21	59	16	93	34	
52	42	63	1	98	58	22	99	45	80	17	56	79	43	74	89	78	15	23	39	
3	21	54	23	51	4	40	75	41	45	92	84	69	48	48	12	40	66	64	78	
31	98	89	87	100	72	16	83	42	47	88	97	76	42	25	71	93	65	89	26	
15	53	68	52	62	77	39	43	46	82	46	77	56	2	38	20	80	12	16	80	
On machine	6
34	11	51	54	19	87	68	76	46	56	92	46	52	14	77	87	71	1	49	9	
58	74	88	37	58	98	68	6	52	13	41	35	19	5	98	91	18	17	26	97	
21	36	36	68	52	58	1	81	17	88	30	50	44	95	57	37	55	27	83	54	
15	77	81	77	68	3	11	76	59	6	64	67	74	24	76	12	44	24	34	97	
27	7	2	36	34	43	46	66	75	93	91	31	57	55	6	6	1	4	47	68	
18	11	35	29	74	46	41	57	47	39	30	76	78	24	53	85	22	4	31	84	
93	69	71	30	3	78	82	32	51	40	30	19	33	77	36	32	32	21	59	72	
13	77	23	97	20	40	10	9	60	72	76	62	93	57	5	63	95	28	19	38	
56	79	88	38	6	23	62	63	40	1	30	84	55	25	6	13	87	20	2	81	
62	33	28	41	3	94	75	1	48	36	85	82	7	17	85	89	1	56	20	87	
66	38	57	10	12	23	54	19	55	26	97	60	6	46	93	72	68	81	70	77	
95	82	2	61	97	86	88	96	72	62	41	8	91	52	46	58	52	59	1	16	
42	24	95	100	28	90	25	12	71	84	14	74	70	26	40	14	8	14	34	69	
5	80	38	69	6	23	3	59	71	33	25	80	82	8	36	38	94	95	33	92	
76	37	66	37	68	80	29	86	91	29	99	51	47	26	83	23	16	67	77	37	
62	33	99	26	19	40	95	44	66	68	13	85	27	39	59	1	42	36	47	64	
46	27	91	32	39	36	96	61	100	69	15	37	8	91	11	78	39	79	17	6	
31	37	13	71	77	18	58	91	74	3	58	41	18	32	58	64	84	26	84	84	
18	3	35	63	25	91	5	34	44	17	50	39	74	74	68	69	58	5	65	54	
46	71	52	53	94	37	47	24	46	28	13	31	74	18	92	42	22	98	9	63	
On machine	7
45	14	46	80	5	71	99	72	12	62	21	31	30	81	64	39	43	32	48	80	
17	90	61	51	85	59	77	95	34	94	38	12	31	89	25	25	67	100	50	15	
29	16	1	54	57	22	21	83	75	7	47	87	86	8	97	32	10	68	83	61	
62	41	29	67	69	36	78	25	57	81	45	75	8	27	19	74	59	96	36	6	
48	16	5	26	100	30	9	1	21	23	10	41	96	17	2	20	71	43	67	56	
73	87	68	31	26	87	57	72	92	93	5	8	30	49	17	69	36	16	36	94	
71	62	57	91	94	20	33	72	61	60	54	20	74	100	51	76	5	52	32	47	
77	79	48	56	99	24	49	78	64	11	40	25	51	63	94	26	4	56	82	31	
76	8	8	74	76	25	49	5	47	83	68	28	56	8	68	31	81	95	35	8	
54	5	35	7	1	29	95	51	68	87	64	44	27	39	96	33	28	11	67	23	
64	30	89	30	76	79	91	17	43	77	80	65	98	76	86	67	41	100	69	93	
28	52	48	35	7	37	28	34	37	56	33	10	79	18	90	62	70	39	59	73	
2	90	60	54	18	46	81	2	32	79	64	73	83	10	87	34	18	19	10	76	
75	46	95	49	60	100	68	20	4	90	5	99	81	14	19	98	100	21	60	87	
50	36	96	66	62	67	54	75	42	99	60	77	39	8	16	33	19	26	91	59	
69	43	77	36	16	97	5	78	88	23	82	32	77	6	48	41	88	42	44	38	
71	59	88	81	56	21	18	97	17	18	99	28	22	62	14	32	23	87	33	1	
56	58	92	93	79	57	14	21	13	75	36	40	75	77	82	25	78	83	39	14	
53	22	96	26	42	91	38	74	63	64	60	64	6	45	91	64	31	89	48	55	
49	18	29	40	36	99	100	65	58	5	4	99	11	24	94	50	41	58	59	59	
On machine	8
39	4	74	54	69	84	28	46	85	67	15	83	73	39	12	71	49	4	96	52	
2	11	61	41	48	71	72	15	23	39	74	90	68	19	71	16	34	95	46	49	
74	89	79	100	84	91	57	41	19	67	36	91	53	45	6	4	34	10	15	66	
57	94	31	44	8	17	79	18	88	10	100	89	73	84	7	27	15	36	88	61	
61	98	82	13	8	63	58	55	52	55	75	99	2	28	33	5	1	43	65	19	
79	45	37	90	3	49	73	75	24	59	52	88	3	72	35	7	97	41	22	39	
95	49	76	5	83	99	70	64	31	35	99	35	83	64	54	15	30	78	83	45	
65	57	15	81	18	61	2	17	43	99	90	75	69	72	10	64	14	13	48	21	
57	67	19	8	69	15	35	36	64	64	82	96	86	76	95	13	24	5	89	46	
30	77	38	20	21	64	72	13	45	56	32	82	87	9	2	68	4	26	52	98	
61	68	18	45	29	45	97	92	84	8	6	18	71	59	66	41	80	37	27	48	
48	65	2	92	5	35	59	35	81	10	97	89	19	81	6	31	68	77	45	33	
71	42	34	86	41	86	90	43	52	63	48	88	57	61	94	74	7	79	8	58	
54	25	77	68	52	58	68	20	67	31	19	96	3	75	25	58	41	4	45	41	
88	50	68	74	70	43	60	22	2	11	31	36	73	48	25	68	15	57	94	97	
20	14	82	14	43	76	63	29	1	83	24	56	81	3	66	74	46	62	43	36	
10	66	17	66	18	72	58	64	77	33	77	76	17	20	19	23	67	11	39	24	
15	5	3	48	41	92	53	11	38	84	4	29	57	44	58	32	91	3	9	73	
49	6	13	93	10	56	34	38	60	49	47	55	35	36	46	88	83	22	8	33	
93	24	55	80	57	9	50	73	94	31	5	82	55	96	2	75	73	42	83	44	
On machine	9
89	19	81	25	7	22	100	85	39	30	16	13	87	78	32	51	93	61	89	22	
59	27	89	88	100	55	79	71	84	86	78	5	26	19	42	94	45	93	71	22	
18	14	33	47	25	26	86	35	98	96	74	2	72	78	20	63	26	67	86	57	
42	40	14	52	28	15	66	15	16	96	45	56	3	76	15	86	37	64	27	75	
14	10	78	94	87	90	51	50	64	16	61	64	44	8	9	61	26	65	88	64	
89	23	67	18	26	83	89	43	54	68	13	12	32	31	9	34	83	46	14	34	
11	82	85	80	80	74	65	17	64	99	22	4	55	17	97	49	64	98	85	17	
93	98	89	37	81	19	75	49	37	14	1	42	53	81	6	86	72	38	39	76	
63	76	42	60	38	72	19	93	67	87	37	1	8	62	23	40	7	2	56	59	
48	10	51	71	81	93	75	54	64	52	39	1	90	56	65	11	55	95	100	5	
6	45	82	43	74	53	99	89	97	37	3	5	16	34	62	64	31	31	82	75	
67	81	28	97	21	63	43	30	16	10	93	10	18	100	24	18	99	41	24	61	
87	82	33	23	65	34	44	34	56	37	49	70	17	3	88	43	48	21	28	13	
95	22	10	11	29	80	74	86	84	83	55	4	54	27	7	100	52	6	70	37	
79	25	37	47	46	51	89	24	4	18	79	75	28	85	43	49	2	45	46	4	
24	84	41	41	21	58	78	53	56	62	24	32	8	1	46	37	47	38	84	99	
36	10	89	96	42	36	40	39	18	87	86	84	43	30	75	1	24	33	13	85	
22	67	81	59	92	75	8	32	75	54	49	5	33	49	91	41	29	95	1	6	
96	62	47	25	94	23	12	55	76	70	75	61	20	59	71	91	26	86	26	13	
78	81	11	46	30	23	82	2	41	31	81	45	72	62	85	56	88	82	23	48	
On machine	10
32	87	99	97	84	35	36	16	50	41	41	84	69	74	20	73	7	16	69	94	
91	26	85	61	58	76	24	93	69	6	31	99	64	71	58	72	10	68	13	90	
81	78	97	40	50	76	42	7	56	13	55	54	90	14	41	2	43	58	59	43	
6	45	81	33	16	70	92	86	16	16	54	43	81	36	6	34	60	45	30	11	
14	28	51	13	38	9	29	15	30	93	56	70	98	30	37	18	17	100	81	65	
24	85	67	18	93	15	84	9	24	52	60	22	28	78	70	92	36	77	48	97	
31	2	81	63	1	9	83	61	3	9	36	22	46	98	75	25	66	19	51	34	
100	53	24	51	22	44	60	99	75	29	52	79	71	3	39	34	39	10	55	75	
20	45	11	32	52	90	59	52	34	48	62	64	39	84	69	83	37	4	9	5	
43	60	11	2	53	46	69	54	25	45	76	15	62	52	92	24	80	83	20	61	
36	2	42	16	54	65	29	42	52	72	5	67	56	16	86	49	57	13	17	84	
6	42	23	46	68	10	68	53	25	44	40	53	93	81	55	62	20	32	90	63	
95	59	71	100	59	56	89	41	76	54	29	39	51	9	92	35	18	63	67	61	
80	25	59	38	67	81	97	65	5	1	57	51	39	72	4	45	24	56	52	74	
13	16	23	96	94	74	99	27	9	51	21	52	64	26	71	64	72	67	71	46	
73	41	57	21	99	57	36	65	81	72	58	51	84	43	49	55	30	10	48	73	
12	87	25	20	57	63	18	23	60	65	83	80	17	30	36	25	35	21	67	17	
96	80	48	17	81	15	31	3	48	71	26	30	12	41	52	10	67	32	33	78	
61	41	71	72	92	1	92	29	55	36	37	76	24	100	10	23	77	76	63	88	
34	66	43	98	67	55	74	32	67	81	32	33	89	17	48	45	42	35	79	99	
