Factories	2
Families	20
Machines	20
SetupType	2

Number of Jobs in each Family
3	1	8	3	10	4	2	2	2	4	8	1	2	10	8	5	1	9	1	8	

Jobs in each Family
0	1	2	
3	
4	5	6	7	8	9	10	11	
12	13	14	
15	16	17	18	19	20	21	22	23	24	
25	26	27	28	
29	30	
31	32	
33	34	
35	36	37	38	
39	40	41	42	43	44	45	46	
47	
48	49	
50	51	52	53	54	55	56	57	58	59	
60	61	62	63	64	65	66	67	
68	69	70	71	72	
73	
74	75	76	77	78	79	80	81	82	
83	
84	85	86	87	88	89	90	91	

Total number of jobs
92

Processing times of jobs
2	5	3	3	2	3	8	7	4	5	8	8	5	3	1	7	1	8	6	1	
9	2	7	1	10	7	10	1	6	3	5	6	1	6	6	3	4	9	3	3	
9	2	10	10	4	8	1	4	3	8	6	8	6	3	9	3	10	6	10	4	
3	7	8	6	4	8	9	7	10	2	5	6	10	7	2	7	8	7	9	7	
5	9	2	1	1	10	3	10	4	7	2	1	10	10	6	4	6	3	7	6	
5	8	1	9	10	8	1	5	9	2	3	10	6	3	5	6	1	5	3	2	
8	4	9	5	1	2	4	3	2	8	8	10	9	7	3	2	5	1	1	6	
9	9	9	8	10	7	6	5	1	10	7	1	4	3	1	9	7	3	9	6	
2	9	6	6	7	7	9	2	3	4	10	3	8	7	1	6	10	2	9	10	
7	6	1	10	1	8	8	2	5	6	7	5	1	7	10	1	2	10	6	3	
3	5	7	4	6	9	8	9	5	10	4	6	4	4	3	6	3	9	7	7	
8	5	10	1	4	2	5	2	2	2	10	1	10	8	6	2	1	3	5	8	
9	8	3	10	5	10	10	5	3	8	6	9	5	5	8	10	8	1	1	6	
5	8	4	1	3	4	7	4	1	4	7	4	10	8	9	8	8	1	10	9	
6	1	9	5	8	6	6	5	1	10	10	4	3	2	4	1	7	9	2	9	
5	8	4	10	9	2	3	1	1	9	1	3	9	5	3	5	1	5	8	2	
3	5	9	3	4	2	8	5	6	8	10	4	2	9	5	7	9	5	2	5	
9	8	3	7	2	10	5	10	3	2	4	8	9	3	6	7	2	10	7	9	
6	2	6	6	7	3	2	10	3	1	5	2	7	6	1	4	1	8	5	10	
3	1	3	10	6	10	9	3	7	4	3	6	4	5	2	10	8	8	7	1	
1	7	9	4	4	7	7	3	4	1	7	9	5	4	2	2	9	9	10	5	
5	10	10	4	1	1	10	9	1	6	1	3	5	1	7	9	1	9	9	5	
7	3	1	2	2	7	3	8	2	2	2	3	2	2	5	10	7	10	4	9	
9	3	10	5	1	8	4	8	2	6	10	7	6	8	5	10	4	7	6	3	
3	2	3	4	4	3	5	2	4	10	5	9	9	5	10	2	9	4	1	9	
3	6	5	8	3	6	4	9	6	2	8	5	4	5	5	9	5	2	10	1	
7	10	8	6	7	5	7	7	7	7	8	1	5	6	8	3	6	4	1	2	
7	9	3	1	7	7	3	2	9	1	6	2	10	4	9	3	6	9	4	3	
1	5	9	7	1	6	7	8	7	2	4	7	5	4	1	8	8	5	2	1	
1	5	3	6	5	5	10	7	5	4	6	5	1	4	8	7	5	6	7	8	
9	4	3	9	3	8	2	5	9	10	10	1	6	10	7	8	2	9	5	3	
5	1	3	3	1	5	10	3	6	2	4	5	1	10	6	10	2	5	5	1	
10	2	1	6	5	10	9	5	8	1	10	8	2	4	1	8	7	9	4	1	
5	4	4	5	8	8	4	3	5	1	7	5	7	6	4	1	10	7	6	10	
2	1	10	2	10	3	3	6	7	8	6	1	4	4	7	8	4	2	8	9	
4	7	6	2	7	6	3	4	5	2	10	1	2	7	2	10	10	5	9	1	
3	5	2	8	4	4	6	2	3	2	6	7	7	7	6	9	9	7	6	3	
9	9	9	5	5	2	8	4	5	10	7	8	10	4	8	9	10	7	10	4	
4	6	4	10	1	4	7	8	10	5	10	3	3	1	6	7	6	6	10	4	
10	7	6	4	3	1	3	10	6	9	7	5	6	8	8	4	9	2	6	6	
2	4	5	7	9	8	9	8	3	8	7	5	1	4	10	5	6	2	6	4	
8	10	7	10	3	9	3	6	3	4	5	3	5	10	5	1	8	5	8	9	
1	1	3	6	5	4	5	5	8	7	4	5	3	5	6	1	2	5	9	4	
6	6	4	7	4	8	9	3	3	4	6	7	2	3	10	7	8	3	8	9	
8	6	4	5	10	6	3	9	8	8	10	6	1	2	2	10	10	8	9	2	
2	3	5	3	5	4	9	6	3	7	7	1	10	4	7	4	6	7	7	5	
9	8	7	3	8	4	8	8	2	2	10	4	6	10	5	3	1	4	4	4	
3	8	4	8	1	1	10	4	6	8	8	6	4	5	3	10	6	2	10	8	
10	1	4	2	4	3	9	2	4	7	6	9	6	7	2	9	9	2	4	4	
8	8	6	3	2	9	2	10	10	5	4	9	6	5	9	9	6	3	6	6	
9	3	3	8	3	4	2	9	7	8	6	4	2	9	1	9	3	10	8	8	
6	9	1	8	8	6	6	2	7	4	7	3	5	4	3	7	6	6	10	7	
8	3	10	9	9	4	2	9	2	7	2	10	1	7	9	1	2	4	3	8	
2	8	5	10	4	1	5	6	10	6	6	4	10	9	4	8	2	9	3	9	
2	8	2	10	1	9	2	5	2	1	2	4	9	10	9	8	10	4	7	5	
6	2	3	5	8	7	8	1	1	7	10	2	3	7	10	5	9	8	10	1	
10	5	4	5	10	10	2	9	2	5	1	8	10	3	7	8	7	10	3	2	
1	1	10	5	5	5	2	5	10	6	4	6	2	10	9	3	2	8	9	1	
1	4	4	10	3	2	10	10	9	2	2	6	7	5	9	5	5	8	1	7	
8	5	3	1	2	5	9	7	10	8	1	1	6	3	10	2	6	6	8	1	
1	10	5	4	9	5	2	3	6	6	2	8	6	8	5	7	1	8	7	2	
5	7	4	1	8	2	7	6	1	2	4	9	5	4	6	2	8	10	9	8	
1	3	6	10	10	5	8	5	2	1	10	7	1	5	4	2	1	1	6	9	
1	4	6	3	4	8	5	4	9	8	6	1	1	10	2	1	7	5	6	7	
8	6	8	5	3	10	5	8	1	2	8	3	1	9	4	8	7	6	3	5	
8	8	2	3	2	7	3	4	10	6	8	8	5	9	7	1	8	9	2	3	
7	4	5	4	7	3	8	4	2	10	5	3	5	4	5	7	10	9	10	1	
4	7	3	9	1	2	3	2	10	6	4	10	2	7	9	1	3	8	2	9	
4	4	6	9	3	1	2	9	2	8	2	5	5	6	4	5	9	5	10	8	
2	3	1	4	10	2	2	1	2	4	5	4	8	4	5	4	1	5	3	6	
5	3	8	5	3	9	10	1	4	6	8	10	2	2	5	1	10	10	4	6	
9	7	8	7	2	6	9	1	4	8	6	9	1	9	2	9	4	4	8	6	
3	7	5	10	9	3	2	9	3	9	2	3	5	5	2	3	6	1	1	9	
3	4	2	7	5	7	6	3	10	1	5	1	4	9	1	8	7	4	7	3	
9	1	7	4	1	10	3	10	8	5	6	10	4	2	1	1	4	4	3	7	
3	7	2	10	3	4	6	3	9	9	6	1	9	1	1	3	3	8	9	4	
10	3	7	9	3	10	9	6	8	6	7	3	10	6	6	4	4	8	10	4	
6	5	3	4	8	5	10	9	9	6	7	9	6	10	10	4	9	5	1	9	
10	4	4	6	10	9	1	7	7	7	10	6	8	2	9	1	2	8	5	4	
8	8	5	3	6	7	1	7	7	10	4	8	6	6	3	10	8	2	5	7	
10	1	1	6	8	10	5	9	10	10	4	10	5	1	1	7	6	1	4	7	
9	3	4	2	3	5	1	10	2	2	1	5	5	9	1	10	7	1	9	3	
4	2	9	3	6	6	6	6	2	2	6	3	8	10	7	2	4	3	4	10	
8	9	7	8	8	10	2	2	10	7	3	1	1	4	5	2	10	2	6	4	
1	9	2	6	1	1	7	3	3	9	9	2	9	5	1	5	9	2	3	6	
9	8	2	6	8	2	7	3	8	8	2	8	10	9	10	1	2	8	6	4	
9	5	5	5	4	9	8	1	5	4	10	1	2	6	10	4	7	6	4	3	
4	4	4	8	2	4	8	8	8	4	5	2	7	2	3	4	4	1	4	2	
5	6	1	4	8	3	1	4	1	6	5	6	9	9	10	2	9	9	10	1	
2	10	7	8	3	8	5	5	4	10	1	4	2	2	1	10	4	6	1	4	
6	1	3	5	10	2	3	7	10	6	5	7	10	4	6	9	1	6	10	6	
10	8	2	1	4	4	10	2	6	9	7	1	1	7	3	7	1	1	1	6	

Stepup times between Families, where [f][f] represents initial setup time
On machine	1
5	47	22	36	3	25	12	16	3	46	4	28	20	34	40	32	17	30	46	10	
31	3	30	6	49	5	48	21	18	7	46	9	27	7	28	27	23	49	13	25	
33	25	27	17	29	8	19	45	26	6	24	46	18	5	22	46	17	24	49	38	
50	18	19	45	21	22	50	49	7	8	30	23	31	7	48	36	30	48	21	16	
6	22	16	3	27	47	47	24	19	10	40	20	48	50	41	20	35	47	7	3	
14	12	17	23	21	32	45	32	41	37	24	17	20	39	11	3	7	21	41	32	
27	43	43	16	19	5	26	36	42	2	12	10	2	17	38	42	21	16	6	40	
25	48	28	7	2	35	25	3	21	16	39	13	6	30	22	34	15	4	42	32	
44	6	20	2	20	47	31	23	27	31	48	9	22	49	50	24	22	17	50	6	
23	39	15	44	19	30	38	41	1	15	7	9	40	23	22	32	30	9	26	18	
33	40	33	36	3	9	45	45	40	30	37	35	34	28	29	48	19	21	29	25	
48	37	29	18	19	5	28	12	7	39	32	16	5	27	3	18	13	26	39	38	
10	28	42	23	31	22	26	32	42	40	13	31	30	5	33	44	3	16	18	46	
18	40	44	49	27	23	5	37	46	33	26	26	18	3	19	9	4	39	7	21	
31	45	49	14	8	33	32	19	25	4	24	23	43	33	17	20	8	10	41	14	
37	12	3	26	26	10	27	6	5	47	8	48	45	6	28	35	10	3	10	5	
40	48	15	14	25	50	37	45	19	15	46	34	3	10	38	27	8	34	30	2	
17	32	1	22	50	27	50	11	5	25	19	21	40	43	32	6	13	45	12	9	
25	36	28	34	17	40	35	26	48	47	44	6	47	26	12	42	26	46	13	2	
26	49	29	27	37	17	49	50	41	33	17	5	2	47	29	25	37	12	1	42	
On machine	2
9	34	36	5	48	11	34	30	32	13	20	39	1	49	17	2	12	47	28	50	
34	25	34	34	22	43	46	28	43	21	46	38	34	29	13	24	19	20	2	31	
21	30	43	13	48	21	44	5	19	9	37	2	27	7	13	5	4	32	27	38	
32	25	15	50	24	14	33	30	50	29	33	16	22	11	28	39	38	22	10	31	
24	9	41	11	36	22	7	36	7	5	44	20	39	19	28	33	27	41	24	28	
47	21	30	14	43	8	1	20	13	10	47	37	39	5	45	35	40	50	22	28	
5	18	16	17	34	23	19	8	37	6	20	1	43	39	3	8	6	50	43	1	
29	43	45	17	37	35	10	43	41	17	49	15	15	44	20	11	28	46	43	46	
23	21	17	3	31	9	30	25	27	33	43	19	4	43	43	24	20	21	27	10	
40	17	4	34	16	37	34	41	28	43	12	12	16	19	5	13	49	43	5	14	
30	5	37	49	1	14	37	32	33	2	13	35	30	8	49	13	16	17	24	38	
50	17	2	11	45	42	10	33	48	13	32	15	21	8	17	44	43	28	5	26	
1	26	1	9	35	48	39	21	34	2	8	21	27	39	46	6	14	33	24	7	
7	27	30	9	50	36	45	10	48	35	32	32	11	14	26	12	38	45	28	49	
15	44	6	37	30	11	30	32	5	37	45	36	46	26	22	16	25	50	34	28	
46	7	37	13	39	17	13	13	17	36	24	1	1	44	43	3	11	50	8	50	
48	44	5	27	19	12	19	49	4	37	1	39	31	9	46	8	15	49	24	8	
31	9	6	46	31	34	12	46	21	42	5	44	45	46	41	29	21	8	49	12	
38	25	4	36	3	7	49	47	23	44	19	35	13	1	38	18	16	11	29	32	
48	14	17	39	34	15	44	33	44	32	30	14	4	19	13	26	10	17	12	33	
On machine	3
27	49	50	49	9	49	20	22	50	23	44	34	33	4	21	50	10	39	6	33	
36	21	47	22	27	23	40	18	14	19	29	26	23	41	2	37	14	1	9	4	
37	17	9	35	19	21	23	32	12	23	21	15	15	9	5	44	7	7	31	31	
15	29	40	29	28	2	14	38	43	13	42	33	10	3	49	6	20	30	39	34	
41	2	42	29	4	45	49	11	40	25	19	23	47	37	33	50	29	41	12	1	
28	29	49	4	46	43	39	42	23	25	28	42	45	30	1	20	7	11	21	11	
19	29	41	27	4	9	14	20	17	2	24	32	46	33	42	16	16	29	9	12	
42	49	34	33	33	24	40	18	37	38	37	12	27	1	3	49	40	36	33	14	
48	27	34	25	48	6	5	30	21	38	9	13	22	12	18	27	22	50	30	23	
39	6	33	29	49	44	31	5	39	28	50	29	38	6	41	1	2	26	8	44	
37	24	41	9	36	7	34	15	44	40	37	39	50	46	45	24	6	38	20	46	
12	8	36	2	50	13	34	38	17	39	23	47	4	46	26	11	35	6	14	33	
41	10	39	49	34	32	35	35	38	46	20	5	16	34	10	29	23	38	40	3	
48	5	10	35	9	43	26	31	11	16	15	50	2	6	5	23	21	45	25	2	
23	1	15	14	50	29	48	11	44	1	16	37	9	2	48	15	11	35	33	12	
40	44	15	19	6	41	23	8	47	26	16	24	26	45	44	1	26	13	26	42	
22	24	13	41	30	4	2	13	20	26	30	50	40	9	24	7	15	41	50	22	
12	50	7	25	48	26	15	17	36	25	9	23	49	42	30	4	50	35	25	14	
3	50	50	48	21	48	23	29	34	19	30	26	46	38	4	36	5	36	23	2	
31	15	29	10	27	39	36	22	18	37	23	47	7	11	17	1	27	47	18	5	
On machine	4
12	50	27	37	38	18	27	29	9	33	32	39	26	4	8	36	5	32	8	34	
32	30	1	10	40	8	21	29	43	7	43	42	28	8	24	46	23	25	21	31	
15	10	26	48	10	40	17	38	40	22	20	34	13	3	25	42	39	6	39	23	
32	44	25	44	18	19	41	36	46	13	16	13	9	23	44	27	21	26	34	48	
18	24	20	26	14	42	39	43	34	21	35	15	21	42	8	1	36	21	50	28	
47	18	28	50	17	11	8	13	5	40	5	16	40	33	8	17	48	1	30	2	
38	32	43	32	28	12	21	12	43	36	46	21	29	44	8	11	29	46	14	49	
8	50	11	39	29	49	17	42	5	12	34	31	50	3	17	4	1	23	36	16	
30	35	7	17	22	41	32	19	32	17	5	39	46	48	40	1	23	31	38	24	
5	29	9	15	6	46	12	18	19	34	3	10	14	38	49	43	19	23	4	23	
3	40	33	21	37	34	29	27	6	40	31	14	13	30	31	1	31	3	6	21	
35	40	47	49	9	12	7	18	5	26	7	45	2	20	2	14	9	32	4	32	
5	20	8	30	4	1	15	36	48	36	11	16	48	3	28	25	40	11	20	35	
28	46	37	16	14	39	49	8	14	38	9	7	41	14	33	4	31	21	10	15	
5	20	43	30	2	13	9	24	26	34	46	11	31	30	29	21	18	48	20	32	
38	27	27	33	33	46	25	5	10	20	36	20	32	43	22	47	22	33	24	8	
15	11	31	33	2	22	39	39	26	27	22	25	40	39	8	13	40	38	21	27	
34	23	17	38	3	30	3	26	3	33	25	40	15	42	41	2	24	1	23	39	
39	27	42	32	11	32	42	26	36	15	32	21	24	12	27	17	15	4	11	31	
11	4	35	44	31	8	40	40	40	46	44	44	23	8	15	22	2	10	50	41	
On machine	5
23	11	49	30	14	12	47	31	34	19	25	36	17	19	30	20	44	3	18	22	
38	47	14	7	5	50	11	39	23	31	27	18	46	33	21	35	14	32	24	37	
32	27	43	4	41	49	22	6	32	4	15	36	1	30	2	32	6	31	37	16	
32	13	22	40	48	49	49	9	47	28	12	40	27	14	33	22	43	11	26	45	
16	7	9	43	26	18	44	50	40	45	40	27	32	42	35	16	11	44	36	18	
46	41	15	31	2	50	50	20	50	43	28	41	11	39	30	43	1	16	12	49	
4	16	18	37	36	5	32	41	36	2	39	13	8	25	9	45	31	50	36	30	
14	12	32	5	47	4	28	44	45	32	3	11	3	20	3	36	2	32	25	8	
28	23	34	8	21	20	6	22	14	45	17	47	15	36	13	21	11	48	40	10	
18	35	9	33	3	14	18	3	33	10	36	10	25	19	3	5	21	31	17	42	
19	3	6	4	27	29	48	46	6	22	21	32	47	45	34	14	34	22	1	41	
10	4	48	2	44	26	44	45	40	6	13	28	21	37	38	41	5	23	3	13	
10	1	49	40	33	14	9	50	1	12	32	46	41	8	7	12	24	35	10	47	
48	15	32	44	7	9	35	5	32	14	44	45	12	39	36	2	22	26	44	17	
7	40	38	17	33	38	35	5	5	11	22	50	35	42	12	23	26	47	18	20	
15	34	45	5	49	21	13	32	23	29	45	30	49	10	22	30	31	38	18	26	
2	48	42	21	47	21	48	46	6	45	46	30	42	25	8	46	33	17	34	47	
41	25	43	13	32	38	35	2	47	38	49	6	10	21	48	48	8	15	20	44	
49	31	50	23	13	15	45	47	5	26	37	5	4	26	18	45	44	42	49	39	
38	29	41	2	17	8	20	7	40	6	12	10	26	28	30	40	23	14	38	10	
On machine	6
35	34	47	24	24	31	21	44	15	6	8	22	17	3	6	43	39	31	11	23	
42	3	43	28	12	44	19	17	9	15	34	10	22	22	44	12	5	50	42	8	
4	13	42	6	46	19	32	20	39	14	42	20	41	40	3	19	48	20	27	13	
39	22	38	48	23	21	6	30	11	29	21	18	46	41	47	2	50	17	21	42	
24	47	22	33	6	40	35	29	50	45	8	8	26	11	21	29	10	29	20	34	
36	28	19	3	9	6	10	13	9	20	15	30	27	50	26	39	5	49	17	16	
16	21	43	43	25	18	25	2	30	23	6	21	38	39	50	11	36	18	19	48	
24	16	41	42	10	28	5	17	14	41	49	3	2	20	14	15	36	1	32	38	
27	49	21	9	31	36	31	16	46	39	50	8	48	26	46	45	50	49	26	10	
8	8	16	47	26	26	23	9	26	42	37	34	6	34	45	41	27	29	50	31	
23	29	13	1	1	50	30	32	46	14	40	32	36	39	24	38	2	25	37	6	
32	31	27	41	34	4	20	20	34	39	13	28	12	14	23	42	30	41	47	32	
48	44	6	50	43	6	47	42	5	33	36	7	8	33	25	4	21	1	1	1	
34	37	29	2	16	37	14	20	41	1	36	18	13	33	16	12	37	30	30	18	
40	18	44	37	35	32	19	23	42	15	22	17	7	11	46	24	39	17	40	30	
7	29	7	3	27	17	18	4	2	32	21	47	2	43	8	14	35	44	39	7	
44	2	41	25	28	14	30	1	24	32	42	27	7	21	24	8	23	41	44	33	
36	48	4	1	33	38	48	45	1	49	49	37	25	34	31	20	32	32	33	20	
43	1	29	4	33	45	18	9	9	34	31	2	11	28	34	25	8	49	13	42	
42	13	17	2	26	17	42	40	32	15	10	37	19	10	33	14	8	29	41	41	
On machine	7
26	44	16	48	15	40	50	39	37	6	15	31	38	30	46	17	46	34	4	30	
4	13	4	17	43	47	2	49	11	1	16	28	1	14	27	8	28	34	48	21	
3	1	42	38	24	12	11	2	49	7	2	23	32	9	11	32	43	48	39	22	
38	40	37	6	16	4	8	32	8	7	6	23	39	46	27	49	2	3	19	18	
28	34	25	30	35	15	45	47	36	12	2	10	26	21	12	12	24	22	9	2	
11	6	10	33	33	47	18	9	15	29	37	15	1	1	35	50	2	46	41	14	
36	5	33	42	8	22	24	45	44	10	13	37	34	45	28	4	26	13	19	19	
34	17	45	22	1	38	38	6	39	30	5	44	4	26	26	38	30	50	41	41	
35	40	43	17	20	3	48	22	42	16	49	4	12	5	17	37	33	45	4	13	
11	32	25	24	9	39	48	46	46	27	34	12	21	36	42	39	8	38	50	4	
16	29	35	46	25	17	37	17	21	16	29	43	29	24	32	27	50	43	34	18	
9	43	27	27	36	2	15	46	14	30	42	35	9	41	23	34	47	41	50	27	
46	33	21	7	31	18	38	20	1	32	6	44	46	20	48	14	29	8	33	23	
48	1	44	11	47	36	29	49	30	33	17	22	50	40	20	7	36	5	45	11	
36	16	38	45	34	12	28	6	21	41	43	7	1	27	22	18	31	18	35	10	
18	27	6	47	40	30	18	4	1	8	22	13	36	40	42	9	38	5	15	26	
48	1	16	46	38	48	31	30	24	22	47	46	21	11	17	6	49	45	49	34	
36	17	26	47	30	11	49	3	22	50	15	5	25	39	9	27	24	37	14	15	
50	45	22	42	40	2	21	40	3	29	27	18	42	37	35	42	5	23	26	50	
44	13	34	18	43	22	48	46	11	46	49	48	16	7	21	43	8	50	28	19	
On machine	8
43	38	39	41	30	6	27	17	31	33	45	43	43	45	45	26	40	31	15	22	
39	30	50	9	15	37	42	29	14	19	30	35	18	44	40	41	24	26	2	49	
35	11	12	39	14	29	31	16	29	45	8	13	36	26	34	19	9	17	35	9	
28	27	27	49	24	36	26	31	42	49	46	23	6	47	21	29	15	45	24	16	
3	30	12	20	26	50	7	42	34	9	38	30	50	34	18	6	36	19	41	47	
1	9	30	28	30	11	36	50	21	5	42	9	16	47	2	18	45	4	25	14	
41	23	4	31	7	22	8	16	5	45	34	2	24	40	49	47	3	39	22	28	
27	21	25	3	37	23	18	39	7	19	16	12	39	39	12	7	18	19	37	15	
43	33	41	48	30	8	29	36	50	1	34	10	45	23	30	18	7	18	24	18	
22	26	43	39	17	31	42	27	34	17	49	18	9	19	18	26	1	25	4	6	
22	29	42	20	46	2	20	7	14	23	18	21	26	9	21	17	7	43	26	38	
47	44	24	40	23	33	23	19	31	39	8	48	36	7	8	5	46	36	43	3	
10	32	17	33	50	45	40	12	6	32	34	4	48	25	27	45	15	43	33	35	
6	31	10	35	30	50	27	23	42	13	33	40	40	33	28	32	7	12	36	33	
33	36	19	18	2	32	12	26	45	29	15	21	9	25	21	6	10	40	31	32	
19	24	46	50	43	49	24	3	16	6	21	8	26	44	43	28	41	41	1	46	
32	23	1	47	18	35	1	50	26	38	4	36	33	27	37	50	38	34	16	37	
9	19	6	24	30	47	16	9	34	20	37	32	42	19	47	10	19	35	32	36	
50	43	35	44	41	10	36	2	1	7	19	49	16	43	8	44	1	45	3	39	
17	45	15	9	19	46	43	14	47	49	28	2	40	13	50	8	22	41	37	37	
On machine	9
44	24	18	14	8	2	43	3	42	8	37	39	20	48	1	3	18	46	16	16	
14	19	28	13	30	26	26	50	24	41	27	29	1	18	14	46	20	20	3	44	
32	5	10	22	18	33	47	34	38	30	47	37	9	1	6	5	26	41	45	38	
11	44	23	14	18	39	48	12	47	35	12	32	15	17	44	22	47	19	40	47	
39	7	36	14	17	16	4	43	38	33	41	7	11	34	17	26	37	21	16	28	
29	4	29	44	23	30	16	48	35	22	6	42	14	49	3	16	50	36	35	29	
47	42	17	24	23	46	1	11	30	10	12	43	50	27	38	26	43	39	8	32	
26	40	39	10	42	30	38	46	15	11	14	7	18	7	31	40	45	26	39	26	
9	40	36	3	8	8	5	33	30	42	36	1	5	21	37	18	39	23	50	3	
15	13	31	7	38	16	43	34	5	6	44	46	18	40	39	7	43	15	3	27	
23	3	22	35	7	13	33	37	28	45	35	7	31	24	4	24	9	41	32	6	
40	32	39	40	13	1	30	28	25	16	4	14	37	48	35	21	4	28	48	14	
26	36	41	35	35	12	12	22	11	16	18	16	47	50	43	50	8	23	1	32	
2	25	1	1	16	41	7	6	39	28	24	36	29	31	39	38	33	23	47	23	
3	45	33	29	36	21	15	23	13	47	46	6	14	42	44	25	14	4	46	25	
39	7	3	16	47	46	32	27	22	25	27	7	20	44	36	35	15	20	35	36	
35	31	47	14	17	46	47	10	18	15	4	41	2	23	49	4	33	31	14	33	
45	47	2	27	9	32	19	49	15	7	33	16	7	49	23	25	26	35	13	38	
1	33	33	20	31	3	43	9	16	20	45	47	22	33	43	29	46	19	43	42	
13	25	28	2	24	9	12	19	16	3	34	48	6	44	6	3	28	3	41	16	
On machine	10
41	9	41	34	4	44	9	13	18	24	10	9	18	46	23	24	24	17	4	11	
44	44	33	6	33	21	30	22	22	15	13	46	43	14	2	47	16	45	44	39	
38	42	2	19	13	24	10	49	27	27	12	26	40	2	8	15	10	21	34	19	
34	23	3	32	4	45	32	18	14	22	28	40	2	17	24	48	8	17	17	37	
46	10	49	49	18	17	25	18	13	28	34	21	34	19	39	29	34	15	7	28	
17	5	13	20	45	13	4	15	29	11	39	6	38	50	33	17	15	33	17	20	
8	46	48	1	33	37	4	32	22	32	19	25	32	49	50	12	3	38	17	40	
11	24	28	29	21	50	16	46	32	36	24	12	11	10	45	34	24	15	49	26	
1	42	34	9	19	10	15	22	50	2	29	10	17	43	36	5	10	11	41	5	
16	2	22	43	13	17	3	9	41	2	13	41	15	17	16	37	11	25	16	43	
29	14	40	11	6	34	4	5	28	47	34	40	38	18	4	6	49	19	12	50	
16	16	2	8	5	17	20	40	37	34	18	30	38	46	37	40	46	12	26	44	
31	42	23	2	18	36	1	49	2	13	39	41	40	21	30	37	2	46	33	10	
21	6	2	6	5	4	30	50	35	46	28	6	32	43	10	3	34	43	34	25	
30	13	34	21	33	49	11	42	20	10	19	6	49	25	38	24	22	9	9	37	
35	12	29	37	42	27	44	8	13	40	3	49	38	49	16	40	11	32	26	14	
16	14	4	18	2	43	32	9	6	1	23	49	28	12	47	4	47	26	18	42	
24	44	50	4	24	49	27	1	16	30	16	48	41	25	5	41	3	26	43	8	
4	48	3	15	34	36	3	1	48	49	40	19	45	36	37	21	33	7	7	35	
35	7	3	16	43	47	40	9	25	40	15	45	38	50	22	49	29	32	25	41	
On machine	11
3	8	6	28	20	18	26	49	18	15	37	44	36	5	13	45	44	15	33	31	
29	16	14	31	31	44	34	8	49	41	5	49	21	9	46	31	20	35	50	13	
47	49	35	4	28	34	44	37	49	45	6	40	11	32	42	21	10	10	47	5	
46	41	10	4	33	10	45	49	27	32	13	46	31	33	16	18	2	37	29	1	
39	19	40	26	21	19	36	42	3	16	27	31	31	38	6	29	17	3	43	42	
33	39	5	21	10	8	40	42	23	36	3	37	39	35	48	3	30	40	21	47	
13	25	2	11	43	6	17	2	30	10	14	45	10	1	2	34	35	28	29	11	
19	39	40	36	36	39	48	44	11	1	25	43	36	17	27	16	17	1	30	24	
9	1	19	49	7	42	15	40	1	31	46	12	16	50	32	11	28	12	46	43	
4	48	12	31	37	6	23	5	47	43	42	21	12	30	37	37	37	40	44	34	
50	21	41	10	45	41	7	1	27	48	14	19	44	37	32	17	49	32	31	47	
7	6	49	30	33	18	38	48	36	34	25	1	49	32	30	40	23	30	33	35	
20	38	29	1	40	10	38	48	6	27	46	14	34	38	19	39	42	31	8	14	
6	32	11	34	45	50	34	33	37	39	41	33	6	47	40	38	32	6	22	46	
21	14	14	39	39	45	38	13	49	36	20	38	45	37	29	48	14	9	29	22	
9	33	40	38	31	27	47	21	22	47	26	23	47	50	23	11	32	26	46	25	
32	34	2	32	22	23	23	2	25	24	25	18	2	14	2	50	16	40	2	15	
39	18	45	32	20	11	41	25	32	45	50	39	27	40	34	31	41	43	41	28	
27	9	19	21	7	30	39	13	30	6	45	45	8	25	31	16	32	18	9	36	
36	37	17	6	14	17	30	13	32	47	34	31	26	30	45	20	10	29	48	22	
On machine	12
17	33	17	38	46	35	35	41	44	27	36	37	5	15	27	20	5	11	45	9	
2	7	24	38	46	47	38	13	45	41	33	20	36	38	18	50	34	16	14	49	
21	42	22	13	23	25	50	50	19	3	16	28	4	37	1	20	36	8	42	40	
5	46	44	1	36	45	28	40	30	19	43	7	44	47	47	24	26	31	24	6	
41	50	21	36	36	37	40	6	21	37	13	44	25	38	6	3	49	35	50	13	
22	24	16	1	20	14	50	1	5	8	8	35	46	32	4	2	22	40	41	11	
24	46	16	14	8	29	29	21	49	12	37	40	7	28	33	30	35	41	17	2	
33	49	13	28	6	24	47	22	17	7	18	44	12	9	17	10	12	28	45	41	
21	25	1	24	10	31	28	28	3	28	44	41	25	50	39	48	22	32	19	19	
37	20	10	22	45	34	34	48	43	9	17	36	48	40	34	38	20	26	39	9	
17	24	43	3	27	32	36	34	38	14	8	19	22	40	37	16	29	46	22	21	
3	13	32	8	39	39	20	29	35	43	26	7	46	27	27	5	44	21	26	48	
13	8	4	5	14	11	45	42	17	47	8	11	1	31	48	31	29	17	41	36	
33	40	13	46	38	1	49	45	44	21	48	7	46	5	20	20	10	27	43	35	
20	27	21	39	12	33	23	34	18	4	1	37	20	11	16	11	6	40	31	17	
40	4	48	21	33	37	1	13	39	46	32	42	28	20	24	22	37	25	37	8	
48	27	44	35	44	14	3	41	17	22	33	24	37	24	4	25	49	27	1	25	
21	8	48	46	46	16	2	43	23	10	19	31	44	32	12	6	19	39	43	33	
7	41	31	22	7	17	19	9	12	10	4	18	11	22	45	10	33	13	46	17	
26	5	23	3	35	10	35	36	32	26	27	43	19	39	38	24	9	2	13	22	
On machine	13
37	16	3	29	34	40	49	29	17	29	9	11	16	30	21	39	1	19	13	14	
2	48	30	32	8	25	25	38	37	27	5	3	15	49	6	22	32	3	3	32	
50	13	38	2	41	34	20	19	15	19	1	7	8	39	16	37	8	20	11	28	
12	11	10	13	16	21	9	30	38	30	7	31	31	13	13	6	7	17	48	4	
26	29	18	3	42	37	35	17	32	50	35	12	29	19	39	39	39	32	14	15	
34	23	43	15	36	25	34	46	37	25	36	41	48	6	46	33	5	44	22	39	
18	18	44	18	14	13	22	45	9	9	6	42	43	34	18	13	49	15	39	37	
28	40	18	3	20	22	25	33	25	12	33	29	37	12	15	15	24	41	31	28	
30	31	6	4	2	29	20	12	40	7	49	18	22	8	32	21	43	44	26	48	
15	21	10	50	50	50	49	10	4	16	4	33	20	10	8	47	25	10	44	21	
50	49	43	34	10	39	1	30	15	10	31	30	8	23	16	8	15	20	33	21	
16	47	15	41	4	7	40	42	3	39	37	43	35	47	33	4	21	29	19	27	
44	19	46	20	4	48	48	34	1	37	5	19	31	28	28	9	6	28	18	5	
8	14	50	35	44	13	1	7	1	3	15	14	49	39	15	19	44	9	42	32	
38	1	27	20	34	36	39	16	8	31	9	3	21	16	17	30	24	35	17	10	
5	19	7	30	11	1	29	34	50	2	2	29	21	27	40	28	33	27	1	3	
38	8	21	32	1	5	29	2	30	22	20	4	1	34	13	12	23	22	5	28	
39	4	4	42	35	32	48	22	20	43	33	29	21	31	24	41	38	9	11	12	
10	28	18	37	16	41	22	15	4	46	29	25	2	10	24	32	44	42	49	37	
28	4	29	15	39	20	33	7	31	38	27	32	48	22	39	50	23	40	12	38	
On machine	14
38	36	35	34	29	12	9	46	9	20	50	33	4	34	47	19	25	30	41	45	
25	34	41	24	32	29	16	40	8	7	43	34	15	38	35	10	37	2	26	44	
35	31	9	27	37	35	34	8	16	29	4	12	6	21	24	41	48	48	32	10	
16	25	14	50	44	29	34	28	3	19	31	37	38	14	3	27	30	27	26	25	
1	36	40	22	45	5	46	40	42	12	11	5	6	13	45	6	6	17	17	23	
35	20	12	16	27	46	32	33	45	44	41	49	40	18	4	28	1	11	48	23	
40	41	7	27	46	25	24	27	11	12	48	36	50	43	46	40	27	37	44	30	
24	39	36	3	11	41	10	42	50	39	28	29	26	18	2	35	16	26	24	31	
34	36	15	50	42	27	13	30	20	42	46	16	4	26	21	50	18	37	34	49	
9	46	30	40	34	21	22	29	27	14	7	11	8	13	8	18	40	40	29	29	
3	33	42	13	14	22	42	11	5	36	12	27	40	17	41	45	23	33	37	32	
14	23	20	15	27	15	18	7	7	50	13	20	13	34	46	47	32	40	48	12	
2	2	45	25	4	20	15	24	46	16	17	28	8	47	17	32	18	12	27	19	
27	43	23	12	20	13	1	37	45	8	41	38	46	30	38	34	18	5	42	44	
36	31	16	36	4	16	48	9	11	41	15	31	7	1	13	4	4	40	9	39	
18	26	26	32	18	46	19	20	12	5	16	2	19	25	48	3	38	10	38	34	
9	38	35	12	50	6	16	50	6	19	6	22	11	1	47	41	47	46	32	2	
47	17	16	13	17	4	39	14	26	37	15	32	47	19	26	5	4	41	46	31	
11	48	47	26	29	45	48	6	37	2	9	44	26	23	9	4	31	11	5	14	
47	10	24	7	33	2	46	9	47	32	2	50	2	45	10	12	5	15	26	8	
On machine	15
6	42	19	1	47	2	33	39	20	36	2	5	4	17	49	2	28	35	23	47	
31	12	26	18	33	9	38	5	35	21	17	18	15	20	32	31	20	16	44	27	
44	22	49	42	17	17	42	15	9	50	23	2	22	24	24	4	12	2	33	14	
23	20	25	47	37	10	24	3	18	27	34	44	34	21	39	43	29	1	44	21	
46	9	46	9	48	44	23	49	37	5	45	44	4	16	7	32	25	16	40	10	
38	25	48	31	37	22	1	13	47	21	45	35	38	26	46	49	15	34	21	38	
14	33	29	3	41	31	9	15	22	8	25	33	27	4	19	16	11	12	15	50	
23	1	43	44	28	13	31	42	3	16	1	25	35	42	27	42	7	19	9	47	
4	41	15	45	6	22	16	32	7	10	35	23	36	26	35	43	38	13	29	29	
26	48	35	9	50	30	50	17	20	17	24	1	39	29	30	44	41	1	44	24	
38	33	30	11	11	31	7	4	1	18	20	47	26	3	45	10	31	4	46	29	
29	9	9	26	42	41	9	17	46	31	28	42	46	31	42	18	32	36	13	18	
43	36	36	17	15	36	24	9	40	38	33	32	39	28	4	11	4	44	32	42	
26	17	47	9	2	39	15	33	14	22	46	38	23	9	14	24	43	1	4	24	
6	7	48	23	40	25	17	17	45	37	9	38	18	43	48	5	3	36	30	40	
50	7	15	3	40	9	45	24	1	35	49	33	28	33	47	23	9	48	27	17	
14	31	24	49	18	15	48	21	7	20	37	14	24	37	4	45	40	24	21	44	
22	22	12	32	27	5	10	23	40	44	20	21	36	42	12	40	17	49	35	3	
36	20	5	19	36	26	11	8	30	26	22	6	21	46	49	18	39	43	46	28	
22	28	28	30	33	31	30	4	16	29	1	2	5	14	26	44	13	38	24	34	
On machine	16
42	18	29	5	40	41	2	3	42	33	8	46	18	27	9	16	19	7	4	37	
47	3	37	13	9	14	8	2	42	33	17	27	45	2	46	43	47	24	16	43	
11	27	1	24	40	36	2	35	23	48	12	46	37	23	27	3	19	13	32	26	
6	39	17	34	26	28	43	43	9	5	7	2	33	25	43	5	8	31	39	36	
50	31	20	25	5	16	1	15	18	35	30	13	47	49	3	39	23	30	14	42	
17	19	8	31	39	12	10	34	23	39	16	6	35	46	45	45	33	46	46	15	
18	37	3	31	41	3	11	17	49	40	18	43	43	24	27	10	3	50	36	34	
47	16	17	29	21	49	27	34	47	9	20	24	23	27	43	19	2	44	23	18	
47	6	4	13	36	19	18	41	46	6	49	16	34	36	14	1	30	12	22	9	
18	47	30	6	20	26	40	26	26	11	46	18	21	24	8	40	23	10	28	50	
15	27	19	15	36	23	16	25	16	42	9	29	31	38	8	32	4	22	7	43	
3	8	8	44	35	24	50	1	8	43	3	50	4	23	18	26	32	47	14	27	
40	23	17	9	13	24	50	14	49	37	8	16	19	25	37	39	19	3	38	1	
44	25	11	33	36	24	18	14	47	46	41	6	43	26	16	6	19	29	9	5	
22	19	45	33	16	13	14	29	26	17	13	47	40	27	5	48	41	4	35	23	
29	4	29	5	45	2	42	2	17	9	41	12	6	40	22	22	6	41	8	16	
20	27	42	41	18	9	8	31	13	25	47	32	28	9	50	3	9	19	18	14	
1	38	38	5	23	49	30	17	7	45	42	13	15	10	7	27	49	42	32	27	
11	44	6	48	36	10	7	41	10	25	4	40	28	19	27	5	28	44	46	29	
15	40	4	2	50	38	46	17	10	12	21	7	35	35	16	16	19	39	14	14	
On machine	17
34	2	48	47	19	38	24	26	1	6	2	40	6	10	24	42	8	17	13	1	
9	5	27	46	43	2	50	23	45	13	13	11	32	16	32	13	50	16	27	43	
37	35	32	7	33	35	2	32	19	20	3	10	48	25	16	45	11	1	35	48	
38	45	7	40	27	28	7	5	32	38	27	50	3	26	3	46	13	13	34	11	
5	32	44	14	24	4	29	45	8	4	35	8	36	50	12	36	7	33	14	46	
32	18	45	18	35	5	9	11	18	6	28	8	35	43	2	22	12	10	41	13	
29	45	34	45	21	3	1	41	39	9	13	34	48	42	27	22	40	36	24	13	
41	26	38	28	41	20	12	38	33	7	48	3	30	28	17	26	3	18	50	22	
34	1	48	24	41	7	19	31	27	10	45	9	27	49	42	16	45	47	13	4	
49	27	32	28	18	1	24	23	2	38	3	19	46	49	33	30	28	43	21	4	
8	3	38	23	6	20	38	22	1	24	49	20	6	34	42	9	4	32	47	18	
22	20	25	28	43	45	5	21	43	47	37	23	13	38	39	39	49	45	7	41	
6	17	12	24	6	7	20	7	46	37	16	14	36	42	2	3	36	11	20	41	
46	47	37	11	34	21	3	50	40	15	20	4	37	40	18	49	48	22	4	23	
17	13	12	42	21	25	37	41	48	21	32	41	24	36	1	30	35	11	21	20	
40	39	14	36	28	23	17	16	44	41	39	48	29	6	38	18	42	9	4	26	
14	29	22	14	10	26	5	36	30	8	8	24	24	19	1	34	31	30	31	38	
14	40	23	35	45	46	48	36	45	48	49	37	12	6	35	41	33	25	33	22	
27	36	9	7	26	11	24	35	6	38	18	17	9	9	40	38	50	25	34	49	
38	46	17	3	3	4	25	13	32	24	37	43	10	27	27	6	25	36	1	38	
On machine	18
22	41	20	12	7	7	41	38	12	23	26	45	38	40	42	18	2	40	8	10	
5	29	4	22	27	19	17	18	28	43	32	11	31	31	3	42	49	21	37	23	
42	47	1	41	44	14	12	48	25	1	45	19	16	45	27	12	2	9	36	42	
5	2	7	45	9	16	49	14	50	9	3	25	27	38	30	41	29	1	15	28	
13	33	44	18	6	44	2	17	21	14	27	23	20	12	47	28	47	6	45	27	
42	40	32	41	19	6	50	9	11	20	28	41	36	20	19	26	8	13	7	21	
16	34	6	27	32	41	1	15	44	37	46	37	48	34	45	2	12	20	32	48	
24	1	48	39	25	40	36	5	36	4	13	11	12	14	23	45	42	17	14	24	
14	33	30	39	37	25	9	40	15	38	23	3	44	42	39	32	40	9	30	2	
49	19	22	33	32	34	48	6	19	40	21	42	45	13	9	5	38	15	13	45	
27	44	18	8	39	5	23	23	20	38	8	42	48	24	26	42	39	22	2	17	
20	20	41	18	40	48	32	30	11	20	16	18	31	10	50	21	43	20	36	20	
12	5	46	25	47	3	17	29	11	22	32	23	15	21	50	38	15	42	35	48	
24	24	30	15	14	20	6	27	50	31	3	4	28	18	4	4	23	37	44	47	
4	44	14	11	22	17	24	29	22	26	6	18	44	39	21	47	14	42	42	14	
46	32	5	18	23	37	34	9	45	21	4	3	17	47	16	24	36	5	43	43	
35	34	21	23	12	46	23	50	43	43	2	13	33	14	22	5	14	20	17	43	
13	39	37	49	11	21	8	29	26	7	22	25	17	16	39	20	50	41	23	22	
14	3	45	29	22	19	38	24	30	41	11	34	17	32	47	20	26	39	43	35	
28	48	33	39	11	20	45	8	39	33	14	13	26	3	39	41	2	3	9	17	
On machine	19
25	4	40	49	50	14	28	17	13	8	33	26	37	17	30	26	35	24	21	7	
42	3	6	13	47	26	36	34	22	40	40	21	35	47	47	15	26	9	41	41	
35	30	2	21	26	36	6	17	7	27	23	44	27	8	13	41	20	46	39	18	
30	50	29	44	7	42	29	29	37	27	35	4	49	27	19	21	45	45	6	34	
21	5	41	42	15	5	3	2	14	29	42	10	50	21	2	6	14	24	24	48	
9	24	48	12	5	33	17	43	25	45	14	21	30	35	34	26	47	36	11	45	
31	49	5	50	15	5	46	10	26	45	14	36	23	43	32	37	3	34	34	50	
7	37	14	1	16	10	1	12	49	8	47	24	30	50	43	5	8	22	28	43	
38	4	26	14	9	20	47	45	32	47	28	43	9	25	43	48	25	22	42	12	
20	6	17	34	18	39	39	31	17	21	8	6	11	2	2	26	42	44	21	13	
47	19	27	33	30	24	27	13	14	29	9	20	41	4	38	46	27	22	49	37	
47	34	10	48	13	4	40	25	21	18	35	4	11	34	43	20	43	50	10	5	
15	1	10	44	2	37	39	17	22	6	45	32	13	29	48	37	27	5	4	39	
44	28	40	8	34	21	28	43	2	1	8	5	25	46	36	47	37	23	42	16	
39	31	5	6	39	16	4	35	12	5	31	31	36	9	40	2	37	44	2	33	
23	7	36	20	49	35	19	17	11	30	1	17	33	14	26	46	48	13	12	43	
38	13	44	28	14	46	43	24	34	29	37	13	49	48	33	47	7	2	21	31	
49	26	9	3	31	11	24	8	19	12	30	3	22	8	35	28	44	36	24	34	
21	22	29	12	33	18	5	37	30	50	31	39	22	7	12	10	43	23	35	11	
48	9	48	48	7	16	34	17	1	26	33	34	2	49	22	15	10	29	12	39	
On machine	20
7	47	3	37	43	24	24	21	4	32	32	45	22	47	46	1	33	30	37	12	
6	34	2	30	44	3	15	17	38	40	36	3	25	10	10	39	38	3	31	6	
10	7	7	21	42	34	22	7	32	6	13	29	7	21	16	7	7	22	11	2	
41	7	40	20	32	5	33	19	27	9	36	40	22	28	7	14	18	45	9	41	
33	20	36	31	47	49	17	19	15	13	50	11	3	7	30	6	36	28	37	24	
29	21	48	28	9	28	30	33	41	4	46	29	27	42	10	1	14	44	28	15	
3	17	6	26	50	13	44	39	42	28	22	25	19	47	11	43	1	35	12	15	
25	50	7	24	31	45	16	32	9	50	15	48	32	20	8	20	24	45	41	12	
31	31	24	3	35	13	23	2	29	29	40	35	37	37	20	50	23	47	49	5	
7	43	8	46	10	10	4	41	27	41	32	34	32	18	37	42	28	45	18	13	
10	20	24	46	14	38	30	28	45	3	13	11	50	31	26	45	6	37	30	8	
3	40	3	47	45	49	4	37	27	33	47	21	12	2	7	22	10	19	7	30	
1	30	42	29	21	18	9	37	33	21	5	18	44	23	18	5	42	33	20	21	
20	50	36	33	46	35	5	26	20	17	35	37	17	12	43	17	30	13	47	40	
15	45	7	21	19	46	34	37	31	10	38	19	25	16	11	42	35	27	50	49	
20	32	5	24	5	31	28	32	36	18	1	43	23	40	26	10	25	22	25	41	
18	8	8	30	5	36	19	3	9	17	15	2	45	47	11	17	3	3	43	44	
8	20	20	12	4	6	11	1	5	19	37	10	37	45	21	42	1	32	23	25	
35	11	6	6	44	10	47	5	21	10	36	15	6	6	7	18	2	24	12	19	
11	1	34	41	2	45	5	36	32	19	47	25	16	49	17	6	25	37	14	30	
