Factories	2
Families	20
Machines	40
SetupType	2

Number of Jobs in each Family
2	5	3	3	10	2	1	2	5	3	9	1	2	6	9	4	1	2	6	5	

Jobs in each Family
0	1	
2	3	4	5	6	
7	8	9	
10	11	12	
13	14	15	16	17	18	19	20	21	22	
23	24	
25	
26	27	
28	29	30	31	32	
33	34	35	
36	37	38	39	40	41	42	43	44	
45	
46	47	
48	49	50	51	52	53	
54	55	56	57	58	59	60	61	62	
63	64	65	66	
67	
68	69	
70	71	72	73	74	75	
76	77	78	79	80	

Total number of jobs
81

Processing times of jobs
3	3	5	1	3	4	2	9	4	10	1	6	10	1	6	1	3	2	1	9	8	10	5	8	4	6	2	1	10	9	6	4	8	5	8	10	8	8	3	5	
1	1	5	3	10	7	4	1	5	5	8	2	8	7	1	2	10	1	7	7	8	9	10	8	7	3	5	9	6	7	9	6	10	9	7	3	10	7	5	4	
1	3	7	4	1	4	1	10	8	1	1	6	3	7	4	2	2	7	6	2	6	3	6	9	9	7	10	9	4	4	8	6	7	3	1	3	1	9	8	2	
6	10	8	1	1	3	3	2	9	10	7	2	1	10	3	3	2	2	4	5	5	10	2	1	6	3	10	3	8	2	8	7	5	1	6	1	2	7	2	5	
10	1	9	5	6	4	1	9	3	2	1	6	10	10	4	4	1	7	6	7	4	5	4	4	8	2	2	4	2	7	1	8	2	3	5	7	9	5	4	8	
9	8	10	6	10	2	8	3	4	9	4	7	3	2	10	4	4	8	2	3	7	9	6	6	5	3	4	4	10	9	4	9	3	8	9	4	9	3	8	5	
6	8	10	10	3	5	2	4	9	3	1	2	5	4	7	8	2	3	7	9	6	9	1	8	6	8	1	1	10	3	10	6	9	6	2	7	4	7	5	1	
8	4	1	6	1	10	8	4	10	5	5	6	2	7	2	6	4	10	10	7	6	5	10	6	8	10	4	5	1	10	5	8	3	3	4	9	8	3	7	9	
4	10	1	2	6	8	7	8	7	10	8	1	3	1	4	4	8	5	5	3	7	8	8	4	6	7	3	8	5	3	6	3	6	2	6	1	3	5	10	5	
4	4	8	9	2	7	6	1	3	9	10	4	3	9	7	10	5	10	6	8	10	10	1	2	4	8	1	2	6	7	6	6	6	2	4	10	1	7	5	5	
10	1	7	9	9	7	4	2	5	7	9	6	1	4	4	1	8	7	10	6	5	1	8	4	4	5	7	8	1	1	6	2	8	10	6	5	9	6	1	9	
8	10	3	1	1	3	1	1	2	4	5	10	1	9	10	6	10	5	9	10	3	5	5	9	5	3	3	2	2	4	9	4	8	8	8	3	1	7	1	1	
6	2	1	7	5	1	10	3	8	5	6	9	3	3	2	2	2	9	5	7	9	5	9	6	6	1	2	7	2	6	9	8	8	3	9	8	3	1	9	8	
6	10	7	6	1	6	4	6	2	6	1	9	8	4	7	4	5	5	4	5	6	7	1	10	10	2	6	4	8	4	5	3	6	5	6	6	6	10	9	2	
5	9	3	9	10	5	5	7	3	4	8	10	8	10	9	1	10	3	2	5	1	8	4	7	6	1	10	8	5	7	3	5	8	10	9	6	10	4	6	4	
1	4	1	4	1	7	2	6	7	3	5	2	4	7	10	9	6	6	1	5	1	7	7	4	4	5	7	9	10	1	4	1	2	6	5	2	1	8	6	9	
10	8	7	9	5	5	10	10	6	3	1	3	7	8	9	5	7	10	9	7	5	8	3	1	2	3	2	7	4	3	9	1	6	3	6	10	9	10	1	5	
4	3	1	3	1	10	1	3	7	5	2	8	10	5	7	8	9	1	3	7	9	2	5	7	9	7	4	4	5	6	1	4	3	10	1	2	5	5	6	8	
3	6	9	1	7	6	9	10	8	3	10	7	7	7	3	7	9	2	1	2	10	8	6	6	10	3	5	5	10	7	2	7	2	9	10	10	7	6	9	6	
8	1	4	1	4	7	8	7	1	3	8	8	2	10	2	3	2	6	3	9	1	9	2	10	7	2	9	5	7	1	5	1	10	3	1	8	6	10	2	4	
10	8	4	2	5	9	2	4	7	1	10	9	8	9	2	10	10	6	3	7	3	10	9	3	3	5	9	2	1	7	9	8	10	3	7	9	3	8	7	5	
5	8	9	6	4	6	8	4	1	9	6	3	6	1	3	4	9	5	5	4	7	8	1	10	10	9	1	3	2	1	4	7	9	7	2	5	2	7	5	5	
6	6	10	1	10	9	6	9	4	5	1	9	5	2	3	5	5	6	5	1	4	6	4	9	10	5	3	8	9	6	3	8	3	2	6	9	4	4	1	2	
9	8	9	4	6	2	8	1	9	6	5	4	1	3	10	4	10	4	6	4	3	3	3	5	2	9	10	4	3	1	9	4	1	8	6	4	10	2	10	8	
7	3	1	1	7	10	1	9	4	5	4	5	10	5	9	5	7	9	1	6	3	4	2	6	9	6	4	5	3	3	7	4	4	5	8	1	2	2	8	2	
9	3	2	9	3	5	1	1	2	7	7	10	7	4	4	9	3	3	9	8	9	7	1	7	2	5	10	9	9	6	8	2	8	10	6	3	3	3	2	10	
9	6	6	5	5	7	6	2	1	5	6	9	1	8	8	2	2	5	1	4	1	4	5	3	3	6	10	8	9	8	8	3	9	8	7	4	4	8	10	4	
9	4	9	5	9	1	3	8	3	4	10	8	5	7	7	5	10	7	2	6	5	8	7	7	7	4	10	4	1	5	4	10	7	9	5	2	1	10	3	7	
9	4	9	8	9	7	5	7	10	5	3	2	9	7	8	7	10	2	5	6	8	2	7	9	9	5	10	5	2	5	6	2	6	8	7	5	10	10	3	6	
4	7	3	4	10	9	1	10	6	6	1	9	10	5	5	7	8	6	8	7	5	4	4	7	5	4	4	2	8	2	1	9	7	2	8	1	1	10	4	1	
1	8	6	6	4	4	1	5	7	9	8	2	4	9	6	6	5	4	8	2	5	9	10	7	7	8	3	1	7	4	6	6	8	4	6	7	6	4	3	9	
7	8	6	1	3	5	10	5	3	1	4	4	1	2	4	2	5	6	4	9	5	2	9	2	10	6	6	3	5	4	1	5	10	7	9	6	5	2	4	9	
6	9	10	7	1	1	3	8	4	10	2	2	5	10	10	8	6	1	3	2	8	8	4	7	2	4	5	6	2	5	5	2	6	3	8	10	1	9	2	3	
8	4	3	4	3	5	3	9	10	9	3	4	1	9	6	3	10	5	10	1	6	6	1	7	1	3	9	2	9	9	4	6	7	2	3	7	6	8	6	10	
1	7	10	2	10	1	5	8	9	8	5	8	7	2	9	8	4	8	6	7	8	7	5	9	4	3	3	8	1	1	10	6	6	4	6	9	2	2	4	4	
10	3	8	4	6	3	1	2	8	10	1	4	5	1	3	6	4	5	1	3	10	2	1	10	9	8	7	5	10	6	10	8	8	6	5	8	6	1	3	4	
9	9	8	6	6	7	8	7	3	7	4	9	2	1	4	3	9	9	8	7	7	7	1	7	7	6	5	3	3	8	6	9	8	1	5	8	4	7	10	5	
2	3	4	9	8	4	7	9	8	1	8	5	2	1	5	5	7	1	2	7	5	3	10	10	6	10	2	1	10	4	8	6	2	6	9	10	4	4	8	7	
2	8	9	7	3	7	8	4	1	7	2	7	8	8	5	10	9	5	6	9	2	7	1	1	2	10	8	3	2	2	2	5	2	5	3	8	4	3	10	9	
2	2	6	1	3	4	8	10	4	2	4	3	8	6	1	2	8	5	1	9	7	2	1	3	10	8	5	5	2	6	4	1	10	8	2	8	8	10	4	2	
3	4	10	1	1	4	10	8	2	5	2	3	1	1	1	8	8	9	3	1	2	7	3	8	4	3	3	2	3	8	4	3	7	3	10	4	6	1	5	10	
9	10	6	10	10	7	9	9	4	1	3	3	6	8	3	2	5	1	1	8	5	2	6	3	7	10	6	10	10	5	2	7	6	5	10	6	4	4	7	10	
1	4	8	9	1	7	4	4	1	1	6	9	5	2	2	10	7	1	3	6	4	8	9	2	2	10	2	4	8	8	3	4	10	6	9	5	2	10	6	6	
2	1	7	1	5	10	8	1	2	4	8	9	10	4	1	8	1	10	4	3	4	8	6	7	7	5	5	2	9	3	10	3	7	6	10	1	6	9	10	1	
7	5	5	4	6	4	6	6	8	1	8	8	3	6	8	2	3	2	5	8	3	3	1	6	3	2	4	3	10	8	5	8	8	7	4	8	9	6	1	4	
1	2	8	8	2	9	6	1	5	1	4	2	10	2	3	8	7	10	3	6	10	3	5	10	5	6	7	1	2	7	6	1	1	7	5	4	10	1	2	5	
1	8	3	3	9	10	6	8	6	2	9	2	9	1	4	6	4	9	1	6	9	6	7	6	3	5	10	3	5	5	6	1	6	8	1	8	1	8	2	10	
4	7	5	6	5	8	2	6	7	9	4	5	9	1	3	6	1	2	1	4	7	7	3	5	10	9	1	4	10	6	10	7	9	1	7	7	3	8	6	9	
9	2	4	1	9	10	4	6	8	3	8	2	8	9	7	8	10	9	5	5	9	8	4	1	8	9	7	10	10	1	10	8	5	4	8	4	5	9	10	1	
2	2	7	9	2	2	8	2	5	8	9	6	3	6	2	8	2	5	6	2	6	3	6	4	4	7	1	10	10	10	6	4	4	2	9	10	9	3	1	10	
9	10	1	9	10	9	9	5	5	4	4	5	10	4	9	10	1	9	7	7	5	6	6	2	9	5	3	8	4	8	3	2	9	2	8	9	6	3	4	6	
4	4	1	6	3	7	6	9	8	5	8	4	10	6	8	4	7	2	9	8	10	2	4	9	2	1	4	6	1	6	7	5	10	9	4	3	1	4	3	2	
5	4	7	7	10	10	5	4	3	8	7	1	2	5	10	6	2	3	1	3	2	1	4	8	3	5	7	3	1	10	2	1	10	8	4	8	2	1	3	7	
2	4	9	9	8	9	1	2	1	9	2	5	5	8	3	6	10	8	7	2	1	2	2	5	2	8	5	6	4	9	7	10	4	5	3	1	5	4	3	4	
10	7	4	5	4	3	2	7	10	3	2	3	8	8	9	10	2	4	2	3	10	10	7	4	2	7	2	9	9	4	9	9	8	1	3	10	2	10	1	6	
3	5	4	1	5	6	7	10	1	8	4	8	7	10	7	2	1	7	5	6	5	5	2	10	8	9	1	6	6	5	2	1	2	2	10	10	4	1	8	6	
1	10	2	6	10	7	4	8	7	7	6	6	8	5	8	3	3	5	5	8	4	9	9	1	4	7	10	1	4	10	3	7	6	2	7	6	4	2	4	9	
1	7	7	10	8	10	1	7	7	5	1	3	2	9	8	3	9	4	9	4	2	1	3	7	5	1	8	9	9	1	8	7	5	9	1	7	2	2	7	9	
6	5	5	4	1	9	3	4	9	1	3	2	10	7	6	8	9	1	8	1	5	1	2	9	10	5	6	8	6	2	3	4	9	8	5	4	4	10	1	9	
9	2	4	1	4	10	8	7	10	1	10	3	10	5	4	7	9	5	2	4	5	10	10	9	9	4	4	6	8	10	7	6	8	9	7	10	3	4	1	4	
5	10	1	8	4	5	1	2	8	3	6	9	10	6	10	9	10	5	1	1	10	3	7	6	3	10	10	6	6	1	10	10	9	10	8	3	7	3	7	5	
10	9	6	2	1	2	5	3	3	3	6	8	2	5	7	1	2	10	3	8	8	3	6	6	9	3	3	4	5	3	4	9	9	3	1	6	7	8	3	9	
3	10	3	8	8	8	6	6	8	9	5	7	4	4	9	1	7	3	8	5	6	9	9	7	2	10	1	10	1	2	1	2	8	6	2	9	7	4	10	3	
2	6	6	1	4	8	5	4	1	4	4	8	8	2	6	5	8	8	6	5	5	6	8	6	3	5	10	8	6	4	5	7	4	4	4	3	10	4	10	10	
8	5	9	5	4	3	7	2	3	7	5	4	4	1	9	3	5	4	6	4	2	10	10	3	3	5	10	3	5	6	9	10	7	3	1	7	5	8	3	10	
6	9	8	2	2	3	5	6	8	9	10	8	5	1	3	5	9	7	4	6	8	9	8	6	7	2	1	6	2	6	6	3	10	6	5	6	2	6	1	6	
7	9	10	9	9	4	4	4	10	1	7	2	1	2	1	3	2	9	6	9	1	1	3	6	5	6	7	1	9	8	8	1	6	4	8	8	2	3	8	2	
5	10	9	8	3	5	5	6	1	2	8	4	9	5	8	10	2	1	7	3	3	7	3	1	2	7	2	8	8	6	7	10	2	2	2	7	5	8	10	8	
8	1	8	1	6	8	3	1	10	4	3	1	1	3	7	9	10	8	1	5	5	9	8	8	7	8	9	3	1	3	5	10	10	8	1	5	4	4	9	7	
1	9	9	2	10	8	8	1	2	5	6	4	5	6	5	1	4	10	8	7	8	8	6	1	6	5	4	1	3	6	8	1	10	2	7	5	6	6	10	6	
3	3	1	9	4	6	2	2	6	6	4	9	5	6	5	4	2	9	5	3	10	10	3	10	7	1	1	1	3	2	7	10	7	10	4	6	4	3	2	4	
4	4	9	10	2	3	3	8	1	6	5	5	7	3	8	10	1	2	8	9	3	2	2	1	5	5	6	6	8	3	7	6	1	10	5	4	9	1	6	8	
9	9	4	2	6	6	5	8	9	1	5	10	2	3	8	2	10	3	1	6	1	8	7	9	7	6	7	8	9	8	3	4	1	5	10	2	6	7	7	1	
5	6	6	9	10	8	3	10	6	8	1	10	6	10	1	10	2	8	5	1	5	8	2	1	10	6	8	8	10	10	10	8	10	5	1	5	1	5	9	7	
10	4	5	6	7	1	4	1	9	6	7	2	2	5	3	6	10	4	6	1	6	7	4	10	4	9	8	10	5	8	2	1	3	9	1	5	4	5	7	3	
5	3	4	10	5	1	5	2	4	5	2	6	3	4	8	5	6	8	8	5	4	2	7	1	7	7	8	5	2	8	9	9	8	3	2	7	10	4	10	2	
3	1	5	6	8	8	6	9	1	7	8	9	6	1	2	1	3	10	10	3	4	8	5	8	3	8	3	8	3	8	4	7	1	4	3	2	5	6	2	5	
1	1	2	9	7	4	5	6	6	6	1	5	6	5	8	9	9	10	6	5	7	4	10	2	7	6	4	5	4	8	9	3	9	6	2	2	1	9	3	9	
8	10	6	1	1	8	9	3	10	3	3	1	1	8	7	5	2	6	9	1	6	9	8	4	4	10	10	6	7	7	7	1	4	10	9	9	4	7	5	3	
3	5	1	2	3	5	10	9	8	6	4	9	8	7	9	9	10	6	6	2	8	10	3	7	3	8	4	9	8	2	6	1	1	4	6	5	10	4	4	9	
3	10	2	6	5	8	4	3	6	1	7	8	9	2	1	7	3	4	6	8	3	3	8	6	8	1	2	3	3	6	6	4	6	2	3	3	2	10	7	5	

Stepup times between Families, where [f][f] represents initial setup time
On machine	1
21	39	22	47	34	37	50	20	50	44	29	13	1	30	25	47	19	14	50	30	
26	48	3	9	38	18	15	33	25	21	6	32	5	45	15	41	49	45	10	42	
35	30	1	31	47	50	12	17	39	46	14	5	26	6	2	35	16	30	21	13	
36	38	35	1	8	37	24	11	31	3	1	48	21	8	35	6	28	12	22	17	
38	13	29	48	32	3	42	1	32	2	11	8	12	31	48	44	3	49	6	40	
21	7	11	28	39	8	39	1	25	10	21	40	18	22	47	44	26	35	9	36	
14	9	37	21	26	25	46	18	17	13	41	3	41	34	23	41	31	31	40	21	
32	35	7	9	42	47	4	21	34	29	43	49	2	3	38	43	28	13	30	42	
11	45	43	31	22	15	16	22	17	5	23	9	42	43	4	19	13	11	45	14	
31	33	20	36	31	9	7	40	13	49	39	21	22	5	13	44	9	24	32	46	
47	13	7	4	35	40	18	23	36	18	44	14	12	20	19	16	29	50	20	17	
4	23	33	4	48	9	39	5	24	7	35	46	29	50	46	48	44	14	44	47	
19	19	17	4	8	18	22	20	20	8	45	21	37	21	8	12	15	18	28	33	
16	2	11	14	35	10	13	8	22	3	11	8	24	38	31	41	6	16	47	15	
7	7	48	23	7	15	27	24	14	6	42	21	30	1	27	29	49	3	21	24	
7	41	19	45	35	40	40	39	6	4	50	12	50	12	19	18	37	6	45	9	
26	2	9	3	6	11	43	14	13	38	20	45	46	49	8	9	48	43	18	33	
6	21	7	8	46	22	45	7	49	45	49	13	11	15	30	23	29	36	33	28	
1	23	40	45	27	9	31	37	23	13	40	3	45	5	45	30	28	5	25	1	
38	32	13	1	12	32	25	43	44	29	28	42	12	13	20	1	23	38	16	42	
On machine	2
14	14	4	34	40	27	45	42	44	42	19	32	30	50	49	31	26	28	2	3	
9	10	43	17	25	18	36	18	31	35	9	45	15	30	9	4	39	5	8	31	
21	31	47	7	46	47	21	37	33	43	34	34	8	50	50	18	31	25	12	8	
43	46	41	40	24	4	9	44	49	25	6	46	30	50	27	25	49	3	29	22	
24	12	2	6	24	31	35	4	14	20	45	36	46	35	50	44	25	49	24	31	
23	19	29	36	18	11	50	5	33	48	12	19	34	4	6	28	46	4	42	24	
4	23	36	12	23	49	23	49	36	43	15	27	9	5	20	48	47	24	25	30	
19	9	27	48	9	7	48	4	13	49	33	18	24	2	6	37	34	45	4	5	
49	45	26	5	32	30	11	47	3	1	16	49	24	14	49	2	23	22	32	44	
19	49	4	13	13	41	43	33	34	37	19	35	39	31	6	11	13	23	16	28	
41	48	39	43	24	4	9	17	47	13	50	12	29	50	43	30	32	9	3	47	
38	32	33	20	3	43	9	32	32	16	24	5	34	24	12	10	25	23	5	36	
10	14	13	32	42	49	2	48	7	34	4	50	42	38	50	46	21	3	37	44	
17	20	41	33	7	33	8	27	29	12	11	25	7	7	22	19	28	22	41	18	
43	49	8	5	36	45	37	43	16	17	15	34	23	29	40	10	10	34	37	40	
44	41	11	41	41	4	25	26	44	13	20	31	21	17	18	31	19	43	22	12	
5	39	5	41	15	19	37	41	7	30	7	40	12	20	18	31	26	2	44	2	
14	16	19	22	33	50	6	3	22	36	47	49	2	8	3	32	40	34	12	4	
6	23	3	25	3	15	25	18	22	11	21	13	3	21	24	12	18	44	46	24	
50	46	43	1	14	8	28	48	1	28	20	32	5	17	42	14	43	32	32	47	
On machine	3
18	42	31	22	8	18	4	35	8	8	50	50	40	23	26	27	9	42	50	1	
32	46	29	38	20	29	46	36	42	6	25	22	15	22	39	26	17	47	14	26	
31	49	49	12	38	21	2	8	20	25	9	46	29	22	1	4	10	42	21	27	
1	5	7	34	21	41	11	36	48	49	1	31	44	29	11	1	2	23	41	33	
2	25	32	43	1	11	11	3	10	8	46	44	35	28	20	35	45	41	19	33	
32	40	25	4	13	19	38	28	35	45	38	31	11	8	15	47	13	4	9	33	
35	38	1	21	19	9	42	35	36	26	33	41	24	44	36	4	16	25	23	14	
18	2	4	7	10	35	23	16	29	49	45	17	11	32	36	33	5	11	5	13	
40	38	15	19	11	9	37	48	27	37	41	36	9	9	7	21	10	37	12	33	
8	34	40	33	43	2	7	44	43	16	8	28	14	28	10	25	22	5	34	44	
13	7	40	31	15	46	47	24	47	10	36	23	1	39	17	36	11	8	49	25	
42	2	6	40	9	49	49	18	17	48	19	41	7	21	20	21	49	7	32	6	
40	31	36	18	40	34	6	35	28	12	10	7	7	48	7	21	5	23	4	50	
46	36	37	27	45	49	50	25	5	5	19	5	11	26	26	39	2	13	1	47	
29	24	18	23	21	48	19	50	28	49	27	48	12	35	3	33	50	41	36	32	
22	32	3	38	5	5	21	48	20	28	4	15	18	2	37	20	9	9	40	11	
47	43	11	27	20	8	3	45	35	13	4	37	49	29	32	6	17	8	5	16	
30	38	17	5	20	39	21	48	13	9	35	47	25	5	4	26	42	15	23	40	
42	15	18	49	30	22	26	29	11	41	50	21	23	7	12	6	43	37	27	14	
47	5	8	40	23	15	16	30	45	37	7	39	24	10	7	25	39	2	37	35	
On machine	4
44	12	15	30	3	45	17	14	20	3	28	16	42	19	49	34	10	38	16	23	
6	33	31	32	13	28	8	22	27	25	6	27	48	41	10	34	5	12	11	18	
14	28	37	48	3	23	33	38	34	2	10	36	30	45	42	36	20	15	27	13	
5	43	13	31	6	32	33	16	38	32	41	12	49	12	36	35	48	21	37	27	
7	18	5	38	31	15	39	39	32	15	4	17	48	12	2	32	23	38	33	33	
10	47	10	31	10	25	9	2	8	35	13	13	16	30	27	4	25	18	46	8	
15	38	35	42	40	3	42	18	2	25	32	48	20	31	24	36	44	18	27	41	
5	16	27	48	28	17	8	4	15	7	1	29	46	11	49	35	46	30	18	39	
21	47	4	49	30	23	24	43	9	40	16	4	10	30	2	9	3	49	13	28	
4	24	13	33	32	41	15	35	23	46	4	19	26	16	24	31	15	9	22	41	
10	27	18	34	36	46	46	32	48	38	12	42	37	4	30	37	5	18	21	23	
41	17	10	50	3	50	8	12	42	10	48	30	42	24	48	48	9	28	3	22	
14	36	31	50	4	33	36	2	29	49	7	18	47	42	49	21	46	29	1	20	
23	29	21	31	15	29	40	38	14	9	21	46	45	33	25	1	25	15	46	11	
25	22	33	13	33	17	19	43	35	49	11	4	19	34	27	24	49	38	29	31	
36	19	33	43	50	36	43	47	47	32	4	23	30	23	29	29	22	42	40	18	
7	23	40	5	29	25	42	44	47	13	9	35	48	20	28	28	46	11	49	33	
27	2	14	19	7	22	44	8	11	42	50	35	11	27	31	39	37	35	10	20	
48	32	18	46	22	7	12	2	29	43	31	27	4	7	9	39	13	5	49	13	
10	28	8	30	8	20	32	24	50	43	24	17	43	3	39	50	42	40	45	28	
On machine	5
41	36	43	7	41	44	35	28	16	6	34	2	41	46	26	7	2	48	20	27	
39	17	5	30	31	18	20	40	33	46	41	42	3	39	9	36	46	11	9	7	
30	8	23	6	21	3	2	16	44	48	3	32	2	18	37	23	40	35	14	50	
20	33	49	35	26	50	26	23	25	1	23	37	16	25	13	31	46	7	36	7	
46	46	47	2	18	8	44	19	26	29	11	5	1	42	6	24	23	2	23	30	
11	11	15	37	43	22	2	37	18	16	2	13	30	31	45	2	3	31	18	30	
42	2	17	23	5	29	35	48	11	23	20	15	47	17	30	48	9	30	26	26	
41	2	39	50	16	23	27	25	30	13	22	30	31	12	29	39	39	50	9	40	
40	42	3	37	21	13	16	37	9	25	40	27	10	19	40	28	15	43	21	38	
38	30	21	12	1	25	45	38	5	25	43	37	20	39	14	2	34	21	6	44	
28	39	36	4	16	21	4	33	35	9	28	46	1	22	34	45	21	13	33	3	
32	24	2	2	40	7	46	1	47	17	4	32	34	12	7	49	41	12	47	20	
26	24	36	46	38	29	16	38	22	10	30	31	9	50	19	39	15	38	46	35	
16	24	50	7	38	22	19	46	19	42	7	6	7	22	35	27	9	41	10	8	
28	48	46	7	42	21	19	21	7	7	48	29	9	11	5	47	45	42	22	14	
8	30	21	26	15	35	2	49	5	13	27	13	41	12	7	40	42	18	8	36	
39	23	38	32	39	36	47	39	21	30	21	36	40	6	1	31	38	43	33	15	
27	47	46	33	28	32	26	14	1	25	14	7	28	41	8	50	48	32	26	42	
46	23	22	29	18	21	9	5	25	14	43	2	39	13	38	41	47	22	39	2	
42	41	19	34	34	14	48	46	34	19	45	6	11	13	19	38	47	22	28	8	
On machine	6
19	25	38	25	32	27	37	33	18	44	47	18	26	12	4	22	18	50	3	38	
15	31	10	39	16	19	25	33	16	22	44	43	6	37	4	9	25	9	21	10	
7	44	42	36	49	34	10	34	45	34	26	7	46	34	45	42	41	9	26	36	
8	16	10	36	36	48	18	35	32	39	13	35	9	16	32	33	30	18	9	42	
13	50	49	37	49	45	13	17	26	22	38	50	49	16	22	50	20	15	8	44	
12	1	47	25	26	2	48	46	37	26	45	5	12	34	14	19	5	10	12	47	
26	20	18	13	43	31	4	28	32	30	7	12	2	8	3	5	29	10	40	19	
47	15	48	43	47	2	42	22	23	42	11	32	35	6	10	38	42	20	41	31	
18	1	17	44	34	6	36	41	43	50	24	34	47	45	33	15	31	18	49	17	
8	21	32	20	48	12	41	16	21	41	49	50	42	20	42	1	3	23	18	4	
9	45	25	36	24	41	21	21	7	16	13	21	24	10	47	10	18	1	29	22	
23	35	34	27	43	23	23	50	10	37	42	26	25	31	18	5	2	7	50	34	
11	42	3	36	33	33	3	13	9	21	40	45	47	8	1	49	39	34	38	50	
23	40	22	11	7	14	48	32	7	1	48	3	44	40	7	43	7	18	28	27	
32	50	31	27	37	12	29	42	27	22	35	16	4	10	4	36	11	30	12	46	
25	41	43	31	29	24	14	42	10	22	7	26	6	32	42	35	35	21	32	39	
48	23	13	37	24	35	9	22	5	17	29	50	16	17	49	15	8	3	4	47	
8	34	46	23	33	45	36	41	10	20	10	50	37	38	12	12	18	39	25	26	
3	39	38	7	38	44	19	25	12	3	23	21	4	46	15	8	8	47	27	30	
9	9	17	22	22	2	2	28	48	46	44	17	31	34	12	36	12	10	40	4	
On machine	7
1	16	36	9	33	47	9	8	16	30	31	40	39	5	25	42	49	13	30	15	
3	9	43	1	23	31	46	12	1	45	38	35	50	14	49	41	26	5	40	44	
11	35	37	34	2	11	27	42	36	21	40	38	36	14	38	42	13	30	36	35	
46	50	25	27	42	7	34	39	5	24	42	41	4	16	35	31	30	23	36	41	
13	39	31	26	10	32	45	47	24	43	34	12	1	7	12	28	39	31	32	2	
23	22	17	50	50	47	35	11	1	5	18	33	42	46	25	28	15	30	19	10	
13	2	26	24	14	45	21	12	32	24	24	32	42	35	2	45	19	46	34	38	
49	21	43	19	42	22	10	35	21	9	17	2	9	33	17	44	28	45	20	9	
5	5	43	6	23	27	26	9	23	1	15	43	42	49	31	41	48	28	11	12	
25	34	35	16	42	14	20	33	32	49	48	21	39	10	6	10	1	16	17	14	
21	30	49	20	22	17	9	32	35	24	8	48	20	5	33	22	48	21	45	12	
25	20	1	11	41	41	20	4	24	48	21	39	30	49	6	46	27	3	38	33	
43	50	15	39	9	1	47	40	46	46	44	40	34	16	25	15	15	30	44	19	
3	37	9	22	33	26	14	50	25	14	50	21	4	48	33	38	8	33	45	41	
13	15	35	18	13	46	19	6	40	25	21	14	22	12	1	6	38	28	19	3	
43	26	13	21	15	26	3	22	10	1	33	29	37	49	5	22	14	34	2	18	
11	26	16	19	18	17	21	10	31	31	1	50	4	11	13	27	31	22	13	42	
36	12	23	17	39	4	32	17	16	3	32	11	12	45	31	20	48	14	14	43	
46	2	31	46	9	9	43	6	37	8	11	23	20	10	9	44	12	1	10	41	
8	26	17	28	28	46	20	16	18	43	28	22	39	20	13	48	18	42	13	36	
On machine	8
30	36	25	32	4	21	7	20	46	27	38	10	24	38	37	28	34	6	7	9	
29	48	29	37	34	46	39	41	25	46	37	34	32	11	7	24	29	36	1	31	
46	1	33	11	11	28	21	21	2	19	35	40	42	2	4	33	31	3	3	49	
47	7	14	8	29	33	42	14	28	11	32	37	7	40	17	37	25	30	23	43	
15	26	19	46	45	42	10	17	6	5	36	21	29	11	50	39	4	36	23	5	
16	1	39	38	3	12	14	24	39	47	15	5	17	6	44	16	43	26	7	50	
31	25	24	12	15	9	14	48	30	2	8	43	27	10	4	23	23	16	35	33	
14	11	4	9	49	11	25	49	10	41	9	19	25	34	1	1	8	49	3	33	
9	15	29	31	19	29	37	25	46	50	28	26	42	3	36	12	42	35	39	36	
9	39	48	33	15	26	28	9	3	47	28	46	26	3	33	10	2	38	41	32	
48	9	25	32	10	7	6	11	10	49	29	38	5	22	10	9	8	36	44	13	
12	33	5	32	38	14	8	13	50	43	4	23	1	43	32	47	33	36	34	15	
27	4	22	27	30	42	16	22	22	2	1	50	38	5	20	41	17	27	8	33	
49	24	50	2	20	11	2	42	4	19	40	1	28	6	35	46	7	47	43	37	
21	28	45	42	12	7	11	18	45	34	28	1	17	1	7	45	14	26	15	30	
29	50	29	26	43	24	4	16	9	3	3	28	12	30	31	40	46	1	20	8	
33	46	28	4	24	19	2	38	8	28	49	30	4	40	31	15	28	40	49	42	
46	8	12	38	46	45	47	18	11	46	11	4	18	7	24	40	10	9	36	4	
49	26	18	3	42	31	39	6	21	6	13	11	16	11	36	8	40	19	37	6	
6	2	30	35	21	38	33	28	24	19	31	9	49	12	12	17	16	2	7	6	
On machine	9
3	4	26	26	37	4	30	29	18	21	47	41	25	42	44	6	49	49	12	29	
25	26	9	44	48	27	34	29	40	21	35	16	49	14	34	22	41	50	19	4	
32	45	6	20	11	42	26	12	28	45	1	42	18	40	28	5	15	7	43	5	
45	49	12	9	45	18	38	1	40	26	31	40	18	42	19	11	44	39	16	6	
8	12	28	12	35	7	35	29	27	7	34	3	4	7	16	16	9	10	44	26	
6	7	48	24	31	4	24	6	39	39	26	46	18	37	41	4	20	15	11	29	
40	16	39	16	17	14	7	26	17	19	23	15	3	18	34	25	44	11	11	24	
17	45	17	17	17	8	40	39	48	42	44	22	43	33	10	19	15	25	2	50	
40	5	23	32	47	1	28	11	8	38	44	23	34	43	25	44	39	44	44	16	
18	27	4	1	47	45	18	35	21	26	35	26	10	11	4	40	24	45	4	33	
32	12	34	50	33	36	4	6	33	41	30	22	43	24	33	17	28	18	3	5	
39	50	12	29	5	28	35	16	2	35	36	21	22	7	18	12	6	22	7	44	
6	37	22	37	27	4	8	11	5	35	43	1	14	31	6	27	50	14	36	8	
29	13	23	13	46	46	49	36	8	4	48	3	12	42	50	26	40	6	13	47	
26	9	35	23	22	16	47	45	10	25	11	38	44	46	30	34	48	37	50	45	
36	10	19	4	48	8	31	36	48	48	46	30	18	22	31	30	2	41	14	17	
15	34	5	37	50	20	43	17	36	50	34	14	14	40	23	41	41	28	19	48	
37	48	12	22	16	5	48	20	49	49	43	28	37	26	13	25	10	3	34	22	
11	39	12	14	15	40	26	13	29	15	34	21	13	6	37	11	38	16	30	30	
25	39	20	29	13	5	36	47	32	27	46	28	18	24	33	18	36	6	1	49	
On machine	10
11	15	19	34	6	40	28	22	27	19	33	39	1	3	2	22	39	24	23	35	
4	24	7	43	49	23	36	28	37	30	24	28	48	19	4	12	24	28	3	42	
38	5	22	1	7	18	17	18	5	17	31	3	23	27	49	28	24	38	43	13	
9	26	39	9	44	35	3	15	5	20	40	27	37	50	13	8	40	46	42	35	
33	16	19	28	14	30	40	7	7	33	46	41	49	33	29	5	49	41	35	32	
32	45	46	9	36	27	23	47	21	28	47	16	2	5	48	23	33	48	19	37	
39	25	6	14	3	9	26	37	28	23	37	22	30	15	27	31	41	10	28	8	
35	20	34	13	39	48	33	32	13	24	9	5	40	12	25	13	25	12	38	34	
50	23	19	36	20	6	6	37	2	22	16	6	8	45	40	29	28	25	8	27	
29	2	22	3	26	39	35	39	36	32	36	47	36	27	7	35	36	30	49	16	
1	31	2	30	32	44	27	15	39	15	27	21	19	8	38	46	24	3	27	36	
13	5	16	22	46	24	33	14	38	9	4	11	10	29	16	28	41	20	39	9	
46	46	32	16	20	50	41	42	37	46	25	19	47	35	24	38	23	48	13	32	
49	37	22	9	13	12	44	22	47	8	41	3	4	11	16	21	25	18	18	38	
15	48	22	30	21	26	45	40	18	34	18	36	20	4	25	37	8	36	5	38	
42	46	37	22	29	5	26	23	22	3	27	40	37	34	2	3	35	46	30	41	
29	19	23	47	30	47	39	8	5	34	27	44	27	1	13	38	33	50	29	11	
48	25	44	41	40	27	47	7	11	46	5	30	47	13	36	43	35	22	25	33	
4	20	50	35	35	5	44	22	39	6	44	34	46	21	30	28	8	19	12	6	
20	6	10	36	42	4	21	9	3	30	46	42	5	41	23	9	23	26	7	13	
On machine	11
46	27	30	47	26	45	2	28	21	15	39	38	11	46	10	14	12	3	43	22	
48	44	41	6	33	31	14	25	11	9	4	12	18	37	44	15	6	16	48	8	
34	37	18	13	6	42	37	24	34	5	40	15	26	12	42	39	43	1	42	11	
13	21	47	6	11	5	49	42	49	18	38	25	50	23	48	16	30	28	9	17	
30	24	34	13	9	4	9	27	16	29	31	9	42	5	28	26	10	34	44	21	
14	18	49	30	48	41	47	5	46	12	34	33	30	5	34	29	43	1	36	29	
30	27	7	28	49	8	17	25	13	28	15	37	38	12	43	43	19	43	31	29	
30	42	33	42	46	6	18	36	20	16	35	16	5	20	33	9	3	40	9	50	
8	36	18	49	35	17	50	43	15	29	25	48	39	9	5	15	33	19	2	32	
12	33	7	10	44	50	41	24	28	25	33	35	1	42	10	8	14	13	8	3	
16	2	5	21	39	41	31	49	26	20	3	50	14	29	38	27	22	24	19	27	
33	42	7	37	5	46	21	3	30	45	18	32	17	24	48	7	41	25	10	32	
18	47	28	19	7	18	36	8	47	32	2	41	15	13	49	42	12	10	47	15	
15	23	23	33	3	44	40	31	34	5	15	42	49	8	17	24	10	42	9	49	
20	49	19	50	38	10	16	40	11	17	7	50	46	11	2	13	38	9	47	32	
20	36	37	32	19	23	30	6	23	11	18	5	36	9	15	9	25	23	18	26	
49	27	39	35	27	47	48	23	1	29	40	2	10	38	35	28	11	46	1	30	
22	3	31	3	19	16	19	15	26	6	15	43	3	19	32	24	11	9	50	37	
29	2	45	40	29	18	24	47	30	30	44	21	32	38	16	46	22	40	18	39	
21	45	6	49	43	37	16	27	24	35	43	34	20	34	7	4	43	8	4	14	
On machine	12
46	9	14	24	2	26	44	9	24	49	15	26	3	26	10	32	40	42	19	43	
41	17	16	36	19	5	40	11	34	11	29	26	22	33	2	30	13	5	24	43	
33	10	19	9	40	18	18	1	33	22	42	17	43	26	46	23	33	36	28	31	
12	29	20	6	33	36	50	47	1	46	36	21	4	20	7	17	10	19	50	10	
47	3	5	42	46	48	13	12	44	37	10	45	44	11	41	17	15	50	6	12	
5	3	24	43	32	13	43	50	7	45	36	46	17	41	30	47	39	37	1	32	
48	12	40	40	28	3	16	44	19	37	1	18	2	44	25	46	45	36	11	29	
2	12	8	12	5	8	44	24	25	11	43	31	2	48	32	9	6	41	48	17	
36	11	7	32	36	37	25	25	45	49	15	3	26	32	48	43	49	25	10	11	
49	6	14	19	7	19	29	37	33	49	39	35	36	3	44	27	23	50	50	19	
17	50	42	45	38	35	46	40	19	12	11	38	5	36	39	9	26	27	50	2	
24	27	8	40	36	3	23	36	46	15	25	3	4	49	5	16	10	33	6	36	
28	18	14	20	45	33	30	27	34	38	48	49	7	18	35	18	29	24	20	30	
12	32	50	28	11	4	32	19	22	20	6	12	19	15	8	18	34	47	33	32	
49	5	11	5	18	47	28	38	23	40	21	5	45	12	21	3	37	44	39	31	
39	4	44	4	25	34	20	31	15	25	4	12	35	10	31	31	42	24	20	49	
14	42	23	14	7	3	9	45	10	21	30	21	14	12	19	17	12	41	43	50	
8	43	27	31	3	1	8	34	6	24	29	5	17	38	17	20	42	17	38	25	
36	28	42	46	13	50	48	22	6	1	42	5	46	48	12	36	4	29	36	9	
1	37	8	18	5	17	27	20	38	29	18	41	18	38	3	6	1	42	40	22	
On machine	13
26	10	1	18	40	33	37	40	4	36	19	7	10	35	17	25	45	49	15	43	
28	35	26	46	49	37	21	22	31	8	21	50	39	47	10	34	10	6	46	7	
30	38	13	21	11	8	48	50	15	5	45	2	41	11	45	19	5	13	31	25	
23	22	16	11	6	24	25	41	25	11	11	27	35	27	6	36	12	6	50	44	
7	3	33	38	29	45	11	29	5	16	14	20	24	50	29	18	27	2	21	12	
46	3	33	47	37	47	30	44	16	19	21	15	25	14	32	48	14	28	46	35	
44	16	46	50	23	48	24	7	24	5	49	2	29	5	17	41	47	9	15	8	
18	30	49	29	13	36	35	3	6	32	40	4	14	46	15	1	40	33	26	19	
5	26	40	32	7	39	10	2	2	50	11	1	27	5	8	40	15	19	50	31	
44	12	40	43	36	5	33	15	22	19	41	24	44	6	13	19	45	10	40	49	
4	16	6	2	11	13	39	10	1	11	41	35	30	38	10	50	6	25	46	11	
11	42	47	45	7	18	45	18	49	20	39	27	48	8	39	50	36	1	21	44	
17	44	41	24	28	29	50	14	35	19	4	11	44	30	44	50	40	15	25	44	
37	21	10	3	23	34	39	36	46	17	40	1	9	31	2	31	47	4	31	14	
10	17	47	12	36	33	45	27	1	37	16	33	8	29	27	17	15	46	36	47	
41	41	46	35	13	15	14	31	20	29	45	1	29	47	45	3	29	11	41	22	
40	19	3	46	35	14	46	18	20	48	44	9	23	49	11	19	27	26	18	37	
47	20	33	6	19	3	10	15	46	28	4	6	4	31	18	18	41	38	48	44	
45	42	36	19	18	7	10	37	13	7	28	40	18	26	28	10	37	27	20	31	
33	8	28	23	20	5	3	40	37	18	30	44	27	28	32	1	12	38	38	45	
On machine	14
26	32	42	20	22	43	31	24	47	14	7	48	39	47	43	43	5	43	15	31	
1	32	28	36	46	22	44	3	43	2	29	22	33	27	27	10	41	34	8	45	
45	18	43	48	15	20	32	7	23	27	48	30	19	11	47	15	11	7	32	30	
18	23	31	41	12	30	22	7	49	29	50	14	39	30	31	24	48	31	31	33	
16	37	2	18	26	32	10	16	43	47	29	43	12	24	18	48	38	49	35	10	
4	5	50	27	10	7	48	6	12	24	30	26	41	5	42	33	13	37	28	32	
39	4	4	28	24	13	45	26	26	36	12	28	19	4	22	39	40	1	21	19	
19	17	36	35	27	25	42	20	20	4	15	28	25	42	27	45	2	28	24	19	
24	32	15	12	25	18	12	27	17	34	50	9	1	50	30	50	37	25	41	15	
32	7	6	28	41	5	42	45	16	37	3	29	5	19	44	33	8	39	23	44	
44	22	19	29	36	9	28	11	5	18	1	14	8	20	39	29	3	35	27	18	
39	11	29	27	21	16	22	22	38	6	29	33	17	37	31	10	18	30	46	45	
33	44	50	30	38	50	34	36	3	44	43	29	32	2	41	32	21	26	4	16	
9	9	36	9	47	10	30	18	14	46	7	22	17	13	7	26	6	33	4	44	
47	3	27	16	38	8	31	45	12	29	50	13	44	1	7	31	35	6	8	30	
5	9	19	15	43	47	24	45	9	8	43	24	38	21	18	45	23	32	37	15	
30	7	8	28	29	21	21	31	29	9	30	28	50	49	26	11	15	38	41	48	
23	27	3	33	19	22	35	18	5	38	27	28	26	9	9	22	26	19	14	28	
38	48	12	21	35	50	44	13	9	22	17	45	12	11	17	40	31	43	9	11	
26	40	29	28	23	46	25	12	10	31	8	3	1	19	7	39	26	24	38	6	
On machine	15
17	5	15	24	28	24	43	36	8	20	19	27	38	16	31	16	27	48	26	39	
34	7	25	9	15	34	41	37	16	1	47	23	23	24	36	47	42	2	39	20	
30	23	14	25	41	48	5	2	37	26	5	18	46	47	9	7	24	21	38	44	
8	25	27	33	8	11	29	47	24	10	16	14	38	38	47	20	12	11	9	1	
13	22	42	20	3	48	7	48	50	38	45	31	37	40	6	31	29	4	1	34	
43	28	42	13	35	50	26	20	6	16	5	18	12	30	33	41	43	25	36	5	
44	27	28	7	11	22	30	3	23	17	29	42	20	3	48	6	18	7	25	4	
6	5	41	2	31	38	15	2	17	24	16	14	33	15	22	24	4	16	48	8	
20	34	20	45	30	14	26	36	45	40	23	11	40	21	36	42	18	22	43	30	
46	6	3	44	24	38	35	5	50	24	48	44	46	1	25	38	35	23	14	40	
38	32	4	18	31	36	43	14	46	38	41	8	40	33	7	43	49	38	23	50	
26	6	50	3	6	34	28	43	31	5	25	23	27	29	18	30	11	4	4	21	
13	22	3	47	14	31	5	34	22	33	33	1	22	32	31	33	13	43	1	41	
24	39	21	38	40	42	20	23	47	33	11	5	36	44	43	10	11	8	30	27	
19	28	45	49	40	8	20	4	14	9	50	16	44	48	21	6	47	2	20	12	
40	9	31	1	36	27	31	6	19	22	37	41	38	26	13	21	8	36	35	47	
9	22	18	13	23	37	11	11	48	50	12	39	48	18	44	17	18	35	16	14	
43	13	27	17	13	12	39	7	3	36	22	29	34	27	38	15	16	50	31	38	
19	11	9	37	30	11	24	34	26	38	9	5	40	4	11	9	49	15	30	11	
27	25	24	47	1	49	9	29	6	6	42	33	36	11	46	28	44	22	40	41	
On machine	16
4	50	18	25	20	15	18	4	35	23	33	42	42	3	15	49	30	12	32	22	
8	25	40	50	47	7	45	5	47	34	22	18	22	37	7	41	34	33	9	50	
50	15	28	33	40	2	5	10	41	38	34	49	10	45	7	30	12	5	12	43	
16	30	14	50	26	13	41	30	10	45	37	38	20	23	47	42	26	4	26	13	
44	16	22	7	17	50	46	26	41	9	41	34	45	40	31	47	44	8	26	43	
43	17	40	46	36	23	45	16	15	23	27	13	47	15	9	50	39	42	13	28	
1	7	45	45	23	44	45	30	29	1	30	37	16	1	42	43	42	47	28	44	
31	37	31	41	18	9	44	39	21	19	50	35	39	35	24	2	45	36	9	7	
50	34	48	43	43	46	2	24	1	3	22	3	33	24	42	1	4	13	13	41	
32	15	2	17	27	45	48	22	41	28	33	9	48	18	26	16	1	15	18	38	
34	19	8	34	14	30	40	20	46	45	22	33	36	10	17	23	37	5	6	11	
32	15	27	43	29	47	44	4	26	42	6	14	9	35	50	9	6	47	5	50	
47	7	10	48	42	2	14	39	31	45	24	50	17	3	40	6	10	10	5	8	
17	4	3	14	19	12	36	14	14	50	16	50	21	13	25	25	22	36	15	10	
20	2	47	44	40	2	24	21	1	31	12	7	1	47	49	13	22	2	37	8	
20	11	30	38	10	11	31	13	43	22	10	21	22	36	25	36	25	36	17	48	
12	33	9	18	32	49	19	39	33	30	28	7	37	6	18	19	3	47	11	50	
28	6	10	30	19	44	10	15	23	25	42	6	25	2	38	32	9	34	27	31	
33	1	22	48	38	21	5	42	47	19	3	31	3	44	47	4	22	25	23	4	
45	25	10	39	21	11	15	32	13	30	19	19	46	33	16	14	23	14	22	28	
On machine	17
19	38	32	42	49	14	21	31	18	19	22	40	34	6	36	12	6	26	40	25	
45	11	34	34	7	46	29	40	41	17	50	6	39	46	10	10	29	23	17	28	
23	22	2	13	39	38	17	35	32	2	50	24	9	15	24	23	45	23	50	39	
15	2	6	14	9	36	47	19	15	6	26	31	32	11	45	20	8	23	10	5	
30	3	50	34	31	17	17	2	36	49	34	12	13	2	31	9	25	35	12	11	
42	23	10	3	33	7	17	18	33	46	4	45	43	49	4	17	4	3	22	42	
17	24	26	2	15	1	47	9	37	47	25	48	4	27	13	47	29	36	39	2	
15	3	6	32	39	50	6	24	45	26	5	43	19	29	8	27	50	15	34	8	
35	32	26	41	12	36	19	38	27	37	37	27	37	11	33	5	1	8	37	48	
34	7	50	26	16	26	46	8	18	42	21	19	13	9	6	50	15	36	48	45	
39	16	35	36	23	19	47	8	38	16	5	6	28	46	44	7	46	29	44	44	
1	44	12	17	41	49	46	45	11	45	37	41	12	41	48	32	46	5	36	26	
38	37	44	7	30	43	44	17	44	50	7	8	11	19	25	45	25	24	11	6	
25	13	29	43	13	50	42	39	3	15	6	16	49	17	33	30	38	48	28	21	
35	17	30	43	33	11	17	44	10	1	37	16	28	4	2	5	31	43	21	24	
4	28	30	11	16	47	16	32	45	11	10	34	24	20	9	38	33	46	48	6	
21	14	28	35	32	50	24	8	34	40	22	42	22	33	37	2	11	3	25	41	
36	43	40	15	9	37	42	2	8	36	50	17	45	13	28	29	15	48	8	37	
4	24	40	26	40	44	9	34	50	27	11	28	27	24	36	32	7	9	33	36	
11	22	4	21	26	14	47	40	15	10	32	21	34	41	3	28	18	50	14	14	
On machine	18
13	41	47	38	28	34	4	4	35	40	37	33	27	42	29	31	44	31	50	13	
30	48	48	29	43	6	27	28	46	23	24	35	5	1	7	36	44	17	6	47	
47	3	46	7	32	6	1	7	50	12	21	20	20	20	19	2	47	18	30	46	
9	39	11	34	10	29	35	15	8	31	37	49	22	37	22	15	18	34	42	13	
11	4	32	6	9	38	11	7	5	35	18	40	34	16	4	21	27	46	13	42	
31	2	28	35	32	12	46	2	4	32	50	37	19	31	25	27	27	42	22	34	
38	39	47	45	48	44	16	11	27	18	7	22	2	38	48	28	32	28	3	41	
1	17	41	8	13	40	7	6	6	40	21	46	28	38	31	35	16	23	31	31	
47	16	38	2	5	29	37	33	49	6	15	25	34	10	30	44	26	22	44	12	
34	37	19	31	22	42	50	41	20	8	19	26	49	41	45	21	50	47	2	21	
43	43	6	7	37	45	24	6	3	3	36	2	27	38	41	3	7	42	22	4	
50	29	3	21	45	7	40	39	14	15	39	14	16	9	20	46	11	39	15	46	
32	7	1	43	17	47	30	13	17	10	17	17	45	37	27	27	19	48	19	27	
30	17	26	42	35	15	21	8	45	6	13	39	15	38	15	22	27	19	7	6	
14	38	42	19	50	33	35	31	35	25	47	26	44	23	2	28	39	25	41	34	
9	46	17	32	29	38	3	4	8	20	39	14	39	30	40	37	41	11	28	29	
39	37	12	19	15	17	1	36	19	5	20	7	35	23	43	48	17	26	10	43	
43	20	47	27	41	38	27	40	25	19	23	36	16	44	18	49	12	19	33	17	
38	29	28	44	50	47	29	50	44	37	35	32	20	49	26	14	3	34	17	4	
47	20	12	29	17	9	24	29	49	41	40	16	42	45	45	12	9	32	16	27	
On machine	19
26	25	50	24	11	9	20	45	30	2	15	8	19	23	2	7	19	40	44	14	
35	35	35	50	33	9	31	12	27	38	12	22	4	25	39	10	15	13	27	49	
10	10	41	12	11	40	36	27	42	47	26	20	39	28	1	44	46	15	37	5	
14	8	32	5	31	35	31	23	23	39	49	48	37	6	25	45	10	12	31	18	
38	20	19	12	29	20	28	32	10	38	14	9	28	32	26	33	35	37	2	38	
39	36	41	36	6	40	9	47	24	13	39	3	2	1	48	4	45	2	2	35	
30	16	36	31	1	35	30	25	44	15	34	18	48	31	10	30	20	11	26	12	
43	35	29	41	23	26	3	30	44	4	17	17	40	38	43	19	43	24	15	36	
29	29	28	19	41	16	34	41	11	13	45	8	1	16	27	21	20	19	44	31	
43	35	2	50	2	9	16	48	30	21	9	47	5	28	40	18	40	19	27	49	
22	10	22	30	27	44	9	1	38	48	37	40	1	6	38	43	26	15	1	14	
30	30	40	47	48	38	41	19	30	14	7	46	40	46	15	26	14	7	40	48	
1	2	32	47	41	21	13	17	44	26	18	20	3	20	39	15	13	4	11	49	
6	7	27	31	31	13	34	40	42	39	2	37	11	47	48	48	13	5	15	47	
6	42	2	47	43	10	26	38	17	1	28	42	22	23	43	22	8	6	26	36	
29	28	17	15	17	33	26	48	47	46	50	34	33	15	15	11	36	36	39	25	
21	3	43	21	49	48	33	50	24	14	29	17	31	23	7	37	26	44	44	9	
32	50	50	2	16	42	13	21	42	13	1	26	47	4	44	37	46	22	42	50	
47	45	43	50	19	38	47	2	42	12	32	50	21	20	42	47	32	23	47	45	
41	25	10	18	45	6	3	44	39	44	35	15	24	6	26	36	5	26	36	27	
On machine	20
30	49	3	46	26	24	45	27	9	38	33	6	32	2	9	32	12	35	11	39	
30	20	2	46	9	17	8	36	17	32	4	42	31	37	47	14	22	16	49	1	
36	15	6	2	50	42	20	7	39	8	17	10	16	49	29	35	39	32	50	36	
24	2	39	28	1	21	34	13	44	42	8	25	41	16	42	6	3	39	11	40	
43	31	36	50	22	14	9	29	9	21	1	10	26	32	28	31	38	27	7	22	
40	6	1	9	21	37	33	11	30	41	7	19	20	3	36	45	19	31	20	18	
11	2	32	9	50	1	47	15	37	32	28	48	21	37	24	5	13	36	8	6	
12	38	50	37	45	46	21	20	1	47	12	31	12	27	15	5	33	17	40	35	
37	28	29	5	4	15	45	1	19	37	1	50	29	11	3	12	4	23	3	10	
33	26	35	6	12	11	28	45	43	5	40	26	39	24	11	10	5	37	31	50	
30	34	29	45	16	30	18	23	48	50	6	3	14	15	10	36	36	36	14	36	
7	43	15	38	2	10	47	25	2	17	42	6	38	48	50	32	43	22	47	50	
14	9	49	30	14	22	46	40	3	17	7	37	48	2	1	1	50	25	11	18	
32	12	33	50	28	35	20	25	21	10	45	18	26	49	30	13	40	45	5	27	
30	17	7	35	17	4	23	34	35	39	47	46	46	34	38	3	29	49	4	16	
7	14	38	42	47	28	39	15	16	38	31	46	23	48	37	6	42	39	27	47	
2	5	37	44	37	41	19	43	45	10	14	32	35	40	6	9	23	9	32	38	
25	13	12	5	24	6	39	19	31	43	23	23	44	27	47	18	44	41	13	6	
49	22	4	14	34	9	46	32	7	39	20	41	27	42	31	17	15	31	25	12	
37	3	14	21	43	8	30	12	1	25	24	16	18	33	44	37	29	2	12	47	
On machine	21
50	6	33	43	49	15	14	21	4	19	22	18	37	35	19	4	50	46	11	33	
4	13	46	41	44	29	41	40	40	25	40	31	28	3	21	1	20	5	37	10	
49	25	19	27	26	8	46	11	38	9	16	27	26	10	4	6	16	9	24	11	
45	27	23	50	32	7	2	14	40	14	29	39	1	43	34	18	36	23	3	39	
9	9	9	43	36	21	48	9	45	21	5	2	21	22	39	32	11	37	20	5	
32	12	39	17	5	24	9	44	19	42	19	25	48	14	23	26	12	30	46	3	
43	11	20	39	5	42	33	6	29	32	50	3	15	1	5	29	50	28	38	33	
15	30	12	29	12	1	10	41	13	7	33	34	28	27	20	33	30	1	43	13	
43	32	19	12	18	33	47	14	4	6	48	19	28	2	32	2	5	49	42	49	
26	32	18	42	19	11	15	40	35	45	3	48	36	22	44	43	33	6	11	5	
13	44	25	45	42	3	37	20	46	2	46	27	47	25	13	50	7	11	27	40	
44	34	22	18	6	36	43	49	46	36	21	26	38	13	21	43	33	42	16	16	
8	21	50	34	3	17	12	29	31	33	23	21	39	14	26	31	44	10	40	21	
42	39	11	20	44	43	43	38	37	13	1	46	33	48	2	14	45	3	16	1	
42	3	17	5	15	28	12	7	2	10	42	24	26	10	49	10	48	37	49	25	
6	43	20	40	19	23	5	22	41	31	29	50	34	13	11	31	41	16	12	6	
47	36	29	1	20	45	7	23	6	9	2	9	19	6	7	18	29	38	12	32	
50	28	23	49	29	4	44	5	21	3	30	25	18	50	29	15	9	39	43	26	
24	8	34	19	47	8	38	29	2	29	17	32	8	40	42	12	14	44	27	26	
32	28	5	40	37	2	29	21	16	19	15	30	34	28	47	26	7	23	50	5	
On machine	22
7	20	12	27	36	9	29	26	48	25	37	17	47	13	47	49	37	18	17	31	
17	27	23	32	26	33	12	3	29	21	38	41	6	48	45	4	7	27	20	18	
23	47	4	25	34	48	16	6	26	12	32	14	43	5	1	42	40	17	5	19	
37	22	49	36	40	13	2	49	29	18	47	41	42	48	48	21	24	16	29	6	
27	43	36	30	21	10	2	21	10	8	3	50	32	14	33	14	44	34	16	44	
19	6	17	38	34	28	7	32	22	4	38	19	39	37	7	49	27	31	33	9	
28	46	6	7	11	13	12	43	32	14	14	26	39	48	3	42	7	21	21	27	
32	30	31	22	40	4	32	8	28	6	3	17	18	41	12	33	16	22	39	25	
29	33	6	7	28	44	21	44	15	10	35	17	35	45	31	1	37	48	45	8	
1	24	42	15	29	34	10	5	16	23	10	6	39	41	36	6	7	1	47	26	
5	9	13	16	22	29	35	11	13	29	4	39	22	3	34	28	8	11	40	10	
26	29	3	25	9	1	39	48	2	22	18	25	5	48	21	49	47	48	39	19	
12	15	50	30	43	29	30	43	10	14	12	9	21	25	17	25	33	10	1	18	
42	39	6	3	15	41	13	14	40	50	11	46	43	30	46	33	11	20	37	48	
19	43	23	5	39	22	22	7	16	30	10	7	26	38	33	34	21	32	12	33	
12	29	23	25	41	43	43	45	33	8	30	44	2	4	25	40	44	31	5	31	
21	4	9	44	2	34	43	39	16	31	45	49	2	15	47	25	2	22	9	34	
48	25	21	17	11	15	50	27	49	30	28	12	12	10	10	4	31	24	33	41	
36	50	8	37	41	16	25	23	1	1	30	7	19	4	24	33	20	42	7	42	
23	48	49	23	42	6	45	15	48	8	2	28	18	13	35	3	23	45	41	23	
On machine	23
6	30	18	49	4	7	9	27	25	35	5	49	17	24	1	27	12	34	15	30	
1	47	38	18	21	10	26	31	4	8	26	48	50	43	33	34	27	45	46	45	
17	11	22	33	41	18	20	13	35	16	43	25	37	21	15	50	2	48	22	32	
18	28	15	33	24	36	40	6	35	15	45	5	34	32	24	11	4	37	42	43	
31	8	35	22	22	38	7	4	43	33	47	38	9	32	31	35	16	39	23	8	
39	43	48	31	24	29	15	31	20	35	24	2	20	32	21	42	11	10	9	33	
44	18	13	2	19	4	18	1	7	16	4	32	45	5	36	24	14	31	47	5	
38	2	11	50	47	8	47	2	11	45	22	34	9	26	19	41	14	18	20	4	
25	11	7	17	18	9	42	6	7	17	12	32	45	24	1	37	5	23	47	26	
46	1	46	8	8	40	33	24	24	27	20	21	41	35	7	36	5	45	6	10	
21	10	6	4	45	6	10	4	26	9	42	44	49	50	39	32	3	27	24	12	
23	48	3	5	38	12	38	26	44	4	32	38	49	24	10	20	1	28	8	32	
11	36	21	9	34	32	9	37	22	23	37	8	49	1	8	35	42	36	46	26	
35	38	31	5	13	14	7	16	3	45	19	10	33	36	46	35	6	2	31	16	
15	27	47	21	46	17	25	27	30	45	3	21	27	20	17	44	32	19	34	10	
8	40	34	3	44	7	45	39	34	30	5	17	14	19	18	17	24	14	14	6	
15	33	17	30	44	4	4	50	15	15	1	34	25	7	50	45	29	45	19	48	
14	18	49	43	12	12	50	37	20	6	27	37	11	17	13	36	34	23	45	40	
22	5	15	2	34	16	35	14	45	16	20	45	5	32	34	8	46	6	33	46	
49	39	26	25	25	20	18	7	15	11	14	21	20	27	42	29	20	25	21	45	
On machine	24
14	13	20	37	8	10	16	16	33	42	19	15	35	27	20	37	8	12	17	22	
42	20	35	26	38	17	14	26	50	50	34	14	1	14	46	23	5	14	22	26	
15	1	38	39	37	30	14	23	8	44	46	34	37	31	21	11	17	9	50	11	
32	49	45	2	1	12	26	26	5	28	18	23	30	5	50	5	34	44	49	46	
47	34	25	16	31	8	2	37	9	22	24	19	41	2	3	34	34	1	8	40	
27	15	34	33	13	49	24	42	22	44	8	8	48	16	29	19	1	32	15	9	
12	38	12	34	40	32	20	21	2	20	27	2	21	39	43	18	25	39	25	31	
38	20	23	50	6	22	38	32	16	48	14	22	35	40	42	28	9	31	48	4	
50	43	22	40	14	10	49	5	38	16	31	49	50	15	48	40	14	32	16	22	
8	16	39	43	49	40	47	26	36	5	43	43	17	43	1	38	25	6	27	40	
3	34	46	44	21	18	5	19	27	28	46	8	39	31	19	15	18	21	28	17	
8	28	28	25	22	24	42	5	22	37	27	10	1	48	33	39	6	1	19	32	
25	4	2	20	49	20	18	3	35	43	23	43	50	20	47	40	27	5	25	6	
31	45	27	42	20	29	42	31	23	18	35	36	2	7	5	27	34	40	35	49	
5	18	26	21	23	19	30	25	22	24	50	49	27	4	48	39	13	11	7	23	
35	24	37	10	31	29	35	39	42	30	26	32	44	7	47	41	26	27	28	36	
27	32	22	12	9	38	46	12	45	30	13	28	1	34	9	6	43	13	20	40	
12	32	29	24	47	33	33	21	39	14	45	38	6	29	32	50	39	35	27	8	
38	35	22	48	21	2	6	35	34	50	29	21	29	49	39	5	17	6	36	14	
22	29	2	4	33	49	4	43	42	2	36	4	47	10	26	24	43	11	36	47	
On machine	25
43	48	46	15	20	3	50	42	8	17	42	50	26	22	26	30	12	38	4	42	
35	21	6	46	3	18	22	6	10	27	11	50	35	31	47	44	11	30	14	14	
12	20	10	33	34	25	16	35	41	30	45	40	31	49	20	7	16	23	44	3	
25	48	11	43	26	36	37	5	37	48	32	19	22	39	31	7	20	34	50	45	
46	18	17	36	38	35	33	32	20	24	13	45	37	36	37	1	21	16	33	50	
10	25	44	49	21	42	37	41	7	31	16	15	33	15	40	39	8	30	2	24	
18	29	1	37	5	21	10	50	5	11	50	8	9	11	8	21	22	49	12	41	
42	44	4	1	16	49	7	14	6	17	20	12	35	16	36	8	15	33	4	46	
24	20	6	15	33	20	3	39	18	14	23	44	17	1	4	36	5	47	12	32	
25	10	2	43	44	48	29	11	1	30	11	16	20	27	5	28	16	2	11	48	
41	35	46	36	41	27	46	11	7	17	23	39	18	24	29	30	44	29	14	23	
42	7	13	14	46	18	9	14	15	35	49	4	41	12	5	50	10	16	42	39	
5	1	23	38	33	21	7	36	45	18	8	46	9	38	41	13	49	23	42	14	
36	34	23	35	11	29	11	39	5	25	47	41	43	21	17	23	13	12	24	18	
39	39	5	21	50	46	33	47	24	24	5	43	12	25	25	24	2	33	16	16	
13	28	28	46	30	1	47	48	47	43	40	6	43	47	25	44	48	40	27	8	
38	19	32	37	36	34	14	48	48	20	20	18	2	14	13	6	15	27	7	34	
1	39	32	21	18	46	15	42	6	22	32	25	41	19	27	43	46	5	38	39	
8	2	28	35	35	5	44	46	12	38	11	16	35	44	2	42	40	24	41	27	
26	16	27	21	25	34	14	46	43	14	30	19	35	39	32	4	3	38	2	2	
On machine	26
10	18	11	32	40	31	34	2	10	31	3	37	5	39	12	24	15	11	36	23	
20	16	12	39	47	11	44	45	6	15	3	14	45	20	42	30	49	38	33	14	
23	37	7	48	18	12	37	38	40	41	9	43	19	16	24	19	5	7	27	45	
43	37	35	13	50	45	11	49	41	24	24	41	7	25	10	31	49	19	9	38	
30	14	47	27	23	22	41	2	14	4	16	22	19	22	21	38	30	39	30	49	
4	7	3	26	47	27	5	42	45	27	34	44	26	8	4	28	28	21	45	11	
8	8	15	9	24	21	37	18	41	4	27	15	42	10	16	49	7	40	40	1	
17	18	8	45	41	9	6	15	43	47	50	19	32	42	48	23	35	14	45	8	
46	37	35	42	19	17	48	17	48	30	33	47	49	6	45	24	7	23	42	35	
1	20	42	47	24	28	41	27	14	49	46	18	6	15	42	27	23	30	37	41	
39	26	4	12	41	23	12	4	31	5	43	28	34	42	28	17	41	36	25	22	
32	38	40	49	7	20	2	31	8	33	7	40	46	6	42	49	2	29	46	48	
46	40	8	19	15	11	49	10	40	34	50	34	20	29	34	10	50	11	24	49	
24	24	35	27	46	14	40	7	37	38	37	9	50	32	5	11	17	43	35	50	
15	10	36	10	4	48	38	32	43	14	22	22	9	20	1	1	46	11	28	19	
11	42	47	34	33	30	8	45	18	36	16	32	35	46	4	43	22	39	26	40	
13	39	26	12	3	48	21	5	42	35	6	14	2	20	6	39	50	36	6	22	
30	3	29	46	30	27	48	28	43	43	1	31	37	44	3	38	19	42	50	36	
16	47	26	10	32	26	11	35	14	14	47	31	7	40	10	33	27	15	13	20	
11	20	11	42	15	17	28	28	20	11	42	3	22	1	9	46	37	22	33	37	
On machine	27
18	12	27	21	13	43	35	14	11	27	49	16	48	8	12	18	18	16	23	34	
25	1	8	34	44	22	17	7	41	44	47	36	31	44	47	29	10	18	47	28	
15	42	40	33	20	31	27	12	14	11	34	11	16	36	26	2	12	12	42	48	
20	50	24	31	37	23	45	34	20	29	28	44	15	6	25	48	42	9	35	18	
50	6	41	14	23	26	46	16	18	43	49	15	10	26	13	7	44	25	46	40	
7	32	10	36	15	31	12	12	2	48	33	17	49	22	12	11	35	45	3	47	
44	31	7	14	3	8	45	29	25	45	26	22	19	33	32	15	49	41	46	33	
5	32	19	2	14	7	16	34	1	50	35	2	22	48	22	37	43	50	5	16	
29	44	17	15	28	25	49	4	9	30	41	8	44	14	15	38	41	46	44	38	
2	13	2	1	28	7	16	22	15	2	16	46	34	28	34	10	2	25	23	48	
37	41	31	44	30	26	27	12	40	8	6	35	24	37	13	14	46	9	34	26	
18	15	18	16	29	5	47	22	3	7	48	50	32	12	37	36	47	35	15	5	
47	4	50	8	23	29	34	8	10	2	8	35	7	37	5	38	15	31	14	9	
38	6	26	3	5	32	17	39	45	26	24	2	42	1	39	36	11	39	49	5	
43	33	36	20	4	16	43	42	4	28	8	14	10	8	41	40	15	41	31	28	
16	41	38	1	37	27	45	18	10	35	13	18	2	48	40	29	26	50	15	35	
5	17	47	25	50	13	16	38	10	10	40	24	44	48	9	15	19	27	24	27	
26	35	16	32	16	9	25	20	45	33	24	46	49	18	7	21	30	21	26	10	
6	5	14	19	33	39	25	23	37	30	33	46	21	21	1	8	47	44	18	18	
35	45	30	31	36	48	45	38	6	33	17	46	44	49	21	26	7	10	27	22	
On machine	28
34	44	2	14	21	7	49	29	17	43	33	30	12	31	7	15	4	43	14	33	
43	43	3	9	41	24	16	21	36	22	30	2	32	30	31	9	14	43	27	40	
27	35	18	48	35	47	19	2	10	20	40	23	48	16	38	2	30	27	26	18	
24	15	13	29	50	12	35	2	15	22	21	5	36	26	27	38	12	20	33	17	
15	27	1	31	27	48	7	36	1	28	15	2	12	14	27	21	14	12	37	1	
49	42	19	29	18	37	47	11	41	9	18	26	14	28	12	22	45	18	19	30	
8	38	13	22	41	43	29	26	33	37	29	46	23	11	1	42	8	27	38	13	
1	16	14	4	24	4	7	18	13	34	36	43	35	39	6	12	12	9	40	45	
38	25	5	22	17	41	26	17	17	14	44	19	17	1	29	30	13	35	40	12	
19	40	38	24	6	25	50	48	3	48	39	20	11	11	47	18	45	40	11	32	
4	4	32	10	5	48	43	45	41	30	21	43	14	26	9	13	27	24	33	15	
22	33	7	20	9	49	3	18	44	48	7	38	35	47	2	19	12	13	4	26	
11	18	39	20	41	18	18	41	30	48	37	19	4	30	10	18	50	42	12	6	
33	5	4	12	26	13	41	29	45	13	13	9	42	41	46	43	24	21	23	28	
41	35	25	27	12	26	18	13	49	20	13	35	23	20	9	4	18	17	8	21	
6	33	27	39	42	24	6	4	32	41	18	5	36	15	48	43	5	39	36	26	
47	37	50	1	20	9	18	19	14	8	32	8	27	7	20	33	20	8	6	35	
26	12	14	40	30	9	43	49	33	34	12	4	14	37	37	21	10	45	45	41	
11	36	23	38	49	16	2	48	7	16	19	42	48	7	10	10	18	23	34	44	
48	9	36	16	49	38	39	40	7	47	7	7	35	14	17	2	27	42	22	16	
On machine	29
35	1	5	4	48	26	12	32	7	29	14	27	40	30	45	8	27	17	44	41	
17	49	10	31	41	22	36	15	8	17	14	13	43	21	26	25	25	39	40	32	
15	47	31	14	13	41	39	13	20	3	38	13	26	3	10	14	27	20	32	30	
17	33	30	31	14	25	31	34	2	10	21	5	39	31	17	13	33	40	7	39	
42	8	16	5	34	40	17	19	37	20	3	28	28	22	47	10	14	1	24	47	
2	6	31	43	19	47	27	41	43	4	9	6	40	25	38	40	47	23	12	45	
45	14	9	28	37	27	5	11	33	17	25	26	3	39	4	42	41	49	31	22	
50	24	23	31	2	28	38	48	37	4	28	35	48	29	33	23	7	6	20	36	
8	20	9	1	50	25	42	21	21	17	23	19	17	12	12	33	42	43	33	12	
35	10	1	5	40	37	44	16	11	2	7	42	20	45	6	48	30	27	14	24	
16	2	49	19	24	41	46	14	24	8	12	46	36	19	39	26	47	29	16	30	
13	40	19	15	44	23	12	30	25	19	45	39	12	50	24	19	28	35	44	20	
5	49	15	34	9	9	50	12	2	44	39	31	44	6	30	27	17	33	14	34	
44	15	31	6	9	9	17	22	28	50	32	36	17	50	38	49	4	40	13	2	
50	34	8	42	27	26	46	9	37	37	14	25	45	39	36	24	32	7	16	2	
4	6	4	38	25	34	11	10	33	36	27	40	15	7	41	10	12	18	17	18	
16	49	19	21	27	33	42	17	22	38	29	44	12	41	7	11	20	19	2	21	
35	7	45	11	50	43	36	6	12	4	20	30	41	10	9	15	34	21	20	34	
41	12	34	38	21	43	23	12	37	24	12	46	27	23	20	26	34	14	32	7	
36	35	11	33	29	14	12	42	41	9	44	11	20	41	46	19	28	11	24	38	
On machine	30
4	16	18	40	22	26	47	33	43	37	37	14	2	12	10	36	40	3	29	25	
47	18	6	43	11	46	17	39	25	13	50	30	49	43	12	15	24	37	35	7	
14	41	29	6	41	3	8	25	31	17	30	47	32	20	5	19	35	18	15	29	
31	48	8	15	26	5	24	22	3	24	15	12	42	10	37	15	12	23	17	23	
35	12	5	48	3	33	20	28	35	31	31	26	43	33	47	32	29	15	3	4	
25	9	6	37	5	9	13	30	33	20	16	47	32	42	13	7	31	11	23	7	
19	40	10	24	21	14	15	24	6	20	3	46	8	6	12	12	23	48	42	50	
20	24	9	18	45	31	50	44	43	36	36	47	20	31	16	24	20	37	14	43	
8	32	12	21	44	19	41	22	13	39	50	30	2	47	14	33	8	30	14	20	
33	26	34	11	37	42	29	18	37	16	50	46	2	12	5	26	45	12	50	46	
18	28	11	17	46	19	6	47	20	25	26	21	35	45	45	25	41	5	6	7	
32	11	32	33	31	2	30	18	19	35	7	49	43	23	40	28	5	17	27	37	
20	32	39	22	50	25	19	48	4	41	33	13	28	15	3	12	35	46	33	43	
4	17	26	8	36	16	17	8	19	15	8	39	30	37	47	40	3	31	24	37	
22	30	38	33	8	36	13	29	14	50	33	4	15	38	28	5	27	16	46	9	
30	22	1	44	29	20	10	48	14	39	31	17	20	21	33	6	32	18	30	20	
29	22	35	27	45	10	1	13	40	27	50	4	22	15	4	37	26	13	43	43	
16	28	13	7	3	47	17	9	41	32	26	50	3	50	31	48	33	9	22	12	
8	22	2	43	21	46	44	39	41	46	48	15	20	27	33	34	1	36	7	29	
17	34	22	35	21	6	15	24	27	47	39	40	43	40	16	49	1	7	11	1	
On machine	31
9	15	29	25	14	8	4	29	9	35	43	9	8	32	32	21	30	10	19	8	
6	32	46	40	35	33	8	2	32	18	35	42	37	14	10	8	31	33	27	18	
48	21	49	16	4	42	34	40	2	49	41	2	8	4	16	17	21	37	10	21	
40	31	13	25	15	40	34	9	50	7	38	28	32	21	37	42	6	19	45	15	
23	5	2	36	1	3	35	44	13	37	28	3	3	17	49	4	40	31	17	28	
27	35	45	33	8	10	38	50	10	31	20	31	8	15	27	35	31	19	47	24	
38	16	1	34	4	7	47	38	10	31	23	7	31	25	24	29	13	14	19	13	
42	46	49	23	16	10	42	9	37	7	45	29	13	40	26	3	8	21	32	11	
12	14	39	28	5	46	22	49	31	22	34	28	23	29	40	24	31	39	43	25	
21	1	11	7	38	24	33	12	8	8	14	32	31	20	6	11	41	18	21	6	
42	8	25	48	48	28	41	18	20	49	13	27	47	6	45	31	38	32	4	18	
38	14	42	33	27	20	34	39	25	25	6	32	1	26	18	18	43	27	32	15	
26	20	40	33	38	23	36	29	50	8	45	3	49	21	50	19	11	33	17	48	
38	37	18	35	43	46	27	21	15	34	17	36	35	31	28	33	13	19	7	38	
41	34	9	38	15	7	8	21	47	15	4	49	3	34	16	30	33	22	49	1	
9	33	2	39	47	41	36	41	4	25	2	3	21	50	43	18	8	18	39	43	
36	35	49	26	25	18	10	41	44	6	7	5	37	15	11	5	23	28	42	30	
37	25	1	23	10	2	41	30	46	15	23	12	15	7	8	41	1	2	16	29	
28	30	39	26	38	25	40	9	18	1	48	30	15	14	38	41	43	30	3	35	
4	38	35	12	40	1	2	23	41	32	20	48	15	46	21	9	11	21	3	12	
On machine	32
49	18	17	42	20	23	15	23	31	27	49	1	38	30	29	38	24	49	47	15	
49	3	40	28	32	19	16	26	50	44	35	5	27	35	42	44	44	46	22	40	
15	31	32	17	48	34	23	40	10	31	39	31	24	14	6	18	32	27	6	23	
11	18	5	16	10	25	45	5	45	46	19	6	25	31	46	17	47	4	6	23	
16	43	29	41	25	3	40	11	47	21	25	18	13	49	25	28	48	42	4	33	
18	47	34	29	45	32	37	41	8	12	20	36	28	33	23	42	10	16	42	41	
38	28	12	21	35	25	3	35	20	5	35	44	12	9	35	14	13	2	34	50	
13	30	29	50	36	12	42	20	28	9	14	28	6	24	43	33	16	34	36	6	
35	2	20	11	45	7	22	36	47	29	24	1	29	44	14	44	47	22	16	18	
6	42	23	7	21	5	45	44	41	10	24	15	27	2	14	12	5	45	16	17	
29	14	27	3	29	23	27	6	43	24	41	3	34	36	12	14	24	12	50	37	
8	24	39	41	27	19	22	38	18	30	44	41	16	6	1	11	13	50	38	43	
2	9	50	16	14	45	22	44	40	20	24	1	41	40	2	7	10	5	22	33	
43	50	50	17	13	23	41	15	47	11	24	24	13	17	31	40	25	8	33	50	
1	37	38	13	9	25	41	45	30	6	44	48	12	8	32	8	15	10	43	47	
6	21	28	40	27	40	6	15	43	27	47	25	4	2	18	46	45	14	16	6	
2	6	37	43	23	8	41	4	50	33	41	35	43	10	32	7	6	47	16	2	
32	5	29	20	3	35	38	43	23	17	30	16	35	16	23	20	1	50	31	32	
21	38	7	24	7	26	36	49	40	9	11	21	26	24	5	27	35	40	13	39	
48	34	49	30	49	13	36	35	31	16	10	30	28	19	10	18	7	31	12	10	
On machine	33
16	48	21	19	32	20	33	43	13	5	27	26	35	7	46	4	11	29	23	36	
29	10	4	8	14	4	31	17	15	37	32	28	12	31	31	46	20	8	24	40	
43	48	48	21	44	50	15	39	32	19	10	44	1	43	10	36	16	19	30	3	
29	21	7	16	18	42	30	45	5	50	9	33	46	35	49	28	48	6	14	40	
16	45	15	40	20	12	45	34	4	6	41	5	28	43	50	24	6	49	44	33	
30	11	26	42	18	35	39	14	11	15	44	38	13	31	3	44	34	49	47	23	
19	6	50	7	15	44	27	11	23	50	1	15	16	38	28	10	2	26	32	49	
46	3	5	4	20	49	47	15	1	15	36	7	3	41	13	34	10	15	8	43	
46	27	16	24	43	39	22	38	17	9	8	29	26	28	19	50	42	23	22	39	
27	36	40	49	23	34	19	18	6	12	16	48	41	42	23	14	25	43	3	21	
48	29	39	20	1	26	25	29	32	39	5	40	13	24	4	2	8	24	33	16	
10	41	27	1	28	10	26	46	32	11	19	40	33	16	9	37	16	5	36	15	
32	36	45	36	2	19	43	30	16	13	35	23	24	22	35	11	31	5	17	40	
30	48	35	35	14	30	28	26	30	1	15	11	21	16	7	47	14	47	11	19	
48	19	11	44	45	43	23	6	41	24	21	8	15	27	41	37	22	15	42	29	
43	32	11	7	32	46	30	6	22	31	12	43	17	13	48	40	44	39	26	4	
38	44	4	15	10	42	41	35	36	13	32	30	3	2	29	34	45	27	3	49	
33	41	4	2	15	24	37	14	27	9	1	34	34	19	48	36	34	44	14	40	
43	33	13	48	18	26	42	49	37	9	20	5	39	50	17	21	13	22	7	25	
23	23	2	30	2	27	40	21	30	39	38	21	45	47	8	16	7	6	41	46	
On machine	34
42	8	45	9	9	13	30	16	8	36	36	39	7	44	43	31	9	4	35	40	
40	29	13	5	37	47	41	1	34	21	41	46	27	3	26	19	21	46	10	22	
8	48	42	29	31	22	4	38	1	42	29	26	1	16	24	9	26	50	20	16	
43	4	24	9	34	7	16	7	34	19	31	3	35	20	29	45	13	3	19	24	
2	28	48	47	23	2	13	8	44	32	44	27	37	17	26	38	2	34	4	9	
17	30	49	13	22	30	3	7	12	33	44	34	29	11	27	32	19	35	18	17	
41	43	12	28	46	40	1	41	28	25	34	25	34	49	23	29	28	22	26	28	
47	8	17	39	30	31	34	15	4	31	20	42	6	1	11	18	35	50	42	49	
24	42	34	42	12	38	1	18	10	6	8	45	37	21	14	50	29	37	7	40	
46	6	35	12	26	7	44	21	21	6	44	5	45	27	2	25	19	45	17	6	
32	40	50	34	24	30	35	37	28	13	21	4	4	4	46	32	14	45	8	32	
24	2	5	20	8	38	5	10	22	33	40	41	41	16	3	13	30	28	27	25	
26	41	6	50	32	24	25	11	12	29	30	24	37	29	27	49	42	13	50	22	
30	30	42	46	24	7	41	23	41	40	27	47	16	19	8	42	11	40	30	2	
8	8	25	8	49	25	30	37	1	10	46	49	15	14	16	35	1	17	22	48	
31	20	42	26	48	43	46	32	4	34	22	30	16	12	30	5	45	14	5	5	
39	17	50	31	26	27	44	45	49	2	41	25	44	44	46	11	8	26	40	35	
29	26	15	28	30	1	15	7	19	2	14	11	17	2	13	34	8	29	4	39	
10	48	12	19	48	44	34	23	22	30	15	37	25	12	26	20	4	5	38	13	
31	41	37	4	44	4	2	12	16	44	35	34	37	7	5	33	3	28	8	41	
On machine	35
10	14	15	13	15	31	25	35	22	34	45	31	14	1	39	45	36	39	18	50	
18	28	7	23	9	47	23	30	35	47	16	35	7	39	36	48	25	4	36	13	
26	47	33	46	15	17	42	45	28	24	20	50	8	20	12	7	16	2	10	43	
47	17	49	30	38	11	29	33	4	5	18	15	40	33	4	10	9	39	17	13	
41	10	36	7	11	42	27	9	12	37	22	33	2	39	15	44	11	24	14	1	
32	5	19	11	13	18	44	4	48	34	9	26	47	44	10	22	12	29	35	29	
30	34	10	18	41	13	40	38	26	48	13	23	2	22	37	26	42	41	44	47	
32	1	49	5	11	7	10	5	23	20	37	18	12	41	22	1	36	36	8	24	
30	23	3	12	13	42	9	29	50	8	13	19	3	36	33	44	24	13	37	26	
19	29	3	42	44	36	29	17	17	38	48	27	10	2	30	24	31	15	7	44	
21	37	1	2	45	21	31	28	42	39	32	5	3	10	23	21	26	31	7	3	
45	17	35	8	4	23	10	36	45	9	21	36	17	48	38	41	44	49	15	32	
14	46	19	8	5	28	43	30	1	4	44	20	41	50	25	41	25	35	10	31	
44	38	34	27	15	45	45	16	10	31	12	21	1	46	28	42	18	12	41	38	
41	31	41	7	36	29	28	33	48	42	37	20	40	34	24	15	50	26	44	18	
45	45	31	4	39	46	41	34	13	12	34	37	29	36	28	5	43	49	8	38	
6	43	17	2	29	44	44	35	19	10	13	12	17	34	5	8	32	38	9	40	
2	7	42	41	10	27	41	33	16	50	46	49	33	4	42	18	31	12	50	15	
13	43	28	1	39	20	2	40	23	44	19	33	49	9	39	25	9	47	35	35	
39	9	30	50	37	39	13	47	26	18	30	41	20	8	24	30	48	29	25	11	
On machine	36
35	39	32	35	23	44	17	1	22	30	37	4	41	46	48	44	5	29	46	47	
10	20	47	37	6	18	50	4	13	33	34	40	3	7	39	20	7	6	21	40	
17	16	25	18	11	3	27	50	36	18	31	11	21	30	49	4	12	17	14	12	
44	18	21	37	5	5	7	20	48	21	35	39	48	25	15	21	33	46	28	20	
41	1	6	41	25	20	2	32	27	1	22	25	35	24	17	35	1	1	19	23	
31	29	43	13	49	43	39	18	40	49	1	50	6	6	32	49	36	16	25	50	
1	46	4	17	35	1	6	43	9	30	28	30	26	20	50	25	4	36	21	38	
34	47	46	11	49	28	7	18	42	41	11	32	44	44	23	1	25	3	26	24	
9	8	41	9	43	16	31	6	19	40	50	49	24	22	20	29	14	3	13	41	
9	46	2	21	45	22	46	50	13	13	47	17	9	3	2	39	9	8	32	31	
30	36	5	26	35	9	47	21	39	27	5	32	19	7	44	4	6	34	45	43	
2	47	14	19	47	45	25	5	21	44	17	48	19	22	48	35	45	42	5	12	
44	37	38	29	45	7	37	8	37	21	44	19	23	20	6	17	19	34	8	1	
29	48	3	28	29	30	15	1	23	16	26	17	7	4	40	47	6	48	17	32	
12	21	19	37	3	47	5	39	3	47	4	27	6	18	46	17	47	22	8	24	
20	13	41	9	50	18	5	22	31	50	37	19	48	21	34	16	10	40	47	50	
21	13	2	23	39	6	2	37	4	8	34	21	25	29	5	19	9	14	50	15	
30	43	10	16	28	7	22	14	46	47	21	44	3	44	28	21	24	10	31	30	
46	18	36	9	44	43	44	50	31	26	43	46	39	12	30	15	6	31	2	14	
18	9	37	5	11	33	46	26	20	14	46	46	43	26	44	21	27	13	16	13	
On machine	37
7	39	22	23	39	35	27	41	37	12	48	22	33	4	5	18	32	4	18	17	
50	31	48	28	12	8	40	36	1	32	19	28	40	39	30	11	39	11	38	35	
16	14	18	4	8	41	6	20	19	33	47	16	42	39	41	41	32	38	44	4	
39	28	50	2	44	40	47	3	11	2	17	6	21	2	25	29	19	28	10	45	
32	26	4	48	8	34	47	26	7	25	27	50	23	40	49	35	11	38	1	45	
4	3	4	39	5	43	19	44	23	38	19	3	28	23	16	15	19	43	42	29	
42	37	33	22	16	40	2	3	12	48	11	7	45	38	28	27	14	31	16	49	
36	45	42	1	40	44	40	25	42	10	5	37	28	48	22	46	23	18	38	34	
12	50	15	4	38	21	3	35	45	30	23	40	41	19	23	29	16	44	45	12	
22	45	35	13	25	26	27	15	48	28	48	18	6	36	20	4	18	22	29	5	
49	48	48	32	41	30	42	4	29	23	44	12	28	20	34	24	18	9	13	18	
18	6	2	2	46	37	38	50	30	19	9	34	10	17	18	19	24	49	50	19	
49	18	10	10	14	24	8	13	4	29	22	50	42	39	16	19	16	43	47	27	
28	15	34	40	41	41	15	12	1	26	32	35	39	14	48	8	24	31	31	31	
23	38	44	30	6	43	13	14	30	46	16	26	33	50	31	7	45	48	23	35	
14	46	30	29	24	41	4	19	15	30	48	19	30	1	38	48	23	1	33	5	
6	36	47	12	4	28	45	16	22	11	13	36	50	26	18	10	40	49	22	26	
4	39	25	23	38	50	18	40	1	49	38	1	48	5	12	24	35	16	27	32	
36	2	25	49	24	12	27	49	38	1	20	39	7	11	28	34	25	15	4	29	
29	30	8	15	18	21	6	25	42	20	46	35	26	9	37	36	10	3	23	8	
On machine	38
41	44	31	28	13	49	44	29	25	41	14	13	2	28	12	36	36	8	25	21	
40	22	39	49	11	36	10	32	31	30	26	4	37	40	14	12	25	17	49	29	
23	42	3	47	50	5	35	47	8	35	49	3	22	6	17	9	36	3	14	46	
16	4	6	11	11	50	11	28	41	33	18	27	30	46	34	10	8	6	37	17	
29	20	31	26	23	19	8	19	44	28	49	44	11	18	4	15	37	34	34	12	
36	12	33	24	33	9	36	38	42	5	10	23	24	15	28	29	23	43	12	42	
35	13	38	49	21	50	18	35	8	50	47	42	31	34	26	47	31	24	22	41	
49	15	50	19	12	2	30	15	1	42	11	48	23	22	8	7	11	25	28	6	
3	22	19	23	6	10	18	9	20	49	31	38	32	26	24	46	41	47	33	21	
42	45	44	33	37	40	5	42	27	19	2	28	2	8	5	49	7	40	47	17	
6	9	36	37	26	15	1	3	19	32	3	30	48	46	2	30	10	11	27	31	
23	4	28	49	46	14	30	3	3	13	40	37	6	24	8	3	7	34	22	15	
1	19	22	14	26	39	15	16	26	34	28	43	2	20	31	20	2	44	3	46	
13	9	27	36	17	15	12	7	17	25	10	47	18	40	26	34	32	32	27	23	
44	38	42	22	9	21	36	19	48	50	41	41	12	18	38	29	29	19	46	15	
8	22	30	18	49	3	45	42	3	19	8	23	3	33	48	33	17	29	42	11	
26	5	27	47	7	48	10	49	43	23	28	31	24	17	29	27	12	37	17	50	
45	22	41	17	17	13	21	36	13	44	15	4	40	23	14	26	32	40	15	23	
8	26	45	31	25	41	26	24	25	34	26	23	3	13	38	7	15	21	45	29	
25	20	11	32	34	23	9	15	47	14	11	18	30	46	7	19	44	12	42	4	
On machine	39
18	20	4	22	6	33	39	40	2	31	2	49	11	40	31	13	34	40	6	28	
29	43	9	23	30	32	22	4	14	15	37	1	43	1	38	42	22	34	41	17	
12	32	47	28	10	20	41	13	46	19	1	49	11	32	8	22	22	50	21	2	
42	16	3	7	20	17	33	10	38	36	25	15	8	50	4	36	17	43	49	33	
48	7	28	37	39	29	24	18	49	27	39	36	16	46	21	1	27	39	35	2	
41	41	15	1	10	20	17	33	8	6	24	36	50	38	4	11	22	22	13	8	
48	13	30	38	32	1	29	10	4	22	20	22	10	15	45	1	25	30	13	36	
22	22	16	22	9	37	36	42	11	27	31	11	35	35	33	14	3	27	43	11	
37	4	5	34	5	28	10	46	10	2	13	39	40	18	14	50	22	31	18	47	
6	28	24	22	37	37	7	41	48	21	22	43	5	18	26	19	44	42	4	24	
27	34	50	41	6	24	46	18	16	16	28	32	30	38	1	40	43	12	15	42	
50	41	10	32	17	32	21	8	44	23	43	16	27	12	31	48	41	17	4	36	
47	15	46	23	6	20	49	8	17	34	25	7	20	30	19	48	8	30	15	44	
46	2	29	26	40	3	17	41	12	2	37	47	50	22	25	27	30	8	4	9	
23	10	2	22	14	30	50	1	42	44	38	24	22	7	31	13	43	37	35	7	
13	9	47	24	49	7	4	36	29	43	38	48	1	16	24	46	46	34	20	38	
29	4	18	40	3	47	42	30	39	13	50	43	50	25	4	31	23	29	24	35	
25	3	45	7	49	23	45	9	33	28	39	17	40	42	10	34	34	3	40	20	
25	28	49	34	24	24	49	33	19	6	10	33	3	16	18	5	15	1	46	2	
26	38	13	4	22	20	16	49	19	49	39	48	13	10	20	40	32	8	11	24	
On machine	40
35	43	13	27	36	24	11	37	41	4	41	40	47	15	38	21	20	17	43	39	
43	9	21	20	39	21	21	10	13	1	18	6	26	10	50	42	50	33	20	6	
41	34	32	40	41	46	14	27	4	7	3	47	33	8	7	19	36	36	30	20	
19	20	6	18	30	26	22	42	12	49	37	37	15	27	22	15	48	17	8	10	
26	19	42	8	29	35	7	32	17	32	44	1	15	1	11	11	28	5	38	30	
16	15	20	32	39	32	5	34	39	47	43	47	28	44	11	45	16	28	9	36	
3	1	33	9	22	43	5	4	9	49	8	18	19	31	32	12	47	47	5	40	
9	2	9	6	50	4	12	41	39	8	12	20	26	16	47	7	14	49	31	28	
45	22	12	42	24	36	50	27	37	39	5	33	2	29	18	28	10	41	3	35	
6	29	49	41	1	49	31	32	2	47	20	37	1	22	32	45	25	33	29	48	
36	4	21	2	3	28	17	44	20	42	25	40	1	41	6	18	15	6	40	9	
14	37	20	39	18	28	37	26	33	4	5	23	15	5	24	14	11	46	42	11	
36	28	10	26	39	30	37	42	6	23	10	27	19	47	1	39	2	35	18	26	
15	3	18	19	39	4	36	20	3	14	11	26	10	3	20	38	45	10	4	44	
50	20	3	42	50	41	1	43	1	21	49	28	19	27	29	15	2	43	35	3	
15	6	49	8	23	2	44	13	40	49	32	14	42	33	8	21	17	11	11	34	
28	13	10	36	38	41	2	26	40	35	32	48	49	35	34	20	50	9	35	22	
37	44	6	15	31	28	29	37	42	3	10	3	19	37	15	46	25	9	37	15	
40	20	11	32	30	9	25	48	42	24	19	36	44	25	25	50	50	5	44	19	
24	24	48	13	26	49	33	45	28	28	19	10	11	21	8	38	15	23	28	15	
