Factories	2
Families	20
Machines	20
SetupType	3

Number of Jobs in each Family
8	5	8	9	9	10	2	8	7	1	5	3	4	2	4	3	1	8	4	4	

Jobs in each Family
0	1	2	3	4	5	6	7	
8	9	10	11	12	
13	14	15	16	17	18	19	20	
21	22	23	24	25	26	27	28	29	
30	31	32	33	34	35	36	37	38	
39	40	41	42	43	44	45	46	47	48	
49	50	
51	52	53	54	55	56	57	58	
59	60	61	62	63	64	65	
66	
67	68	69	70	71	
72	73	74	
75	76	77	78	
79	80	
81	82	83	84	
85	86	87	
88	
89	90	91	92	93	94	95	96	
97	98	99	100	
101	102	103	104	

Total number of jobs
105

Processing times of jobs
1	4	8	5	4	10	2	9	7	7	10	5	5	9	1	7	6	3	4	8	
9	9	1	3	2	8	3	1	1	1	10	1	9	1	2	8	7	4	6	6	
3	1	7	8	4	10	2	9	3	7	2	2	6	9	2	8	7	10	4	10	
7	6	1	6	9	1	3	1	1	1	4	7	4	5	2	9	6	4	5	7	
8	2	2	3	4	10	4	1	5	8	7	1	10	10	2	1	3	6	5	1	
1	2	6	2	1	7	7	4	8	5	6	8	5	8	10	3	2	10	9	3	
7	7	8	3	5	10	2	9	5	2	8	4	9	7	4	10	6	3	10	6	
4	7	1	5	10	10	9	9	1	5	2	9	1	1	3	3	6	8	3	10	
3	1	4	1	4	6	5	9	3	1	9	1	10	10	10	3	3	1	9	5	
8	5	5	6	10	1	6	4	4	8	9	7	8	10	3	1	9	1	5	1	
6	1	7	8	9	6	3	5	2	7	4	4	7	8	4	7	5	9	10	8	
10	8	2	8	5	9	7	4	4	10	3	5	4	7	1	2	4	7	4	1	
4	9	1	10	2	8	4	10	10	2	2	2	8	6	1	4	1	4	6	1	
10	6	5	4	3	7	5	2	8	7	3	10	8	5	7	2	2	6	7	2	
10	4	10	3	7	3	7	8	4	6	8	4	4	5	1	10	10	1	9	7	
3	4	4	6	9	9	8	1	8	2	10	10	9	2	6	4	7	1	8	1	
7	4	8	4	10	2	2	9	6	3	3	5	8	1	9	4	1	5	4	8	
2	5	9	1	6	10	9	6	1	2	6	8	2	1	5	1	10	3	4	10	
2	2	8	5	2	2	4	6	6	9	4	2	3	10	10	8	6	5	7	4	
2	9	3	3	1	2	6	10	5	7	10	9	8	4	10	3	7	3	1	5	
1	9	2	1	8	1	8	8	1	1	4	9	4	2	8	9	4	1	1	2	
2	6	4	5	10	3	7	5	10	2	1	10	7	4	10	8	1	6	7	2	
2	4	9	8	4	7	5	10	4	6	8	10	10	10	8	1	10	9	4	6	
5	5	1	2	6	10	4	2	5	9	10	6	4	6	10	4	9	2	4	9	
5	5	4	1	10	5	7	2	2	10	2	9	4	2	5	10	3	4	7	8	
9	2	9	5	7	7	4	7	5	10	6	8	1	9	2	9	4	6	9	1	
6	8	7	10	4	7	9	2	5	7	5	8	3	6	2	5	4	5	1	8	
2	3	7	4	7	10	1	9	4	5	6	1	10	1	9	5	9	5	4	7	
3	5	10	10	2	2	8	4	6	2	9	10	4	5	4	8	6	10	9	1	
3	5	3	5	8	10	5	1	5	6	2	7	3	6	1	10	9	6	5	9	
9	9	5	4	6	3	8	8	6	5	8	8	10	5	5	1	2	3	7	7	
10	8	3	2	7	4	9	10	4	1	1	1	6	6	1	9	6	1	6	2	
8	1	6	2	5	5	3	8	7	10	1	1	5	1	5	5	10	3	4	5	
1	7	3	3	6	5	5	6	6	9	4	7	5	7	7	10	1	9	7	8	
8	8	9	10	1	3	5	9	9	4	8	1	3	10	3	2	7	8	6	6	
9	9	4	7	1	10	3	3	5	1	7	7	4	2	8	3	3	6	8	5	
1	4	2	5	7	2	7	4	5	3	6	7	4	3	4	7	8	4	10	9	
3	9	7	3	9	7	5	7	9	2	2	8	2	7	8	5	4	4	6	9	
3	2	7	4	7	2	6	10	3	10	4	3	10	6	9	8	3	10	2	7	
3	5	5	6	7	10	6	3	7	10	2	7	4	7	6	7	2	1	6	9	
9	4	9	3	1	5	6	3	1	3	9	7	4	1	3	9	5	7	1	7	
10	3	2	3	3	8	6	9	6	10	8	9	3	10	4	2	8	6	10	7	
6	4	8	1	5	7	5	7	4	4	5	5	5	3	8	4	2	2	9	8	
6	4	1	5	2	8	2	6	6	10	5	5	8	2	8	10	8	3	9	7	
10	3	10	10	1	5	8	3	9	3	5	8	3	5	4	2	4	2	6	8	
7	3	3	9	6	3	7	10	4	1	5	7	10	4	1	5	3	1	9	5	
4	10	10	7	2	1	1	5	1	9	2	9	6	9	9	2	5	10	1	6	
10	7	8	1	3	4	10	1	9	1	5	6	1	2	2	10	7	8	4	6	
4	5	2	2	10	4	7	1	3	8	7	3	10	1	9	7	1	5	10	2	
8	6	6	6	4	2	5	1	8	10	10	8	10	7	9	6	3	8	1	7	
7	6	3	8	1	5	10	4	1	8	7	5	3	3	5	6	3	7	3	5	
8	1	7	10	10	10	8	2	6	1	4	9	10	1	8	8	10	7	7	2	
8	6	5	9	8	8	3	6	4	7	9	3	2	10	3	5	2	2	6	8	
9	6	3	4	8	3	9	10	9	6	3	6	7	5	9	3	3	6	6	9	
9	3	6	7	9	5	5	2	4	6	5	9	1	3	4	7	10	9	7	1	
1	10	6	4	6	3	5	4	9	9	2	10	9	2	9	7	5	9	1	6	
5	9	1	5	5	9	1	6	3	9	10	7	4	1	8	1	7	4	7	10	
9	5	9	8	7	4	10	2	10	3	9	8	10	8	2	10	5	9	1	4	
5	4	6	1	9	1	3	2	5	4	10	2	4	6	7	8	2	2	7	5	
6	9	8	6	8	8	10	9	10	3	10	6	6	8	9	7	7	6	6	10	
7	6	2	6	7	8	5	10	2	2	3	10	1	3	8	9	9	1	3	7	
1	9	4	3	3	8	3	7	4	2	2	4	2	2	7	7	4	5	8	3	
3	2	1	3	1	5	8	6	8	6	9	6	10	8	10	8	3	9	4	1	
9	7	3	1	2	7	4	7	1	3	2	5	10	4	1	3	8	9	6	10	
2	9	10	8	8	3	6	2	3	9	8	1	10	9	3	10	6	7	10	5	
5	2	1	7	2	7	7	4	10	10	4	6	7	2	10	4	10	8	10	6	
10	7	10	8	6	10	10	1	6	1	1	4	5	2	8	3	8	5	3	9	
7	4	9	9	9	1	2	4	10	8	7	5	4	5	9	7	10	3	3	9	
1	3	5	3	8	4	5	10	6	1	9	3	2	9	7	8	1	4	5	7	
3	3	9	2	5	5	7	9	3	8	10	9	6	1	1	1	8	8	10	5	
10	5	10	5	2	5	4	6	2	9	8	10	7	9	10	1	6	4	6	8	
5	5	7	10	7	2	5	6	5	4	6	9	4	10	1	10	4	2	3	8	
3	6	7	4	3	6	3	1	10	6	7	1	6	10	5	5	7	4	9	3	
3	4	3	9	5	8	4	6	2	8	6	8	5	9	2	2	4	8	5	3	
3	7	6	5	9	9	3	3	2	4	9	10	4	8	3	5	5	7	3	4	
8	9	3	3	6	3	2	9	6	9	6	6	6	9	3	1	7	6	1	3	
3	1	4	1	6	5	9	6	6	4	8	10	1	9	7	2	6	10	6	2	
10	1	4	9	8	10	1	2	3	9	7	4	3	1	6	9	2	4	2	7	
2	8	6	3	8	10	3	8	6	6	7	5	4	5	3	9	9	5	6	1	
5	5	4	1	10	5	3	9	3	1	7	5	8	9	7	9	8	6	9	4	
1	3	1	7	7	5	8	3	2	4	8	9	10	6	8	6	9	8	4	1	
6	7	3	8	2	10	7	5	9	2	3	7	7	9	8	2	6	2	3	7	
1	4	6	6	1	10	5	6	5	7	2	7	1	10	7	6	10	3	9	6	
5	4	4	6	7	6	10	10	7	9	8	4	9	5	10	1	2	5	1	4	
8	1	7	8	9	4	2	5	6	4	2	4	4	4	8	5	9	4	9	10	
9	8	6	9	1	10	5	3	3	9	3	7	9	4	9	4	2	1	9	7	
7	9	4	2	2	10	9	3	6	4	5	3	5	3	7	5	7	5	1	9	
1	4	6	10	5	7	1	2	10	7	5	3	8	8	5	2	5	6	3	10	
3	6	10	6	5	10	2	1	10	4	8	6	3	4	8	5	2	6	3	8	
5	8	6	3	1	9	8	5	2	3	9	4	2	2	4	6	8	7	4	4	
3	8	3	7	2	1	5	3	1	3	7	2	8	6	4	10	3	4	3	1	
8	6	6	4	6	7	1	9	3	5	8	7	4	7	2	1	8	1	7	2	
4	1	8	7	3	6	5	7	5	5	10	9	6	3	1	5	6	5	6	10	
2	10	2	3	3	8	5	8	5	5	1	3	2	7	6	8	2	4	2	5	
1	8	1	10	4	1	5	7	9	8	6	2	10	10	3	9	6	7	1	1	
3	7	2	10	6	10	5	9	4	9	6	3	10	10	7	5	5	2	7	8	
7	10	8	8	6	3	2	3	7	9	5	10	5	1	4	4	6	3	8	2	
6	10	9	2	8	7	1	7	1	6	4	7	8	6	4	3	8	9	5	10	
4	8	9	2	5	5	3	10	9	2	7	10	2	8	1	7	2	7	7	5	
9	5	9	6	1	2	8	8	2	4	4	7	1	2	1	1	9	7	9	1	
9	9	9	5	3	4	4	1	5	4	5	10	8	3	1	8	3	8	5	10	
3	6	6	7	10	9	3	8	3	1	10	4	1	3	6	2	4	6	9	3	
7	6	9	10	2	8	6	10	4	7	9	10	2	3	3	3	9	3	9	2	
4	3	7	1	2	2	4	6	7	9	10	7	9	2	2	10	2	5	4	7	
5	3	2	9	7	9	1	9	2	5	8	7	8	2	7	1	6	8	6	10	

Stepup times between Families, where [f][f] represents initial setup time
On machine	1
41	78	49	18	44	13	19	71	60	36	68	86	11	98	73	23	91	29	55	55	
63	85	99	72	93	96	6	32	42	99	18	75	10	33	79	49	10	31	52	92	
55	80	22	6	80	22	65	37	31	45	52	12	68	82	12	1	79	79	80	88	
59	1	96	67	55	57	33	25	75	59	47	56	30	20	50	54	3	3	74	100	
6	42	26	22	88	2	27	49	65	93	64	22	85	86	45	67	5	70	17	63	
12	69	48	90	61	86	53	58	91	68	66	63	90	53	65	18	28	56	32	48	
16	2	96	93	45	76	31	43	78	56	69	39	88	45	51	31	69	40	99	69	
12	28	99	83	1	13	25	15	51	8	98	1	6	2	78	15	90	42	32	8	
97	99	30	48	100	27	7	19	85	45	27	27	35	81	15	59	6	53	34	94	
85	34	86	89	62	21	83	88	100	36	21	14	66	79	12	82	39	63	17	37	
21	28	47	1	87	66	75	28	46	39	55	54	18	26	44	63	77	19	55	45	
16	90	49	52	34	81	99	18	57	57	73	9	98	51	69	79	88	79	94	38	
40	34	89	88	35	61	36	84	33	24	42	33	40	88	62	23	24	47	7	64	
2	58	83	33	47	37	42	77	22	24	42	40	88	2	4	12	79	29	82	88	
49	25	91	66	7	30	86	66	77	58	59	43	83	96	42	78	16	78	18	29	
34	61	73	31	35	70	8	97	90	3	85	14	61	48	23	73	38	64	2	30	
39	27	44	76	35	88	68	59	25	66	48	66	99	26	28	42	32	68	9	7	
69	72	75	46	46	83	62	81	55	86	14	35	72	28	58	39	26	63	59	26	
43	21	94	74	18	44	35	50	79	19	54	63	79	6	94	6	27	16	32	67	
41	8	6	44	16	39	65	95	13	31	40	71	49	99	14	62	17	81	42	70	
On machine	2
56	51	24	45	44	27	75	91	40	37	29	74	4	26	22	25	85	34	97	4	
19	90	51	31	100	20	5	29	90	26	16	27	52	89	40	52	81	1	33	72	
98	33	85	28	85	17	85	24	41	87	93	11	60	46	87	46	31	4	3	67	
89	80	11	48	66	19	87	13	5	50	78	26	24	87	67	81	15	39	81	22	
60	37	27	56	13	29	30	31	54	35	76	58	93	25	65	74	11	34	60	44	
24	5	96	40	54	85	16	46	22	70	72	14	88	56	73	34	85	46	14	7	
29	66	64	8	78	62	75	49	9	18	86	84	7	81	68	4	68	78	40	23	
63	96	47	62	59	47	80	30	40	85	24	37	25	43	10	77	80	40	84	24	
30	96	28	65	53	12	22	54	59	46	47	35	21	59	77	6	44	16	27	55	
42	53	4	26	57	83	27	54	31	22	94	60	54	82	23	44	54	77	10	96	
31	5	88	99	8	82	24	27	64	94	72	42	48	40	78	85	49	67	31	50	
24	55	91	56	3	98	7	65	31	72	68	43	30	3	45	54	65	100	98	45	
13	85	65	82	10	49	61	63	74	41	74	98	15	33	13	53	15	58	20	31	
98	9	19	53	86	84	40	97	27	35	100	87	70	22	3	24	6	64	19	55	
79	51	12	26	50	35	86	34	6	80	73	3	1	48	8	54	66	28	62	47	
90	54	82	21	84	3	78	8	10	58	6	59	24	8	36	13	7	53	23	52	
30	79	48	32	44	33	96	82	54	43	39	17	78	77	84	25	57	25	58	29	
93	77	59	48	82	88	75	36	93	31	87	71	61	66	59	27	94	89	32	79	
79	42	34	43	80	100	93	12	28	84	75	8	51	22	73	36	36	66	61	22	
41	57	32	94	14	91	95	20	11	22	55	100	12	31	13	48	7	75	27	41	
On machine	3
53	13	36	88	45	9	94	79	46	52	94	60	78	7	96	66	82	65	76	66	
87	57	84	99	37	83	46	17	4	66	12	10	65	2	46	6	26	71	84	4	
52	85	46	30	28	37	68	2	68	64	29	13	71	99	94	77	15	75	38	89	
74	53	69	23	7	49	86	53	42	50	33	80	39	37	24	67	43	15	28	63	
56	64	52	66	42	2	82	73	21	41	33	97	81	32	34	25	35	8	1	78	
6	12	43	19	2	80	74	95	68	65	40	80	74	9	75	85	8	36	96	68	
3	55	75	28	85	48	98	4	14	9	42	57	53	67	38	36	82	18	74	100	
10	88	87	94	95	39	67	89	6	19	72	81	62	20	47	95	43	59	39	51	
91	38	64	17	51	41	32	55	29	20	41	55	5	2	7	52	2	95	100	55	
63	21	61	9	1	35	67	65	70	10	87	35	54	21	22	82	93	76	56	10	
10	20	30	27	18	9	22	7	24	79	50	83	71	25	40	51	8	6	57	36	
10	94	59	95	72	13	77	98	34	66	93	70	62	87	63	1	40	55	45	55	
67	100	60	96	19	62	70	52	80	64	42	21	4	81	91	16	56	66	57	30	
26	50	12	18	7	53	66	28	91	42	35	31	17	59	80	42	85	82	65	96	
92	41	82	98	51	97	39	53	98	100	30	77	82	16	41	71	76	51	37	74	
52	48	78	12	38	58	60	94	16	48	89	70	64	1	76	31	47	13	46	67	
66	35	31	84	5	4	20	60	45	43	6	35	66	71	76	81	68	35	53	80	
77	40	32	74	60	44	90	43	49	48	10	66	9	87	33	98	99	66	80	51	
67	95	77	28	5	90	87	63	29	52	50	87	38	18	100	14	93	62	30	47	
76	8	77	57	82	72	45	13	60	6	6	52	41	66	88	29	34	65	49	53	
On machine	4
53	79	81	92	90	94	87	99	14	87	1	15	40	44	52	93	58	42	45	85	
45	76	99	80	11	51	81	37	80	72	59	60	78	47	72	30	58	60	3	20	
24	43	47	38	49	56	54	33	15	41	81	96	41	44	16	59	65	12	70	9	
31	70	100	28	94	51	61	58	88	93	49	67	33	59	47	72	8	28	61	78	
15	86	39	15	29	58	32	52	4	40	33	24	39	1	74	12	64	89	46	28	
26	83	44	76	63	57	87	90	12	60	67	67	30	19	73	37	15	51	78	32	
4	59	23	55	49	89	67	37	69	56	3	75	48	35	62	88	50	62	85	60	
90	64	86	81	39	53	41	11	5	37	33	74	55	61	59	98	32	4	88	38	
92	80	74	99	85	6	25	19	36	67	62	37	25	72	20	8	38	33	37	84	
31	46	34	67	59	66	3	68	25	35	33	92	69	85	5	54	65	66	14	92	
79	22	46	38	1	97	21	11	31	65	26	18	83	56	37	71	27	30	45	77	
22	86	14	46	76	99	78	17	48	37	61	36	47	53	33	34	94	65	67	90	
2	27	39	37	19	97	50	17	84	41	18	26	49	9	98	57	70	78	79	91	
19	85	82	54	18	43	18	86	77	21	48	27	12	58	18	58	23	11	33	13	
96	83	86	71	90	41	75	56	18	46	29	1	24	64	16	27	86	11	7	14	
49	26	82	67	37	29	65	49	33	56	1	44	13	76	89	95	59	96	83	80	
33	60	19	66	38	72	21	6	19	43	2	29	70	50	31	5	23	82	25	73	
95	43	56	30	91	37	98	3	66	8	15	9	1	38	47	92	30	27	7	16	
95	22	80	31	65	23	52	39	36	52	78	51	4	59	84	66	32	48	91	59	
47	59	18	26	28	69	7	75	66	92	71	25	8	96	17	46	49	47	48	73	
On machine	5
83	75	8	58	25	78	58	25	55	58	46	46	64	47	26	92	94	38	36	40	
5	15	65	72	29	49	28	19	2	12	49	88	49	55	30	27	81	23	73	82	
13	16	12	44	47	51	57	6	53	63	70	31	68	92	24	38	39	25	30	29	
97	89	65	72	97	24	6	18	56	30	11	90	47	33	9	22	84	66	85	77	
11	62	85	19	70	35	74	46	28	4	80	34	37	29	29	52	3	50	22	46	
30	51	34	9	6	88	24	4	53	2	68	84	48	18	89	97	87	4	21	25	
39	98	64	22	50	70	93	96	19	97	11	47	44	22	31	2	82	59	19	5	
68	22	51	20	54	42	29	16	91	75	30	78	17	51	11	6	28	63	97	14	
78	98	69	54	33	28	42	10	81	57	52	66	100	98	65	77	3	52	90	17	
51	8	85	14	60	40	16	54	92	72	64	55	55	15	31	19	30	99	59	48	
85	89	24	50	18	22	32	26	74	27	92	68	26	76	86	52	35	71	81	25	
21	49	40	10	38	77	71	21	25	20	94	69	89	65	35	14	80	2	54	12	
96	11	55	24	73	1	56	49	30	53	40	35	60	90	91	41	92	13	59	93	
72	88	78	36	34	24	89	34	13	26	88	18	72	48	75	97	10	24	36	73	
6	59	2	58	76	75	66	88	96	81	44	62	87	49	32	18	3	6	61	45	
30	67	82	37	18	82	79	61	15	66	58	27	2	27	39	91	69	69	69	64	
2	43	70	45	13	64	60	58	24	47	28	75	49	43	64	100	62	21	100	73	
64	61	34	60	2	63	67	25	99	14	59	53	47	21	88	14	85	14	86	73	
37	87	71	73	41	23	17	16	77	73	74	24	55	31	32	91	3	34	65	2	
55	3	14	50	6	9	20	32	74	90	90	23	31	27	39	15	42	28	15	96	
On machine	6
14	78	5	52	22	43	76	49	80	11	86	26	20	49	96	88	71	94	88	24	
69	35	67	35	65	69	87	32	17	88	80	61	34	8	69	93	56	12	37	70	
85	28	19	26	70	74	22	74	43	63	53	97	64	7	70	18	84	46	38	45	
89	56	53	43	11	68	78	4	42	40	76	29	14	84	54	50	46	20	96	93	
65	6	43	91	7	13	3	51	70	59	83	1	46	29	33	73	63	60	11	64	
63	74	77	42	44	47	51	41	83	41	74	32	65	10	26	32	8	9	90	87	
25	38	19	37	37	54	38	64	54	22	53	83	59	78	4	34	94	13	12	64	
73	79	31	20	75	23	69	2	77	67	39	53	57	16	14	13	37	26	66	63	
90	20	60	18	3	64	45	37	97	46	67	42	77	85	65	97	44	33	14	77	
81	7	50	18	84	22	68	48	82	27	11	63	25	88	88	59	25	28	71	86	
28	42	90	20	10	31	22	6	63	88	67	22	49	65	70	26	8	51	21	83	
9	16	11	95	91	60	64	82	56	46	79	98	7	29	19	37	20	100	75	32	
37	37	9	93	39	93	4	56	5	98	12	17	40	37	31	64	94	34	18	23	
13	78	13	88	2	35	30	54	15	62	43	66	45	94	20	69	37	59	40	32	
29	89	90	7	2	14	18	82	56	73	84	4	50	32	5	53	58	53	5	91	
32	100	36	9	47	40	19	87	91	11	54	88	14	83	35	100	76	55	42	4	
8	73	99	76	42	69	43	93	94	41	27	87	34	78	80	68	79	87	28	42	
76	18	9	57	3	72	31	1	40	84	89	23	63	30	67	45	97	91	30	83	
46	88	47	43	14	12	93	24	94	80	69	51	96	22	55	90	89	12	34	5	
1	73	36	74	72	4	99	8	48	55	28	3	59	87	22	18	59	31	41	65	
On machine	7
83	61	39	25	47	24	58	1	3	59	100	97	59	78	75	98	35	55	9	52	
26	34	79	46	88	56	12	57	17	49	44	86	18	8	34	61	58	69	75	18	
25	1	56	21	47	67	22	10	64	43	43	21	19	78	16	40	69	53	45	67	
32	59	12	23	16	28	21	50	84	83	14	42	79	26	67	76	52	29	44	35	
16	24	54	21	48	25	90	56	47	29	20	9	9	73	3	22	40	60	6	41	
5	12	2	81	66	18	33	87	95	62	27	36	22	54	98	74	92	26	39	7	
49	3	38	71	15	16	99	28	94	14	59	70	34	79	21	82	33	97	58	69	
54	52	13	50	31	57	99	64	27	80	21	77	7	61	72	60	42	62	66	72	
62	25	25	100	9	59	37	1	72	48	13	27	7	97	59	57	30	54	52	32	
54	5	13	57	38	18	95	12	15	5	57	15	77	65	84	84	65	78	7	4	
52	85	44	24	90	15	48	8	55	31	22	78	40	96	47	15	33	58	54	20	
17	48	79	64	10	2	52	65	63	7	35	57	88	58	61	81	33	32	46	28	
86	41	78	53	41	37	71	92	60	61	28	64	28	14	58	33	14	8	81	76	
93	34	17	72	72	13	81	74	98	66	3	52	80	1	54	73	81	88	25	36	
3	7	100	83	53	73	40	42	52	47	26	9	6	31	32	34	9	64	56	6	
36	8	61	21	8	30	26	8	41	61	28	34	55	76	27	42	95	12	90	85	
100	87	48	11	51	82	14	2	46	89	9	66	100	6	78	82	82	75	40	83	
64	84	93	83	19	80	65	61	50	67	28	31	10	60	7	90	99	23	81	9	
43	34	98	73	65	84	67	92	62	86	38	17	23	1	17	18	80	95	6	51	
10	21	26	23	47	30	3	7	54	6	74	95	41	42	85	32	35	49	23	79	
On machine	8
53	10	41	84	16	68	13	84	96	66	82	80	28	76	75	74	22	61	35	18	
12	96	85	7	55	52	67	6	47	63	36	46	3	58	33	84	42	62	84	33	
73	31	24	41	83	80	21	11	20	50	45	98	2	75	25	66	45	10	80	52	
27	66	40	6	2	44	38	6	18	37	89	20	31	67	70	18	88	95	94	64	
75	55	3	52	7	8	95	67	20	87	95	13	65	44	96	6	92	79	48	98	
66	66	99	46	28	47	58	82	42	38	79	5	97	6	90	36	43	8	80	79	
94	23	86	58	13	2	80	75	88	71	26	63	97	38	11	50	38	9	97	34	
13	37	80	11	10	61	86	33	55	37	50	14	98	22	63	15	50	96	24	76	
51	96	38	62	51	87	73	12	49	23	34	93	61	68	88	70	76	78	75	83	
46	73	66	87	5	88	7	99	16	26	43	50	19	63	18	82	65	67	21	54	
19	60	83	40	7	96	81	41	77	80	8	51	16	42	3	54	69	58	34	87	
47	45	11	44	10	42	39	32	34	81	74	2	58	55	30	11	34	59	89	25	
68	90	78	93	26	54	27	84	17	98	100	6	8	19	82	47	88	42	8	11	
50	8	10	92	86	10	96	97	86	19	61	29	18	98	77	52	31	68	56	81	
57	77	93	49	90	34	33	19	24	31	71	44	65	18	19	33	65	24	73	19	
4	46	1	70	38	91	69	65	15	88	59	24	46	28	72	27	45	16	95	95	
2	50	10	79	64	58	50	77	5	97	89	48	87	66	33	3	52	53	86	91	
22	6	96	34	11	49	66	45	90	19	50	20	22	97	74	87	18	24	2	11	
25	93	8	52	31	49	64	25	65	72	32	15	61	25	7	71	96	38	11	95	
100	34	68	41	89	10	19	64	36	96	33	35	58	8	29	21	61	85	60	72	
On machine	9
19	64	10	44	67	67	91	70	22	57	39	28	79	8	39	19	90	87	69	32	
81	70	78	55	78	74	93	33	91	41	67	23	76	45	97	11	1	36	65	39	
20	36	58	88	27	3	69	49	89	62	16	64	45	54	32	48	76	83	36	92	
40	37	90	63	72	99	5	72	54	14	98	63	34	1	7	73	5	94	23	72	
94	34	91	31	52	44	8	69	81	63	6	27	13	41	80	83	54	6	82	38	
14	2	44	30	53	14	67	40	100	41	48	100	94	98	95	91	19	80	6	76	
7	43	79	90	12	69	51	16	82	47	48	14	93	52	15	71	44	66	18	36	
65	84	14	52	21	52	96	92	57	54	77	37	41	77	74	56	4	53	93	37	
60	32	22	59	100	28	73	59	15	49	80	99	75	47	7	57	49	91	34	7	
71	39	27	29	83	58	9	57	46	41	92	27	5	7	29	62	6	79	32	69	
58	87	5	89	38	70	36	14	68	7	21	100	63	89	82	100	14	75	74	87	
24	29	46	74	8	50	65	94	43	99	29	90	42	100	84	95	22	6	97	100	
77	96	32	58	95	10	19	5	21	18	62	23	57	65	75	5	77	35	58	92	
4	2	84	13	42	12	47	25	56	93	34	30	21	82	84	94	91	20	6	41	
40	73	100	72	18	9	57	24	61	4	12	44	76	82	41	7	19	43	56	78	
99	48	50	93	54	89	65	75	69	57	91	79	84	27	22	64	81	38	82	8	
55	99	26	29	75	49	60	12	72	77	44	47	68	44	67	88	79	42	27	94	
11	71	81	32	44	99	62	15	45	46	100	41	31	91	77	55	46	30	20	43	
49	2	14	11	9	59	87	84	5	27	30	2	25	96	66	83	88	7	25	38	
70	39	41	15	42	51	42	16	28	64	59	57	74	67	8	79	68	30	75	61	
On machine	10
26	33	1	72	77	15	56	25	96	34	87	1	13	43	62	92	82	85	30	97	
21	9	95	13	84	54	100	10	45	70	6	2	73	81	74	4	37	92	16	26	
29	64	92	59	25	96	34	83	26	96	28	77	22	72	69	52	26	13	71	93	
38	78	18	4	62	57	79	17	60	7	98	25	90	9	20	97	18	21	83	30	
59	84	55	53	18	41	8	17	60	58	37	40	9	65	61	62	50	11	57	24	
3	24	1	3	92	17	22	54	65	21	23	21	79	85	30	20	29	52	94	25	
23	35	50	50	9	61	41	21	72	93	48	96	13	19	19	83	30	68	51	91	
68	18	51	86	93	31	14	56	67	25	57	4	30	22	98	47	91	9	84	28	
44	89	27	94	34	56	94	94	8	6	67	31	90	11	55	58	21	22	35	37	
41	96	18	49	9	33	40	84	30	37	35	36	23	9	76	1	70	75	55	71	
74	75	62	51	56	20	39	47	96	55	93	25	86	81	85	5	97	7	38	65	
98	53	93	45	47	71	45	58	58	36	18	59	57	52	32	87	20	77	94	69	
93	60	56	5	66	80	14	15	44	24	90	22	95	49	44	22	99	86	19	32	
57	47	19	41	28	11	76	30	61	98	34	48	33	98	59	24	6	10	21	4	
13	87	96	41	50	97	90	12	36	34	90	80	55	97	81	10	71	26	99	65	
56	47	21	47	46	34	47	47	29	33	1	63	41	74	30	69	86	53	24	66	
32	23	49	82	73	24	45	98	83	71	6	63	39	72	8	38	46	90	28	37	
80	31	7	65	14	56	99	40	56	89	58	9	2	65	26	73	54	50	39	76	
67	84	38	25	80	1	31	34	21	96	18	40	69	30	79	17	59	37	10	83	
3	25	88	40	7	68	19	18	6	45	47	93	11	3	10	2	71	47	49	55	
On machine	11
69	74	1	64	70	44	41	72	85	22	80	77	35	30	65	32	53	72	97	32	
98	95	69	36	76	30	69	43	99	68	72	24	4	50	28	74	47	31	5	54	
42	45	93	66	88	22	27	32	59	85	32	28	61	66	93	98	69	36	34	84	
80	41	30	46	14	47	25	58	94	69	34	58	28	43	1	16	27	3	96	29	
50	80	100	37	51	12	58	82	78	20	26	84	26	27	40	60	33	17	18	27	
69	49	13	61	19	48	27	80	43	87	17	83	36	59	44	84	89	28	61	65	
32	16	37	59	10	28	6	15	75	84	36	50	19	42	78	38	66	97	65	73	
88	40	17	97	100	59	13	85	90	66	82	63	6	91	27	86	99	38	16	34	
63	63	46	54	25	6	89	46	1	16	77	29	79	76	50	80	6	53	92	75	
30	86	21	99	88	9	96	97	21	28	81	46	34	12	50	24	26	12	22	12	
64	7	96	44	91	25	82	83	63	71	66	19	45	36	98	38	42	66	43	15	
100	49	63	23	98	78	54	100	58	16	73	69	80	64	90	35	96	66	3	63	
22	83	94	36	68	44	52	51	45	58	5	85	89	75	12	8	86	46	99	13	
81	50	57	61	44	85	98	78	90	91	23	51	47	20	71	71	94	22	12	19	
84	81	90	79	100	21	29	86	95	62	33	87	24	70	47	3	68	61	98	40	
38	12	3	52	47	13	92	23	76	94	22	93	92	28	74	24	75	91	1	84	
43	43	68	35	2	41	63	51	40	87	32	42	59	20	58	14	77	96	90	53	
65	36	82	34	79	93	5	4	16	1	74	67	89	69	92	93	32	13	49	70	
93	89	81	31	6	57	90	56	1	28	37	40	73	72	12	78	3	65	98	64	
54	15	74	74	37	85	24	56	20	19	100	32	39	26	33	48	54	47	21	71	
On machine	12
95	73	37	93	4	11	83	96	96	5	38	4	50	49	15	90	4	1	21	9	
72	72	66	49	32	18	40	85	11	60	92	94	16	59	2	76	95	71	21	40	
68	67	85	79	54	99	67	67	81	63	47	27	52	2	81	3	42	57	25	29	
45	85	63	66	95	42	7	40	73	25	4	99	45	41	95	70	52	45	14	100	
8	45	98	43	86	55	34	93	80	63	85	88	85	94	18	38	45	18	38	66	
62	62	65	69	27	45	64	84	52	48	34	93	2	89	74	81	64	25	33	81	
70	24	48	32	22	3	20	99	85	43	13	21	83	81	19	21	60	37	92	82	
93	18	85	55	58	69	46	88	66	58	73	44	81	60	50	82	76	17	59	44	
19	41	85	66	47	33	8	100	70	32	78	16	39	81	49	38	16	59	20	69	
38	8	68	29	92	88	59	88	92	18	41	14	23	100	81	16	30	20	86	26	
24	81	63	65	54	79	92	33	93	62	6	51	18	21	52	92	28	58	83	22	
13	72	27	53	22	9	63	80	68	25	66	22	71	70	55	62	27	70	67	5	
84	82	85	22	74	52	46	99	59	87	29	48	43	61	60	44	51	86	61	22	
58	12	12	88	2	46	30	30	73	92	13	26	97	91	4	92	100	41	58	15	
99	92	46	17	79	15	78	84	22	85	76	29	96	92	40	1	85	93	3	54	
40	35	92	43	52	21	85	27	22	76	48	87	76	51	50	73	80	49	31	36	
96	24	80	50	32	99	22	73	73	87	60	5	32	2	14	76	78	76	14	51	
87	93	27	33	24	46	57	53	2	22	25	77	4	21	45	52	84	76	45	59	
88	12	51	80	22	12	12	54	18	20	21	81	80	80	65	45	93	87	59	81	
26	48	86	86	98	22	82	96	27	52	87	24	36	8	37	66	70	35	6	45	
On machine	13
57	85	64	89	3	5	80	88	11	20	79	72	31	18	59	20	67	13	41	1	
69	33	78	67	1	24	10	76	34	90	68	56	93	71	75	70	30	84	45	38	
48	88	46	35	21	8	75	75	18	5	100	8	7	12	66	69	42	66	66	10	
68	41	89	40	36	75	24	13	57	85	52	6	54	67	92	65	28	10	88	86	
95	78	16	48	72	65	89	78	99	75	4	59	19	72	47	85	42	23	81	93	
75	89	80	81	92	97	85	83	85	96	68	66	62	44	45	46	85	81	34	53	
20	96	29	43	96	79	40	90	74	44	56	47	72	94	63	58	99	17	97	37	
11	22	72	30	88	46	10	82	28	98	76	94	70	31	13	68	69	78	53	23	
44	67	23	34	28	13	83	74	62	69	99	58	59	29	48	7	24	62	45	59	
19	37	12	39	20	54	64	95	4	30	58	33	72	14	98	35	56	43	49	5	
73	25	5	42	7	99	56	92	31	68	44	6	94	3	90	69	22	35	62	51	
29	13	10	40	26	15	67	25	91	26	49	66	8	19	93	6	97	69	15	94	
48	70	12	74	23	47	78	71	73	12	22	78	63	88	55	35	51	89	81	2	
33	92	30	17	20	56	48	58	65	28	63	24	91	9	53	8	4	36	95	6	
80	52	30	80	90	64	55	19	39	27	63	19	43	80	22	55	36	36	90	61	
74	38	90	7	56	21	11	72	61	56	51	77	27	90	72	50	22	99	95	67	
52	19	74	22	43	50	43	88	1	27	74	72	48	84	37	3	84	83	93	25	
80	38	40	26	14	28	9	40	64	67	43	28	8	84	10	47	20	41	30	59	
97	30	29	3	75	99	3	79	58	25	85	15	75	98	75	69	82	97	33	89	
82	58	59	57	62	42	71	21	15	43	7	25	26	7	84	57	3	62	70	80	
On machine	14
10	20	69	79	57	63	24	32	50	93	43	66	75	10	14	19	83	45	92	61	
70	95	18	10	28	92	69	62	9	68	8	21	13	37	98	49	63	83	6	76	
51	16	73	90	96	78	42	50	18	77	47	75	52	17	26	85	57	79	20	3	
97	99	39	95	54	74	31	8	24	17	63	75	60	62	93	10	67	30	89	93	
91	54	10	94	26	45	80	22	79	66	79	88	97	14	5	65	97	65	62	69	
68	45	85	9	33	23	76	29	99	53	92	69	74	92	26	74	15	31	85	74	
37	12	84	84	7	57	3	72	51	73	53	99	83	92	21	62	2	96	2	8	
69	81	38	69	80	40	78	28	71	75	63	97	88	76	17	12	46	52	12	92	
35	98	74	23	86	32	3	97	44	3	14	67	76	97	5	26	36	76	84	28	
42	62	22	86	63	20	24	55	99	7	70	80	49	67	91	57	88	90	82	78	
14	73	30	13	20	1	19	79	78	13	98	65	37	54	92	14	6	67	90	82	
77	14	63	64	1	10	44	72	29	6	100	82	80	63	36	15	93	5	30	45	
91	96	46	60	59	68	55	60	42	73	2	56	20	9	100	78	16	54	11	100	
42	69	11	93	55	95	89	28	16	42	4	44	34	35	54	89	40	33	80	41	
37	62	54	30	28	16	9	95	89	59	3	30	26	17	32	30	26	91	13	33	
4	90	61	71	11	40	87	83	41	95	55	52	38	54	68	12	66	71	38	34	
69	17	3	70	1	36	91	26	97	37	4	69	34	42	11	62	75	17	44	98	
49	48	56	94	34	5	13	37	57	27	18	17	75	53	96	59	88	60	8	84	
45	23	61	65	76	78	80	94	85	8	31	83	12	3	75	7	27	99	53	62	
53	18	39	40	43	21	38	86	66	11	86	81	97	32	54	41	32	23	82	19	
On machine	15
81	20	86	78	43	83	95	38	64	89	92	34	35	62	7	8	49	78	52	39	
11	52	51	4	53	15	85	72	62	83	83	28	48	57	86	74	13	66	18	12	
69	57	37	94	78	57	83	33	54	12	36	21	92	35	13	46	62	58	31	94	
20	20	4	18	49	54	11	60	90	7	30	56	47	20	30	69	18	53	10	66	
89	12	84	64	40	55	69	39	47	40	36	64	60	69	84	29	24	85	45	11	
34	14	4	43	77	95	85	16	88	80	26	36	2	60	33	25	15	62	3	90	
48	45	47	66	26	53	17	8	25	49	39	28	38	39	67	80	19	60	83	43	
79	84	13	6	50	10	87	16	37	51	18	79	77	53	82	4	24	78	13	75	
49	82	15	70	17	22	1	56	78	97	12	17	79	28	13	53	72	76	54	40	
55	34	72	32	95	8	27	8	24	63	73	91	39	48	67	18	88	47	4	27	
1	84	91	67	5	56	16	24	44	12	42	90	80	71	7	74	73	90	75	33	
89	8	49	24	80	16	56	44	22	50	29	60	16	99	82	72	68	60	35	8	
63	29	66	17	17	39	52	76	28	76	50	89	44	32	81	17	71	80	14	11	
55	15	84	27	60	85	43	73	4	15	69	1	64	42	43	98	33	96	59	16	
18	40	83	12	40	69	25	87	20	73	40	40	19	42	61	46	84	50	75	1	
81	47	36	6	27	65	25	97	88	15	60	42	17	27	8	27	25	34	60	90	
15	56	44	42	39	47	4	66	16	70	46	45	96	64	74	99	49	41	36	37	
38	88	46	83	77	42	27	86	43	60	51	56	89	23	96	18	2	59	80	86	
60	85	92	80	4	20	8	34	64	50	68	98	36	88	26	35	56	59	13	60	
63	57	82	92	53	67	41	59	56	92	6	40	37	67	88	11	22	52	82	100	
On machine	16
91	32	16	53	93	65	29	5	64	84	74	82	52	90	25	76	95	17	95	18	
78	44	22	72	74	20	11	98	64	48	28	32	91	99	81	94	49	93	68	6	
17	19	90	72	35	35	4	93	48	96	73	99	39	21	20	99	44	16	10	88	
36	76	61	68	2	23	64	8	41	22	78	93	45	70	76	76	34	89	62	70	
23	27	97	33	71	21	44	13	34	23	99	26	10	25	87	56	7	45	70	4	
32	22	50	59	22	4	18	65	31	58	96	76	44	68	89	76	71	19	57	77	
40	77	66	75	12	57	28	49	38	3	74	82	46	8	87	7	67	56	70	65	
74	68	90	50	11	6	10	6	58	70	12	32	2	78	69	56	72	58	29	11	
32	2	55	33	4	47	86	14	13	92	57	93	65	61	48	9	5	61	24	24	
16	52	78	89	41	27	66	84	6	58	18	41	76	78	60	37	52	53	27	96	
31	79	38	24	6	91	58	40	49	21	27	93	26	84	80	69	88	54	86	28	
64	39	78	52	98	36	6	67	69	57	78	8	45	81	15	23	61	32	63	76	
80	70	58	94	26	6	61	99	19	25	29	16	88	64	47	91	7	74	49	19	
88	71	59	51	84	62	86	13	16	70	61	53	9	92	55	38	19	6	52	48	
55	34	31	31	50	76	79	83	22	62	13	80	79	91	41	28	58	18	89	75	
61	8	66	14	28	71	60	87	66	52	68	91	59	11	64	49	48	5	83	27	
7	31	89	59	33	61	85	52	89	9	98	44	39	66	47	12	41	23	18	98	
93	28	46	46	11	51	35	4	44	94	23	96	39	12	11	91	7	73	71	10	
77	64	22	49	27	44	59	38	97	28	45	18	51	38	10	98	64	13	25	17	
93	67	46	34	69	71	9	1	15	36	99	27	65	9	40	78	60	58	12	61	
On machine	17
87	66	92	83	56	63	68	49	53	23	47	39	44	100	54	28	97	3	88	5	
3	8	21	6	9	1	38	2	34	76	32	52	84	50	81	55	49	1	15	3	
86	72	86	36	43	81	1	38	68	36	20	42	79	94	8	89	41	33	34	89	
77	42	69	92	34	58	2	83	33	1	1	3	55	84	97	72	97	18	96	34	
32	98	80	76	41	51	22	89	74	91	85	33	10	24	57	4	67	100	84	46	
9	60	28	70	61	15	3	68	39	100	67	21	28	81	18	29	88	49	37	64	
99	1	15	76	80	98	16	50	87	50	91	42	99	88	17	96	15	53	99	64	
67	93	94	86	29	13	12	42	73	42	54	10	16	81	20	94	32	92	88	99	
44	86	55	27	29	15	76	16	42	50	82	95	36	18	44	15	25	82	15	22	
17	32	56	98	38	53	99	80	68	19	99	93	32	47	47	50	79	83	100	2	
9	94	20	18	66	79	7	40	19	12	51	58	69	37	17	73	56	36	21	21	
90	69	99	52	26	72	8	15	27	86	39	72	64	38	81	16	6	57	85	98	
19	28	76	69	1	92	59	87	6	77	59	94	26	52	50	31	43	67	14	17	
11	31	23	79	31	28	4	26	95	18	75	69	86	48	85	61	15	76	28	99	
100	98	51	67	62	58	9	99	78	3	45	9	34	74	9	22	47	17	3	11	
5	80	89	36	19	25	44	98	13	23	85	41	67	46	9	31	20	93	79	92	
39	80	17	34	89	22	37	2	59	54	20	60	33	38	94	60	98	48	87	37	
50	48	17	22	74	1	15	35	44	12	58	57	79	70	50	93	67	97	35	98	
59	17	72	81	38	71	8	40	16	99	83	58	51	43	59	90	38	79	87	50	
72	86	20	82	60	73	31	78	20	70	46	28	20	56	79	9	76	77	37	85	
On machine	18
40	96	7	28	95	24	34	64	18	24	79	9	42	1	66	28	24	21	21	68	
92	25	40	16	21	46	28	4	28	31	42	42	18	21	5	8	26	15	88	77	
50	48	13	64	49	60	16	63	59	46	80	3	60	67	3	63	58	34	81	48	
72	93	99	68	43	24	19	17	16	28	79	96	86	96	49	25	18	47	42	62	
28	48	8	48	59	10	72	9	68	62	28	46	15	7	75	91	86	84	71	64	
66	20	27	98	51	42	85	63	68	62	68	10	7	56	72	55	86	87	43	33	
33	73	38	65	86	29	56	46	27	81	11	13	3	33	66	3	20	63	87	36	
47	21	5	63	52	64	46	3	99	50	59	92	52	75	11	91	19	67	44	13	
27	27	95	87	83	88	87	66	73	100	25	93	63	20	86	51	60	2	68	25	
20	28	54	45	26	8	50	68	33	9	64	42	56	66	85	99	59	94	29	87	
75	91	5	9	89	75	27	13	10	28	83	48	97	67	78	97	9	44	65	33	
80	59	96	58	33	74	7	56	42	1	21	8	65	42	68	49	56	46	68	27	
22	4	39	21	72	97	4	24	28	55	98	46	73	73	4	28	51	59	63	82	
5	83	47	38	27	23	93	32	89	14	65	14	65	20	88	52	51	28	56	41	
92	77	98	22	87	20	35	90	48	97	19	67	18	90	7	68	90	40	98	7	
78	69	61	65	82	34	13	36	66	22	13	8	51	14	13	37	91	82	31	92	
75	60	48	17	43	24	88	23	97	92	65	74	5	24	53	17	29	1	7	62	
11	85	41	22	3	34	99	57	47	29	46	55	28	20	57	100	7	68	100	42	
32	15	51	28	50	68	61	9	42	8	31	77	8	79	54	23	24	38	44	36	
81	75	57	7	48	18	60	73	95	89	69	31	60	76	12	85	15	43	85	90	
On machine	19
66	13	10	13	8	75	57	90	97	24	7	18	81	86	60	83	86	20	71	83	
22	33	8	74	55	73	12	23	70	39	49	83	93	99	83	36	24	29	42	44	
54	25	85	44	93	76	6	28	71	64	39	72	96	67	85	96	72	5	47	3	
11	59	96	17	57	86	81	24	95	13	53	12	39	6	78	37	27	43	97	89	
77	16	20	65	90	35	87	29	40	68	84	84	92	26	56	64	4	58	11	21	
89	15	17	27	73	61	22	19	22	30	55	27	58	46	38	84	34	65	88	8	
5	26	28	11	35	42	43	35	61	63	50	92	35	3	19	1	18	88	21	63	
43	65	57	69	77	52	53	73	91	1	46	82	54	40	19	23	51	58	94	47	
64	53	42	93	91	29	64	81	21	14	82	35	85	23	31	92	11	32	28	100	
46	3	74	35	51	36	33	14	17	78	28	59	94	41	35	3	11	29	38	92	
35	99	54	59	100	34	24	72	79	49	64	87	53	48	40	61	77	75	18	68	
32	50	59	72	78	73	49	59	75	51	85	29	62	66	49	83	9	1	42	96	
81	35	29	53	19	58	95	63	51	81	89	63	96	38	77	25	53	62	71	88	
58	60	35	33	77	77	87	41	54	85	35	92	26	81	31	4	20	6	45	15	
42	79	100	96	1	26	100	99	33	53	58	11	96	38	2	79	5	19	20	32	
9	88	80	94	69	53	46	1	57	49	48	98	92	91	73	93	68	10	94	17	
80	88	38	99	89	14	56	56	13	84	7	74	78	67	37	11	42	74	85	35	
57	89	17	35	95	39	1	34	12	2	79	72	34	45	43	89	30	69	51	87	
13	24	10	75	52	90	22	26	89	5	65	14	12	16	84	22	51	45	11	91	
10	99	65	36	77	98	5	36	6	62	27	77	61	27	23	5	59	45	34	61	
On machine	20
35	100	38	76	7	28	65	33	70	95	5	59	32	7	10	52	3	53	95	22	
33	36	82	30	62	14	83	85	15	33	95	12	79	52	92	79	89	47	31	10	
46	8	81	58	12	56	64	69	19	17	55	16	24	85	62	29	59	35	89	66	
37	4	43	52	65	81	19	7	98	71	44	5	82	68	48	97	46	84	25	78	
10	30	59	48	81	16	69	63	13	7	19	17	64	24	39	93	86	11	47	1	
7	18	10	79	23	58	78	80	20	85	46	80	71	92	20	38	75	52	21	95	
90	46	79	5	68	75	63	18	9	27	7	25	11	83	62	64	28	28	83	62	
88	97	66	47	10	42	89	29	31	35	95	62	76	69	51	80	46	55	82	56	
47	15	100	34	38	82	16	67	1	93	11	60	93	42	15	58	80	82	84	54	
43	52	82	39	27	22	49	86	25	11	14	38	90	93	30	8	72	11	75	68	
90	65	77	45	44	91	35	65	75	47	95	5	58	39	64	15	13	87	25	60	
25	34	33	73	76	11	73	17	66	46	65	93	56	92	38	82	8	95	27	33	
74	2	47	29	93	16	7	14	52	7	37	26	94	74	96	8	85	87	36	86	
95	51	60	99	34	51	50	58	81	60	75	94	26	45	36	66	87	19	64	99	
36	25	75	67	13	86	51	100	75	100	69	2	32	66	57	61	77	52	73	50	
56	1	87	59	65	41	94	81	76	65	7	14	3	55	69	56	85	50	93	77	
84	98	86	39	7	19	72	85	76	72	71	62	52	86	19	9	34	54	21	58	
56	20	64	5	3	4	81	88	11	86	12	10	27	28	8	61	18	83	41	23	
71	19	43	49	49	95	50	3	85	81	88	76	56	65	11	57	31	12	48	88	
18	70	74	7	65	100	59	93	89	12	19	68	78	2	91	32	91	28	45	70	
