Factories	2
Families	20
Machines	40
SetupType	3

Number of Jobs in each Family
2	8	6	10	4	2	8	8	3	5	4	1	4	8	9	10	4	9	8	6	

Jobs in each Family
0	1	
2	3	4	5	6	7	8	9	
10	11	12	13	14	15	
16	17	18	19	20	21	22	23	24	25	
26	27	28	29	
30	31	
32	33	34	35	36	37	38	39	
40	41	42	43	44	45	46	47	
48	49	50	
51	52	53	54	55	
56	57	58	59	
60	
61	62	63	64	
65	66	67	68	69	70	71	72	
73	74	75	76	77	78	79	80	81	
82	83	84	85	86	87	88	89	90	91	
92	93	94	95	
96	97	98	99	100	101	102	103	104	
105	106	107	108	109	110	111	112	
113	114	115	116	117	118	

Total number of jobs
119

Processing times of jobs
1	2	9	3	2	1	8	5	5	4	10	5	8	3	5	10	3	1	7	8	1	1	8	10	1	10	3	1	9	8	9	1	6	6	7	3	2	8	4	9	
2	4	6	3	10	2	10	7	10	1	6	9	6	5	1	3	8	1	9	6	7	10	5	3	8	9	2	9	1	4	6	8	7	3	4	3	7	5	3	4	
1	2	10	6	9	9	4	3	5	9	4	9	4	5	8	10	6	1	8	3	6	1	5	6	4	3	5	4	4	5	2	3	4	1	2	2	8	2	10	9	
8	10	6	1	8	7	8	8	10	2	9	2	3	7	10	3	10	7	3	5	5	2	6	9	1	1	8	2	7	9	4	2	5	8	9	6	7	7	3	1	
8	8	10	4	3	9	3	4	2	6	4	10	3	3	7	10	2	10	4	7	3	10	5	8	3	4	4	1	2	5	10	9	6	3	7	4	7	1	10	8	
9	8	9	5	4	4	3	8	7	4	6	8	6	6	8	7	1	10	7	1	7	4	6	9	2	3	5	1	10	7	8	5	5	10	6	3	1	6	10	4	
4	6	5	4	2	9	8	5	10	4	4	9	4	7	3	8	2	6	10	6	10	7	3	2	9	10	6	10	3	3	5	3	3	1	3	7	5	3	4	8	
6	10	6	6	8	8	9	2	1	3	6	6	1	9	3	9	9	6	9	5	8	1	1	4	4	1	2	2	4	2	7	1	8	6	10	10	5	5	2	4	
10	4	4	2	2	5	2	2	4	4	3	1	3	9	8	6	10	3	1	2	3	4	7	8	6	4	5	4	4	9	1	8	8	10	8	7	6	9	9	7	
3	10	9	8	10	5	4	1	2	5	7	8	3	6	2	8	4	4	1	5	2	6	7	8	9	7	5	1	6	2	1	8	2	7	3	6	2	8	5	5	
7	5	6	9	5	8	4	10	10	2	8	4	7	1	2	6	2	4	5	5	8	2	6	2	10	5	10	6	6	4	8	6	7	5	6	4	2	5	2	9	
9	7	2	10	4	4	4	10	5	2	2	7	7	4	4	7	1	3	4	10	3	6	7	9	4	1	5	4	8	6	7	10	9	9	7	8	8	2	5	3	
2	5	7	7	10	10	9	10	4	4	9	9	3	8	10	10	5	7	3	8	5	5	9	8	10	5	5	5	10	9	6	3	3	10	8	2	7	9	4	10	
4	4	4	8	10	10	6	1	1	7	6	9	5	4	2	4	3	4	10	10	8	7	9	6	7	3	3	7	2	4	4	7	3	7	3	1	8	6	8	2	
5	8	4	5	2	3	6	3	5	5	8	10	8	10	6	4	4	4	1	8	2	7	3	3	8	9	10	4	1	10	8	10	9	2	5	1	4	8	4	5	
4	5	1	5	9	5	8	6	2	2	2	9	6	3	7	4	4	4	6	7	7	3	4	5	3	5	3	10	2	8	8	9	3	2	5	4	8	8	6	3	
4	9	6	3	4	8	10	4	1	10	7	4	9	7	1	2	9	9	2	7	9	3	10	7	2	5	2	2	10	8	6	6	3	7	10	6	5	2	8	8	
6	5	3	4	10	7	1	1	9	2	5	1	10	9	3	9	4	9	6	4	7	7	10	2	7	4	8	5	2	6	4	4	8	10	1	1	9	1	4	1	
7	2	1	6	7	9	2	6	10	6	10	5	3	6	2	9	7	2	9	5	8	8	7	1	1	5	7	2	2	6	4	5	8	1	4	1	9	5	7	3	
2	3	9	10	6	1	4	1	6	6	5	1	5	4	3	1	5	6	10	3	7	10	6	8	1	6	10	4	10	2	6	8	7	4	9	10	10	4	8	9	
8	7	4	6	1	4	6	8	3	7	2	6	3	7	7	1	1	2	6	6	1	3	2	2	10	9	6	9	3	8	4	1	5	3	1	7	4	10	5	1	
2	4	3	2	5	10	7	7	4	5	10	5	9	6	9	5	6	8	3	8	3	2	2	6	8	3	6	9	2	5	8	5	3	5	2	2	10	1	10	3	
3	8	4	4	8	8	1	2	1	2	8	3	4	4	2	1	8	5	2	2	5	1	1	6	8	10	3	8	5	5	6	7	1	3	2	10	5	1	6	5	
3	1	5	8	10	1	2	5	8	9	3	5	6	5	3	6	3	10	2	2	10	2	2	6	2	2	7	8	6	4	5	3	1	4	6	8	10	9	3	3	
3	9	9	8	10	5	10	10	4	9	8	9	1	9	4	9	8	3	10	1	6	3	7	9	4	3	8	2	7	10	8	9	7	7	3	1	4	10	1	10	
6	10	4	9	9	8	4	5	8	4	3	5	6	10	8	1	10	1	6	4	10	4	7	6	6	2	1	7	6	6	6	7	9	10	3	5	9	1	9	5	
9	2	4	7	4	3	6	4	6	2	4	2	9	5	2	8	1	8	5	7	6	3	5	10	3	5	8	6	5	10	8	10	7	7	5	10	3	8	3	10	
5	10	2	9	2	5	2	10	1	2	8	3	5	7	5	10	5	5	8	9	6	1	1	9	1	2	9	3	2	7	8	4	3	6	6	9	2	2	5	8	
9	10	8	1	4	9	8	4	8	1	2	5	6	1	8	9	8	2	1	7	7	8	1	10	5	5	5	3	4	4	7	7	3	9	7	4	4	9	10	1	
6	6	5	7	10	8	8	9	9	7	5	9	9	6	8	3	6	9	6	3	6	8	5	2	3	3	8	6	3	2	6	6	9	10	2	6	1	1	3	5	
6	1	9	6	5	3	6	10	8	9	4	3	7	6	9	5	1	8	1	6	3	3	3	7	6	2	7	4	5	4	3	2	7	4	5	5	1	7	2	8	
3	3	10	9	2	1	5	1	3	3	7	9	10	6	8	5	4	8	2	6	5	8	10	1	1	2	2	9	5	10	10	2	4	9	9	9	8	6	6	8	
7	9	6	8	2	1	3	6	4	6	5	5	10	9	1	3	1	4	4	4	6	6	4	1	6	9	8	4	1	6	6	9	2	4	2	10	1	8	6	4	
9	4	7	4	7	1	5	3	10	4	7	3	5	3	3	8	6	9	2	9	5	6	8	2	5	1	2	4	1	7	7	8	1	8	9	4	4	3	6	7	
8	3	8	9	1	5	1	7	9	1	4	1	5	8	8	6	3	10	2	5	6	1	10	1	2	6	1	6	3	3	4	4	2	3	6	3	6	10	4	1	
3	3	2	4	8	1	10	10	10	9	9	5	8	3	4	3	1	8	3	9	5	4	5	6	9	5	7	6	6	1	4	5	6	1	2	1	3	4	1	9	
4	10	5	1	8	9	7	10	1	7	9	10	1	6	6	6	3	3	7	7	3	6	8	4	9	10	9	9	4	3	5	10	8	5	10	3	1	8	5	3	
1	1	8	8	7	6	6	10	4	5	6	5	1	8	3	3	5	2	1	7	10	3	8	9	9	6	9	9	6	8	10	10	9	9	2	3	8	6	6	9	
3	6	2	5	4	6	6	9	6	8	6	6	5	8	5	7	8	1	6	8	3	9	7	4	5	4	5	6	9	6	1	2	5	4	3	10	10	2	8	1	
3	7	9	8	2	8	7	8	10	6	3	5	4	3	8	2	1	4	8	4	4	2	2	10	6	2	7	10	7	6	2	7	3	7	10	2	6	1	5	5	
7	2	5	6	10	2	1	1	5	1	4	10	8	8	10	2	9	10	6	4	9	7	1	2	4	4	7	6	5	10	10	10	5	5	6	3	4	4	5	8	
5	2	9	7	4	1	2	8	3	3	8	3	2	4	4	10	7	9	5	7	8	3	9	10	9	1	2	3	3	6	1	2	2	10	1	8	6	7	9	3	
8	7	1	10	4	1	8	9	3	1	5	3	7	9	9	8	10	10	6	8	9	4	9	8	3	9	10	4	7	9	3	5	1	4	8	10	5	3	3	10	
6	2	7	9	9	1	5	10	8	8	6	7	10	7	1	4	3	6	6	5	5	7	2	8	3	6	8	3	10	4	3	8	9	5	9	8	3	7	2	2	
2	1	1	5	6	8	4	5	2	5	3	10	7	6	9	5	8	3	1	8	6	2	1	2	6	8	1	8	7	4	4	5	7	9	7	7	1	9	6	10	
9	6	7	6	10	6	4	3	5	6	9	5	4	3	4	5	4	5	2	6	10	7	1	1	5	1	2	4	1	8	3	8	8	9	4	4	6	7	9	3	
1	5	5	1	10	1	3	5	2	4	4	8	3	3	3	5	2	7	7	5	6	6	8	6	10	4	10	7	6	6	9	6	2	8	9	8	8	6	4	3	
6	5	7	5	10	7	7	10	1	8	6	5	6	4	5	7	10	7	9	10	6	3	10	4	9	6	1	7	9	3	9	4	5	2	10	5	4	5	6	1	
5	2	8	2	5	8	4	10	2	10	5	10	9	5	2	3	4	3	7	5	10	4	8	8	1	6	5	9	6	4	10	9	1	4	9	9	10	3	8	4	
3	2	10	1	2	1	10	9	8	4	8	9	9	8	1	9	9	1	5	2	8	10	9	3	2	1	9	2	4	7	5	8	9	7	5	4	2	7	5	3	
4	4	7	2	7	2	2	4	4	4	10	5	8	3	5	6	6	9	3	3	8	8	1	2	5	8	9	9	5	4	5	5	6	9	6	4	9	6	7	4	
9	4	2	1	3	7	5	3	3	3	5	5	6	8	5	5	10	4	1	9	1	7	6	9	9	6	1	10	1	10	9	5	4	5	6	9	8	10	5	6	
10	3	5	9	8	5	10	8	4	7	5	6	6	7	2	3	1	1	4	9	4	8	3	9	5	3	2	10	2	2	3	8	6	3	2	5	7	7	8	4	
4	3	3	5	2	1	7	10	1	1	10	2	1	6	7	7	2	8	3	8	8	5	6	10	9	10	6	3	6	6	7	6	5	6	8	5	9	3	6	2	
4	2	4	5	6	7	5	9	5	6	3	8	8	7	2	3	2	6	5	2	10	3	1	5	9	2	4	6	8	4	6	10	2	8	10	2	10	9	10	4	
8	10	6	9	4	9	6	4	10	3	10	8	1	10	3	8	7	4	7	9	6	2	7	10	8	5	2	5	2	1	4	1	6	8	7	2	5	1	2	4	
9	1	1	8	1	2	3	9	8	10	6	4	6	8	1	9	9	3	8	2	4	3	1	1	4	8	8	8	4	5	10	6	10	10	1	9	6	6	3	1	
6	10	9	2	10	6	1	6	1	2	3	8	8	10	6	5	9	1	5	2	7	3	5	4	8	5	6	6	2	10	2	1	7	8	9	7	8	3	3	10	
3	10	1	7	9	4	9	3	1	9	3	7	5	1	4	5	5	7	2	10	1	4	4	8	10	2	6	2	1	2	5	2	4	4	2	2	4	9	10	6	
2	5	6	7	7	9	7	10	6	8	6	8	9	6	8	9	8	6	6	8	2	1	2	3	6	4	9	7	4	4	6	2	9	2	10	9	1	1	1	10	
4	9	6	7	10	4	10	1	6	8	4	6	6	9	4	2	4	2	2	4	7	5	9	2	1	10	2	8	2	2	1	8	1	4	7	3	4	7	8	5	
9	8	10	5	4	8	6	3	6	8	4	1	8	5	10	8	9	2	7	7	9	7	2	3	9	1	7	3	4	5	1	8	1	8	5	3	2	1	8	1	
7	8	8	8	6	3	7	9	7	2	1	9	8	6	8	2	3	4	6	7	7	10	5	3	2	1	1	9	2	10	8	5	6	8	1	4	1	1	2	10	
1	9	2	7	5	10	6	8	10	7	9	3	6	6	7	4	1	9	8	9	7	2	1	2	1	4	7	8	2	8	6	6	5	7	6	2	7	5	2	6	
3	7	6	8	5	1	3	6	5	2	9	9	10	4	1	9	3	6	8	7	7	7	1	8	7	8	3	3	7	9	4	10	2	6	5	1	6	7	3	8	
6	4	10	2	9	3	4	9	4	4	2	5	5	5	6	10	7	10	5	3	8	5	7	1	5	7	7	4	8	8	2	1	7	3	9	7	5	8	1	9	
9	9	10	7	3	3	9	1	1	9	6	8	6	9	9	10	2	10	10	1	6	8	8	8	9	5	2	10	2	5	10	8	7	5	9	8	1	3	6	6	
1	4	2	5	6	6	8	4	4	6	2	9	7	5	3	4	8	6	2	9	7	7	3	1	6	8	10	1	1	6	4	10	7	6	1	1	7	10	10	10	
7	7	4	8	9	8	2	10	10	5	2	1	9	4	9	10	3	4	3	9	2	6	1	3	2	7	3	3	5	6	4	9	5	1	10	9	7	5	2	8	
10	4	8	9	8	7	10	4	1	1	7	2	3	7	7	3	3	10	7	4	7	2	9	2	2	1	3	7	8	9	1	3	6	1	2	1	3	2	5	4	
2	7	6	9	3	9	1	8	3	1	2	7	7	6	1	5	9	6	3	7	4	1	1	8	10	4	9	6	7	8	8	5	5	8	8	10	7	8	9	2	
4	4	8	9	8	8	4	3	4	8	4	10	2	6	2	6	4	3	7	10	3	10	9	8	1	1	4	6	5	8	3	10	9	1	5	8	7	2	1	8	
3	6	9	3	10	9	8	2	7	10	8	9	5	6	9	9	10	6	10	1	5	7	10	6	6	10	6	5	4	8	8	2	2	2	4	3	10	2	8	3	
1	7	9	3	7	3	2	1	9	5	4	4	10	9	2	3	9	3	9	10	9	6	1	6	10	4	4	8	9	10	9	10	3	10	6	1	8	5	1	10	
4	10	10	8	9	10	8	2	4	10	6	4	1	7	1	3	8	2	9	1	3	5	9	4	4	5	5	7	1	1	6	1	10	3	9	10	7	9	10	6	
4	2	9	5	8	3	8	5	3	10	7	6	10	8	6	1	7	9	3	8	10	7	5	8	10	2	6	3	4	10	6	4	5	9	9	1	6	2	4	8	
3	10	3	8	4	5	10	8	8	4	7	2	4	8	7	10	8	3	3	9	10	3	9	5	7	1	7	4	5	6	10	7	6	10	9	9	10	9	6	1	
7	6	4	10	10	3	8	2	7	4	6	9	9	10	1	6	5	6	7	3	6	7	8	2	9	4	1	9	9	10	8	8	4	1	1	5	2	7	2	7	
5	10	5	7	9	7	3	8	2	8	3	10	3	1	8	10	5	3	10	9	1	5	10	10	5	3	7	2	7	3	2	2	3	7	5	1	6	3	5	5	
10	5	7	2	5	2	3	6	6	9	4	7	8	4	6	4	6	6	9	10	4	1	6	9	4	4	3	8	5	5	5	2	4	5	10	8	9	8	4	5	
3	8	5	4	2	8	4	10	1	10	6	8	1	6	6	9	10	10	1	1	3	3	8	3	4	9	7	10	4	10	9	6	9	8	8	6	8	1	5	9	
4	10	7	1	7	2	7	6	6	7	7	2	1	6	4	6	3	8	5	10	4	8	4	4	4	3	9	10	10	10	8	3	1	10	2	3	4	5	9	8	
9	1	5	1	5	2	1	8	4	8	3	7	1	2	8	8	5	9	3	2	2	7	8	1	3	8	9	9	5	2	3	6	7	3	8	1	9	3	6	4	
7	2	10	2	5	6	3	6	9	4	6	8	5	2	3	1	7	10	8	3	3	6	8	7	1	10	8	6	6	7	3	4	7	8	9	9	8	8	1	3	
10	9	6	10	10	3	5	2	2	2	10	7	2	4	1	1	8	10	7	1	5	4	4	7	3	2	5	6	2	4	8	1	9	2	8	10	9	6	5	1	
8	6	2	3	1	3	8	2	4	4	2	6	3	4	4	1	7	8	3	10	1	10	9	6	3	8	8	3	8	8	9	5	3	6	10	9	10	1	6	7	
9	10	1	7	9	3	9	7	2	3	1	5	1	9	8	1	10	1	5	7	8	4	3	5	4	6	2	6	4	2	4	8	10	6	1	9	3	4	2	9	
3	3	3	6	4	1	1	7	6	8	5	3	1	4	6	9	2	2	8	3	10	7	8	4	8	10	1	7	5	7	3	6	10	9	6	6	3	1	2	6	
2	4	6	1	3	9	8	6	5	5	3	9	7	8	8	3	6	2	6	7	8	4	2	1	6	2	8	8	5	1	9	4	9	9	7	10	10	3	4	2	
6	7	7	8	5	3	9	1	5	4	8	5	7	1	10	10	5	4	5	1	7	8	7	4	6	4	6	4	3	6	8	6	10	7	10	7	4	8	5	5	
7	2	1	10	6	4	1	2	6	10	4	7	1	2	3	2	7	9	3	3	7	6	2	2	1	2	9	1	8	3	2	8	2	1	9	8	8	1	1	5	
8	7	5	3	9	10	2	7	6	10	5	9	6	9	1	3	10	1	3	3	9	4	1	8	1	7	7	2	2	10	9	6	7	8	4	1	4	4	4	1	
9	4	2	1	3	2	1	4	8	3	8	6	1	7	10	3	3	8	6	9	10	4	2	9	6	6	8	6	1	7	5	6	8	3	2	7	5	9	4	7	
3	2	6	3	1	5	1	10	8	4	5	8	2	2	6	9	6	1	8	6	5	1	2	10	5	1	8	4	2	9	1	3	8	1	3	7	8	10	3	7	
1	9	8	6	5	2	1	9	7	4	2	6	10	5	5	9	6	10	10	1	7	3	2	2	10	6	1	4	1	2	7	7	7	3	10	1	1	9	3	4	
7	7	10	9	6	1	2	6	9	10	5	10	2	9	5	5	7	2	2	7	10	5	3	7	6	4	5	4	10	7	4	1	9	8	10	3	5	5	8	10	
10	8	9	1	10	3	7	2	7	9	6	1	7	3	5	6	1	5	3	3	4	8	1	5	8	3	3	7	7	1	7	5	5	1	10	2	8	9	3	6	
1	6	5	5	7	2	3	3	7	7	5	7	4	10	3	5	3	10	1	5	4	3	4	6	8	3	9	1	4	3	1	10	8	8	5	4	1	10	9	3	
8	6	5	6	8	6	8	1	3	7	2	6	1	6	5	5	7	7	10	3	1	2	9	5	7	3	10	5	6	7	5	1	8	7	3	3	1	8	10	6	
4	8	7	2	5	3	2	10	3	7	4	9	9	3	3	8	3	8	9	5	10	3	5	5	10	8	1	7	8	3	5	3	10	5	8	10	7	10	10	6	
5	7	5	1	3	2	3	3	4	9	7	1	6	1	10	6	1	7	2	9	8	5	6	3	4	5	6	9	9	8	9	10	9	7	3	10	6	6	3	3	
8	5	10	3	9	3	3	9	6	8	9	4	9	7	2	5	3	8	3	8	10	5	1	6	4	1	3	6	4	3	5	10	6	4	6	6	3	7	1	3	
2	9	6	6	1	3	7	10	7	7	1	10	3	3	3	7	9	8	7	7	2	7	6	5	3	5	10	6	1	7	4	1	9	9	7	6	8	7	9	5	
1	9	1	2	6	4	10	9	8	2	1	5	9	4	7	8	5	7	4	1	5	7	8	2	5	6	6	4	10	9	2	10	6	4	9	1	7	2	2	2	
10	10	6	10	5	2	5	10	1	6	2	8	1	1	6	7	3	3	4	2	9	9	7	6	4	6	6	5	1	5	5	7	9	8	10	3	7	3	2	8	
4	4	1	8	8	5	5	1	6	7	6	5	2	8	7	3	4	10	4	1	9	8	5	7	2	3	7	10	8	8	5	10	8	4	5	7	8	10	10	6	
4	8	2	6	8	4	5	3	3	9	9	8	1	1	2	5	8	9	8	2	2	1	10	1	2	8	8	10	3	2	4	3	4	8	2	9	6	7	2	1	
5	1	4	9	8	5	3	6	1	2	3	2	8	5	9	9	6	1	1	3	1	5	4	10	1	7	4	10	2	8	3	10	3	3	5	1	3	5	3	4	
6	9	3	8	2	7	1	5	5	3	2	1	3	3	7	3	3	3	1	6	1	9	3	10	3	9	2	3	10	9	8	7	10	5	10	6	5	5	2	9	
2	9	2	6	10	8	8	1	5	3	3	1	3	2	3	3	8	7	4	4	2	5	10	8	7	4	4	6	6	1	8	8	1	1	1	1	9	8	2	1	
8	3	2	8	1	5	8	8	1	3	7	2	10	1	3	5	6	3	6	2	7	2	7	7	1	1	1	7	8	9	1	3	2	2	9	7	10	3	2	3	
4	7	1	2	6	3	2	7	7	8	10	9	9	1	4	3	7	10	9	5	5	1	9	6	7	2	8	4	10	2	3	9	2	1	7	8	9	6	2	3	
9	1	3	4	7	6	8	1	5	4	9	4	9	4	4	2	8	6	6	6	8	8	3	10	9	2	10	4	2	6	1	10	3	10	7	1	5	8	7	7	
1	6	10	2	3	3	1	8	8	8	2	6	10	8	9	6	8	6	6	3	3	9	9	1	5	9	4	5	9	9	9	2	1	10	6	8	7	10	6	4	
8	2	7	8	1	6	4	6	8	8	1	10	1	6	8	4	4	10	7	8	6	3	10	6	7	1	7	8	6	1	9	5	9	7	3	4	4	8	10	9	
6	9	3	3	4	9	7	8	8	3	10	6	7	4	3	5	3	1	6	10	1	2	3	10	7	3	2	9	5	6	7	7	8	1	10	4	4	4	2	3	
4	10	5	3	5	2	3	6	7	4	5	5	4	3	7	8	6	5	4	9	5	4	5	2	4	4	6	2	5	9	9	6	3	2	9	7	7	1	4	10	
5	10	8	10	4	2	1	10	1	1	6	7	9	6	1	3	1	2	5	7	6	5	5	1	10	9	2	3	1	7	10	4	3	9	9	6	4	5	1	4	
1	2	7	10	7	6	3	6	2	5	2	2	3	4	9	5	1	5	6	3	1	6	7	7	5	6	7	6	10	1	2	7	4	4	10	1	4	5	5	6	

Stepup times between Families, where [f][f] represents initial setup time
On machine	1
28	64	56	38	72	12	15	89	76	18	36	98	20	67	41	35	25	99	61	10	
43	96	42	24	77	91	3	81	13	39	70	16	57	53	44	58	10	64	67	93	
21	38	16	83	55	6	25	10	1	39	13	50	3	58	63	82	73	75	95	59	
76	10	71	67	90	100	18	49	80	26	79	4	14	29	87	16	28	11	58	23	
40	90	67	13	57	75	23	75	46	72	80	50	25	98	82	40	18	25	37	22	
38	80	33	34	49	9	7	31	32	100	12	54	63	83	26	79	82	63	37	45	
73	85	36	10	93	71	89	91	57	32	51	62	57	72	49	84	45	69	10	2	
2	59	59	6	85	62	80	35	8	66	62	18	21	98	96	98	87	29	21	3	
23	41	90	60	52	16	81	46	19	89	25	77	18	2	42	72	82	87	71	78	
38	28	18	50	86	15	12	51	60	4	38	80	21	20	43	18	15	87	55	35	
82	92	96	77	73	11	11	71	26	35	64	44	88	29	69	18	24	19	56	8	
42	28	40	87	90	53	82	5	87	96	1	60	6	92	54	33	6	1	80	44	
18	64	39	43	87	9	11	90	92	80	20	90	79	30	59	44	91	40	31	39	
15	85	81	48	24	76	53	47	61	84	70	91	53	15	68	94	38	13	7	61	
69	9	15	16	23	40	2	62	50	97	6	72	95	97	64	56	30	21	63	96	
2	4	37	99	19	12	38	87	94	11	31	11	64	75	6	87	72	83	10	42	
21	21	2	35	67	4	21	96	82	45	41	66	66	73	40	17	69	60	26	55	
13	13	85	50	48	88	45	7	72	24	27	43	88	58	72	61	80	78	94	67	
32	89	35	49	68	67	9	16	14	45	93	37	5	21	14	39	85	45	68	87	
79	85	33	14	89	70	56	30	65	91	93	65	91	73	5	9	5	62	42	88	
On machine	2
94	73	53	46	53	9	29	69	35	58	67	79	23	60	12	31	34	3	78	89	
95	47	31	7	67	65	70	52	80	98	8	23	46	62	74	37	54	11	80	86	
55	20	85	13	50	4	19	21	19	83	82	30	21	82	92	33	28	18	68	61	
77	83	47	95	65	46	46	39	15	65	17	90	60	73	87	54	20	40	76	41	
6	53	67	19	75	65	64	42	39	98	89	22	92	21	99	68	43	8	7	51	
88	70	97	10	94	10	89	77	95	58	77	70	17	68	83	93	29	62	34	55	
91	55	74	64	34	85	7	3	69	15	54	86	6	94	76	30	30	72	27	64	
25	45	51	9	3	6	100	35	4	38	32	51	72	19	23	54	18	9	57	47	
54	49	67	24	8	69	50	57	3	14	25	71	65	85	97	85	9	54	10	94	
99	62	84	3	95	8	83	36	76	98	63	38	42	73	46	24	82	59	51	24	
73	7	58	95	52	66	53	83	42	84	23	1	54	28	91	3	71	49	24	96	
81	53	46	5	38	99	11	82	92	28	42	54	33	41	24	72	33	72	89	10	
2	16	2	90	58	2	89	34	4	85	36	88	20	73	65	2	72	91	1	72	
51	72	32	92	65	51	69	13	32	51	83	31	53	54	62	69	10	10	49	41	
26	82	60	44	57	25	46	73	74	89	77	71	42	87	25	77	52	21	98	38	
85	19	45	70	20	82	76	55	86	82	81	55	98	79	60	37	1	7	19	18	
64	57	19	34	2	65	33	70	67	55	99	5	9	25	23	38	22	100	64	4	
7	9	95	33	75	4	15	78	71	50	86	28	25	68	59	87	37	34	68	55	
12	33	79	79	95	15	71	40	72	61	38	47	7	19	72	22	74	97	63	25	
67	49	81	87	1	12	49	98	41	51	13	43	54	23	35	71	47	66	75	35	
On machine	3
13	27	57	21	33	68	100	27	74	82	90	99	65	34	44	68	100	30	96	40	
78	6	21	99	50	73	80	91	82	27	29	44	81	79	39	5	2	48	31	75	
47	63	73	38	86	32	85	67	23	11	90	65	27	25	49	46	86	11	84	27	
59	4	23	6	76	50	18	20	20	79	88	19	29	65	4	50	65	3	50	71	
65	25	45	28	44	94	54	33	13	85	31	12	18	43	21	90	23	82	15	90	
98	85	68	3	81	54	31	50	11	71	89	93	82	94	58	58	97	35	67	99	
40	87	31	78	8	82	29	19	77	5	74	82	25	18	100	26	94	51	21	95	
47	61	84	68	63	84	13	58	66	66	19	5	73	98	79	4	92	31	46	7	
54	29	55	72	71	30	50	13	89	24	64	17	73	63	60	21	51	49	49	77	
44	9	13	71	43	8	86	7	74	61	47	91	98	12	5	41	14	9	22	79	
44	58	30	51	1	66	72	3	22	88	91	62	31	47	18	40	46	27	53	10	
7	12	41	33	82	29	93	45	82	3	58	29	69	51	48	9	56	58	86	55	
13	16	16	10	73	64	78	12	71	9	68	14	86	19	8	53	74	4	39	79	
42	97	64	58	100	53	30	45	5	60	64	41	54	99	54	85	64	40	37	48	
1	96	2	22	19	20	32	62	100	76	83	48	10	37	89	55	35	59	7	16	
28	22	39	16	40	52	21	94	7	59	43	28	16	10	49	51	90	50	96	25	
86	67	53	95	10	73	13	96	100	84	37	25	50	98	19	92	56	35	23	86	
19	33	11	91	89	21	87	85	32	9	94	2	47	80	28	5	15	83	24	84	
50	22	54	77	6	2	8	7	20	28	82	16	54	42	30	34	22	16	17	87	
16	65	80	72	100	3	42	6	3	13	10	8	2	52	19	55	44	20	18	54	
On machine	4
39	23	8	45	23	98	24	13	46	31	23	58	67	51	51	43	15	37	81	93	
73	42	62	19	31	98	12	81	57	31	60	84	22	100	63	44	71	77	53	3	
50	82	45	5	11	61	6	12	99	64	18	43	26	9	77	58	9	72	96	15	
48	50	55	39	99	48	32	90	28	23	13	40	88	69	7	81	95	28	79	63	
13	53	45	67	80	28	52	20	4	62	57	98	97	23	19	51	32	41	14	34	
97	77	3	17	75	76	88	41	4	13	76	43	83	84	41	22	30	38	20	94	
45	44	1	70	100	29	44	77	13	4	35	33	30	13	28	18	20	99	85	82	
72	78	71	53	96	90	40	67	81	79	88	23	87	6	17	18	62	12	54	29	
57	42	1	87	56	5	60	14	57	18	50	12	42	16	6	53	100	49	92	75	
84	91	63	80	83	52	17	67	30	48	80	46	44	41	41	3	46	23	7	6	
57	65	55	6	2	20	66	22	40	59	2	53	35	78	88	89	76	70	33	80	
1	45	19	89	46	39	71	26	20	41	49	13	41	49	88	52	53	49	30	36	
51	94	62	18	74	44	44	33	10	29	80	34	46	79	75	77	36	54	59	43	
7	25	2	48	67	64	28	44	6	58	56	60	69	84	83	98	54	25	15	21	
85	79	32	41	81	23	20	19	72	56	24	83	14	13	81	15	18	19	72	47	
17	5	98	14	19	3	31	20	70	58	21	16	66	90	75	20	70	47	94	82	
85	28	44	50	61	40	11	5	70	7	36	4	54	77	17	77	24	77	56	25	
99	73	17	75	44	76	22	35	54	24	8	23	56	33	77	83	44	38	16	39	
32	34	24	96	30	62	9	18	68	13	27	92	91	71	65	77	39	3	1	56	
48	91	80	90	3	89	4	34	72	7	24	88	35	58	60	82	36	80	74	64	
On machine	5
63	99	4	10	80	53	59	59	68	17	63	56	84	82	24	22	33	59	93	92	
33	43	98	20	75	82	51	88	41	15	79	100	82	75	95	70	6	13	100	49	
38	16	10	54	71	35	97	47	19	55	95	57	57	46	8	57	76	93	95	18	
24	19	34	97	60	93	31	9	91	49	88	98	53	11	64	39	92	80	87	87	
92	73	88	100	22	76	88	13	91	97	74	86	77	76	45	24	62	89	30	35	
1	24	98	46	13	30	2	46	79	19	89	15	12	89	94	66	47	29	47	56	
100	77	89	41	36	66	57	69	75	83	58	31	12	97	36	95	47	48	20	9	
9	82	1	38	67	63	62	74	100	65	29	83	41	69	96	78	18	37	86	43	
87	43	8	53	78	98	16	98	42	59	29	44	1	35	53	10	42	71	56	53	
90	45	46	46	20	21	70	26	14	37	15	19	46	49	87	99	33	82	51	74	
15	38	3	36	87	5	86	15	80	38	63	3	8	59	13	20	100	33	41	28	
61	11	70	56	93	70	25	6	56	9	93	57	45	73	60	13	44	88	36	58	
90	34	89	31	18	64	19	37	74	53	55	66	9	37	37	7	99	84	4	21	
36	35	29	75	4	5	41	42	58	12	46	71	2	84	24	21	69	85	20	23	
28	45	81	92	52	93	13	47	28	88	94	94	72	84	85	17	60	20	42	100	
32	69	98	73	82	57	49	62	80	76	40	23	12	53	39	3	94	53	62	41	
41	63	81	53	12	8	87	23	10	23	11	66	75	19	38	77	86	75	60	50	
55	59	75	12	70	74	36	35	53	59	83	49	25	36	73	99	44	31	32	28	
77	98	79	1	77	86	19	18	64	72	77	24	7	53	24	16	5	50	34	31	
23	86	82	82	96	14	68	40	5	69	88	89	81	50	4	33	37	58	29	21	
On machine	6
34	35	72	93	59	77	57	23	17	75	79	8	11	37	97	44	67	27	77	55	
42	42	91	53	35	93	56	65	67	28	96	37	99	27	32	13	47	81	76	42	
34	55	72	25	2	22	5	69	41	82	3	100	79	35	81	29	14	61	64	9	
60	46	43	7	100	66	38	71	52	84	90	41	13	16	65	47	91	40	86	2	
86	66	99	41	85	62	33	76	22	36	72	87	15	1	71	95	100	51	86	71	
33	34	11	11	69	64	65	13	18	31	24	94	99	89	5	80	43	72	28	83	
92	48	15	88	12	46	49	24	23	62	60	18	58	11	86	69	50	21	66	36	
35	95	2	7	66	38	48	93	10	82	82	62	47	44	79	83	44	31	78	71	
26	27	64	96	11	31	1	18	28	90	46	4	75	100	46	33	42	17	78	33	
24	34	47	44	75	51	2	41	78	42	1	7	55	26	53	24	17	38	74	91	
72	58	70	76	77	78	78	21	72	78	57	91	67	10	11	89	29	83	9	81	
30	58	61	93	57	51	4	99	15	12	62	7	46	27	26	57	62	97	95	11	
98	89	74	68	66	53	33	46	48	63	48	89	25	30	5	80	1	14	81	56	
54	61	61	11	40	48	50	86	61	85	29	66	87	71	1	36	94	39	42	91	
40	3	50	29	66	4	14	9	21	39	100	40	92	98	98	39	8	89	70	48	
50	43	47	70	39	18	30	10	66	11	2	52	5	91	33	70	1	27	12	11	
12	67	29	3	39	61	75	82	29	30	61	66	17	29	23	5	11	83	9	43	
10	11	49	15	4	3	67	92	59	11	19	79	30	20	91	100	43	59	94	57	
48	3	56	37	27	73	95	36	90	62	33	98	99	46	19	63	28	59	45	42	
42	32	95	25	60	39	28	100	98	33	28	3	99	88	39	1	91	1	76	90	
On machine	7
93	36	91	44	83	20	87	62	94	67	79	81	69	34	3	52	81	77	34	6	
78	53	85	21	84	50	82	69	97	39	46	17	26	99	19	25	93	73	31	5	
80	44	65	8	33	93	9	89	65	36	26	66	71	25	45	62	95	63	9	25	
46	13	89	21	31	97	9	24	66	73	97	43	96	60	86	96	72	81	79	55	
17	38	3	2	67	84	23	75	19	88	95	66	81	13	24	3	39	89	41	97	
24	93	2	16	78	68	48	25	37	74	22	27	32	50	55	8	12	65	5	96	
40	38	73	24	94	94	44	83	43	50	10	77	30	99	65	58	53	1	41	50	
24	76	9	36	34	87	56	84	90	38	77	16	70	35	59	7	85	79	5	72	
34	74	2	72	56	24	80	23	49	73	6	31	74	60	22	75	12	83	99	75	
31	2	32	87	14	53	89	97	67	54	7	7	28	32	19	25	91	68	69	55	
18	86	75	6	38	60	7	24	45	53	32	97	45	89	66	50	39	82	87	85	
64	74	82	15	38	48	54	57	98	100	98	27	8	19	63	48	45	14	81	54	
9	61	23	41	83	31	6	73	41	28	60	65	10	55	98	45	3	94	82	96	
53	78	29	98	96	35	8	44	37	88	100	30	76	51	24	35	46	24	90	75	
76	10	42	41	87	17	94	73	91	22	1	77	45	4	34	53	54	12	64	47	
32	52	20	3	11	87	42	89	8	64	20	5	65	99	43	27	86	8	79	30	
98	4	93	8	37	37	51	36	12	45	40	28	29	68	100	18	41	45	70	12	
60	47	37	67	19	13	4	4	43	13	33	4	17	56	63	38	73	4	54	10	
32	10	100	53	37	38	42	42	55	53	88	59	31	33	17	20	47	55	77	66	
7	42	4	44	99	46	31	59	10	67	25	100	69	67	23	38	75	25	40	100	
On machine	8
35	83	96	88	35	83	39	84	84	5	37	81	37	44	75	86	25	58	9	66	
79	85	42	85	8	56	47	36	75	57	67	75	28	96	78	35	91	19	57	36	
62	31	14	21	38	31	4	89	69	24	25	32	92	14	90	38	92	33	90	7	
82	30	63	40	3	30	41	41	35	66	53	8	5	81	54	33	24	16	45	42	
37	25	94	68	37	46	24	87	29	38	97	18	15	71	36	91	98	6	11	22	
44	49	84	23	70	84	94	73	57	73	95	16	93	23	17	59	51	69	70	83	
51	27	60	46	42	74	97	83	8	65	30	33	9	86	10	62	36	86	54	70	
9	80	50	80	63	32	18	100	77	39	86	2	91	68	95	38	7	31	31	61	
21	89	99	39	30	3	59	65	48	48	73	92	94	12	46	90	69	10	37	24	
8	76	37	14	36	82	33	19	99	32	90	92	26	52	70	43	88	83	30	26	
76	14	13	50	10	40	50	93	95	71	70	71	11	64	23	40	74	35	32	53	
85	34	94	37	34	69	78	90	74	13	93	32	54	45	88	61	96	74	71	62	
15	38	96	24	98	91	80	31	86	13	94	75	9	93	3	79	21	7	16	31	
56	43	50	93	78	47	31	16	69	49	86	24	71	54	84	72	29	6	83	88	
79	14	16	65	32	30	44	59	55	16	29	27	14	24	78	10	2	46	30	48	
92	5	72	32	62	41	22	10	41	59	74	46	89	88	10	77	85	99	83	41	
37	95	79	78	41	72	52	6	76	12	88	96	73	10	48	29	17	74	82	43	
13	31	31	23	17	97	75	100	49	17	86	48	90	88	50	23	8	67	90	66	
48	3	67	5	29	31	65	16	59	5	60	14	5	71	39	27	54	55	33	37	
14	37	26	25	3	27	80	43	96	57	74	61	56	22	13	31	90	7	46	84	
On machine	9
8	74	100	8	54	58	82	63	20	25	86	93	86	9	7	7	59	24	91	61	
96	54	26	88	70	89	91	1	35	67	16	82	40	65	37	85	43	71	83	55	
32	83	95	19	77	51	8	91	66	71	61	6	48	70	36	66	85	72	53	16	
13	44	71	50	100	14	24	8	64	20	100	18	1	88	72	69	77	42	10	92	
96	12	52	13	68	81	29	76	94	54	39	51	58	70	43	47	55	5	65	54	
58	16	95	93	31	18	16	39	60	30	62	19	18	71	45	27	49	100	68	18	
16	5	73	59	77	41	32	98	70	71	56	2	72	34	33	43	90	96	45	98	
73	26	50	39	59	24	79	99	30	97	23	51	31	72	66	59	26	86	77	78	
36	94	40	73	34	16	82	57	7	30	29	26	77	12	98	74	8	28	40	86	
95	17	28	59	15	88	83	52	70	67	19	56	73	39	51	62	52	69	46	47	
37	41	29	38	75	63	64	37	15	53	6	88	73	97	88	48	73	31	44	42	
20	78	70	91	97	51	39	6	43	97	32	12	33	67	53	27	51	91	47	66	
94	21	70	44	35	43	47	84	68	30	17	40	64	9	42	32	85	60	77	12	
2	40	85	48	37	61	1	24	65	68	74	89	85	34	48	35	69	61	17	19	
97	65	62	66	35	54	87	86	8	44	89	1	70	34	54	72	95	27	88	38	
90	39	18	93	90	14	8	80	36	86	13	34	10	61	54	81	80	67	92	51	
30	29	54	29	97	84	84	24	39	50	52	49	45	6	83	51	7	59	5	8	
43	85	20	32	61	96	90	85	19	42	47	48	47	25	70	27	50	88	66	35	
67	96	51	76	23	78	44	67	92	55	13	54	10	96	27	6	26	59	22	86	
89	98	10	55	16	23	19	68	66	15	23	62	5	15	94	47	30	91	79	28	
On machine	10
99	33	58	95	34	18	24	8	11	27	86	66	100	23	14	8	53	63	74	31	
35	66	78	85	73	5	45	68	20	18	2	82	10	9	89	47	58	15	7	45	
50	55	38	80	79	69	22	2	68	100	59	37	20	3	64	71	85	48	51	44	
57	57	98	70	68	79	74	65	66	87	6	82	39	46	53	26	59	56	72	86	
3	40	50	13	29	60	13	16	83	39	18	30	79	46	55	88	42	23	96	18	
58	30	23	74	100	58	29	40	22	100	2	68	25	38	42	60	19	31	25	37	
7	89	100	11	40	51	97	87	31	1	33	73	79	72	28	38	87	58	80	67	
91	85	21	47	99	62	89	22	85	14	76	78	87	28	74	90	72	6	16	44	
63	93	7	79	80	77	27	41	79	98	43	59	39	59	9	11	47	65	57	46	
39	67	37	70	53	99	100	37	81	74	43	62	26	91	35	87	62	5	96	12	
17	14	6	7	44	38	46	41	24	45	3	88	37	52	21	70	24	58	61	64	
57	18	79	66	37	3	13	26	35	81	85	71	4	22	44	12	100	35	84	73	
7	55	70	49	44	28	12	25	53	49	27	92	31	4	60	36	7	53	29	96	
89	31	9	93	4	54	19	82	79	60	10	2	42	91	88	65	72	51	58	72	
50	60	84	81	12	59	26	47	76	82	54	4	24	12	87	43	9	90	45	28	
95	94	85	13	64	70	71	48	43	81	83	74	22	99	73	66	23	43	85	95	
77	44	81	66	18	81	40	12	8	62	91	6	10	46	33	82	37	86	89	48	
59	38	42	85	70	18	90	56	28	16	16	1	41	45	54	7	93	24	64	49	
48	82	9	45	28	58	54	40	58	53	28	96	31	10	65	10	24	90	15	66	
7	38	36	77	24	3	73	55	21	99	18	57	74	78	42	17	99	72	48	11	
On machine	11
10	97	64	22	84	85	46	19	7	65	15	85	81	65	98	58	79	56	54	81	
76	25	4	33	88	95	84	61	53	63	50	76	13	64	27	2	52	83	54	36	
71	80	12	45	17	89	87	37	17	86	37	30	20	85	20	97	24	55	81	98	
62	34	70	75	76	44	96	86	49	88	25	8	65	84	44	17	96	31	98	30	
82	95	77	54	21	65	7	92	46	4	66	83	8	27	14	67	38	47	6	59	
67	17	98	76	96	43	40	77	4	77	58	12	11	66	55	12	25	16	73	50	
40	64	59	17	25	77	99	73	67	28	10	20	40	88	18	35	100	7	44	79	
47	16	30	79	99	95	31	4	58	86	94	32	24	41	67	71	16	88	4	68	
23	95	16	38	18	47	98	38	78	39	91	16	69	1	51	56	74	98	93	3	
91	91	54	86	46	57	84	26	2	60	51	89	99	100	52	92	61	76	84	29	
21	18	99	55	28	14	57	87	56	3	41	93	37	43	100	84	8	18	88	2	
46	97	62	23	10	83	61	32	3	89	64	43	49	74	74	1	94	9	56	7	
94	54	66	25	90	54	21	56	16	7	44	26	56	63	94	23	5	96	80	18	
62	96	60	73	47	50	77	5	15	65	91	13	99	47	77	32	89	72	41	57	
65	96	72	67	20	58	79	25	91	75	61	47	98	11	31	66	89	74	84	21	
81	33	76	20	76	58	6	81	15	37	88	97	48	33	44	68	67	79	13	92	
36	68	44	63	81	9	4	31	50	86	94	45	98	59	61	5	92	11	1	17	
62	62	90	12	48	54	84	78	76	56	64	13	4	43	53	9	97	97	44	63	
95	46	61	82	13	22	99	100	39	82	30	24	37	53	46	27	81	39	71	20	
31	86	71	31	56	17	36	42	37	85	87	51	54	58	87	40	87	2	46	60	
On machine	12
9	60	16	93	88	51	62	26	23	20	70	59	69	30	75	47	43	52	56	57	
10	48	36	6	82	14	65	38	59	43	61	65	87	83	37	56	80	97	8	48	
11	45	65	67	29	46	21	20	81	62	66	23	99	22	33	97	31	50	39	1	
41	53	42	88	16	5	83	87	84	29	93	26	76	42	28	55	3	28	54	35	
47	9	6	16	32	47	88	52	14	54	73	96	65	8	51	89	72	64	7	31	
84	17	64	48	79	56	15	75	56	2	93	64	12	71	32	87	17	28	14	86	
70	63	18	60	36	16	93	88	56	46	40	79	45	32	3	25	42	81	37	56	
67	90	25	70	76	74	56	60	7	31	63	8	4	91	44	77	69	17	40	59	
99	85	40	20	74	9	28	93	47	58	91	98	24	83	73	41	32	96	9	100	
97	25	55	49	10	44	41	98	29	84	32	5	25	63	45	29	55	82	60	13	
6	48	61	40	64	69	30	59	3	60	77	79	64	46	77	30	82	100	86	19	
54	87	80	80	54	15	84	44	20	86	91	69	89	89	83	35	98	99	60	89	
5	5	62	44	90	27	27	98	40	93	43	77	62	95	2	100	35	21	5	49	
78	53	49	36	34	7	13	3	50	31	95	94	19	89	21	48	77	30	95	58	
30	37	59	80	53	81	44	70	44	13	8	70	48	79	66	47	1	37	94	39	
56	80	70	24	15	83	97	87	33	89	18	2	98	94	8	11	97	75	31	54	
15	34	45	68	63	96	73	89	80	2	24	15	29	98	58	51	64	75	24	91	
44	98	64	81	79	11	8	63	16	15	18	3	50	15	91	85	98	100	43	43	
57	4	17	76	28	2	4	44	95	33	48	75	44	55	4	40	74	48	36	32	
6	63	67	30	76	33	71	65	41	51	16	80	79	30	74	74	90	74	50	23	
On machine	13
98	77	6	17	9	86	48	74	42	80	56	25	77	21	40	66	13	13	66	28	
92	45	36	29	19	12	19	32	61	27	44	67	60	40	22	10	25	85	74	76	
7	1	79	18	83	84	39	72	14	31	73	1	28	75	15	6	48	2	59	19	
36	41	40	48	61	72	4	81	30	43	63	25	18	18	79	36	55	48	66	64	
54	11	15	84	4	63	36	22	62	64	24	43	84	65	92	28	10	70	16	39	
31	20	99	26	85	23	6	3	70	9	25	45	74	26	95	86	88	2	21	10	
21	46	60	47	23	73	90	56	78	19	5	59	53	72	38	6	18	53	37	86	
15	95	62	15	40	66	4	23	25	81	56	25	46	80	36	23	44	11	96	75	
61	45	40	62	95	87	3	54	49	62	32	30	90	98	55	28	50	100	23	18	
70	91	2	84	84	42	40	64	87	53	7	19	56	61	77	7	5	21	24	10	
9	55	7	14	7	10	86	61	28	17	48	100	59	15	54	90	48	65	79	42	
69	9	90	44	14	64	24	27	71	94	27	9	54	84	93	31	55	55	41	17	
56	52	67	72	73	43	78	72	72	87	79	32	85	85	83	63	19	61	41	66	
30	58	81	76	36	18	80	77	1	57	41	53	84	20	47	15	67	25	8	85	
26	5	22	19	7	55	24	16	16	79	43	3	61	33	57	90	4	7	74	87	
90	4	45	56	20	59	81	12	77	15	17	38	70	92	41	26	87	22	58	30	
76	60	99	95	56	36	61	24	65	17	100	9	12	21	15	64	66	48	82	24	
52	28	45	31	26	39	56	54	54	26	97	26	67	27	61	37	52	81	35	9	
55	62	74	28	70	22	81	9	20	87	12	83	83	80	4	23	12	17	6	6	
47	67	93	79	18	52	5	34	96	86	60	30	75	8	59	4	41	97	44	80	
On machine	14
41	55	19	96	6	51	42	63	40	52	85	31	55	49	61	90	84	91	23	61	
12	29	84	67	16	66	45	68	19	96	76	57	18	50	77	11	69	57	42	22	
16	11	71	81	73	72	27	51	85	48	63	39	41	60	59	51	98	99	34	97	
70	37	17	7	98	83	8	86	1	42	25	65	10	49	97	19	41	68	81	9	
33	7	56	92	62	21	9	10	37	53	87	71	13	34	11	27	93	15	54	78	
37	18	83	12	85	100	15	78	15	5	20	4	69	72	23	87	35	26	57	26	
46	51	16	45	69	37	37	33	39	88	13	94	94	30	40	42	98	83	65	69	
24	47	8	33	96	27	4	28	1	82	1	36	28	5	84	83	12	93	80	99	
5	59	66	44	66	52	28	87	36	98	3	73	47	23	12	48	11	4	91	33	
75	1	35	43	52	3	81	86	22	82	92	60	86	72	16	76	59	61	46	76	
79	93	76	81	68	95	6	28	72	52	95	19	85	54	63	97	45	21	73	2	
25	79	97	38	2	15	53	51	57	98	63	25	3	100	81	58	56	24	96	42	
1	69	18	85	4	51	23	10	63	47	89	10	59	66	87	78	74	29	51	1	
86	33	20	73	13	99	70	75	86	7	95	45	46	68	10	65	82	63	22	19	
90	53	37	7	75	18	57	87	45	64	39	65	88	8	90	85	40	19	79	78	
15	98	47	58	81	78	8	35	82	62	3	84	75	92	17	56	34	44	40	89	
91	94	65	24	15	25	88	16	76	70	68	84	73	27	39	53	80	9	40	12	
77	85	15	20	89	98	76	30	74	82	72	42	13	69	65	29	61	90	61	79	
46	81	44	23	42	81	57	25	43	23	81	56	21	34	6	36	37	92	56	77	
45	41	57	52	74	59	26	45	68	2	28	42	97	61	8	27	9	15	23	31	
On machine	15
28	95	65	30	41	78	32	31	45	75	43	84	79	61	39	51	66	47	22	71	
23	96	78	100	74	68	40	71	11	55	98	50	93	48	74	7	13	17	80	58	
43	93	82	47	79	10	94	32	10	97	47	20	55	74	67	69	83	76	12	72	
59	52	46	83	53	92	45	98	58	52	12	32	83	48	37	99	65	29	69	42	
85	92	82	72	39	67	59	59	58	7	80	50	9	94	99	57	89	82	38	60	
39	13	90	90	11	19	55	20	33	16	17	87	35	62	95	18	63	7	49	67	
94	67	19	36	65	97	24	89	40	22	61	84	32	66	79	23	73	1	42	57	
92	77	26	28	64	86	37	23	24	90	7	84	84	11	95	66	8	81	31	22	
74	32	77	7	58	73	83	53	4	8	52	3	93	74	52	87	37	60	18	26	
32	80	35	55	43	6	86	53	61	62	26	53	19	16	72	36	48	96	5	85	
37	67	94	22	68	77	54	72	81	28	28	72	9	37	74	51	51	74	97	81	
29	88	22	38	36	26	12	89	14	30	91	21	35	22	64	85	25	49	66	87	
85	83	48	80	87	22	68	34	53	82	48	9	59	8	67	56	76	62	22	87	
9	66	15	49	50	29	9	4	85	54	18	55	100	99	78	11	77	29	29	88	
48	78	82	70	43	100	12	12	20	41	77	28	68	66	94	85	34	32	67	68	
80	55	47	24	34	1	2	100	35	47	40	91	68	62	29	72	53	77	47	33	
74	61	75	52	35	21	12	63	32	87	24	37	52	14	61	35	63	61	27	88	
93	37	22	40	5	82	67	93	38	52	94	36	13	3	94	2	98	19	57	82	
83	66	21	78	91	26	67	20	20	36	78	91	64	85	63	93	48	3	33	24	
57	67	82	32	98	32	40	31	26	52	20	60	56	57	54	100	96	15	47	30	
On machine	16
68	64	67	64	71	17	23	98	76	35	79	59	18	32	75	86	59	90	99	67	
98	72	94	38	46	96	35	18	44	9	47	78	31	63	58	4	82	83	98	95	
69	39	48	3	2	21	72	89	47	75	80	41	3	67	11	19	45	72	67	57	
57	64	20	99	26	3	71	50	10	73	20	43	96	95	66	63	72	8	47	55	
46	61	10	29	12	57	71	91	37	83	36	13	69	5	90	86	36	70	10	11	
46	70	88	30	92	60	47	92	100	100	2	53	68	42	39	13	69	27	78	72	
3	15	48	89	28	18	13	22	33	95	30	75	58	93	43	65	18	76	92	45	
70	100	50	81	18	93	33	46	34	27	4	99	86	98	32	97	21	92	16	16	
22	30	12	65	94	92	93	52	60	1	53	91	79	82	71	91	64	70	45	95	
76	6	24	35	54	18	32	58	84	16	100	64	65	70	84	81	47	50	82	78	
72	41	70	33	3	13	13	26	100	13	51	93	42	81	19	34	8	69	15	96	
97	40	98	89	25	97	66	100	52	47	89	96	33	18	34	20	56	61	27	87	
16	9	11	55	92	98	5	72	71	65	35	46	85	50	48	35	87	74	58	2	
26	31	36	41	48	35	62	4	4	62	7	98	63	64	36	95	31	71	34	18	
99	69	30	81	15	28	22	8	1	13	19	6	60	14	73	46	20	80	82	12	
90	16	7	74	90	30	95	73	38	78	30	32	40	57	25	17	71	24	66	33	
10	74	58	77	26	8	25	98	45	52	50	49	98	88	24	55	67	73	41	90	
9	97	80	61	39	56	68	41	10	89	26	29	19	65	71	18	72	58	52	74	
48	73	2	54	29	40	58	2	69	14	11	18	17	71	17	78	35	8	54	49	
2	98	51	2	62	15	42	6	95	70	17	10	47	74	98	44	90	5	8	71	
On machine	17
21	17	100	4	40	44	5	82	29	72	5	46	98	69	29	88	33	62	71	57	
30	21	54	65	93	3	81	10	70	79	48	5	85	98	87	37	45	88	44	26	
80	52	23	76	87	13	84	40	88	63	49	98	97	20	65	88	91	61	16	17	
99	55	16	73	80	90	35	12	1	10	6	90	12	41	33	22	11	38	72	74	
45	91	18	25	25	5	23	86	47	58	23	68	23	59	25	67	54	35	33	30	
94	52	98	9	77	41	15	9	85	56	24	25	51	64	40	47	17	82	4	24	
60	91	6	76	98	53	23	70	20	67	49	3	19	50	98	7	56	5	97	4	
70	75	74	90	11	24	28	76	61	53	20	57	90	72	53	29	54	60	26	54	
45	92	11	46	49	74	20	6	52	69	98	12	4	35	20	20	62	85	17	68	
18	24	86	98	90	62	43	50	73	3	53	84	97	76	63	51	70	61	45	7	
37	54	88	49	74	12	71	92	33	17	97	13	31	30	88	14	79	35	41	8	
42	40	29	16	37	90	100	83	12	79	96	80	76	58	57	34	5	43	98	5	
84	71	74	86	16	38	80	34	33	84	27	78	30	26	82	61	88	25	76	82	
51	28	63	13	24	31	82	95	39	98	51	84	65	78	77	25	6	14	87	10	
25	50	41	9	84	81	72	88	98	59	61	59	38	77	36	18	37	71	59	69	
27	50	40	9	94	20	18	46	8	93	37	13	22	88	39	57	24	57	67	56	
15	79	12	3	5	20	81	98	28	60	71	32	65	100	18	87	78	28	33	10	
10	71	93	12	20	69	29	17	91	74	71	18	44	89	4	5	60	59	28	13	
8	93	56	67	30	14	73	10	22	14	6	13	76	12	93	26	76	83	6	93	
59	48	19	13	88	9	71	70	92	20	81	84	81	49	100	31	5	30	29	4	
On machine	18
57	6	12	94	83	12	3	72	9	65	55	30	59	31	56	74	8	11	59	38	
32	1	78	83	12	22	80	24	22	11	78	74	79	16	44	30	18	99	100	86	
31	35	76	80	24	3	94	57	63	79	73	92	56	29	61	45	96	23	60	49	
58	56	51	91	40	36	83	76	82	2	92	63	51	25	61	2	36	80	13	73	
5	81	69	89	88	63	44	59	53	76	51	86	64	95	49	45	93	75	58	25	
17	43	26	19	3	87	13	29	22	74	1	95	82	65	23	92	93	29	37	4	
3	89	59	56	40	59	40	84	81	23	24	45	81	51	20	31	54	85	66	100	
18	66	9	82	35	64	31	74	50	86	29	53	55	86	70	19	62	8	32	17	
44	21	88	11	38	15	24	35	29	67	98	64	41	98	30	87	35	92	40	46	
80	58	71	2	84	39	25	42	19	70	1	40	83	90	5	4	2	25	31	18	
14	65	78	9	18	16	24	85	14	47	87	93	86	65	57	34	23	36	20	34	
10	73	58	72	61	68	88	47	95	3	97	29	92	23	26	30	53	94	91	41	
65	39	60	42	44	63	13	93	2	82	35	78	48	73	52	94	35	9	5	4	
53	3	86	71	39	69	17	64	99	42	63	47	75	98	67	94	14	72	36	12	
80	27	69	63	52	62	3	73	55	47	4	81	54	79	61	77	28	16	45	86	
47	98	75	50	28	98	36	57	29	12	26	51	6	40	12	21	90	64	99	2	
3	36	56	20	56	50	60	63	90	54	56	81	73	4	4	86	1	1	82	78	
4	36	87	57	30	6	2	87	42	36	32	64	86	7	55	5	62	31	53	8	
21	25	83	40	26	63	59	21	33	14	38	14	64	58	58	67	27	91	100	41	
97	28	29	68	77	43	43	33	53	76	49	44	10	87	82	96	36	15	17	36	
On machine	19
24	93	92	60	43	63	17	81	97	9	86	68	58	97	56	10	3	10	85	68	
20	64	92	65	40	46	57	20	78	92	97	46	3	77	52	53	91	100	42	14	
8	91	91	28	37	96	47	13	60	55	96	49	99	79	29	84	23	56	67	93	
69	34	18	81	60	24	78	4	68	15	82	14	85	16	5	20	27	7	71	22	
33	6	82	60	7	33	46	8	36	23	93	35	75	5	35	33	14	1	82	66	
40	22	57	14	52	14	30	21	27	48	72	8	4	75	66	55	34	6	61	35	
10	66	35	41	35	73	73	19	42	96	31	63	93	99	54	6	19	96	27	43	
21	69	57	64	20	90	55	63	54	42	67	49	77	53	9	12	38	2	28	43	
22	77	46	26	87	24	67	73	68	54	40	9	34	52	76	73	50	27	82	87	
83	54	56	31	62	36	55	23	46	92	32	68	53	97	99	31	92	76	90	56	
2	64	36	47	69	76	43	80	60	79	27	5	80	48	23	80	15	47	33	59	
5	40	21	82	35	18	82	92	26	27	56	82	90	50	65	62	74	21	79	48	
81	84	61	65	85	1	38	26	87	70	18	7	67	72	62	63	93	57	74	62	
16	53	97	76	59	20	33	98	77	67	40	34	65	35	6	96	14	54	35	14	
51	69	43	36	30	17	68	76	46	47	9	4	35	94	53	81	65	94	65	38	
15	22	85	18	1	69	4	94	96	13	19	23	13	56	60	13	40	4	47	84	
10	98	37	20	34	90	63	66	92	12	37	75	71	98	12	39	32	40	48	98	
38	16	2	78	4	95	73	19	53	23	47	69	62	76	31	86	9	77	72	59	
21	94	81	40	74	3	51	90	98	86	90	57	24	33	28	38	84	31	6	74	
99	68	52	35	5	55	15	19	32	95	29	75	59	9	48	42	63	45	3	90	
On machine	20
36	57	62	58	51	70	12	81	74	90	34	69	92	94	81	15	39	65	32	79	
24	12	47	23	42	75	8	93	86	96	44	16	77	91	87	94	58	94	40	43	
25	49	90	41	56	25	60	97	25	12	84	29	12	28	49	66	67	26	83	80	
7	96	78	35	9	2	71	68	33	40	66	17	81	65	90	61	89	80	47	60	
54	90	85	73	40	47	58	29	57	12	86	99	99	50	52	36	21	92	76	57	
4	74	15	23	15	12	38	82	5	17	7	5	6	38	40	61	61	66	65	55	
68	63	77	19	81	92	47	35	28	40	15	9	84	63	14	32	26	16	22	24	
95	87	35	27	62	12	41	11	6	51	67	49	81	61	75	16	81	95	48	35	
38	10	56	15	88	71	97	45	10	44	86	82	28	74	73	75	29	84	96	51	
16	100	32	39	71	36	82	73	76	92	40	69	87	82	18	8	85	94	94	85	
92	87	93	96	51	98	55	25	7	74	36	82	77	75	92	76	10	67	52	15	
17	82	50	20	44	52	43	91	82	64	47	97	23	79	24	75	20	75	26	8	
92	18	11	79	59	38	23	1	63	46	30	74	36	100	5	1	100	28	89	77	
35	73	26	52	83	75	15	7	7	85	30	80	77	36	91	27	1	52	96	13	
25	16	76	53	74	76	32	11	80	6	69	85	76	50	75	79	12	39	22	47	
61	45	83	86	13	60	65	14	28	8	60	37	84	39	5	32	18	41	100	43	
62	58	15	76	82	85	8	30	15	91	20	64	73	33	69	66	49	42	9	71	
39	32	27	52	24	22	55	32	100	59	45	44	28	45	83	85	76	7	8	80	
55	95	71	97	47	30	43	11	91	79	18	35	10	51	17	63	22	53	12	13	
64	21	7	23	18	5	40	85	58	5	94	62	25	99	21	95	100	45	30	42	
On machine	21
45	85	41	53	66	85	50	97	53	73	17	10	99	93	62	76	31	59	15	28	
73	1	23	99	12	99	39	46	59	24	58	66	43	57	83	10	73	26	50	43	
18	68	66	64	68	66	21	90	63	80	20	33	44	85	87	40	64	75	81	77	
28	41	23	16	43	8	94	34	78	94	12	41	11	43	71	58	52	32	2	78	
38	86	51	33	39	43	82	56	57	56	18	93	92	38	93	84	99	32	19	88	
70	9	65	26	58	50	67	49	38	48	55	39	9	15	28	31	39	97	71	76	
32	84	48	1	78	89	3	49	31	39	17	84	51	91	77	55	79	58	8	33	
94	72	36	2	86	18	23	72	67	98	91	19	52	20	13	21	26	1	31	16	
45	88	6	67	36	93	84	43	84	17	68	49	32	57	71	82	84	26	23	39	
91	97	15	31	81	5	50	11	53	10	15	80	83	55	16	29	81	29	93	63	
51	93	72	5	9	27	87	20	32	57	9	29	28	44	49	77	40	62	11	69	
90	55	72	94	12	27	4	97	91	52	82	10	84	68	68	58	92	35	15	48	
100	42	77	6	32	90	37	15	80	30	36	99	77	6	81	1	93	46	10	44	
45	75	61	37	45	72	55	64	29	31	56	21	43	61	79	9	78	47	29	29	
13	67	84	50	98	30	32	70	17	67	26	46	3	80	47	24	96	52	87	26	
45	69	82	84	86	78	83	23	11	63	7	22	80	8	100	10	18	63	79	56	
100	26	67	86	70	13	92	2	57	3	34	49	7	31	33	8	76	37	80	99	
25	50	92	27	16	40	20	70	12	38	80	8	90	43	98	24	61	53	51	99	
42	3	57	49	31	35	84	86	21	98	79	2	59	89	77	64	49	33	60	66	
33	85	65	2	96	86	76	61	100	43	50	97	65	11	100	81	10	28	53	69	
On machine	22
29	5	76	67	94	54	51	76	39	70	92	76	11	37	30	29	85	7	35	69	
64	61	51	1	97	71	62	41	11	57	54	66	33	82	23	7	56	54	81	99	
39	51	76	82	93	90	81	14	22	39	3	95	32	50	19	10	71	71	97	66	
86	68	72	9	28	6	20	70	55	33	97	26	28	92	55	72	28	41	84	64	
97	28	94	28	32	82	22	78	81	87	7	32	59	8	99	53	35	31	22	47	
71	32	5	73	51	57	62	79	18	48	85	84	1	7	38	95	72	33	95	49	
86	7	17	26	3	85	94	14	72	62	75	6	66	89	75	47	11	26	13	74	
6	9	26	97	79	57	56	33	69	75	84	60	67	35	39	37	1	11	19	61	
21	56	69	52	82	10	84	13	4	64	48	70	80	46	19	88	9	4	84	17	
18	12	27	71	6	28	69	32	46	94	72	90	86	79	89	33	35	33	11	58	
26	45	91	19	9	53	18	28	94	30	14	100	60	48	9	65	78	16	26	52	
13	74	90	52	69	21	34	68	55	60	38	95	98	66	49	48	36	84	42	51	
2	90	26	38	14	19	46	15	15	56	48	9	82	92	45	24	36	81	62	18	
84	94	83	28	71	68	23	90	49	33	14	74	93	63	47	30	8	93	58	88	
18	13	21	90	85	54	77	6	42	42	11	55	73	3	35	48	53	9	93	20	
52	19	95	79	56	7	67	81	18	39	33	5	10	1	26	59	27	29	65	21	
44	38	42	18	87	86	18	7	53	99	99	55	90	30	13	2	43	61	84	70	
65	87	66	45	43	90	91	49	27	90	91	85	53	84	71	23	1	77	60	15	
2	24	97	83	54	18	36	34	96	49	59	18	44	38	18	45	2	23	99	72	
49	3	5	35	13	8	98	31	67	7	25	1	32	58	27	99	13	35	31	28	
On machine	23
25	7	35	20	99	89	57	1	94	31	20	43	66	6	28	35	29	26	75	38	
85	72	48	56	32	88	20	75	46	33	40	92	29	59	74	9	51	2	51	28	
91	60	8	55	65	97	83	4	31	30	41	15	64	68	66	94	53	49	25	88	
45	28	37	21	73	37	94	29	99	7	72	2	26	37	40	4	42	10	100	19	
82	32	26	75	59	24	19	83	75	95	78	58	46	68	99	7	11	97	64	95	
51	31	95	25	57	38	80	61	42	75	73	47	35	92	40	37	3	34	83	20	
74	93	67	76	66	69	9	95	2	3	8	64	64	2	65	82	43	23	39	74	
16	58	4	49	40	50	83	62	71	55	74	57	51	27	67	75	96	76	21	57	
87	39	66	99	5	75	98	92	97	32	23	96	96	54	27	5	76	67	41	86	
87	15	39	1	5	61	8	62	40	3	85	20	44	5	70	5	82	80	10	57	
1	21	50	55	27	91	50	22	83	13	21	80	19	71	32	52	29	43	68	86	
15	59	31	1	44	14	99	61	55	36	25	37	26	98	29	50	95	97	83	96	
94	45	46	96	76	45	75	36	42	6	84	67	80	57	49	44	51	96	58	20	
89	35	30	21	72	83	56	26	3	32	5	16	72	100	29	56	17	27	61	98	
92	92	44	100	76	71	4	80	58	65	67	73	31	65	23	17	72	80	11	94	
24	88	63	94	41	64	34	89	42	35	85	13	23	98	87	22	49	43	63	33	
88	79	34	89	70	10	98	92	81	42	93	15	52	89	10	29	54	75	81	2	
32	59	81	7	76	100	75	76	97	48	64	52	21	84	55	76	76	27	24	2	
20	35	92	84	50	91	2	18	22	16	73	69	9	50	15	32	46	59	54	46	
59	89	13	41	70	71	77	81	96	98	36	33	99	13	78	7	98	51	62	41	
On machine	24
21	86	68	78	12	24	92	69	97	81	57	58	20	40	87	27	6	15	33	61	
51	8	76	19	96	38	48	25	21	55	88	73	56	3	44	54	50	100	56	82	
18	92	72	42	7	72	98	31	97	6	79	11	83	5	18	92	15	96	46	28	
86	92	42	78	22	98	98	96	53	92	83	30	60	62	39	38	96	53	98	28	
71	51	55	68	35	74	75	5	18	13	39	40	73	79	93	45	79	51	14	82	
56	51	21	30	67	17	49	59	39	87	70	87	53	38	89	43	35	93	31	69	
99	39	13	60	39	2	45	54	15	58	27	21	40	53	85	85	48	24	15	93	
33	6	72	99	58	71	25	21	20	44	6	18	13	69	74	65	55	79	38	8	
79	31	63	3	32	14	100	28	2	39	5	99	85	78	94	45	3	34	98	94	
73	38	52	77	77	79	15	3	1	57	16	100	14	30	96	60	4	79	86	10	
61	61	35	81	16	67	33	97	59	31	93	29	18	50	96	96	66	28	80	92	
70	51	58	13	61	99	91	60	36	22	39	44	49	76	45	81	25	74	53	86	
62	46	18	30	63	62	68	15	52	62	68	99	97	43	17	92	83	62	96	78	
57	88	55	66	19	51	27	80	52	25	89	65	44	80	65	14	89	13	30	98	
4	68	65	58	98	80	77	69	76	27	46	34	74	85	33	67	86	2	92	5	
53	17	47	45	98	11	77	33	60	11	50	31	80	22	41	14	2	38	94	31	
96	51	67	85	35	22	42	64	91	26	5	50	61	79	1	95	43	72	24	19	
46	96	2	61	74	13	89	18	75	29	64	58	96	72	29	31	69	69	23	96	
73	37	50	55	51	37	60	6	59	44	56	70	33	76	25	90	2	11	85	63	
40	29	78	92	19	80	65	11	83	100	17	96	28	96	99	65	47	85	8	27	
On machine	25
59	21	10	33	48	19	62	10	11	37	61	12	86	14	5	90	73	41	55	70	
29	17	71	51	16	15	8	100	82	45	92	34	46	49	46	22	100	65	62	7	
73	59	100	74	55	92	14	39	95	77	67	31	36	94	32	74	62	23	56	19	
99	43	2	22	20	86	7	97	39	82	9	18	24	30	8	28	30	35	6	48	
12	86	88	55	43	30	87	69	13	26	4	91	90	2	92	47	74	10	27	56	
31	6	87	78	29	16	39	63	39	15	28	52	52	90	28	77	38	61	89	27	
81	85	72	55	55	41	91	87	99	44	20	36	48	70	55	40	47	3	38	39	
23	73	23	73	99	52	45	6	86	18	30	100	39	73	28	96	39	50	27	11	
43	64	59	20	44	40	71	19	30	17	33	59	1	75	70	59	70	52	56	58	
25	35	6	29	86	13	96	34	70	48	68	14	18	21	100	25	86	49	33	85	
59	44	43	100	1	59	22	51	73	90	25	92	78	11	13	14	18	44	84	100	
78	87	81	78	33	93	55	14	11	94	38	30	45	11	70	77	32	59	67	9	
78	10	7	4	10	42	86	42	28	52	55	30	13	51	40	11	56	63	51	53	
44	70	22	39	92	29	68	15	13	9	61	20	19	40	76	68	63	24	94	30	
31	8	26	69	66	56	87	46	81	67	42	86	82	8	92	56	64	96	14	45	
8	7	31	61	87	60	90	93	24	86	13	46	7	64	65	69	41	51	99	39	
2	94	94	94	37	34	90	12	58	51	36	8	94	55	43	67	6	26	62	2	
61	86	19	17	100	20	28	89	19	18	60	1	2	6	32	37	27	43	58	32	
94	90	17	80	22	80	27	63	93	50	60	53	83	53	24	63	43	60	22	30	
91	2	53	36	29	24	64	42	22	58	81	59	22	17	59	16	92	46	88	65	
On machine	26
91	20	36	14	81	43	79	93	3	16	77	95	98	83	36	74	92	76	85	14	
65	41	75	2	56	24	16	77	49	49	98	12	41	13	61	62	20	49	69	7	
5	4	7	69	18	74	95	64	30	47	13	100	81	11	96	21	99	51	29	30	
44	81	100	100	41	79	60	77	78	93	18	28	35	52	45	72	49	49	95	17	
71	31	82	85	1	60	99	35	55	50	26	16	13	70	40	19	57	28	14	82	
81	29	86	5	44	40	15	99	95	18	32	31	12	42	13	29	37	8	13	52	
53	62	55	86	32	40	68	10	13	42	84	74	61	47	33	41	5	96	88	86	
70	24	73	62	4	38	82	99	49	11	70	41	48	1	15	29	58	51	1	80	
91	59	93	24	32	65	59	1	92	97	94	11	72	38	56	59	99	65	48	67	
38	86	34	94	97	72	96	8	90	91	27	50	73	29	76	77	52	70	31	69	
72	69	11	23	40	70	19	94	6	81	29	86	15	51	77	90	74	60	68	28	
40	48	74	7	35	54	56	84	88	46	22	88	37	22	40	81	91	55	7	94	
100	96	91	8	9	59	71	2	93	59	28	1	1	47	1	57	11	49	14	6	
57	41	40	27	12	10	1	83	88	65	100	12	45	65	87	64	18	91	59	94	
90	91	20	78	72	38	74	32	35	46	78	75	82	6	29	77	80	43	34	69	
39	68	46	59	38	60	25	23	28	29	54	17	59	15	43	20	34	74	59	85	
30	57	32	30	67	23	4	86	53	71	98	52	29	36	65	68	2	5	33	65	
95	23	40	83	30	78	87	26	77	8	61	32	53	46	48	56	60	71	15	96	
72	4	38	52	52	33	12	63	21	36	22	72	57	15	33	93	90	10	86	37	
71	55	87	40	51	25	13	4	54	31	16	1	3	25	23	64	23	95	48	27	
On machine	27
43	5	93	71	96	87	25	7	88	22	69	68	63	98	15	38	100	54	40	39	
88	13	64	21	13	70	2	88	55	18	33	64	41	80	67	28	72	49	39	40	
35	6	48	8	14	87	91	10	8	9	89	96	11	26	87	69	91	23	14	70	
50	2	99	39	86	81	82	16	91	11	4	65	67	38	87	53	59	1	33	62	
40	82	44	20	50	82	81	81	23	84	54	55	83	43	13	72	39	40	30	82	
35	16	52	45	88	10	5	38	46	19	59	29	23	81	9	26	9	90	77	80	
92	69	29	38	42	70	17	6	94	38	93	47	99	4	51	37	91	94	39	76	
36	55	93	33	49	63	3	44	40	88	80	50	71	42	72	13	92	77	81	10	
5	73	65	74	24	83	5	17	99	46	49	50	100	52	93	55	67	66	4	67	
72	17	30	1	98	51	3	52	76	26	86	43	20	26	35	64	25	25	21	88	
65	38	11	53	22	18	57	30	24	43	6	37	76	50	67	26	40	24	90	68	
18	7	44	54	81	58	75	28	98	34	77	10	100	22	57	48	94	97	83	22	
60	67	90	2	72	90	39	84	22	74	93	81	51	46	7	19	94	80	41	51	
51	14	87	32	12	3	71	44	25	98	5	17	44	89	59	81	57	72	93	85	
66	59	87	50	18	2	26	65	59	19	45	21	69	69	68	98	69	31	56	88	
62	91	64	57	39	76	67	3	1	2	15	65	55	56	69	76	11	94	26	49	
34	85	18	5	83	67	72	3	36	40	1	33	70	49	99	6	69	46	88	36	
95	79	27	53	65	58	92	66	63	80	35	82	77	69	46	8	65	9	90	4	
4	12	86	75	87	44	24	25	23	30	15	23	32	3	86	65	73	3	89	37	
52	47	81	33	71	10	31	9	4	25	47	13	93	81	71	17	67	81	85	93	
On machine	28
80	12	32	12	90	5	20	8	42	17	19	44	73	47	32	97	29	66	98	97	
63	17	76	100	52	25	7	100	38	26	35	84	16	19	3	64	88	19	92	83	
36	35	57	84	23	32	88	23	90	40	22	63	18	79	39	28	56	42	32	7	
74	49	26	91	3	33	16	7	59	8	40	77	79	80	66	93	20	86	56	86	
54	88	69	12	90	45	40	79	77	43	64	31	29	16	50	36	6	49	10	48	
10	1	98	39	88	22	27	50	19	93	77	51	53	10	53	84	78	73	17	30	
47	24	16	35	35	61	67	63	52	12	47	64	97	92	75	4	79	12	44	40	
25	1	99	74	12	94	79	94	58	61	80	12	27	92	48	60	30	47	40	72	
30	44	5	10	52	42	79	69	90	18	73	54	84	26	34	2	14	73	3	66	
87	100	7	82	40	41	76	50	72	73	2	54	55	58	48	79	88	11	57	18	
59	24	85	93	26	13	70	4	76	29	33	34	28	50	44	55	67	46	67	24	
24	1	25	25	39	74	98	39	24	24	95	26	17	94	14	96	19	8	58	7	
4	27	33	31	61	66	12	68	55	63	78	79	63	26	81	26	22	37	94	29	
28	71	75	94	89	44	70	12	77	88	59	32	36	83	82	72	43	42	30	48	
76	97	49	14	44	76	78	21	73	97	27	1	81	9	22	45	61	2	90	61	
98	66	65	86	72	94	85	75	72	33	56	16	98	70	8	38	99	11	95	61	
19	95	42	45	2	27	28	60	51	84	94	74	86	17	76	2	3	70	30	100	
31	27	52	48	18	19	3	66	40	55	17	27	16	52	71	86	95	12	89	78	
67	83	89	51	55	80	24	3	16	9	25	80	73	77	47	11	59	96	34	55	
56	100	60	54	53	67	66	35	73	15	36	60	16	41	37	38	3	97	12	71	
On machine	29
98	50	98	91	36	1	41	62	41	70	20	36	14	3	48	67	9	59	30	97	
59	26	7	94	62	19	84	16	2	43	50	43	22	88	96	48	31	20	38	16	
77	91	38	46	27	18	5	49	56	30	89	95	57	60	36	55	33	26	63	80	
2	85	44	49	30	97	20	4	18	50	45	78	42	25	12	65	49	34	58	9	
35	95	85	87	12	69	100	11	54	52	62	92	33	65	75	73	22	68	59	58	
34	8	72	79	40	54	22	8	18	72	41	11	72	49	19	5	50	64	43	55	
40	3	53	60	70	50	26	94	92	73	50	79	58	8	97	4	36	8	35	72	
14	82	52	10	66	78	71	58	10	99	80	67	3	34	63	29	98	76	83	77	
30	100	24	10	82	100	69	65	89	2	5	88	91	50	96	18	98	41	12	26	
37	17	29	54	51	48	69	55	12	43	36	14	55	21	92	72	47	26	8	97	
19	95	2	97	55	94	49	41	54	50	100	32	93	67	8	45	53	67	8	29	
56	19	42	88	80	20	21	88	64	68	69	57	43	33	19	14	54	28	18	68	
77	33	77	37	81	91	10	64	5	58	93	55	82	68	97	35	79	33	64	60	
29	36	46	28	72	43	36	96	10	2	53	54	72	35	40	45	85	34	27	50	
97	41	67	43	23	23	1	20	54	12	61	25	47	8	97	51	10	33	17	71	
29	30	36	73	5	10	5	30	98	4	22	75	51	80	21	6	86	78	54	31	
5	21	4	97	1	59	23	21	25	27	81	74	94	23	20	89	38	35	39	15	
59	14	97	32	78	91	98	39	27	98	59	11	87	45	4	100	51	29	24	95	
46	33	65	18	30	61	61	27	27	98	100	54	53	66	86	37	91	6	31	68	
11	76	61	29	56	78	63	61	37	26	4	16	28	71	29	54	76	88	18	99	
On machine	30
90	8	30	48	6	1	62	61	56	5	72	33	49	38	68	77	60	69	31	49	
44	22	6	21	56	49	49	39	80	12	89	44	5	83	22	68	92	60	69	5	
75	85	57	47	29	46	96	70	8	15	13	8	67	21	72	70	8	52	57	72	
70	45	4	23	48	61	60	62	31	46	83	57	8	88	10	30	84	90	61	16	
39	90	1	21	15	63	16	78	95	82	37	94	87	91	100	87	85	92	12	84	
17	62	55	59	42	43	42	73	93	60	82	12	85	56	6	44	3	80	23	54	
82	24	24	52	46	26	49	81	82	14	97	96	92	10	3	86	93	27	18	45	
12	47	53	46	7	56	26	79	63	76	44	97	35	47	43	67	44	55	91	36	
63	42	25	98	7	57	49	60	73	94	87	53	42	71	96	97	28	13	11	95	
35	20	5	60	13	65	38	67	87	80	37	77	46	76	22	67	95	39	50	2	
55	90	50	14	30	51	44	34	96	69	34	6	8	74	96	58	100	44	5	87	
93	42	4	52	81	95	69	87	63	52	33	51	38	33	34	15	32	45	60	84	
59	47	83	68	45	40	82	28	12	99	59	4	26	74	9	100	43	65	34	81	
31	63	32	8	86	33	14	53	16	68	18	64	90	83	70	5	54	80	95	62	
94	57	6	1	60	10	38	81	37	33	68	13	31	35	45	60	87	73	17	100	
31	4	52	81	56	33	90	20	24	60	71	79	82	100	32	35	81	20	83	53	
94	59	81	57	72	29	78	88	62	92	28	99	68	6	75	68	22	65	29	21	
86	70	82	87	74	19	46	5	53	35	70	89	42	87	31	22	9	42	37	63	
91	8	15	3	64	52	63	81	11	31	21	25	84	44	35	88	100	26	80	84	
18	86	97	92	1	78	63	31	43	34	99	78	12	56	66	3	97	59	32	31	
On machine	31
7	99	55	88	7	5	43	35	79	45	46	16	98	71	97	52	24	6	13	42	
48	97	75	21	31	84	24	32	66	39	66	91	26	86	75	41	53	13	55	43	
64	52	79	88	56	53	74	85	54	28	97	23	83	24	19	99	11	60	83	97	
36	41	88	20	45	90	76	89	69	91	20	18	98	3	68	61	37	60	32	32	
63	84	54	83	45	37	81	44	44	64	25	47	93	71	87	3	31	24	8	43	
8	97	61	52	89	70	89	70	28	52	83	57	20	31	45	38	48	62	18	18	
51	93	83	2	28	43	28	83	84	53	5	88	40	22	69	34	69	41	2	56	
29	57	70	79	20	39	47	43	15	85	22	62	15	93	81	25	49	31	36	93	
65	55	88	20	44	18	3	72	3	52	87	34	16	67	79	43	87	94	25	95	
46	28	21	87	45	25	90	84	37	45	82	57	93	24	1	70	9	74	28	33	
14	92	80	29	82	38	24	52	74	66	98	97	21	77	82	51	11	65	72	57	
22	23	69	54	84	38	3	14	37	40	44	74	22	27	32	36	90	94	30	99	
60	73	69	62	33	18	6	74	84	42	73	61	43	7	36	88	19	23	44	65	
42	37	23	78	8	75	52	28	89	91	88	99	53	14	97	9	82	70	66	69	
53	62	62	55	17	100	28	25	33	86	22	15	16	49	100	82	11	66	32	17	
65	18	60	61	58	72	59	95	82	81	68	36	43	83	23	68	42	42	89	14	
62	83	26	91	94	57	57	17	3	86	20	86	25	93	76	49	70	13	51	56	
27	67	24	30	71	43	64	43	89	65	71	34	66	22	64	98	24	11	68	36	
49	29	47	96	10	2	5	18	17	16	93	31	52	44	48	4	85	100	44	58	
47	9	25	83	70	90	96	79	66	25	86	51	8	77	35	46	82	31	51	81	
On machine	32
19	77	53	1	6	92	58	93	87	89	8	65	43	38	40	53	93	25	33	87	
57	77	63	93	100	57	54	13	7	30	54	41	25	76	22	21	48	55	76	98	
51	98	25	62	21	20	77	61	80	47	12	14	12	49	86	90	10	81	65	8	
68	13	89	91	46	5	41	88	82	13	56	2	36	94	76	14	65	19	62	11	
38	90	50	23	23	16	49	92	13	40	44	56	90	98	42	82	19	76	42	37	
92	10	58	54	35	31	36	100	76	35	27	66	71	71	53	91	98	21	78	4	
81	12	27	85	11	96	91	91	79	46	73	45	71	54	16	86	67	72	96	33	
29	65	42	46	7	90	81	97	86	42	6	57	82	20	61	98	11	23	57	49	
86	21	38	63	26	22	93	25	80	1	67	40	76	35	9	97	43	95	48	62	
46	86	1	37	77	72	87	8	84	55	64	45	64	26	24	84	5	20	60	20	
82	51	82	83	86	74	6	52	94	87	16	81	55	25	66	92	57	57	29	62	
68	3	72	27	30	34	41	72	73	22	54	78	46	32	57	66	2	11	75	6	
12	76	7	59	60	67	79	23	39	45	99	21	14	77	40	66	63	63	83	34	
33	66	87	32	35	9	64	70	44	36	96	73	38	92	91	35	25	16	46	90	
69	57	61	84	15	21	37	23	3	19	99	83	73	90	2	1	10	58	27	47	
81	43	55	25	79	45	24	30	22	8	16	76	21	61	31	92	41	73	31	49	
19	20	24	6	86	28	85	66	25	76	57	56	56	87	71	63	31	97	56	100	
72	47	41	21	31	78	12	88	14	74	94	21	10	68	12	32	15	86	50	95	
30	1	15	66	93	23	67	39	59	55	13	76	70	2	5	59	61	6	97	97	
94	64	34	6	64	46	5	29	12	31	54	83	37	62	22	16	61	77	4	100	
On machine	33
14	78	17	31	93	71	100	44	73	95	94	47	88	80	94	61	70	85	97	39	
74	95	89	78	84	64	11	91	71	32	78	47	84	8	2	12	23	55	17	56	
51	43	67	37	12	24	92	2	74	3	34	81	43	10	15	25	73	66	41	10	
79	44	89	75	78	32	93	4	62	55	53	32	77	100	99	80	66	33	10	32	
87	95	16	9	6	76	64	88	100	35	87	74	89	97	72	33	71	22	33	70	
18	97	40	31	93	25	92	91	55	44	69	48	78	41	65	56	28	89	35	23	
19	97	44	83	14	7	33	97	31	98	20	43	77	47	82	39	7	65	36	95	
34	87	61	69	49	1	87	93	51	77	33	76	84	51	29	16	81	94	14	98	
86	32	36	67	5	99	51	65	13	50	40	23	31	96	77	40	23	55	76	33	
30	4	66	18	74	85	10	26	91	70	60	24	29	72	50	89	14	51	86	7	
41	19	32	80	58	38	50	28	25	27	42	95	65	94	10	11	66	99	43	36	
59	52	86	56	79	22	54	33	22	58	100	89	46	100	60	46	100	73	13	58	
69	62	53	40	33	43	77	71	59	77	3	47	77	18	46	98	48	98	56	65	
99	16	77	58	13	1	27	40	57	100	68	45	69	14	63	36	57	76	86	43	
53	83	52	66	17	81	59	77	81	97	52	86	20	81	33	19	84	10	22	23	
71	13	88	30	29	24	75	58	2	15	55	27	40	33	4	74	96	54	16	78	
13	1	89	79	10	76	56	68	70	35	17	30	64	7	16	77	52	81	48	18	
14	50	6	78	73	23	60	27	5	11	78	44	77	40	4	26	4	91	69	20	
100	96	8	70	67	74	66	5	98	23	63	77	83	3	32	13	35	65	76	84	
84	30	45	72	31	92	85	55	10	50	34	55	40	30	43	90	61	74	84	27	
On machine	34
59	36	48	63	45	64	28	68	71	55	23	17	50	85	80	22	97	19	40	67	
56	35	81	39	13	23	22	83	100	63	23	10	88	22	91	79	78	83	96	5	
47	38	31	36	30	50	57	73	59	63	65	2	75	3	11	29	39	76	64	8	
50	66	7	15	95	35	27	38	72	14	66	79	69	36	46	90	32	64	46	30	
27	86	71	75	14	70	27	8	31	42	78	74	27	37	92	57	59	38	82	92	
98	40	47	32	61	95	1	6	72	67	60	88	39	27	63	42	66	20	35	13	
32	51	24	57	50	97	73	45	81	82	34	100	69	13	79	33	13	69	84	13	
47	26	11	68	30	77	26	33	65	38	45	75	42	85	14	76	23	3	15	11	
59	33	12	26	12	81	6	37	11	32	67	86	65	15	15	77	29	74	1	18	
93	70	71	12	30	43	47	92	58	69	54	42	52	70	68	47	27	92	76	29	
31	38	41	3	44	33	23	84	91	9	15	73	78	98	59	36	87	36	45	36	
48	17	58	51	49	89	37	11	30	26	40	48	47	61	55	52	46	48	61	12	
36	18	15	19	86	68	97	16	33	94	10	17	60	61	3	73	97	2	45	5	
50	95	19	23	29	52	42	63	82	28	51	46	8	85	68	79	3	26	7	44	
53	28	39	82	10	19	65	37	40	69	66	58	22	47	69	41	40	79	83	33	
4	38	58	90	84	82	91	86	20	83	47	67	21	30	40	88	23	6	91	94	
50	34	97	73	31	22	50	47	37	94	21	8	77	40	10	39	31	58	60	48	
78	82	47	26	12	44	81	63	1	1	98	85	28	21	54	95	35	64	94	77	
7	97	79	4	76	67	78	82	82	11	99	44	24	65	69	52	91	58	45	78	
95	18	6	10	1	7	4	8	8	18	64	90	30	36	36	77	90	80	100	62	
On machine	35
27	26	55	63	22	7	50	98	20	48	5	10	30	36	71	56	26	78	41	35	
34	86	34	34	82	43	57	90	17	41	50	48	20	100	26	100	9	48	93	12	
90	70	17	42	80	31	85	39	85	8	3	76	40	46	38	19	100	98	26	83	
35	75	5	31	77	11	30	24	3	28	40	93	17	60	29	35	24	47	11	96	
60	51	19	5	66	32	57	7	51	29	47	1	100	11	13	96	40	88	40	79	
35	51	33	69	82	38	1	52	59	60	14	55	91	44	73	99	96	18	98	86	
60	85	44	64	42	4	89	14	15	12	80	48	42	53	89	57	92	77	21	2	
23	42	99	35	44	40	97	49	62	6	15	37	81	88	28	31	75	13	91	19	
34	74	62	87	46	38	56	65	16	91	88	96	67	69	67	45	53	6	47	81	
37	66	90	27	32	15	96	3	22	60	73	28	23	49	49	97	74	75	54	56	
16	50	63	91	20	78	29	53	73	57	62	31	41	65	44	85	25	27	33	55	
52	68	28	23	40	31	94	82	2	30	74	55	86	68	54	15	88	7	96	14	
93	63	39	40	68	3	37	95	30	62	72	36	8	89	20	40	1	91	33	89	
51	68	42	6	46	11	25	35	90	93	15	44	92	3	90	27	64	12	97	64	
49	10	72	33	82	11	49	70	84	53	90	39	84	58	20	12	42	93	91	96	
22	41	39	48	14	73	83	82	80	24	88	93	46	78	76	11	43	18	82	98	
31	89	77	92	77	94	41	69	20	44	58	45	93	81	20	22	96	89	37	34	
49	3	9	1	7	17	11	42	37	94	61	100	9	51	53	15	83	42	73	26	
15	43	44	43	54	83	82	85	36	43	94	58	45	77	65	37	54	33	62	1	
91	91	92	39	47	43	40	52	37	60	23	27	28	82	62	53	69	14	20	50	
On machine	36
97	47	12	63	59	42	96	5	66	9	29	41	6	89	88	39	35	17	4	84	
79	14	33	71	18	72	4	80	83	1	64	48	64	61	72	72	88	58	14	32	
84	81	36	53	32	36	65	77	63	41	2	35	66	27	13	47	41	7	54	72	
78	46	80	72	23	25	38	43	10	85	31	70	11	65	90	38	60	12	6	61	
75	63	78	36	97	59	80	34	82	26	47	80	25	44	73	6	85	32	98	44	
80	48	62	28	11	61	21	3	62	98	69	14	14	84	91	92	84	2	18	41	
83	53	36	33	97	23	79	21	54	88	55	84	66	69	28	74	8	81	75	61	
87	36	8	25	84	82	27	14	15	44	47	92	18	61	65	30	16	75	77	13	
99	46	70	11	13	74	86	63	27	57	53	36	62	72	20	34	81	54	84	87	
27	77	90	42	91	36	26	48	49	64	13	39	51	15	88	48	44	17	93	44	
79	1	79	87	91	12	1	40	2	49	55	6	63	21	44	99	29	83	35	2	
41	78	33	43	30	77	6	60	27	52	12	88	77	10	56	18	59	34	19	67	
66	25	44	4	48	96	6	64	56	22	92	49	11	77	58	92	25	38	43	82	
75	65	10	92	23	90	82	74	93	77	9	64	21	92	14	89	17	22	41	29	
92	54	84	52	63	17	44	47	15	13	70	59	11	10	86	40	87	70	35	3	
1	12	80	67	48	45	15	8	82	83	20	73	50	61	84	16	41	87	47	24	
40	37	78	78	39	38	13	43	61	91	16	33	32	81	8	39	49	55	77	18	
3	32	50	37	5	13	52	53	2	41	30	98	5	60	44	64	71	97	99	1	
99	43	77	58	16	87	73	33	95	16	57	82	49	83	6	16	93	20	36	14	
81	100	91	65	73	45	32	17	36	71	56	76	23	100	94	21	96	98	91	24	
On machine	37
79	31	27	69	67	85	1	31	15	84	67	92	58	49	64	82	72	40	94	44	
34	8	63	77	9	17	22	100	53	50	14	13	91	24	83	90	17	87	19	26	
94	48	99	54	90	6	86	29	86	41	66	26	47	20	6	83	31	97	10	83	
21	11	97	59	82	63	36	98	36	99	44	100	86	75	38	9	48	89	64	73	
68	60	3	18	37	55	71	19	23	94	91	64	7	13	33	11	33	36	88	85	
7	3	100	82	39	11	41	36	44	12	76	43	93	57	50	49	71	57	83	76	
84	43	83	44	32	56	18	73	19	11	89	14	54	42	10	19	98	47	56	24	
39	93	68	22	66	8	35	90	69	70	34	64	71	28	22	1	90	4	84	8	
40	40	48	62	86	91	3	84	3	59	15	5	68	11	26	87	53	5	42	50	
24	2	88	83	3	17	38	83	95	54	30	37	60	20	56	8	50	28	11	8	
52	71	33	46	47	78	100	2	17	25	7	12	39	98	12	95	28	58	5	14	
67	68	98	71	8	1	27	72	74	28	70	12	7	91	51	92	4	6	46	58	
47	54	85	37	35	96	7	13	54	15	56	57	36	8	58	79	35	48	23	52	
66	95	48	75	91	75	93	94	8	7	26	67	93	65	18	57	38	38	81	47	
86	68	43	84	16	32	91	52	21	74	34	82	75	37	89	66	88	91	3	45	
10	89	35	35	34	47	100	43	54	58	42	61	23	82	70	8	59	2	77	39	
47	73	62	38	64	58	68	77	47	64	13	8	39	96	4	55	46	2	48	44	
2	66	70	43	89	99	61	49	99	40	32	16	48	91	99	5	74	62	66	59	
39	60	39	92	98	100	2	14	62	16	29	11	79	29	13	72	77	80	91	66	
50	40	43	78	56	54	23	7	56	85	67	53	69	64	84	76	71	77	69	85	
On machine	38
81	92	65	41	92	14	22	16	66	2	94	92	32	89	35	13	100	72	32	75	
6	96	59	90	31	45	41	49	22	63	44	7	59	77	62	1	93	59	18	36	
69	55	52	70	47	42	1	35	3	36	44	50	100	61	29	59	51	17	18	71	
24	99	9	66	16	73	50	36	79	63	29	52	56	49	65	81	9	53	2	77	
81	86	29	43	91	13	39	7	85	46	79	13	28	19	42	10	69	27	75	94	
93	58	47	35	65	2	95	48	73	77	41	70	78	78	12	7	42	85	83	3	
11	47	39	16	30	61	28	80	57	35	69	66	87	8	3	86	55	92	81	100	
44	30	17	28	3	84	100	37	97	7	62	75	7	47	68	63	7	23	23	4	
21	45	54	17	93	45	99	60	51	2	54	77	33	64	37	91	23	24	95	70	
77	9	43	74	44	28	56	47	42	43	15	1	92	17	36	50	56	97	5	38	
72	3	95	86	32	63	10	60	3	34	75	78	13	54	68	9	87	49	12	63	
67	51	100	84	62	63	77	14	27	92	94	55	30	13	40	48	45	7	48	91	
98	66	13	12	81	33	44	11	31	86	64	20	91	13	73	84	87	43	87	60	
43	90	10	76	34	35	13	54	53	13	67	95	60	88	97	28	37	44	82	5	
96	99	28	62	1	92	67	62	52	97	67	81	10	20	100	17	19	85	85	5	
83	91	83	76	5	48	3	23	82	42	63	38	34	28	3	76	61	52	54	66	
100	50	100	81	86	4	14	53	49	27	90	40	71	90	19	32	42	14	95	37	
60	87	7	47	58	97	14	54	83	52	6	35	4	76	96	31	39	35	70	53	
84	77	70	8	34	87	100	8	74	99	52	82	25	3	33	27	71	46	33	2	
88	90	67	33	98	28	77	15	11	34	25	4	45	31	30	29	99	24	18	19	
On machine	39
65	65	79	72	47	10	67	99	10	27	24	89	7	57	12	82	12	15	56	22	
28	91	71	91	47	70	90	66	70	79	73	27	76	94	96	6	37	32	35	3	
38	80	99	2	21	46	94	59	70	51	65	84	58	60	72	49	98	52	89	87	
32	58	97	24	62	76	79	82	52	21	2	42	43	90	26	63	49	79	29	99	
22	10	56	36	11	60	23	75	39	90	25	5	12	3	61	91	71	25	88	8	
94	97	68	5	13	23	24	68	59	81	9	95	50	74	64	91	81	10	30	56	
69	77	40	68	50	21	39	100	48	32	38	66	77	12	1	7	61	33	34	22	
31	8	22	66	29	77	83	1	4	96	95	1	49	19	71	67	31	48	73	10	
32	4	31	9	93	51	45	89	30	50	84	37	22	80	100	50	28	2	23	57	
90	1	95	78	33	42	38	71	50	56	76	10	23	67	85	72	77	60	71	10	
88	24	54	32	99	18	2	11	46	81	81	59	1	73	6	10	75	16	45	16	
15	48	31	75	50	92	76	52	77	24	96	27	68	17	7	32	42	8	1	7	
7	26	73	16	40	60	75	50	18	67	19	81	78	58	60	6	3	67	98	32	
85	24	68	16	61	11	33	4	76	68	65	15	100	1	70	8	88	10	56	65	
3	98	73	22	36	89	81	95	1	96	30	94	6	70	39	12	23	33	2	89	
36	12	70	5	39	50	30	90	71	67	99	24	33	93	8	32	96	6	55	89	
21	99	71	98	54	44	96	39	70	95	7	70	38	94	23	73	71	69	27	59	
28	79	97	43	68	55	6	15	47	75	78	60	73	12	42	41	92	57	69	15	
79	56	60	100	39	61	42	67	97	98	26	82	40	54	10	69	37	2	7	78	
19	93	14	73	60	51	83	67	21	17	48	77	21	26	93	43	78	25	73	97	
On machine	40
87	65	43	72	69	69	33	70	22	69	37	38	55	24	31	80	10	49	86	19	
95	99	34	24	65	28	25	2	67	65	5	62	32	42	77	13	54	98	68	71	
74	36	6	51	8	65	68	60	84	56	62	22	5	13	95	78	70	70	25	21	
2	63	26	52	92	54	22	28	11	50	49	24	66	67	47	16	12	74	66	14	
69	1	45	35	60	98	67	15	28	73	21	18	88	94	95	12	16	71	84	17	
69	98	17	100	4	79	44	69	10	81	1	1	46	65	53	95	75	94	93	40	
55	43	89	50	40	34	78	81	83	51	24	86	35	80	80	32	51	98	69	59	
58	76	89	70	57	10	23	46	14	73	15	45	32	33	61	52	19	27	37	87	
1	92	58	48	25	66	50	39	35	69	10	2	89	53	14	29	76	82	83	3	
49	3	15	13	98	11	53	30	64	45	9	16	71	52	22	26	4	95	10	70	
45	21	46	93	13	34	95	41	67	39	41	58	1	57	42	85	57	98	68	28	
27	97	98	10	24	93	36	45	47	66	46	61	64	60	75	65	89	9	22	27	
24	91	96	44	65	33	83	92	6	92	31	3	68	53	80	69	52	5	7	76	
70	49	44	3	68	47	11	61	82	33	89	66	37	29	33	65	50	100	96	91	
36	43	86	83	28	86	66	50	8	15	96	93	5	43	29	80	98	23	58	94	
74	94	93	95	89	93	56	68	74	91	39	61	67	17	61	3	26	65	6	69	
71	75	51	80	29	48	65	70	53	43	42	55	20	44	97	73	61	6	21	6	
3	36	9	71	48	60	39	40	90	92	14	29	53	13	40	95	93	96	79	2	
97	78	70	41	25	35	75	17	56	74	40	75	13	68	70	17	22	3	58	77	
97	37	79	94	22	9	14	35	30	15	41	67	19	50	37	20	32	19	29	2	
