Factories	2
Families	20
Machines	40
SetupType	2

Number of Jobs in each Family
4	3	4	7	6	6	7	3	7	1	5	1	6	6	7	9	9	6	6	1	

Jobs in each Family
0	1	2	3	
4	5	6	
7	8	9	10	
11	12	13	14	15	16	17	
18	19	20	21	22	23	
24	25	26	27	28	29	
30	31	32	33	34	35	36	
37	38	39	
40	41	42	43	44	45	46	
47	
48	49	50	51	52	
53	
54	55	56	57	58	59	
60	61	62	63	64	65	
66	67	68	69	70	71	72	
73	74	75	76	77	78	79	80	81	
82	83	84	85	86	87	88	89	90	
91	92	93	94	95	96	
97	98	99	100	101	102	
103	

Total number of jobs
104

Processing times of jobs
4	3	1	1	2	7	1	5	3	5	8	4	3	2	7	2	7	2	1	9	9	6	4	9	8	2	5	2	4	10	8	10	4	5	3	5	5	8	10	10	
10	5	7	2	2	3	5	10	8	6	6	9	5	9	1	10	4	5	1	9	6	8	2	2	6	2	5	7	9	4	10	5	1	3	8	4	4	6	6	9	
8	10	2	8	1	10	6	3	7	8	1	10	2	1	4	2	9	8	5	8	4	8	2	2	4	3	1	3	4	10	1	2	6	7	7	9	8	2	7	3	
4	7	4	4	2	7	9	6	1	8	4	8	10	10	4	6	8	3	9	6	10	7	2	1	10	9	7	5	8	5	8	10	8	10	10	5	2	2	1	3	
2	10	4	2	5	7	2	9	10	7	5	4	5	2	7	8	7	5	10	1	9	7	7	2	9	5	3	6	3	4	3	9	9	7	9	7	9	4	3	5	
4	5	5	7	2	5	7	9	4	2	4	6	7	10	7	2	3	5	2	8	2	5	9	1	9	5	8	8	2	5	1	1	2	1	7	6	1	8	6	3	
5	8	3	1	7	8	9	2	7	10	8	4	6	7	5	5	6	10	5	3	8	2	2	4	6	4	1	10	7	4	4	6	7	5	7	5	10	5	6	5	
6	3	9	1	8	4	10	6	3	2	4	4	9	4	5	6	9	4	6	4	7	2	2	9	4	5	2	8	4	3	6	4	2	1	5	5	8	10	4	5	
9	1	7	3	9	2	1	9	1	4	1	2	3	8	5	2	4	10	10	5	1	6	7	6	2	8	3	7	10	1	7	6	2	4	7	4	6	2	1	10	
10	3	6	6	8	1	5	4	4	1	7	3	1	9	6	4	5	8	7	1	7	8	10	10	7	7	9	6	4	5	3	5	5	5	1	10	7	3	2	4	
8	8	1	9	2	4	3	1	5	3	3	8	6	7	5	9	6	1	7	1	1	1	9	7	7	10	8	2	10	4	4	9	10	5	5	6	10	2	4	8	
7	1	7	10	7	1	8	10	2	8	5	8	8	4	9	3	8	3	4	7	9	8	1	8	4	8	4	1	1	10	8	1	10	3	4	4	5	5	6	3	
4	3	6	3	4	8	7	6	8	1	5	9	7	5	10	2	7	1	2	3	3	7	7	7	10	2	7	1	7	9	8	7	8	8	8	8	9	1	1	9	
6	4	9	1	5	5	2	2	6	8	7	6	6	8	4	6	8	6	10	1	9	5	6	7	7	3	5	4	6	5	7	1	8	9	7	5	10	10	3	8	
9	1	8	1	10	5	7	5	7	4	3	5	4	4	10	8	6	3	2	10	2	8	3	5	2	6	4	5	4	4	9	3	5	10	1	4	5	1	8	8	
5	10	10	5	7	2	10	9	3	10	7	10	7	3	5	1	2	1	2	1	7	9	3	10	5	1	2	1	9	5	2	5	6	2	10	2	2	2	8	2	
8	3	6	6	10	8	4	8	7	6	1	7	5	6	1	10	3	2	5	5	9	5	9	4	5	6	9	2	3	4	6	10	5	8	2	1	7	2	5	3	
2	5	7	10	1	9	9	2	10	8	9	7	6	10	8	2	9	10	9	8	3	7	2	1	6	6	6	1	5	6	9	3	3	8	10	1	7	10	4	5	
8	7	1	9	5	2	3	1	1	6	1	1	3	7	4	5	7	5	5	1	5	10	2	3	10	3	6	3	9	9	4	10	8	7	9	9	10	3	2	2	
1	7	2	6	8	4	2	3	4	1	4	2	7	2	5	10	5	1	7	6	2	10	1	3	1	10	9	10	3	9	8	2	10	5	6	8	5	3	4	2	
3	6	2	7	2	3	8	5	5	2	9	9	6	8	4	7	7	8	1	8	5	3	7	7	1	3	5	3	8	4	3	5	2	6	8	9	5	10	1	6	
4	2	8	3	6	4	2	2	5	8	10	2	9	5	7	1	10	4	6	2	5	2	4	3	3	8	1	7	6	3	2	10	6	3	4	3	1	2	2	2	
4	9	9	6	8	4	2	1	10	10	3	9	7	7	1	10	2	1	8	8	1	1	4	1	4	7	6	10	1	5	1	8	4	3	3	10	6	9	3	6	
1	7	10	7	5	6	2	4	3	3	7	6	9	6	4	10	5	4	9	10	1	9	8	5	9	5	3	1	1	4	7	4	2	1	5	2	5	3	2	6	
9	1	2	6	9	10	7	5	5	2	7	4	10	2	2	3	10	1	10	4	9	1	6	1	3	8	3	1	4	8	9	6	5	5	9	1	2	9	2	5	
10	6	6	8	3	10	10	2	6	5	3	1	6	6	4	2	5	1	9	5	5	9	5	9	2	1	9	2	3	7	2	9	3	3	5	7	6	9	3	5	
10	7	9	2	8	9	5	3	5	8	1	10	10	10	2	4	10	3	1	4	2	4	7	9	6	5	8	5	3	3	3	10	5	7	3	2	7	2	6	7	
1	5	5	5	8	10	3	4	5	3	9	2	9	8	1	8	1	1	5	7	1	2	4	2	3	5	3	5	1	1	6	5	4	2	9	2	6	4	9	8	
4	8	3	1	9	2	6	2	8	5	10	10	3	5	10	1	4	6	5	6	10	5	9	10	7	9	10	2	6	10	4	8	8	10	1	4	9	4	7	2	
10	7	2	1	1	4	10	3	5	2	2	10	9	6	1	5	1	10	6	3	4	1	2	7	9	10	8	4	5	1	4	8	8	9	10	9	2	4	7	10	
9	2	4	4	1	2	6	8	8	7	5	4	9	1	5	8	6	7	6	7	4	8	1	1	2	3	2	2	7	8	9	10	8	1	5	5	7	7	5	6	
4	8	4	2	3	6	6	10	4	3	5	6	9	1	3	4	8	4	4	7	4	1	10	4	5	9	6	1	7	9	8	9	8	7	4	4	4	10	2	5	
10	6	10	6	8	10	5	7	2	4	8	9	2	2	10	5	7	8	3	1	7	6	9	5	1	7	3	3	4	7	3	1	10	6	10	4	2	6	9	6	
5	10	1	3	6	1	2	4	8	8	6	3	4	2	7	7	7	4	9	7	8	2	9	10	10	5	3	1	6	8	1	4	1	5	4	1	8	7	8	3	
5	5	8	6	5	9	7	6	5	3	5	7	10	1	10	6	5	10	9	8	2	10	6	3	4	5	5	1	1	3	2	9	7	4	4	6	6	10	1	7	
10	3	7	5	5	1	6	6	10	10	4	8	5	9	10	4	3	4	6	3	2	5	5	3	4	1	8	6	2	9	1	5	10	5	9	4	10	5	8	5	
10	9	2	9	2	9	9	10	8	2	9	5	9	6	10	10	3	7	2	5	2	6	3	2	6	10	1	6	5	1	7	3	3	2	5	4	1	10	9	4	
8	7	9	2	2	4	3	9	8	8	6	7	6	9	9	4	9	10	10	8	3	2	3	5	2	9	9	6	6	10	3	3	6	4	4	10	10	9	6	4	
4	9	9	9	9	8	1	2	7	10	1	1	3	7	8	9	9	10	10	8	4	1	2	6	2	3	10	8	6	1	4	2	10	2	9	9	6	5	7	6	
7	5	6	3	9	7	7	7	2	7	4	1	2	5	10	6	1	7	2	4	3	10	1	3	6	4	10	4	9	4	9	1	4	7	3	8	6	3	8	1	
3	2	5	6	9	6	7	6	8	6	10	6	4	1	3	6	5	9	1	6	9	10	3	8	6	1	10	5	7	1	5	5	1	8	10	2	3	1	7	4	
10	5	7	6	3	6	4	7	5	4	4	4	3	9	5	2	7	9	2	8	10	4	1	6	4	7	2	7	6	8	1	7	7	2	4	2	8	6	9	9	
5	1	10	5	5	8	10	2	4	3	9	10	6	4	10	4	8	8	3	2	2	2	7	3	5	1	8	5	6	6	5	5	6	1	1	6	2	9	1	8	
2	9	9	8	5	5	1	4	8	10	5	7	9	8	3	4	1	3	9	10	4	6	8	10	4	4	7	6	2	1	10	9	2	2	9	9	6	1	6	5	
3	7	9	5	9	6	6	9	4	2	1	6	4	10	6	5	6	8	5	6	8	10	7	3	6	6	10	8	6	10	1	7	1	5	1	6	2	10	7	7	
5	9	10	9	5	6	1	6	5	5	3	5	1	7	5	7	6	2	8	6	5	10	7	4	3	4	9	7	4	5	6	2	2	8	7	2	10	2	6	10	
9	5	6	5	1	10	6	7	4	3	5	10	8	3	2	8	2	6	10	7	5	6	3	6	9	4	9	10	1	3	3	2	1	4	8	5	9	6	2	8	
6	5	8	10	3	8	8	1	10	4	6	4	4	5	5	2	2	7	9	8	10	7	4	5	6	8	1	2	1	3	4	5	6	6	1	1	9	9	4	6	
8	5	1	5	10	1	6	2	9	7	3	3	8	9	2	8	6	2	2	3	4	6	10	2	2	8	10	3	9	3	9	3	5	3	8	10	6	2	4	3	
2	2	6	3	8	5	10	6	6	6	1	7	5	1	8	10	2	9	9	10	9	3	10	3	5	9	5	8	2	4	1	10	7	2	6	1	7	4	4	6	
5	10	6	5	4	6	5	9	2	6	5	7	4	9	1	10	2	5	9	1	1	1	10	6	6	6	5	1	6	2	6	7	1	4	10	6	8	3	5	4	
6	10	5	9	9	1	8	10	9	9	6	2	9	9	10	2	3	10	2	10	5	2	2	10	8	4	9	4	10	2	9	9	4	1	3	8	6	8	1	10	
7	3	2	2	6	6	3	3	9	6	3	8	10	2	1	1	1	2	9	6	4	1	5	9	8	2	9	4	2	3	2	5	1	9	8	8	10	10	5	4	
3	9	8	6	10	9	4	3	1	8	5	7	9	8	7	5	1	7	9	10	4	2	6	3	5	5	6	5	8	4	6	3	8	1	9	5	4	3	6	7	
7	6	2	2	4	8	10	8	10	4	10	6	8	8	3	2	5	2	7	1	2	8	7	1	8	9	7	6	7	9	8	4	3	9	8	1	1	1	10	3	
8	7	10	3	7	1	7	3	1	4	3	9	6	8	5	1	5	2	9	6	5	5	10	5	9	3	1	10	8	3	3	5	3	8	5	6	9	9	4	10	
10	5	6	9	1	8	1	6	10	4	3	3	10	1	6	7	5	7	7	9	4	10	2	8	5	5	8	4	7	10	3	4	8	9	7	9	2	6	8	5	
8	8	9	4	10	7	2	3	1	10	2	8	8	10	8	5	9	1	2	10	10	10	4	4	1	5	10	8	5	10	5	1	6	10	5	5	1	7	6	5	
3	3	4	6	7	1	6	6	10	10	3	5	10	9	3	9	2	2	7	5	5	10	1	1	2	7	8	2	3	5	5	4	1	7	3	1	8	7	3	5	
10	9	3	10	10	5	3	10	7	3	2	1	3	9	3	3	2	7	1	6	3	7	6	10	7	6	5	2	7	9	6	1	6	1	7	10	6	2	5	10	
7	5	6	7	5	8	6	6	2	10	4	2	8	10	6	2	1	9	2	4	2	9	6	3	7	6	3	7	1	1	5	2	5	6	6	7	9	3	6	4	
6	8	3	4	1	2	5	2	4	7	10	4	6	6	4	10	7	4	1	10	4	10	9	6	5	9	6	9	2	3	7	4	2	3	2	8	4	7	9	4	
3	4	8	7	8	7	7	9	1	7	3	4	6	1	2	9	10	4	8	3	3	2	8	2	10	3	10	9	6	3	7	6	3	5	7	6	10	6	5	6	
6	9	8	8	7	6	10	3	7	5	7	6	5	2	1	8	8	10	1	5	3	8	10	3	4	8	7	2	5	9	6	8	4	3	9	7	5	1	3	4	
3	4	1	6	5	3	8	6	6	5	3	5	2	2	5	1	10	1	6	1	10	6	2	8	10	3	6	4	9	8	3	1	2	3	2	1	5	7	10	7	
7	6	9	3	4	7	2	4	10	2	7	10	3	1	6	9	6	1	3	2	2	1	1	7	6	6	9	5	5	1	1	3	6	5	9	1	1	7	1	4	
7	4	10	9	1	7	7	6	7	3	10	9	5	5	2	8	6	5	4	1	2	9	3	2	2	4	8	8	10	7	2	2	8	9	7	1	4	2	5	10	
2	3	10	10	8	2	6	8	1	9	7	5	7	8	5	5	3	7	9	5	7	3	7	3	1	2	10	2	5	3	2	10	9	1	5	10	10	1	9	2	
6	4	1	10	6	7	6	8	9	8	3	2	7	2	6	2	10	9	6	8	1	2	8	9	1	1	1	10	2	2	1	10	3	9	7	6	6	8	8	10	
1	9	4	1	3	7	9	2	1	9	2	5	8	8	5	4	3	9	9	3	4	6	9	3	4	7	10	6	8	1	3	4	2	4	6	7	1	4	7	9	
9	8	10	2	3	5	2	3	5	3	2	10	10	2	4	2	9	8	6	7	10	10	5	8	3	5	1	10	2	1	3	1	5	10	10	9	3	8	2	3	
7	10	6	2	5	6	4	8	4	8	5	8	5	1	2	2	10	5	8	7	9	9	9	5	2	6	8	2	2	3	9	3	5	2	3	10	2	1	1	6	
5	2	5	10	8	1	5	5	9	6	4	1	6	3	9	7	9	9	5	5	4	5	5	2	1	8	2	9	7	7	3	5	3	7	4	8	9	7	1	3	
4	4	10	7	4	5	10	8	2	7	5	3	7	4	9	1	3	5	3	1	1	8	9	2	1	1	1	7	3	1	4	3	3	5	10	2	1	2	2	7	
5	5	4	5	4	3	9	7	7	6	6	9	5	7	3	5	6	7	6	5	9	2	2	2	10	9	7	6	2	2	5	1	2	1	4	4	3	2	5	9	
9	8	3	10	6	4	5	3	2	3	7	5	7	4	6	1	1	2	9	10	6	9	2	7	9	7	1	3	6	7	2	3	9	7	9	9	2	3	4	3	
6	5	6	7	5	3	10	5	6	8	10	10	1	7	7	10	7	3	8	8	10	8	4	4	8	6	5	9	3	6	4	8	6	9	10	1	4	1	4	7	
1	2	9	1	8	2	8	5	1	3	2	5	4	9	4	7	9	2	3	3	3	3	4	1	7	7	10	10	9	10	1	8	5	2	2	3	4	8	2	8	
5	3	8	3	6	5	2	5	9	1	3	4	8	7	2	7	10	3	8	9	3	9	1	9	7	2	5	7	7	8	3	10	7	7	2	4	4	3	4	10	
6	6	1	2	10	2	4	5	5	1	4	8	8	6	7	2	2	2	6	6	7	8	6	2	1	3	2	3	5	1	3	6	5	5	2	8	8	3	5	4	
3	6	10	3	2	4	5	10	4	6	2	9	8	9	7	7	10	6	9	3	6	6	9	3	8	2	10	1	1	8	1	1	2	10	7	3	5	10	5	6	
5	2	10	3	6	8	4	4	10	10	5	7	10	8	1	9	6	9	5	8	4	6	1	10	7	6	9	6	7	4	2	5	2	6	2	6	3	5	8	2	
3	10	6	6	8	9	5	7	4	3	2	8	7	7	1	6	9	3	4	5	6	10	8	4	4	6	2	7	7	10	1	10	10	1	7	10	10	1	9	1	
2	10	6	6	6	5	7	4	4	5	9	9	8	10	1	6	8	5	2	10	6	9	2	6	8	9	10	10	8	8	4	10	3	1	9	7	6	10	10	9	
3	2	4	7	5	8	10	8	10	1	1	1	6	2	9	5	3	10	9	10	5	6	4	7	7	3	7	6	6	9	6	4	7	7	2	4	9	5	7	9	
8	1	6	3	9	8	8	3	10	5	3	1	6	6	3	3	7	10	1	8	9	8	1	4	4	7	8	3	9	4	10	6	6	8	9	9	5	2	8	4	
10	1	1	1	8	10	9	9	4	4	3	5	7	8	8	8	9	2	7	5	2	9	8	7	10	10	10	3	6	6	5	1	1	6	3	1	1	5	1	8	
8	1	1	6	10	4	4	8	5	5	1	8	9	9	5	3	6	5	9	3	5	9	9	1	1	5	9	10	9	10	6	1	2	7	7	6	10	2	8	1	
2	10	4	5	8	10	8	5	6	10	7	2	9	3	7	10	7	2	5	10	2	1	2	4	3	1	10	10	7	2	9	10	8	9	2	1	6	2	5	10	
6	10	6	8	9	10	1	10	8	7	4	1	10	10	1	2	3	10	1	1	7	8	10	8	4	10	9	3	1	5	10	5	8	5	6	10	3	10	7	2	
9	2	6	10	5	9	9	1	4	8	4	6	2	8	6	8	1	5	1	10	7	5	2	10	3	4	8	4	1	6	4	8	3	3	1	7	3	10	9	3	
5	6	1	10	10	1	4	7	4	6	6	5	4	3	7	6	6	7	6	8	8	8	6	9	2	6	10	9	10	10	8	9	8	8	2	9	9	10	9	8	
9	1	5	5	7	5	2	9	10	6	9	7	7	3	8	7	4	2	3	7	8	5	8	8	7	2	10	2	2	3	3	2	9	5	7	3	6	8	7	4	
9	7	4	6	10	7	6	6	6	7	1	8	6	1	9	2	6	4	9	8	2	9	2	2	5	2	2	10	1	5	6	5	3	4	2	9	6	9	6	2	
5	2	10	1	7	10	1	5	6	2	1	4	2	10	8	10	3	5	10	8	5	2	4	1	5	5	5	8	10	7	1	9	9	2	6	1	2	4	7	6	
1	8	9	9	8	4	2	9	4	5	4	10	9	3	5	7	6	10	7	4	8	3	3	2	3	9	6	3	9	3	7	3	4	5	6	8	4	9	10	6	
6	4	8	5	7	10	1	6	9	8	4	9	3	2	3	8	10	9	2	2	6	3	3	3	10	5	10	10	7	1	8	4	8	4	2	10	6	1	7	5	
8	9	1	2	6	3	5	4	2	2	5	2	8	10	10	2	2	1	1	2	10	10	8	8	5	5	1	4	1	1	9	8	9	1	7	4	1	8	7	8	
8	2	1	6	8	10	3	4	6	4	6	5	8	9	8	7	7	9	9	5	6	7	1	4	10	4	1	2	7	10	6	1	3	6	10	3	3	5	4	5	
2	10	1	9	1	2	9	8	6	9	10	10	3	3	8	5	5	10	7	1	7	9	2	8	1	10	9	6	5	4	9	7	4	1	8	5	1	10	2	7	
9	3	7	9	3	6	8	3	10	3	10	10	3	7	1	10	4	9	2	2	6	9	7	3	4	5	5	2	8	4	8	7	5	3	4	3	1	10	4	5	
6	5	8	4	3	6	5	2	5	9	3	4	6	4	6	4	6	10	7	5	4	10	7	3	7	3	6	10	4	1	6	2	10	7	5	7	6	8	7	4	
8	9	7	5	9	5	4	4	3	5	9	7	3	8	3	8	4	9	1	5	5	5	6	1	5	10	8	10	5	9	2	3	1	3	10	7	1	8	3	6	
8	10	1	9	9	7	5	3	8	5	9	9	2	8	5	7	1	10	3	8	5	7	6	9	8	6	6	1	3	2	10	4	8	1	5	8	8	10	7	7	

Stepup times between Families, where [f][f] represents initial setup time
On machine	1
15	11	41	33	7	33	7	40	35	44	28	32	32	8	33	1	46	24	30	25	
46	46	9	14	11	40	25	30	40	45	41	3	30	45	27	34	3	26	33	48	
12	16	31	23	20	24	16	27	19	12	1	21	9	2	34	14	11	13	50	28	
8	43	10	8	18	21	20	34	39	42	29	19	8	40	17	38	33	46	15	40	
10	14	45	4	4	5	31	4	21	36	46	49	5	34	38	44	38	30	12	40	
33	24	13	46	33	32	35	40	4	16	20	7	18	29	26	7	38	29	8	47	
12	31	5	24	50	46	36	22	38	26	43	4	16	8	24	9	8	38	35	35	
25	12	42	4	11	1	14	48	9	48	38	43	3	36	38	48	43	39	50	14	
16	15	26	29	25	2	22	20	16	21	23	36	36	26	45	47	50	12	45	1	
50	32	48	4	7	5	24	18	28	5	44	32	46	15	43	15	28	42	3	1	
15	25	21	43	4	18	29	9	36	38	27	21	14	19	17	14	30	9	1	9	
12	18	21	11	28	46	10	30	24	50	30	47	10	45	24	2	5	27	15	22	
3	39	8	12	39	29	31	44	42	28	19	16	44	34	37	44	44	26	35	20	
50	9	41	10	36	6	45	44	32	42	26	23	14	41	17	7	4	29	8	13	
6	33	37	12	5	28	16	47	20	39	5	4	28	38	6	35	36	32	34	32	
16	37	6	7	40	36	3	12	33	1	23	22	15	7	47	41	31	50	3	45	
22	50	33	40	21	37	16	40	32	17	47	41	23	29	35	45	13	15	41	7	
31	48	18	6	5	46	47	22	28	7	46	2	34	23	15	28	38	39	50	16	
10	13	20	18	24	8	11	12	30	32	35	44	45	19	39	47	9	16	19	30	
8	34	29	39	47	24	21	9	15	24	22	44	13	28	30	37	40	6	22	9	
On machine	2
14	43	44	17	49	24	35	39	50	46	32	50	11	49	39	4	18	31	18	49	
50	22	32	31	50	15	9	36	16	9	37	27	17	34	36	29	16	31	26	37	
2	32	27	23	7	2	1	32	26	6	14	17	4	31	20	6	6	43	19	13	
28	17	17	15	1	43	41	21	43	15	49	15	45	31	10	46	44	25	43	16	
15	9	19	28	30	45	40	24	9	50	31	15	46	12	8	45	25	20	30	44	
8	37	48	20	42	9	29	8	12	50	43	43	25	34	44	49	13	9	34	12	
20	19	35	21	3	8	24	30	24	17	25	2	16	11	17	11	46	37	16	5	
17	10	19	36	39	5	41	25	43	29	4	6	22	32	18	12	38	2	1	41	
44	34	18	28	50	8	21	33	26	25	36	8	24	31	7	27	34	48	28	8	
30	32	13	15	13	5	29	47	7	38	42	21	14	2	39	43	20	22	28	43	
27	45	49	26	8	43	13	7	34	2	10	21	22	27	46	6	37	38	33	38	
11	13	38	7	17	19	37	6	16	43	10	35	37	3	9	10	26	40	31	6	
6	37	47	15	13	2	12	50	31	26	12	7	7	20	19	22	38	31	29	40	
41	25	6	26	40	22	11	3	26	48	6	43	29	11	33	11	45	45	1	48	
26	49	38	35	19	36	47	33	1	18	23	21	4	8	43	12	35	20	36	4	
36	11	19	50	43	40	17	21	20	12	11	37	32	16	19	38	48	48	24	16	
12	40	7	46	32	28	37	24	11	16	2	36	11	33	7	42	3	14	16	3	
14	5	21	12	6	23	16	29	19	18	1	48	3	41	29	25	40	21	22	6	
4	31	29	28	20	40	24	46	36	13	2	33	5	27	2	26	45	47	24	23	
24	33	22	35	36	31	34	42	28	23	32	21	11	13	24	37	42	4	13	48	
On machine	3
16	9	49	29	26	27	25	40	11	10	28	13	14	48	9	40	15	33	26	48	
18	35	9	8	41	12	31	23	47	30	2	35	50	47	36	18	10	25	30	38	
27	22	14	30	18	3	13	31	41	4	39	25	49	37	44	47	46	26	28	21	
40	2	37	23	17	43	25	16	14	2	13	45	28	37	37	47	10	31	29	4	
27	34	48	43	16	30	34	23	25	5	17	26	50	25	39	17	43	29	34	14	
8	22	22	8	6	29	43	11	40	34	31	5	12	30	46	48	13	11	29	14	
21	25	15	35	1	50	42	31	14	48	1	8	24	31	23	18	22	17	26	8	
25	32	3	45	32	8	49	21	11	10	15	23	38	50	47	41	12	44	6	16	
31	31	29	40	21	11	4	38	9	5	17	17	6	23	8	22	47	8	21	6	
41	39	46	8	41	7	3	7	47	38	41	17	21	5	47	19	22	23	39	40	
47	27	6	5	2	23	40	24	18	14	17	20	47	25	47	50	43	40	29	42	
32	16	42	19	5	45	35	18	42	43	36	15	45	36	27	31	10	31	29	1	
46	27	7	19	18	45	31	24	14	23	9	22	38	41	10	29	34	27	25	27	
24	14	13	33	37	14	42	46	8	25	13	50	30	11	3	16	3	25	46	9	
38	14	42	34	15	9	49	13	34	7	19	32	42	10	48	39	40	10	42	39	
32	50	11	6	8	17	33	16	14	6	26	28	10	5	50	39	19	47	31	28	
45	12	6	24	28	42	13	47	43	23	12	9	49	37	48	14	4	44	12	48	
21	44	27	41	19	32	25	22	40	3	32	2	36	10	30	37	27	46	48	30	
4	33	34	26	36	10	2	39	50	18	41	15	29	13	36	35	2	19	28	42	
45	50	49	42	2	24	33	8	48	12	10	5	34	17	32	3	47	47	19	25	
On machine	4
36	20	44	26	31	1	19	18	3	3	6	46	11	30	45	42	17	7	16	2	
23	44	12	7	13	21	10	26	17	22	3	32	20	11	29	15	2	10	2	41	
31	16	11	41	10	4	9	37	34	12	45	40	33	46	20	1	28	40	31	5	
23	9	3	23	50	2	6	23	8	11	4	46	35	31	11	26	26	8	26	20	
14	22	41	31	18	37	36	7	46	32	40	7	5	47	47	38	18	34	40	14	
50	22	29	30	33	29	15	20	39	49	23	25	33	39	47	30	31	33	47	32	
9	38	5	23	47	8	41	36	16	49	14	12	49	10	48	16	46	44	15	35	
22	15	45	41	45	28	8	44	3	35	29	12	10	33	46	36	46	28	16	38	
44	38	2	12	11	41	38	18	14	8	9	8	25	27	23	50	47	3	18	9	
24	25	26	23	14	24	3	35	41	28	5	37	46	23	8	19	47	14	30	19	
34	15	29	46	28	35	40	41	17	11	11	46	1	36	36	28	33	48	17	16	
21	28	12	34	30	24	10	8	35	43	6	31	14	33	26	2	42	11	18	26	
5	50	43	4	29	48	42	2	8	43	20	49	45	9	41	2	47	31	5	32	
12	42	32	41	45	21	9	31	16	1	15	26	47	31	36	20	35	5	15	6	
24	46	42	46	25	8	17	40	10	28	9	1	43	22	2	23	40	41	2	48	
48	41	6	16	50	15	18	9	41	20	29	45	45	7	36	8	27	19	4	6	
25	1	26	46	38	26	20	42	27	35	35	10	48	10	23	15	23	26	15	38	
13	3	12	15	28	46	42	46	20	43	16	27	30	34	11	8	19	50	2	21	
13	29	22	45	21	24	48	32	46	7	12	20	44	13	42	48	41	13	15	23	
11	26	21	42	7	27	6	16	3	1	42	9	45	15	14	24	47	44	2	49	
On machine	5
49	34	44	20	23	26	36	6	3	38	5	16	39	15	40	26	11	29	8	9	
18	23	9	9	4	15	35	24	2	34	41	21	38	27	19	31	2	1	14	20	
1	3	6	37	34	18	32	16	48	2	33	32	2	2	42	50	46	35	39	28	
42	19	24	28	45	45	25	3	24	40	32	33	9	6	3	8	42	33	23	3	
48	45	49	22	41	14	15	1	37	47	25	29	50	11	31	44	2	6	27	7	
14	35	31	6	40	43	36	24	1	14	29	22	24	19	43	36	30	45	38	22	
26	3	2	26	37	50	42	44	49	16	23	6	38	6	8	30	22	40	42	23	
9	41	34	45	11	2	25	27	42	17	42	46	34	26	10	42	23	12	12	15	
20	7	13	5	11	23	45	33	44	26	35	46	30	50	21	35	9	6	38	19	
45	48	43	14	33	30	15	24	12	20	27	48	45	17	2	33	22	39	10	1	
3	25	27	44	37	17	2	30	47	38	16	43	37	24	47	7	34	16	42	43	
14	12	31	46	2	29	32	7	41	36	42	27	29	49	35	10	31	11	17	12	
11	21	23	22	44	46	23	32	14	37	17	45	4	25	49	31	23	7	29	36	
33	49	47	31	45	50	13	25	23	6	13	14	38	33	32	35	17	12	1	50	
43	37	4	47	16	32	17	33	26	34	24	40	4	44	39	34	18	40	16	44	
5	36	40	31	37	11	49	35	20	37	25	16	2	34	37	44	28	49	31	43	
36	40	35	38	27	2	32	5	8	35	4	32	46	3	33	45	18	9	36	17	
29	4	28	40	16	5	33	1	35	14	48	7	40	4	31	31	31	37	7	31	
8	43	7	25	24	41	15	14	30	15	20	32	33	7	46	41	7	12	31	43	
20	25	41	26	37	22	36	40	44	27	37	25	19	17	24	34	34	34	13	21	
On machine	6
20	33	5	6	12	44	50	42	26	32	43	33	15	48	22	13	37	38	26	10	
3	37	12	26	3	41	23	44	27	48	19	22	29	47	7	22	45	42	18	10	
14	11	29	30	29	32	35	49	28	45	32	28	8	39	44	45	19	33	10	32	
35	45	17	28	27	7	1	18	35	25	42	2	27	40	5	10	30	40	50	45	
45	49	18	5	36	12	9	16	19	27	43	45	17	42	25	11	26	48	44	28	
34	38	39	15	49	41	20	28	21	20	1	17	31	43	4	41	10	48	26	50	
20	37	17	26	45	31	47	33	21	50	34	35	17	21	43	4	43	24	50	27	
25	17	10	36	44	17	29	11	45	4	49	44	43	29	13	38	50	25	41	44	
29	44	35	40	9	15	24	46	30	43	33	42	32	23	23	17	17	10	18	31	
37	2	14	7	46	49	17	19	27	1	19	2	50	13	17	24	27	26	23	44	
47	37	48	32	23	48	50	47	13	24	33	22	44	50	31	20	26	9	49	14	
30	1	27	8	45	31	34	50	33	42	20	42	2	8	42	44	29	2	9	20	
38	49	6	34	16	48	48	4	9	6	49	27	44	35	49	17	33	14	44	34	
1	15	9	39	25	9	49	21	18	9	32	6	13	1	21	34	49	36	46	38	
18	32	12	17	28	42	24	46	48	18	27	49	32	34	41	42	32	27	23	40	
11	43	44	31	49	34	18	21	1	33	24	9	20	30	1	36	8	25	23	31	
35	5	12	28	41	31	19	34	1	26	5	24	17	25	50	11	22	47	34	43	
7	5	23	26	39	41	16	8	33	12	23	35	15	50	16	27	35	41	35	38	
46	8	37	35	12	9	16	37	19	38	50	45	34	35	19	25	18	23	45	31	
33	2	4	43	38	23	28	26	34	49	31	31	17	19	49	24	13	16	36	40	
On machine	7
3	38	12	9	19	41	20	11	40	50	10	44	15	17	32	16	50	50	38	8	
2	33	2	34	44	25	9	34	50	17	29	10	2	15	4	26	20	2	42	19	
17	41	20	29	32	25	26	37	8	50	5	6	49	10	14	9	7	22	50	50	
48	26	49	24	18	28	30	44	31	16	18	38	22	35	39	20	46	26	44	48	
31	47	29	2	9	43	37	5	8	4	13	27	42	47	22	2	18	39	45	50	
49	13	37	29	8	36	47	47	50	38	26	46	46	25	40	38	36	43	27	32	
29	50	40	48	12	27	38	40	45	26	26	9	9	38	5	16	21	11	15	11	
15	43	33	21	14	36	9	47	4	21	39	40	16	20	11	34	37	49	30	22	
4	34	37	38	46	33	32	24	17	30	15	4	35	38	14	20	17	29	26	19	
1	37	6	16	22	22	40	49	2	9	47	37	30	17	26	50	19	25	32	21	
3	7	38	10	24	35	7	45	5	40	33	1	27	2	25	45	34	30	28	46	
5	4	9	3	15	2	47	11	50	40	36	36	22	8	12	3	34	49	46	43	
21	49	42	32	45	38	11	45	43	2	49	2	38	46	22	9	33	45	37	12	
23	1	49	17	37	15	3	28	13	41	9	29	16	39	2	39	42	35	21	10	
41	8	7	50	10	29	46	35	19	19	6	35	35	14	43	21	1	26	10	25	
39	19	20	49	38	20	48	9	37	1	30	45	44	6	1	1	50	29	8	2	
34	10	16	40	39	3	12	13	10	1	23	39	36	45	28	31	50	8	2	18	
26	40	13	10	1	31	40	36	5	4	27	39	4	24	48	18	23	20	32	30	
42	3	47	40	34	23	34	36	5	27	6	49	13	38	1	2	1	3	46	28	
28	12	3	29	12	43	19	28	48	3	37	35	4	8	46	5	47	15	42	26	
On machine	8
35	25	4	44	37	49	28	48	30	21	21	24	21	11	8	17	7	37	37	28	
38	19	28	32	43	44	46	17	31	26	24	40	19	23	27	36	43	41	32	29	
35	40	4	13	30	23	18	20	45	7	22	22	48	22	44	30	21	33	18	33	
20	8	23	39	12	48	43	11	39	47	18	34	7	38	7	23	28	35	8	27	
15	34	39	1	21	25	41	45	29	3	12	20	42	34	21	10	30	24	40	34	
46	1	12	24	34	17	26	21	34	49	14	4	45	50	32	16	3	48	33	5	
48	22	19	1	6	40	32	12	36	6	7	8	27	19	12	4	47	23	27	2	
8	21	18	4	14	18	19	25	45	36	33	7	42	32	49	37	31	45	9	30	
37	34	5	11	40	45	15	2	39	36	45	31	45	49	23	9	23	36	38	39	
30	3	25	24	18	2	46	18	28	33	26	3	33	42	32	10	42	13	7	1	
46	17	37	33	46	35	21	5	24	14	28	50	33	14	47	2	9	35	45	19	
25	20	7	32	38	2	2	13	46	49	27	27	37	44	29	39	25	45	39	33	
26	46	32	20	10	27	22	45	31	35	14	43	8	5	47	5	45	16	2	5	
46	15	3	14	2	11	49	40	9	27	7	14	18	42	12	19	25	21	26	32	
24	19	41	49	40	2	44	19	19	16	24	42	31	20	9	15	18	42	45	12	
49	12	41	38	32	29	36	38	23	38	7	47	25	35	2	20	16	42	35	43	
44	5	8	37	18	41	12	49	30	13	20	28	13	46	46	21	46	11	6	45	
27	21	48	33	47	1	24	13	4	20	24	40	11	27	50	13	33	36	14	32	
20	30	46	45	41	7	26	4	36	47	44	17	37	10	34	22	33	47	6	9	
7	14	33	9	41	17	15	13	1	10	34	28	9	15	29	34	8	5	24	15	
On machine	9
33	8	41	20	30	44	39	8	38	37	48	28	48	1	27	43	31	36	40	8	
20	5	48	22	34	6	30	36	45	18	22	9	33	32	10	41	15	48	37	50	
24	34	24	1	35	40	16	43	7	30	13	39	23	23	50	26	21	7	32	48	
47	38	16	31	10	23	15	27	42	23	10	41	21	14	38	46	17	24	3	15	
9	29	24	25	45	2	19	21	46	21	1	13	19	21	41	16	34	15	26	17	
6	38	3	7	16	22	35	22	39	24	26	6	3	39	37	24	10	13	23	31	
47	32	23	26	29	9	21	25	18	12	28	38	34	15	22	18	8	1	28	17	
41	14	5	38	31	22	13	33	11	38	16	24	16	7	7	42	21	22	48	5	
20	45	14	9	26	5	1	19	43	25	3	18	8	1	3	22	17	3	39	41	
8	30	20	2	31	47	45	23	20	17	13	33	42	47	29	23	13	38	17	10	
42	20	44	26	17	3	32	28	28	20	17	29	20	38	28	47	46	16	35	20	
11	12	35	23	18	16	17	12	21	33	14	32	24	38	9	31	44	6	40	50	
43	30	23	16	44	26	3	44	41	44	9	44	38	10	47	12	21	35	48	1	
21	4	39	34	33	23	39	26	23	32	32	36	17	23	49	45	40	26	11	4	
10	46	18	44	30	14	1	12	40	46	42	20	8	30	46	5	10	42	16	17	
19	45	12	31	20	34	43	37	45	34	22	29	22	32	3	11	18	39	23	47	
40	47	3	9	12	42	17	42	40	32	2	15	7	13	6	13	46	33	4	16	
42	46	6	44	12	45	24	10	36	18	23	6	15	30	45	29	36	18	13	32	
19	13	36	6	40	18	43	40	22	6	17	13	23	22	22	31	23	15	7	30	
27	1	15	44	19	7	44	1	28	17	44	20	39	18	22	15	48	24	5	42	
On machine	10
33	20	8	4	11	40	17	48	27	49	20	17	8	49	48	17	21	35	17	17	
17	15	37	42	3	47	1	23	41	45	41	4	26	23	33	3	39	25	37	8	
7	39	46	6	13	27	10	7	30	20	17	29	42	7	12	39	8	34	37	8	
25	10	43	23	9	32	39	45	17	35	18	14	25	7	9	9	34	13	39	21	
21	5	16	12	2	13	35	28	31	25	24	29	31	13	49	14	4	12	10	29	
35	42	14	14	4	9	13	44	12	50	45	7	8	27	38	48	27	42	15	16	
7	1	1	44	35	48	22	22	9	41	28	21	28	4	14	25	29	18	39	36	
26	50	23	18	41	40	30	8	5	49	10	50	36	24	36	48	11	41	42	11	
48	17	34	15	23	25	50	7	46	2	32	34	23	3	7	15	42	32	8	9	
24	37	32	3	28	21	2	43	23	50	43	39	45	14	34	28	47	41	32	28	
12	48	28	44	42	18	31	35	13	3	4	20	42	9	46	2	4	38	31	6	
20	16	26	21	50	30	25	20	33	6	27	43	13	41	47	46	49	33	50	19	
34	41	23	34	37	3	38	18	47	34	49	6	22	26	2	27	21	3	19	36	
27	38	22	19	46	47	46	29	22	39	7	34	46	42	25	22	10	18	12	13	
19	49	41	32	13	38	45	36	16	45	2	17	5	6	25	27	2	34	1	21	
20	40	30	23	38	26	18	43	26	22	11	50	43	25	11	33	25	39	19	17	
50	27	11	42	38	22	12	32	19	32	26	7	44	5	15	48	39	40	1	13	
42	46	45	7	18	34	46	32	45	13	6	47	22	23	20	14	3	6	45	36	
28	23	37	14	40	4	15	48	7	30	24	5	46	38	27	16	40	32	10	44	
46	48	10	43	17	37	23	28	30	2	22	31	22	1	19	7	49	39	50	20	
On machine	11
33	8	6	2	2	47	45	14	16	24	11	37	21	10	2	30	7	7	47	35	
4	8	47	38	37	48	29	29	8	8	12	15	29	38	39	7	37	2	15	50	
15	10	34	22	30	15	41	5	21	1	14	11	24	18	26	15	41	23	43	43	
13	31	42	46	26	46	31	1	38	11	14	28	17	27	47	2	27	29	39	10	
31	39	22	21	34	44	33	11	27	2	39	22	41	3	6	12	41	24	13	35	
6	21	18	25	12	27	6	18	43	18	12	38	41	21	28	39	23	31	14	15	
19	45	15	28	11	37	2	6	28	16	49	6	34	24	38	25	37	25	19	21	
19	27	43	12	17	31	43	30	21	35	15	24	13	10	24	48	5	49	35	25	
30	29	45	27	28	31	28	5	23	39	31	18	45	34	40	41	16	16	29	30	
11	15	7	11	41	35	20	10	17	34	27	46	19	1	36	44	20	10	20	33	
13	14	23	22	2	21	7	28	24	8	18	19	28	29	41	4	24	28	27	48	
36	16	22	29	14	39	15	20	23	40	39	46	44	16	13	39	17	26	41	48	
23	4	12	47	42	14	29	36	48	9	42	35	43	9	13	29	10	48	12	27	
10	6	45	11	46	4	7	14	12	13	38	34	24	49	15	27	14	44	11	37	
42	33	8	8	33	1	17	41	49	46	9	15	17	31	48	49	13	10	9	15	
22	20	48	42	32	37	35	25	19	22	2	4	29	50	31	3	29	20	4	18	
48	21	22	19	38	34	47	39	36	43	32	37	6	7	10	37	45	46	2	31	
23	48	20	15	30	47	43	34	31	37	44	35	4	6	41	34	48	33	44	33	
28	11	39	32	22	45	29	23	40	17	13	45	9	11	1	31	23	41	21	24	
1	24	47	7	43	18	21	12	1	15	45	10	35	23	30	5	5	5	50	30	
On machine	12
41	26	35	20	34	41	34	43	36	30	25	17	46	20	22	29	34	39	25	12	
25	10	41	35	14	4	43	7	32	11	50	25	15	28	39	23	50	41	47	15	
37	14	17	14	1	46	21	29	8	36	49	2	14	20	25	49	30	43	32	42	
11	12	30	37	5	15	15	37	40	25	18	30	6	23	29	26	46	34	24	30	
7	3	45	37	21	24	47	36	13	27	42	25	12	12	27	32	5	24	41	41	
10	7	14	18	23	3	16	2	38	6	22	27	19	22	31	33	27	5	39	20	
4	12	1	40	32	29	28	34	12	41	46	21	1	15	19	30	39	17	15	1	
30	44	37	41	11	37	48	45	41	40	41	45	19	35	7	2	10	45	44	10	
43	4	13	33	10	31	6	8	39	9	36	20	20	48	44	15	26	26	23	2	
3	24	7	31	7	46	49	11	21	42	35	14	37	31	31	28	29	48	1	17	
16	21	41	48	1	32	29	50	1	47	2	7	43	19	48	9	25	47	45	42	
24	3	33	27	12	39	19	14	16	41	48	48	42	29	30	31	40	10	20	5	
20	42	1	37	40	33	27	11	27	20	22	30	49	4	42	33	18	44	22	2	
2	38	30	14	49	25	18	22	39	47	6	11	46	38	6	26	33	25	46	32	
42	49	26	13	30	28	29	14	12	45	19	49	1	46	29	4	34	31	47	47	
41	1	25	43	32	21	4	15	38	19	39	20	47	16	37	21	4	36	39	36	
31	6	23	50	15	5	3	12	20	3	39	28	48	20	4	13	32	32	23	36	
2	39	29	17	44	15	40	47	28	36	48	41	41	8	23	6	30	5	5	23	
24	31	39	18	29	44	41	42	7	42	39	31	46	5	42	2	36	10	39	15	
8	22	4	28	1	45	37	11	9	32	16	15	43	49	10	38	27	49	30	9	
On machine	13
47	21	19	27	22	23	8	48	44	45	7	46	27	34	23	22	50	13	11	48	
42	26	17	37	17	12	6	40	48	11	44	15	39	37	30	15	27	27	6	1	
44	49	8	17	32	48	10	20	2	39	35	9	14	37	21	15	14	2	11	40	
43	34	37	37	46	43	12	2	18	23	7	29	33	46	18	47	43	19	5	10	
4	30	26	9	6	2	1	44	17	6	50	9	40	27	17	24	24	36	3	27	
47	10	32	43	41	30	40	7	46	3	16	3	43	12	2	38	9	37	30	49	
49	5	49	25	30	42	27	1	11	18	32	46	29	20	7	45	5	21	10	14	
4	2	8	4	35	42	15	39	23	43	17	10	48	47	22	41	14	48	2	34	
24	4	29	29	38	39	6	24	10	45	15	41	40	3	12	36	28	26	40	1	
50	17	23	43	45	14	35	48	6	18	40	8	2	40	12	47	29	45	31	31	
2	22	37	17	41	42	34	20	45	36	20	19	48	39	34	47	15	19	23	47	
29	50	47	38	50	38	33	50	31	2	30	3	38	42	16	14	36	2	26	28	
35	24	21	26	35	25	18	4	30	6	25	13	20	46	29	25	35	12	17	41	
40	42	27	39	18	40	5	25	49	36	15	9	31	44	39	16	13	1	29	5	
40	20	3	9	43	5	32	32	49	20	39	1	43	7	24	42	25	50	22	3	
2	22	13	19	38	16	29	36	26	15	10	35	38	21	49	8	7	40	33	26	
48	22	48	32	4	25	1	23	14	8	37	21	8	9	36	21	44	4	47	11	
42	22	38	33	29	50	47	8	31	35	33	14	49	12	5	10	36	6	4	34	
5	30	12	16	12	45	18	19	11	28	19	4	13	18	47	28	48	33	14	42	
15	17	36	47	45	29	33	38	26	25	34	18	47	16	38	41	33	25	46	40	
On machine	14
48	34	41	38	50	26	3	43	6	26	40	38	4	50	32	13	27	47	21	40	
43	22	24	40	33	28	32	45	35	9	13	19	44	21	10	6	10	4	12	5	
25	1	31	16	48	26	29	9	29	37	42	15	47	5	17	9	13	48	12	33	
16	11	11	32	45	1	13	11	42	39	29	35	23	15	48	49	18	5	6	7	
13	22	9	18	46	10	19	38	24	6	48	3	12	1	40	45	12	6	38	48	
26	5	2	41	15	34	6	6	5	29	31	19	21	20	22	31	8	27	44	48	
21	13	48	2	23	43	50	31	50	26	11	14	36	5	7	8	6	47	39	23	
49	40	36	44	3	1	47	24	43	24	23	36	46	43	21	12	11	7	26	22	
7	7	24	21	23	7	13	25	16	23	1	14	35	44	27	11	23	16	37	7	
13	37	43	22	30	25	16	31	33	17	10	5	28	8	10	30	2	14	24	25	
8	8	15	2	7	47	16	36	24	32	4	50	17	3	41	31	1	18	33	18	
6	12	44	25	2	36	20	16	30	10	29	13	25	40	41	49	40	20	44	26	
7	31	40	46	4	2	40	31	34	44	24	38	43	28	9	35	47	49	6	24	
9	44	38	34	3	47	27	20	1	49	42	27	39	12	24	45	15	18	37	15	
26	27	47	13	34	19	2	46	24	4	12	41	21	30	29	27	7	45	37	30	
21	38	47	14	26	5	25	18	4	31	47	13	25	4	44	8	32	3	13	23	
37	3	12	28	26	18	37	18	14	30	8	24	22	19	45	49	25	6	13	49	
1	7	35	32	3	46	44	7	49	48	10	43	27	36	22	20	26	36	45	42	
26	14	13	29	10	46	26	35	50	27	28	10	35	40	22	19	47	25	12	39	
45	36	23	19	35	37	5	9	21	48	11	24	10	40	44	10	46	15	19	47	
On machine	15
30	28	30	12	9	42	50	12	3	8	18	8	40	17	9	9	21	42	50	26	
38	29	44	47	45	36	45	20	9	26	2	22	16	35	13	26	40	7	11	36	
43	29	2	21	47	5	3	40	20	35	29	47	32	40	35	34	17	10	34	41	
16	44	43	1	46	8	12	26	36	11	19	27	7	6	19	45	10	15	40	1	
46	35	34	36	36	41	3	48	44	36	44	8	1	13	45	16	11	37	12	50	
40	13	23	14	24	37	33	35	49	23	23	35	42	2	44	10	28	7	30	46	
5	22	31	15	39	45	14	40	3	29	3	37	33	19	43	27	3	36	42	24	
15	8	12	29	45	37	43	4	31	42	37	3	5	24	35	16	37	33	9	35	
39	22	41	37	27	21	35	23	14	1	13	34	33	49	49	6	36	3	49	16	
28	4	2	6	47	28	1	14	25	42	10	24	48	20	41	7	11	21	8	35	
41	10	18	8	9	36	14	33	7	44	49	22	15	47	31	33	41	23	10	30	
49	9	15	3	2	11	33	42	5	11	41	32	26	26	12	17	44	45	11	18	
32	24	35	25	32	25	23	49	16	43	30	34	32	25	11	37	24	13	35	29	
19	39	16	13	24	7	9	38	31	49	9	24	43	1	18	49	50	24	12	13	
19	23	45	6	39	16	34	39	23	10	2	15	48	11	1	28	1	48	3	4	
44	21	13	39	48	35	14	7	46	31	18	38	16	50	16	3	2	36	28	23	
9	38	8	17	26	44	35	22	1	6	29	40	2	33	34	8	5	49	23	7	
14	26	15	49	16	2	1	35	8	40	4	48	3	10	47	44	15	38	10	12	
15	6	41	13	47	40	36	3	15	19	32	45	21	10	26	39	21	31	14	37	
44	30	26	44	2	10	18	48	43	25	36	5	10	3	27	42	42	26	1	48	
On machine	16
23	32	15	39	34	34	34	13	30	33	3	4	7	43	44	34	46	16	3	34	
11	19	27	1	46	3	30	42	34	11	14	25	18	12	16	35	43	42	3	31	
35	38	39	33	35	16	47	14	43	26	21	35	2	2	18	40	15	43	47	35	
23	47	48	13	18	28	48	34	5	50	19	12	43	7	43	35	50	11	26	35	
40	18	32	36	27	34	46	18	20	8	26	14	32	14	48	24	37	16	29	11	
15	34	3	14	33	36	41	5	15	48	7	28	32	18	26	4	38	29	1	21	
23	20	21	46	16	46	38	32	50	29	43	33	3	24	1	3	17	33	47	34	
7	8	20	6	22	36	34	22	17	47	27	28	30	28	2	26	21	10	34	33	
8	33	47	6	22	29	19	18	18	8	41	16	45	37	17	48	29	48	38	1	
45	48	4	9	47	48	45	19	9	30	8	46	42	45	17	11	7	9	10	42	
3	1	8	6	11	30	32	2	11	28	8	26	41	39	15	3	37	30	27	14	
34	23	10	34	44	47	48	3	34	20	40	27	15	36	38	46	32	3	5	39	
44	17	33	6	23	28	46	46	25	22	15	10	24	34	34	46	2	20	7	25	
27	36	29	19	44	3	37	24	45	29	14	23	11	1	20	21	4	5	19	28	
15	20	9	12	45	19	24	29	30	44	13	16	19	31	36	3	26	4	16	27	
18	4	20	12	25	4	49	12	39	24	27	44	7	5	47	49	1	42	27	27	
4	15	2	50	7	7	5	41	40	29	40	42	27	2	20	29	10	26	2	8	
14	7	33	19	27	3	19	7	38	23	24	50	14	9	33	12	16	38	16	46	
27	31	43	23	29	16	3	13	1	5	13	48	24	8	35	15	46	41	2	29	
22	8	25	11	8	22	1	42	27	40	20	29	21	40	29	16	23	32	7	21	
On machine	17
27	9	4	9	10	27	17	16	46	30	27	32	43	32	14	32	46	26	6	7	
24	33	34	37	21	45	21	44	8	25	37	22	14	4	48	43	40	1	2	49	
41	44	44	7	47	35	4	40	34	17	28	27	45	1	36	25	34	43	29	19	
2	33	9	4	48	23	22	9	30	46	16	18	2	23	23	37	18	20	7	24	
25	32	6	15	13	11	32	6	32	48	33	24	11	9	17	17	44	30	26	7	
5	42	17	28	12	41	4	44	45	25	7	41	12	29	16	44	39	9	3	1	
44	44	33	38	47	3	30	32	30	23	8	28	19	41	39	46	1	2	29	25	
31	35	5	10	18	28	32	22	19	13	15	4	15	42	30	42	50	5	38	47	
6	48	40	2	18	19	47	43	9	45	45	32	39	50	41	4	45	1	19	18	
22	15	2	14	47	20	15	13	8	43	45	11	40	17	9	20	46	42	30	34	
23	21	49	12	27	2	41	40	24	32	10	24	45	29	6	41	25	39	30	12	
33	21	13	39	7	22	28	25	24	4	44	38	2	18	47	15	47	10	16	40	
43	25	8	23	34	34	32	20	42	43	37	32	1	18	21	28	15	25	25	38	
36	31	17	18	43	19	7	34	50	18	30	49	40	28	18	5	44	5	10	37	
2	25	18	33	18	31	36	5	29	32	16	36	25	49	27	42	43	6	6	36	
11	9	4	38	47	27	17	17	8	2	38	10	41	41	24	18	13	24	46	20	
44	37	5	3	30	3	9	19	4	13	40	26	32	44	8	18	37	21	2	30	
18	32	34	21	2	49	11	31	47	8	39	10	17	11	11	30	18	13	14	48	
48	4	21	19	32	49	48	8	48	4	36	39	50	35	36	21	26	37	19	8	
9	45	25	41	12	10	12	49	33	39	1	36	16	10	2	5	36	21	5	49	
On machine	18
10	44	4	31	3	1	19	26	30	28	43	6	47	11	49	33	47	6	20	1	
49	33	25	16	3	25	37	27	50	17	41	8	36	31	14	49	40	2	8	29	
10	40	46	10	21	46	44	29	8	33	48	16	35	1	1	7	6	44	49	6	
25	14	7	43	11	47	22	43	2	6	2	31	40	42	32	40	8	44	46	2	
33	13	49	13	20	45	44	40	43	45	34	1	36	49	39	49	3	50	40	20	
22	35	17	22	42	5	17	44	37	10	9	7	34	44	27	39	11	3	5	1	
32	5	4	13	43	48	45	14	5	18	49	46	32	40	41	18	25	45	44	43	
23	50	9	47	21	30	6	44	28	24	23	49	35	14	44	17	29	16	36	2	
7	24	17	43	40	37	11	41	16	44	7	33	4	33	8	44	44	2	15	21	
50	8	40	18	40	46	22	12	5	37	22	14	42	7	14	40	31	27	7	3	
38	50	34	31	34	50	35	46	3	40	16	36	38	5	16	17	31	41	12	35	
31	17	21	45	5	43	47	8	4	25	23	9	50	45	9	32	9	17	25	44	
41	25	27	32	26	29	32	28	22	37	7	1	7	40	18	27	20	17	9	6	
35	43	42	50	34	41	49	1	17	35	16	48	45	21	36	5	14	44	40	24	
17	39	18	32	14	8	37	18	22	3	16	39	27	15	32	47	8	34	47	13	
48	41	50	13	14	5	46	26	11	46	42	18	20	33	47	3	11	19	2	19	
8	33	32	47	29	50	50	8	20	19	25	49	48	48	18	48	40	40	5	26	
22	13	29	14	10	20	44	48	35	7	26	32	33	45	12	13	17	7	38	14	
50	4	15	14	9	5	36	21	29	16	5	6	30	23	13	7	46	2	15	47	
32	34	7	40	35	40	44	26	16	2	6	40	35	49	15	6	35	10	20	40	
On machine	19
16	10	14	45	27	50	38	13	45	30	36	48	46	16	28	43	44	50	4	17	
20	22	3	33	42	44	24	26	7	8	39	38	44	28	18	43	21	5	5	27	
7	18	34	5	31	48	15	7	37	22	38	9	30	27	13	12	18	13	32	2	
20	45	15	39	3	11	38	25	12	10	17	49	24	15	40	35	20	40	4	46	
31	40	11	45	31	41	10	9	49	46	31	36	43	31	9	22	44	31	1	39	
11	41	30	34	49	33	40	43	23	38	42	4	44	15	42	28	43	2	31	7	
39	13	14	1	44	26	35	6	12	25	34	25	24	48	36	49	47	35	4	40	
44	48	43	46	1	11	37	35	27	16	5	32	35	19	28	16	17	40	39	39	
49	32	19	30	19	7	31	48	13	49	22	30	17	48	6	13	7	4	36	17	
40	35	46	4	42	14	43	3	1	11	24	23	22	1	8	43	44	36	29	7	
17	38	39	38	39	9	37	36	28	23	35	14	34	29	22	26	12	35	27	22	
13	49	46	48	46	1	22	6	38	3	1	49	43	24	36	49	14	38	42	37	
9	41	31	41	5	50	1	17	44	49	21	32	16	25	29	16	29	34	19	21	
5	27	16	34	19	16	45	4	10	41	12	43	39	18	7	37	31	1	41	14	
13	22	3	27	32	25	18	50	40	47	41	49	23	42	50	45	17	25	4	36	
7	39	13	25	50	27	37	15	11	10	49	30	37	18	17	8	13	38	11	49	
10	22	39	22	4	28	15	23	37	4	35	17	12	50	43	40	20	8	25	30	
29	12	24	19	17	35	31	18	25	17	10	35	49	6	42	15	33	19	40	35	
9	40	30	26	28	10	22	25	10	49	49	39	41	38	32	7	44	37	14	24	
4	26	34	35	27	47	42	8	41	9	11	2	39	7	4	33	50	19	37	4	
On machine	20
17	36	7	31	20	16	7	45	38	19	21	35	6	37	40	5	11	38	26	41	
22	14	14	39	47	24	4	17	22	45	49	42	40	39	30	48	30	10	5	29	
34	7	12	12	29	14	42	37	44	39	5	7	47	10	6	47	10	9	32	14	
28	2	36	25	36	44	39	35	34	13	17	20	24	29	49	48	45	21	50	1	
31	13	40	13	15	41	15	25	7	14	46	31	1	40	48	4	41	17	6	36	
1	18	22	27	33	43	14	21	46	23	49	36	39	14	15	15	20	34	36	5	
3	21	1	3	16	20	16	13	1	26	41	47	31	35	20	13	40	23	40	48	
43	32	42	24	28	19	15	33	19	13	21	14	32	46	29	17	29	22	32	31	
27	2	23	39	19	39	11	17	43	45	19	9	15	28	50	40	4	34	30	42	
42	19	36	50	34	3	24	24	5	8	34	9	20	43	18	25	6	2	31	33	
15	11	23	40	15	19	18	14	20	32	34	6	22	43	8	23	14	40	7	28	
19	18	35	7	14	44	26	38	7	14	23	14	41	11	47	12	27	35	8	49	
5	31	24	50	12	5	9	45	39	3	14	22	13	50	33	21	18	38	20	25	
18	47	15	34	13	15	36	46	29	48	36	24	31	5	48	19	32	11	37	22	
34	18	36	13	2	8	26	30	3	31	42	18	47	19	35	46	27	28	12	26	
26	34	36	40	35	36	6	18	11	46	39	49	35	32	19	24	47	18	19	10	
1	3	35	24	47	21	18	8	33	46	9	36	19	33	13	42	30	12	3	8	
24	13	19	29	46	1	39	23	22	35	1	18	9	47	33	42	45	15	34	33	
11	24	2	47	37	17	10	11	40	30	49	6	37	14	13	5	43	19	49	20	
28	14	18	15	46	18	50	26	36	6	6	10	37	11	49	19	18	41	23	40	
On machine	21
36	26	34	25	18	30	46	47	46	42	3	29	26	9	48	38	14	8	9	26	
2	8	9	37	49	19	50	5	17	7	30	41	14	43	25	13	40	29	14	44	
43	10	39	38	8	7	23	46	26	40	34	41	27	22	26	31	7	16	35	14	
45	3	34	21	3	33	22	25	22	25	12	29	12	11	50	12	10	10	47	24	
2	18	1	20	37	10	19	38	43	47	39	47	44	27	5	8	4	7	26	30	
33	32	28	7	25	17	15	5	45	2	41	11	31	48	23	11	18	20	42	43	
25	6	5	29	14	17	35	24	19	11	15	45	12	28	46	9	18	13	50	42	
22	49	14	8	6	30	18	40	36	29	1	4	1	20	5	5	40	35	34	42	
39	3	11	19	15	41	25	38	38	19	9	11	10	50	46	3	3	16	38	24	
35	14	20	20	1	35	21	16	45	15	47	1	21	12	45	3	42	17	41	23	
8	17	12	20	6	19	35	25	41	42	22	19	19	5	13	48	12	24	33	42	
1	38	25	41	29	12	17	26	2	31	5	16	17	27	3	3	38	19	33	29	
50	7	14	38	22	25	8	17	1	13	26	34	22	14	22	42	27	10	29	37	
18	41	39	42	43	45	23	14	10	48	9	42	7	9	41	4	37	34	26	50	
14	8	22	38	50	24	28	31	37	46	20	13	8	4	7	34	46	37	39	20	
3	15	6	49	15	29	21	28	39	20	36	43	40	49	45	19	25	44	1	18	
43	27	15	2	49	45	34	33	47	49	37	8	30	48	34	25	21	32	38	13	
45	39	14	29	30	39	24	39	14	19	20	26	7	5	26	41	32	18	12	2	
11	11	19	7	9	39	25	3	19	10	13	19	49	47	36	2	32	16	20	46	
26	6	34	50	21	20	3	31	7	27	37	30	15	2	43	3	11	12	29	7	
On machine	22
13	29	22	45	25	14	49	45	33	15	39	13	33	13	31	7	3	20	12	39	
5	9	8	14	47	14	36	7	45	27	49	34	5	27	24	49	28	42	21	18	
21	23	13	18	37	29	13	8	49	9	25	46	17	15	27	6	23	22	29	18	
33	37	26	6	19	34	5	48	1	33	38	32	45	22	1	2	18	28	22	18	
3	4	15	35	43	31	46	49	21	21	22	45	45	32	37	34	29	39	27	12	
36	22	7	14	26	28	31	41	31	30	21	46	31	21	45	17	50	40	10	43	
31	15	35	3	10	16	10	38	2	34	15	4	38	41	38	5	36	5	47	22	
44	6	8	6	17	5	43	24	11	8	13	32	35	46	40	50	35	24	11	12	
35	41	41	29	36	21	9	12	8	37	17	19	37	24	49	3	2	6	29	13	
30	33	34	29	49	1	15	11	5	26	12	4	15	29	15	49	41	29	37	29	
33	2	10	20	35	38	49	49	25	37	39	1	5	27	9	9	25	33	21	10	
1	40	31	41	12	40	16	11	5	8	24	5	31	44	31	45	41	44	48	50	
1	42	28	39	47	38	6	15	19	32	41	8	13	46	15	37	20	8	13	11	
28	5	7	1	37	42	40	10	17	28	25	45	24	49	23	10	27	10	36	38	
8	47	27	23	29	13	6	32	34	49	9	46	37	48	16	14	43	6	31	36	
41	5	8	39	30	16	38	31	44	19	23	20	35	48	1	30	32	37	4	38	
3	34	42	24	19	30	41	35	6	44	22	5	50	37	15	6	6	4	39	47	
6	28	30	15	19	49	22	46	11	14	27	26	10	27	4	42	25	8	33	45	
41	48	28	34	42	3	31	28	43	1	44	42	5	25	41	31	8	16	18	26	
23	27	46	7	45	44	9	39	33	10	42	47	46	40	23	35	25	17	48	44	
On machine	23
33	32	8	7	43	1	26	17	42	49	19	21	16	48	2	14	30	18	5	24	
16	25	40	38	40	44	47	43	23	40	39	2	11	2	9	24	10	33	8	47	
12	10	46	35	50	25	39	42	31	9	27	20	6	25	34	19	11	46	45	32	
1	12	20	23	38	15	41	34	16	37	45	21	31	45	17	11	49	16	5	23	
4	15	47	16	34	14	1	50	36	3	30	20	38	45	21	18	36	9	17	49	
45	23	49	9	42	49	23	19	43	11	2	29	23	28	25	15	23	14	40	32	
8	13	6	10	4	29	43	38	28	2	40	24	9	8	35	22	35	48	10	39	
46	36	13	43	38	10	19	9	9	12	33	38	28	47	39	18	35	37	44	10	
41	28	50	20	50	9	7	14	24	19	40	50	31	13	32	35	7	4	46	11	
5	6	32	17	8	6	4	47	27	7	14	1	17	38	17	23	38	14	19	28	
39	5	30	49	49	47	17	16	6	15	6	26	1	15	13	40	10	4	13	11	
1	44	32	18	27	31	38	8	35	22	28	16	18	44	34	46	11	8	15	41	
32	21	37	19	18	40	34	4	36	25	44	9	9	3	11	27	18	39	43	41	
33	15	11	3	45	26	40	33	9	16	7	19	16	41	28	25	5	43	24	14	
50	15	31	35	33	18	4	31	48	25	50	29	19	7	2	36	34	8	9	39	
12	23	31	17	47	15	22	7	34	25	1	12	12	36	41	25	28	41	46	27	
40	19	11	22	26	30	17	38	39	41	2	36	48	31	43	42	43	13	3	48	
30	47	15	49	43	3	49	33	49	38	14	34	24	49	33	41	28	12	44	40	
14	49	21	17	29	38	34	27	1	21	17	24	6	40	24	2	26	40	31	9	
42	11	17	47	30	41	10	31	16	31	21	27	38	47	16	16	23	10	16	28	
On machine	24
11	41	19	18	6	27	17	2	20	27	47	8	34	5	18	15	28	41	20	11	
19	47	10	14	20	21	43	27	27	45	5	24	27	23	47	18	19	24	7	24	
49	20	13	41	43	19	50	49	1	22	13	10	1	39	25	17	45	37	10	33	
19	24	35	2	29	1	13	26	26	36	11	29	12	27	32	48	4	33	35	46	
11	42	25	28	31	29	31	29	9	27	12	41	35	7	43	7	42	8	9	7	
7	5	42	8	37	40	40	36	40	24	27	47	12	6	13	22	45	10	47	33	
8	7	30	47	42	39	22	6	20	40	36	12	50	5	9	20	16	13	47	25	
9	38	20	16	9	39	32	8	38	3	30	20	27	5	50	7	17	33	50	24	
27	27	13	23	24	24	35	36	31	34	46	41	42	49	25	4	11	43	31	12	
15	48	40	3	31	20	42	32	14	13	23	30	24	47	10	18	40	18	29	14	
13	7	16	32	2	35	10	10	28	40	6	9	12	49	37	21	14	10	46	44	
50	3	9	30	16	48	3	30	23	7	6	39	36	3	13	2	7	34	7	33	
9	14	27	24	24	25	38	3	49	20	7	18	38	46	43	35	1	36	20	35	
8	11	34	36	34	38	19	18	14	38	41	34	37	1	29	48	28	13	44	18	
17	11	38	21	32	45	35	3	41	5	8	12	7	14	31	34	6	11	43	50	
46	4	3	28	34	50	6	36	6	13	28	11	47	39	40	12	3	6	9	46	
41	48	36	36	12	1	4	24	9	9	13	43	29	32	37	24	23	26	50	14	
24	8	46	32	43	12	48	38	27	18	46	31	19	2	7	2	10	36	31	33	
47	28	23	16	16	29	41	4	49	13	26	28	7	32	10	22	41	36	37	25	
47	49	12	19	19	9	44	47	48	5	40	18	35	16	41	43	33	30	16	37	
On machine	25
40	22	18	24	8	33	20	30	2	33	16	48	12	35	8	12	49	6	10	14	
36	50	30	37	32	34	18	12	41	35	16	22	48	35	11	29	44	23	22	45	
35	24	46	13	6	26	41	16	42	15	16	6	11	39	21	25	26	14	27	11	
25	48	17	26	40	46	31	33	6	14	42	32	39	28	10	49	36	22	22	30	
47	20	29	14	38	32	50	24	33	13	46	20	15	48	26	28	27	15	20	32	
48	4	16	43	28	33	28	24	4	23	9	26	2	25	2	40	9	39	11	2	
30	11	1	46	22	50	43	11	14	36	39	12	36	1	4	39	45	36	22	45	
43	26	2	35	46	29	25	3	33	39	30	28	6	15	42	2	30	4	50	2	
31	34	40	15	17	32	40	6	9	41	33	15	28	11	3	9	40	48	40	3	
7	39	8	37	12	49	2	26	8	21	32	32	26	15	8	28	26	39	4	37	
32	10	7	3	48	39	50	44	28	49	8	46	9	31	45	47	25	21	23	41	
45	45	31	40	23	4	15	41	15	45	34	48	8	43	6	28	15	7	35	24	
29	47	49	24	11	22	44	20	1	37	9	1	33	6	38	24	19	6	35	5	
31	41	50	46	24	3	1	26	11	23	18	23	9	2	27	7	16	34	33	11	
42	34	23	16	19	12	1	5	30	7	15	5	27	15	47	46	29	2	10	8	
6	49	11	44	45	11	15	24	19	39	18	44	11	16	28	32	32	7	50	44	
10	13	21	26	23	5	18	35	15	35	10	44	48	39	18	40	40	19	23	39	
43	41	16	2	15	34	10	23	43	45	4	10	14	24	35	19	16	46	49	8	
7	12	43	46	1	5	40	12	12	21	26	26	24	9	43	12	40	9	21	4	
4	2	3	44	36	28	30	13	45	41	4	5	34	28	7	29	21	34	36	30	
On machine	26
36	6	8	37	25	27	19	19	33	39	37	11	43	1	37	49	21	3	30	25	
12	10	8	49	9	5	19	36	42	46	13	5	21	50	1	41	37	46	50	48	
3	42	13	23	1	44	35	14	18	37	11	18	18	16	17	24	38	35	47	49	
42	14	21	24	47	28	10	3	14	35	13	42	34	48	34	43	11	36	29	37	
45	9	40	22	34	45	27	8	37	40	33	38	30	24	24	46	44	46	9	8	
19	38	37	24	11	7	15	11	5	46	19	7	27	33	31	46	48	25	2	30	
37	26	34	18	43	45	7	38	21	40	42	1	28	39	22	4	9	45	23	49	
6	8	8	3	33	21	39	36	10	6	41	49	27	48	15	11	23	25	44	44	
27	48	4	34	30	32	36	33	14	26	15	43	1	6	6	44	48	19	38	16	
11	48	49	42	26	24	25	42	1	34	27	27	9	24	31	15	38	15	19	1	
27	45	36	43	36	6	4	25	14	21	36	45	6	47	34	48	46	5	47	13	
24	21	1	7	8	2	7	43	14	14	10	27	43	10	43	36	6	24	17	45	
19	19	46	14	46	13	22	11	46	29	22	36	46	46	13	1	26	50	21	10	
28	41	8	17	14	31	23	37	12	23	46	33	48	39	36	13	5	25	11	15	
28	43	25	40	22	44	35	13	11	16	35	11	49	19	25	1	42	16	24	50	
4	49	25	1	44	6	8	28	9	37	48	6	41	15	33	18	24	24	35	16	
22	19	8	19	21	8	31	49	22	21	4	32	40	30	44	6	48	40	15	50	
22	42	37	13	42	8	45	16	37	32	39	17	12	37	8	27	48	46	46	24	
11	18	19	3	27	12	49	12	8	34	50	27	40	47	36	12	21	34	29	40	
34	27	23	38	45	49	19	6	32	7	43	12	10	13	30	39	14	19	33	8	
On machine	27
40	39	12	50	21	38	34	1	25	42	23	1	23	4	20	45	50	22	30	16	
2	47	2	22	32	43	16	38	46	11	11	20	18	27	44	16	15	23	12	34	
12	24	49	3	21	20	11	47	14	28	17	24	32	50	35	3	15	8	33	22	
10	12	36	1	24	50	1	10	50	3	18	6	41	25	2	39	37	14	20	40	
35	31	21	2	41	4	43	47	15	45	13	40	24	28	14	26	40	41	36	45	
20	29	4	37	25	21	13	26	29	28	17	47	26	22	28	17	8	43	11	4	
27	21	16	12	50	33	18	15	41	35	40	40	43	5	43	22	10	3	33	5	
32	15	47	45	8	9	18	43	8	20	31	43	44	34	49	1	13	30	46	21	
14	32	40	20	15	46	7	11	3	14	11	41	41	47	22	19	31	33	30	39	
43	31	45	31	34	2	27	40	30	23	42	26	40	45	18	3	12	18	44	27	
19	7	8	41	46	42	44	48	42	32	22	28	13	44	17	50	48	19	35	39	
31	47	11	5	43	22	8	28	37	19	48	5	38	37	33	18	17	36	28	15	
45	29	4	3	10	5	11	30	8	35	38	18	23	23	3	2	30	9	28	44	
7	29	38	48	33	28	29	10	1	47	50	11	45	10	37	49	36	28	29	4	
41	9	45	47	27	48	30	20	47	50	19	38	12	10	35	21	7	49	47	8	
5	25	18	17	19	13	40	26	41	23	29	50	24	35	49	10	23	5	32	2	
23	23	8	7	26	42	45	11	6	50	39	35	18	34	43	41	9	38	34	15	
3	4	1	15	21	9	41	28	36	26	6	17	13	22	41	36	47	1	14	13	
37	15	27	12	34	24	7	10	50	19	39	7	24	14	25	40	35	3	24	14	
37	44	37	6	33	21	2	20	2	32	2	13	4	30	2	10	17	23	45	13	
On machine	28
24	7	47	31	40	43	31	38	35	27	48	38	42	35	45	19	10	29	23	42	
13	23	26	34	4	43	28	48	19	28	13	43	6	16	40	44	28	16	20	48	
48	21	1	27	25	28	18	29	36	50	13	45	14	34	42	11	46	50	17	27	
21	15	17	37	15	11	48	5	11	25	13	14	48	23	41	49	27	19	16	30	
10	25	14	11	34	3	2	1	18	17	22	1	3	14	2	50	18	23	6	37	
22	9	2	21	1	5	13	46	45	33	2	13	29	7	2	29	30	4	1	19	
1	22	29	31	35	15	48	35	7	28	23	29	25	4	15	47	38	5	30	50	
26	46	23	38	33	16	44	12	18	39	32	34	5	9	29	37	17	44	24	32	
20	40	34	34	42	33	47	42	34	24	28	17	41	17	2	6	41	6	39	15	
13	46	13	27	19	25	18	13	44	42	16	4	6	17	22	44	26	30	50	11	
39	30	9	12	6	48	40	12	48	26	45	31	4	9	44	1	8	8	8	42	
8	46	46	21	44	37	17	4	40	14	44	7	18	6	31	39	35	16	30	6	
32	27	18	32	29	16	32	49	2	2	48	17	7	46	25	14	39	23	19	23	
43	35	16	47	30	5	35	8	1	7	1	43	28	43	20	7	48	30	33	23	
6	31	10	2	5	47	17	1	7	15	16	44	35	44	14	32	27	39	20	7	
5	8	32	39	15	3	28	40	42	19	43	12	19	35	50	35	25	33	22	10	
11	37	15	6	18	39	46	28	8	40	19	27	11	3	44	49	23	39	13	6	
26	29	26	49	5	34	43	31	4	42	39	23	8	43	9	36	32	50	31	31	
16	21	49	19	10	30	21	37	2	31	44	19	1	42	31	25	21	50	18	11	
21	22	10	33	48	21	46	35	31	7	19	26	5	44	35	40	21	37	41	4	
On machine	29
21	39	10	18	10	36	31	35	18	4	28	35	18	25	27	20	45	39	8	47	
31	40	17	21	40	50	18	39	40	8	9	27	39	7	23	48	23	7	48	33	
26	12	2	20	49	31	17	8	24	17	50	19	7	26	17	47	34	21	27	4	
30	24	27	9	27	13	25	28	22	16	44	14	4	28	35	11	27	6	14	43	
36	37	42	25	2	6	47	47	39	12	45	47	24	30	43	7	35	47	2	19	
2	21	31	12	18	32	16	23	47	31	1	26	48	19	28	13	11	10	38	50	
7	49	38	39	22	10	26	5	28	2	40	7	36	47	24	22	21	42	22	13	
27	16	50	24	30	41	22	20	46	25	42	43	1	38	14	8	50	23	16	6	
7	16	28	31	24	19	12	8	34	38	2	45	20	25	19	32	24	20	35	25	
50	11	29	22	42	1	11	3	47	47	6	10	42	28	21	7	43	9	15	29	
47	2	42	7	49	14	19	29	44	18	40	14	36	6	8	6	49	45	26	1	
12	24	10	3	28	43	36	42	2	25	29	30	7	10	12	46	22	47	14	31	
48	49	39	47	2	48	22	21	34	36	20	49	40	32	24	30	7	47	1	50	
33	17	46	36	8	27	2	30	38	12	22	44	8	21	44	7	4	7	36	50	
5	31	31	40	4	9	1	44	14	42	36	17	35	25	16	40	23	27	39	2	
42	1	28	17	8	30	29	2	11	3	15	3	14	13	9	34	18	48	47	2	
28	14	26	3	13	50	24	30	33	3	22	47	6	3	5	36	40	17	27	47	
38	21	30	9	26	14	32	38	30	17	22	41	25	29	1	31	3	25	25	31	
16	50	16	6	33	7	33	14	28	7	21	30	23	11	6	41	31	4	21	46	
15	41	49	49	23	20	49	23	4	36	45	11	11	4	24	12	18	33	6	4	
On machine	30
39	8	18	17	39	40	32	13	15	11	27	44	4	5	48	8	5	1	21	47	
7	30	10	46	37	25	21	18	1	34	40	31	2	9	5	42	15	7	7	26	
28	1	49	7	13	45	17	39	30	20	33	44	16	23	35	17	38	32	16	23	
2	28	23	14	22	30	27	17	11	40	47	42	13	20	38	20	49	47	11	40	
19	5	38	12	43	45	38	31	23	46	20	15	50	1	24	26	19	43	49	9	
14	39	36	12	40	30	17	6	15	43	37	46	37	36	44	38	35	26	5	50	
41	7	16	35	38	35	4	34	37	50	34	27	7	14	48	28	9	42	29	30	
23	33	5	18	28	23	25	1	45	42	43	12	6	46	24	38	19	13	41	42	
3	37	21	22	14	43	6	41	12	16	19	32	2	32	47	39	46	42	46	22	
22	6	48	44	10	33	48	31	24	47	35	31	34	38	50	16	44	37	7	38	
24	10	18	22	37	37	45	18	42	17	23	28	10	42	48	50	6	50	29	31	
11	2	35	4	13	36	45	6	44	4	15	18	10	48	31	5	26	44	35	23	
11	42	41	3	47	9	24	3	41	31	49	43	36	24	15	22	13	45	35	31	
10	33	48	34	15	38	25	43	48	32	23	41	42	38	22	20	3	16	49	5	
24	22	20	36	32	42	13	4	40	30	4	36	47	2	28	33	13	36	11	1	
5	45	21	2	35	43	26	48	36	33	45	12	26	21	9	10	24	46	10	23	
6	22	2	22	5	32	26	16	20	28	15	22	16	9	5	12	4	15	14	40	
38	2	20	21	29	6	6	30	36	16	18	32	24	15	34	1	32	10	42	11	
35	21	37	5	38	50	9	14	7	2	34	44	29	25	4	23	25	40	48	30	
33	7	21	35	29	23	10	6	18	6	50	15	29	31	24	41	31	8	35	45	
On machine	31
42	44	4	32	17	40	45	28	21	49	17	40	44	28	6	31	39	18	41	43	
14	7	21	23	6	43	49	42	10	23	38	14	11	7	29	30	12	14	44	4	
14	10	7	39	25	1	30	8	14	46	7	45	34	49	7	12	31	26	19	13	
3	36	25	20	2	41	1	6	1	32	40	48	2	30	3	24	44	31	4	44	
11	48	26	2	18	14	13	25	27	12	44	14	37	49	10	39	19	31	46	23	
13	46	25	44	4	33	23	22	14	38	21	8	14	14	35	25	37	3	18	5	
14	49	34	1	9	49	39	33	44	39	45	11	41	37	27	13	41	9	9	42	
8	9	34	45	15	31	26	3	22	46	19	25	41	1	43	47	19	41	47	26	
34	29	48	11	37	19	9	24	5	15	18	46	45	30	28	37	24	41	7	28	
31	27	28	27	1	16	37	21	40	23	4	29	30	49	42	5	34	6	23	32	
21	34	47	20	40	35	42	42	40	45	27	3	3	22	31	30	30	37	42	44	
41	15	20	46	45	9	1	49	24	44	39	50	8	40	13	28	17	24	17	43	
46	15	18	18	19	29	38	25	47	42	14	33	4	30	19	39	39	3	1	2	
11	29	30	31	46	16	49	19	44	10	15	46	28	18	32	26	5	43	20	11	
42	25	31	44	38	35	32	40	18	41	5	37	13	4	8	22	25	48	14	38	
6	9	20	12	45	38	44	47	36	37	24	13	42	28	29	21	44	10	10	7	
17	31	13	30	23	45	34	7	32	34	47	32	44	19	16	45	38	24	12	30	
25	23	13	42	42	9	7	35	40	18	21	41	11	15	9	13	47	9	44	11	
48	24	43	26	45	35	22	25	3	26	31	12	34	42	7	39	24	6	2	14	
3	5	23	48	8	16	50	31	17	7	38	35	16	34	33	16	41	17	49	2	
On machine	32
43	25	19	22	37	50	25	13	9	27	41	25	1	13	42	7	41	38	43	32	
46	25	23	34	5	24	21	26	44	11	39	34	4	33	42	45	17	3	43	35	
16	10	34	9	37	20	39	23	41	37	37	21	7	21	41	25	31	11	9	49	
26	5	24	4	33	46	39	26	3	39	5	49	39	41	29	17	20	50	31	40	
14	49	25	13	18	13	6	11	20	35	37	7	19	13	22	21	49	26	36	30	
20	46	40	18	22	23	25	20	40	45	2	28	45	44	30	43	10	41	31	39	
45	9	18	25	35	37	50	30	18	33	42	33	35	26	34	3	17	40	11	50	
14	29	26	13	49	4	37	24	38	38	36	10	5	26	29	20	13	37	36	21	
35	7	7	50	46	14	37	33	34	9	10	28	4	22	9	43	48	31	37	7	
38	5	9	38	10	42	25	1	6	16	36	21	21	26	15	2	9	10	43	49	
19	49	16	30	17	31	15	45	15	8	43	21	26	28	41	2	35	1	37	33	
9	28	31	33	44	13	19	2	47	31	23	46	40	38	23	46	38	42	39	15	
13	49	33	12	9	4	44	46	45	23	26	5	12	27	36	18	50	22	27	5	
21	26	44	45	45	42	1	47	29	23	18	8	2	34	9	23	8	31	15	4	
20	48	33	30	18	31	23	9	28	27	49	36	41	41	4	22	28	8	32	36	
1	42	20	4	34	27	25	17	22	7	22	11	1	47	19	46	39	40	46	30	
29	46	32	16	30	40	23	30	9	46	26	36	3	35	39	22	44	22	18	49	
24	26	33	18	5	3	35	30	35	22	48	14	2	17	41	37	17	19	20	26	
20	17	5	48	33	16	32	8	7	47	1	16	22	36	9	27	46	40	33	33	
26	41	39	15	18	8	33	12	48	38	25	43	7	33	49	8	2	17	49	28	
On machine	33
46	10	2	3	46	28	42	49	48	5	35	16	43	29	37	48	49	35	42	50	
10	8	28	3	23	1	42	44	13	35	22	7	10	21	5	23	43	12	9	34	
14	34	32	10	44	33	42	33	5	34	14	48	35	37	30	8	37	45	17	29	
46	50	36	27	45	38	10	23	16	15	48	11	9	7	20	24	35	47	7	13	
33	36	45	27	36	33	49	40	43	41	45	39	30	24	33	45	39	50	8	14	
49	42	25	46	42	24	47	37	31	18	9	25	34	3	47	32	36	4	39	47	
14	41	1	25	36	1	36	41	27	45	41	28	21	17	31	28	16	29	30	21	
43	21	42	43	6	16	10	32	35	4	7	48	17	4	47	12	44	7	11	36	
38	12	3	36	39	46	42	40	13	5	23	5	9	50	36	31	44	40	36	38	
28	5	31	35	34	30	29	17	18	50	6	41	30	38	43	37	37	31	2	1	
43	26	17	41	12	45	25	18	1	50	17	49	24	11	25	9	36	6	16	45	
31	38	4	25	4	24	28	50	12	28	26	24	45	39	8	8	49	15	28	30	
9	5	49	7	23	8	38	11	27	17	27	44	48	29	13	15	41	37	48	22	
21	4	36	31	2	35	40	38	22	47	21	24	15	1	44	43	5	32	7	4	
4	47	37	1	15	27	41	10	47	31	9	34	48	44	32	13	8	4	48	7	
4	31	30	11	6	11	6	48	14	15	40	13	26	46	6	26	23	5	31	17	
28	19	41	17	44	14	43	36	18	24	36	43	19	4	16	28	16	6	19	47	
1	26	45	49	27	44	44	43	23	47	14	2	47	49	4	1	48	49	28	46	
35	31	42	41	30	36	46	34	40	30	26	15	12	27	37	17	42	23	5	39	
12	8	29	36	48	34	34	45	30	27	35	22	19	17	9	27	34	29	8	46	
On machine	34
2	18	2	43	9	2	12	9	46	45	5	1	46	21	8	47	15	6	17	28	
40	48	48	37	45	15	16	23	31	49	22	39	37	8	13	18	45	27	42	44	
25	6	2	18	47	39	43	7	18	10	27	7	37	22	23	5	14	15	16	7	
12	30	47	28	24	4	41	48	19	50	13	30	48	1	38	7	10	7	14	25	
48	5	8	27	8	45	30	12	6	50	38	28	13	38	13	37	21	22	37	48	
7	16	36	19	5	6	23	6	30	27	47	4	43	17	38	7	22	28	14	37	
11	40	9	48	15	22	50	27	47	17	43	42	47	16	39	46	5	45	25	41	
8	12	29	16	6	5	50	8	35	29	22	50	2	50	36	49	13	42	46	35	
50	17	35	46	8	26	18	12	29	44	11	19	44	39	28	45	44	11	45	16	
5	41	22	40	24	12	14	39	26	29	2	6	21	23	23	43	33	23	43	37	
23	9	36	50	15	24	16	14	2	40	33	2	50	39	14	25	20	42	6	47	
18	28	44	25	31	15	8	34	11	45	18	49	44	30	41	1	40	8	5	37	
24	14	18	18	30	9	5	13	27	37	16	29	37	31	34	17	45	26	41	50	
27	48	34	1	42	27	4	31	5	1	38	1	12	6	13	35	3	27	5	49	
43	7	14	46	19	16	50	15	39	30	10	4	25	38	18	37	14	5	23	5	
18	31	33	1	4	1	36	3	19	29	42	26	12	49	40	2	46	21	12	43	
35	43	41	12	47	17	17	20	1	32	47	48	36	37	40	4	18	2	35	21	
24	1	47	2	39	22	21	40	16	42	23	48	48	22	12	15	12	5	49	28	
38	9	15	38	44	41	16	39	36	42	31	38	44	12	7	15	41	20	21	27	
19	14	22	34	41	26	2	10	31	5	50	43	21	7	18	14	5	50	34	3	
On machine	35
48	41	36	38	14	13	27	24	28	16	42	22	1	9	36	48	17	15	30	21	
15	49	9	17	10	20	46	20	5	34	24	23	24	28	38	30	47	40	31	15	
39	3	50	22	14	16	45	42	44	12	35	28	48	4	36	32	9	16	47	10	
32	50	16	13	12	20	6	46	20	22	45	29	43	20	5	34	11	37	15	10	
19	39	22	50	12	19	45	41	48	43	23	41	48	30	29	42	39	31	38	27	
1	25	37	29	34	36	48	3	13	7	15	32	47	34	18	48	17	40	17	37	
3	29	6	16	29	10	49	8	8	6	37	7	7	29	21	8	3	43	26	3	
32	12	34	21	12	19	38	8	15	49	40	8	29	37	38	22	9	40	2	17	
34	39	29	5	28	46	5	9	35	24	4	25	47	17	15	23	12	28	31	36	
6	7	15	7	43	11	27	46	4	20	46	40	29	44	38	50	6	6	25	5	
26	15	34	6	39	20	20	42	38	15	32	1	50	7	22	38	20	43	35	38	
4	15	46	50	29	44	11	13	21	36	27	41	50	18	38	3	42	36	45	12	
7	28	49	25	35	27	37	5	50	27	28	12	15	4	1	3	3	33	46	3	
50	28	23	17	46	33	25	33	49	29	46	32	20	3	24	5	29	10	25	8	
34	37	7	41	34	19	31	13	46	16	14	22	33	23	48	10	25	8	41	5	
48	46	39	35	49	21	18	30	41	14	22	47	48	45	43	15	22	21	10	23	
28	35	5	11	36	12	19	19	50	7	48	30	36	45	20	50	16	12	15	27	
12	43	14	5	50	25	11	21	50	36	48	13	2	13	7	2	6	19	27	19	
19	28	49	16	42	5	31	40	37	7	33	33	25	23	8	30	24	13	23	16	
16	8	4	18	47	18	35	37	14	50	30	39	21	17	16	6	4	1	3	37	
On machine	36
18	35	27	24	44	40	17	18	17	15	43	49	34	45	29	35	3	6	37	25	
12	39	8	2	9	18	36	20	23	10	1	13	1	38	39	1	23	48	3	37	
19	50	36	29	41	23	9	47	7	27	13	7	15	10	26	3	27	42	23	19	
24	19	33	33	18	14	13	20	1	33	18	24	16	18	25	50	38	47	16	49	
36	1	37	9	44	30	19	14	4	31	39	21	17	36	3	3	27	2	30	32	
23	31	14	32	5	2	35	35	4	23	8	8	18	11	30	17	37	17	26	8	
20	11	19	47	35	16	4	16	4	25	7	41	29	25	47	28	27	5	22	44	
45	6	28	13	38	39	3	40	22	2	36	37	30	38	31	50	7	47	50	27	
14	29	34	26	8	31	44	45	2	39	50	47	47	33	44	12	43	32	40	11	
44	5	30	10	19	2	17	50	7	13	41	27	20	15	49	26	5	32	2	35	
29	36	37	3	6	38	38	12	27	6	5	6	22	39	3	9	15	41	16	10	
3	2	44	1	11	41	46	1	15	25	35	8	19	9	35	13	46	41	13	24	
26	40	35	36	21	50	8	39	25	27	11	34	44	30	1	24	5	9	6	50	
6	22	15	35	22	20	16	16	21	8	29	17	41	44	22	43	16	2	14	49	
17	13	1	35	21	13	18	43	16	5	11	35	30	3	28	38	24	28	40	29	
45	23	45	4	31	48	24	3	13	6	29	7	6	33	2	29	3	35	26	32	
1	31	49	37	44	13	49	2	36	29	35	22	24	48	9	34	3	9	4	22	
44	38	29	26	47	5	38	43	22	8	5	20	29	23	41	30	5	44	41	48	
45	46	33	25	48	17	19	32	4	37	30	41	4	41	12	22	46	31	1	10	
4	31	24	12	49	30	31	27	12	37	2	9	18	23	37	9	16	7	30	49	
On machine	37
46	39	18	28	30	25	25	40	48	7	17	38	3	32	5	49	36	14	46	33	
27	36	34	4	34	30	48	34	19	14	14	22	19	5	25	42	40	15	8	30	
14	49	21	38	2	38	38	2	8	10	4	45	39	14	7	29	15	25	29	49	
30	16	46	1	42	24	26	49	47	29	47	47	30	21	27	16	43	44	34	28	
15	47	21	30	14	9	12	35	47	29	4	17	31	23	8	37	42	16	2	4	
6	29	35	40	29	35	27	1	16	42	25	46	50	35	4	47	17	9	11	34	
41	12	39	49	16	41	46	43	11	3	15	22	35	29	35	30	2	2	25	15	
5	24	42	44	18	22	11	33	37	2	16	41	6	9	33	38	42	48	31	22	
34	1	49	38	15	5	13	46	41	32	48	15	21	29	27	37	17	14	19	10	
8	9	28	48	44	7	7	48	26	14	33	31	8	14	46	15	1	40	3	8	
9	36	46	36	36	14	14	11	9	41	28	11	13	44	32	20	18	38	38	14	
31	32	12	39	23	41	42	4	47	50	28	27	2	5	49	1	36	35	34	14	
17	42	36	7	40	28	38	12	21	18	48	48	43	2	45	1	34	15	36	16	
2	4	28	18	9	11	45	29	15	13	49	13	41	41	32	11	12	41	20	20	
39	29	17	3	18	45	47	35	3	16	38	33	20	34	47	8	31	46	8	5	
16	48	25	5	25	10	6	28	8	18	42	31	19	37	15	7	18	50	19	10	
11	27	18	12	26	37	1	27	12	15	47	28	6	44	13	2	27	4	36	33	
20	37	18	39	6	2	42	41	33	31	48	39	39	26	12	33	15	11	23	35	
11	3	41	36	16	1	21	32	48	11	33	29	3	30	18	45	20	4	4	14	
33	42	9	43	41	7	7	22	49	36	34	40	44	32	5	38	4	37	39	26	
On machine	38
19	18	17	26	40	26	32	41	10	22	27	6	16	30	45	15	42	16	34	4	
31	39	8	16	28	37	9	3	40	16	32	24	28	26	38	5	23	32	32	10	
19	30	23	40	40	42	3	38	47	11	3	50	9	48	5	40	34	2	25	6	
39	3	28	21	14	17	37	6	7	12	34	43	5	4	8	12	43	46	32	7	
22	35	48	20	30	4	21	48	34	45	26	32	26	28	48	19	38	10	5	11	
43	41	50	17	32	4	1	41	22	35	38	17	29	12	37	16	15	33	5	31	
7	46	44	36	7	2	30	50	12	35	6	5	41	9	49	7	47	16	37	21	
6	39	41	11	42	13	43	45	31	44	13	23	30	37	41	33	47	40	30	30	
37	43	38	37	41	24	34	39	5	50	9	21	48	34	19	1	12	47	26	39	
22	7	15	48	5	48	2	45	39	14	43	33	29	26	37	41	10	8	15	16	
9	24	29	16	14	14	49	8	15	32	12	23	12	14	20	35	34	43	49	33	
21	4	17	12	15	50	41	25	29	15	16	30	38	45	43	5	50	37	15	11	
27	24	50	24	21	17	7	43	41	49	37	17	12	32	35	20	16	7	24	42	
3	49	4	34	14	11	2	43	43	29	19	11	34	5	25	15	7	36	26	14	
31	10	30	40	23	6	19	40	14	9	32	34	33	14	45	50	23	11	11	46	
44	44	47	17	15	31	9	7	16	24	45	34	38	17	22	20	42	17	41	10	
20	12	45	28	1	10	41	27	16	10	27	33	18	40	45	47	30	49	8	17	
31	49	35	50	6	31	30	32	38	34	44	41	7	28	49	1	15	24	33	36	
30	8	24	32	17	4	6	41	29	8	2	40	17	10	38	10	8	40	26	7	
8	47	24	38	9	46	46	14	28	18	15	43	3	21	34	48	13	6	9	14	
On machine	39
30	40	19	42	49	23	32	39	43	2	16	1	22	7	17	24	20	4	11	20	
35	43	31	47	2	27	7	21	34	48	7	4	40	44	27	28	47	19	31	20	
25	38	7	27	20	34	5	2	31	42	37	14	16	46	14	44	1	42	9	20	
23	32	38	8	46	14	48	49	25	30	2	40	10	35	46	39	47	44	45	30	
27	12	4	47	6	8	18	37	39	9	2	34	45	24	26	27	33	46	2	8	
28	34	32	16	1	49	18	32	44	21	46	21	37	18	30	44	36	38	46	16	
13	24	6	13	3	8	12	6	25	16	1	18	25	10	29	33	28	45	7	40	
16	14	20	49	2	44	48	41	18	16	8	30	3	13	17	10	2	32	30	30	
28	34	41	48	17	16	37	2	47	9	15	40	10	37	33	27	42	26	18	23	
41	19	32	4	46	50	3	5	32	27	10	24	9	27	37	9	47	31	18	11	
28	25	6	47	18	3	18	9	37	12	48	6	4	38	17	49	9	29	49	19	
38	21	25	36	47	17	8	18	21	29	5	31	20	7	38	37	44	42	15	4	
46	35	16	30	33	31	47	6	21	20	24	30	33	10	29	23	47	45	28	3	
39	35	1	17	48	3	42	2	23	49	46	33	22	41	37	20	2	39	10	34	
22	31	19	37	4	21	47	31	43	32	37	41	14	3	31	38	48	27	22	37	
46	48	8	4	47	46	48	15	48	18	29	4	12	50	48	49	1	31	29	31	
47	34	16	8	1	23	16	11	20	10	48	50	3	3	47	15	14	10	37	7	
28	38	33	42	20	45	41	49	1	15	3	3	19	37	11	18	18	17	23	7	
8	10	10	28	11	35	31	25	46	13	12	13	21	37	19	15	23	23	47	26	
8	48	40	14	41	25	24	6	46	3	15	5	15	40	17	32	47	1	45	12	
On machine	40
23	11	1	5	25	18	3	12	19	14	37	12	42	36	28	7	45	2	44	35	
39	36	9	25	9	25	19	11	19	25	48	17	8	34	1	19	23	49	21	34	
43	3	2	10	33	17	9	16	6	17	11	7	22	14	14	10	32	39	32	24	
25	46	48	17	40	21	14	40	36	29	15	18	34	9	36	14	50	48	10	48	
43	17	35	31	4	20	34	10	9	8	40	36	48	18	11	15	33	13	44	35	
38	11	9	27	46	10	33	45	15	29	47	49	37	4	31	39	29	40	17	18	
41	20	3	36	9	9	49	4	20	16	13	37	40	41	2	14	44	40	45	45	
22	49	36	44	48	7	1	40	50	3	24	32	22	47	30	5	29	23	18	35	
37	3	33	25	2	50	24	9	19	10	22	31	14	25	50	45	47	4	44	14	
16	39	9	9	42	28	14	45	21	42	5	31	7	42	19	35	29	19	27	43	
45	16	24	44	26	39	10	19	48	25	22	34	36	28	40	10	20	46	6	19	
25	16	3	9	21	3	34	23	36	9	3	45	3	1	41	14	38	9	30	13	
48	30	41	11	14	33	42	9	38	7	26	10	47	13	8	9	7	22	49	8	
15	31	7	44	4	9	49	14	28	50	38	10	30	45	48	48	48	28	25	13	
50	26	28	29	16	11	34	8	32	34	4	12	6	45	36	31	20	33	18	40	
47	42	2	19	32	12	27	40	3	40	3	26	28	21	3	7	25	42	17	45	
10	19	9	32	26	12	4	5	33	47	31	29	47	46	40	22	31	22	45	21	
14	13	7	41	37	40	15	3	31	35	10	13	20	12	7	39	3	36	47	1	
40	23	9	25	50	44	8	24	15	15	10	32	33	20	24	42	17	47	26	46	
46	34	4	13	45	42	18	46	7	11	19	16	46	35	27	11	48	11	18	23	
