Factories	2
Families	40
Machines	10
SetupType	3

Number of Jobs in each Family
5	9	5	6	10	3	4	8	10	5	5	8	6	10	10	5	6	5	7	8	9	8	8	6	3	1	10	9	8	5	6	2	9	10	3	8	4	4	7	10	

Jobs in each Family
0	1	2	3	4	
5	6	7	8	9	10	11	12	13	
14	15	16	17	18	
19	20	21	22	23	24	
25	26	27	28	29	30	31	32	33	34	
35	36	37	
38	39	40	41	
42	43	44	45	46	47	48	49	
50	51	52	53	54	55	56	57	58	59	
60	61	62	63	64	
65	66	67	68	69	
70	71	72	73	74	75	76	77	
78	79	80	81	82	83	
84	85	86	87	88	89	90	91	92	93	
94	95	96	97	98	99	100	101	102	103	
104	105	106	107	108	
109	110	111	112	113	114	
115	116	117	118	119	
120	121	122	123	124	125	126	
127	128	129	130	131	132	133	134	
135	136	137	138	139	140	141	142	143	
144	145	146	147	148	149	150	151	
152	153	154	155	156	157	158	159	
160	161	162	163	164	165	
166	167	168	
169	
170	171	172	173	174	175	176	177	178	179	
180	181	182	183	184	185	186	187	188	
189	190	191	192	193	194	195	196	
197	198	199	200	201	
202	203	204	205	206	207	
208	209	
210	211	212	213	214	215	216	217	218	
219	220	221	222	223	224	225	226	227	228	
229	230	231	
232	233	234	235	236	237	238	239	
240	241	242	243	
244	245	246	247	
248	249	250	251	252	253	254	
255	256	257	258	259	260	261	262	263	264	

Total number of jobs
265

Processing times of jobs
1	7	3	6	8	8	4	6	8	5	
8	4	2	5	7	3	5	3	3	1	
2	6	5	6	4	10	9	8	3	6	
10	7	6	3	9	7	1	6	1	6	
5	9	5	9	2	7	2	1	2	6	
10	2	3	10	1	5	10	7	2	3	
4	3	5	4	8	7	7	7	8	10	
3	8	7	10	10	8	1	10	1	2	
10	3	8	6	6	3	4	4	2	3	
10	4	8	2	7	3	5	8	3	6	
10	3	6	8	5	5	7	9	8	3	
3	9	10	4	2	5	7	5	4	5	
4	7	6	7	5	8	10	6	8	10	
10	1	3	7	3	8	2	10	7	7	
10	5	7	3	3	4	4	5	6	2	
8	1	3	5	8	1	8	3	6	6	
6	8	6	8	6	10	10	10	3	8	
2	1	9	2	1	7	7	9	6	4	
9	2	10	4	4	8	8	6	2	4	
8	10	9	8	5	2	2	10	1	4	
8	1	10	8	1	3	7	8	9	8	
3	3	6	1	7	4	7	7	5	3	
7	5	4	2	4	9	5	8	1	9	
7	3	7	1	8	7	3	8	1	5	
9	7	1	3	7	9	3	10	5	6	
5	2	1	8	5	3	6	7	9	9	
6	6	5	5	7	4	8	1	4	9	
5	7	4	8	8	8	3	1	8	3	
7	9	4	8	1	9	1	7	8	8	
6	8	2	5	1	9	3	2	6	9	
7	8	8	2	9	2	6	3	1	3	
5	1	9	1	8	2	4	4	2	8	
2	5	2	6	3	9	5	1	8	3	
1	9	1	1	1	1	2	2	10	8	
4	4	2	8	4	9	6	3	9	1	
7	2	4	6	7	6	5	6	7	9	
3	6	7	10	10	4	6	6	9	4	
4	3	2	10	4	5	5	5	3	2	
9	2	10	2	3	2	5	4	7	1	
3	6	6	3	9	9	10	6	1	4	
3	5	8	10	6	8	5	10	10	8	
9	1	10	3	8	2	2	9	5	1	
8	6	2	1	1	9	3	9	2	3	
1	5	4	3	10	1	4	4	5	4	
2	10	10	5	6	3	9	5	3	6	
4	4	3	10	1	2	5	5	5	1	
7	2	6	5	10	6	2	5	2	7	
7	6	7	5	8	2	6	2	9	5	
7	3	7	10	1	5	8	7	9	7	
10	4	9	10	10	10	9	6	7	10	
2	7	7	1	8	9	8	6	5	8	
5	9	1	2	3	6	8	6	1	5	
1	1	4	5	7	5	2	5	4	7	
4	6	5	7	7	6	10	8	3	6	
7	7	3	10	7	7	9	7	6	7	
4	8	2	5	6	2	10	9	6	6	
6	3	6	9	9	9	10	8	3	2	
8	5	7	9	5	5	6	4	10	6	
6	7	6	5	3	7	2	2	4	4	
7	7	5	10	5	6	2	2	2	10	
4	9	4	4	10	4	4	3	1	10	
7	7	9	2	8	5	10	2	8	9	
4	4	7	8	7	4	5	2	9	10	
7	3	9	3	4	10	8	6	4	9	
6	1	1	1	1	3	10	7	1	5	
3	7	9	4	8	10	4	8	5	10	
1	1	2	7	7	7	5	1	3	6	
9	10	6	8	2	10	1	3	10	8	
7	8	5	3	9	4	5	8	10	6	
1	3	6	5	9	5	1	3	8	7	
2	2	10	4	5	3	10	5	2	3	
2	2	6	10	2	6	2	5	4	7	
4	7	5	7	7	4	3	6	7	1	
6	3	3	8	7	2	6	9	7	6	
4	8	4	8	8	5	3	10	3	7	
9	10	7	10	2	8	7	3	6	1	
2	7	9	1	6	4	9	8	10	10	
4	8	8	8	7	6	7	3	6	5	
4	3	3	1	2	4	6	1	6	3	
6	7	7	1	9	2	5	10	6	6	
3	2	2	4	5	6	2	3	6	2	
1	10	7	3	4	8	8	4	8	4	
10	2	6	5	8	1	5	3	9	8	
10	5	4	4	3	6	1	4	5	1	
7	1	9	5	6	8	4	8	5	8	
8	6	8	9	10	8	10	5	5	1	
6	10	8	6	1	2	1	1	10	2	
2	9	1	2	6	7	4	6	2	5	
3	7	6	2	6	2	7	6	2	4	
5	7	1	2	6	1	3	9	6	3	
3	4	10	10	5	2	5	2	9	2	
2	4	8	10	1	3	6	9	1	10	
6	4	2	9	7	8	2	4	1	9	
3	9	5	2	9	1	8	7	6	2	
8	10	1	8	1	5	5	2	4	8	
4	1	1	3	8	8	5	9	5	6	
10	5	3	9	1	2	5	3	2	2	
1	2	6	7	9	8	9	3	10	7	
7	7	1	2	10	9	8	6	1	1	
4	5	8	9	4	4	3	2	5	6	
9	3	7	7	3	9	8	7	9	2	
3	9	7	8	2	6	5	4	2	7	
5	8	6	2	3	3	4	7	6	2	
9	1	1	4	10	3	4	8	7	3	
5	8	7	10	9	4	5	4	8	6	
8	8	9	10	4	6	1	1	3	9	
9	2	6	6	2	6	9	4	2	2	
6	7	7	3	8	5	4	3	9	7	
10	3	7	10	5	3	3	10	2	9	
9	7	8	3	8	9	8	4	8	1	
5	5	10	7	8	6	4	4	9	6	
4	4	8	9	9	10	5	9	6	7	
4	4	3	1	2	7	9	1	2	2	
7	6	8	7	9	2	3	1	7	6	
6	8	8	2	10	8	2	7	5	2	
2	6	8	10	6	4	9	2	2	5	
7	1	1	8	2	10	1	6	7	9	
3	4	9	7	4	3	7	3	7	7	
7	3	2	2	9	3	4	9	6	2	
5	5	10	7	2	6	3	7	5	6	
6	9	3	2	10	3	10	8	4	8	
6	4	1	8	4	5	4	8	5	5	
8	9	2	1	7	2	4	5	4	8	
3	7	8	7	8	1	1	9	5	8	
10	10	7	7	2	7	6	2	9	3	
2	10	3	7	10	2	3	6	9	4	
6	1	9	3	5	3	6	3	4	4	
5	2	9	8	5	6	3	2	2	2	
2	1	3	6	6	2	4	10	8	7	
10	9	1	8	8	4	7	3	9	7	
6	6	6	1	9	9	7	4	9	9	
5	4	6	1	6	7	9	5	3	10	
7	5	4	5	3	5	7	5	6	5	
3	7	6	10	3	10	5	6	1	4	
6	4	2	3	10	3	6	3	1	4	
6	2	3	10	7	2	7	6	9	6	
10	7	9	6	7	6	6	10	2	9	
3	6	2	7	9	2	3	4	1	5	
1	9	10	2	2	10	9	9	2	3	
4	6	1	7	4	7	1	10	9	3	
3	7	3	10	2	6	2	10	4	10	
7	3	5	10	6	5	1	5	7	2	
1	10	10	6	5	2	4	3	6	6	
1	4	6	1	5	7	1	3	7	8	
1	8	3	8	8	7	5	8	6	6	
9	8	4	4	3	3	9	10	5	1	
1	2	9	2	10	1	7	1	5	1	
9	10	2	6	8	4	9	2	2	1	
2	9	9	2	3	7	3	4	4	9	
1	7	1	6	3	4	8	4	1	5	
1	2	10	7	6	5	10	1	8	3	
7	8	8	2	2	5	4	8	1	6	
5	1	9	4	9	10	9	7	6	2	
3	8	4	5	10	9	8	8	7	2	
4	8	6	2	6	7	6	6	3	6	
3	4	8	8	5	2	8	6	9	8	
2	5	5	2	10	5	2	8	4	6	
1	6	8	10	5	3	5	10	5	3	
4	4	7	1	1	6	7	8	2	7	
7	2	9	2	3	7	10	5	1	1	
1	8	7	3	6	7	3	2	6	2	
10	9	7	1	9	3	9	1	10	2	
3	9	6	6	10	1	8	9	3	10	
9	7	5	8	9	7	7	6	7	6	
5	8	6	5	10	3	10	1	5	9	
4	3	2	10	3	9	4	1	9	8	
1	8	8	2	9	5	3	3	9	10	
4	2	3	8	1	8	1	5	8	8	
7	3	4	10	2	4	4	9	5	2	
2	9	3	6	3	3	6	9	4	1	
1	7	5	1	6	1	3	9	3	4	
1	1	6	7	1	3	5	5	1	1	
1	3	9	7	8	6	10	4	4	9	
10	8	2	5	9	8	3	5	2	5	
7	6	8	3	5	9	2	6	6	1	
1	2	8	4	7	10	10	1	9	10	
2	3	2	9	8	3	1	6	7	4	
4	1	8	8	2	3	10	9	7	10	
2	10	2	5	8	1	4	7	5	1	
2	5	5	2	10	9	5	10	4	3	
10	2	10	6	8	4	7	6	10	5	
10	7	5	1	6	7	9	2	4	4	
6	3	4	10	4	3	10	7	6	4	
9	8	5	3	5	1	5	2	9	2	
10	3	7	4	9	6	4	9	1	1	
7	1	10	4	1	8	1	4	9	6	
9	6	10	8	5	5	5	4	2	4	
5	4	10	1	2	2	1	6	10	4	
10	1	6	2	6	2	9	8	6	4	
5	9	4	4	5	10	8	6	6	4	
10	9	9	8	1	10	1	6	8	7	
2	2	8	3	4	4	9	6	10	1	
4	3	3	4	5	4	9	7	8	7	
8	6	10	3	7	10	10	10	8	5	
7	4	5	4	6	5	3	5	9	6	
8	5	10	4	5	6	7	6	2	8	
5	8	2	9	8	7	7	1	3	4	
8	6	7	3	10	7	9	4	7	6	
10	9	2	7	2	1	5	10	1	8	
2	2	7	2	1	6	6	9	2	4	
5	8	8	10	10	7	5	2	4	8	
10	3	9	5	5	3	7	9	4	7	
5	6	6	9	4	4	1	2	10	8	
5	1	4	9	4	4	6	4	8	4	
5	9	1	3	3	9	10	1	8	7	
10	8	9	2	4	2	8	1	10	8	
9	10	8	10	5	5	4	10	8	5	
7	10	2	7	1	9	6	4	7	4	
1	2	3	2	5	3	3	7	1	8	
4	9	8	7	3	2	7	3	1	1	
1	4	2	7	2	8	10	8	1	5	
2	7	9	3	10	10	8	3	5	2	
5	7	8	7	8	4	4	7	10	5	
5	8	7	10	2	6	6	5	6	3	
7	5	4	1	5	4	5	10	6	1	
6	8	8	9	4	1	10	10	2	8	
3	4	2	8	5	3	4	4	3	4	
9	5	10	2	1	3	3	6	4	7	
9	10	9	10	4	5	4	7	6	5	
6	6	10	4	1	4	2	9	2	3	
1	4	8	5	7	5	5	9	8	7	
10	7	4	10	2	10	9	1	1	1	
6	4	3	4	8	2	10	1	4	10	
6	2	4	8	9	7	10	5	1	9	
6	10	3	9	4	3	5	6	2	10	
8	4	4	5	2	9	2	2	7	2	
2	4	3	6	8	2	6	8	4	2	
1	6	6	5	2	5	9	6	1	3	
6	10	1	9	8	10	6	2	6	4	
9	9	9	2	7	10	9	4	6	6	
4	3	10	6	3	3	3	10	9	2	
9	9	4	1	2	4	1	9	2	8	
3	10	10	7	1	7	8	7	7	4	
5	1	6	8	6	8	9	3	4	5	
3	3	4	9	2	3	4	2	4	4	
1	6	8	10	3	3	7	7	9	10	
2	10	10	8	7	7	3	5	7	7	
8	2	9	4	3	5	4	6	5	9	
1	3	2	2	3	8	2	10	8	9	
10	2	4	10	1	4	10	7	4	7	
3	10	5	2	3	1	9	1	1	5	
5	4	2	10	9	1	1	10	3	9	
8	1	3	5	7	2	2	5	1	10	
9	4	6	6	10	1	1	2	9	2	
8	4	6	5	3	5	10	5	7	1	
1	5	7	7	3	6	8	9	2	3	
2	1	3	3	7	8	7	6	8	5	
8	5	5	10	5	5	1	7	8	2	
7	9	4	5	2	5	9	8	8	3	
9	1	7	10	2	6	1	10	8	7	
5	2	5	10	3	2	5	5	8	6	
7	7	3	6	4	2	6	5	9	4	
10	4	2	3	10	8	2	2	4	3	
6	5	2	3	10	3	7	8	8	3	
10	5	3	7	8	2	8	3	6	5	
1	7	10	2	9	8	1	1	2	6	
10	2	5	5	3	5	9	5	3	10	
2	8	6	9	5	10	1	9	6	8	
10	10	3	8	4	1	10	9	2	7	
8	4	9	6	9	5	8	10	6	8	
2	10	5	6	5	2	1	7	1	3	
10	10	1	2	9	8	7	1	2	3	
7	4	10	8	5	4	3	1	6	7	
2	9	7	4	10	2	9	4	6	2	
9	8	9	2	10	6	10	4	10	10	

Stepup times between Families, where [f][f] represents initial setup time
On machine	1
29	69	62	2	13	44	60	2	71	14	89	3	2	89	92	67	69	26	47	100	74	31	19	4	72	41	15	71	51	7	4	3	27	24	11	58	21	70	35	37	
21	4	53	82	35	5	66	95	68	9	68	85	7	71	51	68	5	88	77	1	10	47	23	32	29	97	30	20	66	31	83	39	62	62	87	90	62	6	30	79	
72	46	72	37	10	74	84	10	36	2	16	92	41	75	73	30	84	72	33	35	61	75	11	40	17	95	22	45	78	15	8	77	44	96	3	43	7	60	81	96	
94	20	80	59	59	100	50	66	45	20	63	1	6	61	71	3	88	100	54	57	54	29	36	36	90	8	70	75	74	89	50	56	47	38	46	29	70	5	60	6	
30	1	25	97	88	17	31	63	41	68	7	9	89	84	95	44	48	25	4	53	42	28	80	56	95	71	86	84	60	47	57	20	63	5	18	19	49	85	32	77	
46	80	34	40	96	23	8	82	59	44	38	81	61	53	2	54	78	95	30	15	38	25	73	71	74	73	34	75	79	42	97	78	77	3	47	68	47	35	80	32	
3	57	27	75	33	81	60	48	3	12	40	34	36	44	82	26	57	76	61	62	59	75	23	22	11	2	20	28	30	75	57	43	60	7	59	39	15	36	75	29	
83	75	71	65	66	84	38	15	13	36	52	18	89	10	88	73	27	61	91	68	84	80	2	27	18	99	14	22	83	13	81	57	35	67	8	84	63	64	72	33	
78	69	50	68	53	83	83	20	43	55	55	56	75	53	16	65	28	28	33	86	64	53	57	55	72	90	94	47	84	45	97	44	92	16	27	20	58	67	5	21	
45	84	40	72	13	43	49	99	83	11	55	16	44	31	56	49	85	8	69	58	1	62	64	40	99	73	52	63	29	46	68	66	54	6	99	13	3	6	28	7	
12	23	76	41	21	68	48	26	33	38	33	41	78	56	41	49	42	27	88	99	79	75	27	9	30	66	47	25	97	37	25	99	76	33	25	71	52	24	12	10	
39	60	19	32	95	42	72	95	39	91	23	50	37	19	18	72	69	7	29	69	70	4	57	17	78	29	21	36	13	66	37	86	4	69	50	84	84	45	14	70	
40	100	78	50	58	13	21	41	2	87	47	21	84	85	50	99	21	26	48	78	95	66	57	40	92	94	42	31	68	60	66	30	2	79	32	85	77	2	25	70	
98	94	4	10	49	97	15	19	44	60	83	91	16	9	90	57	75	14	12	23	84	60	41	31	16	79	93	22	85	73	2	42	98	5	25	42	34	31	33	84	
92	97	33	50	42	51	24	89	92	34	67	94	96	89	61	94	44	73	66	8	27	51	62	73	72	20	99	75	27	20	34	94	9	18	62	43	94	51	62	85	
21	85	11	26	48	66	97	73	16	61	14	45	35	36	99	47	100	98	47	47	32	35	25	89	47	70	2	10	80	82	52	91	72	88	41	81	39	84	26	86	
33	62	29	76	57	35	84	44	64	88	45	16	76	58	59	69	89	19	74	74	92	55	86	25	30	51	52	73	91	42	74	51	35	25	99	33	65	97	98	44	
46	61	99	17	4	73	99	2	60	89	65	37	77	87	37	65	11	77	96	65	74	49	75	54	26	17	73	28	46	41	100	95	36	14	47	38	85	78	53	20	
53	29	20	55	68	38	52	57	6	90	90	1	81	20	80	41	85	67	62	85	13	32	94	73	88	2	84	46	100	38	73	91	94	79	14	26	54	39	91	44	
9	8	45	72	92	8	78	62	26	58	71	84	62	5	64	90	30	2	35	27	24	32	28	43	47	66	47	35	5	31	58	37	10	68	65	56	71	13	75	32	
31	67	99	82	41	5	3	22	60	18	19	48	48	73	57	77	18	46	19	50	81	61	6	78	10	5	50	44	37	34	19	95	53	57	74	53	86	15	18	10	
9	5	16	89	83	88	48	83	41	97	23	51	28	18	26	42	45	69	65	8	27	84	68	31	16	53	20	54	52	60	57	28	48	84	70	51	62	71	34	94	
94	52	10	71	44	61	95	69	50	72	29	5	33	46	96	15	12	35	54	90	17	40	17	18	82	58	18	44	1	62	26	67	19	38	28	88	15	63	60	31	
67	19	63	5	67	13	18	61	4	6	55	15	7	26	5	14	87	28	59	65	40	74	12	96	28	37	90	100	79	31	17	100	74	2	77	61	93	84	95	41	
89	95	63	67	3	99	37	58	42	13	86	94	67	91	25	39	43	89	99	81	28	50	42	12	16	4	13	45	27	32	65	97	39	21	15	96	8	14	78	84	
29	94	85	56	93	8	44	87	15	59	19	29	40	44	52	39	13	65	75	6	72	4	14	2	58	93	6	72	12	64	67	30	34	7	42	61	83	26	57	95	
67	3	15	83	45	12	10	14	17	87	57	46	21	53	38	28	86	78	96	46	85	53	56	27	10	43	1	66	54	84	1	85	60	96	6	34	29	91	25	3	
84	88	53	15	82	11	8	48	2	65	70	81	57	87	46	11	17	22	100	48	7	67	87	44	90	43	76	92	94	96	83	7	73	16	51	75	87	9	76	96	
56	6	42	27	42	85	7	14	83	85	73	94	1	62	39	92	89	3	6	44	33	80	14	27	81	8	61	76	15	60	6	9	30	68	91	47	4	5	30	100	
4	64	52	43	11	66	25	49	28	61	67	30	53	70	30	89	8	23	29	81	40	79	39	56	45	84	50	21	1	76	12	33	47	15	55	49	64	83	62	63	
45	25	95	2	88	67	49	27	22	15	27	33	48	91	94	3	25	5	89	45	3	5	95	9	85	84	72	83	13	24	37	86	14	58	18	64	84	15	37	99	
63	89	85	62	48	59	35	16	97	8	31	27	40	69	34	88	90	42	14	29	26	74	91	66	16	84	97	100	14	29	6	71	70	47	65	43	4	24	38	94	
26	96	1	95	54	23	29	34	6	51	90	55	23	92	35	52	98	16	47	46	98	97	74	66	92	13	22	4	64	98	56	1	45	58	13	58	45	92	57	3	
13	27	35	77	47	11	97	22	14	90	52	82	48	21	43	76	73	98	41	49	95	100	57	64	56	45	81	38	3	80	73	56	26	83	81	95	60	38	13	89	
83	69	53	77	24	34	92	29	1	75	96	70	86	91	47	81	32	30	77	76	63	58	46	47	35	83	52	57	76	54	68	98	28	70	53	77	41	51	42	44	
96	72	66	7	13	6	16	11	48	9	68	29	16	10	50	70	58	50	37	59	96	15	21	59	14	100	85	44	4	22	28	47	49	8	48	80	68	54	63	82	
54	37	82	99	11	93	47	11	24	1	51	81	76	80	76	82	69	96	7	24	65	43	62	58	54	59	40	26	67	82	1	86	60	91	11	8	44	3	69	24	
92	72	71	83	87	21	86	73	60	78	9	47	68	79	100	31	73	27	65	31	10	15	48	79	23	74	8	90	67	11	94	63	32	25	67	10	27	48	42	42	
25	29	39	87	73	38	79	19	43	65	75	64	16	48	10	18	95	11	51	31	51	62	48	14	42	15	73	88	38	42	20	60	38	86	75	38	27	3	46	6	
63	28	19	74	94	22	95	93	36	53	83	30	54	40	34	28	95	84	17	91	25	66	4	99	8	76	55	75	99	94	90	44	11	81	4	95	4	13	62	57	
On machine	2
73	41	73	2	86	72	65	21	99	1	21	77	4	13	23	62	47	88	14	53	78	9	49	82	93	59	34	9	58	40	79	99	71	7	19	49	12	90	100	9	
98	89	35	52	51	62	17	55	7	97	81	46	33	86	37	34	91	80	6	11	55	96	90	69	98	70	80	14	16	35	75	8	8	97	75	38	57	87	72	77	
71	36	79	9	95	65	82	82	19	20	15	16	17	48	56	21	58	11	45	61	65	91	6	62	44	64	43	5	35	44	18	96	65	32	92	46	75	35	50	40	
29	16	45	86	14	37	12	1	59	33	29	70	53	9	86	19	95	23	9	8	18	95	30	12	11	98	32	9	8	19	59	18	11	60	17	32	39	10	38	31	
77	97	40	65	22	86	18	23	17	57	4	47	23	73	28	26	6	74	76	34	79	18	4	95	23	99	69	46	4	24	27	54	59	86	18	26	33	93	87	86	
38	79	53	74	25	56	45	32	14	23	59	6	28	4	54	14	63	74	12	72	9	7	49	53	22	77	32	9	38	39	83	16	54	93	75	89	15	60	20	63	
38	98	78	55	15	92	28	85	57	16	43	98	37	30	87	74	18	34	73	55	36	76	16	22	64	54	82	40	36	73	78	80	16	78	23	98	51	35	18	47	
10	46	24	100	61	2	98	28	39	48	66	22	53	27	2	78	38	14	86	59	53	62	81	77	54	96	52	100	70	96	65	8	25	76	78	34	5	10	24	27	
9	63	93	48	63	92	68	90	50	15	56	26	86	95	43	15	65	79	77	39	22	12	19	8	12	73	57	68	13	43	12	47	91	52	36	19	27	13	54	64	
73	19	91	37	71	21	84	87	29	44	8	80	12	91	11	51	45	65	74	26	17	68	23	96	50	11	35	8	93	31	44	70	54	82	52	37	100	92	2	84	
61	94	51	32	100	84	78	73	5	69	68	77	33	26	63	50	91	91	24	32	65	73	70	78	43	81	25	52	48	67	79	97	19	99	38	22	62	15	42	46	
12	93	44	3	32	28	51	13	47	33	33	26	63	29	5	26	90	55	28	91	80	47	70	48	89	8	95	93	97	49	30	3	50	68	28	74	71	31	80	26	
65	41	89	73	26	3	69	45	84	29	5	15	81	7	8	92	100	3	48	3	22	26	18	78	74	15	50	4	26	95	92	59	88	2	77	75	83	4	56	3	
49	55	62	62	84	28	8	17	48	52	77	59	9	57	27	4	82	82	62	59	61	23	38	49	63	64	44	43	82	15	12	100	81	8	33	22	48	33	58	43	
33	82	96	49	14	31	20	14	32	72	10	53	91	92	46	33	75	100	34	9	55	62	88	32	44	85	14	2	16	87	63	86	54	10	43	13	81	76	5	70	
25	77	72	16	22	49	93	77	12	74	84	53	57	38	49	31	37	9	27	53	15	58	1	34	89	44	89	71	5	23	39	38	97	18	19	59	72	55	30	83	
30	37	60	3	62	86	5	25	33	61	26	81	30	25	31	67	76	83	63	59	72	84	85	44	19	35	16	78	54	73	89	50	24	34	89	35	60	83	79	10	
4	13	22	69	29	73	90	1	28	15	19	29	84	40	87	50	1	95	58	80	60	8	79	41	24	32	24	77	100	16	68	14	94	56	92	53	100	93	92	52	
61	53	15	81	30	83	34	51	21	87	33	27	42	8	18	90	96	56	51	37	14	79	50	93	83	10	3	49	18	86	64	32	58	69	95	31	18	76	25	3	
60	58	58	58	31	24	9	24	77	22	81	40	54	4	80	44	86	84	55	57	45	91	42	22	9	22	70	80	79	56	72	66	70	13	11	29	52	17	57	7	
39	37	18	24	59	68	26	85	92	46	4	89	63	25	43	64	4	65	40	74	63	2	31	96	71	48	98	17	77	22	52	63	93	29	99	78	54	87	33	78	
22	19	75	77	73	40	94	36	72	74	73	42	68	67	35	49	54	14	23	4	70	48	29	88	17	87	51	75	20	48	24	73	1	16	79	33	95	99	67	80	
9	80	62	65	19	10	31	13	80	87	13	63	43	10	29	6	93	23	66	33	18	84	99	96	60	76	61	54	4	38	11	6	15	7	94	69	56	32	76	8	
82	68	24	14	64	65	11	9	74	72	29	22	3	30	7	97	62	28	59	46	94	2	89	53	29	36	17	100	6	41	5	54	21	49	44	58	52	76	39	53	
16	27	87	93	78	99	71	62	78	60	7	38	11	39	73	92	88	39	80	13	87	52	30	3	40	9	54	77	16	48	93	27	75	4	80	45	66	42	91	10	
77	79	33	71	56	9	48	65	72	43	49	19	97	54	43	72	42	89	61	73	16	25	98	17	14	10	13	96	80	52	51	89	3	53	23	35	81	42	8	7	
93	37	63	8	57	74	49	43	70	84	1	60	96	94	53	80	31	77	17	77	16	97	8	83	32	44	31	4	94	13	64	22	99	60	15	19	43	53	27	33	
5	15	7	68	91	80	6	33	92	94	84	100	58	48	66	40	11	29	69	33	54	100	65	10	78	49	95	40	79	66	37	55	95	26	38	12	55	50	82	26	
70	73	66	97	10	54	39	40	26	83	75	25	6	91	77	75	17	95	54	75	12	98	16	87	60	84	14	51	90	13	16	13	36	49	16	44	95	38	89	95	
31	3	87	34	51	80	39	81	9	79	41	44	12	9	47	11	88	82	19	31	25	80	56	40	72	19	9	37	22	61	83	17	15	76	32	95	7	68	40	60	
50	41	27	47	61	30	54	70	70	67	30	79	4	44	27	25	20	98	50	16	55	58	41	50	38	12	71	92	10	65	42	12	4	8	84	4	100	2	46	7	
35	16	87	3	59	65	100	79	66	95	5	9	10	10	88	70	32	47	55	93	90	55	23	66	6	37	72	80	88	72	70	64	83	56	20	95	9	14	55	50	
96	78	5	57	55	64	31	86	28	75	64	78	21	94	39	84	30	71	88	57	7	60	54	84	46	76	27	27	91	68	88	82	98	66	3	82	13	13	87	4	
95	77	42	15	36	45	84	60	46	11	83	32	51	32	6	71	32	55	63	55	97	78	36	19	34	7	17	21	94	25	82	66	9	27	26	80	55	80	40	88	
35	16	5	86	10	86	75	1	45	62	12	51	71	69	14	5	31	75	94	99	24	35	58	74	42	57	47	6	78	12	27	62	9	71	99	81	18	66	24	42	
96	89	55	36	45	8	19	16	56	27	6	82	20	60	34	2	42	23	65	35	33	61	43	4	20	80	100	27	35	25	26	66	66	87	99	76	35	100	22	24	
10	86	58	92	81	51	71	85	57	100	37	28	95	18	70	40	87	74	44	86	7	51	68	77	7	65	81	92	12	24	39	37	33	57	45	96	97	73	76	90	
38	60	78	62	62	20	96	93	35	9	24	32	96	11	78	8	3	18	27	85	65	5	66	27	64	11	91	77	42	57	37	23	42	64	65	27	16	38	55	50	
57	31	95	92	56	10	32	93	13	3	99	69	6	35	12	67	17	70	16	1	78	16	83	47	57	28	72	65	61	57	93	65	14	73	73	70	89	27	83	65	
95	67	85	78	31	85	92	91	6	14	37	83	83	66	57	62	15	95	65	98	87	32	33	25	41	98	6	58	52	83	62	25	79	79	95	23	55	28	38	69	
On machine	3
48	16	61	87	57	62	11	100	43	62	7	32	5	92	80	82	73	88	99	92	88	5	9	67	30	67	43	3	16	83	23	3	31	40	93	93	90	37	77	89	
79	52	55	22	74	9	13	20	49	51	87	60	63	94	49	89	83	82	64	28	68	75	2	59	47	37	32	61	20	62	100	61	57	46	60	67	47	94	88	55	
78	20	35	66	91	94	45	54	48	33	59	61	88	67	3	71	20	52	70	35	41	50	31	44	18	47	70	57	56	64	45	3	4	51	98	94	9	52	73	53	
96	19	87	10	36	64	71	69	49	52	63	43	99	20	39	62	74	16	58	91	93	78	97	13	79	55	96	44	41	92	89	84	6	29	72	35	64	14	57	52	
99	62	96	25	59	33	66	80	68	73	95	85	29	69	3	95	51	68	9	100	95	79	94	70	27	78	94	76	71	36	61	48	42	66	12	42	40	57	2	84	
22	93	77	7	30	12	67	30	43	56	14	94	67	85	64	35	43	3	2	25	78	22	59	20	50	35	52	28	84	99	15	67	50	41	96	1	42	88	74	31	
12	32	14	75	72	86	89	71	41	99	67	18	29	10	40	94	99	65	14	44	45	7	47	54	77	76	9	67	66	17	15	72	54	43	73	37	79	68	71	66	
47	87	26	79	84	73	3	65	100	14	96	91	72	6	24	31	63	79	95	18	90	62	62	63	97	51	20	26	76	94	21	8	55	7	38	76	23	94	93	90	
70	23	22	23	29	92	14	20	36	53	66	12	53	91	68	46	77	80	74	4	7	94	64	17	94	62	95	98	14	95	65	27	29	63	42	78	32	68	27	8	
27	63	59	62	53	49	24	63	97	47	51	49	96	44	98	13	32	41	49	43	76	8	19	33	97	59	6	70	88	15	57	78	6	92	73	61	100	20	6	17	
31	88	96	84	94	26	41	16	5	27	49	65	50	70	67	64	34	62	53	69	55	49	40	52	43	53	5	15	95	95	63	48	53	98	48	52	67	61	17	7	
53	57	2	94	64	93	34	40	100	78	20	22	75	29	86	9	15	46	73	50	58	39	26	60	12	30	7	43	69	48	61	4	19	62	12	80	98	28	87	82	
58	39	6	29	13	23	57	69	98	62	67	4	29	24	67	88	23	95	70	96	8	20	21	88	16	95	76	85	15	36	6	8	13	35	35	70	53	4	56	76	
7	50	94	67	67	65	6	2	40	26	23	67	10	24	89	8	60	100	89	91	5	16	84	72	33	75	64	73	98	88	64	46	60	49	31	42	53	46	40	69	
17	47	89	92	90	78	70	42	71	12	3	25	38	77	88	20	26	65	71	18	6	94	39	91	43	56	45	49	84	32	44	58	47	73	45	23	79	38	78	36	
68	55	34	99	7	98	66	6	35	65	71	65	83	87	24	55	13	59	100	23	46	23	39	63	26	44	65	64	30	73	76	69	45	47	27	72	24	36	11	9	
42	27	65	90	30	2	28	50	98	1	53	82	11	26	87	85	18	57	20	99	19	23	65	49	64	25	21	54	89	87	26	77	29	89	23	85	27	16	85	53	
93	18	90	61	73	94	99	20	91	64	38	93	2	67	31	51	22	56	17	68	17	54	59	21	17	54	4	58	9	81	62	70	68	35	26	40	6	15	96	97	
84	76	48	28	58	94	1	85	55	26	74	22	49	13	70	55	94	76	64	98	34	20	79	42	21	4	70	51	11	88	44	10	70	30	1	1	89	31	16	58	
67	79	16	37	9	86	32	90	19	36	56	11	76	33	97	10	61	96	92	7	72	49	18	21	61	49	46	61	77	83	59	42	65	20	95	19	41	26	60	34	
58	5	59	19	64	62	55	12	96	44	59	38	93	79	42	20	5	18	25	2	63	58	90	73	27	41	56	53	77	36	83	63	5	43	45	56	46	48	73	86	
6	35	95	21	66	30	49	33	86	77	12	2	35	7	85	91	99	25	42	11	33	54	72	85	33	72	83	44	90	50	12	67	38	82	89	85	66	29	17	18	
55	21	71	87	9	86	97	65	98	13	85	10	12	60	11	41	78	66	72	81	52	93	47	58	46	89	92	4	59	9	69	97	6	7	96	67	44	96	21	61	
79	36	86	48	39	43	28	1	16	57	100	21	3	48	98	29	16	47	48	3	59	45	6	25	61	46	45	1	29	9	66	48	64	19	68	79	90	31	32	70	
58	38	24	27	40	57	93	43	41	40	30	23	70	54	74	22	21	75	65	61	32	36	50	59	79	37	83	97	97	59	6	21	86	89	23	15	43	68	9	36	
49	46	37	55	18	23	64	76	81	85	5	2	45	66	39	92	21	31	16	20	39	4	14	84	50	49	73	49	12	75	33	36	35	94	65	2	10	49	45	71	
47	29	68	98	44	91	9	44	22	93	74	75	22	81	97	33	39	46	10	73	66	39	30	43	37	43	39	86	41	4	96	91	57	46	58	36	92	13	78	80	
18	74	61	41	100	83	74	98	40	70	3	51	15	66	43	17	89	2	10	10	96	63	9	20	21	37	3	84	7	43	48	95	81	82	46	12	50	41	77	13	
19	94	43	59	49	36	92	54	100	46	90	26	75	47	88	6	81	90	96	63	91	95	95	80	86	18	52	67	100	92	47	77	34	89	87	25	49	37	9	14	
46	33	56	2	2	47	14	97	21	84	88	3	33	26	73	33	79	6	71	94	66	84	71	85	22	77	18	21	47	91	75	26	6	83	74	86	16	96	14	74	
27	56	28	89	77	67	16	77	6	58	51	5	47	36	49	35	19	42	12	75	63	37	41	44	66	6	47	46	15	1	56	15	17	1	22	21	18	55	67	36	
19	44	5	20	68	8	22	54	97	57	9	24	100	81	11	61	76	67	28	62	45	43	93	97	53	4	76	80	38	69	19	2	8	95	72	79	1	70	12	38	
32	86	46	58	87	72	62	34	93	56	75	98	75	77	16	33	93	40	54	92	71	62	3	31	96	29	21	38	10	27	22	79	3	48	82	15	1	33	17	49	
9	89	35	66	25	33	97	29	1	42	82	75	42	25	31	75	42	23	14	34	39	66	57	37	60	56	77	81	40	29	44	64	20	70	52	94	70	44	21	63	
79	34	82	51	23	95	95	90	79	8	42	17	92	73	11	100	21	45	48	58	88	27	56	30	25	94	31	27	36	56	15	74	98	63	38	2	9	12	64	96	
71	44	90	56	20	12	83	60	75	8	42	64	19	76	12	98	26	49	3	55	5	85	19	33	61	33	92	50	82	23	49	9	58	13	72	4	64	56	17	6	
45	28	67	33	87	91	44	54	61	76	32	24	42	90	50	14	49	73	50	37	76	85	10	82	11	53	63	91	84	49	38	92	29	46	27	48	5	33	37	49	
3	79	39	20	67	36	39	20	38	71	47	22	12	61	84	97	40	92	67	67	28	10	81	71	89	94	87	73	37	70	14	31	31	13	75	85	56	95	58	55	
80	34	12	77	62	20	50	67	91	19	49	95	59	64	58	64	94	59	39	56	99	73	11	48	95	95	52	5	64	14	27	87	94	63	32	22	90	5	69	77	
81	9	99	22	67	46	62	53	48	53	69	25	63	90	44	12	9	64	11	22	40	45	43	16	33	18	95	61	39	5	43	70	94	99	76	42	22	29	28	24	
On machine	4
59	82	27	92	84	79	74	39	63	17	19	19	17	85	81	42	94	46	46	82	11	76	22	93	53	81	25	2	17	28	36	60	3	3	24	85	71	33	36	5	
79	73	40	32	45	2	94	65	35	19	91	85	24	17	65	24	84	2	60	26	32	100	79	72	59	71	64	80	56	23	15	54	49	13	67	13	96	71	45	50	
88	35	36	22	19	68	13	38	81	3	84	90	63	73	28	78	12	92	80	1	19	59	37	63	7	37	82	94	96	41	46	91	91	11	77	25	87	79	13	78	
9	15	66	18	29	82	63	89	82	30	35	92	32	25	8	6	16	36	4	91	91	4	17	85	78	61	5	43	42	67	61	86	36	59	65	18	3	39	13	85	
25	78	86	74	82	46	12	24	47	63	38	68	10	22	23	61	27	53	40	74	82	31	30	1	66	47	5	46	41	98	80	74	1	48	47	17	11	22	43	90	
5	89	58	73	73	2	43	77	80	79	66	31	61	37	70	31	74	14	38	38	23	12	51	68	37	43	32	46	49	56	43	10	34	79	27	34	16	22	29	95	
18	54	24	43	13	97	44	44	69	52	77	82	45	52	15	75	66	60	17	30	9	65	28	22	46	88	5	31	99	67	18	37	92	86	53	21	66	28	57	80	
35	47	61	47	59	88	82	3	92	50	68	20	27	68	60	61	88	97	49	89	29	32	53	29	56	72	53	92	98	54	31	76	52	4	94	19	32	100	67	24	
51	22	83	83	90	26	17	62	45	5	6	18	72	50	22	26	32	100	17	98	40	6	93	62	76	58	5	64	25	77	66	46	87	11	54	73	7	42	15	95	
42	9	88	76	10	96	29	84	81	49	99	30	75	56	19	43	95	26	21	64	78	15	20	38	43	6	31	53	71	25	52	59	1	25	36	37	47	51	19	54	
67	20	54	95	40	86	62	84	68	27	94	53	91	13	80	70	69	55	100	71	64	91	70	54	82	28	49	59	73	6	84	26	54	76	91	51	95	14	21	83	
60	59	5	9	43	84	74	80	79	65	100	58	50	31	88	76	87	83	55	45	31	90	22	51	45	98	16	1	79	68	68	38	3	86	65	98	8	75	47	34	
30	28	4	60	87	10	7	89	78	13	47	82	16	7	51	45	82	29	32	33	94	17	28	11	65	25	78	63	4	47	82	34	46	70	43	40	77	99	1	25	
64	99	40	8	45	100	94	92	3	66	36	15	54	100	64	100	86	84	9	100	8	95	43	10	86	28	77	75	50	43	93	8	82	9	50	42	86	90	87	9	
89	33	51	67	28	71	20	63	73	30	53	16	84	92	75	96	16	41	94	55	84	97	12	2	77	74	17	84	27	100	79	42	88	9	29	90	40	83	85	30	
39	52	30	5	80	18	29	23	66	99	47	25	12	86	40	32	28	42	46	50	11	99	97	4	83	31	50	66	66	2	58	56	64	97	92	42	95	92	37	51	
41	18	11	41	85	45	96	56	85	26	64	8	100	90	10	8	100	26	27	60	34	64	83	69	36	38	84	83	86	74	44	44	13	71	26	12	45	83	48	31	
2	90	100	70	40	58	100	32	25	79	59	20	59	16	84	57	39	35	13	1	61	2	37	30	93	22	61	56	14	48	9	82	33	93	73	100	100	22	97	53	
55	33	14	11	78	11	94	44	32	7	12	50	48	13	48	33	59	90	43	46	73	63	34	95	39	48	99	78	36	80	5	80	54	21	17	75	11	73	60	50	
77	30	43	99	27	26	57	13	93	56	32	3	86	93	23	60	47	26	86	65	51	65	38	56	89	67	55	10	2	5	39	63	68	73	32	36	66	31	17	94	
48	19	45	61	5	5	93	28	91	24	43	71	11	55	94	52	30	82	80	91	43	79	98	35	74	92	99	30	84	88	31	100	12	40	61	74	33	80	31	86	
5	94	33	89	26	2	12	42	83	74	1	77	17	45	85	18	99	34	54	95	22	6	43	19	77	70	24	73	96	70	41	52	94	47	84	28	97	61	77	65	
93	37	25	10	58	24	24	97	82	8	75	65	8	61	10	8	70	14	35	74	4	66	3	41	66	83	53	78	44	33	16	25	4	56	84	81	52	14	52	54	
32	74	66	22	86	4	35	17	56	40	61	40	22	68	10	37	33	28	23	45	7	58	5	90	36	10	74	94	40	83	84	71	30	19	21	32	91	64	63	99	
4	99	58	57	98	85	65	88	43	95	74	52	77	47	29	64	36	65	20	5	49	79	76	94	90	87	38	38	9	72	84	75	83	40	82	16	71	97	17	74	
11	59	47	66	35	20	18	79	66	45	37	18	61	49	69	5	64	15	69	3	78	37	36	92	36	98	82	97	31	59	57	39	58	50	41	45	82	6	15	71	
80	31	42	85	6	53	10	14	78	59	28	5	23	6	66	33	38	34	1	28	52	100	25	31	44	20	88	88	100	41	37	36	75	99	6	42	5	24	59	35	
86	2	61	71	92	68	99	16	36	99	80	86	67	23	1	26	93	14	44	15	29	100	18	6	83	8	65	73	66	38	89	75	86	17	7	9	49	55	6	52	
15	2	14	93	56	5	82	33	37	36	98	90	95	32	65	45	71	46	51	78	45	38	82	78	8	3	67	11	45	66	3	21	59	6	35	58	22	98	71	94	
7	9	29	97	8	60	2	50	13	59	89	37	57	81	33	51	21	13	99	49	85	13	15	34	60	4	31	5	23	93	52	50	41	85	14	32	1	17	26	79	
15	80	34	51	32	94	47	68	28	58	30	47	61	82	81	37	42	8	87	7	97	54	90	74	9	70	88	11	90	7	48	94	54	4	98	30	24	82	10	68	
71	76	41	41	17	62	49	73	68	89	82	82	9	54	88	36	56	61	51	63	47	73	88	53	78	77	26	72	70	53	49	23	60	24	82	20	85	56	15	82	
72	76	56	36	39	77	98	10	93	81	31	30	64	72	83	50	70	7	57	19	62	58	41	70	76	20	24	18	13	2	52	41	88	52	78	19	23	39	17	99	
70	76	13	73	16	27	76	8	20	27	55	33	12	21	100	43	3	40	71	88	40	12	75	88	53	30	11	1	81	70	52	2	5	46	84	5	1	75	23	14	
82	89	81	57	15	39	93	79	61	79	52	63	23	75	81	28	78	73	47	65	88	73	23	89	51	88	84	80	69	55	25	26	49	72	26	46	92	88	93	78	
5	62	94	93	70	87	76	1	73	6	39	11	37	22	27	27	68	50	90	8	56	84	28	63	53	13	38	10	79	43	54	41	97	100	81	76	81	15	46	76	
20	13	1	50	44	33	71	16	84	75	33	43	20	49	91	45	58	71	98	4	32	29	39	30	63	98	98	27	35	36	87	55	36	29	12	84	9	99	43	84	
63	96	9	59	36	15	47	24	68	63	76	32	31	69	24	79	72	48	84	73	38	33	73	8	9	19	5	56	84	84	75	31	72	100	11	43	99	86	78	84	
54	65	11	50	35	100	98	50	92	37	47	96	44	99	90	65	63	2	14	30	76	59	76	85	48	68	86	62	94	5	75	41	25	8	96	58	66	98	92	5	
62	38	84	87	62	29	70	96	57	55	34	14	78	69	33	74	31	3	18	38	21	93	75	79	61	80	25	76	22	78	50	70	24	18	21	26	56	96	87	96	
On machine	5
57	77	86	69	38	1	15	26	33	2	11	38	36	5	92	10	10	30	13	72	28	65	92	75	88	34	17	69	6	48	95	64	61	97	84	37	20	84	96	66	
34	49	6	78	14	10	52	51	55	26	44	95	60	86	19	43	71	65	53	24	79	36	93	30	6	94	10	75	44	82	66	20	81	19	30	58	17	15	27	76	
54	95	27	43	13	82	11	34	89	84	75	83	100	88	26	21	32	77	68	55	49	6	93	14	95	13	12	90	59	33	31	67	29	58	29	65	37	64	86	36	
66	50	22	82	41	38	45	65	14	74	92	70	61	37	87	66	33	86	3	74	9	19	58	66	41	22	19	90	66	85	82	5	57	52	62	13	98	95	18	90	
34	8	80	86	90	98	6	2	52	87	19	87	87	2	16	15	22	88	87	64	21	36	10	65	23	66	92	76	51	42	57	52	70	88	88	93	1	17	86	8	
83	55	36	91	100	54	19	56	72	44	23	81	46	54	94	100	29	23	67	92	68	1	83	43	11	17	66	57	81	36	69	38	25	51	95	63	10	14	29	31	
94	73	43	51	100	79	3	98	41	16	44	95	68	36	31	20	77	56	64	100	100	97	49	10	77	62	59	96	63	35	54	43	61	44	57	100	1	90	16	76	
95	92	65	70	60	52	46	5	60	53	22	53	48	52	61	42	12	66	92	64	60	8	8	99	85	20	3	71	11	80	58	52	33	24	40	82	68	93	50	19	
87	82	10	63	38	26	86	53	6	60	15	93	53	66	57	37	78	22	16	84	55	8	99	43	29	7	9	14	8	46	81	83	60	10	58	100	98	55	83	55	
35	6	11	53	82	81	40	24	56	57	93	14	73	15	53	30	96	62	98	61	43	68	83	15	9	23	61	7	48	10	20	64	15	52	28	2	6	64	78	32	
71	62	21	83	57	8	80	59	86	1	37	5	63	94	14	33	39	34	72	16	56	39	14	28	29	69	39	75	7	71	66	93	46	24	52	94	54	40	82	80	
15	23	13	41	70	33	12	55	26	14	38	3	45	100	23	59	30	54	11	28	47	95	44	7	6	96	34	67	66	71	77	35	7	89	7	44	25	64	89	63	
77	56	39	64	60	86	53	69	78	63	8	92	15	40	68	7	47	14	40	3	11	32	57	70	85	78	66	44	8	76	3	71	9	43	11	7	29	68	20	35	
97	39	54	89	46	13	3	55	1	77	73	20	94	63	60	28	78	66	58	48	15	33	28	29	71	20	23	25	36	88	83	31	51	82	70	50	2	31	24	84	
36	2	98	51	42	14	4	85	87	51	20	80	65	38	43	80	81	83	34	24	49	98	82	2	7	21	3	91	25	85	83	22	55	36	37	44	69	2	48	48	
77	51	78	48	63	99	9	72	63	23	36	29	23	91	1	21	34	72	62	44	16	4	17	30	35	12	48	64	37	58	1	91	19	46	23	9	69	38	97	81	
11	20	78	45	36	31	69	26	4	74	50	22	23	28	33	2	52	57	43	57	36	52	46	21	24	5	72	97	91	76	91	83	20	11	39	58	14	57	57	91	
29	92	99	87	86	68	87	64	54	88	100	53	100	24	43	74	31	56	7	1	61	16	83	86	89	92	28	42	6	50	85	18	85	13	37	16	29	45	80	38	
25	9	89	62	21	95	68	23	57	46	31	57	31	96	14	34	19	14	79	11	80	97	82	81	88	18	85	6	27	50	55	86	84	19	78	78	13	53	6	34	
18	52	16	18	68	96	67	63	82	86	22	3	23	59	55	11	89	43	26	31	14	83	4	95	57	6	93	43	39	97	88	44	2	37	59	14	33	69	39	50	
21	44	16	33	12	39	56	11	45	47	4	48	36	90	60	85	34	15	56	83	50	67	87	53	96	58	51	99	66	47	100	61	14	75	14	100	40	46	17	15	
12	15	92	34	66	17	2	80	80	50	18	69	15	9	89	62	30	94	80	67	99	29	72	69	7	63	63	22	85	96	79	22	54	54	25	76	91	84	54	63	
94	2	92	93	94	8	60	1	30	14	59	36	47	60	51	43	21	45	39	26	51	80	29	96	98	64	63	13	57	92	20	88	14	24	17	59	62	27	8	36	
97	46	31	33	48	55	75	17	40	85	15	60	56	63	100	33	82	67	31	99	90	41	45	7	42	56	61	87	17	68	55	61	67	9	68	37	88	39	66	93	
24	34	53	52	74	48	99	97	8	77	80	73	75	78	20	66	55	29	21	13	41	3	31	74	43	43	34	10	12	43	56	2	65	5	83	78	67	16	50	84	
49	30	58	83	80	19	18	50	33	99	19	89	71	85	15	34	71	50	26	95	48	40	83	75	26	97	25	98	77	86	49	19	17	55	37	33	61	94	17	39	
56	80	77	83	63	2	60	68	25	83	32	16	44	42	5	78	76	3	98	89	5	51	9	28	24	4	90	70	25	65	80	81	44	41	43	11	93	53	1	70	
90	93	66	81	35	36	85	6	83	71	10	41	70	14	85	4	85	52	12	65	34	72	40	21	16	12	56	6	57	7	82	63	82	82	42	82	42	14	100	87	
87	8	69	91	14	48	45	72	89	31	96	27	70	100	83	69	65	9	88	14	70	43	92	71	56	78	67	23	9	14	5	49	32	10	76	100	91	69	66	86	
92	35	97	21	34	100	68	71	51	8	71	33	33	82	66	82	70	34	73	60	28	41	32	52	61	66	26	66	82	100	71	36	18	41	95	27	14	69	67	33	
38	76	98	73	70	16	80	52	50	62	25	62	47	46	25	20	59	20	43	15	51	38	96	76	63	24	34	73	49	43	65	33	62	1	88	64	21	12	62	69	
61	25	14	15	34	19	9	13	11	7	48	45	18	54	86	92	58	10	19	36	1	65	52	9	90	100	61	48	14	10	45	17	3	84	57	20	40	56	15	19	
70	88	84	42	18	25	100	71	41	87	17	74	84	20	75	3	64	77	58	19	64	59	8	49	80	18	36	30	42	62	92	94	63	11	95	41	45	2	6	28	
82	32	56	65	31	99	79	18	94	91	85	84	5	83	11	15	64	100	25	75	32	81	58	27	85	51	18	21	41	14	85	49	22	45	57	63	94	99	62	58	
25	99	45	66	91	9	23	64	98	93	96	5	90	100	87	36	99	72	16	84	3	93	28	17	5	17	39	10	49	96	31	27	8	8	31	39	63	10	59	45	
95	50	43	51	15	12	55	43	74	63	81	41	51	78	39	44	14	65	46	24	19	33	7	93	61	87	33	90	12	62	43	40	71	50	64	24	61	48	88	62	
46	4	69	24	84	18	34	78	31	60	87	15	18	30	17	24	74	59	70	91	56	16	48	95	46	59	10	54	66	17	88	47	59	30	61	41	96	36	38	99	
78	67	28	98	12	52	5	52	72	73	23	94	57	96	89	20	40	70	98	52	23	34	71	12	52	2	100	56	29	25	22	51	12	37	68	77	54	31	23	77	
51	1	63	67	4	71	90	29	80	65	71	10	76	88	59	7	43	71	27	77	44	56	71	79	93	19	28	36	79	78	36	63	75	74	94	63	69	81	60	29	
27	84	69	72	93	75	26	11	78	46	40	64	93	74	75	57	16	45	98	75	17	74	87	7	48	45	48	44	12	37	46	32	45	59	24	94	89	98	51	4	
On machine	6
14	59	1	90	44	95	76	62	83	74	57	42	42	10	96	71	37	25	82	95	45	64	76	78	38	8	33	16	37	65	63	98	71	33	66	77	84	10	58	35	
96	91	82	37	55	51	96	16	19	15	51	81	99	53	59	38	42	78	19	62	29	66	33	37	8	48	86	98	58	19	79	14	60	67	75	4	40	1	98	3	
7	74	35	80	27	77	41	22	96	39	31	36	9	54	41	97	91	42	73	10	94	95	49	5	19	3	71	75	33	39	90	90	78	51	79	21	1	11	56	66	
14	15	16	58	41	32	52	54	50	8	67	79	72	18	20	46	85	18	59	26	94	18	73	3	51	22	86	17	45	4	8	40	42	92	50	65	77	70	36	48	
86	33	73	59	96	7	86	7	5	93	97	86	98	97	90	33	12	82	56	27	71	16	16	81	29	75	65	39	84	84	11	19	39	26	17	53	18	59	21	23	
33	96	100	61	43	44	65	67	87	19	18	26	10	78	44	57	62	31	94	17	55	95	5	7	85	22	94	40	13	42	12	93	23	54	80	81	11	69	99	95	
66	15	91	72	79	95	100	68	67	81	96	80	66	63	93	17	99	43	21	58	42	99	56	55	32	51	10	48	7	50	39	72	14	67	95	8	82	46	37	15	
66	72	55	27	81	91	59	51	99	37	16	18	53	78	28	72	24	96	89	88	54	79	73	82	63	6	74	86	11	20	18	28	93	74	88	5	47	55	31	78	
67	77	18	52	46	4	16	76	26	21	13	72	94	85	5	45	16	82	37	14	74	76	87	41	10	79	38	44	70	73	54	67	92	91	100	72	41	9	49	63	
44	81	7	87	89	40	16	45	78	67	15	44	71	83	65	12	53	8	41	23	36	35	11	85	29	66	93	6	77	64	5	29	76	25	21	71	24	19	29	98	
26	62	73	12	81	49	15	75	96	1	97	1	90	5	34	63	8	47	25	66	47	14	38	70	67	21	70	75	31	74	17	20	70	55	70	6	77	57	17	21	
13	25	67	56	60	88	31	35	23	33	16	44	67	46	16	47	25	64	27	99	2	67	91	60	26	93	22	90	47	32	24	77	18	69	6	47	94	100	91	96	
44	17	19	16	33	21	14	18	97	6	30	27	76	27	79	96	80	12	45	48	67	1	3	37	89	80	31	82	27	24	78	77	5	47	9	39	33	7	88	8	
33	56	74	59	51	65	85	73	18	74	48	81	32	72	66	24	79	31	21	17	80	20	34	40	78	98	95	19	38	43	38	42	51	82	20	75	5	59	58	72	
66	96	34	99	60	55	33	62	43	82	80	25	97	93	49	44	9	30	75	45	74	13	77	42	76	39	54	39	75	65	25	99	18	89	35	35	17	4	9	7	
71	52	12	60	2	83	54	85	8	1	79	22	51	7	60	98	100	76	26	31	81	44	90	68	70	83	44	2	92	43	69	47	57	17	78	91	79	6	62	51	
93	20	67	68	70	86	23	96	51	64	12	44	30	100	6	17	92	38	48	58	61	9	74	2	98	78	37	6	60	17	27	71	46	90	53	89	14	25	79	90	
60	100	51	56	84	76	32	56	19	31	31	49	83	74	23	92	62	27	73	74	100	80	51	31	24	37	87	100	89	97	51	67	65	68	7	92	21	57	76	88	
90	38	38	66	76	53	96	70	85	11	67	9	4	68	46	88	18	77	44	68	17	57	75	74	68	79	76	29	10	98	54	53	50	50	40	16	38	3	85	50	
74	35	62	13	100	25	35	30	26	19	93	11	11	31	99	33	46	2	15	21	3	100	63	54	79	56	69	93	90	19	27	49	71	31	58	32	36	2	86	78	
74	58	97	92	67	51	48	55	42	92	7	78	40	3	79	29	93	63	58	100	40	38	69	52	22	82	24	100	75	59	79	50	67	20	84	91	37	59	25	92	
38	33	96	87	80	18	16	45	75	8	93	93	16	39	3	69	44	100	51	28	39	98	39	64	73	14	75	72	57	100	79	88	84	99	58	51	5	33	8	38	
19	47	61	8	61	71	2	82	89	22	59	43	66	57	1	70	36	78	16	79	82	32	69	23	2	52	94	24	77	9	62	72	47	63	7	33	13	62	45	37	
12	4	65	59	49	52	13	18	64	40	22	40	57	83	99	77	14	44	100	9	17	82	66	48	88	92	73	68	54	43	28	44	39	29	80	35	32	40	99	23	
4	16	26	31	10	57	53	59	81	88	34	22	28	59	49	96	41	35	94	65	93	54	88	46	96	38	8	79	15	80	100	64	5	48	66	44	93	29	92	11	
98	88	50	63	40	25	22	13	8	76	2	25	21	44	7	19	84	26	49	83	49	46	28	91	23	35	1	88	6	51	19	42	35	99	27	48	59	3	6	28	
60	26	22	26	52	65	16	71	71	50	100	19	7	79	77	79	46	35	87	49	73	48	86	93	58	73	10	9	86	90	31	35	4	54	73	1	16	49	52	42	
93	54	16	43	78	65	85	72	34	93	77	36	1	52	90	38	8	84	33	26	73	58	11	95	85	19	72	99	67	94	33	72	25	73	50	95	7	28	35	82	
82	80	14	2	19	70	34	47	93	61	30	28	88	86	66	1	51	70	61	78	43	47	22	97	44	67	12	60	93	68	56	49	55	56	6	17	75	47	38	26	
61	63	29	25	59	58	30	76	85	15	10	52	100	22	60	57	99	21	45	40	51	91	50	49	89	11	58	67	73	38	31	77	23	32	81	46	25	4	13	79	
41	49	54	79	52	79	29	52	3	75	82	88	20	12	40	55	24	51	29	19	64	72	88	3	68	4	6	100	88	89	6	32	41	97	54	37	62	84	95	18	
79	92	89	5	89	49	15	5	100	76	47	24	57	48	93	71	85	8	12	9	94	56	78	22	14	34	97	17	81	38	34	24	18	97	25	5	70	67	53	36	
29	11	97	48	81	79	79	15	28	28	8	19	16	19	72	73	88	97	35	91	14	60	29	100	43	2	74	22	23	33	37	53	26	4	94	38	14	13	53	34	
61	71	93	48	41	66	80	69	63	81	45	83	17	31	80	79	51	10	21	35	68	23	31	58	40	26	14	26	24	41	67	92	14	2	63	70	47	30	39	94	
42	67	2	96	2	82	27	94	42	81	4	7	4	55	76	21	95	73	93	24	33	59	89	53	21	12	6	40	96	47	59	68	63	66	74	20	96	15	95	3	
20	68	66	84	88	19	23	4	79	67	32	28	79	9	60	81	88	46	11	25	5	60	3	7	36	7	89	91	52	2	78	40	21	11	36	61	64	79	72	45	
87	81	58	46	56	32	3	36	53	75	90	79	74	21	4	59	6	82	40	59	71	28	23	64	20	77	76	46	60	76	32	6	49	86	24	6	10	87	83	79	
92	28	49	37	27	24	44	72	21	34	78	25	10	17	83	34	30	23	41	99	24	53	53	85	31	40	48	84	6	96	42	68	55	89	26	47	3	34	50	26	
64	36	20	5	12	32	92	44	67	96	48	60	23	100	38	45	70	23	9	36	63	27	38	64	89	1	52	77	68	58	26	2	61	15	36	99	72	78	61	17	
47	33	76	21	14	74	60	14	74	12	12	3	23	25	39	56	81	97	52	39	32	78	21	74	66	88	68	88	5	66	79	77	26	29	29	86	6	45	77	20	
On machine	7
82	67	91	7	40	2	19	34	20	68	44	97	100	14	94	56	8	98	12	34	80	49	49	48	59	37	11	43	56	89	20	23	76	43	9	18	63	49	72	20	
66	27	82	32	24	95	85	54	51	46	62	51	85	87	47	82	44	33	83	96	15	54	66	47	70	53	22	22	56	63	66	68	46	45	6	70	11	25	11	78	
62	20	72	97	64	47	97	35	7	52	4	66	50	94	6	84	17	96	51	25	71	15	11	100	62	87	54	56	91	79	67	3	79	35	58	86	9	69	4	91	
85	83	58	19	12	44	72	90	73	69	75	41	43	14	33	99	80	5	29	83	74	10	57	64	40	95	98	41	35	70	11	39	46	41	26	72	78	38	44	54	
62	51	2	72	34	15	67	49	5	42	20	57	97	73	2	71	22	29	30	37	76	70	79	25	97	99	83	26	40	57	79	98	11	87	100	1	50	75	62	1	
45	98	21	4	44	69	96	27	73	25	57	32	54	68	74	66	15	20	33	28	10	84	44	75	85	5	38	24	92	30	41	73	80	98	46	62	23	69	14	32	
9	22	72	65	42	65	82	47	13	57	41	9	56	79	87	70	21	28	72	57	76	83	76	76	22	26	78	21	25	54	73	58	13	25	98	24	99	41	59	46	
73	54	98	83	29	44	65	69	21	100	56	28	5	19	47	26	54	85	86	52	32	12	71	69	11	90	55	13	7	10	75	77	11	78	60	77	70	85	13	22	
57	95	40	17	69	25	15	35	33	8	8	7	74	34	51	69	61	64	87	84	32	35	80	19	21	90	44	2	3	18	47	44	11	70	67	16	78	62	83	48	
15	15	39	21	72	25	98	86	56	87	71	41	27	14	2	15	94	37	57	20	8	96	92	18	25	44	9	69	29	69	36	75	60	81	72	12	61	92	42	88	
64	25	74	32	64	20	43	43	21	60	7	38	17	50	51	90	52	59	67	100	70	87	33	25	32	78	58	15	3	20	29	36	84	27	29	58	3	100	89	46	
3	22	26	48	81	50	40	7	44	11	100	85	5	35	78	74	94	63	45	10	8	64	79	60	22	39	59	1	24	75	67	96	76	44	11	22	5	73	83	81	
25	61	1	13	53	7	91	63	88	20	77	29	9	89	22	22	20	97	52	26	90	8	50	69	7	73	17	85	14	69	89	88	87	53	84	22	27	96	33	98	
48	56	23	21	22	99	4	80	87	61	56	78	54	68	21	69	42	10	29	71	17	66	5	72	57	26	63	2	19	80	43	17	51	36	14	44	51	41	81	28	
39	10	48	87	56	30	76	36	87	15	93	37	81	28	60	9	5	73	14	87	13	71	5	58	44	80	79	79	56	67	83	24	92	20	99	31	52	47	55	38	
59	3	83	83	89	93	93	39	29	13	67	31	9	88	84	91	9	34	72	86	44	71	92	26	33	20	41	68	22	75	79	47	74	19	35	98	44	44	52	70	
70	91	24	100	95	60	86	19	64	69	75	42	49	18	96	89	19	2	70	44	61	45	75	95	84	90	11	44	3	35	1	38	35	38	9	48	78	91	98	42	
30	11	68	69	85	19	61	100	10	73	7	14	22	98	87	19	81	41	5	7	10	27	81	84	70	79	72	70	87	88	49	59	99	77	21	77	57	88	69	49	
2	6	4	86	9	45	32	17	56	51	37	17	29	55	75	10	21	62	63	50	2	67	49	72	99	42	36	89	20	13	43	55	95	92	3	15	46	7	77	54	
74	57	21	24	8	95	47	86	41	58	25	84	23	21	85	44	94	39	9	40	84	59	52	2	25	16	14	75	9	79	63	95	31	19	99	55	50	33	6	78	
18	63	95	52	38	46	54	71	51	23	30	56	11	30	43	42	63	85	36	85	62	94	44	2	67	88	11	89	44	91	3	88	40	99	72	14	18	81	99	85	
7	7	49	36	18	69	40	91	86	32	2	81	20	96	86	5	49	72	19	88	66	1	70	82	3	40	16	50	24	71	8	79	38	94	49	100	41	60	47	98	
6	45	98	15	88	32	64	31	23	41	21	27	80	68	48	58	2	22	15	84	36	3	81	79	52	49	35	47	100	33	45	77	71	71	15	88	22	94	3	40	
99	12	4	34	98	71	92	79	38	70	54	60	54	38	95	46	97	88	46	31	38	49	61	9	64	15	30	82	30	12	34	91	26	4	85	81	23	32	66	77	
47	99	76	66	62	44	5	72	20	86	10	84	17	19	31	38	11	68	21	98	75	91	1	42	88	87	74	92	44	8	14	44	37	50	21	79	67	60	79	14	
11	43	87	84	51	89	72	77	98	51	23	81	39	42	29	16	73	53	14	39	2	69	57	75	16	19	90	85	27	2	62	62	56	85	66	28	73	47	11	36	
22	71	68	29	24	19	48	69	4	91	38	78	22	91	94	64	95	93	46	22	20	96	9	70	16	58	94	64	7	22	52	57	47	29	17	20	19	46	77	57	
11	77	8	46	55	90	38	71	59	85	45	76	79	35	24	60	86	66	48	52	92	18	80	14	73	81	25	16	32	92	33	32	88	10	15	61	68	52	44	18	
92	62	8	85	87	58	84	86	32	74	66	5	22	42	90	49	71	42	72	27	90	65	22	15	4	15	11	24	80	12	44	94	82	17	78	31	50	10	48	99	
88	65	14	45	11	15	86	1	46	48	71	11	75	44	55	56	94	39	13	20	64	72	18	91	89	1	67	16	26	10	84	51	59	84	88	82	92	24	89	42	
11	97	93	78	21	21	92	40	68	23	92	15	48	77	91	62	40	87	76	23	24	48	41	89	21	67	74	74	85	6	26	8	75	6	74	83	81	58	2	84	
32	62	52	91	80	46	62	93	1	75	4	48	76	60	9	67	18	69	94	27	98	96	37	2	57	54	6	34	31	25	32	34	67	9	26	79	56	71	79	37	
70	84	75	39	66	19	27	96	98	7	24	95	54	43	10	94	76	39	82	51	31	98	74	71	21	76	73	22	31	54	67	79	20	95	45	59	30	73	40	24	
76	20	70	16	35	99	6	52	19	53	53	38	92	98	1	12	82	62	81	54	78	68	61	69	91	11	63	86	91	77	78	31	9	5	70	45	39	27	36	74	
47	45	64	47	16	48	60	100	70	27	99	14	53	96	41	25	94	25	4	16	26	60	76	62	85	49	51	14	51	28	85	93	56	55	90	82	89	50	79	10	
44	21	69	66	72	24	68	26	43	88	9	55	32	26	50	59	100	97	74	43	10	77	83	5	42	10	67	59	16	41	95	56	34	49	66	50	99	16	77	20	
20	9	77	96	90	49	97	99	82	17	90	32	42	23	9	10	9	98	91	78	24	3	91	13	2	78	55	58	49	9	52	86	78	87	68	15	71	16	20	58	
98	100	79	29	25	25	16	69	92	33	91	56	59	92	63	53	84	58	66	62	31	79	17	70	41	79	6	1	62	17	36	77	17	99	17	98	57	80	2	8	
68	12	50	87	19	67	83	52	86	69	86	18	70	13	45	83	100	97	76	92	6	53	7	26	80	85	77	87	88	92	46	57	13	30	84	52	90	65	68	82	
47	48	36	66	39	100	19	33	21	80	89	9	64	95	7	47	60	91	54	92	22	40	100	6	43	37	38	16	42	98	81	47	78	55	26	90	73	7	100	64	
On machine	8
66	89	53	57	20	55	88	10	72	4	45	89	53	76	69	81	6	37	15	21	36	13	63	51	92	5	66	63	55	7	27	84	72	7	37	87	6	91	44	17	
63	69	36	75	55	30	59	72	57	63	15	61	47	2	65	30	41	38	56	99	20	48	16	98	11	47	4	66	77	29	17	71	52	58	77	56	94	31	65	37	
22	35	99	79	9	99	51	20	45	56	94	67	61	17	63	44	91	8	78	12	43	37	94	8	60	62	80	94	84	58	84	95	55	100	22	31	4	73	93	54	
91	13	6	52	22	74	77	95	55	79	48	92	30	24	4	91	79	33	15	59	98	24	30	34	25	27	68	92	37	38	48	98	9	85	12	49	63	57	73	56	
20	44	24	86	83	42	22	22	37	13	20	77	23	52	94	42	59	7	82	52	64	82	79	85	93	81	90	5	36	39	83	25	70	6	21	89	5	14	68	32	
65	31	55	51	37	40	13	35	99	93	38	82	65	33	26	12	76	24	54	54	8	75	80	8	93	62	72	19	18	68	74	17	97	14	42	68	34	88	30	33	
79	93	71	70	99	90	14	74	26	68	39	71	4	18	51	67	45	31	79	67	25	82	85	41	3	39	3	34	99	78	73	84	44	70	42	16	19	29	38	34	
50	86	14	83	64	35	60	40	54	90	33	77	53	29	20	65	92	45	81	100	100	59	78	4	38	80	45	8	62	67	10	54	90	80	2	36	20	32	84	22	
15	42	91	46	83	100	12	15	4	26	53	98	57	26	26	73	45	4	63	46	13	28	19	61	56	38	27	53	52	85	74	44	97	76	67	44	79	85	72	52	
23	66	22	48	81	8	76	8	81	14	12	47	87	7	96	10	65	39	74	78	27	83	62	36	68	75	43	64	96	20	88	32	28	43	84	46	66	48	32	51	
33	33	1	41	43	45	53	31	33	92	17	31	34	22	93	61	36	80	23	78	72	14	28	84	8	54	31	8	26	60	79	47	62	50	65	77	96	17	14	11	
16	21	35	21	18	65	21	43	77	55	73	79	97	47	37	58	51	25	20	30	30	32	8	9	60	72	5	52	83	44	12	6	37	81	25	66	100	57	13	78	
34	19	59	33	52	78	38	48	17	36	62	60	66	25	91	43	91	32	11	76	92	54	26	72	89	80	17	71	99	81	78	58	93	17	69	62	69	68	31	73	
34	27	38	91	5	11	13	59	91	54	73	79	63	78	13	61	72	20	70	56	82	58	74	39	36	84	89	68	64	88	65	84	2	57	50	33	45	97	69	64	
95	85	6	72	60	24	75	94	86	90	68	90	100	52	100	45	87	49	65	37	76	83	62	3	88	14	64	79	64	36	63	29	77	30	23	10	62	9	95	89	
99	73	92	87	62	2	36	33	4	92	41	68	63	40	93	13	65	43	44	38	95	19	48	28	79	84	27	39	71	21	26	95	19	74	85	49	28	52	71	21	
82	56	51	77	67	16	3	98	73	76	44	100	26	43	19	64	50	100	86	46	41	55	6	97	53	56	15	22	78	88	40	98	84	37	61	95	21	79	18	5	
24	4	14	71	97	15	16	73	37	21	29	39	45	16	18	9	50	5	47	40	44	35	23	17	79	24	62	36	9	68	9	52	65	12	2	74	31	48	27	23	
94	80	47	6	42	47	86	13	26	65	76	14	13	28	13	60	39	97	11	31	98	32	57	50	82	3	78	44	78	30	13	50	43	36	56	83	50	1	15	87	
65	5	54	39	22	40	9	81	36	59	87	88	82	26	89	48	93	42	80	71	36	88	85	54	10	38	36	22	31	70	52	45	23	17	97	61	99	54	95	27	
13	71	34	39	35	79	9	88	23	16	71	54	22	23	60	31	88	58	96	95	6	85	93	29	59	16	18	71	56	24	28	13	20	16	92	57	54	26	65	47	
32	2	8	13	75	78	5	82	12	91	71	82	15	87	74	85	34	43	53	45	25	78	47	53	39	3	94	100	87	80	86	69	83	36	10	12	89	70	28	1	
81	58	94	19	18	91	12	20	80	93	4	43	89	89	32	62	55	64	35	45	6	56	43	63	10	77	93	35	74	54	49	85	2	38	19	54	59	50	71	42	
65	23	65	1	53	33	76	48	92	90	3	80	30	15	88	35	15	42	97	46	28	63	37	63	81	64	36	52	37	59	53	59	61	77	91	79	46	61	85	91	
9	25	51	78	68	53	82	58	71	38	95	25	37	69	99	25	96	63	61	23	5	55	12	43	39	90	70	45	73	98	42	67	36	42	22	25	52	77	64	5	
86	94	18	37	1	15	59	1	95	84	100	33	35	13	75	66	81	22	79	88	69	43	40	84	71	37	92	59	94	36	54	15	8	33	59	56	50	53	50	13	
28	67	95	24	83	18	83	96	97	90	93	42	49	69	53	50	83	93	30	66	62	81	13	87	16	68	40	11	90	81	83	87	82	43	78	58	29	62	54	5	
72	70	81	60	52	24	64	5	12	87	99	80	12	41	48	59	32	2	43	11	55	96	14	78	80	32	7	42	36	76	86	93	25	57	5	43	99	95	1	22	
98	87	23	52	51	51	47	34	74	60	48	82	59	73	11	74	83	15	40	35	57	97	87	97	82	76	59	5	70	10	73	71	52	48	23	46	72	88	7	8	
35	94	25	30	39	61	55	94	19	60	28	11	60	40	75	79	65	39	63	48	93	39	63	21	56	18	78	45	91	36	34	16	11	79	76	45	50	51	2	28	
56	26	48	93	5	90	16	73	8	49	63	15	84	23	35	45	28	38	100	79	8	50	51	56	29	48	64	33	6	37	54	27	29	66	75	85	100	10	86	9	
41	98	37	37	78	81	30	41	89	68	25	27	75	95	87	91	95	20	78	13	65	23	57	7	43	20	9	75	77	1	3	53	32	75	88	28	100	34	67	11	
62	63	18	53	99	10	88	18	75	12	37	88	12	23	38	85	43	19	46	31	83	71	69	95	23	52	85	47	58	17	10	53	41	32	74	97	41	8	73	63	
46	28	53	80	83	50	65	43	71	19	11	73	23	3	92	1	52	96	51	38	48	100	36	33	24	10	82	55	13	40	42	87	16	59	3	20	98	2	87	30	
43	34	91	33	21	85	62	30	1	64	78	25	18	63	64	14	77	90	57	68	15	67	72	18	32	93	54	60	32	75	63	90	45	33	99	32	17	19	77	38	
84	3	14	52	35	59	26	60	2	52	11	26	99	25	86	13	44	39	6	96	15	45	66	72	63	78	78	96	74	38	16	52	50	50	4	39	88	48	99	99	
39	71	16	70	36	21	85	30	6	29	15	80	61	91	74	18	91	21	96	10	10	25	36	30	22	1	23	94	54	33	38	59	66	7	41	89	20	3	43	58	
71	22	38	72	71	1	85	73	55	70	53	3	23	62	36	91	90	7	72	37	90	87	7	64	26	85	13	85	29	96	22	86	35	63	54	53	65	4	3	14	
52	24	42	53	70	77	96	27	16	44	46	40	47	93	86	42	70	49	92	48	28	28	22	69	58	59	75	17	18	72	10	80	49	7	18	22	27	71	72	23	
29	49	69	88	24	76	64	49	83	66	63	44	100	70	53	26	39	71	6	41	60	12	36	78	84	100	29	52	53	84	1	97	65	10	93	47	8	64	8	9	
On machine	9
53	97	37	27	87	35	9	75	48	87	14	86	33	77	52	82	31	75	87	5	98	31	94	70	24	42	67	70	40	96	62	78	71	58	90	28	75	7	57	3	
87	82	24	58	6	22	11	31	31	59	97	20	28	68	12	90	81	18	30	58	12	48	51	77	67	56	27	98	45	45	14	58	33	56	94	15	67	48	8	29	
32	73	95	21	64	93	89	10	46	2	54	90	72	10	10	92	3	23	10	67	93	49	35	56	98	71	74	63	20	26	51	44	50	92	39	47	46	39	7	76	
65	44	4	29	20	3	52	77	84	80	34	18	3	60	92	44	25	72	43	92	92	5	25	12	36	85	23	88	70	21	26	2	19	91	39	57	39	66	67	14	
10	75	84	43	11	26	65	5	4	34	42	5	97	37	92	1	48	7	62	47	79	21	80	2	28	9	79	69	38	100	93	89	25	75	10	58	8	34	83	16	
53	18	6	54	65	49	31	43	44	43	5	8	43	31	55	22	47	59	40	8	41	92	41	84	37	9	55	87	4	49	81	90	61	47	63	42	17	78	91	38	
53	65	90	44	80	52	43	4	70	88	35	36	28	96	40	81	93	60	60	74	61	38	12	3	56	63	6	87	56	31	6	50	39	68	56	1	63	24	82	94	
23	37	67	92	63	72	93	59	10	37	87	12	27	14	98	99	1	70	54	56	44	25	51	76	37	5	32	48	84	26	22	67	39	69	37	4	65	25	12	34	
76	40	2	7	8	93	50	19	98	94	55	97	55	51	14	78	53	55	44	65	90	47	90	63	18	73	40	76	71	67	62	13	79	24	93	16	91	66	81	37	
13	16	17	42	91	6	60	17	93	87	11	53	78	82	27	90	32	60	32	33	42	81	10	78	79	69	43	12	51	65	89	58	87	78	45	4	34	30	100	54	
70	24	81	22	69	100	84	52	88	31	65	9	19	92	8	4	71	81	32	81	17	32	45	91	64	44	38	45	88	98	90	47	96	19	67	70	33	45	21	57	
63	82	84	61	1	67	16	32	88	53	100	61	37	44	1	71	20	70	88	10	47	98	95	22	22	76	72	39	95	32	14	73	6	28	64	57	39	11	7	4	
98	4	83	70	79	24	21	1	38	99	84	59	17	91	94	2	70	26	60	91	66	21	48	36	99	78	73	82	36	72	64	25	41	11	78	78	98	98	78	83	
4	35	41	37	32	77	11	10	62	57	28	100	12	9	18	83	62	27	76	70	49	37	84	3	57	73	77	32	36	70	92	20	72	39	39	66	74	32	79	36	
91	51	31	60	83	36	100	12	85	68	64	71	22	34	5	74	26	48	98	99	51	49	25	44	67	63	83	56	12	34	44	31	21	5	85	42	16	13	15	24	
94	44	57	47	51	1	13	43	27	84	23	29	60	50	87	55	16	78	40	94	37	42	65	83	84	18	2	70	35	97	58	84	86	92	4	16	52	11	40	44	
13	86	63	85	94	99	65	17	53	53	38	19	91	86	75	44	83	36	91	16	84	12	5	90	93	76	80	73	28	83	56	47	4	50	19	11	75	57	24	26	
76	75	70	21	4	34	56	98	24	35	51	100	26	61	13	4	19	43	57	29	68	6	51	82	24	95	26	71	10	66	7	46	23	25	19	99	25	68	99	61	
81	48	79	90	10	52	45	88	100	70	100	78	48	79	21	87	32	66	76	41	90	38	34	37	68	6	65	9	90	1	41	49	67	63	34	74	9	2	77	72	
79	24	4	99	96	8	40	57	94	30	57	81	96	25	5	95	19	15	17	14	87	63	28	10	98	59	32	16	9	35	34	47	1	94	89	48	28	5	98	56	
8	12	54	100	28	54	65	12	26	68	9	36	23	18	90	57	57	40	57	36	86	78	79	5	14	59	7	1	79	23	58	47	79	28	78	88	69	25	1	13	
4	8	8	70	64	42	95	68	34	36	50	63	38	40	92	5	38	60	3	14	70	90	97	92	11	17	34	86	61	15	81	88	4	36	71	33	52	46	25	57	
19	28	14	47	11	64	62	5	25	88	16	27	78	5	38	18	15	43	24	15	94	72	50	27	51	75	20	87	60	54	10	98	73	63	13	50	10	3	55	92	
99	100	47	60	92	81	77	53	37	28	10	13	49	51	99	52	5	38	2	77	40	27	86	1	60	3	44	50	55	16	86	22	23	36	26	18	99	29	62	21	
59	81	16	66	22	17	60	53	58	64	61	67	31	1	3	8	47	72	58	9	54	4	76	48	58	63	12	19	62	74	14	46	98	73	60	44	65	73	82	12	
45	50	70	66	31	19	91	93	72	19	39	37	35	75	95	56	40	6	54	32	36	48	100	53	46	30	24	65	81	64	88	51	99	15	60	32	18	34	90	95	
41	48	64	28	13	44	90	99	5	80	2	74	62	86	65	96	91	32	15	95	32	9	14	53	61	68	27	43	25	1	14	85	31	22	40	89	90	32	85	93	
24	90	95	43	100	68	67	96	96	24	70	52	24	1	41	70	37	45	92	53	40	21	29	69	54	58	99	7	84	70	17	55	11	99	5	57	62	12	40	74	
27	1	52	31	58	40	91	82	71	1	74	4	35	97	74	82	94	35	38	60	72	95	1	31	8	60	97	11	48	11	32	48	50	21	21	48	82	97	7	5	
45	89	17	82	69	46	70	92	3	18	79	67	77	50	93	39	100	85	61	52	77	100	65	72	2	93	66	31	67	56	98	87	77	12	30	61	24	52	12	67	
36	67	41	32	49	88	34	57	71	41	56	42	90	16	77	92	58	23	33	92	3	39	26	4	20	67	12	92	62	78	8	7	86	29	69	7	86	33	71	63	
44	52	95	24	11	78	48	62	28	71	69	59	32	40	30	4	99	42	95	11	4	25	78	45	81	76	73	96	9	52	96	4	45	4	88	94	20	72	4	61	
26	21	43	8	19	63	90	63	39	48	36	2	21	68	55	11	89	73	20	48	90	18	18	19	68	66	42	92	81	62	47	36	2	47	89	31	12	85	3	57	
71	53	21	65	7	24	14	34	73	40	42	29	89	10	84	54	10	73	90	10	45	17	28	1	42	16	70	69	47	89	72	95	61	50	65	16	4	16	75	78	
43	52	64	56	18	84	54	48	75	43	27	20	85	81	40	67	2	50	6	44	79	36	50	83	79	55	77	19	46	9	39	72	37	14	5	57	76	38	4	77	
66	20	9	46	26	73	86	46	76	30	18	29	17	22	95	63	31	75	27	54	15	75	49	6	32	49	50	17	80	70	83	77	57	77	20	92	77	18	50	46	
58	27	49	13	25	54	17	37	58	43	14	17	83	25	25	10	12	74	5	26	70	24	54	88	26	38	41	78	5	79	92	43	50	1	7	62	15	13	32	47	
7	78	98	20	76	11	4	39	25	97	76	66	38	53	90	14	86	86	79	41	25	33	53	45	50	74	61	66	23	86	70	59	60	93	100	24	68	62	61	84	
58	13	30	28	60	45	78	91	89	30	2	63	8	92	48	92	99	84	42	24	37	34	73	43	35	92	71	3	93	10	88	3	68	47	28	87	35	67	78	20	
19	33	7	81	11	43	42	57	4	35	6	87	64	24	92	2	53	34	87	83	97	98	18	15	15	74	25	5	48	92	34	67	68	20	21	44	78	14	37	42	
On machine	10
11	16	74	53	65	69	60	100	74	3	89	38	85	7	30	76	63	31	37	85	35	63	99	1	95	34	96	83	5	10	23	84	2	75	61	5	88	17	48	37	
58	9	76	58	80	93	16	6	44	45	45	19	20	69	36	19	29	48	81	45	8	71	28	56	26	51	43	7	33	91	80	45	69	81	12	14	60	19	76	21	
94	1	20	43	15	37	21	51	2	54	51	60	22	48	26	56	71	40	88	3	20	24	52	88	74	78	86	25	51	21	59	41	52	70	98	45	48	36	43	95	
18	71	10	7	72	98	3	18	29	28	33	89	88	51	41	26	46	78	17	65	38	80	56	14	59	21	75	29	70	42	33	13	49	7	59	45	98	21	91	9	
92	24	1	9	98	89	2	23	89	85	17	17	89	12	72	24	63	10	76	11	82	2	67	99	2	28	57	20	32	88	96	60	91	99	49	23	30	21	100	39	
15	28	63	49	60	8	17	83	76	12	52	27	44	40	34	12	22	91	28	23	86	43	8	1	59	43	27	7	16	76	13	66	4	90	21	77	91	5	21	7	
86	36	20	61	28	53	100	12	93	43	52	94	95	75	58	63	100	4	46	50	8	54	64	65	71	85	25	33	45	7	88	41	12	5	18	10	65	49	12	91	
31	22	78	25	48	44	55	6	86	23	11	26	45	62	86	90	38	74	35	33	3	29	33	95	79	8	52	20	37	36	23	36	24	88	9	21	22	17	22	26	
61	96	24	56	21	84	57	99	91	84	34	73	33	91	16	47	15	84	54	24	78	100	3	41	63	62	50	36	74	3	91	15	68	78	48	81	46	9	32	46	
91	60	74	65	55	58	9	39	84	2	50	67	45	4	95	90	42	88	59	7	87	85	6	97	92	14	7	83	17	33	83	21	33	77	63	38	45	30	29	13	
86	50	94	75	46	78	92	73	59	29	98	86	96	20	56	32	17	71	18	36	21	95	18	42	51	61	74	2	62	86	70	75	92	43	70	26	40	98	60	39	
79	13	51	10	52	4	76	76	99	78	96	87	96	72	66	95	43	100	6	50	87	75	7	99	76	85	88	47	77	14	81	76	73	54	96	61	64	8	11	17	
30	82	49	71	64	16	95	31	18	3	19	23	52	56	89	24	80	5	86	9	91	11	79	68	15	22	11	73	24	8	83	44	37	24	45	38	6	86	15	2	
48	38	6	79	13	94	46	18	17	23	99	6	35	56	57	64	79	49	100	92	80	61	30	43	86	72	85	19	82	82	56	20	45	64	14	24	74	28	53	21	
2	15	24	77	85	50	63	78	15	88	57	52	64	23	96	68	43	77	92	94	12	45	53	69	57	62	23	45	62	71	95	97	25	47	48	74	65	72	89	92	
68	14	12	32	95	29	39	33	13	87	23	59	32	91	87	29	35	71	6	81	91	11	35	18	4	46	23	37	90	72	40	52	93	32	53	23	46	20	29	60	
36	40	57	94	65	71	84	44	32	56	66	86	91	75	81	48	68	26	29	18	94	42	31	4	45	98	26	75	77	44	14	27	23	25	74	23	21	18	51	62	
4	68	99	27	15	64	53	19	9	59	75	85	95	83	54	59	15	63	77	79	32	88	84	20	88	65	10	26	30	31	69	91	15	88	29	88	2	89	84	63	
95	43	96	22	66	35	81	92	33	32	77	75	43	48	45	18	13	98	66	59	72	59	64	75	25	16	77	37	10	31	81	77	26	95	89	98	35	77	65	81	
29	36	95	91	29	29	12	65	19	92	37	31	53	82	43	23	33	79	90	22	85	81	100	55	73	61	12	91	77	98	97	65	72	96	90	31	28	43	78	9	
62	68	80	64	28	59	90	73	13	26	77	75	25	4	6	26	45	77	88	66	62	25	18	20	97	92	54	19	98	37	46	26	1	74	9	63	4	90	34	35	
99	96	41	76	80	3	10	19	86	3	30	40	72	63	79	50	82	23	3	59	16	72	68	60	66	81	74	85	10	81	46	11	3	90	14	53	86	60	100	56	
76	18	80	3	80	20	40	27	69	85	50	4	45	47	36	51	55	50	15	96	62	77	78	75	3	59	56	87	5	24	77	31	67	30	45	37	78	47	45	87	
39	28	38	24	7	35	91	75	37	100	30	86	60	1	95	61	50	52	24	68	11	25	84	67	10	72	89	68	9	68	43	2	76	57	99	4	100	84	84	72	
84	8	21	54	59	46	68	39	59	4	65	74	2	27	45	20	31	64	8	70	7	16	65	5	32	7	66	45	85	13	8	14	4	5	43	83	69	83	85	44	
19	9	91	63	28	41	29	45	56	17	23	70	86	95	88	62	98	31	98	61	38	50	6	38	8	16	17	39	48	18	42	8	90	84	43	9	58	48	79	96	
46	68	54	40	19	84	94	42	100	44	79	86	87	32	94	82	45	25	90	5	77	3	16	31	100	35	52	34	15	36	55	60	36	44	75	36	30	40	49	10	
100	80	26	67	84	3	68	47	100	99	38	77	56	95	27	77	77	98	82	12	45	36	25	89	28	94	28	97	95	87	65	28	99	67	82	31	96	10	5	70	
59	71	34	35	40	58	37	10	24	60	58	62	6	84	2	99	28	93	16	77	9	27	92	94	65	58	83	60	80	14	56	50	78	60	40	7	35	31	92	26	
78	2	95	87	51	93	45	74	45	42	68	12	25	71	64	2	1	29	62	81	12	43	53	86	55	75	19	69	67	59	11	53	79	60	9	73	80	47	91	30	
23	93	6	20	80	65	25	82	21	75	13	2	20	72	36	76	16	51	92	49	17	30	94	19	71	29	72	87	49	5	87	16	78	29	53	34	60	70	29	93	
99	57	27	83	88	77	94	19	30	81	41	55	49	34	54	48	66	61	57	81	66	100	93	42	62	51	86	6	9	45	42	27	84	86	17	32	47	15	59	42	
33	12	13	11	82	42	10	69	15	33	91	51	26	40	45	21	62	54	83	100	57	31	43	8	96	35	97	5	23	78	73	75	97	53	12	90	58	28	31	68	
3	9	71	13	78	3	28	34	3	91	79	65	50	39	89	60	87	64	6	74	86	33	58	45	66	32	75	82	99	41	27	39	54	48	80	31	22	80	1	55	
13	69	74	95	93	90	79	39	48	60	13	95	1	57	13	80	51	36	29	57	18	36	56	100	28	31	34	18	46	65	36	94	56	21	61	4	75	7	25	65	
8	99	12	4	47	97	51	36	70	46	30	1	15	46	53	9	17	61	45	32	58	95	50	25	32	7	27	86	1	59	51	62	63	14	29	22	58	46	58	6	
73	61	67	84	38	70	63	16	57	35	50	86	17	45	70	58	44	70	56	19	34	54	94	46	13	97	16	15	88	32	4	12	49	42	51	24	94	25	77	75	
47	41	16	41	4	68	4	96	34	50	57	94	88	7	33	69	30	95	19	100	10	58	33	11	89	72	90	87	41	58	99	37	92	86	35	35	87	87	36	79	
76	9	5	18	33	7	92	84	18	81	80	78	52	4	36	55	23	92	89	24	89	66	74	86	36	38	100	62	86	35	27	10	19	32	64	17	19	49	8	5	
20	51	71	64	94	23	13	1	81	34	43	31	35	13	29	2	87	91	26	24	5	51	20	59	11	66	30	30	55	38	96	81	85	92	54	53	68	75	12	31	
