Factories	2
Families	20
Machines	20
SetupType	2

Number of Jobs in each Family
4	4	10	2	8	4	6	2	6	1	9	2	6	2	1	1	2	3	7	6	

Jobs in each Family
0	1	2	3	
4	5	6	7	
8	9	10	11	12	13	14	15	16	17	
18	19	
20	21	22	23	24	25	26	27	
28	29	30	31	
32	33	34	35	36	37	
38	39	
40	41	42	43	44	45	
46	
47	48	49	50	51	52	53	54	55	
56	57	
58	59	60	61	62	63	
64	65	
66	
67	
68	69	
70	71	72	
73	74	75	76	77	78	79	
80	81	82	83	84	85	

Total number of jobs
86

Processing times of jobs
4	6	6	9	8	2	1	10	9	9	8	5	8	8	6	1	10	2	6	1	
2	2	6	9	8	8	10	7	8	9	6	1	2	2	3	1	4	3	8	1	
4	2	5	3	8	9	10	5	5	1	7	1	10	3	4	4	8	10	1	8	
10	2	9	10	2	9	10	3	10	6	10	3	5	7	2	7	5	1	4	6	
8	7	4	7	8	4	8	6	5	9	5	4	2	4	6	4	7	9	3	7	
3	7	6	7	1	10	5	2	7	8	6	7	5	1	3	9	8	6	2	7	
2	3	2	1	10	9	9	3	10	9	10	5	4	4	2	8	5	8	2	1	
9	6	8	6	6	3	2	2	1	7	2	6	1	8	3	2	6	2	10	10	
10	9	1	7	6	6	2	4	2	10	2	4	8	3	9	7	8	7	6	10	
8	6	10	10	10	8	2	2	6	8	6	9	2	5	4	6	1	7	3	2	
4	5	5	10	2	9	2	6	2	7	1	9	4	3	3	8	2	9	7	10	
2	5	10	5	4	5	10	2	9	1	6	6	9	6	8	2	2	9	9	1	
10	1	2	4	3	8	6	5	6	7	1	1	5	4	6	2	6	4	5	3	
1	10	2	7	6	7	5	5	6	9	10	9	4	2	1	4	7	7	5	6	
5	6	8	5	2	5	4	5	1	6	3	7	10	1	1	7	10	1	2	2	
1	7	9	6	7	4	2	5	7	3	4	6	1	1	9	10	2	8	5	3	
6	3	10	1	5	4	5	3	2	7	10	4	4	7	7	9	7	4	4	3	
2	2	3	1	8	8	6	8	3	3	5	7	8	4	1	2	10	5	6	2	
4	1	1	10	3	1	8	10	4	6	5	1	6	1	3	2	4	8	5	2	
1	10	4	4	9	5	3	3	3	9	2	5	5	4	5	3	5	1	4	2	
10	5	2	5	4	1	8	7	9	2	9	4	3	9	7	6	3	10	10	9	
6	4	10	5	7	8	1	8	10	3	10	9	2	3	7	10	7	2	10	3	
1	10	10	8	8	8	8	2	10	3	10	4	7	10	10	7	1	3	4	9	
1	8	7	1	7	10	6	1	3	8	8	8	8	6	2	10	7	10	8	6	
4	2	9	10	6	9	6	8	4	7	3	9	7	8	1	9	7	6	10	3	
9	9	9	7	8	7	2	1	8	1	5	8	3	1	4	10	9	9	8	10	
6	5	4	5	5	8	6	1	6	6	9	1	2	7	3	3	7	8	2	7	
7	2	9	3	10	4	3	10	8	9	3	6	6	1	5	10	7	7	7	8	
4	6	1	6	2	3	8	2	1	9	10	7	6	2	9	6	4	10	4	5	
5	8	3	7	10	8	2	3	7	1	8	8	6	7	9	9	2	10	3	7	
10	7	7	7	7	9	9	7	6	7	2	8	3	10	10	4	7	5	5	1	
5	4	7	4	6	4	10	10	7	4	4	6	2	6	4	4	8	5	3	6	
2	7	8	2	3	10	3	6	4	6	9	3	9	10	6	4	10	5	9	2	
5	2	5	2	6	8	3	1	7	5	8	8	5	10	2	10	6	8	1	2	
3	2	8	7	3	1	2	2	7	6	5	10	1	4	4	1	9	7	2	1	
8	2	9	7	7	10	10	9	8	6	4	9	7	10	8	4	4	6	2	4	
8	7	1	3	5	6	10	10	1	9	9	7	3	10	4	4	10	5	1	2	
8	10	4	7	5	7	9	3	9	1	2	10	5	10	6	8	5	4	5	6	
3	4	8	10	3	10	7	5	10	7	9	9	6	10	6	9	3	10	8	3	
1	6	10	3	5	6	5	2	3	8	9	6	6	8	7	1	7	2	10	2	
4	10	8	5	4	4	10	1	10	1	10	3	2	1	2	4	8	10	9	8	
10	5	2	1	4	6	6	2	8	2	5	10	2	1	4	7	2	2	8	9	
3	1	2	8	3	2	5	3	7	8	4	1	10	9	6	9	4	6	2	6	
10	10	3	4	8	10	10	2	7	5	8	10	6	2	3	3	10	7	9	1	
7	7	8	4	3	9	2	7	2	5	2	8	7	4	9	2	1	2	5	5	
3	7	5	3	7	2	6	5	9	6	8	2	4	7	9	1	10	4	3	3	
7	6	3	9	6	10	5	8	10	2	3	1	10	8	10	6	3	3	4	7	
6	7	5	8	1	6	6	9	6	4	2	3	8	7	7	10	4	9	7	3	
3	6	2	1	3	6	7	9	5	3	4	5	6	6	5	3	1	8	9	3	
5	3	9	10	5	8	2	2	9	7	5	1	9	10	8	3	7	3	6	3	
10	6	3	4	3	4	10	3	8	5	8	8	8	5	10	9	1	8	9	2	
10	9	6	7	3	7	6	10	8	1	3	6	5	8	7	3	9	5	8	1	
5	3	8	7	6	6	6	3	5	8	3	9	8	10	1	6	7	2	8	8	
2	4	7	5	6	5	6	7	5	8	8	3	9	9	6	3	7	3	1	5	
7	4	1	2	4	2	1	9	6	3	8	7	8	9	7	7	7	8	5	7	
6	2	2	8	10	1	6	5	6	1	7	5	7	7	7	5	10	3	5	9	
2	3	5	2	6	7	2	7	7	5	4	2	6	3	8	1	3	6	4	7	
4	4	1	3	4	7	5	3	4	1	4	10	8	6	7	2	4	2	1	10	
3	4	9	9	2	7	10	2	8	1	5	6	7	5	7	9	3	10	5	5	
5	6	7	9	3	8	3	5	6	3	3	9	5	1	1	2	1	5	3	9	
10	4	7	5	9	4	8	10	5	6	9	8	4	9	7	4	3	1	10	5	
5	4	9	9	6	8	10	2	3	1	4	4	2	3	6	5	9	9	2	4	
7	5	9	9	8	1	5	6	5	3	3	7	2	3	8	9	7	5	9	5	
4	2	1	1	6	3	9	9	10	4	9	9	3	1	7	8	1	2	1	3	
9	6	4	7	5	8	3	3	4	8	6	5	7	6	8	9	1	7	2	8	
7	9	10	7	1	10	3	6	8	1	1	10	8	5	7	6	1	6	2	8	
10	2	5	7	7	2	5	5	3	1	3	1	8	3	1	6	8	5	3	1	
10	2	2	2	9	2	2	6	1	5	7	4	2	10	1	6	1	10	7	3	
9	2	1	9	1	6	3	9	7	2	7	6	3	9	2	6	1	8	1	9	
1	10	9	1	8	4	10	2	8	2	6	6	10	4	4	9	4	3	8	6	
10	4	1	3	5	6	9	3	4	6	10	3	8	10	2	5	6	3	5	5	
2	6	4	10	8	9	7	9	8	7	10	2	6	10	5	5	1	4	10	7	
2	8	5	10	10	9	6	2	3	7	6	2	5	3	4	5	6	5	4	2	
5	4	8	4	6	10	6	5	2	7	7	1	3	6	4	7	2	8	4	7	
4	10	7	7	2	3	1	3	9	6	1	9	3	2	10	7	2	10	7	8	
6	8	1	3	5	2	1	1	9	10	10	4	8	6	7	9	10	1	9	4	
2	2	7	7	1	1	10	6	1	5	2	7	6	7	4	5	4	10	7	9	
9	2	3	7	9	2	10	1	3	2	2	9	3	3	4	7	3	9	9	10	
10	2	5	8	3	3	2	4	4	7	3	7	3	3	1	2	2	2	8	2	
8	2	8	4	6	10	10	4	2	10	7	4	1	7	5	10	2	4	6	3	
3	9	4	6	6	5	4	4	2	9	5	3	8	1	4	10	2	7	6	7	
9	6	10	9	9	1	2	7	3	2	6	2	3	5	4	5	4	7	9	8	
1	2	10	1	1	7	3	10	4	9	4	10	10	6	9	7	9	8	6	9	
6	1	2	3	7	5	3	1	7	7	8	1	4	3	10	5	6	4	8	10	
8	3	2	8	2	2	2	3	1	6	1	5	8	3	7	9	2	4	6	1	
6	5	7	6	5	6	7	9	8	2	2	8	3	5	3	6	10	8	10	7	

Stepup times between Families, where [f][f] represents initial setup time
On machine	1
39	5	14	22	24	41	8	44	38	34	27	41	20	21	29	7	25	47	47	10	
49	9	6	46	6	45	49	25	35	28	33	7	20	7	10	19	43	25	44	11	
8	31	10	6	34	33	44	20	23	32	42	42	24	10	13	24	43	25	21	48	
25	8	29	10	29	50	49	13	49	48	26	2	25	40	50	38	49	31	10	46	
37	49	47	30	50	9	22	29	13	7	10	12	20	18	21	19	49	26	25	48	
19	12	13	43	39	21	12	32	49	15	30	45	23	10	7	16	15	30	20	40	
3	36	13	24	5	34	9	24	22	14	18	40	37	18	26	49	41	41	50	10	
50	19	16	44	32	24	20	30	21	13	41	47	45	26	18	18	9	13	27	29	
38	36	25	35	20	30	28	31	3	27	50	31	43	26	45	34	26	47	38	24	
13	18	39	7	33	5	29	15	37	43	32	7	15	17	36	30	25	47	50	31	
24	7	38	48	31	46	35	40	41	3	49	29	30	31	38	22	38	33	24	47	
5	31	17	42	13	32	5	33	6	49	10	41	31	8	22	37	14	30	20	1	
47	16	8	45	41	8	35	18	9	38	50	17	11	32	9	21	40	17	7	10	
46	13	14	4	46	7	35	28	35	5	3	9	23	6	13	35	23	4	23	11	
41	26	36	5	29	14	5	27	14	44	5	47	3	3	34	42	36	29	26	30	
31	15	46	31	7	11	8	12	18	1	8	23	39	25	3	28	41	15	10	27	
13	18	33	25	18	46	15	30	28	45	1	7	50	38	40	25	4	33	12	36	
46	4	40	35	21	5	39	29	15	36	9	20	13	4	39	10	40	50	2	3	
12	15	48	14	41	33	35	22	43	24	42	7	20	30	29	35	49	40	35	42	
40	8	11	21	50	6	32	33	11	6	32	34	41	24	12	46	21	40	15	28	
On machine	2
49	19	8	8	47	27	14	18	12	19	21	24	21	17	43	41	34	39	34	26	
6	7	4	24	10	44	37	38	26	50	33	6	6	14	34	42	49	27	28	17	
13	42	9	39	3	8	19	48	45	5	7	30	8	42	29	26	41	11	25	33	
3	37	15	11	14	13	2	41	41	10	20	28	32	30	18	26	14	47	5	13	
18	48	49	12	47	30	30	39	4	11	9	50	38	38	3	50	15	8	8	17	
13	8	9	17	26	36	20	15	7	12	41	35	34	2	43	43	46	45	36	33	
14	12	15	30	4	39	26	12	29	49	22	21	6	48	18	8	30	25	37	41	
14	15	46	19	19	43	28	38	22	6	48	17	10	28	15	36	10	28	35	3	
6	46	2	13	1	24	40	31	10	12	31	15	32	34	33	44	29	1	42	16	
7	31	50	46	49	27	6	44	48	23	1	40	6	45	2	8	26	46	34	43	
41	15	13	6	12	45	48	13	30	20	31	22	8	22	32	27	25	5	38	31	
39	8	12	14	17	39	38	29	34	8	3	39	26	13	36	37	6	22	21	21	
49	27	23	10	11	11	17	9	16	26	42	50	11	16	10	4	21	4	22	7	
30	48	11	25	31	18	2	26	41	42	42	33	40	28	35	3	31	14	37	33	
28	37	10	48	25	29	9	31	13	11	41	45	37	24	50	24	16	41	17	10	
23	9	12	10	5	15	5	18	9	13	36	32	24	46	30	8	50	44	39	8	
2	6	30	41	15	42	42	40	18	46	23	37	5	28	27	16	5	44	35	12	
1	38	17	24	30	1	15	39	35	42	21	4	35	24	49	12	12	24	50	47	
38	8	33	12	48	6	13	40	47	21	38	50	20	17	2	24	38	24	45	8	
22	35	10	12	26	37	40	50	45	22	19	13	19	35	30	45	42	9	19	13	
On machine	3
15	16	7	37	44	12	46	16	12	9	3	5	17	33	27	49	15	18	34	41	
35	41	35	40	18	36	1	23	6	45	30	22	24	17	42	18	44	34	45	44	
33	29	11	43	19	48	5	39	37	33	33	40	18	45	18	47	19	49	29	5	
21	27	50	28	45	40	11	14	3	25	11	9	39	21	9	28	39	4	6	49	
23	1	39	32	9	39	8	34	32	47	11	23	29	6	21	35	16	5	3	50	
33	11	29	4	14	11	22	37	50	10	48	48	14	40	7	2	31	4	14	47	
48	34	40	36	15	34	37	50	33	47	24	10	7	48	35	7	4	50	46	42	
50	6	1	1	46	1	17	33	40	20	35	24	4	33	31	24	44	40	43	7	
23	12	38	37	6	26	35	10	50	26	17	35	20	48	22	29	49	14	45	9	
49	37	18	38	10	42	33	10	24	38	42	13	37	32	9	14	12	15	4	42	
39	23	34	48	49	8	22	23	3	27	42	8	1	18	34	8	43	17	2	22	
27	8	21	50	26	21	18	10	14	23	7	6	32	43	39	42	5	6	49	38	
22	2	26	15	18	39	22	23	22	38	30	15	4	28	1	21	15	25	38	24	
31	35	43	16	21	34	38	29	34	10	35	14	44	19	36	6	15	45	41	50	
43	39	40	30	28	42	12	25	24	40	27	28	25	17	45	21	28	30	12	33	
11	8	31	34	26	23	32	30	37	32	2	9	15	19	16	38	24	42	46	45	
3	41	43	13	23	41	4	48	16	11	9	36	23	50	47	22	25	5	24	26	
36	5	38	12	11	23	6	28	6	22	21	10	47	22	34	49	23	19	45	12	
44	8	12	3	33	34	23	8	22	9	11	41	50	8	33	16	9	17	15	34	
39	39	23	20	11	8	15	13	46	37	45	38	34	49	29	1	47	10	5	47	
On machine	4
47	44	27	30	38	47	27	45	21	10	47	45	42	31	41	18	45	24	39	37	
45	7	3	22	3	12	14	43	7	27	8	18	21	48	28	39	7	26	44	34	
36	48	45	39	17	37	16	34	12	24	30	12	28	11	19	20	24	25	14	8	
9	11	19	21	47	27	1	19	26	2	27	42	3	23	23	42	45	48	11	25	
17	48	30	19	42	11	49	11	23	12	25	26	11	12	8	2	1	37	11	14	
21	27	23	2	49	27	45	27	14	46	8	23	28	50	35	29	45	36	33	31	
31	33	33	7	3	20	1	44	25	48	5	39	4	4	2	3	29	2	14	33	
45	5	41	14	26	2	27	21	46	10	30	23	11	44	5	46	19	17	26	37	
38	12	12	22	41	2	50	9	29	37	36	17	49	21	13	40	2	19	5	15	
26	44	7	4	35	2	50	33	33	8	30	14	19	32	7	24	47	3	41	23	
25	4	17	48	2	32	18	24	6	38	10	4	45	15	29	15	38	28	44	27	
37	18	14	13	42	40	11	36	30	41	32	25	10	42	20	32	8	17	48	24	
37	9	50	38	10	27	13	7	33	10	49	17	30	5	17	14	30	3	17	36	
26	48	24	1	1	4	11	15	14	44	50	4	36	29	37	29	22	22	20	15	
42	33	17	28	9	26	26	5	12	38	38	29	17	4	30	8	10	8	38	22	
29	25	44	41	25	32	32	4	43	37	9	6	35	33	50	29	11	1	22	44	
12	23	40	41	46	5	37	49	30	40	6	15	42	38	29	15	16	48	39	6	
14	43	23	50	9	28	17	25	6	34	16	34	21	40	25	41	19	49	18	11	
46	50	40	47	18	31	17	31	38	21	26	47	2	44	13	6	39	18	47	33	
6	45	25	34	18	49	49	21	32	43	16	31	6	20	18	43	15	46	46	18	
On machine	5
44	13	36	29	3	7	31	11	46	18	18	25	38	2	2	27	31	46	3	46	
13	33	8	9	3	1	50	40	23	27	31	29	19	37	11	33	27	2	31	40	
11	8	12	14	1	39	19	3	33	42	16	39	19	9	43	27	22	18	40	29	
11	48	6	41	3	49	15	27	9	43	40	42	24	35	28	21	46	7	4	41	
21	27	20	49	1	31	40	4	29	7	38	42	20	17	38	6	20	26	29	34	
46	32	4	8	41	13	8	39	28	20	50	48	41	8	15	11	50	3	20	2	
35	25	18	2	25	9	17	47	40	27	8	24	33	47	17	3	13	35	40	37	
3	25	41	1	34	45	23	40	26	17	8	4	42	2	24	21	8	26	35	47	
3	4	24	35	5	4	50	13	15	13	19	24	19	21	45	19	14	9	19	19	
45	9	48	3	37	14	32	41	1	26	21	13	19	49	3	32	44	13	7	35	
35	37	43	49	35	2	17	46	29	5	45	26	20	18	4	30	45	1	12	1	
44	25	5	7	22	32	25	6	10	5	11	21	42	2	46	38	40	28	17	15	
37	3	33	44	26	10	27	44	22	7	12	42	21	45	41	1	6	23	20	31	
42	6	40	33	29	27	15	50	48	11	2	18	39	22	50	14	31	38	4	39	
1	36	23	1	30	20	30	39	49	7	39	29	5	7	24	36	2	6	21	27	
5	43	42	2	13	48	48	17	50	21	10	20	46	47	2	17	45	50	50	39	
34	19	7	11	29	1	12	23	47	8	29	47	18	15	33	7	35	31	50	42	
24	23	19	33	30	6	45	44	2	34	9	46	44	25	12	11	1	12	26	39	
9	21	46	11	3	17	16	12	26	22	35	36	5	10	45	48	4	4	16	30	
1	38	38	8	18	42	18	36	24	30	22	29	29	14	43	32	2	22	29	20	
On machine	6
49	33	14	18	28	10	6	20	14	10	32	49	49	40	23	48	44	34	20	1	
8	26	25	19	26	41	37	42	43	18	34	45	30	16	35	16	32	7	18	22	
19	22	31	44	1	38	15	48	5	47	6	47	10	19	14	45	47	36	49	13	
25	10	26	18	40	29	2	49	7	12	25	39	38	28	5	37	24	10	6	14	
7	13	42	19	17	33	24	39	16	45	24	32	13	16	23	15	28	38	3	40	
18	49	15	6	35	41	46	4	42	32	36	41	8	24	37	38	41	33	38	50	
19	21	6	1	11	39	27	3	20	2	31	6	41	16	2	11	19	42	17	31	
11	32	22	16	8	9	3	33	40	23	29	37	41	26	11	17	10	45	45	24	
5	48	47	4	35	1	18	48	27	15	19	40	34	18	10	15	14	8	33	6	
33	1	22	33	37	8	23	34	19	19	3	37	50	2	32	13	13	30	48	24	
41	37	6	50	18	46	38	6	18	50	13	32	19	49	12	13	48	30	47	32	
16	7	28	1	31	23	38	6	39	45	29	13	20	4	32	49	39	43	9	48	
34	24	11	26	23	15	30	23	20	34	22	25	4	26	38	9	4	49	2	10	
2	32	2	18	36	26	9	16	30	27	34	21	11	2	16	47	32	13	44	1	
15	16	30	7	15	38	17	32	6	4	50	28	21	47	31	30	24	13	48	24	
36	22	8	34	18	24	6	26	44	24	42	44	23	50	31	29	42	39	4	43	
48	8	40	4	40	26	28	32	7	25	48	17	49	28	28	48	9	26	41	16	
3	6	14	38	8	46	29	28	40	5	39	47	37	49	5	19	17	8	42	13	
29	50	11	47	22	1	13	2	47	30	20	32	14	4	5	8	50	10	23	21	
25	32	35	48	40	47	27	34	40	41	30	37	3	48	43	40	48	23	2	23	
On machine	7
23	37	13	25	26	29	10	39	38	48	9	30	24	10	24	29	23	37	10	10	
19	10	15	25	27	39	18	30	39	46	50	30	37	48	40	23	35	37	16	22	
7	17	25	46	26	49	4	47	24	1	44	6	14	16	23	39	8	12	32	40	
46	35	20	16	37	13	10	9	30	36	22	40	2	35	20	26	31	22	14	11	
34	6	4	49	47	37	48	15	13	3	48	2	18	4	8	31	34	15	17	41	
26	32	21	14	31	6	9	27	35	19	12	30	46	19	21	10	30	7	28	10	
22	48	17	21	47	1	16	32	13	2	8	3	21	15	4	25	47	48	46	36	
45	10	40	43	38	36	43	1	7	23	45	27	28	15	29	41	3	22	12	32	
23	4	19	16	38	38	18	11	26	29	35	41	30	49	45	21	15	21	40	21	
34	27	41	21	30	22	38	35	3	29	37	22	23	1	18	27	12	20	10	13	
32	17	37	25	17	24	28	6	42	34	17	13	39	30	38	43	12	15	23	13	
40	32	18	45	17	19	48	6	39	13	36	36	49	8	12	10	49	35	42	47	
43	21	50	10	4	12	34	47	49	48	48	9	37	25	33	22	21	39	1	50	
11	4	14	5	8	2	42	43	12	16	7	17	27	25	33	34	32	30	45	11	
44	46	45	30	25	14	16	48	32	49	22	23	13	7	39	19	3	28	13	12	
34	35	19	13	40	22	31	1	24	40	22	40	45	25	35	8	50	43	3	38	
35	44	49	22	28	38	21	1	36	48	46	10	44	23	38	6	31	20	12	29	
6	18	36	28	13	47	6	18	18	33	49	3	14	15	30	45	47	11	40	16	
8	41	14	38	43	28	48	9	19	9	48	16	23	2	44	8	19	20	35	40	
46	40	46	7	34	50	6	31	41	42	17	4	12	50	29	6	15	45	17	9	
On machine	8
22	43	28	13	20	47	8	23	29	6	2	27	49	35	6	39	48	5	21	13	
24	42	38	40	4	1	7	46	1	39	15	45	21	30	48	30	15	39	10	4	
21	31	37	8	13	23	10	30	26	50	1	46	24	21	26	12	17	2	46	15	
40	35	2	38	39	20	4	50	29	47	15	10	50	49	27	34	11	5	43	49	
15	23	47	7	12	40	27	31	12	44	33	11	14	28	24	12	26	3	13	14	
48	42	28	3	35	4	12	32	38	30	45	43	36	9	27	18	39	44	35	47	
45	14	26	23	2	10	25	30	30	11	44	21	19	4	24	38	36	50	14	19	
36	2	4	47	27	25	45	38	31	5	21	18	3	38	1	44	9	40	9	15	
27	12	23	10	19	19	27	7	12	24	12	2	7	34	50	2	3	23	26	33	
11	33	35	40	28	17	37	11	1	39	46	14	18	25	8	42	32	49	1	34	
46	14	37	29	50	10	11	10	21	34	47	31	14	14	1	40	47	21	33	33	
41	33	25	30	35	44	10	22	25	44	46	42	3	39	10	21	41	7	5	26	
33	22	42	11	18	40	12	30	11	2	45	13	17	7	25	40	4	3	15	28	
23	16	32	32	21	50	31	24	50	25	36	33	39	19	9	14	30	30	47	10	
34	44	25	40	36	35	8	13	46	46	41	25	48	43	31	43	40	14	24	10	
43	23	10	2	34	35	4	36	19	38	23	30	7	31	50	29	37	17	24	7	
24	21	42	7	47	38	35	10	37	30	19	20	29	14	39	28	19	2	33	31	
47	47	5	21	34	11	32	22	50	23	28	23	50	5	43	26	32	41	22	35	
25	14	28	7	32	38	33	48	45	45	5	28	22	27	20	27	46	1	37	12	
8	4	40	31	30	39	8	49	44	30	10	48	37	29	34	29	1	4	43	23	
On machine	9
4	22	17	11	49	29	7	30	2	43	49	4	9	24	4	33	29	35	33	45	
46	45	48	20	23	20	41	16	47	22	20	21	22	44	37	23	41	49	29	6	
7	36	5	25	30	16	16	12	8	16	20	16	2	10	41	29	28	35	21	27	
11	47	38	31	31	18	33	46	23	3	31	16	43	7	31	28	38	46	23	1	
42	6	41	8	1	29	48	24	39	33	18	26	9	33	37	37	23	48	12	38	
50	6	35	34	4	16	3	20	2	43	44	49	12	11	37	6	43	26	47	14	
20	42	43	14	3	35	48	28	42	10	48	30	2	50	43	3	12	23	3	2	
44	35	3	1	16	19	49	4	43	20	18	50	1	18	46	40	3	10	17	18	
6	4	23	11	41	32	45	45	49	34	15	30	22	34	40	41	10	32	28	1	
42	47	28	3	21	4	45	35	23	39	14	10	25	2	32	25	4	47	4	3	
45	27	42	19	1	1	1	42	13	38	38	21	7	40	30	37	29	22	29	28	
31	41	42	17	25	41	12	42	26	35	48	26	40	37	41	23	26	41	47	19	
4	40	1	32	34	20	19	41	24	29	21	2	35	18	27	23	41	18	4	39	
49	23	11	5	48	22	21	3	18	18	15	28	26	2	6	4	19	49	49	41	
24	27	37	30	1	35	29	5	22	37	28	2	30	18	13	9	3	17	30	47	
27	1	26	17	31	41	13	47	12	45	18	41	3	23	21	12	13	37	27	27	
41	13	46	36	20	9	46	23	26	28	34	49	50	48	35	37	33	42	50	36	
29	20	46	16	37	17	24	17	30	10	41	16	2	8	26	8	13	33	33	28	
38	4	16	39	10	47	5	17	10	47	2	28	28	6	47	19	34	45	36	25	
23	13	38	2	4	6	14	7	36	46	21	30	33	13	19	44	41	2	15	25	
On machine	10
46	24	3	11	50	30	49	37	32	39	47	42	7	26	44	22	23	33	18	30	
20	35	25	38	40	24	50	46	23	15	46	35	9	34	8	24	8	4	6	3	
29	49	33	7	8	9	33	41	47	37	10	14	15	18	15	21	8	17	21	49	
47	4	37	48	9	2	11	17	13	2	48	7	29	8	41	43	16	21	20	44	
42	27	14	4	9	29	31	4	21	39	46	37	16	39	10	36	16	24	38	48	
37	36	27	9	24	45	20	38	14	38	21	8	35	27	32	36	41	18	28	4	
4	4	13	41	45	34	7	32	30	25	22	13	49	44	8	14	11	24	26	24	
29	1	3	17	48	32	27	33	40	33	20	44	27	9	24	26	6	38	7	21	
14	13	13	16	7	2	30	16	33	38	47	26	35	48	24	30	47	15	2	30	
1	24	5	39	9	30	21	25	21	49	44	16	41	28	1	36	37	48	50	16	
29	17	25	24	17	38	8	11	47	14	48	34	40	3	50	11	7	46	32	33	
24	48	18	4	26	42	25	25	41	36	30	39	47	37	23	21	36	21	34	2	
19	21	5	42	28	16	9	3	45	32	20	46	21	46	2	11	33	27	12	43	
12	4	2	34	15	38	24	46	32	21	50	30	47	38	21	9	36	25	23	3	
6	29	18	40	36	3	20	20	34	19	28	8	8	21	31	24	6	46	46	18	
10	20	42	18	46	35	43	16	40	23	38	22	1	10	34	44	19	31	34	37	
50	40	21	7	15	5	22	39	3	2	11	46	47	6	12	10	23	47	6	13	
37	20	48	42	36	33	36	14	10	23	39	31	26	22	47	11	16	39	50	34	
21	8	27	29	35	44	3	24	12	28	17	45	39	24	20	38	30	35	21	11	
3	34	24	38	38	2	26	19	16	8	39	37	12	5	5	42	45	34	8	5	
On machine	11
27	23	47	46	19	41	26	9	44	22	17	22	27	24	39	5	21	42	35	50	
3	24	35	18	16	12	13	1	42	23	25	32	13	2	45	7	44	47	22	29	
20	10	24	6	49	30	44	3	24	11	39	20	8	37	24	18	43	31	47	9	
16	9	22	17	21	46	24	10	42	44	15	25	26	5	27	30	22	42	47	42	
6	38	2	39	42	10	8	6	17	32	32	13	39	21	50	21	16	33	15	46	
6	4	20	1	43	5	50	37	32	30	29	7	3	3	10	28	41	37	41	3	
42	13	6	32	12	37	1	50	9	45	9	10	50	30	4	38	12	44	17	6	
25	30	8	6	31	36	35	45	37	27	1	26	50	8	46	11	26	19	1	34	
2	25	28	6	25	42	15	2	20	20	9	29	26	44	18	6	33	14	2	21	
27	44	30	31	47	47	18	49	20	10	13	43	13	17	48	29	36	22	27	34	
31	49	38	35	36	22	16	31	16	47	6	31	30	11	14	44	23	46	20	7	
45	16	19	36	19	14	35	13	21	22	18	21	39	12	23	43	22	49	46	26	
29	8	13	4	31	36	2	22	41	50	39	32	45	12	21	13	43	8	36	3	
11	6	28	17	48	1	4	30	23	37	17	32	48	9	7	45	41	43	17	7	
46	5	47	15	42	24	26	33	17	6	23	13	13	40	42	19	5	29	3	17	
11	3	47	24	16	37	26	50	18	4	32	34	7	21	5	2	5	5	9	30	
36	48	32	34	31	2	42	33	6	41	49	11	50	44	38	41	45	34	11	20	
44	8	25	12	42	8	41	30	29	25	15	9	9	6	42	15	34	40	2	38	
5	11	24	45	1	2	11	24	4	2	38	31	16	7	12	6	45	8	5	12	
38	24	42	49	18	34	12	27	27	15	26	38	36	49	41	11	1	25	24	24	
On machine	12
28	47	5	34	43	36	42	23	23	45	14	15	35	50	42	39	44	36	12	31	
2	37	27	40	28	44	42	20	16	5	4	17	5	22	13	21	41	50	18	9	
7	25	42	50	49	25	35	6	28	13	22	15	40	31	1	29	3	17	29	44	
40	18	19	32	14	9	47	39	27	13	17	3	46	23	45	50	38	48	47	1	
38	17	33	4	19	24	32	14	11	28	33	49	14	39	17	26	47	43	49	43	
8	27	29	31	26	7	36	38	7	16	5	3	5	31	21	17	28	38	22	28	
50	26	30	48	20	42	19	12	41	8	43	15	20	38	34	14	35	48	30	14	
50	13	5	44	37	37	44	45	36	47	45	6	27	1	22	6	2	31	33	27	
25	3	43	6	46	44	34	12	3	49	10	47	48	36	49	13	23	50	36	18	
37	24	28	33	27	3	10	21	4	29	19	14	9	24	49	42	27	9	29	24	
34	28	31	36	50	13	41	8	26	18	12	14	40	36	14	43	13	32	2	35	
23	6	38	26	48	35	27	28	19	27	11	23	2	3	50	48	42	6	18	19	
22	35	11	41	43	23	22	13	43	24	20	29	26	49	28	5	39	15	3	38	
3	27	2	11	37	21	28	12	17	43	25	7	18	32	21	5	13	2	4	48	
5	25	29	11	33	27	39	32	10	7	17	19	8	1	50	39	11	15	44	11	
12	50	26	11	26	33	6	33	39	25	46	37	46	18	25	8	19	22	44	47	
16	21	31	48	38	25	21	3	16	49	15	4	11	20	1	5	11	15	26	29	
25	42	25	15	27	15	11	40	9	35	34	50	40	18	43	2	43	23	48	44	
13	2	29	40	26	41	22	23	26	4	48	16	18	1	37	5	32	45	43	39	
47	14	41	26	10	38	4	38	2	3	2	2	31	36	6	26	13	38	26	8	
On machine	13
38	9	42	46	27	16	44	22	48	37	27	35	38	42	13	24	48	21	17	50	
6	35	44	46	23	45	42	42	23	34	23	10	9	32	32	43	22	3	49	2	
50	17	40	6	12	29	36	42	7	39	10	23	4	9	32	19	41	23	14	41	
50	47	39	50	13	15	41	18	19	4	38	10	8	29	30	1	14	23	12	24	
46	14	25	17	11	28	48	34	9	10	38	2	20	1	9	9	2	28	48	30	
46	18	20	12	9	13	48	9	47	34	1	23	42	50	25	49	31	12	43	50	
4	32	34	44	33	28	32	6	2	23	39	21	40	3	23	5	28	27	16	13	
43	6	49	13	28	33	44	45	36	10	4	47	23	11	20	26	22	48	30	38	
41	21	28	13	17	18	9	21	7	26	20	33	49	13	18	39	18	31	20	18	
23	9	38	12	31	37	10	48	11	12	27	4	2	40	22	17	3	6	45	35	
29	33	39	16	2	49	44	10	20	13	8	25	15	23	37	5	48	15	11	50	
50	15	3	17	36	43	13	31	25	23	17	28	41	34	37	45	18	21	15	5	
37	41	2	10	50	18	15	31	10	47	6	15	25	43	18	25	14	32	11	48	
14	9	17	42	31	16	28	15	45	49	2	9	50	34	46	44	27	40	40	16	
17	21	30	31	25	9	40	19	42	6	30	33	16	3	2	4	21	49	34	43	
38	23	34	35	35	39	9	37	20	37	28	25	22	35	35	27	5	7	41	46	
16	43	5	9	37	42	19	18	24	31	40	5	50	13	41	16	31	19	41	10	
36	38	5	33	30	9	31	4	32	1	27	45	49	39	23	39	48	46	17	47	
31	14	41	14	42	23	5	45	33	33	49	35	22	3	45	40	22	23	9	43	
48	49	24	11	10	9	24	44	11	16	16	25	29	29	49	8	23	19	31	40	
On machine	14
21	47	7	29	22	40	8	31	39	11	35	25	41	29	28	31	32	25	2	35	
32	38	18	43	15	8	44	4	45	37	7	4	48	34	43	31	27	27	30	4	
35	36	7	11	14	18	22	16	26	16	37	14	17	28	19	20	49	46	13	2	
38	43	9	35	49	21	24	24	18	22	10	12	9	44	30	49	42	20	7	15	
30	24	12	6	29	18	27	28	35	41	10	15	29	20	33	41	50	16	16	27	
42	13	21	33	6	13	26	28	16	26	25	6	44	6	12	12	43	6	9	13	
22	20	25	28	21	14	44	29	25	42	25	17	3	40	36	34	27	38	2	44	
34	25	16	34	49	34	12	5	45	38	33	34	5	25	19	49	28	23	11	6	
25	5	24	1	37	41	33	24	8	46	8	4	30	5	25	25	32	48	1	16	
21	45	19	49	38	34	42	26	11	7	22	46	11	43	6	1	41	2	10	18	
26	44	8	34	42	20	34	25	29	34	28	16	11	3	7	13	38	22	26	36	
25	46	3	16	8	44	4	20	38	12	2	23	17	7	19	37	38	4	13	19	
21	14	42	2	22	39	42	19	18	10	6	25	18	14	32	24	18	43	34	47	
30	19	44	3	19	9	15	38	50	25	29	38	12	39	24	44	18	32	38	34	
14	8	9	30	35	41	38	20	20	26	14	15	48	8	45	11	26	38	38	7	
17	36	44	34	41	43	15	17	45	38	43	49	14	1	25	14	15	48	41	39	
39	24	4	29	17	30	13	27	29	15	47	47	12	48	50	48	3	9	23	21	
42	15	45	47	29	11	38	12	8	44	9	16	45	8	28	34	23	31	28	18	
28	44	26	40	30	13	44	12	42	5	10	17	10	33	36	17	16	42	10	35	
43	17	18	48	3	6	49	1	49	27	42	30	35	28	23	11	31	28	28	3	
On machine	15
43	28	5	3	43	36	39	4	46	44	29	16	10	40	12	36	37	49	33	42	
36	47	23	26	11	34	29	36	4	3	19	1	5	8	44	50	49	23	33	14	
46	35	32	46	28	49	20	44	2	36	50	6	40	1	27	33	41	12	47	36	
45	36	11	43	5	7	45	23	15	49	19	6	10	15	30	42	24	14	41	14	
31	28	20	36	10	36	44	31	5	30	9	22	19	19	28	44	29	38	1	42	
19	34	49	17	40	34	1	8	8	3	46	47	16	18	20	15	39	10	22	25	
45	35	25	45	9	46	17	21	11	25	22	18	1	11	45	22	19	38	27	7	
15	19	7	33	11	34	11	16	31	16	9	29	16	7	13	28	35	9	26	37	
12	31	4	19	15	30	30	20	4	41	26	28	27	24	34	1	37	1	43	2	
40	46	24	44	16	25	9	7	24	31	26	8	3	14	28	6	26	7	36	34	
2	40	19	46	1	3	6	40	18	45	48	12	41	22	38	18	21	21	19	1	
32	2	21	25	36	47	49	27	42	6	7	29	43	11	47	48	42	21	39	45	
10	20	48	39	43	32	8	48	19	2	37	26	44	45	21	20	4	18	7	7	
18	7	14	44	5	48	22	7	30	6	15	35	17	34	1	38	45	35	28	45	
11	12	8	19	21	49	5	35	32	37	42	25	3	25	43	25	44	27	24	8	
10	37	43	22	48	9	50	1	11	13	48	40	40	27	31	8	39	30	35	15	
4	20	20	23	22	34	17	39	8	24	19	9	35	9	47	3	12	13	26	11	
47	3	1	24	12	38	7	44	49	10	33	47	49	23	3	25	29	13	50	48	
11	11	30	37	5	17	21	2	9	50	31	27	25	26	6	27	45	1	26	22	
32	6	1	42	42	31	10	38	11	39	36	2	8	28	28	16	49	50	28	38	
On machine	16
37	6	49	12	40	30	38	36	17	39	45	42	44	19	46	39	35	12	12	20	
41	2	10	8	50	48	42	41	4	2	21	15	22	14	3	23	16	15	7	29	
35	38	28	9	6	47	15	26	43	16	37	6	29	44	8	33	34	23	16	48	
4	12	36	44	14	22	23	21	41	29	41	25	33	21	3	21	33	23	2	37	
22	6	27	3	23	19	4	15	48	41	32	47	30	4	15	14	29	32	17	11	
13	4	26	36	25	22	23	19	1	25	11	15	45	34	45	12	4	19	37	35	
15	36	46	2	35	32	2	34	11	38	22	21	9	34	28	9	20	43	26	31	
46	19	25	6	41	13	29	20	43	45	8	11	27	42	28	10	5	16	24	41	
28	6	20	34	33	33	23	37	19	50	18	26	1	47	4	49	6	4	13	26	
26	1	48	24	46	43	5	15	4	10	17	43	46	12	18	8	33	28	35	34	
36	27	9	17	11	21	6	7	9	19	38	47	18	38	41	40	8	5	21	41	
7	48	33	5	27	36	26	13	21	13	24	21	48	37	30	35	47	33	44	32	
32	19	48	48	10	44	25	36	28	8	24	2	15	48	11	34	7	5	36	16	
34	44	8	10	23	29	14	23	23	27	50	50	38	46	40	13	19	48	28	45	
30	33	2	49	9	26	45	11	38	24	15	4	25	15	22	8	14	33	15	15	
22	10	12	14	32	43	46	49	45	18	26	7	36	40	38	13	31	15	12	41	
13	5	47	43	19	32	3	39	26	8	23	32	13	2	33	48	29	32	20	42	
12	2	36	18	45	10	11	43	1	29	30	35	39	3	19	47	42	17	10	38	
49	18	46	20	48	28	25	1	43	38	33	14	41	47	40	19	34	2	13	32	
19	29	15	46	15	42	25	1	26	8	3	32	50	5	45	37	40	43	12	46	
On machine	17
46	50	13	15	15	13	26	36	43	8	26	46	43	14	24	33	39	24	5	17	
36	42	12	18	6	43	5	6	45	15	13	11	24	37	38	13	11	29	20	24	
3	20	32	41	45	10	15	15	17	5	24	8	27	5	40	3	21	24	28	34	
34	14	43	38	37	36	21	5	31	8	31	8	45	45	20	34	41	27	47	14	
50	6	18	17	37	48	22	19	34	5	34	10	18	9	26	1	29	33	18	28	
27	22	41	41	23	23	46	43	41	42	38	13	3	41	37	27	29	6	35	1	
18	8	33	21	5	13	34	2	35	47	31	9	27	16	30	10	22	7	2	49	
19	26	36	19	1	45	7	7	28	27	1	11	49	36	3	37	17	30	30	2	
18	26	19	16	3	29	36	2	4	21	19	37	42	41	30	41	28	21	35	38	
20	11	36	2	12	46	7	8	1	5	42	19	37	35	26	22	5	18	1	2	
12	32	12	50	21	8	10	20	16	47	34	41	38	2	38	2	19	20	14	41	
48	36	40	6	46	42	17	26	13	20	16	27	45	26	3	39	29	47	4	31	
43	23	6	10	23	18	29	42	31	43	28	12	15	19	10	29	25	8	10	35	
33	41	10	29	19	21	28	45	18	12	5	9	43	27	35	44	31	18	29	13	
47	36	7	42	49	16	39	46	35	14	23	46	17	32	16	17	41	49	30	18	
18	41	19	32	16	23	9	3	43	46	32	31	15	28	26	42	44	37	40	50	
15	20	49	10	46	47	4	46	31	10	23	27	20	34	10	45	8	35	37	5	
38	30	14	1	14	34	35	45	22	8	9	44	28	21	48	8	27	20	10	23	
22	1	3	20	9	25	19	24	3	45	48	19	20	9	27	33	42	36	30	28	
16	39	44	6	5	25	47	8	29	32	43	33	21	2	6	35	50	33	23	1	
On machine	18
37	24	6	12	39	46	22	18	36	13	50	23	3	21	31	20	14	9	34	19	
50	20	35	13	35	10	35	33	1	4	18	43	37	16	47	38	24	10	2	14	
3	27	19	17	26	8	43	43	25	29	7	40	48	27	12	14	26	18	49	47	
17	3	2	49	26	43	25	41	48	8	42	22	17	22	10	26	31	41	40	43	
49	8	25	28	14	2	45	21	8	20	10	4	11	11	11	21	5	45	29	40	
14	44	4	35	7	24	21	6	18	41	30	23	25	19	46	48	25	41	38	33	
1	10	48	21	11	4	15	49	2	26	5	13	14	24	2	34	38	41	50	46	
27	42	48	50	5	33	32	37	28	38	14	34	39	10	47	20	20	14	6	4	
25	40	17	25	26	30	37	28	13	49	16	37	6	16	44	7	4	17	16	26	
9	22	19	33	50	46	26	32	6	13	30	42	27	41	46	2	50	19	28	29	
34	20	9	2	7	48	5	27	42	27	16	1	36	49	47	49	40	23	43	28	
29	15	18	12	35	11	15	24	34	35	18	6	29	45	1	26	35	35	8	41	
42	12	4	21	3	13	1	7	43	47	24	5	28	7	3	18	43	5	46	31	
36	50	13	23	39	8	39	49	11	11	46	44	47	40	37	20	30	20	49	20	
41	37	16	13	37	33	40	24	36	35	47	35	44	8	45	17	47	32	37	19	
50	9	15	20	21	24	43	39	5	28	15	48	21	15	19	14	34	13	3	2	
45	3	1	23	36	9	32	28	35	4	45	42	10	25	33	24	29	16	3	46	
6	39	24	50	38	14	32	8	43	19	49	8	14	3	4	22	26	16	40	7	
44	22	20	11	46	21	4	21	40	44	37	29	37	11	5	30	2	36	32	3	
49	38	30	15	46	1	28	36	50	5	45	11	25	38	31	48	38	43	16	50	
On machine	19
29	38	11	34	20	11	11	19	44	16	42	46	31	9	10	30	22	23	9	2	
38	39	3	40	10	50	44	15	17	17	49	6	48	41	2	32	16	9	40	33	
11	32	26	29	29	13	40	2	4	49	40	40	38	28	10	15	8	10	3	44	
18	21	45	26	33	49	4	17	2	5	48	31	21	1	28	13	48	37	30	37	
13	6	17	38	19	13	16	30	6	45	42	43	27	45	41	21	43	36	10	41	
27	1	45	46	33	35	38	35	1	29	20	34	48	18	36	43	16	2	38	42	
18	1	13	31	19	31	34	40	33	31	6	31	9	43	25	3	33	15	24	40	
12	21	24	48	21	26	50	28	7	37	31	25	38	42	6	10	2	20	2	10	
21	20	28	19	4	47	19	15	6	1	30	45	20	30	39	4	39	38	28	3	
49	4	4	32	5	28	49	13	45	48	17	29	20	28	15	46	19	27	13	38	
11	21	14	11	39	32	34	9	50	9	14	37	25	28	17	4	18	19	34	27	
25	39	42	2	35	12	9	43	33	45	9	49	2	49	8	35	12	9	15	37	
37	45	16	24	15	25	18	6	4	39	15	28	48	11	9	44	16	41	38	14	
41	11	1	35	32	27	46	26	12	37	40	37	3	17	17	48	10	16	24	31	
36	12	6	22	3	16	34	8	12	2	19	40	31	6	12	7	28	29	49	47	
19	44	37	3	36	7	49	30	30	38	38	39	14	48	32	49	1	40	6	39	
46	13	4	37	19	34	42	14	44	29	38	20	28	21	35	48	15	4	48	7	
38	37	37	37	18	49	48	43	18	49	19	7	36	11	31	18	33	9	7	47	
1	48	26	22	46	43	22	46	32	24	21	12	41	1	43	33	37	4	20	45	
23	44	29	2	49	26	23	1	45	49	28	7	44	40	7	42	23	18	16	42	
On machine	20
6	16	46	12	11	40	4	34	6	17	42	19	47	3	19	27	39	10	9	41	
41	32	8	15	45	23	15	37	19	35	8	23	34	30	1	25	45	6	22	46	
5	24	33	38	50	10	5	2	31	25	21	23	15	27	27	34	24	1	1	8	
27	32	25	1	26	12	35	45	20	41	47	4	9	25	15	46	2	25	8	12	
20	37	9	18	23	5	45	2	14	24	23	15	30	45	49	9	37	8	50	9	
6	11	3	49	21	6	10	31	20	28	36	44	50	40	27	41	35	20	13	46	
36	42	39	5	9	12	42	39	14	32	19	23	38	41	48	29	3	13	30	36	
29	11	13	9	24	14	47	11	14	7	15	35	29	37	10	32	3	1	29	42	
35	27	50	20	22	41	44	31	16	46	4	30	2	36	36	28	44	35	15	23	
35	50	41	26	23	23	35	29	16	46	28	40	5	4	23	41	1	5	7	19	
13	20	17	37	6	27	39	28	3	29	43	45	49	17	32	22	28	15	16	30	
44	30	3	48	7	37	17	49	40	21	6	12	42	47	3	39	1	42	21	11	
40	23	48	4	22	38	16	10	32	39	41	32	48	17	12	37	1	19	18	15	
1	15	44	40	13	20	4	25	11	38	26	32	4	5	33	17	44	45	9	41	
16	42	2	18	29	40	22	2	27	22	48	19	7	25	14	18	31	21	44	11	
21	35	42	9	25	17	35	5	6	36	10	50	42	35	23	16	3	12	36	12	
20	4	46	10	42	5	42	39	47	39	4	50	24	23	48	47	41	29	34	1	
21	39	9	50	48	8	39	5	15	9	8	10	43	33	39	34	37	12	10	34	
4	1	31	3	46	4	28	12	40	47	38	42	50	49	11	29	16	5	47	11	
18	13	48	13	1	49	43	40	31	26	19	12	41	31	29	21	6	14	14	5	
