Factories	2
Families	60
Machines	4
SetupType	3

Number of Jobs in each Family
8	1	3	3	4	3	1	8	9	3	6	4	10	3	8	10	3	10	9	1	8	10	2	2	2	6	10	6	10	3	3	3	3	6	10	1	2	10	5	1	10	4	6	5	2	2	9	7	1	3	3	7	3	5	10	7	9	9	9	2	

Jobs in each Family
0	1	2	3	4	5	6	7	
8	
9	10	11	
12	13	14	
15	16	17	18	
19	20	21	
22	
23	24	25	26	27	28	29	30	
31	32	33	34	35	36	37	38	39	
40	41	42	
43	44	45	46	47	48	
49	50	51	52	
53	54	55	56	57	58	59	60	61	62	
63	64	65	
66	67	68	69	70	71	72	73	
74	75	76	77	78	79	80	81	82	83	
84	85	86	
87	88	89	90	91	92	93	94	95	96	
97	98	99	100	101	102	103	104	105	
106	
107	108	109	110	111	112	113	114	
115	116	117	118	119	120	121	122	123	124	
125	126	
127	128	
129	130	
131	132	133	134	135	136	
137	138	139	140	141	142	143	144	145	146	
147	148	149	150	151	152	
153	154	155	156	157	158	159	160	161	162	
163	164	165	
166	167	168	
169	170	171	
172	173	174	
175	176	177	178	179	180	
181	182	183	184	185	186	187	188	189	190	
191	
192	193	
194	195	196	197	198	199	200	201	202	203	
204	205	206	207	208	
209	
210	211	212	213	214	215	216	217	218	219	
220	221	222	223	
224	225	226	227	228	229	
230	231	232	233	234	
235	236	
237	238	
239	240	241	242	243	244	245	246	247	
248	249	250	251	252	253	254	
255	
256	257	258	
259	260	261	
262	263	264	265	266	267	268	
269	270	271	
272	273	274	275	276	
277	278	279	280	281	282	283	284	285	286	
287	288	289	290	291	292	293	
294	295	296	297	298	299	300	301	302	
303	304	305	306	307	308	309	310	311	
312	313	314	315	316	317	318	319	320	
321	322	

Total number of jobs
323

Processing times of jobs
4	3	9	9	
9	9	2	6	
8	1	10	7	
10	1	8	9	
2	3	6	7	
1	10	6	10	
2	7	4	5	
4	9	4	7	
1	3	7	8	
7	3	4	7	
9	9	2	5	
8	2	9	1	
5	2	3	5	
1	7	2	5	
9	2	1	1	
5	8	5	3	
2	3	10	4	
2	8	7	8	
5	2	8	8	
6	7	2	10	
9	1	3	9	
1	4	8	4	
8	6	10	10	
6	1	5	6	
2	10	4	3	
9	1	2	10	
5	8	5	3	
1	2	5	5	
1	1	2	1	
4	8	10	8	
10	3	6	6	
6	2	4	3	
1	4	1	10	
6	2	6	2	
2	4	3	7	
2	5	8	3	
8	8	4	8	
6	10	10	7	
4	5	1	2	
4	2	6	7	
4	6	9	1	
9	4	10	4	
8	1	10	8	
7	2	8	5	
2	4	4	1	
5	6	7	2	
7	1	9	7	
3	7	4	5	
10	3	9	2	
7	7	5	5	
6	3	6	3	
6	4	1	3	
6	5	8	4	
1	3	9	9	
1	3	4	2	
9	8	10	10	
1	7	10	3	
3	10	10	9	
3	7	8	6	
2	3	3	6	
7	3	8	3	
7	5	4	8	
1	5	3	8	
8	9	8	4	
6	4	5	5	
3	5	8	5	
3	7	5	2	
4	3	8	5	
1	6	3	5	
4	2	1	3	
4	1	5	4	
6	4	1	7	
8	3	1	9	
4	4	7	9	
4	7	10	5	
9	4	5	7	
7	4	8	5	
9	8	10	5	
10	1	10	7	
1	5	5	10	
1	6	3	2	
9	3	5	2	
3	9	10	4	
10	8	7	9	
2	2	10	7	
2	9	9	2	
5	9	10	5	
7	2	1	5	
10	8	10	3	
10	6	5	1	
5	3	7	4	
3	7	6	1	
10	10	4	8	
3	1	7	2	
10	7	2	1	
7	4	7	7	
8	9	5	2	
4	4	7	9	
3	5	1	4	
2	6	4	6	
8	2	9	5	
7	2	4	9	
8	7	2	3	
10	6	5	7	
7	8	9	7	
10	2	9	3	
1	3	2	5	
2	1	5	6	
8	8	10	7	
5	5	1	10	
8	1	4	5	
3	6	4	8	
9	3	8	1	
2	4	6	9	
8	4	2	3	
6	7	8	2	
1	10	8	3	
3	6	8	2	
6	3	8	8	
2	5	6	1	
7	10	10	4	
2	9	10	4	
9	4	6	7	
4	7	10	10	
2	10	8	3	
4	3	7	2	
6	2	9	7	
2	5	9	6	
2	1	3	1	
1	5	6	6	
4	2	9	3	
3	5	3	7	
5	8	8	1	
1	8	7	7	
2	10	4	10	
4	4	6	10	
3	3	4	1	
8	2	6	3	
10	3	10	8	
4	3	1	10	
3	8	10	10	
2	9	2	1	
4	3	9	9	
4	10	6	5	
2	2	4	1	
8	4	4	8	
1	3	7	6	
3	3	10	10	
4	9	10	10	
6	10	10	6	
10	5	4	5	
2	5	6	10	
7	5	1	6	
8	1	5	8	
10	2	6	3	
7	1	2	8	
9	1	7	10	
8	5	6	1	
6	4	7	4	
3	5	3	3	
8	5	3	10	
2	4	5	10	
6	10	8	7	
5	6	2	2	
7	9	2	1	
8	3	1	10	
4	1	3	3	
6	5	4	9	
6	4	4	8	
6	3	6	7	
5	1	9	5	
5	9	3	5	
10	10	6	8	
3	7	9	10	
8	3	5	10	
5	1	10	9	
5	2	7	8	
7	9	5	1	
5	8	9	7	
6	10	7	9	
3	8	4	2	
6	9	2	2	
7	4	10	3	
7	4	2	9	
3	7	9	8	
6	5	10	6	
7	3	5	1	
9	2	4	8	
7	3	3	4	
7	6	4	9	
6	7	7	2	
9	7	3	2	
10	5	9	5	
9	5	3	3	
4	8	9	8	
10	5	1	3	
8	2	10	7	
6	6	9	2	
2	8	5	3	
9	2	1	6	
9	2	4	8	
7	9	3	10	
3	9	8	8	
5	5	6	1	
3	8	4	7	
10	7	8	6	
7	1	7	1	
8	5	6	4	
8	10	9	8	
7	9	3	2	
3	6	8	4	
7	8	5	2	
9	3	2	5	
6	7	8	6	
1	8	10	3	
7	6	6	8	
3	10	5	4	
7	9	5	2	
6	9	1	5	
9	2	5	8	
4	4	10	6	
5	3	5	4	
3	5	5	4	
8	9	10	1	
8	4	3	8	
8	10	3	9	
6	4	6	6	
4	6	2	4	
6	5	6	7	
8	3	9	3	
10	8	4	2	
4	7	9	6	
6	6	6	2	
7	9	5	2	
4	3	5	2	
4	10	6	4	
2	4	5	3	
3	4	9	8	
5	6	7	6	
8	10	5	6	
6	10	5	5	
8	6	9	5	
5	4	9	9	
1	7	2	9	
5	9	7	1	
4	4	9	8	
1	5	5	7	
10	1	4	8	
3	8	5	7	
2	6	1	9	
6	6	2	4	
7	4	9	7	
6	4	10	4	
10	8	5	2	
6	2	2	8	
3	4	2	7	
7	4	7	7	
3	1	5	6	
1	5	10	2	
10	9	9	6	
8	5	9	4	
8	8	2	1	
8	4	10	8	
5	10	6	8	
6	4	5	10	
8	7	3	2	
10	5	2	4	
2	6	6	9	
1	2	8	2	
10	6	10	2	
4	7	8	1	
8	2	10	3	
7	5	5	7	
10	10	1	10	
5	6	4	8	
5	9	2	5	
5	10	10	8	
3	3	3	5	
3	7	2	2	
8	2	4	5	
3	5	8	5	
7	10	3	7	
2	4	8	6	
3	4	5	4	
1	1	9	6	
2	2	8	1	
1	2	3	5	
10	7	3	3	
4	3	9	8	
8	5	10	4	
3	3	5	4	
6	6	6	2	
10	8	1	1	
1	3	10	2	
2	10	7	1	
6	3	7	10	
5	4	3	1	
3	10	1	4	
4	1	1	8	
7	4	4	10	
10	10	9	6	
8	9	4	8	
5	2	4	2	
6	4	9	1	
5	10	6	4	
1	5	2	1	
3	7	10	7	
9	8	1	2	
8	5	9	10	
6	2	1	4	
6	10	1	1	
9	7	10	9	
6	3	10	3	
5	7	5	1	
10	1	3	5	
7	9	5	3	
7	3	5	8	
8	9	2	1	
3	7	2	3	
10	2	9	9	
7	3	5	3	
9	1	7	8	
10	5	8	3	

Stepup times between Families, where [f][f] represents initial setup time
On machine	1
73	21	19	38	99	25	86	100	1	58	96	95	18	87	89	12	33	99	96	49	21	98	75	69	82	25	68	17	38	3	96	69	60	6	75	20	43	46	95	20	94	69	92	50	70	51	79	73	61	8	25	92	62	87	76	36	65	89	100	50	
5	39	27	83	22	42	33	62	8	4	41	6	1	96	85	83	94	13	8	92	33	29	90	95	5	28	44	5	42	94	33	41	51	77	31	6	17	57	66	35	6	14	57	43	94	88	51	18	12	26	10	86	93	89	98	89	12	29	7	10	
90	3	30	58	100	41	89	61	9	12	86	100	45	48	34	90	54	93	6	34	47	56	10	11	30	47	60	31	38	50	51	99	96	18	24	91	33	7	1	74	9	33	4	9	30	18	79	44	40	91	34	99	44	52	16	30	43	65	25	68	
32	31	75	25	56	98	19	91	97	35	19	45	5	45	38	37	56	60	55	84	89	63	58	79	77	46	23	16	8	30	77	73	8	64	66	16	83	39	55	64	96	62	14	83	65	73	74	85	84	54	75	20	83	83	35	88	53	55	81	12	
17	2	3	5	37	53	1	71	63	37	8	39	99	10	79	4	34	71	1	8	1	96	75	40	52	33	25	2	100	5	92	39	3	69	97	85	88	86	40	67	31	48	21	71	1	53	59	63	35	65	79	23	87	67	75	9	32	83	28	22	
15	46	77	56	13	19	17	21	23	35	31	87	96	68	79	36	26	41	19	57	36	37	68	33	54	93	51	95	5	79	8	71	49	68	44	64	36	40	28	48	100	85	73	52	80	85	2	8	59	44	78	57	50	45	35	35	39	51	26	41	
37	59	4	30	54	85	88	71	75	16	30	91	71	70	55	94	86	91	42	41	15	48	7	76	68	40	50	48	77	70	85	32	63	97	90	3	7	19	59	24	42	68	59	29	50	7	18	16	90	6	59	87	34	51	61	29	26	5	47	50	
60	20	93	91	4	32	40	85	79	48	87	12	29	78	23	35	11	65	52	30	85	55	49	55	53	72	21	45	36	58	39	38	45	31	35	51	55	100	35	97	38	27	29	66	73	63	29	40	94	22	73	90	38	20	39	41	71	39	83	24	
59	14	66	74	83	37	86	51	56	37	58	14	12	96	25	23	53	72	58	29	25	44	79	53	61	91	2	100	44	100	63	37	98	21	79	38	18	96	5	72	60	47	95	37	26	43	35	58	97	51	94	82	2	78	24	22	47	82	38	12	
96	19	33	69	34	27	28	37	27	79	71	66	29	94	68	26	63	72	38	24	42	14	21	30	45	84	14	34	63	47	23	46	8	40	48	71	94	44	99	68	41	5	17	28	41	82	70	92	4	3	3	81	3	39	94	66	100	73	39	40	
25	32	100	98	23	91	85	8	82	84	49	51	60	76	27	27	80	39	61	75	24	36	15	60	40	40	39	41	81	7	79	94	26	23	51	84	14	48	40	15	46	24	6	97	72	43	9	38	45	33	9	8	23	91	12	2	58	56	18	59	
91	93	68	60	1	63	90	79	48	35	97	5	15	6	33	74	66	6	18	78	12	93	14	75	65	32	22	86	39	99	96	54	99	55	89	39	66	100	38	47	85	28	24	25	28	71	64	75	21	81	36	2	33	13	47	55	79	44	23	69	
82	9	73	44	31	69	13	11	82	46	51	81	81	84	76	36	1	96	33	84	82	32	25	11	45	22	49	81	48	21	81	10	20	26	89	9	46	87	65	59	52	45	56	93	89	5	31	70	63	51	81	40	16	39	38	41	55	81	32	49	
56	44	82	14	43	90	15	50	61	18	57	8	92	73	15	54	52	48	47	98	21	10	16	76	91	99	11	3	19	48	76	37	80	10	28	56	42	5	65	95	54	12	53	57	98	38	58	93	46	50	41	69	59	43	18	11	31	22	35	17	
70	49	65	56	55	30	47	21	62	43	17	27	100	6	68	47	75	16	58	93	72	62	48	70	74	20	2	26	61	1	88	12	87	7	86	68	17	95	49	33	17	4	88	19	35	85	43	58	74	79	83	31	61	19	22	94	5	44	86	89	
28	49	100	20	26	45	29	94	91	83	32	55	73	24	33	38	56	83	99	77	23	99	45	42	37	39	5	44	40	14	92	95	44	20	20	17	56	85	88	81	68	53	82	96	38	71	42	37	22	50	46	64	95	49	51	15	20	53	23	29	
8	32	45	60	50	24	20	49	87	46	24	30	96	8	33	99	31	46	5	31	85	48	48	25	77	63	86	66	91	9	58	1	52	29	4	94	77	83	56	75	78	84	72	68	24	74	78	21	16	11	55	89	94	63	55	33	98	46	67	98	
94	38	42	47	24	5	3	94	21	3	35	57	98	15	34	80	54	22	92	85	69	32	56	39	24	85	1	75	64	99	80	75	31	86	97	68	24	56	8	51	75	3	90	31	93	91	80	5	25	72	41	64	79	71	44	32	15	32	44	36	
29	21	49	19	36	16	61	99	61	10	25	43	54	87	34	43	22	28	23	44	98	28	39	30	9	26	91	8	64	95	26	87	24	11	36	35	68	37	96	89	22	31	24	74	74	74	36	10	21	74	39	85	31	6	23	34	3	88	72	5	
65	50	7	30	58	3	3	30	83	43	80	89	8	44	50	73	7	98	87	58	71	46	44	7	75	43	17	64	17	84	33	40	9	25	5	77	18	60	51	58	30	7	14	28	61	43	50	60	58	42	94	55	67	22	22	15	46	85	29	54	
84	76	88	64	77	92	87	17	68	77	84	3	56	89	13	38	71	85	42	74	90	6	84	73	78	15	96	68	21	1	23	73	15	87	21	79	83	75	8	10	21	16	6	38	98	94	55	62	74	63	76	83	64	38	6	59	86	2	56	19	
99	3	78	100	67	73	22	49	98	46	9	23	28	40	29	27	90	12	94	48	76	31	9	45	31	67	28	69	85	61	28	43	49	24	99	52	39	90	46	59	90	61	86	65	57	5	28	57	30	12	11	85	39	79	33	73	75	39	6	64	
83	34	44	41	29	38	6	60	43	26	56	85	56	25	51	51	84	7	57	5	74	51	38	5	95	61	12	74	4	15	44	16	58	63	74	69	93	43	75	54	39	69	13	26	19	52	71	38	2	35	98	42	8	28	91	11	90	31	77	74	
59	40	5	32	44	22	85	6	92	82	66	11	60	71	53	74	68	15	35	90	42	11	40	25	10	62	9	48	50	72	61	61	71	72	35	97	77	82	84	92	71	46	94	10	53	85	80	47	45	63	84	78	49	92	42	73	92	19	18	68	
10	71	41	44	36	52	68	70	75	51	48	88	33	45	28	7	43	25	97	79	28	94	8	78	81	66	66	59	20	50	92	30	83	10	19	27	75	41	88	16	68	96	57	14	46	2	21	68	32	44	50	34	21	26	55	80	40	86	42	47	
28	18	64	66	28	40	75	97	39	42	73	6	31	55	95	14	7	21	78	26	70	23	17	1	86	53	59	73	38	38	71	60	7	5	50	85	49	73	59	39	40	10	46	21	81	31	45	86	3	26	62	28	81	8	15	55	53	57	6	60	
33	8	25	42	78	6	21	67	95	25	53	24	87	51	86	49	48	24	64	57	54	53	20	24	35	81	96	66	73	33	34	78	95	10	44	99	24	33	67	35	56	40	11	17	79	16	94	49	11	35	13	41	40	22	83	38	50	53	47	23	
31	25	69	46	4	62	72	88	53	14	30	50	6	30	91	5	48	9	86	58	51	94	50	10	34	69	72	7	18	99	62	44	2	93	23	50	86	79	56	64	73	58	7	83	61	40	17	97	50	14	70	83	70	66	43	30	7	42	27	67	
9	1	3	37	26	77	62	86	79	8	77	33	49	55	14	43	48	12	55	65	6	63	37	9	75	47	26	50	88	77	72	1	9	98	99	30	4	5	37	59	62	27	59	59	44	82	86	50	3	87	72	32	63	72	65	59	54	70	37	17	
3	55	54	62	77	98	54	9	94	81	19	13	32	51	54	35	78	27	81	59	14	74	35	15	98	73	52	30	8	57	86	32	6	38	7	13	22	9	72	25	90	29	1	63	24	88	58	41	72	31	5	70	6	11	85	89	45	46	83	94	
12	5	47	22	45	43	45	55	59	35	24	8	76	85	59	70	90	82	98	44	69	12	87	57	54	72	30	83	7	19	62	62	22	75	1	1	62	63	77	68	16	16	91	54	63	5	25	65	54	9	7	77	77	44	43	65	10	59	50	20	
73	4	44	22	39	22	67	9	31	76	27	31	69	20	53	13	59	58	14	57	93	41	21	55	33	41	41	17	35	10	60	13	1	30	11	99	6	69	99	79	84	44	39	4	71	19	26	58	32	94	99	90	22	55	12	91	32	41	69	7	
4	28	77	30	6	71	57	61	79	42	19	31	79	42	76	52	81	81	98	56	15	46	37	19	70	53	20	48	66	27	66	67	69	45	26	98	32	85	99	83	63	28	20	44	74	93	59	15	11	39	57	60	31	67	38	40	75	8	24	19	
88	31	61	78	62	28	28	69	20	46	41	14	33	47	34	87	20	39	56	36	46	59	62	85	68	19	62	55	59	57	74	84	13	68	2	19	24	11	14	16	69	12	39	42	81	87	25	19	94	35	59	40	17	74	78	33	39	84	95	5	
50	34	84	50	49	68	21	84	74	25	47	39	75	85	68	98	75	64	28	93	71	53	44	51	33	81	37	64	55	25	39	77	54	77	43	78	100	78	73	34	13	34	26	61	63	23	25	18	64	30	85	48	51	81	74	4	48	74	75	31	
20	54	84	92	61	48	43	87	35	26	64	11	48	98	24	95	15	93	95	79	39	69	70	17	30	87	35	75	28	87	96	42	66	30	4	17	99	85	75	90	77	88	20	91	35	50	81	77	82	15	76	69	37	29	60	88	1	23	93	13	
48	43	43	96	22	99	27	22	10	82	73	18	51	93	22	30	6	12	73	70	1	89	24	11	36	58	7	76	83	57	73	10	33	38	61	50	7	84	71	87	16	73	67	100	4	47	34	19	6	13	48	90	10	99	49	74	66	37	26	82	
89	74	51	61	14	95	30	51	42	61	71	65	48	53	94	15	48	75	44	26	22	77	53	50	40	9	13	62	31	76	7	69	94	68	86	71	35	8	38	4	2	54	46	52	83	82	62	72	91	17	55	60	22	97	78	46	16	3	29	58	
78	88	40	22	34	56	32	19	53	32	69	37	27	67	5	79	76	56	78	99	66	30	28	37	19	59	9	37	92	9	65	14	67	50	54	48	77	3	87	90	34	91	50	1	85	89	76	91	91	35	56	51	36	48	8	12	100	89	39	72	
19	7	77	95	6	36	45	80	48	51	8	11	61	73	7	40	41	90	7	3	8	43	78	73	57	61	25	50	69	37	31	86	70	26	37	37	75	56	12	78	2	30	3	83	87	30	70	55	50	55	65	4	16	4	29	68	82	35	31	86	
39	93	51	76	19	8	40	15	39	85	97	53	87	50	99	14	82	83	8	70	32	21	35	58	14	10	33	93	58	92	32	33	65	8	33	30	65	46	68	14	70	58	2	9	15	69	46	51	93	82	88	32	100	2	62	36	83	82	78	99	
25	95	50	42	51	66	50	55	68	49	51	25	50	85	72	12	91	30	42	51	76	12	52	82	97	68	68	82	45	74	95	95	88	95	30	74	46	50	74	88	53	7	9	81	45	1	87	11	51	21	8	9	4	57	42	48	91	97	33	49	
34	7	13	45	77	90	4	61	4	10	53	52	35	26	52	85	94	42	63	85	21	50	20	62	24	98	40	17	83	23	27	97	66	34	37	68	87	27	56	10	100	61	99	95	94	97	3	54	82	76	51	32	59	4	38	21	92	81	24	65	
64	88	100	93	95	37	32	81	35	2	86	69	79	83	63	27	3	19	9	40	40	39	9	44	16	21	73	71	49	88	82	61	22	26	26	78	27	70	77	83	39	59	21	28	35	88	66	74	64	50	3	70	76	63	95	38	5	20	95	4	
42	30	72	33	6	44	95	32	42	80	47	71	74	94	34	12	7	21	32	24	76	57	37	13	10	48	70	18	32	38	54	87	31	50	48	92	59	70	87	78	30	82	21	60	49	15	25	96	75	60	53	22	92	56	15	12	7	91	34	47	
4	89	23	24	89	94	8	15	89	80	68	44	65	90	84	95	26	83	74	86	36	46	61	4	2	83	96	16	10	54	54	45	14	74	29	65	31	37	50	97	60	30	89	35	26	19	56	71	3	68	85	34	61	23	55	61	53	86	94	48	
39	34	36	58	24	77	18	63	53	19	7	27	69	28	21	27	42	77	93	81	68	63	45	33	67	64	37	77	54	61	3	41	27	60	86	20	85	27	88	49	59	80	50	17	71	62	57	39	48	12	55	37	40	73	32	15	80	75	81	26	
39	24	44	31	17	90	17	23	45	70	25	89	2	28	89	2	19	72	73	96	96	64	1	10	95	52	72	51	78	62	28	5	78	3	53	65	97	86	41	84	17	36	67	27	9	99	66	74	24	43	33	29	46	9	69	29	77	70	82	90	
9	95	57	69	63	11	21	59	4	2	77	74	4	3	70	48	57	97	62	18	62	45	88	79	71	23	89	77	86	77	61	51	3	12	18	32	81	6	26	78	45	32	11	94	70	65	16	8	61	26	29	42	65	95	43	94	54	10	1	67	
19	79	99	63	34	80	29	26	48	97	98	86	80	99	65	64	80	28	67	74	85	86	83	9	2	30	55	93	92	78	15	63	4	23	70	93	89	3	11	16	76	13	86	26	74	54	68	27	53	54	9	83	5	46	51	44	60	28	66	4	
23	64	10	55	55	8	68	86	65	76	56	50	38	56	94	79	74	23	16	56	73	14	44	82	74	4	91	91	27	59	4	64	33	38	97	94	58	84	7	58	37	37	92	3	69	20	46	69	4	21	9	74	20	32	97	92	23	93	65	53	
20	33	23	49	86	70	29	50	20	14	19	64	25	81	83	8	61	8	17	23	100	4	47	2	67	12	43	72	92	10	74	58	13	16	89	10	89	58	26	20	46	10	94	5	25	72	28	20	74	7	36	13	75	52	37	12	81	42	48	59	
38	86	86	91	45	51	60	36	93	40	48	55	67	68	2	84	18	6	68	20	25	87	88	84	20	85	88	3	27	58	94	60	60	80	40	28	13	34	10	59	33	46	18	100	79	64	73	14	55	12	7	11	30	35	39	88	40	84	80	63	
28	44	18	93	98	22	78	32	47	41	35	18	14	42	2	90	34	26	17	14	37	16	89	22	59	51	77	16	82	63	93	41	4	68	76	11	77	39	10	64	34	96	17	25	58	59	66	50	85	95	67	45	7	11	30	37	18	51	80	69	
38	67	78	5	67	14	76	48	96	54	21	67	91	43	59	1	96	25	15	28	7	29	42	42	21	89	41	99	70	67	74	19	80	12	25	50	62	47	82	76	99	61	59	14	65	2	12	6	73	36	85	31	77	65	84	79	79	75	79	41	
76	15	76	48	57	7	24	61	56	13	41	70	42	83	48	100	92	81	21	75	8	19	87	87	25	96	47	37	26	91	1	54	86	91	18	11	96	62	36	14	17	78	90	51	26	8	75	78	76	68	46	49	69	69	3	21	49	24	80	42	
53	59	28	51	18	8	56	2	1	55	25	7	38	84	49	79	30	92	37	24	78	31	35	43	1	75	11	41	73	3	47	54	60	33	27	71	84	60	30	26	57	25	59	67	38	29	62	21	79	55	99	37	25	27	87	50	90	30	64	18	
47	35	64	12	28	67	61	43	19	24	67	90	91	47	41	4	1	55	89	17	39	50	91	42	33	86	23	98	6	22	86	77	53	38	38	29	79	12	65	55	55	93	49	15	43	27	44	91	72	20	77	85	61	95	17	54	83	93	52	90	
61	43	33	2	66	79	27	21	84	88	44	14	24	9	74	56	65	4	44	23	22	67	28	10	98	39	87	46	18	17	64	6	10	46	68	100	23	5	5	47	56	74	6	88	11	62	62	46	86	14	57	21	19	19	28	91	88	35	7	45	
74	36	7	99	89	49	89	67	19	86	73	43	21	24	31	70	3	58	55	24	45	61	63	92	24	82	85	29	14	29	90	8	16	84	15	61	78	41	62	28	82	97	79	46	82	85	30	76	12	87	44	71	63	13	82	5	27	11	61	71	
On machine	2
32	34	88	43	3	72	6	91	2	39	92	27	1	38	94	8	88	1	57	9	42	52	8	7	3	38	69	51	15	10	67	35	83	67	17	85	55	96	54	66	28	25	86	35	54	85	76	80	30	88	30	2	98	72	80	59	73	68	17	79	
65	31	70	9	46	71	1	27	25	99	49	98	72	85	90	45	56	66	67	95	48	23	74	7	76	17	12	96	25	3	22	61	87	42	23	98	49	57	31	84	52	75	71	10	26	98	14	40	8	57	28	52	90	48	49	3	66	38	76	93	
60	7	48	92	48	64	66	38	64	35	68	29	12	67	86	98	95	12	12	65	12	18	11	64	17	8	51	90	22	67	31	99	17	76	31	29	12	59	91	12	40	48	12	93	69	31	45	31	59	38	34	84	63	54	51	15	68	11	47	97	
91	88	55	73	21	75	74	79	40	44	45	73	73	4	63	97	20	43	19	89	44	58	68	52	49	23	70	96	27	98	6	4	81	97	46	12	34	62	86	79	51	52	26	16	33	75	93	20	20	23	33	87	56	47	12	17	23	98	10	71	
55	7	68	86	65	42	89	19	2	67	11	88	25	25	84	78	74	69	42	63	90	76	99	18	46	49	25	84	96	32	32	50	59	80	9	8	6	20	20	76	13	12	97	55	75	96	60	3	23	22	21	22	4	56	13	81	39	72	6	13	
76	27	20	42	23	83	41	58	33	5	30	32	33	59	60	20	4	42	46	6	89	6	43	76	40	32	58	49	41	25	24	23	64	5	74	38	12	58	12	14	32	62	33	17	8	62	87	14	12	22	18	11	54	89	60	70	34	57	7	2	
70	46	19	59	91	33	82	31	65	36	73	79	22	32	55	63	93	79	35	25	92	11	39	51	84	39	92	99	81	29	85	95	90	8	30	85	49	26	51	56	34	21	81	15	76	5	81	45	25	65	33	98	67	35	98	66	19	93	26	88	
41	66	30	56	72	83	71	60	23	86	10	23	52	45	92	71	72	23	15	12	47	8	7	37	21	69	95	67	13	81	24	48	98	66	42	54	68	8	56	96	96	92	71	16	57	7	70	54	40	76	45	88	51	92	25	2	67	33	22	75	
64	37	16	16	36	75	71	65	74	17	34	34	8	76	2	56	40	5	10	33	11	2	82	100	6	37	89	7	76	67	23	85	80	55	99	20	32	91	51	72	99	12	29	70	99	18	90	11	30	38	82	27	42	88	55	52	90	59	5	63	
16	91	61	30	15	69	77	11	22	92	40	68	62	27	29	23	66	10	9	84	37	67	20	85	83	38	81	57	65	10	14	100	19	41	86	86	35	37	21	97	4	73	12	49	27	96	30	70	4	32	17	88	16	86	33	10	49	3	26	67	
67	38	64	42	42	1	100	36	84	57	9	12	8	42	63	54	3	82	27	78	2	76	95	11	67	56	65	31	81	85	46	5	75	91	35	35	36	75	60	5	16	20	15	45	21	59	75	27	8	48	53	8	74	50	75	75	99	37	27	32	
82	67	19	40	49	50	79	48	18	75	42	20	65	53	24	43	60	32	83	25	13	60	12	40	35	47	77	19	35	22	5	88	48	81	3	44	93	57	83	44	26	38	41	22	74	46	52	44	4	85	74	8	55	77	12	13	54	5	4	17	
44	65	17	67	7	7	47	31	92	93	40	72	66	74	7	54	68	90	54	76	93	54	25	75	92	95	93	59	1	45	86	50	100	91	52	59	44	46	87	24	37	35	42	43	38	80	74	37	46	41	56	24	59	31	28	3	23	6	2	100	
71	8	97	41	29	57	2	78	42	72	43	85	68	57	89	23	32	5	31	62	88	19	48	68	35	17	99	39	61	2	20	9	88	44	70	54	67	82	31	96	46	82	23	15	34	69	45	68	70	39	86	66	50	80	31	3	76	98	37	76	
24	75	35	61	5	91	24	27	24	85	70	42	90	21	86	25	98	78	17	91	4	96	34	21	69	9	37	58	2	43	31	42	83	82	67	45	1	100	97	70	58	20	21	35	44	79	14	100	64	56	43	100	8	67	89	42	56	56	70	12	
94	37	54	8	47	9	8	12	84	2	79	35	40	70	22	52	68	33	73	63	53	6	33	22	56	91	53	18	72	6	2	70	91	10	64	86	10	13	86	36	90	83	47	15	83	87	14	29	84	40	15	47	23	70	100	42	15	62	11	80	
83	44	76	63	33	12	9	29	3	47	32	81	52	6	33	78	46	50	77	21	78	39	50	23	53	47	27	3	14	51	7	97	7	16	73	44	17	73	91	29	74	29	15	4	29	51	21	95	97	77	22	45	94	85	1	40	92	41	68	74	
76	46	65	12	68	72	73	57	2	7	24	53	16	44	71	49	74	82	47	82	20	47	35	40	38	16	47	50	38	52	77	46	85	51	32	46	36	54	32	69	8	9	86	42	96	45	8	19	70	43	34	29	40	41	70	3	80	51	89	16	
66	80	47	1	21	86	10	23	61	12	2	40	20	55	99	44	62	11	37	43	61	62	91	29	96	1	84	21	83	26	11	71	96	25	6	8	93	19	49	42	71	20	10	52	81	41	43	14	7	93	4	4	83	15	50	21	69	72	37	39	
72	93	21	90	25	16	86	1	36	34	58	43	100	92	17	78	95	6	16	48	33	69	91	43	5	94	91	79	22	98	92	25	98	15	74	26	64	51	23	32	15	64	60	40	2	67	55	49	30	77	5	83	59	22	87	96	22	40	86	23	
91	52	15	38	77	47	84	98	66	91	52	44	52	91	37	22	4	21	92	19	15	27	45	31	6	60	48	14	23	75	54	10	28	76	44	63	17	14	81	75	97	33	18	42	38	80	51	16	11	94	32	100	73	77	97	7	16	63	97	13	
90	72	73	72	62	43	16	3	23	33	50	92	67	35	29	81	86	44	92	92	42	58	82	61	21	99	37	4	4	7	100	99	5	20	37	16	32	58	75	27	58	32	95	62	32	91	1	46	6	77	94	26	57	85	88	62	37	13	29	21	
99	32	55	97	76	85	95	23	22	92	33	86	19	23	7	5	26	23	50	77	69	25	17	3	32	79	96	86	31	55	24	31	72	82	63	30	1	25	15	44	29	80	37	61	24	99	64	48	59	93	95	5	75	14	7	47	84	8	55	73	
71	78	59	50	7	61	64	35	46	3	16	44	27	28	9	56	59	70	28	24	55	20	30	83	84	22	27	21	44	8	20	57	87	48	59	29	32	10	66	83	70	38	75	22	3	67	67	62	100	94	84	40	80	60	45	58	21	4	60	65	
20	80	81	92	73	47	66	64	56	99	12	96	58	96	53	55	86	65	72	63	85	45	68	13	16	100	37	98	34	68	11	61	65	90	96	58	13	41	76	24	62	65	52	22	25	92	96	27	86	21	16	36	52	13	36	99	86	94	6	65	
1	38	72	59	42	36	62	24	89	44	7	53	46	77	36	3	79	22	36	61	54	33	98	13	93	68	31	61	91	61	87	41	96	50	50	55	95	48	11	17	11	19	25	66	85	37	85	96	61	66	31	22	91	65	52	82	66	100	82	67	
45	49	21	34	22	59	79	50	45	92	47	59	51	10	24	88	98	11	90	91	65	52	83	81	72	79	48	89	89	44	6	98	75	79	49	77	8	36	41	19	23	94	42	87	39	12	10	19	13	65	45	64	90	24	22	51	85	36	27	41	
77	52	5	38	14	61	49	26	76	30	37	79	73	16	35	35	37	3	11	94	75	33	12	51	53	42	26	51	30	32	33	96	3	92	99	78	80	80	1	92	49	42	91	54	84	85	8	95	68	74	45	93	3	42	93	74	72	14	28	42	
16	23	77	6	70	48	98	87	64	48	95	12	4	24	79	39	87	25	7	78	81	65	11	5	29	24	90	84	94	32	79	91	66	38	45	16	42	84	64	36	70	78	49	49	87	72	65	7	62	95	17	57	54	68	32	90	97	7	75	55	
55	1	53	7	48	99	87	90	79	48	10	74	15	80	21	20	65	71	28	69	98	53	25	28	62	87	49	47	28	51	26	48	60	11	8	6	39	27	28	87	34	72	40	89	26	100	73	68	70	79	5	78	93	54	57	6	70	79	22	21	
21	16	53	18	68	100	89	43	30	15	60	20	22	100	6	76	7	44	33	58	31	46	84	62	98	86	39	71	44	78	35	91	21	94	42	77	71	86	96	15	89	82	11	61	88	60	16	72	75	22	39	81	67	62	73	84	66	70	36	89	
39	5	51	82	51	77	43	95	54	39	45	93	61	79	80	5	2	65	29	52	93	8	58	50	94	9	36	88	67	56	80	17	7	29	59	26	43	53	77	30	64	77	7	54	5	96	37	72	98	37	63	69	65	8	65	5	57	42	16	55	
48	65	43	38	65	64	68	90	77	46	35	30	9	34	76	86	21	80	84	7	4	22	80	46	44	93	69	41	95	4	51	41	65	81	96	21	84	12	36	22	10	77	15	40	26	93	26	43	94	83	98	42	74	6	69	48	25	35	18	75	
8	85	27	9	91	53	17	65	36	87	7	39	77	64	79	88	78	50	22	32	10	21	22	36	26	99	69	14	16	34	92	86	92	24	17	28	37	27	84	24	54	55	19	69	22	29	96	97	93	21	16	55	12	74	38	38	8	88	74	93	
1	62	46	39	36	77	16	78	31	89	14	38	61	26	22	11	74	22	70	79	23	34	75	61	77	22	64	19	58	76	94	37	45	19	2	62	59	80	70	74	10	81	59	12	13	30	22	74	32	93	41	72	53	1	93	5	67	13	86	44	
10	85	98	73	23	69	18	34	42	21	13	76	89	17	74	38	27	46	45	38	12	92	53	33	90	50	76	84	85	91	62	100	63	82	70	38	56	80	23	27	56	32	30	17	28	8	53	63	77	98	35	58	39	1	53	85	43	89	57	33	
47	100	16	32	42	19	14	39	38	16	48	38	5	33	29	5	32	97	54	96	6	30	26	62	16	67	90	98	75	78	16	97	50	48	50	8	30	28	57	61	15	42	63	23	21	89	34	51	52	26	78	32	11	66	69	91	59	34	52	40	
82	57	88	60	29	12	59	87	11	93	45	91	75	16	38	89	61	50	93	12	80	70	25	92	54	78	67	53	28	17	95	68	20	51	99	45	37	98	82	18	25	78	72	98	49	3	15	41	80	45	1	15	92	37	35	24	26	90	81	31	
60	58	11	94	42	62	55	84	100	48	56	76	45	95	27	49	13	28	72	71	58	23	47	97	37	63	79	27	11	6	87	86	6	68	95	57	91	48	85	86	60	64	25	26	34	8	78	25	91	85	54	26	40	10	67	33	10	56	2	29	
22	47	49	49	27	88	48	50	75	43	37	31	69	52	1	87	53	62	16	14	15	64	80	46	29	20	21	8	20	84	52	47	98	47	18	61	94	60	38	92	63	1	15	70	53	82	99	40	56	83	19	71	98	24	4	32	25	11	53	14	
18	51	13	21	12	59	31	2	59	89	37	28	86	56	3	68	22	56	36	20	29	48	17	1	96	52	48	36	57	61	26	46	100	26	37	50	22	52	13	59	82	83	53	89	100	58	44	57	63	41	5	56	80	14	95	11	75	38	73	37	
12	93	93	13	74	75	48	23	58	4	6	60	40	10	29	100	93	6	31	16	37	5	60	96	15	23	53	82	49	69	75	72	74	47	58	94	61	63	5	20	72	85	38	74	48	11	83	9	46	16	80	57	55	80	61	51	36	97	51	70	
9	65	86	100	56	78	9	74	24	59	5	76	10	5	63	45	70	84	97	87	35	16	23	9	69	30	10	50	7	75	28	6	24	78	77	38	96	28	26	48	7	57	80	51	18	30	79	56	15	67	60	30	30	22	48	68	43	87	5	84	
46	76	18	58	73	24	86	61	33	48	5	85	63	55	98	66	31	71	12	64	34	58	28	60	65	26	94	37	90	11	52	34	11	6	99	39	80	87	55	34	24	42	93	93	23	15	67	61	50	88	36	1	59	91	28	50	99	40	54	65	
61	98	21	36	77	48	8	1	85	83	97	13	99	95	63	55	99	31	26	3	70	25	47	6	99	65	26	39	20	24	8	3	25	76	92	17	89	38	100	3	33	61	92	77	73	73	71	28	80	30	88	81	43	73	59	23	73	8	52	49	
45	86	56	44	56	37	11	29	14	92	53	10	19	31	27	31	30	93	57	75	28	4	69	42	54	43	43	73	81	51	43	96	53	50	50	92	13	74	92	17	84	42	25	97	11	74	88	34	43	87	52	1	94	45	85	91	49	88	18	52	
31	24	7	21	17	89	61	86	61	9	93	45	23	36	65	77	62	35	1	39	83	72	6	85	63	40	92	56	66	81	93	91	48	86	19	20	35	93	83	74	78	68	64	4	88	70	41	6	95	56	59	21	82	6	17	12	37	83	13	24	
9	46	96	35	27	29	93	80	73	32	26	82	55	69	2	43	26	25	9	11	18	47	94	81	33	7	10	9	95	94	10	35	5	83	7	31	17	81	75	46	87	60	23	71	60	2	66	97	45	95	41	97	80	50	5	7	91	97	93	9	
94	91	45	26	78	80	93	36	37	98	18	21	95	11	57	12	5	53	58	99	54	89	64	39	76	39	98	14	4	58	25	56	68	27	87	53	48	6	75	14	55	5	46	30	11	71	70	51	15	8	44	33	16	68	60	89	46	53	11	6	
85	12	24	61	99	90	4	31	96	43	62	68	83	88	83	24	43	74	48	72	94	18	29	42	28	6	95	37	75	63	21	81	5	69	88	81	79	28	3	33	29	25	44	78	78	36	88	76	93	35	4	68	52	99	89	94	44	29	22	17	
90	7	8	88	64	52	38	47	43	58	29	87	83	98	1	29	43	70	62	18	95	86	70	38	83	67	68	15	82	39	80	65	67	88	88	6	91	1	50	60	71	62	59	79	59	96	35	81	22	76	6	73	40	7	94	92	58	38	14	18	
53	30	63	30	90	74	80	100	77	4	48	67	23	22	43	56	48	98	64	33	8	4	22	17	49	93	48	75	58	24	10	46	66	1	17	32	92	1	74	65	6	97	47	17	4	48	33	84	38	63	62	94	36	4	18	56	69	59	87	10	
42	5	77	24	56	7	7	98	44	33	28	79	90	100	49	38	61	54	19	56	77	5	19	44	54	62	72	16	80	62	88	58	82	25	39	11	51	18	85	64	3	71	71	82	6	49	36	93	22	19	91	19	78	83	47	6	55	89	30	81	
18	79	47	58	26	96	56	81	44	17	91	72	32	77	67	72	53	60	49	90	91	50	79	50	44	5	80	40	74	100	41	60	52	70	16	52	3	26	92	38	86	4	16	72	7	16	19	34	32	1	47	10	53	25	81	8	44	63	69	87	
95	77	61	52	9	75	27	56	84	24	78	8	93	63	6	52	48	16	65	15	65	21	12	9	35	51	98	18	5	97	85	55	43	95	78	46	77	51	3	31	53	32	20	72	73	22	23	13	56	74	11	12	42	14	6	79	10	68	33	91	
83	63	85	95	56	66	52	58	9	36	22	9	39	88	88	72	31	97	20	90	6	80	70	56	43	97	83	58	61	16	96	28	30	98	49	32	85	34	10	55	84	51	10	61	81	30	59	72	98	49	1	32	22	64	22	25	78	31	13	89	
84	99	29	57	59	56	73	33	23	7	54	34	74	1	16	68	31	32	44	28	34	24	57	55	37	81	51	95	85	95	88	54	19	21	81	61	77	6	8	71	44	25	50	14	16	69	8	17	18	60	93	83	28	15	66	54	94	22	76	63	
64	12	54	14	87	50	68	13	53	1	91	25	63	64	71	4	41	58	41	37	17	52	24	9	63	99	90	98	17	77	22	85	41	96	42	64	83	91	10	12	17	39	79	53	76	93	92	3	37	18	88	95	80	43	26	31	16	98	46	58	
42	1	49	4	74	2	67	44	48	42	62	15	95	5	82	44	92	86	59	36	61	48	46	36	4	97	55	69	93	90	6	51	46	14	85	25	10	69	2	68	68	36	54	33	6	96	96	4	94	76	18	51	60	64	25	76	31	82	75	62	
28	61	90	33	88	4	98	71	66	23	71	21	9	6	12	3	67	27	39	77	78	4	54	87	74	93	61	70	48	30	82	43	84	85	9	35	37	87	24	63	77	35	50	66	79	14	69	53	85	93	45	10	21	100	55	73	43	17	8	50	
On machine	3
20	1	43	35	50	17	93	25	4	83	66	41	47	57	34	37	32	26	29	34	64	8	4	28	6	34	77	60	32	99	72	90	89	95	63	51	13	57	24	48	17	40	69	36	4	93	76	74	34	68	63	55	73	31	58	31	65	5	15	29	
100	48	79	100	78	4	82	94	17	92	3	24	44	74	77	4	9	95	12	62	29	70	13	47	3	6	3	89	7	8	99	43	72	22	43	100	51	24	44	93	39	56	85	12	66	33	6	58	45	64	30	25	3	91	25	35	78	25	21	49	
19	45	63	99	95	98	29	51	21	79	61	68	13	100	48	9	78	97	39	2	93	82	74	26	58	23	12	98	46	96	79	97	33	75	8	8	81	100	88	20	75	30	84	58	6	88	18	58	17	79	34	31	95	14	4	2	37	58	26	9	
20	75	100	94	94	30	42	79	70	68	62	16	14	31	31	32	75	36	44	72	29	89	13	62	89	8	71	32	65	52	23	95	7	34	25	7	52	34	41	8	63	91	41	87	16	76	60	45	74	9	26	39	12	5	69	38	7	29	76	69	
9	61	58	9	8	97	14	13	78	15	16	82	55	39	38	24	71	15	28	14	18	81	20	22	2	1	70	24	8	87	75	73	45	41	61	27	18	64	83	59	13	65	52	14	70	66	85	88	46	74	98	42	51	17	66	89	49	55	80	12	
12	44	76	43	33	76	94	16	29	24	31	2	15	8	97	71	61	74	98	18	58	3	4	58	46	62	23	86	83	38	70	81	3	11	39	87	74	22	90	1	25	43	11	73	51	68	11	14	75	49	16	59	26	56	44	49	34	38	41	26	
75	57	81	4	25	11	79	22	15	63	20	61	55	7	100	10	65	34	82	58	52	22	65	62	22	16	59	24	75	22	18	72	78	50	22	8	51	22	98	36	13	15	58	5	26	46	56	90	82	92	73	12	29	45	19	20	27	67	57	87	
62	7	7	86	19	56	6	13	49	99	82	24	6	63	46	92	42	78	23	67	69	31	82	8	4	45	11	33	64	25	82	25	10	28	15	8	74	43	16	97	45	14	72	23	40	53	29	79	68	97	39	65	6	36	43	65	4	8	25	8	
37	38	82	23	63	76	36	51	28	47	39	58	97	91	95	13	43	3	59	10	62	53	86	19	18	57	93	64	14	61	96	26	62	86	40	20	98	89	80	3	43	68	62	88	56	66	65	9	17	55	20	16	47	5	6	2	8	80	40	40	
52	48	50	42	100	81	77	45	82	86	48	91	29	6	78	4	35	91	80	71	44	23	68	57	72	33	89	97	56	51	27	22	61	97	93	53	18	3	85	86	11	3	92	83	6	93	83	10	76	2	29	100	19	86	26	19	79	61	47	57	
55	56	67	61	46	85	58	94	37	60	88	54	10	56	84	89	5	61	9	1	14	83	16	100	47	51	59	71	43	32	14	82	76	6	13	30	5	70	93	42	79	64	18	17	97	12	15	58	2	75	24	34	14	66	1	86	43	64	64	12	
29	4	41	71	31	49	83	96	68	25	34	49	86	56	74	68	23	22	99	81	17	93	31	84	66	35	64	47	35	64	74	96	32	85	31	37	17	61	66	16	27	42	36	6	10	42	25	23	61	47	98	88	51	12	39	88	93	87	68	42	
64	91	28	35	8	29	77	63	37	54	53	70	60	58	40	77	10	64	79	57	49	4	97	83	79	25	92	69	7	100	66	44	12	17	69	98	9	41	91	42	39	72	78	61	85	95	78	3	26	24	76	67	86	21	100	47	25	27	38	12	
21	40	98	92	78	82	4	13	48	9	1	73	87	23	3	18	74	23	62	32	42	96	96	40	64	74	66	32	54	5	61	56	38	13	20	7	31	22	82	59	32	33	26	61	86	47	97	60	29	60	28	83	90	82	23	57	40	28	5	97	
45	21	80	66	90	17	12	45	61	73	19	49	97	2	72	89	51	84	100	96	12	76	64	17	43	84	4	54	29	21	79	11	86	94	21	30	6	59	37	37	95	72	3	10	40	78	25	42	46	42	52	26	51	86	77	38	21	5	64	22	
75	47	73	13	82	79	74	59	73	30	12	56	41	49	57	67	52	15	30	84	12	90	32	72	96	90	60	53	86	9	95	81	19	12	91	88	7	34	4	22	11	72	77	49	88	73	7	99	53	43	50	82	100	98	21	53	97	35	29	46	
48	96	57	5	92	74	21	56	24	74	42	14	96	72	20	1	31	9	15	75	60	8	3	13	39	3	71	71	29	19	52	74	26	98	13	59	26	35	6	48	30	87	94	84	69	70	53	7	46	19	14	91	12	9	55	60	35	6	2	23	
97	89	13	69	21	11	33	34	10	53	44	100	75	57	62	8	65	54	72	36	22	69	40	62	17	21	100	48	78	74	70	28	32	5	19	2	71	31	19	8	63	63	49	25	50	32	23	17	81	24	92	96	90	54	64	32	40	42	76	8	
63	38	39	31	94	11	31	54	3	54	12	85	97	49	22	7	91	96	89	99	40	100	18	70	94	65	64	34	40	47	80	45	67	32	68	31	39	35	61	8	78	40	56	94	21	47	54	37	47	98	76	35	62	50	38	46	55	100	82	24	
73	60	27	39	9	87	94	89	52	18	77	93	10	81	63	86	37	73	19	84	77	80	36	29	27	91	96	26	40	82	35	50	91	25	19	9	21	63	17	53	8	50	63	77	86	38	84	71	44	59	79	87	18	59	20	40	44	85	87	43	
93	3	39	46	3	30	78	16	80	55	13	62	47	4	90	67	74	97	4	82	99	53	15	59	52	44	89	89	84	49	61	12	38	19	49	11	84	47	77	95	9	61	90	12	38	5	20	11	19	20	47	42	24	51	95	24	41	45	3	84	
11	80	84	83	8	54	91	63	35	33	12	87	4	4	27	60	44	87	95	35	44	57	37	32	34	1	7	9	57	72	94	56	86	88	13	84	14	60	91	79	50	22	63	75	45	12	73	82	53	72	16	100	17	66	6	91	73	63	91	82	
82	67	94	29	96	3	56	16	17	61	46	58	55	3	97	16	21	74	81	13	86	62	98	45	51	98	50	81	78	14	74	25	10	36	74	52	89	99	40	19	16	73	56	24	70	41	36	5	31	12	36	14	22	75	15	11	69	40	4	54	
48	80	38	15	85	86	8	97	46	38	15	8	91	84	25	27	74	22	18	15	24	51	1	69	69	78	57	89	43	42	41	55	47	3	49	83	85	89	38	23	38	27	47	40	34	43	93	37	75	11	72	58	86	11	3	17	64	18	69	33	
49	55	1	52	28	73	92	91	12	80	45	51	97	90	89	42	14	32	35	18	77	25	41	17	87	13	37	22	6	97	79	79	84	27	64	100	10	64	42	11	69	97	76	24	19	98	17	87	14	68	64	23	44	59	63	21	75	7	40	73	
51	26	7	69	16	74	9	84	5	31	57	24	45	43	21	11	29	41	23	50	58	32	64	63	69	60	20	1	72	15	16	18	56	69	89	80	59	76	54	75	54	9	51	18	66	50	98	99	11	22	54	84	51	34	87	7	76	90	86	66	
48	83	5	24	35	70	80	70	7	45	21	38	56	20	89	52	79	87	36	41	43	93	44	80	40	24	21	79	43	28	87	63	19	97	50	88	66	57	25	67	63	25	31	24	11	67	91	62	65	84	95	73	35	59	79	40	53	77	25	62	
84	98	68	49	7	4	1	57	89	6	21	75	79	28	12	14	7	66	61	58	26	6	75	26	54	34	64	33	63	69	60	61	2	44	60	20	86	83	4	76	67	10	13	36	80	31	95	76	33	17	90	21	37	49	76	21	100	19	26	77	
85	43	26	75	66	22	49	43	3	16	48	9	96	75	8	69	73	40	78	1	68	68	92	10	18	78	37	33	30	30	11	24	47	41	55	93	3	8	73	99	51	14	21	79	100	90	61	32	74	64	99	6	89	87	97	55	2	83	31	67	
31	64	17	37	21	70	87	91	69	22	57	3	1	21	50	34	96	64	11	58	12	76	95	66	99	50	90	60	100	30	39	46	51	99	98	53	60	34	61	4	16	36	77	48	37	81	65	43	63	47	23	50	94	46	78	10	30	89	7	38	
32	73	70	87	35	1	56	80	91	73	91	60	57	38	33	33	19	34	96	70	41	13	77	25	36	48	92	93	42	49	7	9	35	6	79	30	86	44	83	1	55	23	87	77	99	97	8	31	20	88	80	98	67	44	9	2	71	49	84	96	
92	20	68	32	84	19	85	74	36	58	25	76	70	21	34	60	10	95	72	89	91	52	89	4	36	78	38	42	70	20	44	86	59	15	84	8	35	2	43	3	82	17	81	35	35	1	51	44	23	70	15	96	61	28	31	56	40	62	41	48	
53	95	54	61	91	59	8	12	25	10	14	35	11	79	98	51	23	96	64	46	61	36	14	12	68	57	17	77	32	31	11	29	85	73	43	66	25	90	76	93	33	63	62	99	39	19	17	71	52	74	63	17	44	91	32	72	98	8	29	79	
94	31	62	69	73	54	39	79	64	66	44	38	47	13	19	62	15	25	94	12	89	68	14	91	21	49	87	21	83	15	17	71	69	29	26	91	5	2	69	64	100	26	87	12	3	48	20	1	42	1	5	73	42	72	47	96	35	8	45	74	
93	16	2	49	26	1	93	91	45	81	39	12	94	21	3	19	18	16	6	63	56	3	13	52	100	20	30	17	22	79	32	56	18	9	75	96	31	11	1	11	70	87	83	36	29	25	6	2	47	69	18	10	53	67	3	25	26	3	37	30	
51	22	22	98	22	28	98	25	79	67	44	60	67	16	42	40	17	21	33	82	95	55	2	98	26	9	12	41	64	84	10	66	13	81	44	5	11	36	65	3	59	65	100	61	5	92	92	51	34	77	71	82	8	54	38	9	58	33	93	92	
2	57	95	50	64	47	45	25	7	32	78	55	17	46	70	72	90	12	48	53	17	9	98	35	80	15	80	76	66	19	25	41	9	81	70	93	20	30	63	9	9	78	39	65	35	100	5	61	80	98	92	91	29	17	72	16	83	48	46	30	
88	36	35	25	61	80	24	68	30	54	84	18	94	37	20	36	17	32	79	69	43	75	78	97	63	49	11	6	32	98	66	20	66	94	38	23	80	10	40	39	29	21	49	87	49	69	67	100	66	35	82	80	21	32	27	94	74	33	13	93	
19	78	62	25	28	27	39	20	36	27	80	53	22	20	54	25	6	66	90	79	42	43	95	49	8	59	31	99	74	86	34	4	52	94	67	7	68	9	90	12	72	87	2	90	67	23	47	47	77	88	39	82	37	78	14	73	36	10	22	47	
75	98	48	11	11	88	48	26	8	6	67	30	13	10	3	51	94	82	59	42	19	59	32	48	36	74	59	23	51	4	95	35	82	14	49	56	61	3	11	95	64	92	66	82	93	48	19	24	51	66	80	9	63	35	90	98	85	17	33	76	
11	92	56	83	62	95	19	88	74	74	58	18	46	61	98	17	94	53	18	60	20	89	48	17	58	41	40	87	95	73	94	51	20	96	39	34	7	47	88	70	32	43	2	58	60	20	69	59	8	10	39	96	75	21	24	46	58	27	76	53	
67	92	20	41	56	95	21	56	10	96	77	96	1	13	23	68	73	92	61	67	1	1	28	96	56	40	55	15	65	82	28	60	31	73	8	46	13	41	46	7	18	80	93	6	20	20	69	23	82	51	51	14	24	39	95	11	89	80	7	81	
95	27	33	65	82	60	42	73	26	46	29	100	79	89	30	81	42	100	59	92	74	52	98	43	34	9	25	21	72	52	66	47	34	76	59	48	73	85	25	71	12	26	19	46	98	26	98	41	62	85	51	99	69	31	16	39	36	22	34	59	
57	19	38	18	56	51	82	76	19	92	47	59	29	93	73	71	46	10	30	13	24	11	35	91	79	76	71	30	47	89	13	53	26	91	81	77	73	63	78	10	32	9	18	34	16	59	45	95	83	11	14	33	12	74	40	8	13	19	84	11	
91	24	20	82	57	95	8	13	11	63	94	37	48	12	67	67	54	32	96	99	69	48	54	11	27	43	98	47	74	81	59	91	74	34	17	55	89	7	50	54	40	65	47	62	36	25	78	99	5	25	89	51	57	85	73	60	76	76	44	28	
91	92	24	17	14	62	1	67	55	83	61	71	75	48	57	53	23	57	19	17	8	44	26	74	94	38	85	7	15	70	84	62	22	69	91	10	2	50	8	75	17	99	43	41	77	24	80	33	66	98	45	78	79	30	73	20	57	39	88	82	
41	90	24	50	89	77	91	65	15	5	10	23	66	75	89	15	17	69	8	46	47	85	33	82	15	56	39	63	81	68	99	21	33	58	41	51	8	26	9	87	36	99	10	78	83	84	43	18	11	95	4	34	48	7	11	32	87	28	64	32	
98	22	22	5	79	36	51	82	54	81	85	15	25	36	57	36	18	44	69	49	19	42	1	54	9	34	27	45	47	84	96	86	36	43	48	54	12	82	37	83	30	87	43	2	90	88	64	46	42	60	50	49	14	18	99	61	96	52	49	40	
92	27	82	99	16	60	55	27	11	18	53	17	71	3	95	72	84	24	44	16	59	17	92	29	15	31	6	97	75	28	65	78	29	24	7	43	89	50	73	57	32	3	21	41	38	4	4	56	70	78	88	77	66	13	17	46	83	53	62	62	
69	45	50	63	42	45	28	79	63	35	51	87	8	56	2	30	85	16	23	95	57	83	19	86	22	65	2	28	24	21	79	13	35	5	29	2	31	89	35	23	47	57	61	98	54	99	60	56	32	78	20	32	95	76	60	86	11	74	10	10	
56	5	4	97	16	19	86	79	5	56	20	50	8	6	91	45	58	19	27	45	53	14	55	24	18	51	76	50	18	51	91	1	11	75	90	56	24	87	53	51	15	42	85	93	6	20	84	61	24	32	70	15	26	28	36	62	34	41	67	38	
50	59	47	84	27	97	21	15	64	21	18	50	94	79	96	7	34	54	70	14	33	58	99	38	50	40	95	15	29	43	33	33	79	12	36	52	94	41	25	64	98	49	84	47	17	63	23	5	75	76	31	15	8	13	52	83	22	54	47	95	
5	52	82	80	38	69	64	68	40	37	93	11	57	15	48	87	40	54	72	58	77	73	36	49	86	46	78	2	32	22	29	13	70	27	21	42	53	42	28	5	7	19	23	92	26	11	22	25	95	48	55	95	12	11	72	43	50	3	89	10	
34	44	29	61	78	30	95	76	47	87	43	75	49	50	81	29	91	81	38	86	27	70	18	68	53	9	17	62	24	65	72	44	8	36	59	5	31	20	52	97	69	80	11	97	33	58	4	9	63	82	16	74	23	78	44	84	63	31	65	81	
12	12	81	31	97	31	46	46	40	21	12	10	33	45	86	68	100	7	32	2	46	52	27	60	51	29	52	44	35	25	30	13	99	21	6	56	69	43	40	67	26	57	27	74	10	86	9	19	73	89	72	73	9	80	65	60	24	48	99	71	
20	56	14	46	44	2	76	94	24	1	75	50	92	16	89	78	68	59	76	27	84	32	74	73	15	7	72	67	29	89	77	46	70	66	69	43	51	33	55	46	55	18	40	55	82	54	25	30	4	100	67	7	77	28	16	50	20	15	49	41	
70	6	14	76	25	20	73	72	5	53	10	35	17	88	11	51	20	91	32	97	9	30	49	16	9	33	19	6	45	78	79	21	92	54	77	54	94	94	16	47	1	1	11	74	26	89	79	78	75	79	78	36	68	15	44	85	47	39	39	99	
1	43	36	84	86	48	99	68	40	81	48	13	43	55	32	3	59	80	30	51	94	38	99	62	27	41	90	83	36	34	32	13	96	77	74	50	88	10	21	61	91	55	67	33	51	82	82	81	86	32	62	26	1	85	34	16	96	38	48	58	
99	39	93	89	3	66	6	78	79	55	16	33	72	74	62	100	54	22	41	97	46	7	96	33	33	66	93	57	79	24	97	25	4	40	55	59	17	73	96	32	82	31	95	77	66	77	36	93	59	43	25	26	64	76	40	74	37	35	90	42	
38	61	39	81	99	58	87	42	30	10	28	89	37	54	41	41	17	19	51	22	19	81	22	69	98	59	54	61	73	2	6	47	35	63	24	89	41	10	23	18	98	9	38	97	56	72	1	96	34	6	85	39	97	4	51	18	31	28	17	79	
On machine	4
10	49	61	39	89	57	26	26	33	47	3	61	70	14	81	75	68	61	32	75	16	89	71	42	33	44	73	20	80	3	63	19	99	54	10	11	85	23	71	71	87	84	41	92	21	85	70	20	8	69	58	98	63	72	29	96	15	33	16	47	
48	84	46	14	32	95	79	46	66	53	36	81	31	3	83	34	92	66	66	3	29	72	71	40	63	2	95	48	8	3	12	96	39	55	3	72	14	47	62	49	36	54	20	20	70	19	10	25	81	81	18	33	21	79	67	5	5	17	96	75	
55	18	28	23	85	85	62	72	96	21	24	19	64	20	77	87	16	75	78	65	51	39	97	94	26	100	81	86	36	97	78	72	77	7	38	35	11	20	34	3	38	91	33	9	76	91	9	31	63	53	75	11	23	62	58	45	92	40	15	99	
97	40	3	1	4	28	80	37	36	93	52	92	13	64	60	30	30	21	9	99	17	28	61	43	83	55	8	51	49	40	7	83	27	27	24	66	14	79	67	53	44	49	69	76	39	12	47	87	78	15	21	52	93	12	63	32	42	75	76	19	
3	38	34	71	22	18	45	16	99	50	47	66	76	50	55	99	11	7	4	72	31	93	9	53	20	45	51	39	8	88	46	61	6	8	75	50	10	61	89	67	21	67	36	48	3	42	35	44	70	85	44	68	29	59	56	79	68	4	23	83	
50	84	50	99	20	49	80	33	80	49	34	14	94	85	53	32	93	51	20	67	34	83	19	16	44	30	100	41	91	91	52	73	31	62	43	27	19	64	31	24	15	56	10	90	41	95	23	6	7	19	44	69	34	3	13	15	37	40	99	28	
49	15	13	76	75	37	35	13	23	23	85	46	59	8	2	38	63	87	6	13	32	5	53	54	10	78	86	86	35	39	94	100	49	80	20	49	70	11	84	2	62	25	34	88	17	79	78	71	39	12	98	58	52	49	56	1	83	41	61	8	
90	57	16	28	75	23	83	8	97	99	39	42	78	2	70	21	92	27	62	80	25	58	99	100	47	7	73	99	16	58	35	86	51	44	83	53	91	46	23	56	31	29	31	24	58	18	61	77	76	54	29	94	26	77	45	24	90	82	84	8	
85	59	76	48	93	95	61	26	6	83	60	57	77	49	18	44	67	37	70	82	30	50	45	17	20	85	7	1	48	96	16	63	47	6	84	9	88	21	76	4	71	36	18	65	66	87	71	44	47	23	38	14	36	50	88	28	65	34	94	100	
86	21	54	4	29	65	99	13	36	52	2	18	50	3	25	21	26	87	81	33	21	4	69	9	9	6	95	76	33	4	86	9	27	71	35	16	79	26	28	94	62	95	100	9	19	83	8	96	45	41	97	34	86	72	43	64	22	86	89	56	
71	43	31	7	23	83	81	55	82	51	84	5	57	10	85	21	67	71	4	80	40	25	51	5	56	88	72	31	13	74	12	65	39	100	81	99	22	73	32	84	41	99	15	29	38	5	95	41	58	33	13	21	90	63	62	14	82	10	3	49	
45	2	90	46	5	85	55	44	33	5	22	44	64	62	5	4	48	4	16	30	66	96	11	60	100	28	36	2	68	27	94	54	11	50	41	44	22	12	46	95	59	28	29	42	75	28	10	22	27	11	89	55	49	88	6	93	36	10	31	53	
91	100	63	36	97	82	31	51	81	87	14	27	32	4	58	35	43	21	53	72	43	83	10	25	38	69	9	75	96	11	92	54	42	79	39	8	22	78	80	58	22	56	59	73	13	47	29	14	11	61	96	30	93	22	59	23	46	63	37	19	
72	53	51	38	21	22	81	77	23	66	30	69	62	57	13	57	89	83	50	12	40	4	33	95	68	13	35	70	59	94	42	56	78	38	60	40	41	80	91	5	78	23	7	29	28	36	11	58	8	90	17	73	61	34	1	24	21	93	96	65	
48	55	80	83	32	16	22	5	61	40	3	76	82	7	61	22	60	60	62	16	83	59	9	76	22	71	67	100	62	44	44	13	22	32	43	15	74	89	31	52	81	52	54	35	99	28	22	4	43	4	11	93	85	33	96	10	15	32	41	96	
69	99	76	90	7	46	22	25	38	40	61	42	49	67	20	50	50	8	79	41	71	38	99	6	82	34	64	6	77	31	29	39	46	75	35	83	2	54	87	81	26	97	45	39	26	33	13	12	86	21	3	40	55	65	81	34	35	37	86	33	
87	86	80	50	55	35	91	85	87	70	68	34	61	44	99	18	79	98	45	70	19	90	88	47	44	21	8	42	35	62	57	2	73	43	42	41	58	90	94	95	23	16	38	65	32	41	26	60	25	10	35	63	58	50	80	14	36	38	67	25	
66	45	91	66	4	16	67	79	42	38	86	54	9	6	37	45	54	68	84	20	23	49	36	20	1	91	12	39	6	84	51	61	8	42	86	49	63	83	79	88	56	22	89	45	61	26	8	99	3	85	15	27	9	91	40	96	15	44	68	87	
6	91	56	90	2	85	63	50	10	22	33	85	11	70	52	21	72	22	33	46	19	36	16	52	35	80	39	36	89	97	88	68	37	24	82	10	51	26	94	78	50	76	95	78	11	54	70	14	76	76	94	95	35	45	3	36	62	29	97	8	
77	14	95	66	6	45	61	38	51	65	39	76	97	21	59	31	24	2	97	59	24	99	44	9	46	20	44	98	93	8	45	71	58	11	71	37	34	83	32	89	95	51	10	69	18	64	29	94	79	18	71	33	9	71	7	81	72	18	62	31	
12	95	56	42	77	88	10	12	87	35	36	28	70	46	38	84	14	79	75	50	31	26	17	55	69	68	74	23	2	9	66	99	16	60	35	60	36	89	33	63	43	59	17	50	93	100	76	58	71	73	40	33	33	98	11	82	19	2	43	38	
11	83	84	41	44	77	55	58	1	46	76	35	90	81	91	69	2	39	96	66	84	50	31	36	96	18	85	13	56	13	44	23	75	10	32	38	80	16	31	55	32	68	62	48	26	59	74	25	39	9	90	25	62	47	97	42	28	59	90	57	
82	9	14	29	63	40	10	77	89	15	78	32	52	17	5	93	33	19	85	51	4	36	2	95	87	34	90	59	97	3	96	57	52	30	25	65	70	43	74	19	42	41	47	93	41	34	31	75	99	48	50	67	55	30	63	39	25	44	94	53	
68	20	93	38	91	49	85	98	56	69	63	67	27	29	27	29	11	12	61	97	90	2	59	84	82	82	22	62	84	45	32	45	100	88	90	60	73	4	37	85	74	17	6	30	41	13	42	24	3	25	95	12	88	1	45	39	36	31	87	79	
83	38	34	82	45	77	86	58	85	96	98	42	3	35	83	24	59	92	88	87	16	95	25	7	48	64	71	59	62	35	46	75	18	21	58	34	52	65	95	77	55	30	53	40	87	87	62	40	33	30	61	18	78	61	26	11	75	13	43	61	
67	65	11	45	33	24	73	93	64	82	55	96	92	40	19	8	98	85	63	43	63	91	96	4	49	42	28	64	79	95	63	53	51	41	10	58	17	77	47	12	17	75	88	44	15	60	23	33	33	25	57	36	26	3	62	94	78	12	45	41	
55	63	76	66	46	31	26	22	33	10	19	67	11	36	68	16	20	89	92	24	87	83	73	100	41	30	35	92	81	86	14	63	36	63	26	88	41	23	96	52	25	82	31	89	75	9	92	85	52	58	21	84	81	19	23	54	77	33	91	89	
64	100	22	85	40	44	29	68	23	18	44	72	81	20	61	3	96	85	7	99	62	65	79	70	66	9	7	59	40	34	10	73	29	2	15	44	58	86	37	42	73	30	46	79	2	18	90	20	91	74	51	41	50	5	34	65	18	77	77	83	
56	94	7	53	75	60	83	79	62	2	69	37	65	24	61	13	100	67	38	81	39	32	42	40	92	42	26	42	45	96	4	65	93	38	35	29	95	54	44	3	1	34	50	38	37	17	43	18	61	55	57	14	12	65	57	63	9	68	99	65	
80	88	82	89	25	20	86	56	7	48	64	72	66	96	76	88	21	3	90	44	23	6	6	2	78	58	56	87	36	11	64	53	54	90	89	44	78	98	84	51	29	54	31	81	33	94	11	20	75	96	91	22	29	8	78	89	2	19	87	59	
82	95	71	19	55	91	22	62	20	90	25	85	37	1	87	66	83	6	87	90	89	22	22	82	3	49	5	77	71	64	17	4	70	12	70	98	4	90	100	10	97	18	41	51	2	31	90	72	11	2	43	13	79	27	42	33	82	13	19	55	
41	30	68	85	68	50	18	83	80	74	29	69	99	1	31	73	56	38	90	47	57	24	17	26	87	1	69	90	45	53	92	73	57	99	10	39	52	1	6	57	91	9	31	91	97	54	4	58	95	96	85	18	6	11	87	24	87	86	1	9	
49	19	28	35	94	5	40	78	83	18	64	61	41	78	51	67	36	31	100	7	8	31	96	82	53	31	66	59	47	73	27	20	32	28	38	5	56	62	1	21	92	87	86	27	27	13	53	65	43	11	63	79	46	13	62	47	6	56	69	45	
61	2	55	24	40	61	35	2	8	36	63	61	27	94	77	42	77	25	21	90	54	78	8	23	21	32	9	56	49	86	50	12	51	93	9	36	1	100	67	70	9	38	76	97	81	25	5	87	41	80	59	26	18	44	85	10	5	27	51	65	
15	57	31	52	4	50	4	70	17	23	54	78	79	63	82	6	21	30	14	29	5	21	22	92	25	89	48	5	35	13	85	35	43	1	70	14	33	93	6	86	38	44	52	18	3	57	3	99	95	23	43	97	44	77	88	53	17	89	22	27	
75	64	31	2	54	50	97	70	44	90	69	85	24	73	52	37	24	79	20	1	28	54	10	42	30	22	19	44	42	93	99	89	79	95	29	73	46	36	8	51	75	25	66	39	45	53	15	44	46	5	64	40	59	38	29	73	64	17	63	42	
59	71	43	59	37	74	2	33	29	56	41	42	22	98	21	95	87	60	41	2	37	91	21	19	68	19	53	21	73	34	26	31	76	68	53	96	96	81	96	38	23	4	66	22	44	26	81	10	9	2	30	32	26	13	61	83	47	77	74	43	
14	98	95	70	41	93	66	16	65	16	41	51	27	41	57	24	93	71	12	75	52	18	54	46	68	91	77	15	5	87	15	19	37	79	77	23	83	48	54	93	78	91	58	44	85	64	92	43	53	46	64	63	99	50	52	79	48	66	13	8	
21	95	74	20	56	66	37	100	77	43	93	24	5	71	47	30	53	95	51	60	1	48	78	82	78	2	38	91	12	88	33	61	92	77	49	7	43	96	87	42	39	44	63	100	70	98	35	29	63	28	20	82	72	87	10	15	65	8	22	67	
2	94	52	47	89	3	9	99	68	88	31	8	66	25	43	63	96	65	100	32	60	86	50	75	34	25	39	54	77	73	57	79	86	37	12	13	96	82	26	73	93	9	88	23	65	53	23	17	63	85	36	76	36	24	100	24	16	37	63	64	
13	65	95	94	27	83	31	80	9	54	8	29	46	77	36	58	56	95	53	91	19	80	28	100	89	32	27	75	36	79	32	85	78	52	59	33	85	81	90	76	33	56	66	22	9	23	97	87	35	53	94	33	69	92	12	21	1	97	31	100	
49	26	51	96	26	67	10	8	44	64	16	36	55	58	50	68	100	63	56	26	79	26	6	86	11	43	80	26	27	39	76	22	64	68	76	82	23	40	77	58	88	79	95	5	71	61	42	40	94	60	45	69	7	10	20	15	12	39	71	80	
36	74	97	94	23	76	19	7	9	5	26	7	94	21	93	98	22	2	31	66	28	28	83	77	52	37	38	43	25	67	51	87	11	90	36	24	25	38	75	2	6	20	57	76	98	4	36	72	27	47	72	33	1	94	80	56	21	3	62	15	
36	31	34	90	40	67	99	75	3	22	61	79	80	19	44	73	98	55	62	94	50	30	95	18	73	2	26	86	70	68	1	70	60	46	57	74	27	21	99	3	12	80	82	19	6	61	97	29	56	82	4	33	68	14	62	88	100	13	2	87	
99	29	31	37	70	18	39	66	89	69	51	57	72	80	24	46	9	5	26	69	95	13	41	5	32	63	75	36	99	1	40	18	17	8	63	32	69	94	58	99	17	21	41	5	63	7	31	91	84	77	13	40	64	20	43	61	10	40	100	10	
45	91	59	79	47	98	19	98	21	74	8	12	15	58	23	42	94	55	33	91	47	36	75	79	74	95	64	61	10	75	45	17	82	87	33	47	57	92	45	36	18	6	71	54	100	25	55	53	4	41	44	25	51	6	99	81	33	10	45	43	
21	27	88	85	7	82	52	70	24	44	2	1	49	87	81	45	99	64	63	46	89	30	1	78	30	7	47	99	41	85	14	12	10	24	72	71	19	10	29	71	39	44	14	10	61	95	90	48	48	85	12	56	10	64	24	45	99	95	41	9	
95	92	87	19	86	22	80	87	6	61	28	47	2	78	77	98	99	91	76	99	68	62	37	3	54	73	89	91	79	58	82	78	86	84	95	18	40	50	33	32	21	33	1	69	94	68	22	98	65	87	97	7	50	37	40	4	37	68	24	92	
8	80	2	31	98	59	60	9	4	26	83	67	79	48	19	46	38	97	87	94	61	8	3	92	2	81	95	63	72	4	76	95	29	50	37	15	12	39	56	61	58	75	89	76	52	37	8	33	38	52	6	61	15	96	56	9	41	34	79	75	
62	27	47	57	70	46	94	3	71	86	8	54	59	85	81	98	45	84	10	87	39	15	56	3	81	9	13	91	98	99	72	93	75	24	23	73	32	89	51	90	11	50	63	39	42	9	89	33	21	52	22	44	36	1	49	9	45	86	45	46	
45	46	90	60	7	3	13	48	30	60	18	97	29	29	23	9	19	65	14	34	8	23	96	75	29	94	64	63	19	14	46	17	34	10	16	77	47	52	40	25	24	37	80	36	20	69	38	63	15	39	60	49	58	60	35	28	34	38	87	5	
9	99	62	92	98	59	44	67	14	7	90	21	51	70	21	38	36	65	82	78	33	81	35	13	88	7	29	61	12	81	4	61	17	60	58	68	76	93	96	47	21	88	57	32	58	69	96	32	62	61	13	33	21	41	15	87	9	92	20	99	
66	99	72	90	6	33	54	77	57	77	69	21	75	31	98	53	41	80	67	65	73	17	76	85	36	34	15	22	58	92	73	49	81	73	19	98	1	1	54	30	36	41	27	88	12	52	85	92	37	78	24	78	9	40	70	62	17	71	16	59	
2	29	68	85	47	9	40	57	89	98	50	76	57	50	37	33	96	19	42	31	29	39	36	34	2	92	49	67	12	2	74	66	69	80	77	91	74	16	69	60	82	7	21	71	8	33	41	99	20	12	85	23	45	71	3	22	17	77	47	12	
46	70	77	30	47	1	87	28	42	35	76	55	24	93	64	13	22	16	77	91	3	32	41	99	25	82	29	85	73	17	25	15	25	87	17	31	57	65	39	28	81	40	66	81	52	34	99	9	74	28	90	32	93	21	67	25	86	76	21	28	
59	85	27	65	68	61	25	42	42	90	66	94	65	69	15	39	97	59	94	1	88	94	60	39	3	45	31	45	91	25	24	75	49	33	17	65	64	36	98	91	78	82	77	75	46	24	3	17	56	48	9	78	97	73	38	52	100	78	61	44	
13	33	19	45	21	97	78	85	55	84	73	29	98	59	79	58	82	79	77	57	11	62	19	31	44	20	46	2	20	18	33	46	71	36	88	11	11	30	48	73	92	82	87	65	1	91	23	72	87	1	23	66	84	75	89	29	21	61	6	9	
56	72	10	82	61	70	51	4	13	98	49	18	3	64	51	67	43	25	84	84	8	89	63	2	51	13	3	79	60	15	11	55	63	63	13	25	91	67	66	13	21	51	94	80	61	71	8	58	13	60	23	71	46	13	54	82	82	82	29	30	
10	70	57	73	25	33	79	54	82	28	59	85	55	19	11	94	85	39	37	86	89	14	88	49	76	4	91	49	15	40	59	5	26	46	44	90	55	5	61	22	65	51	59	57	61	52	15	5	71	5	59	24	18	50	11	41	82	94	72	68	
10	57	100	33	45	95	75	23	91	51	42	24	80	66	98	57	85	13	12	96	28	35	94	100	33	12	48	48	97	79	31	62	57	55	50	18	14	1	56	83	4	23	81	29	84	71	80	100	31	77	88	56	7	31	66	1	68	96	70	5	
