Factories	2
Families	40
Machines	4
SetupType	3

Number of Jobs in each Family
2	9	4	8	1	8	1	10	5	10	2	4	3	5	9	9	8	10	7	7	5	1	2	5	7	7	10	8	10	9	10	6	1	6	6	7	7	3	3	9	

Jobs in each Family
0	1	
2	3	4	5	6	7	8	9	10	
11	12	13	14	
15	16	17	18	19	20	21	22	
23	
24	25	26	27	28	29	30	31	
32	
33	34	35	36	37	38	39	40	41	42	
43	44	45	46	47	
48	49	50	51	52	53	54	55	56	57	
58	59	
60	61	62	63	
64	65	66	
67	68	69	70	71	
72	73	74	75	76	77	78	79	80	
81	82	83	84	85	86	87	88	89	
90	91	92	93	94	95	96	97	
98	99	100	101	102	103	104	105	106	107	
108	109	110	111	112	113	114	
115	116	117	118	119	120	121	
122	123	124	125	126	
127	
128	129	
130	131	132	133	134	
135	136	137	138	139	140	141	
142	143	144	145	146	147	148	
149	150	151	152	153	154	155	156	157	158	
159	160	161	162	163	164	165	166	
167	168	169	170	171	172	173	174	175	176	
177	178	179	180	181	182	183	184	185	
186	187	188	189	190	191	192	193	194	195	
196	197	198	199	200	201	
202	
203	204	205	206	207	208	
209	210	211	212	213	214	
215	216	217	218	219	220	221	
222	223	224	225	226	227	228	
229	230	231	
232	233	234	
235	236	237	238	239	240	241	242	243	

Total number of jobs
244

Processing times of jobs
2	10	1	10	
3	4	8	7	
4	4	7	9	
6	1	10	6	
7	1	6	2	
6	1	4	7	
4	7	10	3	
4	2	6	5	
5	2	7	7	
10	1	2	5	
7	10	8	6	
10	7	3	3	
2	9	3	6	
1	1	3	2	
3	8	1	6	
2	2	3	7	
3	6	7	9	
8	7	2	7	
7	9	5	2	
3	8	1	7	
1	10	1	7	
5	1	5	3	
3	8	1	2	
6	4	3	1	
2	1	6	1	
9	4	8	4	
8	8	9	7	
8	2	1	4	
6	1	10	5	
6	4	4	7	
10	10	1	9	
4	9	9	6	
10	4	10	1	
4	3	1	7	
1	8	8	9	
2	4	7	7	
5	8	3	1	
3	6	10	4	
2	1	2	3	
10	2	5	2	
9	4	1	7	
3	5	2	6	
1	4	5	2	
3	3	1	2	
1	4	1	5	
7	4	10	10	
1	5	10	6	
9	10	6	3	
3	8	8	8	
8	8	1	7	
10	4	9	9	
1	10	6	9	
6	5	3	1	
6	6	9	9	
8	8	10	8	
9	5	10	1	
3	3	10	6	
2	7	5	4	
6	3	10	1	
10	10	1	4	
2	1	6	5	
3	8	9	7	
4	8	10	4	
4	2	5	4	
6	10	4	7	
2	2	5	5	
7	5	4	10	
8	6	10	3	
7	5	10	3	
3	1	1	10	
9	1	7	6	
1	2	1	4	
6	7	9	3	
3	8	5	8	
4	6	2	9	
8	1	7	3	
6	8	3	3	
1	6	6	10	
1	4	6	2	
9	6	9	3	
7	3	9	1	
3	9	6	3	
8	5	3	8	
5	7	5	1	
10	2	2	3	
7	1	8	6	
8	1	1	6	
4	7	9	10	
5	5	4	9	
4	10	7	1	
5	7	10	9	
7	1	8	5	
5	1	8	7	
2	4	2	8	
5	7	7	10	
2	2	3	7	
7	8	9	7	
8	6	8	6	
1	2	4	4	
10	2	4	8	
1	8	4	6	
8	4	8	5	
4	2	7	4	
5	2	10	6	
4	7	9	4	
5	6	9	4	
4	8	7	7	
5	1	7	10	
4	9	4	6	
5	9	9	10	
9	2	9	2	
9	5	7	1	
8	9	6	6	
8	3	7	7	
5	6	7	5	
8	5	4	3	
3	9	8	1	
8	4	10	9	
5	2	10	4	
2	6	8	2	
1	3	3	5	
1	6	3	7	
6	2	1	2	
1	7	2	9	
9	3	10	9	
9	2	1	4	
3	9	3	8	
2	9	8	3	
3	5	3	9	
4	6	4	2	
9	7	2	7	
7	6	5	10	
10	8	10	10	
10	8	9	2	
9	7	6	1	
1	3	4	4	
9	4	8	2	
3	1	5	2	
5	2	1	3	
2	5	4	1	
4	3	8	4	
4	5	9	4	
9	6	2	1	
7	10	6	6	
6	2	7	5	
7	8	4	1	
7	8	6	10	
2	7	8	10	
7	5	6	3	
5	4	9	8	
8	3	5	8	
10	4	9	2	
3	7	3	5	
6	4	7	2	
9	2	7	1	
8	6	3	4	
2	1	4	2	
7	10	7	3	
10	4	2	4	
1	5	5	6	
7	8	6	2	
8	4	9	1	
3	5	10	3	
7	3	8	6	
5	7	6	3	
3	9	4	1	
1	6	2	1	
7	6	9	5	
7	4	1	1	
10	5	9	8	
2	2	3	9	
5	9	1	2	
2	8	7	6	
1	2	7	4	
9	2	9	6	
2	9	10	3	
2	10	7	2	
5	6	5	5	
10	3	10	10	
10	3	9	8	
10	7	2	9	
10	6	1	8	
7	5	2	2	
8	8	10	10	
9	3	2	1	
1	4	4	10	
1	9	10	4	
6	4	3	8	
7	7	8	2	
8	10	9	9	
6	10	1	1	
2	7	10	8	
9	7	10	4	
8	1	3	9	
3	6	8	4	
9	9	5	10	
4	7	1	3	
3	1	3	1	
8	4	9	8	
10	9	10	5	
10	4	8	3	
7	4	2	8	
3	1	9	10	
6	7	6	6	
7	4	3	2	
6	10	9	10	
3	2	7	9	
4	2	1	8	
4	2	3	10	
10	8	2	2	
3	2	3	8	
6	4	10	2	
6	1	3	7	
5	6	8	3	
9	2	1	2	
1	4	10	1	
1	8	7	5	
9	8	7	9	
3	5	10	2	
5	3	6	5	
2	3	10	8	
8	2	9	2	
3	3	6	3	
1	7	6	9	
10	7	5	7	
2	5	8	4	
1	6	9	4	
1	1	3	9	
3	5	10	2	
8	9	6	9	
2	4	9	6	
10	6	9	3	
10	6	4	6	
2	2	4	7	
3	2	7	8	
9	7	3	6	
6	5	4	9	
4	1	10	6	
9	10	4	3	
7	1	7	9	
7	6	3	8	
10	10	1	3	
6	3	3	6	
5	8	1	2	

Stepup times between Families, where [f][f] represents initial setup time
On machine	1
83	58	27	47	4	57	68	13	55	98	53	98	92	27	22	61	59	73	66	23	52	42	32	82	75	44	80	42	21	81	28	73	40	11	87	82	56	6	52	12	
87	31	48	64	50	24	38	99	98	97	67	37	18	85	90	39	97	18	8	27	30	9	34	61	98	17	39	56	6	29	73	3	22	76	64	21	65	21	25	51	
97	23	28	40	34	39	95	18	78	3	41	47	8	61	84	42	65	21	10	35	42	23	74	89	47	37	49	82	63	87	71	72	50	7	75	10	67	67	13	20	
70	65	76	72	77	26	3	21	13	22	92	37	3	55	39	69	15	73	83	36	65	61	10	86	15	92	66	38	66	42	52	81	64	57	4	84	14	32	33	100	
21	77	6	61	18	2	33	13	18	36	39	57	71	60	20	45	89	15	84	63	35	43	31	34	54	62	13	49	14	82	25	52	70	2	99	55	67	48	31	84	
52	35	48	71	73	71	28	68	71	3	74	43	66	91	14	9	34	14	84	45	63	17	75	46	13	100	47	15	18	48	53	14	81	66	42	13	78	27	67	41	
31	5	75	81	35	45	9	72	37	41	92	6	27	88	92	16	67	36	54	89	91	35	63	35	4	88	9	70	52	64	51	83	39	65	23	33	6	42	73	17	
67	28	9	7	32	20	95	28	27	29	53	5	57	12	6	7	26	78	2	16	41	93	75	11	8	78	14	67	94	90	69	10	27	51	67	44	84	76	80	17	
52	88	71	39	45	28	1	94	87	76	69	66	82	99	36	3	46	36	41	35	4	4	41	42	27	41	27	93	80	97	92	78	69	16	29	19	67	66	17	21	
31	9	48	56	30	73	88	44	5	16	19	6	24	76	77	72	13	23	12	13	67	27	50	77	15	70	10	85	55	55	60	82	6	93	77	34	27	16	86	78	
1	58	33	26	30	35	46	30	30	8	71	78	15	21	18	45	26	65	26	61	97	63	24	2	91	41	87	68	67	67	70	86	21	21	21	64	85	53	24	71	
66	37	15	12	46	4	40	74	74	10	49	24	96	97	73	6	75	85	3	38	100	43	21	46	58	90	57	33	71	42	65	19	41	70	52	53	65	79	37	60	
35	33	48	92	46	5	85	80	14	80	79	8	92	64	2	100	40	8	5	95	90	52	7	62	78	26	82	90	4	87	44	95	88	89	86	70	25	44	18	18	
68	43	97	90	31	57	81	58	63	40	55	64	63	14	93	24	6	81	2	59	7	11	38	71	83	23	51	79	30	46	8	2	97	77	69	13	91	26	11	62	
27	78	33	66	98	58	47	57	21	37	35	80	41	40	6	80	38	70	96	22	80	46	65	90	1	11	30	19	34	16	87	18	71	69	87	47	58	61	6	13	
91	83	1	22	64	37	16	46	74	23	36	82	81	89	47	65	47	1	16	70	6	43	13	100	1	82	91	29	57	70	49	81	52	1	81	67	78	43	48	89	
18	65	11	93	87	63	25	78	76	86	51	4	73	98	42	79	27	48	55	58	61	5	1	39	44	31	82	17	80	66	59	98	64	37	57	38	79	23	12	47	
60	3	28	47	56	46	69	59	94	19	79	21	59	68	64	40	42	69	40	50	13	61	48	27	42	3	7	49	21	37	99	87	11	43	30	5	26	95	2	76	
85	5	89	26	91	56	52	33	27	34	56	32	47	85	31	94	21	86	53	37	61	14	90	46	44	87	1	68	45	56	25	66	22	40	43	93	17	52	61	64	
15	2	53	78	32	73	97	17	5	31	81	68	3	34	34	72	77	42	81	71	59	49	71	29	23	48	60	26	84	38	89	47	90	78	55	79	42	98	17	14	
34	41	41	85	38	52	21	9	96	5	75	1	65	71	79	65	86	10	53	45	26	38	90	60	44	18	43	49	3	43	71	67	19	45	44	17	76	97	93	69	
58	95	11	28	83	22	38	74	1	2	60	18	93	21	24	49	32	73	60	47	92	29	52	58	74	90	94	6	79	72	98	65	23	25	47	35	53	77	10	52	
100	83	87	29	62	27	25	21	83	80	46	49	40	52	63	34	81	89	92	9	95	54	63	3	23	63	69	22	30	21	73	32	89	42	98	78	89	67	47	88	
65	6	33	11	69	83	52	75	61	37	97	2	30	95	92	60	21	68	24	73	64	10	47	72	2	22	16	82	21	66	49	90	42	4	86	9	49	31	79	25	
70	27	2	42	71	18	37	77	22	88	89	84	81	7	99	69	49	60	97	3	24	15	72	66	54	86	24	63	69	47	49	95	67	71	89	99	25	23	27	92	
98	33	66	35	2	52	37	52	72	79	53	54	48	87	99	90	8	87	36	14	77	92	13	63	14	40	4	62	89	16	1	79	93	32	89	91	31	22	85	75	
19	64	97	100	66	58	26	34	82	67	96	12	1	29	64	69	45	95	55	36	79	10	43	40	51	8	86	26	23	5	75	68	76	54	100	15	38	75	93	100	
22	43	82	94	60	99	41	55	93	55	76	4	95	60	50	13	87	39	8	37	60	60	52	18	62	47	58	29	71	66	85	25	45	23	30	81	24	49	28	94	
98	29	33	33	24	59	97	1	55	61	39	33	68	88	76	16	100	64	36	49	67	60	1	9	39	38	35	35	83	100	21	58	36	53	82	77	76	46	68	35	
41	3	91	4	32	96	9	84	83	83	20	35	8	65	46	56	91	45	89	9	14	48	93	20	50	14	9	99	9	59	27	53	70	13	5	92	88	1	33	41	
75	76	97	58	99	60	42	63	30	88	12	36	12	60	95	14	22	28	96	83	40	50	51	18	38	66	11	19	28	58	39	75	8	66	76	76	96	98	51	96	
53	38	20	27	95	13	91	77	2	68	54	88	1	77	27	62	40	63	8	91	91	96	96	70	85	6	31	60	11	7	85	53	90	23	22	45	65	22	22	78	
79	62	52	32	11	69	84	49	46	59	85	95	43	87	83	78	12	36	97	30	39	54	62	28	9	92	90	36	80	48	7	15	76	29	21	74	80	32	1	7	
26	99	60	67	98	74	60	15	31	55	71	90	97	47	16	19	52	57	86	63	78	54	10	90	55	82	57	26	98	14	30	32	53	22	80	26	25	10	95	29	
87	51	44	92	22	39	90	21	93	81	8	66	92	45	8	34	10	20	48	13	78	99	71	17	71	89	54	74	79	54	37	69	27	5	100	68	36	50	5	57	
78	89	11	73	1	1	20	43	11	68	43	77	56	14	37	56	27	52	49	26	38	71	45	81	5	21	55	3	15	79	28	89	53	60	76	24	75	41	78	12	
92	10	53	75	79	59	47	6	3	86	65	50	92	68	23	10	75	26	18	95	89	31	3	8	3	67	18	75	100	93	58	39	25	85	86	15	25	79	37	92	
85	24	26	90	27	94	88	37	95	37	24	57	72	81	55	2	51	37	73	98	53	59	49	51	56	21	43	86	16	86	52	4	98	25	53	47	9	37	67	68	
59	66	5	22	1	86	14	63	19	23	45	17	62	12	18	40	96	75	51	90	65	39	79	96	98	34	29	31	90	24	64	81	64	76	90	32	96	37	63	11	
69	1	63	100	39	3	42	66	60	91	34	49	36	99	90	90	49	90	31	3	48	91	96	18	77	91	98	17	33	35	91	66	98	38	50	100	19	54	76	86	
On machine	2
33	4	81	65	81	37	62	72	50	58	93	75	41	51	58	85	36	60	77	88	40	20	32	48	6	91	58	19	56	29	20	22	39	7	67	88	71	66	86	29	
35	54	53	40	51	20	90	57	79	87	76	100	64	75	1	10	97	43	36	75	24	65	54	63	1	84	4	21	32	37	66	8	10	57	71	36	44	21	77	2	
19	67	30	99	7	21	54	66	10	99	59	98	48	10	35	65	81	74	61	44	38	43	15	31	16	99	1	25	5	55	14	59	100	53	39	72	55	21	64	1	
55	54	95	38	75	79	98	49	77	9	1	88	90	84	24	77	97	73	29	78	9	94	41	66	6	20	35	27	49	80	42	32	78	29	77	93	7	33	55	97	
90	78	84	35	36	99	97	62	100	95	99	82	50	17	78	90	88	5	39	52	16	41	16	69	28	68	32	9	26	39	99	31	92	61	98	48	79	36	50	66	
79	37	85	43	70	76	22	31	4	95	2	83	70	89	23	94	57	38	12	81	10	38	97	33	55	25	92	71	45	53	8	1	84	61	57	48	38	36	80	57	
44	43	73	8	9	16	78	53	88	100	34	53	45	77	97	85	91	67	9	32	8	43	42	79	8	58	10	29	38	97	41	1	5	53	91	59	22	89	41	56	
47	1	9	85	48	13	60	70	79	70	22	8	33	77	37	45	43	34	69	73	78	34	100	25	19	20	24	24	81	12	17	14	60	82	41	84	14	74	21	67	
36	75	30	89	100	97	51	41	52	61	53	46	46	64	69	26	85	65	72	99	10	3	89	67	60	38	98	12	97	31	96	58	82	50	93	16	81	55	90	40	
37	64	10	31	89	11	100	1	77	67	60	68	57	79	53	59	15	94	9	73	35	60	78	18	73	14	35	45	95	44	6	19	32	27	48	93	4	37	26	44	
1	59	39	64	53	39	45	62	29	25	97	89	17	47	37	27	69	83	9	85	87	60	25	16	78	21	40	10	43	17	26	48	2	68	93	29	83	17	54	16	
77	68	79	33	91	81	92	61	65	62	58	86	18	78	89	5	15	47	49	79	78	93	20	74	28	75	99	29	87	21	39	57	68	51	33	57	53	65	36	28	
94	79	90	22	69	43	50	20	59	25	4	44	97	54	9	13	62	24	28	6	21	4	41	25	19	21	1	97	18	37	7	36	25	17	74	75	75	78	34	67	
21	33	23	34	79	59	36	52	58	74	44	54	65	58	79	88	76	87	55	74	60	9	24	26	27	21	73	15	91	76	51	49	23	10	60	23	21	41	93	85	
6	17	76	84	82	78	49	14	95	48	53	50	1	38	15	68	79	91	79	25	24	72	20	29	51	14	23	37	7	75	80	99	99	63	47	51	89	5	27	3	
98	93	25	79	50	52	21	35	24	50	13	4	35	43	38	13	30	62	18	82	5	78	10	14	1	81	73	65	27	18	98	24	79	65	23	91	39	18	25	63	
9	46	53	34	72	5	48	64	55	97	47	16	7	69	6	50	44	34	67	13	81	38	93	39	35	5	93	100	15	13	91	21	87	84	78	78	67	49	34	46	
92	84	6	41	20	49	5	91	63	35	99	67	66	24	56	14	62	5	13	69	84	20	28	11	10	28	89	16	76	40	97	23	39	78	17	83	42	86	54	89	
100	95	76	15	77	13	72	79	32	16	23	9	32	32	87	99	38	97	56	44	70	81	11	59	2	60	66	41	87	91	9	28	93	44	23	93	97	12	76	28	
17	14	17	50	36	12	100	20	94	68	2	70	10	53	98	14	87	33	32	35	92	49	74	56	91	39	34	85	95	39	76	56	56	65	25	99	92	65	8	1	
80	40	84	22	8	75	26	49	71	26	24	33	12	19	66	53	74	91	60	27	63	15	61	90	30	90	70	84	47	39	66	44	58	42	84	77	64	40	38	90	
33	91	45	83	89	2	76	67	93	72	81	68	41	38	30	88	88	40	1	45	71	17	6	44	1	22	48	89	98	83	54	62	91	3	91	53	17	69	41	11	
38	44	42	38	24	48	63	9	11	17	96	38	18	63	37	61	81	83	16	99	13	14	10	90	63	62	22	91	46	37	11	27	31	56	10	54	98	20	80	77	
90	49	30	3	29	11	13	91	5	25	86	96	39	78	83	96	6	58	59	25	74	93	12	61	1	19	86	45	61	43	50	12	48	89	68	29	32	34	69	58	
23	70	25	18	82	1	32	70	12	73	17	35	57	99	52	55	80	31	60	21	70	9	20	38	12	49	8	50	75	83	14	90	81	91	86	19	11	79	21	30	
45	11	73	49	37	24	77	83	100	16	90	48	33	85	11	7	47	92	41	87	25	48	38	11	32	63	22	65	41	15	67	66	100	1	97	12	40	46	85	88	
64	23	24	64	77	11	94	7	85	11	51	8	36	25	8	9	64	7	82	78	14	54	25	61	82	30	91	82	80	81	15	5	81	88	72	99	20	37	13	55	
98	21	19	98	14	19	36	9	37	10	6	89	52	16	31	66	96	7	47	1	23	88	84	76	59	6	40	60	24	84	28	1	57	27	88	55	20	74	47	29	
10	10	64	81	33	92	33	67	80	68	23	59	22	32	55	36	46	98	63	35	14	83	76	62	40	24	94	61	34	77	8	58	17	39	86	52	18	82	56	11	
82	36	1	98	84	53	36	57	90	39	2	99	62	35	36	87	25	1	2	47	87	53	31	81	56	86	99	17	62	27	3	14	48	60	97	37	3	62	44	39	
79	98	48	6	96	55	68	22	29	2	3	24	1	69	9	16	100	31	92	4	32	43	91	88	96	79	13	47	89	79	77	18	32	99	17	27	27	57	77	81	
4	26	21	58	46	66	77	81	88	9	44	57	87	49	43	13	48	58	87	82	11	69	77	58	10	89	89	14	25	1	10	11	5	33	69	56	83	91	83	58	
66	49	67	40	1	42	99	33	58	17	14	77	85	64	32	27	9	8	41	72	8	88	95	87	58	73	93	14	24	69	20	61	12	66	33	25	72	25	7	29	
54	66	55	84	19	75	37	21	93	85	40	79	81	90	37	87	57	83	64	72	32	60	23	73	44	37	75	9	48	43	64	39	34	8	93	3	69	83	68	37	
29	76	51	40	72	54	18	86	35	98	83	22	29	35	8	70	48	94	88	62	99	12	5	40	28	1	44	14	14	12	49	5	91	24	32	35	24	1	1	60	
60	36	44	4	49	2	36	100	12	92	60	41	48	23	82	73	10	30	48	49	51	60	77	19	85	62	37	61	39	94	23	81	67	9	38	74	53	51	9	7	
66	80	44	87	2	8	24	44	82	34	78	24	68	66	95	5	56	85	14	32	67	2	38	89	66	86	81	4	85	35	14	99	68	61	19	18	90	9	70	91	
89	10	33	31	33	40	27	57	52	42	73	78	13	69	5	88	35	95	54	78	41	57	8	52	88	63	58	8	28	71	72	20	74	81	38	19	70	71	38	65	
89	5	52	41	37	42	1	82	19	51	32	69	72	55	33	74	24	72	95	71	16	49	59	33	55	60	47	10	90	50	75	55	86	5	51	51	14	81	8	7	
2	94	48	59	84	41	72	37	17	98	96	13	9	68	6	65	82	15	46	17	58	78	58	14	36	99	96	46	78	19	92	99	72	94	100	18	31	40	85	49	
On machine	3
74	5	52	81	49	35	97	52	44	5	11	65	90	30	23	65	32	30	77	88	11	60	61	91	85	1	14	92	58	44	49	47	9	86	16	74	30	56	65	25	
65	50	48	60	54	55	83	94	67	66	77	16	18	83	66	49	100	63	10	15	61	56	47	33	32	88	35	10	97	47	16	86	41	92	91	92	10	8	62	24	
12	5	77	86	23	9	39	6	14	17	2	33	23	85	76	45	32	85	17	84	54	33	73	98	36	92	36	32	65	86	62	3	66	61	48	70	70	65	88	91	
91	90	32	44	46	82	10	49	93	70	71	76	84	46	65	25	17	45	73	35	49	93	29	51	68	74	58	20	22	88	70	2	3	68	7	59	88	4	35	79	
75	97	23	46	29	57	38	63	53	92	20	3	76	40	22	16	63	45	72	40	28	18	47	1	86	56	24	38	22	50	82	69	38	78	72	6	83	11	43	41	
20	76	24	23	51	80	77	82	27	62	12	82	93	38	98	15	83	24	78	92	12	57	60	17	9	13	3	16	23	96	80	17	94	87	94	63	61	36	43	62	
76	72	32	14	71	37	44	72	39	28	57	47	5	5	56	18	25	24	34	85	85	70	62	52	23	45	97	71	16	9	79	70	62	44	80	84	70	14	19	27	
2	80	78	10	71	49	2	72	22	66	44	35	84	4	76	38	86	60	33	79	42	38	22	51	72	41	63	93	24	74	66	10	24	50	19	38	96	13	7	2	
4	41	37	39	30	36	23	100	41	97	58	3	89	40	22	18	31	12	85	19	11	60	42	8	93	5	54	69	57	35	94	42	83	14	82	90	45	83	81	24	
74	14	97	7	91	34	5	13	67	68	46	95	69	25	82	77	32	91	19	92	82	52	95	47	70	72	74	54	42	68	40	4	78	59	29	35	100	17	79	46	
44	74	3	98	16	64	30	5	3	88	73	43	15	19	86	78	14	59	37	21	53	87	36	22	48	4	31	84	94	25	90	91	30	21	47	23	96	42	10	80	
68	98	76	42	27	90	60	25	67	13	24	57	30	78	11	36	18	76	41	96	63	33	68	22	92	23	58	45	39	35	91	23	28	6	12	26	36	93	48	77	
85	24	82	84	8	87	95	29	54	63	25	97	25	94	20	46	40	17	81	94	55	90	20	48	86	67	30	41	84	1	62	58	92	44	83	32	49	30	19	53	
97	6	47	29	42	31	31	67	16	33	22	41	82	64	90	8	84	14	37	89	96	94	27	88	84	46	68	51	27	68	68	55	87	77	93	50	71	77	28	89	
33	23	84	9	38	52	99	19	28	14	37	52	20	55	10	56	92	62	64	8	7	1	29	89	68	63	81	98	83	4	19	15	74	62	24	8	32	91	65	98	
36	85	95	60	55	77	92	44	49	79	99	47	73	68	10	34	56	81	58	63	72	91	57	15	25	87	68	89	23	92	48	23	18	3	2	60	87	95	63	74	
59	77	25	100	28	17	55	70	66	70	29	48	84	26	72	88	76	22	35	92	25	40	50	76	30	73	82	11	54	82	93	92	66	94	95	43	30	6	61	77	
87	95	65	72	16	70	39	35	16	46	70	1	72	95	53	100	26	51	15	95	17	53	30	52	9	55	16	4	53	60	63	100	75	75	26	73	56	59	11	54	
77	67	48	52	49	20	53	74	32	88	46	3	88	29	64	33	6	79	61	27	62	86	78	81	58	87	73	34	76	100	86	10	91	14	37	98	96	23	84	76	
10	89	14	11	30	42	33	83	71	40	96	36	73	58	1	97	32	3	57	55	32	78	7	99	90	75	1	1	5	54	100	13	90	17	20	75	97	27	88	45	
57	38	15	40	54	28	68	24	96	78	58	84	71	48	62	18	13	93	1	46	56	30	60	93	9	29	23	71	59	92	86	69	56	62	78	61	60	53	99	71	
88	65	88	53	90	43	48	93	69	37	56	29	48	82	5	24	2	69	15	19	9	27	66	98	23	60	64	4	100	1	55	40	46	35	48	42	41	99	12	54	
34	99	46	31	98	80	50	10	11	72	12	60	23	53	12	72	92	67	89	58	39	43	75	73	79	21	5	48	28	63	6	23	24	62	84	14	78	64	59	59	
14	98	95	44	33	37	48	3	93	48	93	25	54	60	43	72	66	78	19	81	43	88	99	94	55	66	73	56	48	19	72	71	92	32	39	8	22	53	51	31	
27	18	77	59	84	39	92	75	89	83	11	34	93	33	2	89	46	8	45	84	52	5	42	18	93	46	77	72	28	45	36	29	2	22	4	59	80	41	92	85	
34	7	96	20	11	99	3	34	91	76	61	5	53	17	64	100	5	39	7	69	73	38	100	35	90	27	34	44	85	1	66	2	22	11	55	25	13	93	39	48	
12	17	12	13	4	63	14	86	51	68	55	81	2	92	13	54	38	22	19	12	92	96	7	57	77	79	58	95	71	100	21	19	42	32	46	47	74	89	45	74	
93	45	41	6	79	74	29	59	59	23	40	78	49	42	61	20	95	50	7	16	5	71	73	99	44	80	75	63	20	81	20	29	89	5	79	27	83	29	12	48	
6	69	8	6	24	30	11	54	40	25	29	94	26	7	31	8	24	14	8	1	21	99	16	84	8	76	79	71	88	40	68	91	97	20	92	76	69	57	26	55	
11	91	17	84	64	44	76	30	20	41	12	45	72	80	19	34	86	11	44	84	80	32	51	22	24	98	59	48	23	62	13	87	81	65	22	22	65	25	31	81	
5	58	16	99	24	63	63	6	26	18	75	61	4	100	57	7	49	80	33	66	15	90	60	11	22	15	56	59	2	3	1	9	95	57	79	83	78	1	23	98	
6	28	99	46	52	53	96	45	34	33	6	26	89	96	67	21	78	36	60	65	26	69	100	30	2	81	85	29	58	50	56	1	36	34	4	95	75	3	22	63	
12	83	59	32	13	5	11	42	97	80	5	55	51	92	54	25	46	3	82	89	8	5	61	6	97	79	74	52	75	1	66	95	87	10	39	13	39	84	47	66	
26	56	55	61	99	75	67	36	14	50	47	60	87	39	82	75	9	4	54	5	38	43	5	100	31	23	83	39	38	10	43	86	86	64	2	31	24	35	21	76	
31	39	15	56	81	63	76	95	60	37	83	94	41	63	26	6	88	18	93	31	4	31	44	56	34	27	99	30	56	27	46	58	58	13	50	74	56	30	41	22	
37	29	30	39	76	2	97	41	69	82	31	98	47	70	73	98	59	62	29	68	83	12	10	20	24	5	49	95	1	100	60	12	5	24	90	12	59	11	94	61	
92	60	89	22	32	24	98	34	28	36	36	42	15	26	99	40	32	39	31	9	92	40	54	85	93	55	55	34	57	44	42	26	39	87	17	41	10	28	32	18	
36	82	57	60	78	80	39	25	85	94	12	30	89	90	93	94	66	14	9	35	24	33	72	24	67	24	97	6	55	63	98	33	86	84	59	51	86	91	6	78	
22	42	69	17	39	67	24	89	63	80	1	69	66	15	97	80	67	86	36	16	89	80	100	99	51	21	2	21	37	50	82	41	88	81	9	41	11	91	3	23	
91	62	38	66	76	2	7	12	69	82	71	89	58	72	51	63	3	57	11	28	88	22	97	17	27	60	32	96	93	93	35	77	57	88	56	12	2	13	72	41	
On machine	4
35	8	33	88	24	71	77	79	22	54	1	78	74	47	58	74	91	58	67	53	57	10	99	33	42	44	56	33	43	41	4	88	2	87	14	61	3	52	81	90	
55	57	84	61	25	4	18	16	63	72	68	68	31	54	23	72	62	41	29	79	85	85	93	35	6	32	3	4	69	96	44	80	20	9	37	12	19	81	40	75	
68	65	58	77	62	40	44	43	69	81	95	9	66	54	9	100	87	78	46	61	8	58	28	93	35	3	91	19	89	71	64	87	31	83	46	100	16	60	9	21	
19	89	38	3	47	27	68	34	56	54	58	60	34	99	68	42	61	30	78	50	19	78	46	48	46	31	74	5	79	83	46	85	3	80	35	52	72	29	92	16	
95	75	72	45	5	58	80	69	22	32	23	56	49	9	51	91	45	72	45	44	92	49	28	13	50	95	25	34	40	88	87	96	50	18	26	72	41	76	61	51	
82	77	76	71	71	49	18	78	98	94	55	82	79	69	2	12	24	97	9	4	37	7	68	85	78	82	11	86	76	73	14	97	40	95	56	10	28	85	71	6	
75	75	33	69	19	100	32	90	29	75	46	39	65	30	96	27	67	24	19	5	33	72	24	45	33	63	100	38	21	18	43	36	18	16	62	34	46	69	54	23	
33	40	60	25	85	75	74	2	77	56	67	38	19	5	17	72	1	59	50	1	98	84	9	94	37	8	59	26	10	13	57	47	43	93	3	67	41	67	18	86	
35	49	34	6	31	81	3	15	20	79	1	96	99	30	57	6	13	69	66	71	84	7	32	2	41	30	56	85	29	73	24	19	42	64	60	43	17	44	98	77	
34	47	81	99	48	73	56	98	61	39	89	83	92	4	56	92	69	66	90	83	100	31	29	77	66	88	82	71	45	81	64	29	59	6	47	7	20	76	17	92	
7	47	60	20	13	60	12	17	80	42	41	46	92	21	20	32	47	30	95	88	2	89	11	73	46	24	46	26	80	71	96	47	1	17	73	92	45	6	32	49	
94	89	42	72	95	100	90	25	25	57	91	48	30	4	90	12	84	66	22	50	12	100	26	15	8	24	50	58	70	83	88	53	98	64	16	47	18	60	77	26	
11	58	23	82	23	65	66	42	65	80	84	85	20	45	22	83	56	41	10	90	61	34	69	63	90	78	83	33	25	72	71	4	55	49	6	70	62	56	46	98	
49	73	63	21	92	62	40	41	77	27	30	44	74	16	38	77	28	36	92	80	31	45	100	64	39	69	16	44	47	70	50	78	35	46	55	28	3	80	48	4	
74	31	49	59	21	88	71	57	13	66	18	83	42	62	2	4	20	79	89	16	29	3	10	45	57	54	53	64	19	71	95	92	53	29	71	89	61	19	89	37	
48	83	1	53	44	48	67	62	86	66	26	82	86	94	71	64	17	78	72	96	54	10	4	53	56	52	56	37	84	17	91	43	71	32	38	20	14	66	59	32	
64	7	54	18	8	88	52	93	24	53	60	44	77	85	48	4	96	56	65	88	20	65	53	37	25	76	56	91	80	89	84	84	20	37	26	84	8	72	86	93	
54	8	26	40	76	54	37	91	53	54	49	40	62	20	64	78	21	8	79	94	57	97	64	13	52	81	61	56	54	7	84	92	54	63	36	4	26	83	2	95	
46	50	89	14	49	45	91	93	72	39	55	69	83	9	30	15	97	54	35	90	29	93	2	47	74	25	93	32	56	80	76	29	97	71	59	38	83	45	10	72	
66	10	65	40	8	53	95	18	95	97	88	95	7	5	72	16	32	63	50	40	83	90	45	3	96	2	97	97	6	99	77	6	22	12	80	11	77	31	10	18	
21	6	21	57	14	91	7	56	85	64	33	24	37	4	100	94	4	86	3	49	92	60	29	83	98	34	69	39	50	48	43	39	89	100	65	82	27	9	98	88	
93	77	53	64	42	15	81	79	53	56	67	12	59	19	77	59	88	52	26	26	7	23	70	9	13	60	40	56	78	88	77	99	16	9	90	88	4	95	5	33	
42	68	79	8	83	45	10	23	89	65	77	25	83	46	16	16	46	21	3	49	19	99	25	76	21	53	13	73	18	19	67	27	77	69	55	19	94	46	98	89	
1	98	42	4	32	45	80	52	76	8	97	43	54	20	100	73	78	96	57	77	63	72	39	71	28	64	37	68	70	1	88	46	28	98	32	80	60	25	75	5	
95	4	30	8	74	35	37	73	21	15	14	78	40	77	5	100	8	16	67	62	81	3	37	10	10	38	91	87	60	66	23	64	98	18	74	91	56	5	17	92	
95	78	77	30	69	35	30	54	61	9	44	95	45	11	15	98	22	81	87	39	80	19	95	15	82	46	94	92	32	29	98	45	44	76	93	7	89	50	85	33	
71	89	97	2	39	30	69	92	45	48	20	67	51	9	100	43	83	79	14	23	18	49	51	50	47	90	42	31	94	69	91	9	57	54	49	75	54	71	27	38	
27	15	15	82	95	71	100	1	37	94	20	48	85	10	25	18	90	95	33	40	62	12	11	14	9	64	84	82	72	87	90	50	56	17	28	50	82	14	94	72	
20	62	98	11	55	70	11	30	27	52	65	21	94	40	53	48	17	32	51	43	91	34	9	74	83	78	5	78	5	49	98	71	40	76	23	40	6	57	13	96	
47	17	2	74	6	57	37	43	46	98	88	94	32	47	44	52	38	84	60	62	44	33	72	80	44	87	67	11	99	75	83	93	10	33	37	51	6	70	28	31	
24	93	65	19	67	30	99	98	79	4	64	10	62	98	17	82	49	72	63	16	86	31	46	65	47	68	52	52	18	28	1	8	22	2	82	50	24	32	91	51	
39	5	50	78	13	43	85	53	43	26	74	63	67	45	9	53	60	83	34	25	85	90	13	3	78	36	94	4	79	9	48	87	54	73	13	42	67	80	66	72	
82	11	21	41	65	10	88	99	47	94	52	70	76	85	26	78	98	32	89	75	99	21	76	78	60	88	9	22	49	94	66	53	90	68	54	88	21	22	80	40	
17	40	16	31	71	53	86	27	95	13	83	81	69	70	25	32	32	51	22	58	71	45	68	35	30	71	87	94	100	88	56	17	78	86	53	40	78	5	81	40	
49	64	53	48	61	35	26	53	80	22	1	2	29	97	1	30	36	48	96	93	47	89	68	1	10	55	59	74	53	25	45	11	75	24	2	54	67	30	83	77	
18	52	85	59	74	89	67	11	42	18	79	7	65	12	45	27	60	24	23	59	71	11	88	63	31	91	62	93	63	48	85	8	63	14	42	11	44	69	20	16	
20	22	2	34	9	18	30	65	50	65	92	72	33	60	1	51	3	18	98	75	16	52	59	46	2	7	37	60	61	58	88	86	12	96	89	28	86	42	7	82	
30	1	46	38	19	83	53	65	52	87	60	23	75	50	82	28	25	20	61	88	70	52	78	93	97	95	26	84	89	61	73	46	61	52	90	63	69	58	87	92	
10	30	3	44	13	88	4	16	90	64	2	61	67	18	74	6	86	67	63	54	34	91	70	21	71	28	59	5	3	77	95	84	41	10	36	28	83	51	59	80	
62	12	41	25	67	32	72	59	68	85	7	98	53	55	21	38	23	90	13	3	64	37	45	93	80	76	69	14	100	2	55	46	73	56	53	46	8	80	81	90	
