Factories	2
Families	60
Machines	6
SetupType	2

Number of Jobs in each Family
2	2	9	8	6	8	5	10	9	6	2	1	5	9	6	2	8	9	7	9	3	4	4	8	6	1	7	10	7	9	10	7	10	8	2	5	3	5	2	9	2	4	10	7	4	3	2	1	7	7	10	6	9	3	7	6	9	8	6	8	

Jobs in each Family
0	1	
2	3	
4	5	6	7	8	9	10	11	12	
13	14	15	16	17	18	19	20	
21	22	23	24	25	26	
27	28	29	30	31	32	33	34	
35	36	37	38	39	
40	41	42	43	44	45	46	47	48	49	
50	51	52	53	54	55	56	57	58	
59	60	61	62	63	64	
65	66	
67	
68	69	70	71	72	
73	74	75	76	77	78	79	80	81	
82	83	84	85	86	87	
88	89	
90	91	92	93	94	95	96	97	
98	99	100	101	102	103	104	105	106	
107	108	109	110	111	112	113	
114	115	116	117	118	119	120	121	122	
123	124	125	
126	127	128	129	
130	131	132	133	
134	135	136	137	138	139	140	141	
142	143	144	145	146	147	
148	
149	150	151	152	153	154	155	
156	157	158	159	160	161	162	163	164	165	
166	167	168	169	170	171	172	
173	174	175	176	177	178	179	180	181	
182	183	184	185	186	187	188	189	190	191	
192	193	194	195	196	197	198	
199	200	201	202	203	204	205	206	207	208	
209	210	211	212	213	214	215	216	
217	218	
219	220	221	222	223	
224	225	226	
227	228	229	230	231	
232	233	
234	235	236	237	238	239	240	241	242	
243	244	
245	246	247	248	
249	250	251	252	253	254	255	256	257	258	
259	260	261	262	263	264	265	
266	267	268	269	
270	271	272	
273	274	
275	
276	277	278	279	280	281	282	
283	284	285	286	287	288	289	
290	291	292	293	294	295	296	297	298	299	
300	301	302	303	304	305	
306	307	308	309	310	311	312	313	314	
315	316	317	
318	319	320	321	322	323	324	
325	326	327	328	329	330	
331	332	333	334	335	336	337	338	339	
340	341	342	343	344	345	346	347	
348	349	350	351	352	353	
354	355	356	357	358	359	360	361	

Total number of jobs
362

Processing times of jobs
4	6	7	6	10	6	
5	2	8	7	10	2	
8	6	4	4	3	1	
1	7	10	3	5	7	
5	1	6	10	5	9	
9	4	3	10	2	7	
10	9	2	4	7	9	
6	2	2	5	5	8	
3	5	6	4	4	6	
2	1	7	10	5	7	
4	6	9	3	5	5	
1	9	10	2	5	4	
1	5	2	6	4	9	
5	6	7	7	9	3	
5	3	5	4	10	6	
5	4	10	8	2	3	
3	9	5	1	10	4	
7	7	7	7	4	3	
8	1	8	1	7	5	
8	8	8	1	5	7	
5	7	9	8	2	5	
4	3	4	6	5	10	
6	9	5	4	5	7	
5	10	10	10	9	6	
5	8	2	2	4	4	
1	3	6	4	1	8	
7	3	4	9	10	7	
1	4	4	2	8	6	
2	8	5	7	6	1	
4	2	10	10	9	10	
3	1	1	1	8	3	
1	3	9	6	6	10	
2	10	1	5	10	7	
4	5	3	10	6	3	
10	1	6	10	9	7	
7	5	10	6	3	4	
8	2	4	2	5	10	
5	10	5	5	8	2	
3	1	3	8	6	1	
6	7	6	10	7	3	
5	7	3	6	2	5	
9	5	8	9	6	9	
10	4	9	6	5	6	
6	5	10	10	3	3	
9	7	8	10	2	1	
3	9	3	6	9	9	
9	4	9	7	3	4	
7	1	6	7	4	7	
8	9	1	1	2	9	
10	8	3	10	3	5	
4	3	1	7	7	8	
3	7	5	3	10	4	
10	9	5	10	7	9	
1	3	5	8	9	7	
9	7	8	10	9	6	
3	6	9	6	9	2	
9	1	2	4	7	8	
5	7	7	10	9	4	
10	5	6	9	3	3	
9	9	5	6	1	6	
4	6	2	10	10	1	
1	1	4	1	10	5	
2	5	4	2	7	8	
1	2	6	7	10	1	
10	1	8	1	3	1	
6	6	8	8	2	9	
8	10	7	1	7	3	
2	10	1	2	1	1	
7	3	1	7	4	3	
3	4	2	2	4	8	
6	10	10	8	1	7	
4	2	9	7	2	7	
6	3	6	10	10	10	
1	1	3	10	7	1	
1	9	9	4	9	9	
3	4	4	9	1	3	
9	4	3	5	3	8	
9	2	2	8	6	8	
5	7	4	3	6	3	
5	2	5	3	3	4	
3	8	9	8	6	1	
1	1	8	7	2	7	
1	1	8	7	8	9	
5	9	8	8	4	7	
10	9	10	9	4	7	
5	3	3	4	3	5	
9	10	3	7	10	10	
4	1	8	5	7	6	
7	6	5	4	7	8	
10	3	4	2	7	4	
5	4	3	6	4	2	
10	1	7	4	1	6	
7	7	4	6	2	8	
8	10	1	3	9	1	
2	9	10	4	5	9	
9	8	1	8	6	2	
8	10	8	2	1	5	
5	1	3	2	7	3	
2	1	4	7	8	3	
7	5	3	3	9	4	
5	2	4	2	5	10	
4	1	1	1	5	8	
2	1	2	7	10	2	
6	8	3	5	10	7	
1	3	1	1	4	7	
3	2	9	10	8	7	
5	1	7	10	9	5	
3	3	6	5	10	1	
7	6	10	10	8	6	
2	9	3	9	6	2	
7	10	10	5	7	3	
4	10	7	7	10	7	
1	4	4	10	2	1	
9	2	9	4	9	3	
7	6	4	8	9	2	
4	7	1	4	9	10	
6	2	2	4	1	10	
1	9	9	5	1	8	
7	2	6	4	3	5	
3	7	10	1	4	4	
5	2	7	1	3	6	
10	8	3	7	8	2	
3	9	5	4	9	4	
3	7	9	8	3	10	
7	5	5	9	4	3	
3	8	9	1	10	3	
2	6	1	6	2	4	
3	3	1	9	8	3	
2	7	8	4	2	6	
9	3	8	8	5	10	
4	9	1	4	10	3	
7	8	2	6	5	5	
4	7	5	1	6	4	
4	1	5	6	10	1	
5	4	4	8	6	8	
7	5	3	6	2	9	
1	10	10	1	3	10	
10	8	8	4	3	3	
1	1	2	4	4	1	
6	10	1	8	6	4	
3	3	8	3	9	8	
5	5	7	4	6	8	
6	2	8	7	10	2	
7	7	5	6	8	9	
3	5	2	3	5	9	
10	2	1	6	4	10	
1	10	6	1	5	10	
1	6	4	8	6	9	
9	2	9	3	4	9	
9	10	7	10	10	7	
2	1	2	1	1	5	
7	8	4	8	10	8	
7	10	6	2	6	7	
9	4	4	6	6	9	
2	10	3	6	4	5	
3	2	6	9	10	10	
1	1	10	5	4	6	
9	8	5	3	1	5	
4	7	7	4	7	5	
10	5	4	3	6	7	
8	4	1	9	9	5	
9	8	9	1	4	8	
9	8	7	7	8	4	
8	8	1	1	2	8	
6	7	1	2	9	10	
9	10	9	8	1	10	
6	4	2	1	10	7	
7	5	2	3	5	4	
3	7	6	6	2	10	
6	1	8	6	2	10	
4	1	8	4	8	9	
7	6	6	10	5	4	
7	9	9	2	8	9	
1	5	4	8	9	10	
1	8	5	3	6	10	
2	6	8	6	3	4	
8	5	1	10	1	3	
8	4	8	5	6	5	
1	5	2	9	4	5	
4	7	3	5	4	3	
5	9	5	7	1	2	
3	7	5	2	8	7	
6	9	5	10	6	5	
2	5	6	5	10	5	
2	8	1	3	8	1	
2	7	10	3	3	7	
9	1	6	5	9	5	
4	10	10	2	8	1	
2	10	10	6	10	2	
1	2	8	6	4	1	
8	2	9	5	1	7	
8	6	7	1	4	3	
10	10	1	2	7	1	
2	5	4	3	7	5	
6	2	8	1	6	2	
10	1	4	3	3	2	
2	3	2	3	4	10	
6	3	7	4	8	4	
8	2	8	5	10	10	
1	6	6	9	1	5	
1	2	3	1	6	10	
3	7	10	6	8	5	
6	8	10	8	2	10	
8	6	1	8	2	9	
5	8	2	4	8	3	
8	5	5	1	5	8	
10	5	7	9	10	5	
1	4	6	9	9	8	
9	8	8	9	3	1	
8	10	10	3	9	8	
9	4	2	10	6	5	
7	1	2	1	7	7	
6	6	3	10	3	1	
5	10	9	10	4	1	
7	2	2	2	4	7	
10	5	2	3	2	2	
10	2	7	2	5	8	
10	1	1	3	8	4	
5	3	6	7	1	10	
4	10	3	7	7	6	
8	10	9	4	4	2	
2	6	4	4	7	10	
8	4	7	3	2	6	
4	8	10	9	7	7	
1	6	2	1	4	6	
10	5	4	2	3	10	
7	4	2	1	10	2	
2	3	1	7	1	6	
7	9	10	7	1	8	
6	3	2	3	6	3	
3	9	5	8	10	2	
2	10	10	9	4	4	
9	10	6	10	1	8	
9	8	3	5	3	10	
1	8	8	3	6	2	
5	2	8	5	2	6	
5	4	9	8	7	4	
2	10	8	3	6	1	
9	3	6	10	10	4	
9	4	1	10	5	2	
6	5	7	6	1	8	
1	7	8	3	8	9	
3	5	5	4	6	5	
6	5	9	4	3	7	
1	2	4	6	4	6	
9	4	7	3	8	2	
6	5	3	8	5	2	
1	4	9	7	10	9	
3	7	4	5	2	6	
7	8	1	8	4	8	
10	5	3	4	3	10	
10	4	5	9	6	5	
5	7	1	6	3	6	
7	6	3	7	1	9	
10	1	5	10	10	6	
4	7	9	3	3	3	
1	10	8	9	3	6	
2	7	5	4	4	6	
6	3	2	2	6	9	
1	4	4	5	9	9	
1	6	10	3	4	5	
9	10	8	1	2	10	
3	4	4	6	1	3	
2	3	6	6	9	3	
10	2	4	10	5	8	
9	6	5	4	10	2	
2	7	8	10	4	1	
2	6	8	9	5	8	
8	2	2	10	4	10	
9	2	7	1	9	10	
3	6	1	5	2	5	
1	1	1	10	2	9	
8	10	9	4	9	7	
9	1	3	8	6	8	
3	5	1	6	4	4	
5	4	9	10	4	3	
8	9	10	2	4	2	
7	8	3	3	10	5	
2	7	8	6	8	6	
10	2	5	8	5	2	
8	8	8	1	8	3	
8	6	3	10	5	5	
6	3	8	1	9	10	
7	10	5	10	7	5	
8	10	9	2	7	8	
1	1	2	1	6	8	
4	9	3	9	6	5	
4	8	5	1	1	7	
9	4	10	1	6	6	
10	4	10	9	1	9	
2	8	1	7	8	3	
1	8	9	1	2	9	
9	2	7	6	8	8	
9	2	9	6	2	7	
2	10	9	8	2	7	
7	2	8	1	1	5	
5	6	5	10	4	1	
2	5	8	5	10	9	
2	9	10	1	8	10	
3	4	6	2	4	1	
8	6	1	8	2	9	
8	9	9	6	3	7	
4	9	9	6	6	10	
1	10	1	3	10	5	
5	8	3	4	1	8	
4	4	5	6	1	8	
5	3	9	2	7	7	
10	10	10	3	3	8	
10	5	4	7	4	4	
4	2	4	1	6	2	
7	4	8	8	10	3	
2	6	7	7	10	10	
10	5	8	3	1	1	
5	8	8	9	5	9	
4	5	2	9	4	10	
5	5	8	10	1	4	
4	6	6	7	7	1	
7	10	8	10	5	9	
9	5	9	9	6	7	
6	1	3	6	7	8	
2	9	7	5	3	5	
10	3	9	5	2	7	
7	7	9	5	2	10	
3	3	4	9	3	6	
7	7	5	4	9	5	
1	2	2	7	2	10	
1	7	8	3	5	3	
8	1	6	7	2	2	
6	10	1	2	3	8	
9	4	10	8	5	3	
3	10	8	7	6	6	
10	9	6	3	8	9	
10	5	2	1	1	1	
6	4	7	8	2	7	
9	6	6	2	4	6	
3	10	6	1	9	4	
5	10	3	8	7	6	
7	2	6	5	3	8	
4	3	8	5	2	2	
4	7	6	3	1	3	
6	7	5	2	9	6	
10	6	8	5	6	4	
7	10	2	5	9	1	
1	3	2	3	6	4	
5	8	1	3	3	5	
4	6	8	9	9	9	
2	10	3	4	10	7	
4	4	3	7	5	2	
7	1	4	7	7	1	
9	6	9	2	3	1	
9	4	9	2	4	2	
10	6	4	3	1	1	
8	6	9	9	5	9	
6	9	8	7	9	7	
6	2	7	6	5	6	
3	6	10	6	6	1	
3	6	6	3	4	4	
10	1	8	10	1	4	
3	6	2	8	10	8	
10	5	6	4	10	7	
9	8	4	2	9	9	
10	6	4	4	5	9	

Stepup times between Families, where [f][f] represents initial setup time
On machine	1
12	38	26	9	12	36	48	42	6	11	13	11	16	47	25	36	37	37	35	14	8	13	29	19	7	2	26	8	18	10	22	37	35	23	20	7	49	18	29	12	31	23	5	41	47	22	13	46	36	33	46	48	16	3	5	34	34	41	18	40	
3	29	39	41	17	27	2	46	42	9	40	20	27	16	1	46	36	8	48	9	44	26	1	50	6	36	35	26	49	35	16	37	7	12	22	50	22	27	3	18	35	30	47	39	36	37	16	15	23	3	27	34	5	38	23	1	45	16	24	43	
24	24	30	42	40	41	38	40	43	20	13	22	39	13	23	14	11	14	24	28	3	37	36	50	28	39	29	39	49	43	23	45	14	11	22	40	36	12	21	30	36	36	34	35	39	26	40	48	2	27	12	11	38	8	43	1	30	34	33	23	
25	49	29	13	28	16	9	23	45	3	44	30	15	36	27	19	47	19	9	20	20	18	23	21	48	24	23	39	7	5	37	22	26	34	34	37	26	7	12	8	13	42	33	5	8	12	4	29	24	24	44	13	2	49	4	33	49	16	4	45	
2	40	13	29	32	30	38	44	11	19	35	49	24	40	14	28	36	40	28	29	41	20	45	18	32	27	21	3	36	8	13	36	33	3	3	43	21	16	27	40	11	32	6	14	14	5	38	30	18	44	21	6	28	5	15	2	37	8	41	1	
31	41	20	6	33	10	50	37	49	4	36	3	5	31	36	20	10	45	5	14	31	14	35	36	45	5	10	4	41	35	8	34	50	42	9	36	25	43	5	26	10	5	24	16	44	31	9	16	3	50	19	27	31	6	45	38	15	50	21	4	
29	45	10	2	22	13	3	1	47	32	2	49	36	30	3	24	26	42	25	18	26	10	5	20	2	10	31	37	3	48	32	41	12	42	26	44	36	14	10	30	48	5	27	33	29	5	21	41	14	30	39	20	39	11	22	3	25	42	21	14	
38	25	37	8	48	32	22	23	12	11	28	32	6	43	22	16	41	38	26	39	43	1	11	25	36	43	5	27	7	43	34	28	23	39	41	24	38	29	16	26	29	46	4	49	24	4	30	7	32	20	5	19	13	21	16	21	34	6	31	15	
34	9	40	41	28	12	30	16	31	7	27	50	26	50	24	35	35	29	16	7	44	39	2	1	35	10	6	7	46	4	9	16	3	46	11	40	31	34	16	33	15	44	33	44	41	26	42	33	1	47	28	23	25	50	39	28	32	48	27	5	
48	19	26	19	37	32	10	21	5	10	6	50	47	42	42	35	2	8	33	13	45	46	6	4	39	43	31	23	20	6	38	47	25	2	41	3	42	19	15	35	1	42	35	15	6	34	35	25	4	27	24	46	34	34	20	24	27	1	27	27	
12	40	9	33	26	1	19	5	49	17	41	44	33	49	20	49	18	30	48	1	16	15	49	1	46	14	14	28	8	44	15	25	47	4	2	9	42	14	42	3	33	10	44	13	10	18	46	31	19	46	14	14	3	36	38	47	6	41	15	20	
29	24	47	25	11	4	30	44	27	35	28	30	16	9	10	17	33	48	22	48	46	24	43	17	40	36	33	1	47	35	26	45	14	39	18	40	32	26	43	45	15	30	17	13	13	6	34	20	48	20	43	45	4	44	43	23	15	25	4	30	
35	15	47	5	49	5	40	44	3	36	11	29	31	8	16	15	19	44	44	11	18	36	4	21	36	48	27	1	46	32	27	31	24	31	34	23	1	3	43	50	25	20	23	2	14	10	38	47	22	35	19	2	44	23	6	1	20	44	13	12	
42	33	2	24	5	17	44	36	11	47	47	12	29	44	37	13	31	16	13	2	6	36	15	46	8	13	17	36	6	7	17	41	26	17	12	30	5	5	7	47	33	32	21	7	7	41	34	31	26	31	11	21	48	35	18	7	4	15	13	31	
48	25	46	11	48	13	40	36	3	11	37	41	2	21	8	20	47	7	45	35	38	29	20	13	23	23	19	48	3	9	2	50	13	23	25	24	3	39	11	15	50	45	35	20	41	20	18	26	31	39	7	46	1	34	46	49	32	36	46	14	
4	4	45	30	47	20	34	17	14	3	49	30	12	23	39	29	8	43	1	26	49	50	24	6	30	48	16	23	19	29	15	20	2	24	10	16	42	20	37	37	49	9	36	20	33	6	6	23	20	46	21	26	9	16	37	14	28	27	27	48	
10	4	7	23	20	30	29	43	15	25	18	37	39	43	17	14	18	18	48	27	22	3	49	23	9	33	23	46	33	23	15	35	25	30	44	19	8	8	44	22	12	4	17	48	39	42	29	49	16	38	43	25	50	3	9	40	9	42	32	33	
24	39	48	31	24	7	50	29	10	33	45	18	44	38	39	3	3	21	45	35	5	7	42	43	43	18	11	36	33	1	30	49	25	39	15	41	35	1	50	47	19	25	45	22	12	45	29	45	30	16	21	5	42	16	33	29	28	1	18	50	
30	15	6	3	9	26	12	46	12	44	10	44	34	5	7	16	14	24	19	42	24	24	1	17	42	36	38	5	13	8	27	7	47	12	32	36	19	13	49	31	17	16	25	30	35	23	32	5	45	19	25	33	10	29	35	5	3	7	48	34	
32	38	46	40	7	25	4	42	1	14	11	8	12	14	3	36	33	33	24	34	40	12	33	49	33	25	5	40	48	50	44	22	50	9	25	26	26	44	15	36	24	11	14	44	17	33	46	21	27	35	9	6	14	47	34	13	37	10	32	19	
44	16	26	10	42	40	44	28	2	21	34	10	21	15	49	31	14	1	15	33	15	11	44	50	29	34	37	36	43	29	9	30	5	11	46	2	29	43	29	4	26	24	32	1	34	19	24	37	31	27	22	27	8	26	47	49	39	35	6	21	
18	24	7	16	5	32	8	40	5	33	12	31	33	37	47	45	4	1	33	31	39	37	30	31	9	27	14	12	13	38	7	13	38	22	29	13	15	15	4	24	35	24	45	30	6	11	3	25	28	4	27	16	7	23	11	18	48	10	16	21	
42	6	26	46	9	49	37	14	32	40	13	10	18	31	16	30	17	28	14	44	2	50	38	24	11	7	49	46	35	22	27	49	19	39	32	11	15	28	37	3	33	39	32	45	6	44	17	50	7	49	46	15	48	15	37	3	10	27	23	34	
11	21	38	8	26	14	39	40	50	15	17	1	3	10	13	36	42	43	8	45	21	9	34	39	19	3	16	22	35	41	41	25	23	19	47	21	9	34	5	6	38	34	18	41	24	32	28	10	32	36	1	18	19	16	50	27	24	4	3	41	
36	34	35	32	18	24	34	16	44	33	29	7	49	19	19	10	6	15	33	37	9	31	50	40	8	34	36	14	40	4	43	25	34	8	20	46	49	26	18	44	29	19	28	12	9	44	38	21	6	20	21	44	16	36	42	13	34	22	18	38	
32	39	38	33	15	48	38	15	50	34	7	32	48	5	28	32	10	26	25	28	39	24	7	14	45	23	14	36	11	37	27	16	50	27	8	46	12	23	25	8	17	50	23	30	24	42	31	39	39	15	19	40	31	17	7	40	46	47	45	23	
10	41	17	21	34	37	9	21	48	47	26	21	41	15	27	11	28	14	34	22	43	28	44	23	9	41	43	3	32	14	13	28	15	5	40	14	19	49	50	1	43	36	37	41	23	48	37	23	39	36	17	15	47	17	28	5	36	50	35	9	
44	40	36	10	4	35	3	16	22	46	28	9	28	5	23	8	9	33	35	39	1	4	30	25	3	9	35	15	26	36	13	3	1	13	49	4	19	3	49	36	1	11	25	5	32	13	40	41	8	8	24	5	37	30	29	2	11	22	50	44	
4	50	18	7	32	17	8	32	41	47	44	29	9	38	45	40	5	10	42	47	21	21	13	40	41	28	17	49	30	48	10	6	35	13	3	16	47	50	37	11	21	3	34	3	13	7	24	22	34	5	20	8	30	6	14	21	44	6	6	29	
47	2	37	19	35	43	18	14	46	46	17	29	45	5	42	5	39	45	5	3	9	24	38	45	44	43	3	15	49	42	24	11	31	42	11	48	44	43	37	28	14	35	45	17	4	21	6	28	8	12	1	18	39	27	11	2	50	48	18	33	
24	44	21	24	39	11	44	41	49	11	49	5	42	16	39	29	25	17	20	49	5	17	42	18	37	4	23	36	12	16	25	5	12	37	1	50	13	1	33	9	13	47	2	38	34	13	21	6	36	25	44	9	6	18	30	41	35	29	14	7	
25	43	32	38	21	9	35	32	17	5	36	2	15	31	10	22	25	25	17	37	4	44	29	1	35	6	3	29	4	24	39	14	25	21	49	28	2	17	14	18	14	9	21	10	38	28	38	49	38	29	35	30	47	36	8	14	43	1	34	3	
12	27	12	34	47	28	37	14	32	48	1	48	45	21	49	46	16	16	28	10	14	31	40	48	40	47	5	21	41	27	35	7	6	24	13	14	50	6	11	8	3	6	28	1	10	9	15	35	25	6	33	28	3	9	49	1	38	21	10	23	
4	4	36	22	9	4	41	47	42	11	42	9	18	43	29	16	40	31	35	3	20	42	1	10	49	2	18	2	7	36	19	14	16	35	20	40	24	33	36	28	22	3	18	46	38	10	25	21	7	2	11	20	18	3	42	8	9	49	17	23	
42	33	11	23	42	2	8	11	47	11	36	45	34	35	12	35	7	6	42	50	32	24	48	31	47	9	25	48	18	6	41	41	14	19	5	39	21	26	6	23	38	4	2	25	39	11	22	33	26	17	40	46	28	12	36	18	46	4	20	28	
21	44	20	45	41	20	39	25	9	37	6	36	1	30	46	40	36	20	42	4	12	38	48	8	3	2	5	8	48	26	49	2	8	31	2	24	33	25	3	36	35	20	39	7	48	15	35	46	37	47	27	37	21	17	18	46	46	41	35	14	
15	15	39	1	31	3	42	33	1	22	7	47	41	3	21	11	41	9	5	46	35	42	45	12	9	50	35	5	20	41	41	11	6	24	35	13	23	28	44	27	42	47	31	29	50	18	4	18	49	7	12	13	33	23	22	14	43	49	25	25	
2	32	48	10	6	23	19	15	41	38	16	5	5	20	42	6	41	8	26	35	39	35	49	45	43	23	34	22	30	42	30	2	46	27	26	34	25	47	29	25	20	33	5	7	47	27	25	27	10	2	28	44	22	2	10	46	26	7	10	19	
29	37	29	22	18	18	21	42	23	14	19	3	27	28	43	46	36	2	38	14	11	10	8	21	2	4	44	47	35	21	35	14	3	26	38	10	47	14	29	38	21	23	31	30	2	35	29	7	4	28	5	34	11	25	28	12	48	28	37	18	
18	30	29	39	16	17	10	36	36	9	31	13	48	8	8	33	1	15	37	37	44	19	23	25	6	37	24	35	36	50	27	4	36	10	30	17	38	35	35	7	37	8	50	34	31	34	33	24	7	33	41	19	7	22	8	47	48	36	2	23	
24	9	3	2	9	23	16	28	40	32	19	23	11	3	23	8	23	29	8	7	13	47	18	12	9	4	10	34	41	12	33	10	46	25	13	9	38	13	14	10	15	16	9	23	15	14	41	32	38	22	37	45	39	33	48	33	45	41	2	1	
12	37	46	20	31	1	35	20	16	20	25	24	39	3	3	20	1	29	37	11	22	43	26	26	22	31	32	22	18	29	26	44	38	47	4	25	37	9	20	44	17	2	50	39	13	15	19	1	30	36	8	26	28	35	36	23	5	35	42	10	
10	26	25	5	33	28	9	26	32	48	6	10	6	17	44	14	50	18	12	45	45	20	37	27	7	40	14	23	44	50	50	49	50	42	15	18	31	48	13	44	49	2	33	39	47	37	32	34	42	48	6	19	30	31	31	27	35	33	44	33	
7	27	49	39	43	36	46	34	22	26	39	14	43	39	28	27	13	49	43	21	41	36	45	18	50	18	32	6	3	23	30	2	7	42	3	13	23	48	23	22	42	10	31	1	20	39	37	9	5	23	24	23	14	30	42	8	29	33	32	27	
28	15	10	18	18	46	44	48	34	33	2	13	22	15	1	7	11	34	43	44	19	47	10	13	37	26	33	12	40	39	49	36	38	30	28	12	24	23	7	12	35	47	27	6	21	24	14	10	41	19	48	33	32	19	39	37	44	22	19	26	
44	18	46	6	40	40	29	20	25	43	16	27	44	9	29	49	10	32	24	27	14	5	10	33	45	41	17	14	37	46	42	10	19	30	46	50	21	30	12	5	26	36	13	12	5	41	40	18	22	16	2	2	30	22	2	25	4	29	3	39	
25	42	28	5	38	22	7	40	25	20	31	1	49	5	43	37	44	10	30	30	33	6	26	48	18	13	38	32	22	31	49	11	46	2	22	34	47	20	5	3	28	28	6	49	25	10	4	31	30	50	6	9	47	29	20	8	16	2	47	16	
32	46	49	23	35	2	24	23	27	17	2	23	49	20	30	18	13	50	47	16	25	42	26	50	48	8	1	11	38	15	3	14	34	34	44	41	35	48	4	4	47	37	49	27	37	10	47	29	50	19	30	36	42	22	35	26	15	37	21	44	
16	40	38	37	5	41	38	36	37	17	33	4	26	41	31	15	49	32	7	31	36	16	39	8	48	3	1	16	19	39	50	21	3	17	47	34	32	13	6	40	7	27	4	7	24	47	22	28	39	32	25	12	15	29	39	11	25	29	40	37	
13	34	11	25	3	2	40	50	15	24	48	25	25	34	12	32	17	49	32	29	26	4	7	17	9	4	44	7	34	32	9	35	23	14	1	50	27	14	15	14	16	16	42	32	33	42	4	44	37	29	21	39	47	44	42	32	32	16	17	38	
30	38	16	41	41	13	16	47	34	39	39	19	6	49	41	50	13	35	17	14	48	45	39	5	12	15	28	3	32	18	18	17	43	25	20	13	36	2	38	40	9	28	16	42	20	11	19	4	15	31	4	37	40	30	3	15	2	21	7	43	
48	38	31	34	4	1	39	18	37	31	7	44	48	16	34	24	2	8	32	27	29	50	6	14	34	36	36	8	45	8	16	29	15	29	19	34	16	8	21	44	37	35	9	46	11	1	40	9	27	11	43	43	7	21	50	6	25	29	28	39	
48	48	7	27	10	27	12	2	29	37	5	36	20	49	23	46	34	33	28	48	30	24	32	16	33	44	36	45	40	42	27	13	26	15	2	41	41	4	26	31	8	42	31	49	18	1	26	27	15	25	47	2	24	32	1	3	48	31	12	38	
15	39	26	46	9	45	46	2	29	10	45	22	8	47	27	45	9	41	20	33	30	6	37	20	31	38	37	48	23	14	32	16	48	17	29	30	6	12	16	48	18	13	10	17	13	20	36	38	27	47	7	19	34	24	32	43	7	25	29	22	
23	19	1	34	32	25	22	9	15	35	13	38	37	13	28	13	21	49	45	41	22	33	7	23	26	36	11	18	31	40	9	36	42	24	32	39	6	19	30	3	35	14	4	40	17	42	13	32	5	34	25	34	40	41	29	14	49	6	36	20	
46	1	1	24	34	5	3	16	19	30	27	43	23	1	14	50	28	14	29	7	18	45	10	8	47	17	20	29	43	6	21	27	5	37	27	24	36	4	12	10	30	34	13	11	33	14	48	31	9	11	11	22	7	46	46	28	15	36	26	17	
8	28	35	24	24	27	37	25	21	47	31	4	47	22	1	2	12	1	3	42	48	44	15	38	48	4	29	47	3	38	33	49	5	30	33	24	46	35	37	45	49	5	29	24	50	50	46	46	19	26	26	45	46	39	47	42	45	49	7	10	
34	31	13	37	7	50	21	42	42	4	21	15	37	34	2	17	22	9	38	21	24	19	19	12	46	44	34	7	46	44	15	4	41	37	37	16	17	10	47	7	28	10	1	24	46	5	8	25	34	40	17	20	26	26	36	24	36	13	10	18	
25	36	25	22	38	10	19	28	46	12	39	14	32	11	11	32	34	5	14	42	2	10	31	2	18	28	19	15	17	8	5	15	24	18	29	31	47	4	37	8	34	11	49	22	27	34	17	43	20	3	37	41	9	40	27	45	40	47	25	12	
50	20	42	11	7	17	21	5	39	23	26	32	35	7	12	10	46	49	10	31	35	16	49	33	11	50	41	49	39	46	37	34	23	50	10	27	18	43	32	25	41	17	6	27	46	34	21	17	36	29	11	46	17	12	24	4	45	7	27	11	
On machine	2
45	32	40	2	23	42	19	42	47	19	48	32	47	23	32	36	8	24	2	39	35	46	20	31	23	40	23	43	22	11	28	47	45	29	49	19	28	47	15	43	27	20	3	37	42	3	15	3	9	11	33	7	29	5	15	15	50	30	44	20	
20	11	4	14	42	27	9	4	47	3	16	39	3	18	8	11	25	9	20	48	12	23	15	2	32	22	31	22	38	31	19	24	40	5	36	13	14	47	9	22	45	26	22	15	50	20	20	31	36	35	41	16	10	8	36	21	50	35	6	45	
27	39	4	5	1	24	26	49	17	26	30	27	40	36	40	10	50	10	37	48	32	15	50	25	25	27	14	7	19	6	46	6	32	31	2	48	42	15	26	35	4	2	21	12	37	49	11	25	35	42	27	24	26	7	3	16	39	26	12	23	
39	23	47	31	30	2	11	2	19	36	27	24	5	44	18	30	41	13	33	30	12	18	23	38	30	41	24	6	13	12	40	42	34	49	4	6	10	28	5	18	14	34	23	13	44	34	9	22	16	26	36	40	50	7	35	14	47	44	9	34	
2	29	14	44	40	29	50	4	5	18	20	7	22	33	43	36	23	24	1	39	38	19	22	42	48	23	3	18	12	8	22	47	41	2	19	48	6	47	7	9	9	28	42	37	16	44	23	18	41	46	42	20	29	2	10	45	44	31	23	1	
19	38	16	18	23	19	8	47	27	44	29	26	44	49	42	47	10	21	45	28	41	30	28	32	3	38	11	2	30	47	28	46	7	28	42	6	38	39	25	44	40	16	10	19	47	3	29	39	35	39	34	3	41	8	10	27	22	22	35	38	
34	18	19	3	10	33	44	32	4	30	48	12	27	23	11	25	45	27	48	3	46	37	32	42	41	6	44	50	8	11	46	36	1	36	2	14	25	23	48	22	18	47	21	2	32	39	49	7	12	10	49	32	29	2	35	34	35	7	19	23	
25	12	44	37	50	17	17	48	23	37	1	25	3	42	16	21	30	6	26	50	1	19	48	33	47	21	24	40	44	17	29	38	21	3	50	5	18	36	28	13	42	43	21	34	29	34	48	46	20	31	48	29	9	37	16	15	23	12	19	48	
18	29	6	44	18	37	20	9	28	16	46	38	11	8	44	28	9	5	12	18	47	36	21	27	26	34	29	1	43	26	40	1	49	38	15	4	16	35	14	47	4	35	8	48	22	2	9	48	18	25	32	31	1	24	8	3	39	25	47	45	
6	15	14	31	30	48	26	44	13	3	13	21	32	16	35	38	44	24	44	39	10	4	38	4	34	16	7	21	46	23	35	33	34	8	49	31	44	33	47	40	48	26	14	24	20	13	14	13	24	38	27	22	50	44	47	12	44	16	2	36	
42	10	41	6	34	23	28	35	35	16	19	5	24	8	21	39	44	50	26	48	22	26	25	41	47	6	13	40	3	6	30	10	26	17	4	12	1	21	1	46	43	14	5	41	4	31	24	26	5	13	32	46	25	16	40	13	21	49	6	11	
49	22	49	31	2	2	46	20	29	19	40	29	23	35	6	11	46	45	30	32	16	22	31	16	16	22	9	31	39	23	19	40	12	46	2	24	27	29	45	45	7	23	16	4	35	28	21	15	20	50	3	11	33	45	12	24	5	4	44	10	
12	1	32	16	50	24	21	26	24	39	12	23	1	46	43	32	5	27	7	49	9	11	7	46	12	34	47	25	29	40	21	23	44	41	27	3	1	24	38	11	9	40	31	46	4	14	30	31	19	18	41	40	20	22	10	7	31	3	28	19	
39	37	5	1	3	21	37	18	48	39	38	43	44	41	19	33	5	4	47	12	24	31	48	1	9	12	33	19	49	19	16	8	13	21	14	15	18	27	17	24	48	17	13	47	3	48	2	10	39	36	10	41	47	30	43	26	41	46	17	19	
4	12	13	23	5	32	38	44	26	1	27	4	26	48	4	35	18	34	36	6	14	19	28	39	40	31	46	19	27	14	42	17	26	13	1	47	36	42	30	7	16	29	43	1	44	12	9	46	35	35	32	14	8	8	27	25	37	45	11	11	
5	28	20	42	10	1	21	10	15	5	22	46	12	50	47	46	16	17	8	41	48	39	42	10	37	42	1	33	30	50	44	22	8	10	35	20	27	36	47	9	19	43	42	12	43	48	23	30	47	35	20	21	37	14	48	20	45	20	47	27	
42	39	6	11	33	36	6	16	41	12	40	36	31	42	7	14	24	8	6	50	38	42	35	13	36	12	37	34	10	16	37	28	3	7	44	11	50	11	27	32	49	22	48	7	47	2	36	29	21	49	21	9	18	43	11	34	19	16	37	6	
15	11	25	26	11	44	25	47	28	41	38	33	6	39	21	27	43	42	23	18	43	35	12	21	25	8	41	41	4	26	38	13	43	23	18	42	3	24	36	36	14	27	36	2	10	5	14	42	22	28	22	6	24	50	25	3	13	24	24	32	
9	39	39	3	1	34	43	33	14	19	32	15	14	9	20	34	9	25	19	22	15	40	34	16	30	5	43	32	28	28	13	46	23	3	26	17	9	7	34	46	22	35	24	49	46	38	10	14	26	21	26	13	30	44	5	26	6	49	18	23	
26	4	26	11	19	47	14	19	31	27	39	22	33	27	7	42	9	30	12	13	28	13	34	32	24	20	7	33	38	42	40	37	29	36	37	31	46	49	49	33	12	19	14	42	36	30	30	19	44	20	17	50	12	5	11	19	10	12	26	49	
24	29	18	19	33	23	26	15	46	3	35	18	7	12	15	41	25	48	47	1	38	22	23	45	19	31	23	27	14	32	37	40	44	4	30	42	30	46	37	34	25	20	39	47	13	34	1	30	24	30	28	29	37	17	42	45	19	9	13	44	
43	7	3	45	17	9	42	36	24	3	3	28	50	24	43	28	8	27	37	47	3	10	48	36	4	3	44	37	24	6	21	33	45	29	41	11	46	16	39	20	14	7	14	27	14	22	31	29	33	2	23	49	11	38	37	47	22	43	48	48	
11	2	42	17	35	21	14	26	24	35	24	5	9	36	6	40	43	22	10	9	35	45	9	36	4	26	41	25	27	29	15	31	33	28	12	25	30	41	31	18	9	20	41	8	32	18	23	31	2	45	5	34	28	50	38	16	39	7	29	26	
10	7	38	11	22	17	29	24	36	12	15	8	33	9	50	6	47	45	44	1	22	29	29	9	17	3	34	2	13	41	39	9	29	33	14	3	21	29	18	42	46	22	7	36	11	38	31	46	34	9	19	49	41	28	11	31	38	44	43	1	
21	7	10	14	33	3	10	49	35	8	1	46	17	42	8	5	34	46	20	35	14	20	48	6	30	8	38	3	3	23	28	39	15	49	22	33	48	19	47	28	12	32	41	26	1	40	32	4	18	49	18	22	4	48	38	19	18	41	31	6	
5	12	44	4	48	28	3	15	35	9	32	12	15	9	20	31	30	1	19	48	48	15	34	8	17	17	30	35	31	26	13	5	44	44	46	23	27	32	4	37	7	8	6	49	15	32	36	35	10	9	22	28	45	24	28	9	25	16	36	13	
20	10	29	29	34	35	40	46	45	37	45	28	30	38	35	20	30	39	28	47	12	31	37	3	31	12	44	22	49	13	18	17	2	27	43	10	19	19	38	32	1	49	16	49	25	17	35	22	20	38	4	8	16	49	24	30	21	23	35	44	
16	12	31	2	1	24	39	5	34	26	4	30	25	40	8	24	31	49	21	3	10	48	6	25	14	9	18	35	24	39	19	24	2	45	43	31	5	11	3	45	10	4	6	11	5	31	2	27	43	34	4	23	1	43	49	37	11	25	3	35	
10	37	34	35	9	16	30	39	31	36	26	35	42	15	16	22	29	42	31	20	1	4	41	13	24	25	30	50	22	11	34	40	14	11	23	42	2	21	49	5	4	9	17	22	16	3	38	18	24	22	12	50	11	27	26	13	18	10	24	13	
7	42	5	32	11	6	16	2	6	28	18	30	47	38	22	23	16	30	32	44	1	43	34	14	20	31	41	50	19	1	15	17	38	11	10	34	23	46	27	43	41	16	1	5	9	34	25	19	3	22	32	50	11	36	24	43	21	49	6	12	
9	30	31	27	32	46	46	45	18	22	25	18	23	15	1	11	18	3	44	7	30	38	1	13	34	17	25	28	16	25	41	13	13	45	18	28	16	36	17	1	25	42	47	22	10	19	42	23	48	34	34	48	49	16	42	32	14	1	2	49	
42	20	38	18	50	47	24	1	31	7	8	46	31	45	35	38	26	39	16	39	16	18	5	6	7	48	46	32	38	16	7	10	38	45	7	4	4	28	3	15	10	13	11	17	25	1	1	9	36	35	18	26	1	41	19	38	7	22	21	10	
37	27	44	42	28	26	28	3	16	4	7	45	31	8	4	42	31	13	9	34	19	1	49	49	43	23	39	7	19	26	28	3	40	28	19	47	31	21	37	5	25	49	46	26	34	14	50	18	27	3	25	36	27	25	9	41	29	50	18	50	
40	12	35	42	15	30	11	2	4	21	21	25	13	11	48	50	8	17	33	21	31	38	20	44	32	16	6	29	22	42	28	46	9	18	42	45	48	7	17	40	39	13	17	1	9	29	43	12	12	36	23	17	23	16	33	15	26	10	12	30	
28	46	25	31	28	25	38	7	33	2	36	36	5	5	4	44	18	12	35	21	41	19	26	10	11	41	44	9	34	48	6	1	4	11	21	43	48	37	15	44	40	6	5	39	13	16	46	41	6	34	8	38	45	17	1	12	33	7	13	29	
8	32	38	8	10	5	12	5	39	50	33	15	7	42	47	4	19	34	7	1	36	18	19	34	8	13	13	46	3	14	23	16	26	13	40	36	25	23	48	3	42	46	24	2	44	13	5	28	27	25	22	41	15	18	47	36	20	19	26	35	
31	25	30	39	47	46	15	18	36	45	19	20	36	39	37	11	23	9	42	33	18	41	33	5	43	4	22	13	35	33	26	19	21	33	20	5	40	11	41	5	41	49	45	27	17	7	27	38	16	15	39	44	15	16	14	38	34	30	26	23	
37	49	3	35	21	18	2	27	37	42	41	42	35	29	38	37	36	14	2	4	34	1	50	32	41	48	28	14	13	48	28	49	34	47	46	35	43	23	40	46	28	6	30	46	39	45	26	37	11	20	20	21	36	49	13	20	7	18	4	28	
31	40	20	47	16	36	4	25	10	22	32	24	34	31	27	42	3	38	9	2	19	49	47	23	7	11	35	27	23	40	14	20	4	8	10	15	49	40	39	34	21	23	45	30	23	12	16	45	37	34	23	18	15	12	30	19	11	19	14	24	
11	9	27	31	5	17	26	40	44	19	3	3	36	18	36	25	1	15	20	46	17	20	39	42	50	31	41	27	8	3	46	28	38	20	2	32	23	31	1	19	8	28	34	42	48	43	27	44	26	31	14	9	42	3	34	40	2	14	34	2	
19	27	14	9	45	33	14	12	23	30	4	20	40	7	5	2	22	22	14	28	11	20	48	3	8	21	35	1	11	47	20	11	9	21	42	44	22	8	31	40	45	24	23	3	20	30	14	45	6	24	45	10	37	42	32	23	21	28	42	7	
13	38	8	8	5	13	19	5	36	1	16	40	15	11	16	1	22	29	19	37	41	35	20	47	40	3	23	22	2	40	39	11	18	37	50	19	9	30	7	20	32	22	43	23	13	15	11	40	15	43	25	17	43	24	26	2	22	28	23	43	
11	29	29	40	20	48	30	17	41	30	34	2	32	42	50	30	49	48	5	49	28	24	31	4	47	40	36	12	13	21	42	1	45	26	24	14	18	22	35	44	11	23	19	46	20	33	14	20	47	49	35	20	36	38	15	49	24	17	10	7	
18	21	7	23	19	46	12	24	47	43	9	19	41	31	14	31	43	48	15	32	6	41	36	15	41	20	33	19	46	37	46	38	23	31	33	37	49	23	12	38	12	41	28	15	31	46	27	32	27	25	19	23	41	48	49	36	43	16	35	14	
28	45	25	48	40	19	20	34	12	36	22	29	17	32	8	31	29	4	31	45	36	49	45	30	39	43	1	45	34	8	49	46	11	6	19	4	44	39	26	9	11	31	13	13	10	46	46	6	23	11	7	40	4	20	33	8	2	44	39	27	
48	42	45	16	19	32	48	47	38	5	37	47	11	20	25	27	20	13	17	5	33	36	6	11	38	38	23	24	28	21	12	23	21	14	13	34	15	34	23	24	2	3	33	27	6	31	50	50	32	45	41	15	4	15	27	27	8	4	30	50	
22	10	23	34	12	35	29	15	27	4	20	42	47	12	43	50	36	22	35	35	31	18	32	45	29	14	45	30	29	12	50	31	5	46	30	32	26	30	37	32	12	36	7	29	39	29	16	7	16	35	46	27	7	8	50	17	9	1	33	4	
26	27	18	24	42	27	7	32	46	27	35	48	35	18	17	6	15	18	8	30	41	47	18	10	20	24	30	36	42	42	2	5	6	46	40	36	5	34	33	5	50	33	24	20	26	26	23	32	32	8	39	10	18	44	9	7	36	40	24	4	
22	1	35	14	31	45	40	4	34	50	42	28	11	38	25	24	22	16	49	26	46	25	5	41	47	18	25	18	32	30	38	13	18	40	34	35	47	35	45	37	27	21	34	6	11	32	48	13	43	6	39	31	22	31	47	14	24	37	13	17	
48	46	31	43	11	23	17	49	42	9	3	34	26	8	32	47	49	1	17	47	2	20	25	10	39	48	34	39	7	6	21	31	18	30	32	46	48	13	12	40	50	8	47	2	19	42	10	2	30	17	31	25	6	27	23	4	17	20	3	35	
30	28	49	1	24	48	41	21	47	50	8	35	31	5	49	39	24	46	30	45	40	16	6	41	24	9	4	10	43	1	37	11	23	20	3	21	39	38	40	35	8	29	6	3	26	8	31	48	49	31	5	41	24	17	30	40	18	36	7	17	
28	50	33	35	13	15	40	23	15	35	4	35	29	43	5	33	4	4	36	25	34	5	20	48	26	36	8	29	32	22	12	3	28	1	34	12	35	47	21	20	50	3	39	19	44	12	6	42	8	31	46	24	49	43	47	41	31	38	2	38	
4	33	29	35	44	9	37	40	4	13	44	9	18	10	41	12	41	12	36	17	30	9	7	4	18	47	42	27	38	42	38	2	44	33	41	40	8	29	27	10	28	27	41	2	24	2	6	15	48	14	20	41	7	4	8	32	33	43	49	34	
37	42	17	49	48	2	4	1	43	41	24	50	12	19	17	24	33	11	19	47	37	37	35	50	49	36	37	16	29	15	31	11	17	36	25	14	37	1	36	11	36	33	38	47	4	49	28	18	19	33	17	7	44	5	48	37	1	21	18	5	
3	17	6	34	9	18	1	23	44	26	50	33	33	18	42	10	17	29	50	43	23	28	40	17	34	33	45	5	14	25	14	19	45	1	40	2	25	36	19	7	46	34	38	22	11	45	20	24	4	19	14	22	24	24	50	18	12	39	14	13	
38	28	9	7	41	17	26	7	18	13	25	23	13	19	2	8	38	12	20	14	15	27	2	13	4	31	9	30	17	25	48	26	32	10	50	23	39	49	22	12	23	9	50	36	30	6	23	28	17	32	29	14	29	10	16	34	14	42	32	12	
27	5	41	19	32	34	13	26	14	12	23	4	16	48	46	33	25	1	26	43	3	15	19	45	50	42	45	44	40	43	40	32	2	27	25	23	5	28	2	19	2	20	47	12	21	22	33	42	22	27	33	2	4	7	33	3	15	44	14	41	
27	46	40	13	31	37	33	26	10	2	14	28	35	2	10	7	39	1	2	32	39	38	8	32	1	18	3	45	19	21	36	48	30	19	21	18	11	33	21	23	5	48	13	16	42	7	1	12	31	9	32	47	21	3	13	48	7	4	7	47	
50	27	8	30	3	2	50	36	37	26	28	32	21	8	31	43	24	25	28	46	40	48	2	20	42	42	16	39	27	25	16	12	15	14	49	22	41	45	22	46	43	8	16	48	3	7	21	22	33	20	36	35	15	38	45	25	4	42	4	4	
43	37	18	33	39	33	48	19	17	38	40	36	17	22	49	23	9	48	42	25	28	15	7	40	4	13	50	27	6	35	32	30	3	29	23	44	34	15	10	8	35	28	9	13	19	45	42	31	6	23	38	29	15	35	7	4	31	26	38	49	
On machine	3
5	37	14	11	28	5	22	16	1	14	30	14	7	35	37	13	35	31	33	34	38	17	3	5	47	38	25	4	33	41	20	18	5	12	44	34	39	36	17	17	39	43	40	37	44	39	36	44	19	40	12	43	16	16	3	28	49	13	33	45	
25	39	23	41	3	44	21	24	30	25	6	50	22	14	6	34	32	6	35	37	33	41	20	50	21	24	44	35	47	16	27	20	31	5	17	26	44	44	49	48	44	4	12	45	6	41	32	36	35	16	20	17	15	5	38	11	37	23	27	13	
24	15	50	14	24	31	50	26	12	21	34	47	34	9	6	5	40	36	41	48	15	49	27	27	35	4	31	38	21	31	13	47	11	48	40	37	33	49	14	48	27	25	33	36	44	4	2	41	17	27	42	49	39	31	31	8	6	37	35	14	
44	30	16	41	15	15	47	38	4	2	50	25	30	29	12	4	21	7	28	36	10	4	49	10	27	24	24	20	21	24	4	31	18	16	14	26	22	36	26	22	10	15	1	48	29	9	49	29	32	47	20	17	49	45	10	40	4	4	20	13	
13	47	32	41	21	22	28	37	28	44	22	4	30	16	35	30	4	7	13	32	43	36	10	48	15	41	29	40	27	30	36	49	48	22	29	18	41	24	46	21	12	17	13	22	28	12	2	42	3	45	27	40	14	36	40	20	47	28	11	35	
13	8	23	9	2	31	10	39	8	20	6	11	7	24	15	38	8	43	6	45	49	29	15	4	50	9	4	45	13	33	16	25	38	30	39	17	12	36	27	12	18	50	7	16	47	42	14	4	41	49	5	26	40	31	21	49	16	31	47	29	
6	41	2	31	44	48	42	5	9	34	16	14	27	8	25	3	41	1	12	14	36	34	10	13	43	4	27	24	27	42	32	47	20	22	22	34	32	36	12	29	3	35	19	33	15	2	48	12	10	29	37	35	20	2	16	35	29	18	17	20	
50	36	14	22	6	30	7	21	49	29	47	14	1	18	29	28	14	8	27	6	4	2	49	41	8	39	43	37	3	40	8	16	23	17	15	27	27	32	47	21	2	12	30	32	50	42	12	50	12	45	19	41	2	12	46	45	32	14	43	32	
9	39	11	33	38	43	24	47	7	43	48	19	43	5	36	44	31	29	32	6	25	4	35	45	23	36	46	24	32	25	21	9	23	29	34	17	22	1	5	22	16	15	8	6	19	39	39	34	46	7	25	45	35	21	36	37	19	46	19	3	
29	41	7	47	1	26	41	3	40	43	22	32	21	45	37	2	23	14	49	41	15	12	17	40	47	33	7	12	20	48	22	21	4	27	9	33	21	45	47	18	24	7	42	18	29	47	35	44	7	12	47	16	15	36	33	38	16	42	1	2	
31	46	48	5	15	13	14	13	11	13	40	27	15	9	3	8	13	33	42	15	3	29	35	14	39	48	18	43	3	14	21	15	37	46	13	6	19	29	21	20	24	12	24	23	32	1	29	21	18	49	28	18	38	11	15	16	38	33	39	30	
50	1	44	34	35	16	49	18	11	20	4	45	29	1	8	1	21	13	30	2	8	21	41	2	49	36	46	25	6	45	14	38	11	1	50	47	48	8	7	6	35	31	38	5	49	6	6	20	27	47	37	18	35	27	5	50	5	32	22	20	
20	19	49	22	35	13	19	1	14	22	29	8	15	38	34	7	26	37	16	24	19	16	15	12	2	7	39	9	44	42	36	35	33	3	1	19	45	47	35	14	27	42	23	7	16	50	41	30	8	34	5	32	11	30	36	32	2	4	44	29	
28	24	42	45	41	29	18	32	49	34	39	2	50	18	3	25	50	9	43	47	8	21	44	22	47	20	22	17	8	38	44	49	3	17	40	19	36	31	28	28	10	37	2	28	18	13	48	38	39	21	45	35	33	38	27	32	16	30	31	31	
4	34	29	3	33	14	37	12	25	19	50	27	23	12	38	21	27	39	45	50	17	10	5	47	16	37	14	31	17	19	28	46	38	29	30	30	22	1	25	23	37	42	40	10	42	23	43	29	42	10	50	20	13	28	31	27	20	8	35	6	
13	30	26	39	48	9	43	12	42	50	18	5	16	26	19	9	2	40	17	8	46	2	21	50	2	31	6	6	37	36	8	29	5	35	45	45	2	44	38	34	35	48	11	23	35	48	17	5	30	9	31	25	23	11	18	12	18	21	30	27	
1	37	2	28	15	27	41	7	50	34	50	9	45	46	10	10	25	37	12	46	16	15	9	48	36	10	38	6	7	50	7	37	43	15	8	44	1	8	6	44	31	31	41	39	8	12	17	29	15	13	23	41	13	48	43	8	6	42	19	21	
29	3	41	9	6	32	4	21	6	20	50	26	50	32	35	15	34	47	9	30	27	38	2	23	30	12	14	8	33	47	29	2	37	26	43	38	40	24	20	10	15	30	36	3	20	37	47	5	35	49	44	4	29	14	21	46	43	24	19	5	
46	32	40	36	43	4	44	13	14	35	19	22	22	42	1	33	33	26	43	32	14	34	23	50	32	49	25	7	4	40	48	18	17	17	50	20	7	50	24	42	19	47	41	6	38	24	49	39	46	27	12	44	2	14	28	7	45	14	9	26	
10	27	19	7	1	6	20	36	2	28	3	28	25	5	6	3	30	8	20	45	37	2	26	46	7	19	31	40	35	11	6	32	18	50	11	33	7	19	49	8	6	16	36	13	16	35	7	28	46	12	25	29	21	47	45	17	4	11	21	1	
16	7	34	43	35	7	16	36	45	24	8	23	50	25	17	29	19	14	6	20	47	33	10	7	49	20	48	28	6	16	26	1	45	6	47	34	37	31	20	49	50	23	19	35	3	31	22	49	5	34	3	43	50	19	25	35	41	45	19	38	
25	29	23	26	40	7	7	22	39	18	5	6	36	31	10	41	33	27	16	22	43	4	13	46	21	49	23	16	6	16	25	31	50	38	50	1	20	8	6	31	40	47	24	18	46	30	24	30	17	5	35	16	42	14	27	27	38	1	28	22	
50	4	24	34	29	38	23	28	22	9	9	24	42	44	22	22	17	35	45	29	28	22	33	11	44	3	19	36	38	4	31	48	44	15	40	25	27	16	33	28	20	5	36	5	38	7	25	41	30	9	23	43	17	32	17	26	15	23	33	30	
4	34	48	33	13	3	34	32	33	28	38	34	45	8	23	23	34	8	13	42	9	14	49	48	12	7	15	39	36	31	1	44	15	49	23	5	33	38	40	14	13	12	50	33	7	31	44	44	13	23	38	1	14	28	29	41	3	1	23	47	
46	27	39	16	42	39	29	50	23	24	8	12	50	3	2	38	45	17	42	13	35	10	19	45	41	45	25	50	29	19	26	27	49	32	50	26	19	13	2	10	28	9	26	1	15	22	30	3	24	8	1	31	9	41	14	31	16	39	18	22	
49	41	43	42	42	44	9	13	42	9	18	17	8	29	1	2	28	35	20	19	38	47	17	5	18	3	31	2	15	37	43	47	8	22	14	49	16	13	10	5	34	46	20	14	16	33	12	39	3	27	47	20	46	7	26	34	8	20	35	31	
3	11	36	36	38	27	15	9	41	5	31	37	46	15	44	49	49	19	21	46	49	12	7	34	29	11	40	23	2	26	39	41	43	34	7	28	23	36	43	27	16	16	5	18	42	14	18	25	33	33	14	31	3	40	13	40	33	48	30	37	
5	5	17	17	42	44	46	33	7	32	48	31	34	45	38	17	31	31	35	6	4	5	10	41	30	7	35	47	15	4	27	12	28	27	21	2	32	46	34	17	40	12	30	36	13	49	48	23	46	14	14	46	31	31	15	14	23	41	7	14	
12	18	30	9	13	8	29	25	45	8	7	9	6	3	29	36	40	44	30	17	37	15	3	36	23	37	23	30	2	38	20	16	18	6	25	13	46	46	1	28	38	1	31	23	17	32	20	14	6	37	12	22	45	47	14	47	1	33	29	9	
49	26	36	29	10	4	50	33	44	39	35	22	48	23	31	34	41	11	49	26	17	38	42	36	25	23	30	19	48	45	1	9	45	30	16	37	4	28	30	20	48	18	35	44	38	23	15	19	30	49	12	2	39	37	23	24	23	41	37	50	
26	29	41	33	41	8	28	18	3	28	45	45	12	11	37	39	50	19	28	37	45	2	29	30	3	8	26	50	2	14	43	31	25	26	2	23	41	35	40	19	10	16	23	25	21	45	35	42	4	42	6	13	43	12	4	23	12	41	41	16	
30	16	6	44	46	8	13	10	22	18	27	16	33	24	1	29	48	15	19	10	50	36	47	18	23	49	28	31	21	38	14	27	28	25	5	22	16	45	1	17	7	11	13	7	19	32	17	23	1	31	21	12	46	33	40	11	15	5	10	49	
38	40	43	20	19	1	40	14	45	41	46	41	14	36	44	14	44	32	10	4	47	49	11	4	14	41	11	43	25	14	33	44	26	29	28	31	11	32	29	19	50	16	18	35	6	12	19	46	49	5	42	36	13	12	24	33	20	38	5	22	
8	46	29	4	16	24	20	24	3	28	11	48	28	20	5	12	24	40	22	41	47	23	9	3	21	23	49	35	24	50	18	45	7	3	2	15	8	28	46	22	43	10	9	2	5	37	15	23	4	24	9	44	34	14	44	28	42	6	31	25	
50	19	2	19	14	2	23	29	41	21	16	19	2	14	21	36	31	50	39	11	27	11	39	5	17	32	3	44	35	14	32	23	15	36	28	7	34	43	6	10	37	3	42	16	1	11	9	50	25	23	45	26	34	3	19	47	29	37	40	41	
26	1	18	18	30	37	4	28	14	7	43	11	11	5	5	24	16	40	42	31	11	36	31	25	11	30	3	37	32	47	46	30	49	17	26	15	18	14	4	43	29	11	19	43	21	20	45	10	8	47	24	9	25	3	19	38	24	22	19	14	
17	36	38	49	37	48	27	20	31	17	43	5	49	48	36	7	40	14	32	47	12	4	45	4	35	18	46	23	16	9	43	25	1	23	13	27	29	26	32	30	50	2	23	38	42	47	31	31	49	12	9	50	8	40	17	9	48	41	7	5	
26	35	11	39	48	8	7	14	14	1	17	3	45	37	26	41	49	4	48	26	26	42	6	26	7	38	1	43	22	34	16	41	35	44	1	37	33	11	6	3	5	38	32	19	8	20	11	4	43	12	31	19	42	12	19	3	44	12	32	12	
40	3	3	23	19	13	29	19	24	32	22	11	10	31	29	45	49	5	37	27	7	46	45	23	16	14	17	16	17	9	30	34	29	24	40	17	20	16	8	44	22	1	15	12	3	9	10	45	45	5	32	27	1	30	8	41	25	20	23	27	
5	5	1	48	14	4	46	34	22	44	41	11	32	18	50	50	31	37	21	19	48	50	30	21	34	39	24	21	7	36	43	40	28	30	5	34	9	13	49	38	15	38	19	45	28	45	11	50	5	5	18	45	24	21	31	7	2	45	18	12	
50	34	7	8	19	10	1	13	28	22	11	36	45	18	18	11	5	46	38	40	13	25	18	20	50	47	41	29	40	20	17	24	31	34	11	2	39	35	26	46	47	36	45	23	10	40	32	28	9	15	1	23	6	19	36	2	47	7	34	22	
17	32	1	11	7	23	7	24	44	31	12	20	32	24	19	22	40	39	26	27	29	13	47	8	13	13	44	20	47	24	24	10	37	4	22	10	32	33	12	40	17	38	17	8	31	35	6	26	9	50	21	11	12	14	6	14	4	12	32	48	
11	44	6	24	13	2	32	38	3	34	37	39	4	28	31	13	36	23	47	20	37	43	20	23	20	12	42	30	33	4	25	47	11	8	31	36	35	9	37	48	11	40	40	13	14	6	47	24	15	33	35	49	4	35	49	47	26	13	45	23	
45	44	5	18	34	5	36	46	42	44	14	23	26	35	17	33	44	6	1	7	50	49	34	11	2	22	50	8	15	7	19	48	14	50	4	6	21	7	31	36	47	19	42	47	15	15	1	40	44	2	39	33	2	34	12	29	50	4	7	21	
47	15	43	2	24	27	7	28	14	39	23	2	8	18	3	48	17	42	48	3	5	24	18	30	40	34	5	4	49	45	18	9	15	42	44	7	25	23	38	9	48	35	46	45	14	35	19	29	22	31	26	11	28	42	12	20	13	12	19	21	
23	23	6	3	2	8	21	38	22	22	3	46	2	31	28	8	14	50	26	30	45	6	30	13	45	36	30	12	31	27	16	29	27	34	44	39	20	14	10	48	37	41	33	13	17	47	10	41	16	7	49	50	31	28	38	14	15	8	20	9	
32	23	24	11	44	38	41	44	13	28	17	28	1	8	44	21	13	2	12	15	45	50	1	14	18	23	48	44	7	3	48	33	19	23	8	46	2	28	12	20	50	34	49	47	23	22	1	43	2	42	28	46	14	20	30	1	22	16	45	22	
3	17	1	18	17	37	5	33	38	12	39	12	44	14	4	26	8	46	44	38	29	50	36	38	3	9	20	16	24	13	36	8	16	28	19	37	16	38	39	17	20	47	26	2	6	48	10	32	20	4	31	41	29	24	19	2	50	41	9	37	
27	5	43	40	47	32	9	4	35	30	32	28	43	8	27	45	5	18	18	16	21	27	23	45	34	29	28	9	24	4	38	1	36	42	44	5	46	3	3	6	19	18	47	39	48	31	35	8	7	18	2	12	1	6	16	33	5	25	19	1	
36	4	19	16	9	15	5	22	43	19	15	38	24	23	34	29	35	6	13	44	20	45	1	17	6	34	45	11	11	24	32	27	11	11	14	33	8	40	26	13	9	36	48	17	21	29	27	5	17	2	9	50	35	41	9	27	34	14	48	44	
36	37	31	13	34	9	24	26	17	40	26	42	11	10	22	22	39	22	11	8	3	20	43	46	1	31	22	44	6	6	45	18	25	37	45	9	17	36	35	10	14	11	14	46	11	15	15	18	36	1	16	44	43	46	34	7	28	10	41	41	
43	31	49	31	17	34	26	50	20	9	36	8	45	37	14	5	16	4	36	46	31	50	30	36	35	45	26	33	23	32	4	1	4	43	40	50	26	19	10	2	44	42	22	16	28	50	42	2	29	31	50	20	41	32	22	34	22	19	13	4	
19	39	15	46	15	10	48	4	34	46	6	1	22	3	6	3	43	16	11	16	45	49	44	13	22	29	22	29	7	12	25	29	46	18	1	5	11	36	10	41	30	39	5	41	28	20	20	13	2	28	11	28	4	43	1	20	30	36	1	37	
21	8	13	1	27	22	25	16	4	3	34	21	15	16	7	23	35	7	30	15	25	49	12	47	12	46	14	12	14	15	35	27	9	1	30	50	47	23	20	40	5	29	10	7	20	47	10	7	22	10	30	33	26	7	7	20	30	5	44	14	
35	26	30	14	39	3	18	28	20	6	4	45	49	46	49	7	2	36	49	40	35	25	24	18	19	29	8	36	1	6	20	45	30	32	19	15	45	8	37	30	2	5	31	24	2	36	19	16	29	31	50	16	11	9	10	25	7	23	47	9	
14	28	9	14	16	19	32	11	6	25	1	10	32	20	13	26	21	27	1	4	15	32	37	28	50	38	36	35	9	31	25	24	31	15	49	2	21	50	22	32	25	46	23	9	39	49	24	42	12	16	5	17	21	23	21	33	15	37	17	19	
1	25	47	25	49	14	10	16	1	27	29	5	4	12	27	25	32	24	15	19	8	47	33	38	16	1	4	26	25	48	10	6	24	29	5	16	3	35	38	4	41	27	27	12	4	46	15	18	50	25	20	29	34	14	34	12	48	44	36	26	
2	42	7	16	45	29	43	50	9	39	42	1	20	32	45	26	32	36	32	17	39	49	43	1	14	25	20	35	44	50	40	27	37	23	32	38	28	14	43	48	13	34	24	4	28	34	49	9	22	20	21	13	27	6	8	20	31	24	6	15	
25	29	22	26	25	46	2	26	12	18	3	30	38	11	50	14	34	15	7	35	21	1	18	48	35	39	26	13	28	16	50	17	23	7	12	1	48	13	15	20	1	44	12	44	17	26	11	40	1	45	39	44	36	32	5	44	14	43	27	31	
47	24	24	29	35	45	23	49	5	43	9	1	42	25	27	11	11	2	46	17	21	7	20	43	37	29	21	26	8	8	43	31	21	38	35	44	30	48	40	42	1	36	39	26	26	11	6	27	44	43	19	34	15	33	43	20	21	45	8	14	
On machine	4
22	8	28	30	28	27	33	35	10	44	17	27	8	25	17	38	23	50	49	9	20	4	44	7	11	20	6	45	45	26	26	47	41	33	8	33	13	11	50	43	20	2	28	25	7	8	19	10	14	7	35	34	49	1	38	39	38	2	45	39	
47	22	25	26	11	21	40	19	41	42	4	35	16	12	49	27	6	1	32	20	28	9	20	35	23	22	21	13	15	22	44	20	41	11	36	38	3	27	1	28	44	4	2	37	19	26	11	38	26	48	38	33	15	20	8	5	28	15	3	44	
26	26	42	23	22	25	32	14	22	36	44	17	45	13	17	30	4	16	32	48	34	29	26	8	12	35	8	39	14	14	25	13	30	8	18	29	27	24	35	7	12	2	37	25	17	35	15	2	33	48	28	40	20	38	24	30	41	30	34	10	
1	50	3	19	48	11	2	7	21	36	7	14	49	24	18	25	38	36	8	34	39	8	42	39	26	37	42	20	47	29	16	16	15	36	35	5	48	27	8	18	32	4	10	19	2	4	44	18	20	11	15	30	38	13	14	22	17	49	11	43	
25	40	39	8	1	20	8	36	8	45	6	12	32	18	9	47	2	6	13	25	17	38	8	49	21	25	7	48	5	16	33	36	39	37	24	46	22	47	12	35	50	41	17	32	7	22	43	49	10	28	21	31	25	31	27	12	41	11	21	42	
44	44	28	12	28	10	47	18	47	9	22	16	26	36	3	41	31	34	1	30	27	34	19	37	42	14	1	26	49	18	40	25	36	25	5	38	28	29	36	11	8	2	20	48	30	32	6	48	30	48	40	39	1	37	13	26	4	33	26	24	
17	38	3	38	28	11	7	26	50	48	39	30	35	32	34	12	22	37	41	13	22	46	41	15	12	13	24	30	29	26	20	30	21	37	36	18	8	40	17	25	35	38	38	43	49	9	35	25	2	49	27	28	35	4	35	19	29	7	50	28	
43	35	36	9	9	21	30	5	13	14	15	42	4	47	20	14	35	22	29	12	16	40	20	17	45	36	39	38	19	30	1	37	40	49	15	30	5	2	3	46	22	36	5	10	17	10	26	34	6	25	40	43	26	23	42	50	37	28	44	50	
28	38	46	30	16	7	1	6	19	19	21	30	28	6	29	16	2	46	16	29	48	7	13	38	30	49	6	20	42	31	8	20	9	39	5	8	37	29	38	40	50	14	23	38	15	23	11	41	13	34	38	36	17	39	46	32	30	16	40	45	
19	11	7	24	49	21	32	43	42	36	10	25	27	8	31	7	33	4	32	38	44	37	5	12	7	39	23	29	17	21	46	28	36	48	7	10	24	10	22	14	34	46	37	30	23	41	5	12	6	27	40	1	43	37	7	42	44	43	31	6	
44	10	28	3	10	22	23	35	11	23	21	41	26	41	6	42	22	34	10	24	22	24	23	15	43	11	46	35	12	33	28	2	12	45	41	10	49	13	44	46	9	48	27	3	44	7	10	46	4	3	12	17	13	5	33	5	15	38	1	2	
45	27	25	10	47	4	30	24	9	15	44	13	32	34	43	36	22	9	13	32	28	21	47	40	7	34	15	36	48	26	48	36	15	3	17	31	3	27	23	2	38	9	33	47	4	21	40	29	29	27	11	27	11	2	20	33	24	36	44	48	
50	36	37	47	10	29	7	24	49	43	36	18	49	15	7	48	46	4	44	35	4	40	40	2	4	47	8	46	14	37	7	25	4	42	19	38	13	34	13	21	12	40	23	24	28	46	15	45	37	35	33	41	3	30	21	36	11	4	25	46	
22	26	15	17	4	16	17	3	35	44	23	27	30	43	21	45	27	25	44	4	22	10	22	48	41	40	45	12	22	6	1	32	21	13	11	36	9	15	37	46	11	21	49	40	6	7	40	31	25	40	2	14	36	28	45	10	11	46	6	7	
35	31	40	20	12	19	34	37	18	27	41	6	43	41	36	47	19	18	42	3	43	15	29	40	11	15	24	20	37	10	20	20	42	41	44	22	23	16	45	12	27	37	11	50	23	30	15	12	42	32	8	42	33	20	37	19	25	34	15	17	
2	4	35	41	49	14	23	37	44	41	7	44	11	49	45	16	42	28	23	50	27	31	6	17	10	25	10	32	49	14	29	42	49	36	6	1	6	44	5	25	46	46	4	42	6	48	32	20	1	11	14	6	4	21	23	25	13	33	31	15	
16	43	14	31	2	47	23	38	21	23	21	49	24	50	24	1	41	18	11	15	11	48	31	30	32	49	18	1	44	43	39	27	2	50	2	8	30	39	12	47	2	27	22	13	37	35	4	14	25	9	44	29	10	45	2	27	14	32	20	36	
35	7	44	3	34	8	30	5	44	36	20	14	32	45	45	17	35	38	24	6	46	33	9	15	20	21	23	31	47	34	7	32	27	24	38	50	25	40	21	10	18	3	28	34	6	33	14	46	2	21	28	18	17	8	39	50	37	31	47	47	
25	36	29	12	25	8	2	18	21	49	35	20	38	30	42	38	49	13	22	27	32	32	31	42	49	11	22	49	17	41	44	3	17	18	8	23	8	5	38	47	15	43	34	25	35	1	14	20	43	5	17	30	7	1	37	47	28	21	44	37	
46	35	6	18	7	40	50	4	5	47	16	47	8	21	35	32	32	12	39	25	3	45	49	45	47	40	49	5	4	50	50	45	24	12	25	23	3	14	49	50	18	26	27	8	44	39	38	11	2	48	11	45	19	3	19	21	27	44	13	4	
38	23	18	46	7	3	14	31	47	32	33	16	47	39	15	9	49	11	17	38	5	39	46	26	45	11	1	18	36	22	21	11	36	50	46	2	17	24	42	3	36	21	35	27	37	8	24	16	28	38	29	47	40	33	28	37	11	3	39	13	
41	50	22	13	12	39	19	32	17	38	27	5	50	3	24	18	11	44	23	4	26	37	22	42	22	25	44	40	42	30	43	47	18	37	50	26	48	46	8	14	38	37	9	8	25	1	24	48	33	22	29	9	36	39	6	40	37	7	37	37	
42	2	46	45	24	21	10	14	15	43	7	18	31	35	32	44	34	40	25	15	34	46	34	21	45	23	36	10	26	11	35	36	25	35	17	46	44	26	10	12	31	18	8	49	46	6	39	16	18	22	22	42	19	6	30	35	19	1	14	49	
47	25	34	4	2	39	44	10	40	40	26	14	25	44	9	8	45	10	47	36	19	1	33	26	24	6	45	26	34	19	47	11	49	27	2	29	28	44	35	50	50	33	23	19	6	3	28	35	17	21	27	39	8	11	6	20	44	50	10	20	
45	22	15	21	26	5	24	28	33	10	36	28	47	25	1	2	9	14	16	26	29	45	14	36	46	24	30	19	38	21	13	5	19	50	14	46	3	33	10	37	16	45	8	39	24	1	14	10	30	30	50	36	26	6	35	43	41	3	31	10	
24	6	6	8	34	13	9	45	11	50	34	19	43	24	7	25	23	43	2	34	11	31	22	9	48	7	35	49	48	31	33	50	33	37	48	29	11	1	38	33	16	10	27	9	21	20	33	31	49	18	22	19	24	17	12	32	47	34	27	36	
12	24	37	25	6	47	19	9	19	20	41	50	7	31	4	18	7	25	45	44	31	11	5	18	31	19	19	30	21	9	12	43	29	47	41	38	47	2	12	15	2	24	9	7	5	31	19	47	27	40	2	8	29	32	17	42	44	30	47	38	
42	14	30	18	33	10	48	42	22	46	17	18	1	37	42	10	37	14	26	1	32	5	36	24	30	13	28	43	32	16	34	11	48	35	3	10	27	25	34	20	6	27	34	33	18	10	34	2	29	44	18	15	35	22	27	16	17	32	26	28	
30	20	23	32	1	18	24	48	50	38	23	5	20	39	20	29	16	11	24	1	19	21	9	11	43	27	32	21	32	17	2	47	13	2	8	40	45	31	43	1	11	7	30	32	31	27	3	1	20	10	15	18	36	9	27	16	42	37	37	43	
48	29	35	8	3	2	7	31	50	21	24	42	8	24	35	28	15	33	46	35	16	21	1	2	9	5	44	37	46	32	20	11	48	8	39	7	50	30	35	40	13	32	20	39	3	48	10	45	46	48	33	40	1	28	42	8	40	3	45	49	
30	15	11	50	42	30	18	48	19	26	15	29	31	12	5	29	2	33	24	6	8	31	48	47	2	45	3	37	12	50	21	39	17	15	5	19	3	34	8	10	29	28	39	16	21	19	20	42	6	2	22	11	27	20	32	49	3	2	4	7	
36	39	21	48	1	28	23	5	49	12	16	45	1	8	19	8	35	47	31	20	27	44	14	15	27	21	11	43	7	45	13	33	32	28	36	25	13	1	37	33	10	50	20	13	46	36	33	40	34	22	50	2	23	11	16	34	28	22	29	16	
21	36	22	32	19	43	3	46	20	11	39	6	26	18	34	14	4	49	33	32	6	2	32	11	45	39	46	19	6	43	19	49	35	18	24	49	8	25	26	6	8	35	5	30	48	35	7	39	29	29	22	50	19	41	13	38	23	13	42	17	
21	19	17	10	14	33	35	16	5	43	45	43	20	48	34	4	22	37	44	37	18	45	25	47	19	15	19	50	2	16	11	46	42	17	9	26	20	25	19	11	11	41	36	21	29	26	43	33	24	42	17	11	44	32	18	37	45	43	11	37	
13	14	14	31	34	39	38	31	26	14	31	30	5	2	28	23	33	8	36	14	7	33	20	44	13	35	15	19	49	45	39	47	24	22	49	38	36	16	50	34	31	44	8	29	11	14	39	12	30	18	5	50	2	40	15	20	6	1	13	19	
27	40	35	3	28	36	48	10	36	30	22	17	31	18	14	23	15	29	18	20	43	10	26	18	35	29	18	17	30	14	18	9	38	15	38	1	44	4	17	11	17	27	42	3	1	5	25	48	48	31	42	5	39	4	13	37	9	44	15	20	
43	31	34	7	33	1	3	42	21	36	27	44	35	3	44	37	23	11	8	47	33	36	34	50	15	4	31	15	23	33	44	5	41	15	20	31	44	47	10	39	37	44	21	8	16	22	37	41	16	5	31	40	25	10	40	43	12	44	17	3	
21	23	47	3	3	44	22	36	29	5	3	41	12	20	47	18	6	9	15	42	31	1	50	3	21	2	40	31	32	10	27	22	42	5	38	39	2	41	38	34	27	2	2	9	49	22	5	39	34	22	39	42	10	19	40	1	31	22	6	32	
5	32	37	21	35	9	45	42	19	32	3	12	2	33	41	23	41	43	11	3	38	22	45	18	30	41	13	9	41	1	38	44	26	29	10	4	26	40	39	17	1	5	38	30	14	32	42	22	43	3	22	35	18	34	33	2	2	29	33	41	
36	2	48	16	30	29	28	49	7	4	21	42	20	19	19	39	17	22	1	38	7	27	32	1	37	44	28	17	12	33	19	17	7	49	44	9	31	29	25	10	29	43	3	4	44	10	24	33	10	13	28	25	13	2	1	41	50	10	4	12	
42	47	23	16	12	2	8	3	40	10	40	29	3	27	25	11	20	47	33	10	24	33	23	10	35	46	26	16	43	18	7	8	4	50	20	10	32	3	24	40	30	30	17	39	4	26	2	14	21	18	46	25	27	21	4	14	5	15	44	33	
29	22	36	34	19	34	40	24	30	26	45	1	13	35	29	16	17	42	20	37	49	42	50	42	39	49	10	27	23	24	25	33	31	9	11	28	1	42	25	7	46	28	28	40	20	34	12	25	36	46	29	13	3	33	4	34	22	42	32	1	
14	22	27	7	35	44	34	47	46	19	30	36	28	45	32	2	40	48	14	37	39	20	36	29	40	43	32	45	17	2	50	41	47	13	45	9	21	45	14	28	11	1	21	26	9	30	23	8	37	39	24	15	27	13	37	31	46	36	50	26	
6	18	44	14	3	24	25	7	50	45	30	26	11	30	24	49	29	7	31	15	26	28	14	14	33	42	24	24	4	42	21	19	37	8	47	10	24	21	19	11	7	42	46	25	26	29	30	2	6	25	25	10	11	35	30	9	31	3	32	34	
23	26	17	12	35	8	49	20	31	50	45	48	41	48	44	49	14	15	3	37	2	20	13	49	47	14	33	21	26	10	13	30	23	15	26	43	35	32	22	50	24	5	44	26	11	43	32	10	8	28	23	1	28	6	35	47	11	3	25	42	
33	41	22	4	39	37	23	42	35	48	28	28	46	14	43	23	39	7	14	10	8	35	29	44	36	34	20	26	27	20	24	35	44	24	35	3	46	1	6	16	27	39	46	38	2	3	20	25	23	49	33	30	18	20	6	9	41	34	17	1	
16	31	3	8	18	20	46	4	16	1	21	10	16	16	43	36	26	46	27	43	24	11	20	20	42	1	16	45	36	35	46	42	42	5	21	42	1	37	20	34	17	11	37	30	32	43	21	7	45	38	14	43	49	2	9	39	45	26	1	43	
42	20	10	42	12	20	42	43	6	33	43	32	10	3	9	17	19	17	22	5	15	47	37	36	46	31	2	21	4	9	26	50	39	11	48	20	31	27	46	39	38	30	1	28	36	33	30	39	33	46	38	29	39	14	39	36	12	18	4	8	
3	48	11	6	23	23	41	35	48	21	5	46	33	4	19	39	12	41	41	24	21	24	46	50	10	28	31	32	36	5	27	43	26	40	10	4	50	31	1	36	19	14	21	11	18	23	24	7	16	12	9	18	30	9	47	10	4	23	11	5	
20	44	47	3	33	27	11	14	18	8	29	13	4	20	18	16	2	9	15	35	41	48	17	45	12	45	27	31	22	21	15	42	43	5	29	12	29	20	43	30	23	45	29	15	48	11	10	35	35	48	23	31	38	2	50	2	40	19	22	37	
45	21	30	4	30	41	44	10	12	46	22	3	38	50	41	45	48	1	28	2	15	8	35	40	5	25	1	11	3	37	26	28	29	6	47	26	15	19	13	22	44	45	44	40	14	10	8	32	9	27	37	18	50	40	10	19	15	31	14	33	
47	36	1	29	31	28	45	3	31	23	26	50	16	27	14	23	30	45	44	45	47	33	10	2	9	10	21	16	24	4	49	35	19	39	8	6	12	34	2	33	35	2	11	33	27	46	37	8	10	43	13	11	43	39	21	35	6	15	15	48	
13	23	26	29	1	30	50	44	48	2	36	39	29	20	34	40	5	8	9	10	41	20	36	15	50	34	46	16	17	6	10	11	6	1	44	15	34	43	33	7	29	48	1	3	31	9	11	8	42	50	24	47	33	46	19	46	22	22	30	43	
31	27	6	22	10	34	10	33	37	12	45	17	2	32	21	31	32	47	30	50	5	7	13	30	31	37	36	37	5	7	26	10	10	40	43	7	22	17	18	47	24	39	13	15	12	48	22	50	5	44	15	37	10	1	48	29	4	41	50	12	
24	39	3	48	19	8	46	47	4	8	46	48	22	18	21	4	12	6	32	33	15	15	24	48	45	31	17	2	16	6	27	14	30	19	32	17	25	4	42	35	29	17	42	29	31	15	31	24	20	32	2	38	4	14	39	17	48	31	9	32	
44	12	32	16	4	31	24	44	30	40	15	32	28	34	23	30	4	11	48	23	33	32	33	15	30	20	43	37	32	33	22	44	24	22	23	27	6	39	24	2	13	7	49	11	48	1	14	8	32	48	12	28	2	47	49	41	43	40	37	9	
8	17	2	34	23	46	40	50	38	10	47	2	45	11	46	31	11	22	20	33	37	22	48	49	33	31	8	32	21	10	46	20	44	15	18	8	18	30	26	10	50	20	30	47	11	8	33	31	35	35	2	31	50	43	20	9	17	40	5	7	
4	24	12	37	40	40	40	9	31	12	31	40	50	1	43	47	5	36	4	19	17	12	11	32	2	3	42	35	32	42	4	17	10	32	12	31	40	18	43	27	29	6	36	32	10	11	44	19	19	33	3	12	30	20	10	44	48	8	17	12	
45	25	43	47	35	24	30	31	14	26	21	19	7	15	47	29	32	14	47	21	22	33	17	17	26	29	22	30	2	32	1	1	3	39	39	10	37	15	50	7	47	25	20	20	19	46	2	39	22	1	13	16	43	7	32	17	4	38	2	46	
12	32	50	49	46	18	36	39	19	43	45	34	32	21	41	3	36	5	46	23	22	11	12	46	7	37	19	17	3	48	46	1	35	44	27	1	46	27	26	45	26	5	5	48	41	8	4	37	16	45	41	1	49	20	30	6	16	22	23	12	
On machine	5
45	6	16	32	6	39	47	35	18	48	42	28	3	37	42	24	42	6	49	7	6	2	21	16	14	17	8	15	20	29	7	41	45	43	44	31	19	38	11	42	36	29	50	27	50	50	4	10	50	37	17	30	37	12	37	1	8	8	5	3	
11	22	35	12	12	23	49	18	35	37	21	30	4	48	35	9	1	10	24	27	16	8	22	40	7	43	47	16	33	11	21	2	23	47	27	28	16	23	4	13	39	26	3	9	22	17	41	43	49	29	5	8	14	35	30	50	41	27	23	40	
15	46	36	39	42	15	41	14	42	4	37	32	11	34	17	32	33	14	6	26	47	20	7	23	21	21	8	29	10	14	30	13	17	17	21	30	10	5	32	3	15	28	24	14	44	8	9	40	9	15	31	11	30	39	4	47	30	20	13	16	
26	50	32	33	38	22	48	48	15	9	45	50	7	2	15	22	41	16	14	21	1	44	46	43	7	17	28	2	42	45	21	14	35	18	46	35	43	30	45	40	7	6	31	4	36	18	11	26	18	1	34	7	36	9	37	19	50	26	28	45	
5	12	42	28	39	26	14	47	41	37	6	45	31	50	40	18	13	48	49	35	17	43	43	23	21	35	9	19	25	25	6	10	45	21	41	41	4	40	6	5	34	26	12	40	28	49	7	21	11	17	40	3	29	36	15	49	38	42	7	22	
47	20	36	4	17	35	2	39	8	50	17	1	6	10	34	12	45	43	28	50	33	9	43	36	33	6	31	20	1	20	23	34	37	17	27	42	34	48	47	1	39	50	31	18	48	33	8	4	14	36	27	29	39	31	39	2	26	11	39	1	
36	35	23	3	29	18	22	12	43	5	50	47	31	48	28	10	17	41	12	15	7	32	17	9	21	33	29	21	29	27	9	25	23	27	43	16	38	11	7	24	44	2	4	39	44	34	13	28	27	42	22	23	27	17	18	49	15	4	48	26	
44	8	10	19	14	44	3	2	20	49	14	17	23	30	25	6	20	49	11	24	6	32	19	5	37	9	32	12	1	6	7	21	31	12	3	32	33	22	10	11	12	32	50	17	42	47	9	45	7	12	46	13	11	16	20	20	27	27	15	5	
37	25	46	17	49	44	16	39	30	42	43	4	43	27	21	41	3	45	47	34	19	13	50	28	8	20	47	29	4	1	26	39	29	41	47	49	49	38	45	38	23	20	14	11	23	32	41	14	44	11	8	47	15	3	37	14	25	13	24	21	
45	32	30	19	37	4	8	43	9	32	43	18	19	2	9	11	21	14	6	19	11	2	38	13	46	20	29	38	36	37	27	37	45	49	41	23	25	41	32	35	6	42	30	39	23	50	30	32	20	19	15	43	40	40	13	22	41	44	11	7	
26	11	38	14	22	50	45	34	29	31	8	47	9	38	30	41	34	28	34	45	45	25	41	35	35	10	36	31	10	45	28	4	42	39	36	28	10	47	13	10	47	36	12	11	46	50	21	16	12	44	14	31	2	29	42	48	43	46	7	10	
21	22	42	17	6	37	12	44	2	49	41	3	41	31	8	32	30	44	48	14	45	26	50	9	37	7	8	11	23	33	32	3	41	35	19	43	41	42	18	18	37	2	3	16	16	44	8	21	12	1	12	46	18	32	42	22	31	34	23	8	
42	7	18	7	29	19	24	19	24	50	34	16	14	29	16	50	7	47	15	36	24	17	49	41	24	4	24	24	39	20	16	14	32	32	13	47	3	50	47	22	15	12	19	39	45	24	14	39	38	14	18	16	10	20	17	8	3	47	35	18	
25	22	9	29	35	4	45	5	16	41	46	37	35	27	41	20	19	42	35	47	38	17	8	49	41	19	24	11	6	33	19	6	38	30	24	29	40	38	33	33	27	34	32	7	48	39	16	41	2	39	2	27	36	12	10	25	34	44	31	1	
46	18	36	46	33	16	4	10	44	14	33	28	40	7	1	15	47	12	1	48	27	3	45	37	16	36	25	10	16	19	5	9	47	20	19	13	10	16	26	26	24	24	16	44	40	16	39	17	5	22	4	6	47	22	26	12	33	39	20	44	
10	34	16	2	26	27	33	50	50	2	42	42	50	49	44	6	4	3	13	28	20	47	2	41	32	31	28	41	21	26	14	40	48	46	2	41	48	21	38	30	44	25	50	41	24	11	49	49	22	7	50	34	37	45	45	50	29	16	4	7	
15	28	30	4	28	11	37	41	3	4	20	8	28	37	41	36	24	6	28	46	47	50	9	33	27	26	31	21	12	26	14	33	36	29	14	13	39	50	48	43	14	41	42	10	15	35	23	9	36	20	37	48	38	18	17	24	8	13	49	38	
18	14	14	46	6	11	10	36	48	49	37	47	26	14	18	50	45	23	22	37	14	45	48	8	39	14	11	22	8	28	39	17	12	40	35	35	40	37	36	15	3	29	34	40	31	3	32	5	43	12	22	33	38	3	20	43	48	8	24	7	
34	9	29	20	18	39	43	26	29	4	43	2	29	7	12	17	35	3	2	5	36	18	20	4	10	14	49	37	34	18	29	21	5	10	30	32	41	6	40	4	29	24	4	20	11	15	11	49	37	28	37	37	4	35	5	47	18	15	19	35	
18	24	19	13	34	1	12	44	14	20	14	43	39	8	29	34	47	39	42	47	12	38	46	16	32	26	1	49	25	24	29	6	39	45	22	5	28	50	25	8	29	24	24	29	19	16	30	34	12	8	19	26	1	25	26	10	36	33	36	37	
24	25	4	25	9	27	2	10	5	9	42	11	41	14	50	49	8	6	21	12	27	38	6	31	3	32	40	29	13	33	38	15	48	36	2	27	7	16	13	48	47	42	40	35	1	47	22	2	7	2	21	9	22	22	42	25	46	31	45	42	
48	2	6	24	13	23	33	49	18	27	8	33	47	16	33	36	37	31	40	24	42	12	35	1	25	24	33	33	18	15	10	39	12	31	45	31	27	14	13	24	26	18	28	12	24	29	33	23	3	24	28	9	22	42	38	21	9	23	38	35	
22	4	10	3	13	40	10	25	13	43	10	6	24	19	35	30	26	26	44	1	2	30	25	30	32	28	39	12	21	9	19	16	19	1	10	23	43	39	10	39	16	20	10	42	18	2	9	19	48	4	4	46	11	39	42	11	14	26	5	23	
40	8	42	41	17	47	22	47	4	44	24	10	33	7	39	16	41	47	34	19	25	5	38	23	7	37	42	35	46	37	19	45	5	46	26	43	35	25	32	11	40	11	35	33	50	15	7	40	3	22	47	27	43	27	39	24	5	10	27	10	
46	47	34	22	50	28	43	17	36	34	27	45	43	43	26	30	49	36	44	11	13	39	38	17	27	9	41	33	37	26	17	20	26	21	7	45	35	10	33	26	44	46	17	31	32	22	4	42	28	46	50	26	4	49	33	32	18	43	26	19	
43	4	49	1	30	44	32	6	37	29	43	31	48	6	10	14	22	33	43	21	7	1	12	12	22	40	47	41	14	18	49	14	44	24	21	15	28	47	5	43	21	8	36	12	26	48	37	28	20	24	21	9	20	41	35	28	8	32	43	21	
46	42	34	20	21	37	41	35	16	27	10	29	19	13	14	8	7	49	33	28	46	44	19	3	31	5	15	18	31	45	27	7	2	36	25	33	32	8	10	20	22	14	32	19	22	14	47	30	42	9	2	46	50	39	21	44	44	12	28	4	
20	27	1	39	3	38	17	2	16	14	46	6	17	37	42	16	31	9	27	15	15	5	33	38	23	23	29	27	13	50	41	32	35	30	28	16	42	16	27	21	4	18	6	48	16	5	2	37	46	50	14	8	3	13	35	31	38	25	20	41	
17	38	40	33	44	2	34	26	45	22	10	21	22	32	32	16	14	14	40	20	40	18	3	8	45	12	39	30	10	35	2	30	33	26	31	20	14	23	17	18	31	24	19	44	45	47	2	16	31	5	4	45	18	8	13	26	23	8	9	11	
50	14	23	28	10	48	3	40	36	10	15	42	48	39	33	35	18	8	29	9	20	18	11	47	12	18	12	9	33	26	32	42	46	22	48	13	48	36	4	18	14	5	29	29	37	15	29	35	39	5	1	36	23	27	50	22	49	11	8	30	
47	38	32	14	16	34	48	32	21	20	12	50	15	3	34	46	19	47	22	19	46	11	20	7	33	23	48	19	47	29	9	21	31	19	31	43	5	18	43	11	18	32	32	42	16	49	44	50	9	4	49	26	40	50	27	9	15	24	30	33	
45	50	12	1	1	21	10	2	36	18	29	30	4	34	16	23	21	35	37	10	15	42	48	48	18	42	33	32	17	3	11	43	48	30	31	33	45	48	33	38	9	3	16	29	38	5	21	29	15	3	31	32	45	27	27	34	19	25	2	14	
12	44	26	24	32	47	2	16	49	2	2	4	23	24	4	17	26	19	9	3	25	10	29	13	46	34	32	42	45	2	34	8	20	16	26	22	46	21	31	47	27	19	38	45	50	3	42	32	16	37	26	30	23	27	23	8	13	36	24	39	
43	23	33	33	36	19	20	26	20	27	26	24	37	48	31	30	11	41	39	19	22	36	23	15	30	10	37	12	35	29	23	13	38	23	39	8	21	37	18	12	43	1	32	4	31	37	27	2	1	18	49	10	30	20	20	27	23	48	2	10	
12	18	33	9	32	19	27	32	43	34	50	20	18	46	12	1	25	3	5	43	46	3	20	14	26	31	39	19	42	9	33	31	23	25	27	50	40	25	28	5	35	8	48	21	39	1	35	4	10	42	49	28	17	10	31	12	40	24	39	40	
7	29	34	40	41	6	32	43	4	5	22	7	6	38	49	18	17	12	5	11	25	17	12	38	45	18	50	29	42	34	2	42	33	8	27	46	50	47	30	9	47	23	15	39	44	19	40	34	19	19	30	39	35	22	20	28	7	26	31	26	
20	33	40	20	9	46	6	30	48	18	1	40	48	7	9	25	29	29	17	2	25	33	3	17	34	3	47	9	39	26	31	40	19	38	42	43	6	25	28	50	26	37	34	35	17	35	31	16	42	45	38	8	14	37	38	28	26	19	22	2	
25	45	42	34	32	19	11	36	23	28	14	33	19	6	33	49	12	17	42	17	37	43	39	34	21	13	17	49	12	28	29	2	44	27	13	44	28	8	23	48	50	49	45	50	24	25	26	47	14	46	24	9	30	29	35	49	44	22	11	44	
37	3	22	24	31	49	10	43	19	21	6	20	43	35	42	30	17	24	25	36	19	12	13	13	33	11	49	47	44	44	26	18	39	18	2	11	6	13	17	16	49	4	44	49	3	47	33	6	2	18	43	7	15	23	27	41	19	27	6	11	
23	23	21	37	21	14	32	45	30	14	43	2	23	23	33	25	37	29	10	37	27	21	1	15	20	33	9	46	40	49	15	2	36	17	26	38	44	9	22	15	42	21	28	34	22	7	31	41	1	7	35	8	34	45	21	3	29	32	37	2	
41	48	43	1	22	2	39	49	48	41	38	2	44	41	2	31	39	48	28	17	14	3	30	41	47	50	9	20	1	6	39	12	47	26	23	31	41	36	29	21	20	46	30	43	33	23	30	24	28	43	34	33	19	29	46	49	30	48	13	26	
36	9	50	34	45	50	40	40	40	27	18	31	23	8	4	49	16	23	48	48	25	33	47	18	4	22	38	38	27	14	10	2	14	41	39	13	11	39	37	15	15	12	32	47	31	10	49	5	27	40	10	32	38	26	49	33	23	20	35	21	
28	21	21	35	29	21	32	6	25	7	22	34	25	29	14	42	15	2	44	20	17	42	41	24	41	14	45	41	39	42	33	16	16	29	32	40	13	29	19	11	21	38	27	17	3	15	14	28	4	31	37	14	24	10	19	17	18	1	22	1	
8	28	32	32	4	25	17	20	50	35	48	45	13	11	50	37	13	25	46	14	10	13	10	6	21	10	25	44	14	11	26	25	14	11	49	22	31	31	2	2	16	47	17	36	47	7	44	49	14	39	35	28	19	27	1	47	5	5	43	42	
22	31	1	31	39	43	7	8	15	35	19	5	47	17	44	37	40	36	48	24	39	27	36	39	46	15	49	8	18	42	43	42	39	46	46	1	24	23	1	7	20	5	33	37	9	21	21	6	29	11	38	11	20	37	43	42	4	25	15	34	
33	47	16	48	31	10	15	16	23	33	41	7	3	11	13	31	14	3	36	42	5	8	42	48	34	3	36	36	28	13	11	12	32	31	6	5	7	40	46	38	17	4	7	22	1	3	1	43	12	8	39	34	24	19	44	47	18	20	17	32	
37	24	19	35	42	22	24	47	34	2	28	49	15	34	3	21	27	16	5	39	41	28	40	47	2	34	43	47	18	34	38	10	25	30	27	39	36	45	24	33	44	28	27	39	22	18	33	48	6	12	2	20	44	18	10	36	2	27	46	8	
29	41	35	45	14	22	38	13	15	22	20	49	29	34	21	5	2	16	23	41	24	22	28	19	10	22	50	11	13	38	44	29	6	19	40	15	23	21	46	41	3	10	23	32	28	48	47	3	35	5	31	40	49	47	31	18	24	27	22	9	
22	5	12	37	13	10	46	9	47	15	29	12	12	48	39	49	20	19	7	44	25	48	22	44	6	11	36	45	30	39	34	38	38	46	1	47	30	6	50	39	10	26	34	40	42	41	32	35	17	23	26	32	36	16	31	27	32	44	33	1	
2	29	1	17	3	50	10	34	14	49	41	40	15	20	30	28	3	8	33	23	24	19	48	10	34	16	28	20	11	6	49	44	45	47	5	20	19	33	26	26	46	27	39	37	23	33	23	21	39	35	44	47	40	4	37	27	22	22	1	27	
19	23	34	3	2	46	18	26	35	12	22	12	38	14	35	32	28	50	3	39	17	5	3	50	44	48	26	10	3	23	13	11	47	2	4	2	16	10	11	44	8	38	44	18	33	49	9	46	49	50	29	23	36	20	19	32	22	45	35	24	
4	5	8	25	45	35	30	39	39	24	12	2	42	26	36	34	30	32	23	29	48	17	1	5	5	28	18	5	28	15	4	22	19	22	20	44	7	25	20	15	21	16	49	36	34	21	48	31	10	35	14	20	6	48	35	12	24	26	33	14	
23	16	24	21	15	42	18	19	9	30	34	41	36	36	7	25	11	5	17	30	13	8	36	13	40	21	17	24	45	15	32	34	48	19	45	41	4	33	42	9	16	3	1	21	4	12	2	35	43	23	48	36	27	1	11	47	50	16	20	28	
25	36	15	26	20	8	29	23	47	27	32	45	9	46	5	43	25	26	25	9	14	18	33	32	31	14	1	47	47	43	40	39	21	20	43	13	3	18	29	22	29	24	35	49	12	28	32	26	27	2	34	12	1	2	2	22	18	47	35	14	
18	28	21	6	14	43	8	5	22	3	34	13	16	20	15	34	28	17	23	10	12	18	23	3	25	32	19	2	41	11	30	25	47	14	11	28	48	49	23	2	46	44	20	45	15	16	25	39	4	28	34	24	48	35	25	27	5	32	3	9	
16	36	24	44	46	7	16	35	30	47	40	2	23	7	47	41	50	2	35	39	34	27	30	25	30	7	40	5	50	10	41	5	4	1	5	44	21	14	23	4	41	7	7	32	11	42	49	34	18	43	37	3	1	29	8	4	31	28	40	16	
2	23	44	23	8	34	33	23	5	8	39	31	11	6	1	34	15	26	40	28	12	32	8	40	7	12	7	2	34	34	32	47	9	23	3	38	26	28	3	1	28	7	29	44	15	49	30	26	16	7	10	34	6	27	46	17	43	24	11	9	
35	15	43	22	38	13	17	17	22	42	30	39	30	35	23	2	1	39	6	42	42	44	49	4	1	4	16	24	48	7	13	26	24	25	40	10	10	15	37	15	19	32	36	24	47	42	39	10	33	29	26	47	14	33	35	17	22	36	26	24	
4	23	42	9	4	32	19	34	29	14	16	30	14	39	39	47	26	30	14	48	20	39	12	41	47	1	16	41	43	46	12	23	40	14	28	27	38	5	50	25	24	40	11	49	22	35	1	43	27	32	26	48	14	36	50	3	21	2	6	16	
33	6	35	49	43	38	39	16	16	28	27	40	4	47	16	50	49	24	30	34	32	47	15	5	27	20	15	35	41	14	10	38	2	3	27	3	15	34	12	23	27	16	22	40	7	29	27	21	45	29	9	36	41	25	30	2	19	23	34	8	
On machine	6
6	42	33	34	45	25	34	48	50	44	39	1	34	20	50	30	46	22	10	17	10	48	23	4	47	11	38	47	27	45	23	41	48	7	3	48	9	20	27	16	39	4	28	46	45	2	11	38	32	17	18	43	32	19	42	34	5	35	43	1	
16	14	48	21	6	13	32	34	12	26	12	15	49	2	10	7	49	10	5	47	33	29	40	20	15	40	22	13	46	43	2	6	29	44	15	29	13	49	1	38	27	41	31	28	45	6	2	10	27	38	40	16	36	2	2	47	23	13	8	50	
30	43	6	6	36	13	30	36	35	13	32	9	41	31	29	25	50	4	41	22	23	48	5	44	32	11	32	30	30	19	48	30	45	31	18	39	37	31	33	35	13	8	27	41	50	26	4	39	34	28	31	17	26	17	13	6	27	16	14	31	
26	36	8	28	26	48	24	46	9	8	10	46	31	2	29	34	16	43	25	20	9	44	48	40	35	19	12	13	37	25	47	35	24	45	39	28	34	34	39	13	43	19	8	12	6	26	18	28	43	6	46	48	2	21	40	14	44	13	22	38	
25	12	20	6	19	26	17	1	42	12	5	49	35	4	28	48	27	29	22	20	45	29	25	40	34	1	21	50	10	39	45	8	30	13	42	43	30	38	31	43	48	39	12	34	2	21	45	27	2	5	28	48	34	22	41	7	1	18	10	1	
17	2	23	44	21	2	6	5	25	41	31	44	18	17	23	9	13	6	33	48	10	35	6	41	50	27	22	47	32	32	45	26	44	26	33	4	10	34	27	7	48	27	31	13	26	36	20	21	22	49	24	50	45	47	31	3	21	36	21	16	
14	23	34	26	48	46	4	23	38	23	40	24	38	38	48	39	4	12	19	23	24	18	13	44	30	18	29	9	31	23	40	13	45	33	23	27	31	48	22	8	22	42	46	2	12	13	6	44	2	31	27	10	10	35	37	49	46	24	14	26	
34	27	3	42	38	38	41	40	22	17	23	6	12	40	36	44	33	24	47	30	27	41	34	33	48	47	1	28	21	7	37	31	30	19	37	48	32	45	8	8	31	37	46	8	15	15	6	12	23	42	30	38	16	28	18	21	5	24	47	45	
12	7	50	21	17	37	22	2	41	45	10	8	9	43	19	41	17	35	50	28	34	6	39	49	32	5	8	38	3	14	33	27	20	30	11	35	34	2	6	11	48	12	20	13	39	13	2	44	1	45	36	13	14	48	22	35	35	20	6	41	
31	47	45	23	39	48	43	4	34	14	27	44	39	1	33	30	45	15	30	11	25	42	47	6	3	40	2	41	14	1	47	46	2	21	29	36	10	17	46	48	30	41	4	43	19	30	45	30	32	9	37	41	12	38	42	26	3	46	36	37	
15	10	7	25	10	16	42	17	18	20	50	44	48	33	48	5	15	19	40	37	15	9	46	44	43	44	45	42	12	34	34	1	35	25	10	4	44	26	41	50	27	29	8	11	40	23	23	2	19	22	3	18	22	26	33	20	46	2	18	40	
6	19	10	17	43	4	21	23	34	45	33	14	44	42	23	42	39	23	7	49	34	6	42	46	40	35	42	24	42	6	11	16	5	12	14	9	41	25	38	23	27	49	35	27	5	45	7	18	2	48	3	48	6	1	31	18	2	46	38	5	
32	30	25	25	24	45	32	12	6	11	29	23	26	47	27	32	25	18	20	48	35	44	17	10	28	42	50	4	36	2	39	49	29	46	47	11	24	47	20	12	26	34	35	48	34	45	15	45	13	43	28	11	21	40	5	22	5	25	48	2	
32	7	16	36	3	28	20	7	8	44	22	26	22	49	47	30	9	35	19	41	39	18	13	15	3	26	12	39	50	31	42	14	25	1	43	17	6	30	3	38	10	12	32	39	37	13	11	8	43	37	16	49	34	21	29	35	1	14	36	32	
5	22	40	30	42	6	48	2	37	22	13	21	40	45	34	29	29	28	25	13	6	7	17	42	44	46	20	9	34	13	11	37	12	26	30	21	42	8	12	42	17	41	15	29	39	15	12	18	17	12	7	14	24	11	40	15	22	22	28	30	
13	42	38	21	16	2	10	43	26	11	33	10	32	19	30	42	40	30	39	12	32	18	45	8	7	23	35	40	19	41	1	16	44	13	42	37	32	43	43	27	40	34	17	5	47	43	15	29	22	13	22	29	30	11	28	44	6	42	23	40	
11	11	21	24	46	27	1	46	29	7	46	46	42	25	2	16	21	12	14	22	23	34	7	26	50	43	3	17	36	50	46	49	21	38	25	3	30	40	43	21	9	19	23	47	3	35	15	22	38	7	23	4	47	12	8	19	21	25	50	11	
22	47	50	13	2	30	18	27	38	22	36	17	17	17	16	15	4	47	35	28	15	25	8	19	40	2	10	11	19	7	19	31	16	33	31	43	46	26	14	23	20	39	30	23	10	5	1	13	35	5	44	26	27	46	4	50	26	20	1	16	
16	1	12	42	18	18	6	48	46	27	21	13	25	43	32	42	6	39	24	24	21	11	14	17	46	49	36	4	41	18	19	20	27	35	4	33	5	34	30	6	3	39	6	42	26	36	1	43	33	37	36	24	7	37	13	27	37	43	44	31	
17	27	28	50	47	3	38	49	28	41	43	21	29	13	5	44	46	30	49	14	34	33	6	14	37	17	2	40	45	24	10	34	28	46	37	41	29	15	44	27	24	17	21	22	33	35	24	28	31	9	24	34	28	31	40	14	18	24	26	27	
40	33	46	43	28	23	33	1	23	29	4	10	17	4	30	10	17	35	39	45	39	17	28	40	46	11	32	7	48	18	33	21	24	10	37	29	16	3	2	28	44	38	20	16	48	13	17	13	47	31	41	35	28	3	48	9	12	24	9	47	
6	23	7	24	42	47	22	2	19	32	16	31	43	44	31	38	32	48	36	10	15	3	47	27	45	9	27	12	14	16	21	14	31	12	36	32	33	49	28	29	24	20	19	38	8	22	13	38	33	17	9	28	8	33	25	27	32	13	7	38	
34	34	20	40	7	43	11	48	16	20	12	37	31	27	4	36	16	27	12	41	6	24	29	12	6	47	31	14	29	39	38	38	30	41	27	6	45	4	44	48	35	29	7	23	16	45	6	38	41	45	7	29	19	27	23	37	21	10	19	24	
21	15	2	36	42	13	18	42	6	45	29	31	48	32	48	44	22	48	9	11	4	28	35	19	2	40	43	29	8	14	34	50	34	29	2	29	18	46	2	24	20	23	3	39	43	12	36	32	30	10	19	34	16	27	16	42	12	21	23	26	
16	34	7	27	43	5	30	3	36	31	47	2	37	36	33	22	48	19	30	40	21	37	28	4	35	41	8	32	21	17	50	37	5	47	6	28	47	32	28	23	2	25	1	29	49	4	11	32	5	37	22	12	31	50	45	48	33	6	6	48	
39	48	50	48	18	25	15	36	26	28	27	41	33	36	3	36	41	44	29	33	36	12	10	1	16	17	22	44	7	35	24	22	42	26	17	32	34	42	42	40	37	15	24	33	8	21	25	42	11	34	1	46	3	28	26	17	20	42	7	33	
48	8	28	31	19	35	49	38	19	3	28	21	1	11	41	15	50	50	13	26	33	42	40	14	18	46	39	27	1	43	37	9	13	21	22	5	33	5	29	5	46	11	23	31	45	16	14	14	43	27	28	38	30	46	1	24	1	11	40	22	
47	38	6	28	31	36	11	31	10	48	28	30	32	6	21	15	13	48	22	44	17	22	40	38	17	42	39	32	16	19	35	32	20	41	3	47	32	13	41	6	7	8	38	18	23	19	11	10	7	21	25	9	13	3	31	41	4	23	45	21	
9	11	22	30	28	20	14	3	2	14	6	33	37	15	33	28	29	20	46	37	10	17	5	43	2	22	10	5	45	50	49	14	19	31	33	12	45	18	17	20	42	27	22	39	30	9	13	32	3	41	20	17	29	33	48	45	45	44	1	9	
25	15	31	10	29	3	33	47	32	19	1	12	15	47	27	8	39	17	41	3	24	16	43	5	2	13	39	11	36	1	1	42	3	43	10	12	34	49	32	47	36	31	22	22	24	28	26	31	16	27	23	40	37	9	49	48	30	36	23	27	
30	8	26	31	38	42	39	32	40	43	16	45	10	16	21	12	5	25	8	40	22	49	29	36	27	32	2	35	6	13	8	35	4	46	26	31	45	48	10	5	31	21	16	2	20	18	14	35	4	27	38	27	14	3	35	38	26	49	24	12	
50	2	42	50	40	41	42	18	20	19	33	41	38	40	45	13	26	45	31	20	29	36	14	19	44	27	23	15	44	5	41	14	49	29	27	12	5	39	30	7	21	23	39	26	50	16	21	5	37	37	41	36	28	24	36	39	23	5	22	34	
20	8	13	17	28	17	32	4	17	16	1	40	33	14	12	47	21	2	14	8	50	2	48	10	3	40	9	12	44	11	33	26	5	4	2	25	43	22	15	28	36	50	39	50	19	11	4	21	48	49	31	41	30	12	14	41	9	49	25	27	
41	8	31	7	7	15	44	9	49	49	16	31	19	14	26	41	20	12	6	19	22	21	48	32	16	22	46	36	17	3	28	26	28	50	22	22	17	1	22	36	21	2	18	32	50	16	49	10	40	18	12	24	45	2	47	18	42	34	43	43	
24	17	31	39	32	33	16	49	2	16	45	12	19	18	2	8	21	26	50	28	9	30	48	34	2	39	26	43	22	35	26	1	24	37	34	9	5	39	31	20	8	16	23	32	43	31	6	8	10	1	5	37	21	24	33	13	50	9	20	4	
47	26	13	39	36	25	24	18	45	32	30	40	10	38	50	18	42	11	50	7	48	45	27	39	44	34	35	46	43	44	36	44	36	42	28	44	26	45	11	37	30	8	4	22	23	35	43	47	7	38	11	38	50	12	33	45	30	36	25	41	
32	3	50	45	21	28	15	43	7	5	49	11	29	13	7	6	45	11	38	39	25	46	1	7	6	16	28	19	5	42	13	29	25	30	40	28	42	4	4	35	46	15	23	10	10	21	19	33	34	15	5	17	25	16	18	25	3	12	48	18	
5	47	27	35	31	17	40	37	6	15	46	31	47	19	11	10	32	28	34	23	45	31	38	32	3	44	46	47	4	48	37	23	32	7	16	6	13	22	31	11	9	6	9	46	3	23	36	14	18	9	35	35	5	41	14	42	27	25	8	50	
19	6	25	39	29	14	14	29	3	1	39	28	11	25	19	3	36	50	18	28	19	18	43	37	43	25	14	43	32	40	43	19	33	35	44	9	21	10	41	50	4	44	34	37	34	31	16	48	33	22	33	37	45	49	14	34	28	33	6	40	
9	45	47	47	28	47	27	4	7	33	38	38	3	21	31	15	45	34	29	36	21	45	26	28	4	38	40	7	26	42	46	13	48	36	2	17	33	20	49	33	17	3	34	1	12	36	41	27	21	8	26	44	6	37	29	16	31	39	49	13	
45	46	6	13	34	37	22	35	17	34	15	15	7	26	25	40	21	10	2	12	16	14	39	43	27	18	44	4	21	6	9	45	26	40	31	1	44	4	28	48	28	31	6	40	46	4	29	15	50	41	14	2	50	6	43	40	45	38	6	19	
15	43	1	9	18	17	34	44	32	44	30	10	15	20	50	37	49	21	14	37	45	32	18	32	17	5	11	4	18	17	27	16	17	15	16	12	13	33	33	1	18	29	34	37	13	8	17	49	4	12	6	15	16	34	42	32	8	35	23	40	
1	34	49	2	22	6	12	22	4	32	12	19	49	44	21	10	22	39	11	3	34	27	44	27	17	26	16	5	41	49	9	48	7	39	1	45	7	50	33	33	6	34	15	5	46	45	7	26	6	16	37	4	18	29	45	42	42	21	22	43	
28	15	2	15	28	12	3	34	40	9	44	8	31	47	47	22	48	17	29	33	22	27	40	45	17	35	39	22	21	19	11	13	44	19	42	4	20	49	22	49	5	49	45	4	38	38	40	8	32	42	40	23	21	44	2	29	15	23	46	50	
23	29	42	6	42	43	19	18	14	12	34	34	27	32	40	33	26	31	42	22	42	39	37	45	16	19	3	30	30	39	4	22	33	12	21	20	20	5	26	18	3	43	31	28	45	2	36	1	27	7	38	33	30	38	28	39	46	38	46	47	
39	44	22	49	26	30	14	42	2	34	27	5	28	22	10	38	40	21	43	17	47	20	35	2	11	4	27	32	33	17	7	20	29	13	11	40	24	8	49	4	11	13	22	20	20	37	19	24	6	30	43	35	25	19	41	42	10	33	40	12	
5	24	10	49	19	24	21	26	28	2	13	7	27	20	14	30	25	32	12	2	17	39	31	46	40	20	16	30	34	40	19	25	41	40	17	19	33	34	34	10	32	20	44	13	26	34	9	6	31	46	8	15	7	21	48	16	1	37	44	27	
45	1	6	5	24	13	9	11	30	33	8	22	45	50	50	23	46	17	17	14	23	49	20	45	35	49	48	5	47	19	7	40	7	10	11	26	38	39	7	41	10	11	14	29	16	33	8	12	6	27	33	39	30	49	9	31	26	29	7	6	
6	42	27	33	40	25	14	5	10	30	15	21	36	22	48	9	41	1	31	11	31	22	22	10	10	12	20	36	31	49	37	46	42	1	12	37	10	22	1	17	43	32	25	50	13	20	38	11	45	27	23	29	27	46	38	14	32	10	24	15	
29	44	3	49	8	24	22	32	31	41	9	41	37	3	49	38	45	23	37	11	46	28	18	46	13	4	3	42	41	9	26	29	12	17	41	37	5	6	37	18	40	40	43	33	21	3	32	48	27	36	47	22	9	38	9	31	32	16	7	43	
47	45	15	13	32	20	23	21	9	1	7	20	6	38	46	4	14	41	27	2	35	39	41	1	25	7	4	30	26	23	11	28	34	31	20	44	19	2	6	17	11	19	37	19	26	23	50	41	36	6	39	32	22	33	12	9	14	15	17	12	
46	12	33	9	37	33	3	38	33	45	18	50	10	33	14	39	6	33	19	35	14	6	39	6	19	19	25	1	25	44	14	21	38	49	19	7	46	33	50	18	25	31	22	35	2	28	16	25	15	34	6	39	22	26	6	2	34	41	10	5	
33	25	30	22	11	4	44	37	31	7	31	49	46	24	6	13	30	30	5	49	49	46	35	11	13	22	3	21	6	47	35	4	42	15	40	40	16	11	14	18	26	37	17	20	20	2	36	29	41	38	30	20	35	49	30	14	30	48	13	6	
16	50	42	7	20	48	34	39	17	36	38	9	8	13	19	26	38	11	39	36	1	40	45	26	24	45	36	4	49	2	5	25	8	41	37	13	42	13	8	26	9	41	49	13	47	49	35	4	29	29	41	49	18	35	2	40	16	14	18	12	
7	39	3	13	3	50	34	29	32	20	46	27	10	28	12	37	28	49	29	47	21	31	21	16	11	41	13	45	20	37	30	24	16	5	33	4	18	36	29	2	22	27	29	49	19	24	29	46	12	41	3	22	5	7	47	48	11	39	19	34	
22	24	40	3	3	1	22	2	15	5	25	37	40	40	15	34	13	7	41	50	22	48	14	6	13	50	19	46	11	46	5	2	7	20	42	48	21	8	6	36	14	31	41	11	11	31	28	17	46	23	41	42	42	38	38	47	8	17	30	47	
30	6	3	5	16	38	12	2	2	20	33	41	2	20	3	45	35	6	11	7	35	46	7	44	34	20	35	50	45	44	36	18	2	32	19	20	7	16	15	16	39	36	42	45	8	10	5	15	41	2	29	19	25	36	39	18	40	29	20	30	
10	21	1	12	17	20	43	20	11	50	32	28	37	31	27	29	21	39	44	2	38	37	2	42	2	17	22	49	42	50	12	40	48	35	6	26	34	47	2	44	41	29	5	3	26	34	47	19	26	41	2	17	43	30	12	26	5	13	12	30	
8	34	49	25	18	1	39	48	34	21	27	13	1	24	36	14	5	36	34	47	21	4	1	7	20	48	36	38	7	45	14	45	28	33	39	37	20	23	34	17	27	2	50	50	30	9	38	20	9	29	22	34	30	27	30	9	29	7	16	8	
2	35	44	33	36	44	42	35	20	2	18	37	38	12	27	20	18	37	5	42	6	36	32	28	22	24	49	22	24	39	50	7	25	36	14	26	48	17	38	19	11	18	35	15	50	25	12	12	12	44	39	5	43	47	4	15	30	30	36	31	
