Factories	2
Families	60
Machines	2
SetupType	1

Number of Jobs in each Family
8	7	10	6	9	6	2	5	7	4	1	10	3	6	1	7	5	2	2	5	9	6	1	5	6	1	10	2	1	6	7	6	1	4	10	2	1	4	7	2	7	4	1	9	9	10	4	5	1	6	6	9	4	1	8	2	5	5	1	2	

Jobs in each Family
0	1	2	3	4	5	6	7	
8	9	10	11	12	13	14	
15	16	17	18	19	20	21	22	23	24	
25	26	27	28	29	30	
31	32	33	34	35	36	37	38	39	
40	41	42	43	44	45	
46	47	
48	49	50	51	52	
53	54	55	56	57	58	59	
60	61	62	63	
64	
65	66	67	68	69	70	71	72	73	74	
75	76	77	
78	79	80	81	82	83	
84	
85	86	87	88	89	90	91	
92	93	94	95	96	
97	98	
99	100	
101	102	103	104	105	
106	107	108	109	110	111	112	113	114	
115	116	117	118	119	120	
121	
122	123	124	125	126	
127	128	129	130	131	132	
133	
134	135	136	137	138	139	140	141	142	143	
144	145	
146	
147	148	149	150	151	152	
153	154	155	156	157	158	159	
160	161	162	163	164	165	
166	
167	168	169	170	
171	172	173	174	175	176	177	178	179	180	
181	182	
183	
184	185	186	187	
188	189	190	191	192	193	194	
195	196	
197	198	199	200	201	202	203	
204	205	206	207	
208	
209	210	211	212	213	214	215	216	217	
218	219	220	221	222	223	224	225	226	
227	228	229	230	231	232	233	234	235	236	
237	238	239	240	
241	242	243	244	245	
246	
247	248	249	250	251	252	
253	254	255	256	257	258	
259	260	261	262	263	264	265	266	267	
268	269	270	271	
272	
273	274	275	276	277	278	279	280	
281	282	
283	284	285	286	287	
288	289	290	291	292	
293	
294	295	

Total number of jobs
296

Processing times of jobs
10	7	
3	1	
3	3	
1	5	
2	3	
1	7	
10	6	
6	1	
3	6	
3	9	
5	4	
4	9	
5	3	
3	1	
1	9	
7	6	
10	3	
4	2	
4	6	
10	10	
7	3	
7	4	
1	3	
7	2	
10	8	
2	6	
5	8	
8	1	
2	9	
5	5	
8	8	
8	7	
7	2	
1	8	
2	2	
5	6	
8	6	
9	2	
3	9	
1	5	
5	4	
6	3	
2	8	
2	4	
5	3	
8	9	
7	2	
1	4	
8	8	
8	5	
6	3	
6	10	
5	10	
9	6	
8	6	
8	7	
4	2	
6	1	
7	3	
8	4	
2	7	
1	7	
5	1	
2	6	
2	3	
7	4	
7	4	
10	5	
1	3	
4	9	
3	8	
8	1	
10	4	
8	1	
4	9	
5	4	
10	6	
10	6	
6	9	
10	3	
7	8	
7	7	
5	10	
10	9	
9	7	
10	4	
5	1	
7	2	
4	1	
8	1	
6	5	
1	9	
9	3	
1	10	
8	10	
5	2	
6	5	
3	1	
5	5	
3	1	
4	9	
7	6	
2	2	
9	9	
6	5	
1	6	
7	10	
8	2	
1	10	
3	9	
10	7	
3	8	
1	7	
7	9	
8	1	
9	7	
8	9	
6	4	
9	6	
7	5	
1	9	
1	3	
6	6	
2	6	
6	10	
6	8	
4	8	
3	8	
5	2	
1	7	
4	4	
8	8	
3	4	
6	2	
10	9	
5	10	
3	3	
4	9	
8	5	
9	2	
9	1	
4	6	
2	3	
7	7	
9	7	
1	6	
2	2	
2	4	
7	7	
2	5	
6	10	
7	1	
9	6	
8	6	
1	6	
6	9	
5	7	
8	1	
4	9	
1	6	
3	8	
9	6	
5	9	
1	6	
10	2	
1	6	
4	3	
9	10	
4	4	
6	10	
8	10	
4	7	
7	10	
8	7	
9	2	
8	2	
4	7	
9	8	
1	9	
7	1	
4	3	
6	8	
4	4	
6	3	
8	9	
7	1	
3	9	
6	3	
1	8	
2	1	
10	3	
6	5	
3	7	
5	4	
7	1	
10	9	
5	3	
10	4	
7	7	
1	5	
6	6	
7	3	
5	8	
4	8	
9	3	
7	5	
3	7	
7	6	
4	1	
3	9	
4	7	
4	5	
3	3	
2	3	
10	2	
2	3	
2	7	
4	5	
5	3	
8	5	
4	10	
9	2	
9	10	
2	3	
10	1	
7	6	
8	3	
9	7	
4	1	
9	6	
7	10	
5	1	
9	9	
6	7	
3	4	
1	1	
1	3	
1	4	
7	9	
10	8	
4	8	
1	6	
5	3	
10	8	
7	8	
1	2	
10	7	
4	1	
4	6	
10	8	
10	5	
9	9	
10	7	
9	5	
1	6	
5	8	
4	8	
4	8	
6	5	
6	2	
9	8	
2	10	
3	2	
8	8	
6	3	
4	6	
1	10	
10	6	
10	3	
1	1	
10	2	
7	10	
2	1	
7	6	
4	9	
4	4	
5	1	
6	6	
3	4	
3	4	
7	4	
6	9	
8	1	
9	2	
10	7	
10	4	
2	5	
10	10	
3	9	
2	3	
4	5	
6	7	
1	5	
4	7	
6	3	
7	8	

Stepup times between Families, where [f][f] represents initial setup time
On machine	1
1	17	7	20	17	2	20	20	12	13	16	19	12	7	14	14	12	2	9	13	15	6	4	20	1	16	4	8	4	5	17	1	12	10	4	8	6	18	16	18	19	13	20	17	3	6	1	7	8	8	1	9	5	12	3	14	2	2	8	12	
5	20	20	10	10	3	17	3	4	17	13	1	12	11	6	13	5	4	19	11	4	1	20	1	4	2	10	9	17	5	8	14	2	6	6	6	1	11	8	1	15	4	13	5	7	14	16	3	19	7	6	9	4	9	18	12	5	13	6	4	
11	5	6	6	19	18	1	4	20	2	2	11	11	4	13	17	13	17	19	18	20	9	20	14	16	1	18	15	19	19	9	3	14	7	13	18	14	7	7	1	16	3	15	1	17	3	9	18	1	2	15	7	4	1	11	13	13	7	2	6	
6	6	11	7	8	13	4	13	9	11	2	1	4	20	15	14	8	11	13	20	15	8	12	17	19	15	16	11	6	20	8	4	15	20	10	12	13	13	16	1	15	5	2	19	12	16	14	3	4	15	12	10	11	7	6	5	18	15	18	11	
11	5	13	13	12	19	12	9	12	1	5	19	1	9	1	20	16	11	11	15	17	18	3	12	18	3	8	19	20	13	3	14	9	5	5	14	20	2	3	15	16	11	19	6	18	3	17	3	9	17	11	11	12	14	3	11	11	20	15	10	
18	1	17	7	19	7	15	3	20	1	17	10	12	9	13	15	2	7	12	1	10	7	14	2	17	14	18	7	15	19	11	14	7	3	13	16	9	1	5	3	10	8	14	9	5	1	5	17	1	13	16	5	12	3	12	9	10	10	4	3	
5	2	20	12	7	7	7	2	4	18	1	19	9	7	20	12	5	2	13	5	12	10	10	4	6	2	9	4	17	2	19	8	5	14	17	8	18	9	7	15	7	5	4	10	2	6	2	16	3	4	14	15	18	20	13	5	20	20	16	2	
13	14	9	14	7	15	20	13	17	14	1	7	18	20	6	9	20	9	19	17	8	15	16	14	20	12	19	10	14	2	18	4	19	6	15	7	8	18	11	8	7	16	20	17	13	14	7	3	3	8	8	6	3	6	18	10	4	7	10	20	
9	10	8	13	13	18	5	18	15	17	11	9	20	13	17	18	13	7	10	5	19	11	9	4	20	8	10	12	8	15	7	5	12	14	19	10	13	7	15	1	4	10	20	6	1	3	16	10	9	15	12	19	5	2	18	6	4	10	18	12	
8	6	14	9	19	8	6	14	15	7	5	13	8	4	2	6	13	20	5	4	6	6	10	4	16	14	6	9	9	9	15	17	2	18	3	15	3	18	4	6	10	15	6	17	6	6	8	7	4	14	4	4	18	13	2	17	20	13	2	17	
5	5	17	16	12	5	17	8	14	3	16	14	18	20	4	10	6	10	7	2	19	19	20	4	8	18	4	1	2	4	7	13	16	10	16	9	17	14	10	8	3	15	19	13	7	8	13	3	12	7	19	18	5	2	11	17	17	14	6	1	
13	8	7	9	17	9	11	19	10	12	16	6	15	1	17	3	6	9	9	9	1	1	20	16	6	6	7	18	3	18	2	12	1	11	6	18	20	4	8	2	14	5	8	2	4	7	6	5	18	17	14	19	4	8	18	11	19	5	16	12	
13	16	13	15	11	11	14	8	1	4	9	15	13	8	2	17	5	20	13	7	3	14	11	14	10	4	13	12	14	6	8	14	7	17	19	2	10	3	1	2	13	2	3	10	4	9	1	7	7	20	4	20	1	11	19	2	14	9	12	2	
10	1	6	6	2	14	8	12	6	7	9	9	19	16	17	10	13	8	3	11	17	19	5	9	1	19	19	2	12	3	16	10	4	2	5	8	1	6	8	6	20	6	8	5	19	8	17	16	15	9	18	6	11	18	1	2	7	16	3	11	
8	6	13	16	14	9	10	5	16	16	10	11	11	10	10	5	13	17	9	11	3	12	7	7	13	3	16	14	13	5	3	16	3	6	15	15	19	3	9	5	11	10	11	8	15	18	1	9	10	3	3	4	7	13	14	7	4	19	10	1	
17	6	2	2	12	3	2	8	19	14	14	15	7	7	7	20	8	2	20	10	14	5	5	15	14	1	14	2	15	14	14	4	2	15	2	4	4	6	1	6	11	19	16	8	8	11	2	16	11	10	18	4	15	9	11	19	8	10	17	11	
10	5	17	11	20	16	17	15	1	13	5	10	10	15	9	15	20	14	4	19	7	10	12	2	7	14	15	16	18	9	17	10	6	14	7	17	8	9	8	10	9	14	18	19	16	8	11	9	9	8	17	14	9	7	14	17	5	8	4	19	
11	3	11	17	6	15	12	11	17	11	11	19	12	7	16	10	14	15	19	10	10	5	8	1	19	7	8	20	18	7	13	20	7	10	7	1	18	6	12	5	20	20	17	11	12	18	15	3	15	13	13	5	4	17	6	7	7	7	17	4	
16	12	15	6	15	16	5	5	3	9	7	13	19	1	4	20	19	1	14	1	3	9	17	14	1	12	3	9	17	12	6	5	5	9	10	14	18	8	13	14	16	15	16	2	13	19	14	2	12	2	18	12	15	10	2	14	19	10	3	10	
16	20	12	2	1	3	5	16	16	1	6	15	9	16	8	10	15	4	12	16	8	16	20	17	6	18	13	5	14	16	17	7	4	5	5	3	15	6	6	3	6	5	5	6	7	12	15	10	15	18	14	19	10	15	10	16	4	4	6	18	
16	4	19	11	1	13	13	17	7	3	7	15	19	19	18	19	16	10	17	13	3	15	16	19	6	19	12	5	10	4	5	2	11	4	3	7	7	10	2	16	5	20	13	5	7	15	9	11	19	8	5	8	18	9	1	7	1	8	12	10	
11	10	2	4	3	18	10	3	15	2	6	7	14	15	4	17	10	9	1	14	5	17	1	2	9	7	6	11	17	18	20	10	7	10	12	5	10	16	20	2	1	3	15	15	9	6	12	2	1	13	8	11	20	6	7	4	2	13	20	4	
20	13	5	15	14	12	13	1	18	12	20	20	15	20	3	20	2	19	9	5	19	3	20	3	15	1	12	1	8	2	9	6	18	1	7	1	17	16	19	15	19	4	20	3	15	17	6	5	18	1	6	5	13	11	18	10	6	11	4	18	
4	12	5	20	14	18	14	2	3	14	15	16	19	15	10	20	20	18	2	2	7	19	16	3	5	13	10	2	2	8	18	19	5	6	2	19	12	17	10	11	13	18	17	7	20	12	11	6	15	11	10	8	16	19	3	15	2	14	12	10	
18	5	4	19	15	8	14	19	12	8	2	15	13	13	4	1	5	13	3	19	11	12	5	7	2	16	19	4	1	12	11	16	3	12	20	10	14	6	10	18	15	4	3	7	1	17	10	9	3	1	17	19	8	9	8	14	11	10	8	2	
4	4	13	13	19	18	3	6	15	13	6	7	20	10	1	6	17	3	5	12	17	20	15	19	14	2	15	6	6	13	13	11	14	7	8	12	12	20	5	5	1	11	14	12	15	12	20	2	19	4	2	13	11	10	7	11	6	8	6	2	
8	5	19	20	7	7	9	9	10	17	2	7	1	17	2	18	9	8	12	7	9	18	13	9	1	11	6	18	19	13	8	15	7	2	10	8	4	2	7	10	3	16	17	5	13	20	9	20	17	17	8	2	11	11	13	20	4	12	12	1	
13	18	14	9	6	5	10	4	16	15	20	17	5	11	4	2	11	14	13	3	11	19	10	19	19	14	4	1	7	7	1	19	17	8	1	19	6	4	7	7	19	5	6	10	11	5	9	19	3	12	16	18	4	17	12	17	3	14	20	1	
15	9	5	13	10	1	11	17	1	16	13	3	9	10	2	14	14	14	9	12	3	7	6	10	2	17	15	5	6	17	14	15	2	15	3	10	4	7	20	16	10	2	3	4	11	13	12	5	13	1	16	16	17	18	5	18	4	2	14	10	
13	2	2	8	10	11	12	19	4	8	14	16	1	20	6	19	4	10	8	14	4	8	9	4	17	12	12	11	3	20	11	9	7	17	16	3	7	7	16	4	1	18	11	4	19	7	6	12	9	1	10	9	3	14	14	19	1	15	10	13	
1	11	12	17	4	10	15	13	19	1	7	4	3	20	13	13	19	4	3	2	1	14	5	20	11	8	17	18	7	6	20	7	9	3	10	12	12	5	9	2	20	7	13	19	7	10	2	19	1	2	8	2	4	13	6	8	3	4	15	16	
10	13	14	6	3	8	1	11	12	6	8	17	14	7	1	7	16	16	18	17	18	12	15	15	10	10	5	4	4	15	16	10	3	20	12	1	20	3	17	4	19	13	5	10	19	7	4	17	10	17	3	7	20	8	14	10	12	17	18	10	
13	9	15	4	17	2	9	9	3	18	18	19	6	7	19	11	13	14	14	4	1	16	4	2	18	9	10	7	5	7	13	18	2	11	6	13	12	14	7	17	13	2	3	19	7	6	12	5	3	16	15	18	18	2	8	6	1	19	7	9	
18	10	5	5	3	3	19	10	20	1	16	6	8	4	1	13	9	11	6	3	2	13	7	7	4	12	12	2	11	18	4	20	9	11	12	19	17	10	19	14	2	8	13	11	6	10	20	20	1	7	3	11	1	5	1	20	4	10	16	3	
15	6	11	2	4	19	20	11	3	1	2	10	13	11	10	13	3	6	4	9	9	16	17	1	8	16	7	9	16	4	8	20	2	15	6	12	11	16	6	2	13	15	8	13	10	10	10	12	9	10	9	8	4	4	16	18	11	18	3	17	
2	10	19	2	11	9	18	13	16	16	2	11	4	7	4	8	3	6	19	19	14	20	6	12	18	9	18	10	3	19	2	20	18	13	2	13	18	4	19	10	17	6	11	15	2	7	4	19	14	5	11	3	18	11	17	18	11	9	6	4	
11	7	3	16	6	19	18	16	19	13	17	14	13	1	14	1	2	2	6	5	3	1	19	19	7	11	16	17	16	7	19	4	11	3	16	19	20	6	5	11	3	10	3	7	5	3	20	18	5	20	19	10	12	20	11	20	11	15	4	5	
13	11	6	12	12	1	7	9	20	16	11	15	5	8	15	9	12	19	7	18	1	12	7	3	19	20	11	18	5	17	5	16	8	9	19	14	1	11	13	3	4	19	2	4	9	16	19	2	10	1	15	16	17	4	17	16	4	3	14	8	
18	20	2	12	3	1	1	2	2	19	6	8	18	10	4	1	4	20	12	3	4	5	6	5	18	12	15	5	17	7	17	6	16	16	20	17	9	18	2	13	4	7	14	18	14	9	3	3	9	10	9	10	4	15	6	8	19	6	19	8	
12	19	9	13	14	2	4	20	7	15	12	2	18	9	5	10	14	15	5	10	20	4	8	7	9	15	17	6	8	19	10	20	20	19	12	5	17	12	8	5	3	17	20	18	12	3	18	14	8	18	6	13	14	12	15	6	8	17	1	10	
13	7	16	11	10	7	14	1	11	7	4	19	20	9	10	5	11	20	7	18	11	13	16	16	6	1	20	17	15	17	19	9	3	2	12	1	17	15	13	14	19	15	10	3	11	7	18	14	6	12	6	9	20	4	2	8	4	19	17	7	
5	19	18	10	13	17	8	7	13	19	19	19	13	9	12	8	18	15	12	14	9	10	12	20	5	3	7	9	8	14	6	6	14	16	16	14	11	6	2	9	10	15	5	9	2	19	16	3	4	2	15	12	17	12	12	19	9	10	16	14	
11	6	5	19	7	10	19	17	10	2	11	14	9	7	15	12	13	15	16	11	1	10	20	1	8	1	8	9	9	18	1	4	20	3	16	5	15	19	4	2	17	6	7	7	5	19	13	11	18	7	16	5	2	5	19	13	5	17	2	2	
11	17	6	14	20	17	5	16	14	9	11	18	16	5	6	12	15	15	11	15	2	9	10	8	10	1	4	3	1	9	15	12	6	8	18	9	18	12	2	10	17	10	4	16	12	6	19	16	9	12	4	15	16	15	1	9	5	4	19	15	
14	7	19	20	10	4	14	13	10	16	16	9	3	12	14	9	16	15	16	7	9	12	18	20	16	19	16	4	20	9	15	2	3	4	18	13	12	3	19	1	20	1	6	13	8	17	7	1	16	15	15	14	15	9	7	1	7	4	20	16	
6	7	2	4	12	4	3	4	7	11	7	13	13	8	6	7	1	20	17	18	1	18	17	5	9	1	4	19	16	10	17	6	11	20	14	4	6	4	8	20	19	10	2	14	8	7	14	11	1	5	5	7	1	12	5	19	9	6	16	17	
3	17	3	13	15	3	4	7	12	10	15	19	5	10	6	4	13	8	11	12	12	20	19	14	3	5	9	17	15	3	9	4	16	1	5	14	11	8	11	9	14	20	1	13	4	5	5	10	1	13	1	10	2	1	10	8	12	17	19	6	
5	3	1	20	12	18	13	1	2	7	5	1	17	16	18	15	12	9	13	13	19	20	20	15	8	12	8	4	2	20	17	7	1	20	13	12	10	20	5	13	9	20	16	3	12	20	9	5	18	9	12	13	7	11	16	12	5	1	3	11	
16	14	17	3	2	9	9	1	7	11	2	10	19	7	13	20	15	3	20	6	4	1	14	13	14	8	16	16	14	12	16	4	6	15	19	11	17	14	9	18	17	11	15	9	12	20	20	20	15	12	5	3	5	9	9	9	7	6	17	13	
6	1	19	8	5	7	17	7	13	15	4	12	18	17	10	18	16	20	5	2	7	13	9	7	18	5	12	10	10	9	19	7	9	12	7	15	4	11	14	2	18	16	20	18	6	15	13	12	8	13	12	3	11	5	12	19	1	1	14	16	
7	16	18	3	7	6	2	8	16	13	1	1	12	5	19	9	4	2	2	8	7	4	20	2	7	16	14	19	9	5	8	2	19	13	2	9	5	9	18	19	19	15	3	15	16	10	14	16	16	11	7	18	17	14	14	16	20	10	14	14	
18	5	10	13	1	15	10	20	14	15	12	9	3	15	16	17	5	15	17	4	18	8	9	17	7	17	14	8	5	7	17	16	5	6	12	4	14	19	3	5	14	14	12	18	4	3	20	2	8	5	3	1	10	11	3	5	8	7	4	3	
11	11	3	6	1	10	5	12	5	15	17	11	2	20	6	5	12	1	2	15	19	10	18	10	17	19	19	7	12	14	8	5	13	2	4	8	15	2	18	13	2	20	16	11	1	11	2	7	9	15	15	11	8	3	12	16	3	3	11	19	
8	16	17	17	11	5	4	9	5	11	16	14	1	6	8	8	15	1	7	4	6	4	8	19	7	9	14	10	6	17	8	4	11	16	16	20	17	18	15	10	9	11	9	15	11	9	12	11	4	1	2	19	20	8	11	11	6	18	8	9	
8	12	6	19	5	10	17	13	12	2	8	11	3	8	5	13	15	14	10	16	17	11	15	16	2	19	4	18	15	4	10	17	12	8	9	11	15	17	8	9	7	2	20	15	9	8	2	4	17	3	4	6	10	3	6	12	8	9	1	1	
2	10	15	1	15	17	8	17	7	19	13	3	18	8	11	2	9	9	2	11	10	18	11	5	5	9	15	19	6	14	20	15	9	3	9	5	8	11	17	16	4	15	4	16	6	18	17	5	18	10	15	7	9	17	19	7	16	17	1	12	
13	18	7	13	10	1	6	2	3	18	14	17	7	1	16	4	2	18	14	12	17	11	15	8	10	10	3	13	2	19	5	8	8	9	8	15	4	3	7	16	12	14	8	20	10	10	18	2	10	6	13	2	5	8	6	5	2	12	1	14	
19	7	7	10	12	19	19	20	20	1	7	6	8	16	19	4	16	20	14	7	11	13	11	12	10	12	2	6	20	15	3	20	12	9	19	19	7	4	10	12	5	19	4	5	18	6	18	2	13	16	20	10	19	19	12	1	17	2	6	4	
20	6	2	19	16	17	13	11	4	13	19	16	19	17	4	20	18	13	15	13	18	10	11	16	13	20	4	14	4	11	17	19	6	11	10	20	12	12	8	13	8	12	4	4	6	3	16	12	5	14	20	2	6	3	9	16	14	7	11	15	
17	4	12	18	15	1	2	11	14	20	18	5	13	3	11	7	15	13	8	9	14	19	14	12	17	5	4	15	16	18	8	7	12	5	11	6	18	4	12	7	12	7	5	1	14	20	13	18	13	20	20	14	1	18	1	8	16	14	9	8	
On machine	2
6	13	5	14	4	10	2	2	20	4	2	5	2	11	10	14	11	13	5	16	16	18	8	8	11	5	20	2	18	4	8	8	13	18	16	9	9	3	12	3	8	1	9	16	2	10	8	11	20	20	1	10	5	16	15	2	11	14	5	13	
19	13	12	11	19	6	10	4	15	9	14	9	6	16	17	17	14	14	1	14	10	15	15	8	19	11	7	20	9	12	6	13	12	7	7	8	6	9	11	14	15	2	17	7	10	11	18	7	14	5	3	15	5	1	4	17	11	1	6	20	
2	2	16	12	20	20	3	12	18	19	2	16	16	4	19	17	5	15	3	11	20	10	7	3	3	2	12	5	3	12	1	8	5	10	11	19	3	15	9	10	10	17	16	2	10	1	20	12	18	1	1	9	2	9	17	1	6	6	3	6	
9	14	11	8	6	11	3	1	6	20	13	19	2	5	14	10	14	19	14	4	17	15	5	16	3	14	9	19	13	17	9	13	4	5	2	9	17	1	11	3	16	15	15	18	10	13	14	11	15	17	19	12	19	3	5	8	4	20	7	10	
17	19	9	13	5	16	8	3	15	8	17	4	13	4	6	12	15	3	16	7	1	2	17	13	7	19	1	7	8	10	6	9	1	12	4	15	11	10	6	17	3	4	19	6	9	7	16	5	8	5	18	11	12	8	10	7	1	1	19	3	
19	1	11	5	17	16	18	14	6	13	16	15	6	2	14	13	5	4	15	16	1	14	10	2	1	6	18	9	14	4	17	20	1	2	18	9	9	19	3	8	3	20	10	19	15	12	6	11	4	15	12	13	6	13	14	17	7	12	15	7	
9	7	12	15	7	1	3	11	2	5	3	17	13	19	7	3	14	11	2	17	11	12	2	9	12	20	16	11	15	10	4	14	2	12	12	19	20	10	2	7	3	11	17	11	4	18	17	19	3	3	4	18	16	4	3	20	2	14	9	13	
8	20	16	18	6	2	13	9	8	14	10	2	16	7	11	15	4	17	6	12	15	1	2	19	1	13	9	14	9	15	16	6	2	6	16	6	19	9	7	13	16	3	9	4	2	3	19	11	6	20	19	5	13	11	9	3	14	16	2	5	
8	11	3	15	1	5	4	7	4	9	9	6	11	18	1	4	8	9	2	11	1	4	12	11	13	15	13	4	9	6	4	12	3	18	16	12	6	3	8	8	14	18	13	17	17	12	15	15	18	3	7	3	1	7	16	10	16	16	18	14	
8	2	15	17	14	8	16	20	16	17	19	10	11	8	13	13	19	16	11	12	9	7	8	18	15	10	17	1	17	17	15	6	15	15	13	13	14	9	3	8	8	4	14	4	10	15	14	15	20	1	4	4	8	19	7	20	14	2	9	13	
8	16	17	8	16	11	17	15	18	18	1	19	4	6	6	8	19	4	19	2	16	9	15	10	7	6	13	10	7	13	17	17	17	20	8	11	17	13	2	11	15	13	13	10	18	12	9	7	7	5	6	15	4	11	1	15	11	20	18	4	
8	13	17	6	9	17	20	12	5	20	5	15	3	15	1	12	1	7	7	11	5	15	1	6	15	19	4	15	14	9	2	17	3	16	13	8	15	7	5	10	9	10	6	4	16	9	11	10	18	18	2	16	9	11	5	14	5	20	8	13	
19	9	17	14	3	16	8	10	12	14	19	2	12	14	1	1	2	5	12	12	8	20	4	13	20	19	2	16	14	12	19	1	7	4	2	6	17	12	16	12	3	10	1	4	2	12	5	8	19	9	12	1	3	15	11	19	5	1	12	15	
19	10	3	13	4	10	10	18	4	20	15	11	4	11	12	7	11	20	3	5	17	19	14	6	4	14	1	18	20	4	14	12	7	7	2	3	9	15	13	1	8	7	6	19	15	5	12	11	4	18	11	17	16	5	4	14	10	9	6	16	
2	3	6	6	15	13	6	15	10	7	3	4	14	19	16	15	5	8	17	13	4	7	5	12	6	14	12	14	9	12	20	20	10	12	6	10	18	9	16	14	16	6	12	11	16	15	11	12	1	20	2	9	8	13	1	1	13	18	19	5	
13	3	6	8	4	18	11	19	8	15	3	7	10	9	15	5	13	19	9	1	8	18	5	18	14	17	7	17	20	1	9	20	7	18	3	9	13	17	9	18	9	11	1	3	13	14	14	11	2	11	7	7	4	16	16	13	16	15	6	3	
20	19	6	14	2	5	8	2	3	17	8	7	18	18	8	6	7	11	3	8	5	12	17	10	7	16	8	9	6	8	7	20	12	16	17	20	15	4	1	4	5	18	7	17	10	14	9	3	6	14	3	17	9	16	3	5	9	12	1	19	
15	2	18	20	20	20	20	6	1	11	2	10	20	16	3	1	9	5	16	19	9	13	1	1	6	8	17	20	4	10	19	15	11	11	15	2	16	11	1	7	4	15	6	17	18	19	12	14	20	1	13	17	17	18	11	17	1	17	6	9	
2	13	1	8	10	14	10	10	9	1	17	12	8	14	14	16	6	7	6	9	10	12	19	2	5	3	19	4	13	1	12	5	14	16	20	11	16	6	6	17	18	10	3	4	10	14	19	17	16	5	1	9	19	1	4	13	5	7	6	7	
2	17	13	3	1	17	1	19	10	13	17	7	16	6	1	16	17	13	15	17	5	19	12	15	20	20	6	15	2	18	12	18	13	10	18	5	18	19	13	12	20	2	17	7	17	2	5	15	5	9	6	10	8	2	5	19	15	16	10	16	
3	12	1	4	1	11	10	19	17	14	15	12	16	1	7	10	3	4	8	10	7	8	14	8	5	3	6	8	11	15	4	15	4	17	9	18	18	7	19	18	11	14	14	1	20	10	18	12	14	14	14	5	13	20	5	6	1	16	20	3	
1	16	19	9	5	9	11	7	1	12	15	2	10	3	9	15	7	1	8	12	20	18	7	7	14	20	5	9	3	7	7	19	15	7	13	9	3	4	16	16	1	17	11	18	4	5	13	11	18	6	19	6	15	2	11	20	11	16	4	20	
7	18	10	17	4	4	8	8	5	14	8	17	10	18	7	2	13	12	18	1	19	5	20	11	2	9	9	10	14	12	2	8	6	19	18	20	5	16	13	13	16	19	19	1	1	19	15	4	20	4	12	20	17	6	15	11	18	2	18	6	
10	19	5	9	15	1	8	13	4	1	12	9	2	11	1	4	8	7	10	17	1	18	11	17	17	5	20	13	6	19	3	3	4	11	12	6	10	12	18	11	11	8	1	20	17	3	17	11	18	5	2	8	4	20	14	15	1	6	11	6	
14	7	9	11	7	16	6	8	12	16	5	7	2	5	19	17	17	5	20	14	4	10	5	7	2	19	14	3	16	14	15	17	15	18	3	18	19	20	12	14	4	5	20	13	19	13	19	20	17	7	14	4	16	15	20	18	18	4	3	4	
2	7	9	11	11	20	20	13	12	16	2	17	10	15	1	20	16	10	13	14	17	3	3	6	13	16	15	14	20	18	1	11	4	15	13	3	1	9	7	8	7	16	20	8	2	14	6	9	9	10	5	7	1	15	11	3	15	5	1	7	
17	8	12	3	5	8	11	10	10	17	1	14	3	4	1	20	17	10	4	19	16	7	15	18	5	17	2	20	11	3	12	4	12	16	3	9	5	20	3	4	12	20	18	4	16	13	19	8	2	3	7	7	3	7	19	4	18	19	11	13	
4	4	2	14	1	13	20	1	5	2	16	16	14	19	6	17	11	13	16	5	13	13	3	13	14	5	8	13	20	16	3	1	10	2	8	8	1	6	5	14	8	9	11	11	12	8	12	10	19	10	1	7	19	17	3	19	3	13	19	12	
17	12	14	16	18	3	6	11	14	17	3	5	10	3	4	16	7	12	18	6	12	14	17	9	15	17	16	8	4	18	20	13	3	3	20	20	19	9	16	11	15	5	13	13	3	19	7	4	2	20	18	10	7	19	10	20	14	10	6	6	
12	14	15	5	1	17	4	18	17	6	9	19	9	2	13	11	8	17	8	10	13	18	1	10	19	16	6	11	6	5	13	6	12	4	8	8	12	14	16	5	1	16	11	3	18	12	13	19	12	9	19	15	1	20	19	17	20	16	11	19	
1	9	17	11	11	4	14	13	10	14	2	3	18	14	4	16	1	11	10	8	12	19	15	15	17	5	7	19	15	13	3	15	2	5	2	2	13	18	10	5	18	13	7	20	12	12	9	2	6	3	16	14	7	11	1	5	13	8	19	9	
11	18	7	12	6	15	11	2	14	6	16	3	1	11	19	5	8	18	9	8	10	1	11	18	13	13	17	1	2	11	1	3	16	15	10	10	4	14	1	16	19	17	8	16	9	16	10	17	4	16	6	7	4	11	15	16	6	10	7	9	
19	5	6	17	2	12	10	20	8	6	12	12	11	13	14	4	13	5	19	6	15	10	14	18	13	6	15	15	15	4	14	18	8	6	6	5	6	1	5	11	11	18	4	9	18	15	13	2	17	8	3	9	10	8	14	2	11	11	16	20	
15	16	20	11	17	14	16	18	3	18	4	10	4	12	9	19	5	20	3	18	2	3	14	13	19	2	10	3	8	16	6	15	14	7	19	2	15	9	14	2	6	8	15	6	15	7	2	15	3	2	10	10	11	16	16	15	17	4	6	12	
8	11	9	19	17	3	8	19	1	15	6	6	17	17	6	14	16	3	8	9	16	19	11	19	16	5	13	18	12	14	6	1	13	2	17	20	11	18	7	3	12	16	17	9	14	14	4	19	8	17	20	16	9	9	17	4	14	1	1	8	
17	17	1	16	13	19	9	7	20	10	3	2	15	20	7	3	5	20	3	8	18	19	15	17	1	6	2	2	20	15	3	17	19	11	13	2	8	13	19	12	1	1	14	11	6	11	12	18	1	17	1	2	19	10	4	20	8	17	8	20	
2	13	4	18	18	6	8	14	20	16	1	2	1	6	10	19	13	2	20	16	10	6	15	5	1	18	6	20	19	1	20	16	16	6	20	11	3	4	7	10	7	11	16	18	4	1	8	13	9	19	18	9	4	16	8	8	18	12	4	1	
13	8	2	10	15	2	7	19	13	7	1	2	16	16	19	15	14	5	8	14	1	7	7	2	7	18	2	12	18	2	7	12	2	1	10	4	7	1	12	7	4	2	12	11	12	18	12	14	16	20	10	9	13	11	3	14	12	15	3	8	
11	2	7	5	7	12	16	3	6	19	9	18	13	12	10	17	5	13	9	14	6	17	1	7	18	5	6	18	7	5	9	1	7	18	16	11	10	17	15	17	14	20	16	17	7	11	4	19	18	14	15	16	10	8	7	15	15	3	16	2	
14	19	6	2	14	4	5	3	13	12	4	2	14	4	18	3	14	10	10	1	16	11	6	12	2	10	14	11	8	20	12	13	3	9	7	8	2	7	16	4	12	5	20	14	10	7	7	9	2	17	8	13	5	9	2	13	1	5	15	4	
6	20	11	4	13	19	15	15	9	18	3	19	10	17	16	3	15	6	14	11	8	20	9	8	12	20	15	12	7	18	9	4	20	6	9	6	13	17	12	6	18	7	7	4	3	18	19	8	8	15	13	12	7	7	19	5	1	5	4	12	
9	1	10	11	10	12	14	8	2	19	12	18	2	17	4	10	19	1	16	11	5	15	18	17	8	10	16	2	17	18	18	2	18	11	8	20	16	5	6	14	4	1	16	2	12	20	13	17	11	19	14	1	11	19	2	13	10	1	17	15	
15	1	14	1	2	6	5	8	3	17	16	19	3	11	20	11	4	4	12	2	18	10	2	9	9	13	9	17	1	12	6	13	19	12	17	14	14	4	15	11	18	20	18	11	12	13	16	16	18	13	3	1	12	20	4	8	11	7	11	4	
17	20	14	12	2	9	14	5	17	19	18	12	18	18	10	12	6	8	7	18	3	19	11	5	18	19	20	5	2	12	15	19	7	3	19	7	15	2	12	5	15	9	20	3	5	8	17	3	13	14	11	16	6	19	20	11	3	9	17	17	
9	15	15	13	18	6	11	19	14	9	18	2	13	20	4	2	6	8	18	11	18	5	10	7	12	7	6	11	7	9	4	11	8	6	17	20	10	2	7	7	16	17	9	10	2	18	1	6	18	3	3	9	12	11	9	3	11	4	12	4	
3	14	14	16	20	4	14	9	16	1	3	16	4	14	5	2	2	18	8	6	3	9	6	4	7	10	11	7	5	7	8	2	17	10	9	4	12	1	6	14	7	9	15	13	2	12	14	9	6	12	17	3	12	7	9	14	20	8	18	16	
2	10	16	14	16	4	1	10	4	9	12	11	15	17	6	3	6	3	11	16	5	8	4	4	13	19	18	3	6	3	20	5	8	3	5	20	5	4	12	18	8	12	6	19	9	4	14	2	5	19	1	2	7	6	12	19	15	11	13	12	
9	14	7	15	13	12	18	19	14	18	20	2	13	10	18	19	8	16	13	1	2	16	9	9	8	2	18	4	17	2	4	17	2	1	1	13	5	15	5	4	2	2	7	19	14	15	1	15	16	4	4	5	14	2	5	1	9	8	19	4	
19	15	17	1	20	20	15	8	14	7	12	14	10	4	11	4	4	11	7	2	17	8	18	13	15	5	9	12	13	16	16	7	13	16	10	9	3	10	20	4	6	7	9	2	8	13	5	3	13	7	19	4	8	12	9	6	19	6	3	3	
9	6	20	12	12	4	13	8	3	13	18	8	8	9	10	4	2	3	8	16	3	13	19	6	4	16	11	15	2	3	13	5	3	15	6	8	20	11	15	15	17	5	15	1	1	20	3	11	12	11	6	12	10	6	1	12	6	12	2	17	
15	1	17	19	1	9	9	2	3	5	11	6	12	12	20	10	8	20	10	7	17	18	17	15	8	3	18	5	5	12	12	12	10	17	9	4	15	14	18	7	7	18	7	20	17	3	9	12	9	17	9	2	13	6	6	4	11	6	14	10	
13	9	5	3	7	13	6	18	3	20	1	7	15	2	1	5	18	6	14	14	12	7	18	5	4	5	13	20	7	9	13	14	18	9	7	10	14	19	3	17	15	9	2	5	12	13	6	10	17	1	10	13	10	10	15	19	3	9	2	10	
18	7	18	2	13	17	20	15	8	6	10	10	19	11	13	13	4	15	14	11	10	17	11	20	14	2	1	1	16	16	16	7	6	15	19	14	9	6	18	3	9	1	13	1	5	12	1	8	13	8	9	11	11	4	15	12	5	20	7	6	
18	20	9	10	11	7	14	5	2	10	11	9	11	18	9	5	7	7	16	18	19	17	10	15	2	16	19	1	17	2	3	4	6	3	15	12	7	14	4	3	9	15	16	3	8	12	18	15	12	11	12	6	20	8	3	7	15	19	6	6	
20	9	19	7	10	4	15	5	8	16	13	14	17	3	16	5	11	19	16	14	1	6	14	9	15	18	2	18	4	19	18	20	2	2	4	4	17	3	9	16	1	1	16	11	2	8	1	8	1	15	2	3	5	7	9	10	1	16	8	12	
11	15	13	2	5	11	14	15	8	8	16	14	11	17	18	9	9	9	1	20	5	8	6	14	8	2	7	10	15	1	17	18	12	14	5	13	19	14	17	3	18	7	6	14	20	4	20	10	13	9	9	8	15	18	18	14	10	11	18	13	
6	16	12	16	13	10	12	16	12	18	5	13	3	4	13	17	11	18	16	2	18	2	17	20	7	9	15	15	12	18	3	10	10	15	19	1	20	14	19	12	2	14	1	12	3	11	10	14	9	11	15	2	8	19	5	6	10	14	9	14	
17	12	14	10	1	13	4	18	4	2	17	17	7	8	10	13	3	12	5	14	4	8	12	6	4	8	16	7	3	7	7	19	2	19	19	12	5	5	8	18	6	6	8	14	2	19	20	4	14	8	14	16	7	19	17	13	17	17	4	10	
2	13	3	13	5	8	14	5	9	1	19	18	20	18	14	8	20	7	7	12	9	9	4	5	2	1	16	19	20	10	11	9	20	5	7	13	20	12	6	16	14	8	5	14	17	14	12	2	12	8	3	17	14	20	20	13	10	15	2	18	
8	7	10	4	20	17	20	14	11	1	20	10	3	10	9	1	14	19	10	9	2	6	15	1	7	18	14	11	6	3	19	7	13	13	5	20	10	3	2	9	17	12	16	14	16	11	16	7	17	7	16	20	2	1	12	13	4	1	18	16	
