Factories	2
Families	60
Machines	6
SetupType	2

Number of Jobs in each Family
8	2	10	3	7	7	10	6	1	9	4	10	10	1	8	8	9	9	3	5	6	5	7	8	9	5	8	3	1	6	3	10	7	9	6	9	5	3	6	6	8	3	9	6	10	7	8	6	2	8	8	10	2	8	3	7	8	10	9	3	

Jobs in each Family
0	1	2	3	4	5	6	7	
8	9	
10	11	12	13	14	15	16	17	18	19	
20	21	22	
23	24	25	26	27	28	29	
30	31	32	33	34	35	36	
37	38	39	40	41	42	43	44	45	46	
47	48	49	50	51	52	
53	
54	55	56	57	58	59	60	61	62	
63	64	65	66	
67	68	69	70	71	72	73	74	75	76	
77	78	79	80	81	82	83	84	85	86	
87	
88	89	90	91	92	93	94	95	
96	97	98	99	100	101	102	103	
104	105	106	107	108	109	110	111	112	
113	114	115	116	117	118	119	120	121	
122	123	124	
125	126	127	128	129	
130	131	132	133	134	135	
136	137	138	139	140	
141	142	143	144	145	146	147	
148	149	150	151	152	153	154	155	
156	157	158	159	160	161	162	163	164	
165	166	167	168	169	
170	171	172	173	174	175	176	177	
178	179	180	
181	
182	183	184	185	186	187	
188	189	190	
191	192	193	194	195	196	197	198	199	200	
201	202	203	204	205	206	207	
208	209	210	211	212	213	214	215	216	
217	218	219	220	221	222	
223	224	225	226	227	228	229	230	231	
232	233	234	235	236	
237	238	239	
240	241	242	243	244	245	
246	247	248	249	250	251	
252	253	254	255	256	257	258	259	
260	261	262	
263	264	265	266	267	268	269	270	271	
272	273	274	275	276	277	
278	279	280	281	282	283	284	285	286	287	
288	289	290	291	292	293	294	
295	296	297	298	299	300	301	302	
303	304	305	306	307	308	
309	310	
311	312	313	314	315	316	317	318	
319	320	321	322	323	324	325	326	
327	328	329	330	331	332	333	334	335	336	
337	338	
339	340	341	342	343	344	345	346	
347	348	349	
350	351	352	353	354	355	356	
357	358	359	360	361	362	363	364	
365	366	367	368	369	370	371	372	373	374	
375	376	377	378	379	380	381	382	383	
384	385	386	

Total number of jobs
387

Processing times of jobs
6	8	5	9	7	3	
5	4	10	7	3	1	
7	10	6	7	1	9	
1	3	10	8	9	6	
6	7	6	7	8	6	
10	5	1	4	7	9	
10	5	7	8	3	10	
6	5	3	3	3	3	
3	6	1	3	9	4	
6	6	2	1	8	8	
4	3	2	7	4	3	
2	5	10	8	6	9	
8	1	4	8	2	4	
1	1	7	5	8	5	
9	5	2	2	7	4	
2	2	10	3	7	8	
2	2	8	2	1	3	
5	10	5	9	9	2	
6	9	1	1	10	2	
1	9	10	5	6	7	
6	6	5	3	4	9	
10	10	6	10	6	2	
6	7	4	9	1	9	
8	5	5	1	10	2	
1	8	8	6	8	7	
8	3	5	6	5	5	
9	1	4	3	10	2	
4	2	8	1	3	4	
8	3	8	1	3	7	
4	3	2	9	9	2	
7	6	8	6	10	1	
5	5	2	5	1	3	
8	7	3	6	7	4	
9	9	2	8	3	4	
8	2	7	1	9	1	
8	2	5	3	5	8	
9	1	10	1	2	5	
2	2	5	6	8	8	
5	10	3	10	5	6	
2	3	2	7	10	9	
4	1	4	1	4	9	
6	1	8	8	8	10	
10	2	5	8	5	9	
9	8	7	6	1	6	
2	7	3	4	5	4	
10	7	7	2	3	7	
4	5	2	2	4	5	
7	4	9	8	5	2	
2	1	1	9	1	8	
1	6	7	6	9	7	
5	5	8	2	3	4	
4	7	4	2	5	1	
6	10	4	8	4	5	
5	2	2	9	10	3	
3	8	2	2	8	2	
9	10	7	9	6	7	
6	5	4	9	5	8	
5	3	8	2	2	4	
2	3	8	7	2	2	
5	3	7	1	9	9	
7	9	7	7	2	6	
7	2	6	6	10	10	
3	8	10	1	4	9	
2	8	10	7	10	6	
4	3	1	9	10	10	
7	1	4	3	4	4	
3	5	2	4	7	9	
6	8	4	2	2	9	
7	9	5	7	8	7	
9	7	8	7	9	4	
3	2	3	2	2	7	
8	5	4	1	9	5	
4	7	10	6	7	5	
5	5	1	5	5	1	
4	10	1	2	8	5	
9	2	8	2	1	2	
10	5	4	7	1	1	
2	7	1	9	6	5	
8	1	1	9	10	4	
10	9	8	2	8	5	
2	5	1	9	7	8	
3	1	1	8	7	8	
3	2	8	1	10	2	
6	10	5	3	6	9	
9	2	1	4	7	6	
8	6	5	2	8	2	
6	7	10	7	7	8	
8	7	9	8	6	5	
10	9	10	4	7	8	
6	8	1	7	9	8	
3	9	3	6	8	8	
7	10	4	8	7	5	
10	5	7	1	10	10	
9	2	2	3	6	7	
2	4	6	7	3	6	
2	6	4	2	3	9	
6	4	9	1	8	5	
3	9	3	9	10	8	
6	4	9	4	4	5	
8	6	10	4	9	6	
1	9	7	7	10	8	
8	8	7	10	10	4	
1	8	6	4	10	6	
5	6	5	10	6	10	
8	9	10	4	6	6	
2	6	7	5	7	10	
3	8	5	7	9	10	
1	5	8	8	10	7	
3	7	10	9	9	7	
2	10	5	8	5	9	
6	3	5	9	3	5	
4	8	2	1	7	5	
3	4	5	4	10	2	
5	8	7	5	1	9	
10	8	5	8	7	4	
8	8	3	1	1	1	
7	8	9	1	8	9	
6	10	4	5	4	3	
8	10	5	5	6	8	
1	1	8	10	5	8	
4	7	8	5	3	5	
2	6	5	9	7	6	
4	7	3	3	7	9	
10	6	9	4	6	3	
1	9	1	9	5	2	
10	6	10	10	1	4	
10	6	2	4	7	7	
2	9	2	6	5	6	
6	8	2	7	8	7	
8	1	2	2	2	5	
3	10	10	9	4	2	
5	8	1	7	7	4	
5	5	10	6	4	9	
8	10	3	10	5	4	
3	7	5	9	9	9	
8	3	4	10	1	8	
1	7	3	1	2	3	
4	6	1	1	2	7	
9	5	5	3	8	10	
4	3	6	3	9	2	
9	4	8	7	9	7	
10	1	3	7	4	8	
10	8	9	1	10	6	
5	6	3	5	6	8	
3	7	9	5	8	6	
1	6	10	5	8	9	
3	7	8	5	4	9	
10	1	9	3	2	8	
3	7	8	7	6	4	
2	7	6	2	10	10	
1	9	2	3	6	5	
6	3	9	1	8	8	
6	1	10	3	9	10	
2	3	5	9	1	2	
5	8	8	7	1	4	
7	9	9	1	5	3	
2	10	4	5	9	2	
2	10	6	8	9	2	
3	3	10	4	10	1	
9	7	2	4	2	1	
5	3	2	1	9	8	
6	8	5	10	1	1	
7	9	2	5	3	7	
1	4	5	7	8	3	
10	6	1	2	8	4	
1	10	5	1	1	8	
9	1	3	6	3	1	
9	10	6	7	9	3	
5	9	1	9	7	5	
1	2	2	7	5	8	
3	9	2	9	1	1	
4	10	1	6	3	9	
2	8	2	4	3	4	
8	5	4	3	4	7	
1	5	10	2	9	2	
8	3	7	9	5	4	
5	3	7	2	6	6	
5	7	10	10	7	10	
3	7	2	9	10	6	
2	1	2	9	5	9	
8	6	10	7	5	1	
3	2	8	8	10	7	
1	1	1	9	5	8	
5	7	8	2	5	2	
2	1	8	5	1	8	
10	10	10	7	4	8	
5	2	5	3	6	1	
6	7	6	2	2	5	
4	5	4	5	4	1	
7	9	2	10	7	2	
6	5	2	3	8	2	
9	6	9	8	7	7	
1	3	8	5	9	8	
7	6	6	7	5	6	
7	5	6	2	10	4	
7	8	9	6	10	7	
3	1	1	9	6	4	
3	6	6	7	5	7	
4	1	9	7	1	10	
3	3	5	1	6	3	
5	8	10	8	7	4	
9	6	2	3	5	9	
9	4	4	2	7	2	
3	9	2	6	8	4	
5	1	10	8	2	10	
1	10	5	1	1	4	
10	9	4	8	10	5	
3	9	7	3	1	5	
6	3	10	9	3	9	
4	3	10	4	6	10	
4	1	7	5	5	10	
5	4	10	3	1	2	
7	3	8	3	4	1	
3	7	6	2	9	7	
1	7	8	3	5	10	
4	7	7	10	4	8	
1	2	5	7	8	10	
4	2	1	4	3	9	
10	3	4	8	7	2	
3	5	1	6	9	2	
9	6	9	6	3	9	
8	7	3	10	10	9	
4	5	4	3	6	2	
8	9	1	6	6	9	
10	8	7	6	9	9	
6	5	2	1	8	9	
5	1	8	5	8	9	
8	7	8	8	10	7	
1	2	6	9	3	2	
5	10	3	5	2	2	
2	1	3	2	6	8	
8	10	2	2	1	10	
6	4	5	7	3	8	
10	7	8	4	6	5	
5	8	4	6	10	10	
8	4	8	1	5	10	
3	3	5	9	3	1	
2	2	10	5	4	10	
2	3	7	9	1	3	
8	1	7	4	5	10	
8	6	1	5	1	2	
10	5	10	1	3	5	
6	7	3	9	4	1	
8	6	6	4	8	9	
9	6	3	9	7	3	
8	8	3	6	10	7	
2	5	3	3	3	2	
1	4	9	5	8	5	
4	9	3	7	7	10	
7	7	3	8	10	10	
3	5	9	8	2	6	
4	8	7	9	5	4	
10	9	2	5	9	10	
4	2	3	10	2	9	
9	2	7	3	3	6	
5	4	4	3	5	1	
1	1	7	4	3	2	
4	1	6	8	6	7	
1	8	8	6	7	1	
2	6	4	5	3	8	
5	8	7	2	10	10	
8	6	8	7	5	5	
10	9	1	4	2	2	
4	2	10	10	5	4	
8	1	3	7	6	10	
9	4	4	1	6	7	
9	1	10	5	2	10	
9	10	6	3	8	8	
10	6	3	6	8	2	
7	4	5	3	8	5	
10	10	6	10	8	2	
9	7	3	5	9	5	
1	1	7	3	10	3	
10	9	6	4	7	9	
5	1	2	5	1	9	
1	10	8	3	2	8	
9	4	7	4	4	7	
10	8	9	5	7	6	
10	6	6	6	10	7	
1	3	1	3	2	10	
5	6	7	5	6	8	
8	9	5	3	2	9	
1	6	10	2	1	2	
3	4	8	7	8	3	
8	7	4	2	6	3	
9	9	6	5	9	8	
10	5	7	1	1	5	
7	1	3	2	10	9	
1	4	10	5	3	9	
1	6	2	5	4	6	
4	4	9	10	1	3	
7	3	1	2	3	6	
4	10	4	2	5	10	
10	5	1	10	7	6	
5	2	10	2	10	1	
8	10	5	10	10	6	
9	7	4	6	6	10	
5	7	2	8	4	1	
7	1	6	2	8	10	
2	10	4	9	3	6	
10	2	1	2	9	2	
6	6	9	10	3	5	
3	2	3	8	1	2	
4	10	1	10	5	7	
6	9	4	3	1	8	
7	4	6	9	5	10	
2	2	9	10	10	1	
4	3	6	8	4	2	
1	2	10	9	8	4	
2	2	10	7	2	10	
7	9	3	3	4	3	
6	4	5	7	8	9	
10	3	5	6	1	2	
1	9	7	7	9	4	
4	4	3	4	4	10	
2	9	6	9	1	1	
7	5	7	10	7	3	
2	1	7	9	4	9	
5	7	7	10	7	1	
6	9	9	7	5	2	
6	2	1	3	6	7	
3	4	6	9	9	8	
7	9	4	6	7	9	
10	7	8	7	8	1	
3	8	7	2	8	7	
7	6	1	7	9	8	
1	9	10	8	9	6	
9	6	5	10	10	4	
1	8	7	6	2	9	
8	8	10	5	2	3	
3	1	9	4	9	8	
1	6	3	9	1	5	
2	2	4	1	7	7	
8	5	9	3	5	2	
8	6	9	1	1	7	
5	1	9	1	8	2	
9	8	8	9	4	2	
5	7	4	8	6	1	
2	1	1	9	7	5	
8	7	1	3	3	8	
2	10	9	8	10	2	
1	4	7	8	10	5	
10	2	5	10	9	6	
9	5	1	10	2	2	
5	1	3	7	1	3	
2	4	3	10	2	9	
10	8	10	3	3	10	
10	10	1	10	3	4	
5	5	8	8	5	5	
8	8	7	3	4	1	
8	9	7	9	7	8	
6	7	6	6	6	10	
8	3	3	10	3	1	
7	10	1	4	6	10	
8	10	7	10	2	9	
7	4	10	8	3	10	
2	10	4	10	10	9	
8	3	10	2	1	2	
8	10	2	2	7	5	
5	9	8	2	3	2	
7	4	4	8	3	8	
7	1	10	1	3	6	
8	9	10	1	7	10	
8	4	1	2	7	7	
5	9	8	9	9	1	
4	2	7	4	10	6	
1	8	5	5	1	4	
9	6	7	1	10	8	
7	8	3	8	5	4	
10	8	10	6	5	8	
7	8	3	6	2	2	
10	2	10	7	3	6	
6	4	10	5	2	9	
7	6	1	8	5	2	
8	3	10	10	8	3	
7	7	8	8	5	6	
4	1	3	8	2	2	
8	10	8	2	7	5	
2	10	4	3	4	1	
1	2	4	6	10	8	
8	4	7	6	10	3	
3	10	10	10	1	2	
7	10	5	6	7	1	
8	5	1	4	6	4	
10	1	10	2	8	1	
2	4	2	8	1	1	
9	6	2	2	2	6	

Stepup times between Families, where [f][f] represents initial setup time
On machine	1
30	34	47	36	27	10	29	50	13	3	25	20	12	37	7	11	46	38	6	19	45	17	48	34	30	40	11	9	44	47	24	42	15	1	21	13	27	33	22	41	48	43	44	43	40	11	4	43	27	48	46	18	10	26	27	11	47	25	17	39	
38	49	33	36	39	15	38	38	21	21	3	43	26	49	36	31	36	40	45	20	22	45	10	40	9	27	19	50	45	8	20	48	3	28	49	5	25	17	36	21	9	17	11	11	40	19	36	12	35	37	6	31	2	43	9	14	16	25	26	28	
32	43	11	21	26	29	29	45	7	46	23	25	36	43	35	14	26	17	44	13	28	44	12	2	13	22	48	7	14	44	7	30	8	18	18	49	43	15	5	45	15	4	30	8	43	21	32	37	2	24	48	24	5	39	13	27	34	42	15	15	
14	22	5	18	20	5	39	47	45	39	41	49	41	31	3	16	30	5	1	15	26	48	38	36	33	11	41	19	2	19	18	19	27	11	3	5	9	39	5	8	40	12	22	42	49	43	44	20	28	49	37	45	19	2	23	38	39	35	17	6	
33	41	35	27	33	50	31	2	9	4	41	42	44	40	22	17	39	44	42	15	41	4	11	15	49	11	21	33	13	17	14	43	4	38	13	7	1	21	11	6	19	35	34	6	37	29	47	26	36	33	37	3	44	40	42	32	26	49	44	44	
39	46	26	25	22	49	22	44	34	9	17	22	46	47	46	26	24	50	10	22	27	7	7	25	46	4	42	14	7	42	48	22	32	8	33	23	19	15	12	37	6	49	23	13	44	40	21	5	9	39	9	23	25	18	31	49	41	14	19	4	
25	10	39	38	13	7	33	44	42	42	9	5	28	19	42	50	28	44	11	21	36	49	42	50	22	45	11	16	32	17	38	18	42	29	26	5	3	43	14	7	13	3	25	9	10	18	26	27	25	38	34	23	30	33	18	33	7	16	50	6	
50	11	17	9	48	16	6	11	47	20	13	35	1	16	39	17	7	45	41	43	37	50	14	34	12	37	40	7	44	11	6	24	40	8	10	10	30	8	26	33	39	2	5	13	19	1	32	21	16	25	11	27	31	9	41	20	12	15	4	33	
30	40	3	17	20	3	24	23	34	43	24	8	13	39	4	45	41	44	25	22	33	5	27	8	18	41	45	36	4	14	24	12	16	11	38	20	42	38	1	27	32	36	4	25	2	45	42	26	2	30	8	42	44	27	18	45	20	39	42	28	
43	46	32	3	22	2	45	28	49	8	23	40	14	5	7	19	31	16	19	45	34	39	41	10	16	16	48	1	37	27	33	15	13	8	32	38	7	4	41	7	30	21	39	37	9	48	47	13	7	17	24	45	30	6	35	33	13	16	35	29	
30	27	39	27	36	46	44	22	27	21	34	34	19	36	50	20	25	47	36	22	24	6	30	45	41	10	6	6	37	31	1	26	40	13	35	29	4	3	16	21	35	26	48	5	27	5	32	10	35	14	27	17	14	45	49	36	1	15	22	30	
24	1	36	11	34	40	33	14	14	41	7	4	42	8	44	12	11	20	25	40	2	14	24	44	47	42	29	3	1	50	38	17	37	30	1	44	8	8	29	13	13	32	16	49	6	1	6	50	23	1	27	48	5	7	50	38	21	41	4	36	
48	10	14	32	49	8	27	40	4	8	6	35	3	21	12	43	46	27	34	42	24	36	50	44	12	36	1	43	18	46	43	30	6	4	26	17	10	17	30	26	40	21	5	10	38	10	17	45	7	35	48	13	7	24	31	35	28	28	21	27	
25	15	35	23	4	7	5	19	36	29	30	47	29	49	47	7	46	8	6	5	31	26	41	34	6	19	9	11	8	23	13	29	11	3	27	46	47	13	4	46	3	9	18	10	31	10	42	22	16	1	43	28	7	34	6	47	4	3	40	43	
30	49	45	34	5	30	13	35	1	11	41	9	43	41	20	44	48	48	18	6	50	44	38	48	14	38	41	18	39	25	38	34	6	24	9	30	31	16	25	32	47	7	26	47	40	23	30	4	28	31	29	21	44	21	44	2	10	20	46	4	
2	1	30	21	21	22	44	12	8	13	33	37	24	5	17	1	20	35	17	50	16	35	41	50	7	2	17	22	17	24	8	5	22	26	4	23	10	48	15	2	14	37	11	43	32	43	45	8	1	25	31	15	48	42	12	32	26	35	45	41	
36	32	1	24	9	33	12	39	27	38	7	45	43	40	32	30	35	7	10	44	35	37	11	43	40	29	16	17	11	22	24	4	8	34	33	24	18	12	45	22	19	25	50	25	17	20	26	22	8	49	14	6	30	1	35	50	36	4	49	26	
43	26	31	46	40	26	17	7	31	42	29	1	27	29	36	33	29	25	41	15	20	19	32	37	8	8	27	39	41	45	43	3	4	28	35	24	46	48	21	17	11	33	11	10	4	33	7	6	25	18	47	10	2	1	4	14	3	49	22	29	
40	6	33	5	29	8	40	40	41	43	47	7	27	28	9	24	46	37	7	30	41	27	45	6	28	28	43	28	26	36	4	22	44	15	24	42	27	11	50	47	44	31	48	1	48	31	23	11	13	3	17	5	12	15	46	34	36	28	17	40	
34	24	42	28	7	40	39	13	2	47	9	9	25	19	36	30	34	35	28	11	26	14	5	18	29	9	10	5	26	16	24	35	8	1	12	18	33	23	42	45	21	44	46	48	47	30	21	49	11	11	48	6	50	30	27	49	14	33	1	35	
20	5	21	22	14	23	8	36	19	15	45	35	47	8	42	9	48	14	18	40	11	28	47	32	12	12	5	17	2	47	19	12	26	3	34	38	22	10	27	31	2	2	15	26	48	49	35	27	49	41	46	9	48	41	38	36	32	41	34	47	
20	40	17	3	10	42	22	5	37	33	19	10	20	3	23	46	45	24	45	27	29	48	43	48	30	36	9	37	12	21	28	42	8	20	5	44	32	27	17	38	38	24	38	38	4	3	28	16	15	37	14	10	46	48	31	41	42	14	12	12	
30	47	35	43	19	40	7	48	48	15	21	44	50	18	6	38	11	32	38	48	16	9	20	18	36	9	23	35	15	41	24	29	22	44	43	47	11	38	36	18	7	50	37	18	25	50	34	5	45	40	15	27	47	11	44	29	32	30	33	26	
40	14	39	47	24	33	8	11	13	17	7	47	24	21	23	47	45	48	49	28	21	7	11	31	24	29	37	18	43	23	45	39	39	19	4	29	16	1	25	48	6	13	42	18	36	30	21	42	20	30	3	15	48	47	44	9	4	30	21	29	
40	2	27	22	24	49	37	32	36	4	37	46	24	26	13	22	13	49	28	38	34	6	48	19	14	5	38	2	22	49	4	33	20	11	38	15	24	3	42	3	4	29	27	32	24	6	27	27	17	48	46	27	23	8	4	14	36	7	33	8	
26	1	43	23	27	28	19	43	10	23	8	29	15	44	15	7	8	35	30	34	7	45	43	8	29	10	48	18	39	49	41	32	27	33	38	50	33	11	34	31	13	4	31	5	30	33	23	14	9	46	22	9	50	24	42	21	22	8	41	18	
45	20	14	20	41	45	3	23	7	38	17	35	46	40	38	49	32	45	24	20	2	15	3	40	29	36	34	48	38	27	15	31	40	47	35	9	37	16	27	24	8	14	18	7	45	4	49	38	37	49	50	30	44	7	44	2	34	27	1	24	
18	25	6	43	17	3	7	43	40	40	48	26	43	47	10	22	12	38	30	3	35	6	45	27	29	1	36	32	38	30	23	48	39	24	32	48	17	9	41	23	38	11	43	9	44	42	3	48	26	15	4	19	17	47	30	32	21	37	9	21	
36	8	4	36	16	32	18	1	7	37	45	24	32	23	24	11	43	20	41	38	8	40	33	33	46	18	41	22	8	45	25	36	24	5	14	50	45	35	28	44	33	7	37	45	15	34	39	43	48	1	23	23	46	2	11	50	15	49	1	3	
6	47	36	17	37	35	27	21	16	23	4	42	19	5	14	27	26	2	25	24	7	21	49	40	33	50	35	1	46	15	24	16	11	1	43	45	11	38	7	27	32	28	17	21	19	34	31	32	49	17	4	45	36	47	24	18	11	8	9	36	
7	8	36	12	29	30	22	23	38	10	17	13	6	22	50	47	27	10	13	15	12	34	34	27	44	30	7	24	17	7	37	50	24	22	8	16	26	40	31	48	7	24	40	37	28	38	47	6	5	15	2	4	24	41	40	6	16	36	9	3	
30	33	44	27	35	45	40	9	16	14	35	38	38	2	49	45	19	24	48	46	5	15	44	18	18	25	26	16	17	12	8	21	42	31	8	8	10	3	24	33	40	10	48	5	23	36	50	5	10	14	18	4	23	24	7	1	8	23	38	13	
23	40	22	1	8	3	42	43	27	30	17	15	35	11	41	31	36	30	36	13	27	20	21	39	37	5	7	18	3	1	15	22	21	14	41	40	25	13	16	20	26	2	34	9	43	19	1	6	12	35	5	20	23	40	43	5	19	2	38	44	
36	11	30	33	27	48	17	45	36	37	32	35	25	18	24	10	45	33	41	49	16	44	7	19	15	18	6	7	17	10	6	29	39	33	13	40	18	18	30	11	29	4	31	45	21	16	21	20	6	35	35	30	34	2	43	41	11	34	3	47	
7	7	39	8	7	19	8	43	15	34	40	39	36	42	39	8	23	28	13	48	44	38	49	46	25	46	5	28	18	47	12	31	30	34	5	11	23	14	17	32	36	4	16	26	2	11	3	26	16	6	28	27	32	8	37	34	48	42	33	25	
35	31	47	6	3	31	3	27	37	14	42	26	42	2	23	21	50	36	23	44	14	32	42	14	10	40	35	3	31	4	9	23	6	45	43	27	18	40	6	16	43	33	5	13	5	37	21	33	44	7	3	26	9	36	22	22	27	44	19	24	
27	17	12	47	38	29	37	22	36	15	5	27	12	45	34	22	26	27	50	10	33	13	46	31	8	32	32	25	42	48	15	4	50	39	29	18	47	24	23	42	36	13	28	37	11	28	39	26	18	46	5	43	4	11	48	22	22	32	14	50	
45	44	37	44	11	20	16	14	16	32	41	31	2	18	5	11	49	42	6	1	5	30	18	11	25	38	19	21	14	32	40	16	35	42	37	17	47	18	13	48	30	42	24	41	39	1	3	24	17	43	17	35	22	31	41	17	27	45	40	41	
36	9	19	16	7	12	18	36	42	29	48	14	45	22	4	43	17	31	11	4	47	37	29	36	16	17	27	24	1	4	49	16	8	21	1	3	1	14	19	41	23	26	36	11	4	25	3	6	17	22	2	22	19	48	15	20	45	22	20	34	
15	16	16	41	40	28	16	50	2	1	35	9	29	2	11	9	35	17	42	13	46	26	34	8	8	15	23	46	46	11	26	5	50	29	50	2	18	2	21	40	5	27	10	11	42	15	27	39	7	33	49	49	40	7	5	29	13	38	15	10	
50	16	14	22	46	27	26	36	14	17	19	44	50	46	14	4	26	18	25	20	17	1	20	32	50	31	49	13	14	21	10	3	49	35	14	23	28	40	12	46	22	46	40	43	7	26	12	25	38	35	14	32	25	39	36	38	17	8	16	9	
36	32	12	1	13	46	47	25	23	16	40	3	30	6	26	7	23	17	12	30	29	20	26	8	50	25	17	4	11	18	48	26	50	39	11	10	27	43	39	15	43	17	50	36	26	5	28	31	23	37	22	34	12	7	9	22	25	5	18	22	
17	40	3	26	18	6	1	5	16	40	46	40	41	5	28	50	37	24	48	16	10	50	39	27	44	50	16	25	28	40	33	21	27	48	25	50	33	33	11	23	35	27	33	35	33	6	2	40	42	1	8	5	14	38	8	38	11	15	5	25	
46	5	20	28	48	36	48	26	16	17	44	20	1	46	16	27	16	32	38	24	6	50	17	47	13	48	35	23	27	3	18	33	12	28	30	6	45	10	23	41	47	38	16	28	10	23	12	18	25	6	17	11	45	37	3	15	27	24	4	39	
35	28	49	6	4	48	31	8	48	46	21	7	36	21	37	22	32	15	47	49	13	2	42	50	35	44	46	42	23	45	43	41	4	37	15	21	12	41	9	14	12	46	49	7	24	48	31	14	20	24	27	2	6	12	36	16	31	1	49	31	
9	40	26	3	50	29	1	15	3	11	39	9	39	18	37	16	8	26	11	43	21	8	13	32	46	38	25	24	46	36	48	27	41	31	20	8	32	48	11	31	40	48	16	35	42	33	49	33	17	32	24	20	21	33	7	5	17	36	21	43	
41	30	2	36	37	30	40	46	39	22	23	18	46	2	2	27	28	39	50	49	40	22	42	28	11	39	23	40	49	26	21	4	20	41	21	31	42	24	26	14	3	27	45	36	8	13	49	11	34	7	45	26	43	37	19	30	50	24	3	34	
48	10	28	42	1	10	35	49	44	4	14	18	35	41	26	48	36	32	9	14	4	38	9	37	4	31	45	7	16	24	50	19	1	23	17	36	28	34	43	11	45	42	33	19	8	37	33	27	24	7	24	29	32	14	34	42	50	44	17	2	
43	20	11	6	23	47	24	2	39	47	35	20	41	25	47	36	20	5	20	2	7	39	17	50	38	1	48	10	46	13	49	27	30	10	34	43	3	32	45	47	36	11	31	46	23	23	20	14	20	18	29	12	34	29	3	30	36	27	37	35	
24	4	41	21	21	26	1	41	47	42	14	22	15	11	24	2	42	20	5	2	28	32	36	48	13	3	14	47	36	8	3	50	7	23	14	48	50	12	50	28	1	9	11	14	48	2	44	24	13	18	26	7	15	16	5	47	15	45	18	36	
41	5	18	12	14	32	10	44	19	14	2	43	28	43	28	4	21	4	41	43	42	1	39	30	24	24	1	35	39	31	23	23	20	28	24	3	27	1	38	18	19	26	36	17	29	8	17	14	13	36	16	43	1	31	25	9	49	41	11	9	
29	41	18	7	14	21	49	44	5	43	14	23	24	40	14	33	23	46	40	21	1	16	24	15	21	11	32	23	41	1	9	44	6	34	34	9	47	25	11	15	35	22	50	49	1	50	36	20	34	17	11	41	2	42	25	42	11	33	11	27	
48	35	3	3	18	2	1	12	18	33	27	37	31	33	37	30	43	12	36	14	21	14	30	37	48	14	45	49	43	10	34	30	29	11	38	41	30	19	3	35	5	34	34	2	19	24	29	3	41	49	21	36	49	9	33	23	13	48	1	17	
48	23	41	35	37	42	32	37	45	8	46	42	32	1	41	13	24	4	19	36	43	1	17	20	46	28	24	40	4	22	43	16	3	46	43	17	36	8	1	44	33	27	3	34	17	4	26	43	9	33	3	12	15	38	34	24	3	39	32	37	
50	17	9	9	48	7	40	9	5	23	34	35	37	14	4	37	5	15	19	43	19	3	13	12	13	46	37	41	38	32	48	49	13	9	7	15	32	44	45	35	13	45	7	15	50	5	25	20	38	18	37	2	45	6	2	3	5	45	13	46	
13	43	10	9	30	25	28	45	50	35	50	42	44	20	47	24	20	35	3	39	50	50	1	34	1	31	8	28	5	3	32	13	3	8	48	1	18	44	40	15	24	1	7	34	25	38	36	41	15	24	6	41	40	25	20	42	17	32	5	38	
21	4	34	12	12	28	3	18	6	22	23	1	7	13	11	9	13	9	40	41	41	6	41	17	15	13	34	6	18	16	38	24	23	45	14	4	50	37	33	28	30	17	48	1	12	9	10	48	22	24	30	1	1	30	3	13	29	10	23	11	
3	36	40	50	9	44	36	20	11	15	14	25	44	17	22	19	43	42	34	16	35	37	32	44	43	28	19	29	47	14	39	17	38	42	12	3	20	13	34	20	16	46	30	36	41	12	21	22	38	30	20	10	21	4	38	45	41	14	39	48	
28	4	50	23	12	6	6	13	13	29	12	31	46	42	28	4	30	23	23	44	44	41	26	7	50	11	27	25	36	16	15	18	10	25	30	20	46	42	12	36	35	43	7	12	10	33	15	8	46	19	11	48	18	25	24	21	2	28	19	8	
39	34	37	14	9	23	19	42	2	50	44	12	30	26	32	6	12	13	47	35	49	2	5	34	49	15	11	24	18	41	46	25	14	25	45	19	2	7	29	40	41	13	30	11	2	9	33	34	36	44	34	31	18	41	27	30	50	23	19	14	
On machine	2
33	34	17	2	47	50	37	24	10	3	44	46	48	10	37	6	20	30	8	24	43	34	22	46	4	18	50	50	29	14	15	26	30	39	5	34	5	1	25	24	20	17	15	29	7	37	17	14	11	33	43	24	4	10	28	24	19	31	38	18	
42	16	5	39	31	23	10	45	33	21	28	26	23	7	13	1	43	41	12	42	13	7	43	27	3	10	40	28	25	30	21	49	4	8	13	4	8	48	44	45	4	32	49	23	11	11	13	45	44	48	14	2	47	22	36	1	19	44	10	36	
9	27	34	14	44	34	16	30	27	45	29	18	19	6	16	34	50	20	41	36	29	34	50	33	38	35	30	31	41	46	1	12	2	37	31	8	14	2	30	49	12	11	49	11	6	33	35	5	21	34	15	41	5	25	22	46	12	15	10	34	
21	8	38	26	14	34	35	37	33	21	3	19	37	21	14	6	37	31	23	33	49	40	14	33	14	29	46	42	6	49	26	29	6	46	7	39	34	47	10	6	12	14	40	37	16	20	38	28	19	4	46	27	17	41	29	41	21	36	45	48	
47	18	15	45	35	48	8	23	27	3	32	20	25	21	30	9	11	18	16	40	11	39	24	18	23	35	17	5	40	1	44	13	45	26	36	49	10	49	12	3	6	42	4	50	4	47	1	10	44	38	31	32	40	16	12	45	11	39	2	18	
44	44	21	30	3	4	18	18	14	31	11	49	9	6	12	31	30	12	49	31	48	37	24	18	6	36	40	5	14	4	48	32	34	38	8	29	36	50	21	36	21	26	1	50	20	17	12	1	26	36	24	27	4	5	33	33	43	50	34	49	
17	41	5	41	6	16	22	31	34	27	31	26	18	16	28	7	34	31	29	5	47	21	44	19	33	31	2	8	27	2	45	41	27	13	43	28	37	48	1	33	37	49	2	2	20	15	41	39	44	35	29	33	36	19	30	47	21	17	44	23	
26	40	41	46	16	16	2	18	10	50	1	36	10	11	22	20	37	19	31	13	15	15	8	44	3	28	45	24	46	35	26	40	42	26	11	9	35	45	38	25	25	39	17	21	12	8	3	26	38	38	2	14	45	22	3	40	2	14	47	42	
1	1	2	8	33	22	47	43	7	26	47	19	5	28	29	19	18	30	41	22	41	18	34	39	43	26	1	48	46	7	20	46	37	34	10	33	21	37	45	5	24	1	47	33	23	33	3	23	25	4	33	19	41	33	21	4	43	42	12	33	
30	23	15	40	3	16	44	28	22	45	18	10	34	28	5	35	25	49	44	16	45	4	16	16	25	44	46	2	12	20	48	2	23	7	4	1	23	12	32	34	15	24	36	13	18	13	8	36	6	22	6	3	18	2	14	8	44	23	13	34	
39	40	22	36	7	19	27	32	17	38	39	26	39	44	19	23	47	46	47	3	20	44	33	16	45	23	17	25	8	10	44	23	14	35	20	41	44	37	45	8	3	23	2	25	29	47	40	11	40	47	36	13	34	11	36	6	39	19	38	40	
11	27	32	50	34	47	12	12	6	35	40	44	4	45	41	41	29	3	29	21	10	20	37	13	25	29	32	4	38	44	41	50	16	46	22	18	43	23	6	49	25	41	12	32	26	16	14	23	13	32	48	34	13	4	49	10	15	8	23	45	
13	32	28	26	40	35	30	10	14	40	29	16	31	26	46	1	35	47	35	47	18	22	30	11	1	29	29	35	39	36	47	4	11	5	20	45	6	48	40	41	10	38	13	44	27	29	1	24	25	29	15	44	5	39	46	13	23	31	50	26	
41	20	46	32	22	26	25	44	32	18	25	42	45	12	38	10	2	42	4	10	1	4	42	20	17	35	38	31	4	44	38	10	46	14	15	2	1	29	21	48	49	47	43	13	40	19	43	12	15	50	32	15	17	45	16	20	6	27	12	10	
12	14	37	23	21	21	2	14	42	45	37	39	34	15	20	9	14	30	49	4	42	21	4	49	13	42	46	49	4	11	31	39	30	7	35	25	46	44	23	37	26	38	7	10	37	38	40	15	43	18	18	35	50	27	21	10	15	33	9	1	
3	19	47	26	34	1	14	33	14	33	1	2	38	39	2	24	42	46	50	20	4	3	28	7	37	50	38	40	42	22	37	9	23	15	44	24	29	27	16	38	42	42	26	12	10	6	12	36	42	1	7	3	14	40	12	33	45	40	16	38	
39	11	42	1	14	27	28	7	28	43	31	19	46	49	41	28	35	3	47	25	8	33	17	2	1	29	4	45	44	29	33	44	30	4	31	24	35	34	40	43	45	27	21	1	33	22	9	15	4	39	18	12	39	18	40	28	26	4	12	39	
15	49	3	35	36	49	8	36	27	43	41	37	1	4	20	12	24	8	1	18	15	22	27	6	11	14	40	49	39	32	9	10	16	47	12	18	36	46	1	2	19	32	50	20	47	32	29	5	35	1	31	18	12	25	42	9	16	34	48	8	
41	32	41	21	3	17	13	18	6	29	4	7	25	8	46	46	42	37	1	25	9	49	42	4	5	22	50	44	2	30	19	39	5	47	38	48	41	38	33	4	1	13	48	32	18	29	36	9	10	37	29	5	17	28	7	24	22	4	28	11	
32	44	25	31	19	44	35	31	41	21	30	35	33	40	4	46	12	49	13	14	21	5	25	38	25	14	10	31	31	21	40	33	28	32	42	31	32	33	4	15	41	7	38	28	47	26	26	24	24	8	34	35	2	11	17	5	11	33	45	22	
22	47	48	40	42	14	50	30	36	26	18	38	42	37	5	22	14	31	38	1	41	24	48	41	46	9	42	15	48	25	17	30	43	32	38	19	2	10	11	5	20	2	23	23	5	37	36	14	34	49	38	1	17	19	39	5	3	16	2	29	
1	48	48	32	28	28	30	49	35	40	30	42	35	17	13	25	18	12	21	28	50	23	3	5	15	44	9	8	38	16	37	4	2	24	46	28	1	36	17	16	43	3	10	36	7	33	23	47	18	17	18	7	3	8	18	36	25	15	49	39	
42	9	24	32	6	8	36	8	30	38	24	9	38	17	43	35	9	20	39	42	15	6	10	20	41	14	23	41	18	15	35	45	3	25	26	34	32	34	3	5	15	13	17	48	30	14	7	35	26	22	35	48	4	48	42	44	26	46	24	5	
7	45	29	13	2	46	11	19	9	7	31	39	31	45	46	22	38	26	33	47	36	23	18	28	32	13	38	32	17	8	47	23	36	49	14	3	14	3	13	20	11	46	22	25	33	13	31	13	13	17	5	30	46	13	22	50	49	35	18	6	
31	6	6	32	8	25	44	34	11	21	22	12	42	32	36	46	2	9	11	42	43	47	11	12	7	45	25	45	28	12	23	47	47	40	16	4	40	4	4	28	26	48	30	26	15	14	15	15	48	31	47	22	5	30	24	47	17	21	14	15	
41	28	1	29	24	48	32	40	40	9	40	4	36	9	16	17	7	44	40	49	27	35	1	4	10	26	20	14	17	9	44	33	19	14	50	47	46	12	10	46	15	20	44	36	11	28	45	15	37	17	26	23	24	16	23	35	22	27	47	14	
9	7	7	50	3	16	36	41	29	17	26	20	46	46	33	36	21	49	37	39	37	11	45	3	14	46	33	15	28	44	20	25	42	15	33	23	16	29	32	2	14	25	7	49	13	43	23	24	25	10	10	50	2	39	19	28	37	48	34	33	
46	31	10	26	5	49	17	33	22	16	45	1	4	21	21	30	36	3	37	31	48	33	41	33	1	13	24	12	30	29	20	41	21	46	23	12	24	37	13	18	33	19	21	28	49	16	34	31	20	14	15	7	9	25	8	29	2	42	21	8	
2	9	37	43	26	43	33	42	42	9	23	23	3	48	6	18	24	38	21	44	40	32	1	15	16	20	41	21	31	50	45	14	13	42	14	4	11	12	4	27	39	43	23	34	32	27	18	41	34	17	4	38	39	9	42	18	31	7	7	48	
45	48	13	29	30	12	20	27	25	22	18	25	20	34	22	47	50	16	42	14	13	27	28	21	34	15	38	8	38	19	28	9	11	22	14	46	50	23	11	39	41	6	42	6	34	22	34	25	29	18	20	41	20	48	43	22	23	2	43	3	
34	38	10	23	42	29	7	17	31	24	27	13	27	36	31	15	41	35	43	13	1	5	12	17	12	1	15	16	12	5	47	5	45	33	28	2	42	7	19	31	10	12	45	3	31	9	11	20	48	27	2	41	50	48	13	45	39	28	15	30	
6	38	25	10	39	3	47	15	31	45	31	2	36	21	29	45	28	9	44	26	6	8	50	31	29	17	38	18	11	50	15	37	20	50	8	7	48	43	33	23	7	7	12	37	15	48	31	13	8	16	41	18	27	47	49	32	9	15	27	37	
39	7	29	12	10	40	44	39	33	50	22	7	42	33	16	48	22	39	37	2	13	28	24	17	34	47	41	46	2	24	16	25	39	2	50	8	49	4	3	7	32	36	38	26	24	37	33	38	35	38	34	38	41	39	25	38	30	48	45	18	
19	13	16	17	21	5	48	34	2	20	41	21	9	30	21	27	33	19	6	50	50	5	3	31	45	47	5	32	43	17	45	48	27	12	19	49	31	35	23	6	29	49	13	28	42	6	16	17	27	44	35	3	39	2	5	35	23	10	6	30	
15	6	13	32	10	18	43	2	18	42	48	11	35	35	2	19	2	8	40	42	44	9	16	38	1	4	39	24	4	23	41	50	17	29	8	15	25	13	6	29	14	41	50	17	3	3	36	25	26	42	29	19	31	28	20	5	32	49	8	3	
27	42	12	33	28	38	26	42	28	44	11	41	44	16	43	44	29	27	19	49	5	34	35	29	35	44	39	41	20	30	17	12	8	26	35	14	25	11	29	7	34	1	17	25	13	14	39	19	49	50	37	39	13	4	33	37	23	19	28	12	
50	34	41	16	26	48	1	14	11	14	20	50	4	32	19	36	1	31	10	47	34	40	47	44	2	24	3	36	47	47	21	5	1	15	27	4	38	28	36	16	18	43	3	48	8	27	44	27	35	47	8	36	29	23	13	42	3	32	41	25	
17	18	30	48	13	11	5	25	10	40	20	7	6	25	1	7	15	30	15	38	4	4	43	19	7	49	45	33	37	47	30	27	24	8	42	42	23	40	43	30	25	19	32	18	14	36	28	50	36	27	15	14	22	32	25	6	18	41	28	8	
8	1	44	39	33	8	29	32	26	22	46	34	4	50	44	34	7	3	10	14	9	12	17	43	18	5	21	45	47	15	49	16	13	32	19	32	41	2	49	50	14	4	23	18	17	17	24	49	47	19	32	38	21	22	50	7	15	49	46	23	
13	4	48	10	43	4	50	2	36	49	13	37	8	3	17	45	29	23	33	12	25	40	48	39	33	27	42	39	11	3	5	5	24	26	33	5	18	15	50	16	22	36	3	23	36	19	24	13	47	14	31	33	22	6	32	4	1	29	11	34	
37	23	22	8	7	46	20	21	5	29	37	19	45	11	1	31	45	47	12	13	9	22	31	44	34	38	23	16	47	16	6	23	14	31	23	31	24	44	39	50	11	44	27	26	43	48	32	25	36	17	3	9	11	29	21	50	4	23	5	11	
16	36	36	35	46	47	39	22	28	18	8	13	8	21	46	12	24	9	33	38	43	7	17	25	34	45	17	32	47	49	24	14	17	23	10	32	11	25	19	7	50	45	19	18	11	20	18	8	16	46	16	1	25	29	34	20	11	16	28	44	
29	17	49	14	37	11	38	20	34	49	18	3	34	20	28	28	33	35	22	19	43	40	11	45	21	7	14	17	11	20	16	45	22	13	3	34	4	12	18	13	34	19	7	16	36	19	49	36	26	7	5	43	27	4	2	31	31	36	8	6	
26	50	24	23	13	35	28	43	48	25	22	30	42	37	29	27	39	37	10	21	42	46	5	31	17	36	41	39	33	20	49	41	46	46	38	19	1	15	18	44	23	10	50	34	50	18	29	23	5	12	50	38	44	8	8	44	40	13	50	44	
49	18	47	45	39	33	26	33	11	19	5	4	44	12	14	24	10	40	40	33	38	36	2	33	3	31	5	17	33	13	25	24	32	1	42	2	15	18	27	38	30	43	23	29	3	44	4	11	8	37	13	10	40	47	28	39	20	4	10	9	
46	28	26	37	42	7	11	49	14	37	19	1	6	18	42	10	22	44	21	11	48	1	22	14	22	33	36	18	43	13	17	17	5	36	3	6	21	22	4	19	22	48	12	7	33	2	22	37	21	8	14	12	38	12	7	44	27	50	41	3	
44	28	11	34	35	25	6	38	22	16	23	47	17	2	5	3	34	8	39	20	25	7	3	31	12	12	28	8	21	14	25	18	11	50	14	37	35	37	10	22	5	7	3	46	7	18	18	27	22	29	7	40	10	30	12	4	44	45	18	23	
18	13	28	28	22	47	14	17	18	43	20	27	49	11	38	17	46	14	21	36	43	3	24	42	40	1	50	44	26	36	29	9	28	14	35	38	37	17	40	50	6	15	34	9	37	28	38	35	12	41	23	48	22	42	29	38	31	23	15	4	
7	22	11	47	35	31	10	30	10	10	35	5	1	6	14	50	3	39	50	36	49	47	18	7	6	48	43	18	4	32	23	41	16	45	9	6	22	13	31	37	3	6	19	25	19	19	47	21	38	24	40	9	42	30	3	26	25	47	28	31	
48	46	7	10	26	10	28	47	28	27	29	21	10	34	10	27	14	4	1	20	13	47	47	35	8	20	13	12	38	6	12	11	40	1	11	17	39	21	4	23	44	16	42	1	5	39	14	20	24	29	2	14	43	2	43	19	5	47	19	45	
44	30	10	21	6	11	39	9	49	12	17	8	33	27	7	19	16	35	7	33	29	27	26	32	40	49	38	40	22	5	11	45	7	21	10	11	16	44	6	8	1	37	2	1	41	38	50	40	7	45	16	5	5	45	20	25	40	32	11	1	
40	6	32	7	19	30	48	9	3	47	26	47	12	13	35	11	38	42	33	37	31	45	40	18	22	33	1	16	30	43	28	47	21	9	27	17	33	39	15	46	24	32	16	28	47	6	8	49	24	46	21	41	7	45	33	39	45	34	39	41	
1	23	43	43	4	38	34	48	46	32	43	31	17	28	50	12	28	47	15	4	26	28	14	23	11	49	47	13	3	28	22	37	28	12	43	50	5	34	1	2	17	23	44	26	15	32	34	50	13	19	5	39	35	27	34	13	2	31	25	23	
31	9	46	16	43	29	5	32	21	38	19	3	17	24	21	3	29	2	13	33	50	50	13	5	2	47	38	10	11	46	11	30	13	3	2	20	28	17	39	28	23	20	14	48	10	18	10	7	29	50	35	14	46	19	29	45	37	28	21	42	
38	30	19	15	9	18	27	24	5	24	29	37	45	36	16	42	24	11	34	44	2	30	47	15	22	39	45	12	16	6	14	44	22	2	32	19	10	30	3	47	26	40	25	10	20	39	4	31	30	18	7	37	5	36	25	49	49	19	37	44	
24	36	30	6	31	15	6	3	49	29	38	17	39	14	15	44	37	46	49	33	11	30	23	5	30	5	37	5	16	34	4	8	6	16	28	41	48	17	13	24	5	1	22	48	35	29	6	25	48	27	40	9	11	37	17	5	28	10	30	12	
31	10	45	41	39	33	27	24	28	25	30	10	34	5	17	15	35	19	27	42	17	31	49	29	39	49	25	36	46	5	32	20	28	4	50	8	41	2	22	16	27	22	20	46	4	7	20	33	18	31	40	15	3	40	4	14	8	20	21	21	
22	9	43	9	17	4	25	12	10	21	24	4	44	5	33	41	15	45	16	8	10	47	31	15	43	4	39	15	32	24	12	7	42	42	48	29	40	32	14	12	40	37	1	34	18	37	21	28	19	3	43	33	16	29	2	10	2	1	2	19	
36	30	14	30	23	20	21	2	32	26	13	45	49	33	3	21	39	28	42	50	24	33	7	48	2	37	10	3	23	45	49	43	3	42	23	1	2	9	36	29	22	4	5	19	21	18	38	42	8	9	2	20	8	47	3	11	45	1	48	39	
26	46	18	4	13	11	26	41	20	44	6	16	32	36	27	17	32	37	13	28	15	20	48	43	13	47	11	26	48	45	28	5	11	50	3	49	42	39	28	5	38	3	29	6	34	22	35	27	4	34	23	22	1	39	27	17	11	46	47	47	
On machine	3
47	45	18	12	5	32	18	12	9	9	39	44	34	17	6	40	26	28	5	33	21	50	34	17	33	38	27	11	15	40	48	43	35	44	20	28	31	50	14	36	27	21	35	33	44	16	9	27	33	5	32	4	26	45	12	4	39	41	34	18	
38	7	36	2	2	12	37	10	39	29	42	4	7	37	16	3	3	27	46	2	23	31	16	19	26	25	31	10	8	6	7	23	49	25	22	39	17	38	31	6	42	8	41	39	36	40	48	24	2	10	28	40	28	3	41	14	38	10	29	6	
26	35	6	35	48	36	34	23	7	45	30	41	27	9	39	40	44	8	19	41	31	25	1	24	27	34	14	49	24	42	1	32	4	32	29	19	47	50	4	16	46	1	13	11	48	36	46	28	25	34	21	8	7	47	50	13	7	36	25	7	
26	23	12	23	1	18	43	32	17	41	35	38	5	44	17	37	50	44	11	14	20	30	30	35	7	47	13	2	16	1	1	46	45	37	44	4	20	9	20	5	43	15	33	15	45	7	48	46	24	48	3	4	42	7	28	39	21	3	10	13	
49	6	42	49	10	40	1	22	21	41	48	7	20	28	4	45	42	7	10	8	6	20	45	37	19	3	13	29	1	32	22	9	12	40	14	18	13	13	4	50	32	44	38	18	21	19	43	37	15	26	16	14	27	25	42	17	26	12	38	34	
26	24	25	7	22	29	38	5	9	38	17	33	7	36	19	7	32	6	33	23	13	31	12	14	10	29	41	19	28	5	28	15	35	47	21	36	40	12	40	8	9	1	50	42	26	11	43	49	15	42	43	22	28	16	18	17	45	12	7	41	
5	19	9	46	17	37	12	29	42	9	44	7	41	44	20	39	15	19	10	29	45	12	39	32	30	13	34	3	44	40	37	22	48	28	41	1	49	44	3	28	43	10	47	37	42	35	11	5	29	37	44	2	25	35	15	41	36	48	19	27	
36	39	38	9	6	1	43	42	7	36	19	12	42	31	1	39	27	16	46	19	17	9	21	1	35	40	31	38	21	17	14	18	6	7	16	22	29	6	49	34	11	27	6	39	10	26	6	46	6	1	1	28	40	27	18	33	17	27	33	46	
26	28	2	29	7	20	31	40	5	26	31	38	26	49	14	38	37	29	21	16	20	47	20	23	20	2	2	8	44	11	38	21	49	41	10	37	29	5	47	13	23	13	48	3	27	16	24	15	33	41	20	46	48	47	18	17	40	24	41	47	
28	3	34	27	21	47	13	12	46	18	13	34	12	33	28	20	21	39	46	27	9	40	50	39	36	11	13	49	44	1	5	27	31	49	9	7	27	18	30	41	10	18	17	5	49	48	19	37	2	30	32	11	2	9	8	40	25	10	44	12	
8	19	19	49	23	10	23	5	21	9	4	43	29	46	29	15	37	7	38	40	2	33	31	27	10	47	15	4	47	2	17	11	48	19	13	6	37	12	3	10	14	9	46	39	13	4	26	11	26	6	7	42	41	38	5	40	10	12	41	39	
33	23	10	20	43	21	33	11	2	13	1	1	14	20	40	27	14	34	37	48	40	21	49	31	35	7	38	22	5	36	29	46	38	45	36	8	1	25	12	41	6	40	1	43	40	14	18	11	40	35	44	39	36	31	28	48	30	27	17	6	
13	9	4	31	16	37	47	30	8	20	6	7	49	13	26	17	5	22	35	35	19	10	15	20	47	10	2	12	31	39	31	12	27	41	18	45	12	33	45	3	43	18	19	30	45	23	15	36	33	45	33	17	21	47	21	18	49	2	42	30	
25	33	26	37	2	9	35	42	34	2	36	16	33	41	14	24	33	6	32	43	12	17	6	34	22	41	22	18	33	13	34	1	23	10	12	32	40	17	10	19	21	9	47	30	48	15	18	38	15	17	41	18	23	35	17	20	18	28	46	9	
34	33	34	30	31	8	25	6	35	21	35	29	50	2	25	50	1	8	49	17	19	8	41	50	41	31	1	30	28	22	39	23	44	32	17	32	36	11	15	12	46	10	36	50	33	47	34	36	3	15	27	44	22	31	6	17	21	31	44	46	
17	1	18	36	24	18	13	43	34	21	21	7	22	6	8	17	41	38	46	39	40	47	24	26	43	2	42	41	44	17	21	42	27	47	38	26	38	40	22	6	19	22	20	6	10	45	36	20	37	23	47	17	30	16	14	12	10	37	27	31	
38	47	5	27	31	38	7	47	37	36	45	42	9	44	6	15	19	27	25	44	33	10	12	40	16	15	44	39	35	35	38	22	41	49	45	6	26	16	33	10	26	6	37	42	1	35	45	45	15	3	11	45	50	29	4	25	3	4	29	23	
3	9	44	22	38	31	23	23	26	42	14	17	43	16	26	39	23	44	39	37	32	7	20	4	5	21	21	41	26	5	21	29	32	7	49	29	4	49	40	10	32	24	33	11	1	16	20	40	29	31	25	32	11	3	50	8	24	10	15	40	
28	42	24	22	46	6	7	34	48	30	38	44	48	19	26	6	43	4	19	26	50	42	10	15	5	8	47	36	49	20	6	50	17	23	29	1	17	16	30	1	36	42	39	41	1	34	15	14	5	26	7	3	31	19	40	47	28	48	16	41	
13	39	35	24	25	1	32	25	12	15	11	17	30	9	24	38	32	41	43	44	38	44	4	30	44	40	29	43	27	5	27	32	45	41	14	24	35	28	13	9	8	27	17	9	40	31	7	50	41	44	5	21	15	4	20	29	38	43	27	9	
3	5	6	10	20	10	37	13	2	25	21	28	9	44	18	30	30	14	40	30	41	12	35	39	46	1	13	9	26	6	37	28	40	26	13	33	5	34	41	34	47	11	46	27	36	23	16	23	18	40	26	9	23	32	49	18	26	7	15	22	
30	50	50	18	15	27	45	30	30	47	11	2	30	18	44	11	48	18	7	21	44	11	9	34	23	4	20	3	1	18	42	10	35	46	43	45	35	15	40	44	19	2	3	22	47	47	40	10	21	18	14	15	42	24	13	2	39	29	38	26	
28	20	47	17	17	32	43	40	32	48	48	2	27	45	45	39	16	29	49	7	4	44	39	19	14	47	3	13	28	5	33	46	40	23	37	36	23	11	19	36	3	15	28	9	1	44	32	42	35	27	37	45	45	28	48	6	33	24	31	20	
11	48	3	12	49	32	38	13	16	1	40	44	21	4	39	40	33	27	30	25	30	6	22	9	19	10	46	21	6	19	32	8	37	20	45	13	14	14	28	18	30	20	43	9	2	1	13	16	28	44	9	37	6	10	46	40	43	36	23	17	
12	44	14	14	15	19	16	28	33	27	8	13	22	18	39	45	12	12	48	11	33	37	39	38	30	50	31	17	33	24	22	37	45	9	19	17	49	21	22	12	23	20	30	31	44	27	6	24	6	19	15	42	26	2	47	27	27	36	8	15	
32	38	25	18	45	40	26	2	5	20	41	10	5	45	48	50	29	12	8	26	23	42	36	14	30	50	45	44	19	26	26	12	24	10	14	33	45	47	37	50	44	29	19	8	19	2	21	36	20	35	49	22	23	45	21	42	41	39	45	21	
42	30	35	43	28	19	42	13	40	2	2	40	5	18	37	29	26	39	45	27	20	25	14	23	35	45	50	47	8	8	1	26	39	2	41	21	1	9	15	1	50	48	44	19	4	15	50	40	21	38	50	40	45	11	30	44	28	22	18	24	
50	35	33	6	33	16	19	29	49	42	10	27	14	37	4	15	6	40	49	34	6	29	21	11	5	37	23	16	1	40	14	10	21	5	34	31	45	44	45	28	5	44	7	8	25	9	46	3	14	35	21	22	47	8	30	3	24	11	41	35	
28	43	24	30	48	8	11	8	50	38	1	13	30	23	4	9	23	16	50	46	30	34	17	45	4	20	32	36	32	41	18	41	33	45	8	19	22	17	31	6	24	35	38	43	44	37	2	31	27	12	20	13	1	43	34	30	32	41	23	37	
43	35	41	49	48	36	28	1	43	12	42	15	3	35	26	15	2	44	23	1	36	45	40	19	34	29	23	49	47	30	15	21	31	16	50	15	49	44	11	39	45	16	50	1	34	40	5	50	29	49	11	50	38	19	3	45	49	27	5	25	
43	48	43	49	44	22	21	32	44	10	28	42	50	11	24	17	8	32	2	26	17	4	41	21	40	15	20	36	43	21	40	28	43	33	43	34	46	23	1	37	48	23	33	21	45	48	12	46	45	9	12	28	17	32	30	44	21	31	21	44	
41	10	38	17	32	43	39	49	28	6	21	7	42	9	50	29	44	7	22	22	44	3	3	33	25	2	13	8	39	13	6	38	45	8	31	6	38	31	20	41	9	39	37	41	15	35	37	29	23	4	41	5	48	44	45	24	18	30	7	10	
16	9	31	37	5	29	18	50	17	2	38	14	35	23	19	33	17	25	44	36	3	33	1	16	11	25	10	8	11	18	39	33	3	29	49	26	48	19	4	48	40	44	21	29	33	43	26	46	12	15	50	30	15	10	41	13	47	42	22	34	
22	15	36	8	41	35	39	18	43	6	47	4	1	8	38	3	36	45	38	18	25	21	28	22	21	26	7	9	3	21	28	7	42	2	43	34	19	19	13	18	9	19	5	27	42	44	12	31	12	10	35	30	25	30	16	4	23	40	23	15	
16	3	25	25	40	45	11	4	38	7	3	19	2	30	44	1	1	36	3	10	2	4	37	4	25	38	8	41	8	32	38	24	21	48	1	3	16	21	44	15	24	5	47	21	48	50	43	39	23	34	37	15	10	22	13	49	35	14	31	37	
2	7	22	9	11	30	24	24	46	26	32	8	35	40	48	49	47	22	9	23	1	50	14	9	3	6	24	50	7	21	3	4	27	39	45	16	44	1	21	1	19	38	15	47	22	12	50	1	9	14	12	26	39	16	32	16	8	20	44	50	
9	21	40	42	35	34	12	46	2	18	20	29	34	49	8	19	12	12	13	2	10	2	30	29	37	12	47	13	29	20	23	32	13	46	31	32	5	12	38	25	18	17	33	5	18	1	43	1	15	43	20	48	32	4	23	3	21	31	19	18	
1	16	11	2	45	36	2	4	25	29	1	5	47	18	45	4	12	36	20	14	48	8	22	10	21	42	9	45	44	1	38	44	1	32	43	7	35	5	30	35	18	37	1	7	9	40	10	21	30	10	46	15	8	22	25	15	21	35	19	25	
42	48	36	7	19	6	47	20	11	43	47	4	27	21	10	49	17	15	2	29	20	29	12	5	3	5	33	15	31	48	12	50	39	28	47	48	22	27	11	50	29	10	37	35	45	31	32	3	14	27	46	22	39	14	30	43	37	22	27	37	
18	35	10	25	46	35	6	50	41	17	34	3	7	11	3	8	24	16	28	15	18	40	7	19	36	1	48	25	7	37	3	13	5	43	43	5	42	7	20	35	48	26	31	21	3	4	3	24	46	43	11	36	12	20	1	13	27	12	49	6	
41	47	45	34	28	2	40	7	25	16	33	32	13	8	24	38	29	9	15	48	3	8	47	46	5	28	46	21	19	43	23	17	39	50	7	16	22	28	37	2	35	15	23	11	33	31	49	28	32	30	50	44	15	43	20	28	35	9	16	16	
47	34	42	25	37	39	26	28	27	33	20	5	41	9	23	19	33	27	50	40	29	5	10	40	50	22	4	42	19	9	37	13	9	45	49	27	10	25	16	17	31	11	46	35	7	32	35	6	34	28	21	46	40	16	13	1	32	45	40	3	
32	37	36	19	48	12	44	38	30	18	21	36	36	25	43	5	37	3	31	47	30	16	44	9	21	15	50	17	17	19	7	2	46	19	12	12	49	14	23	3	48	43	39	30	33	13	7	33	21	36	20	27	17	20	21	50	36	20	13	3	
5	20	1	34	47	11	1	45	46	31	43	17	9	8	8	15	30	38	19	28	6	33	12	2	33	20	40	30	8	12	13	12	23	38	44	6	28	39	23	13	31	7	24	5	34	20	1	50	25	5	2	6	33	8	23	3	9	9	43	32	
43	21	34	7	30	48	4	12	12	23	21	49	27	35	43	47	41	49	7	49	47	38	42	41	40	5	38	16	39	34	22	1	3	10	44	39	23	24	38	19	2	4	39	46	49	29	30	14	44	34	23	4	21	25	1	30	25	25	43	40	
11	17	25	18	1	44	48	38	16	2	10	23	8	32	23	3	8	11	33	35	15	12	15	42	13	4	41	14	16	24	47	9	43	2	38	22	8	47	20	33	49	2	48	23	40	44	42	43	43	23	21	11	24	34	15	4	20	45	41	35	
50	31	10	50	12	12	48	15	20	49	39	34	25	11	1	27	16	43	16	45	38	38	16	1	1	3	46	47	49	33	23	15	11	23	44	32	10	2	24	14	2	25	21	24	7	47	43	16	17	45	35	16	39	28	26	23	20	1	50	10	
20	35	23	29	43	8	2	26	35	12	13	15	40	49	30	7	36	10	43	29	17	49	26	16	19	48	12	32	35	45	3	35	29	3	16	47	1	42	2	17	1	11	11	22	21	10	39	12	48	19	30	46	36	38	34	48	29	18	24	12	
10	33	18	20	3	36	48	8	19	33	18	10	31	5	18	12	36	16	22	28	23	18	33	20	22	9	45	3	33	7	44	50	20	28	31	9	11	48	32	45	46	1	25	34	30	42	33	16	45	6	5	15	41	9	18	11	20	7	25	50	
22	34	43	10	6	26	43	45	36	35	2	13	35	19	3	11	9	42	34	46	15	32	1	40	34	36	35	22	16	46	50	28	15	47	30	43	13	40	14	20	35	11	46	11	22	5	2	2	10	21	41	47	11	30	27	11	4	11	26	43	
26	35	8	4	26	48	31	44	19	46	16	46	14	36	5	24	4	10	23	24	19	45	3	25	20	2	38	31	44	29	47	41	26	36	32	47	32	50	8	30	30	5	16	25	5	39	37	31	40	4	21	36	3	45	49	11	48	34	38	20	
43	17	30	23	7	5	1	23	2	35	49	44	45	41	28	2	21	28	39	2	15	20	38	7	35	49	1	9	39	7	35	27	32	33	35	18	36	36	35	33	18	30	2	2	11	11	21	9	31	46	47	26	43	22	4	40	5	20	9	46	
6	37	27	39	41	36	1	31	6	17	38	37	6	33	25	25	14	5	19	5	3	50	11	22	16	44	15	2	12	39	3	39	16	5	46	35	41	14	29	25	7	20	1	23	23	21	28	27	41	48	44	42	18	12	20	45	23	47	41	31	
15	12	5	50	1	40	43	18	34	9	45	35	7	19	20	28	32	36	8	29	19	24	45	21	45	22	2	12	43	27	16	4	36	35	16	42	40	6	6	29	17	41	43	37	21	32	7	39	14	20	44	11	40	5	18	43	38	16	35	26	
7	13	50	25	10	14	35	39	34	29	29	5	43	48	20	30	36	12	47	10	6	16	7	22	7	25	15	43	10	16	32	16	49	31	37	21	14	41	50	40	35	38	4	18	18	14	8	25	40	11	44	37	26	28	35	23	31	20	7	16	
2	23	49	20	21	42	23	26	38	5	49	49	20	38	46	1	3	10	47	33	14	47	22	43	18	45	19	16	38	25	2	31	14	20	38	13	1	20	10	13	49	10	45	11	28	25	7	25	40	50	40	45	33	50	6	40	7	23	39	22	
15	2	28	49	13	11	8	45	43	5	15	1	10	9	32	29	9	4	41	3	16	19	33	24	47	20	11	29	28	15	25	5	43	18	14	34	22	7	3	27	33	4	45	8	29	8	44	28	41	47	3	40	28	16	4	23	25	5	35	3	
43	7	28	40	14	37	12	43	45	10	38	39	33	22	12	17	40	24	32	45	49	10	38	29	18	5	2	36	8	1	32	11	45	17	2	21	48	22	7	42	30	14	31	39	31	29	26	30	26	25	4	35	16	47	28	5	41	14	29	30	
34	35	8	30	1	27	5	1	12	17	25	21	38	17	50	3	15	30	38	26	26	43	50	47	41	42	3	10	12	7	40	16	2	37	21	39	9	5	13	9	17	32	40	5	22	13	38	22	30	25	32	23	11	29	17	39	13	49	34	43	
41	44	47	23	23	49	34	27	30	16	23	10	50	30	49	33	17	47	37	6	1	15	48	46	12	45	37	38	50	2	11	12	1	36	8	28	1	46	10	8	49	39	20	31	28	15	36	15	13	25	28	23	47	2	10	12	5	6	9	33	
On machine	4
2	15	26	13	39	41	6	8	4	36	3	35	32	38	38	4	29	14	1	17	2	42	27	34	16	1	29	45	10	41	7	49	26	40	41	17	19	49	41	38	43	45	1	16	22	42	19	34	9	15	17	50	18	39	4	19	34	9	38	7	
46	26	37	23	27	24	5	5	45	4	3	25	9	41	11	23	39	27	5	19	3	9	11	28	37	4	46	21	38	22	21	23	20	22	44	14	35	27	21	11	20	24	49	42	37	15	45	27	20	19	23	46	22	32	44	40	1	43	15	37	
27	5	32	3	38	8	26	21	45	15	43	43	21	17	38	49	19	1	49	31	4	12	24	11	24	40	29	17	44	26	23	23	26	16	45	50	19	21	16	34	10	30	45	4	7	19	19	43	1	39	42	5	1	46	27	15	46	47	37	46	
28	41	49	21	25	20	21	41	38	38	18	34	30	34	25	36	11	16	24	33	33	28	44	47	26	12	19	17	33	9	5	38	45	23	15	38	6	5	39	9	19	13	22	41	34	2	10	34	47	8	23	18	27	2	45	46	25	30	11	3	
9	41	40	28	14	21	7	32	49	15	1	29	48	19	21	37	41	7	3	39	41	49	42	19	45	11	22	12	21	5	28	10	13	24	3	11	32	5	18	38	6	24	43	18	2	26	29	37	21	9	9	12	46	4	21	15	21	35	3	30	
1	9	3	4	23	26	42	35	24	6	25	13	15	4	39	13	40	4	28	4	19	45	31	10	7	3	7	29	37	24	7	45	25	43	3	8	36	42	39	23	10	6	26	40	36	43	28	29	31	5	3	37	5	5	2	24	36	30	32	3	
3	23	18	22	20	41	16	18	35	2	50	8	23	1	37	24	9	31	44	2	4	45	46	29	36	41	31	41	36	11	50	20	41	43	26	4	37	23	16	35	22	34	46	11	37	37	14	14	20	3	33	43	33	26	45	10	37	7	19	18	
6	44	15	42	31	14	8	36	8	2	12	4	38	50	20	27	24	10	13	27	48	43	32	37	40	46	49	37	2	37	3	23	22	24	2	49	35	11	24	9	24	9	20	10	8	6	20	43	2	13	11	28	20	5	28	43	24	3	38	39	
32	17	39	27	23	24	24	16	8	8	39	35	8	28	38	10	28	33	46	20	46	4	37	33	35	19	49	12	8	9	13	2	7	46	35	28	26	24	30	22	35	49	23	1	38	36	3	38	30	49	14	25	12	44	27	35	11	35	3	33	
15	45	14	6	22	22	4	48	25	29	33	23	26	22	30	49	27	47	5	15	18	31	31	50	18	40	13	34	4	19	26	37	9	21	13	50	44	26	46	16	8	31	10	29	38	17	1	49	11	35	19	23	26	50	41	8	41	46	20	38	
3	49	48	29	2	15	39	45	24	5	27	17	12	50	16	43	22	23	32	42	25	46	27	16	35	44	4	25	22	20	8	43	23	23	25	39	34	1	24	39	2	37	22	11	48	10	28	9	8	24	35	11	28	4	7	3	34	49	17	15	
29	48	5	21	41	33	31	50	33	39	50	6	18	34	3	47	23	13	43	26	19	41	45	46	10	33	48	23	8	17	17	45	7	34	24	1	27	10	10	40	33	18	20	27	24	6	33	1	22	47	29	19	25	42	16	25	6	7	20	15	
38	2	42	46	15	47	20	20	33	26	44	29	37	27	43	24	8	29	26	5	7	29	40	35	39	12	4	21	42	15	15	34	32	35	14	2	21	20	48	5	19	9	13	22	48	8	27	42	48	28	16	30	6	9	29	15	4	49	20	14	
11	11	10	32	10	31	47	22	5	21	14	6	7	31	6	2	11	28	20	16	7	9	42	7	20	4	10	36	38	35	44	19	12	16	39	27	20	24	34	24	28	33	30	14	15	16	12	9	16	41	20	39	50	43	8	37	46	13	43	37	
24	1	7	47	11	15	18	40	3	43	30	13	25	36	28	46	5	1	7	4	16	33	15	30	50	6	10	17	44	32	27	12	39	8	49	33	47	26	34	33	16	2	2	23	13	28	40	5	33	7	5	25	23	36	24	13	23	15	27	15	
37	43	50	10	35	4	4	50	23	17	12	27	6	27	41	41	15	21	6	24	37	6	35	33	15	36	8	35	49	8	11	37	36	7	49	23	29	50	1	45	37	2	12	15	17	14	25	46	21	9	30	41	26	15	3	32	44	47	13	36	
5	36	44	34	37	17	50	37	31	20	2	25	32	49	48	30	3	39	30	23	29	5	40	12	29	18	13	11	23	33	3	13	8	49	3	14	45	1	47	21	16	26	20	36	43	19	20	17	15	27	8	35	18	15	34	12	29	33	7	23	
14	9	45	18	23	48	12	6	42	34	23	10	13	6	27	13	36	10	46	40	48	2	11	48	9	34	10	13	42	8	46	6	1	19	13	48	40	31	50	31	9	42	28	4	20	18	7	18	22	48	50	4	8	35	12	21	36	35	6	32	
26	7	27	22	21	43	13	36	49	13	33	2	15	47	33	1	42	18	21	19	3	13	26	40	30	3	18	50	28	6	10	26	18	28	20	14	31	21	40	23	48	22	29	38	28	39	30	2	31	10	13	23	16	31	18	19	25	6	8	13	
6	21	13	42	35	49	29	42	37	15	42	12	43	6	11	15	29	22	29	35	50	32	29	47	18	10	10	37	34	50	30	19	8	50	30	21	2	33	10	9	40	33	35	7	26	25	3	34	9	18	11	47	6	3	38	15	1	8	36	44	
9	35	20	41	45	31	25	22	23	38	24	6	1	15	38	7	29	5	48	1	32	27	42	32	18	23	10	21	48	47	1	18	48	49	15	22	42	31	16	17	34	41	18	38	26	16	44	15	28	6	30	49	32	3	10	38	16	44	17	22	
37	35	48	41	24	39	25	33	33	18	42	33	29	3	26	26	15	9	46	28	13	36	49	18	17	29	21	19	8	48	4	46	9	9	5	38	8	4	40	48	1	9	45	50	10	44	2	37	17	48	37	14	17	2	42	19	38	21	16	37	
50	1	17	10	15	21	18	6	47	44	9	1	2	38	35	32	33	22	34	26	38	20	20	17	21	10	15	23	27	12	10	15	20	49	39	9	2	9	40	1	35	40	50	49	41	50	12	40	40	26	15	8	12	9	48	5	46	32	48	7	
10	31	3	12	14	40	40	26	26	21	41	34	41	36	32	6	33	45	39	33	39	25	43	1	3	49	6	50	10	20	50	8	8	26	45	14	17	35	24	18	27	45	45	27	31	28	47	11	38	33	7	38	48	7	14	34	38	6	39	3	
28	46	42	16	1	9	26	26	30	44	18	16	14	43	30	6	50	10	35	27	43	29	38	44	32	41	33	10	17	14	27	20	22	26	25	46	36	25	21	18	12	28	18	25	18	49	41	7	19	42	27	24	30	5	44	13	46	9	19	2	
25	4	32	44	46	46	21	41	48	48	7	28	37	13	21	11	22	44	47	34	38	15	41	42	12	8	19	11	29	31	50	11	3	4	24	16	48	22	24	46	39	5	36	4	4	6	15	7	26	6	16	24	50	37	42	20	26	44	14	34	
27	3	20	44	38	45	40	27	35	19	28	16	20	4	38	48	41	14	50	23	39	30	38	47	31	13	22	46	23	24	33	11	32	23	11	32	12	4	5	48	11	33	1	30	30	36	5	9	22	25	39	15	34	28	39	36	46	18	39	5	
13	16	30	18	33	23	39	12	37	41	47	18	8	47	27	23	36	39	24	37	15	28	6	2	43	9	48	42	26	4	38	34	22	46	48	21	9	15	42	31	35	34	30	24	19	38	10	40	50	19	43	8	15	9	17	39	10	16	14	45	
9	43	19	47	18	32	32	6	41	28	12	25	20	3	4	35	17	1	8	46	46	28	38	24	46	38	21	12	24	39	7	15	34	1	30	18	43	46	34	18	13	36	25	19	40	44	40	37	32	29	19	17	11	5	46	6	28	34	8	35	
20	17	15	42	12	32	10	3	27	7	2	45	27	1	13	16	34	10	44	13	9	16	21	50	6	14	2	23	24	29	16	13	42	6	12	10	1	2	3	8	1	31	9	46	11	29	42	39	19	41	26	43	4	1	16	34	42	8	48	44	
27	25	38	8	15	12	26	10	6	43	33	40	32	19	13	39	1	46	47	21	8	5	49	15	20	7	8	50	17	21	40	18	23	50	22	39	6	6	6	42	40	4	15	17	11	3	8	33	19	40	3	34	23	41	46	4	14	44	20	17	
17	16	28	45	9	38	17	31	14	20	35	7	45	33	33	46	6	48	10	41	8	19	36	25	21	15	3	11	12	31	29	46	16	25	26	5	30	18	9	1	25	8	3	21	9	40	40	7	19	2	34	38	9	50	24	46	42	48	42	28	
33	22	17	22	34	12	18	31	38	17	4	8	13	20	32	4	49	5	26	40	7	9	19	3	39	38	50	26	19	5	6	34	22	19	32	5	21	38	12	1	49	31	27	31	8	38	15	13	40	38	19	6	9	50	39	23	30	3	16	1	
15	16	23	37	36	26	27	8	37	46	48	44	26	1	40	27	50	45	34	3	23	15	12	26	24	49	36	43	39	10	12	28	32	14	25	16	29	42	42	39	34	14	24	1	40	39	10	10	45	21	21	12	28	46	25	42	47	33	42	31	
35	27	30	42	27	13	48	9	15	1	37	48	16	35	2	21	24	33	37	47	40	9	47	8	35	22	8	6	14	10	20	14	16	20	45	16	6	24	27	9	19	34	24	2	10	17	19	39	23	9	9	32	14	9	18	48	18	47	48	43	
45	7	26	41	40	35	8	47	34	9	21	35	10	5	16	32	21	32	42	3	11	37	19	37	2	46	25	44	42	12	8	3	33	44	48	19	30	38	35	7	22	44	10	29	22	13	2	40	50	2	17	30	4	8	43	15	38	14	34	17	
37	38	49	39	3	27	45	45	49	8	16	7	8	23	6	24	46	34	18	2	25	35	50	30	33	22	13	19	50	3	39	46	11	9	48	50	21	44	46	42	7	37	7	18	43	36	43	10	39	14	6	3	4	31	8	20	5	16	12	37	
11	7	13	32	15	15	30	23	20	15	1	5	29	4	1	49	20	41	40	34	15	30	28	49	40	12	7	8	39	10	28	17	4	31	10	2	30	37	28	19	2	25	10	19	44	18	13	1	13	28	41	34	35	39	15	7	46	28	35	25	
15	37	1	12	26	13	38	5	48	26	35	41	26	10	12	13	15	37	9	31	23	34	18	7	40	3	34	13	12	48	11	28	41	11	40	18	47	8	8	16	3	16	44	30	17	33	49	21	30	3	43	24	47	47	4	4	28	25	40	17	
9	20	33	11	23	34	27	20	39	21	19	33	12	4	3	38	21	46	31	32	41	38	21	49	41	37	12	34	11	29	4	19	50	27	27	45	39	35	41	45	30	36	38	9	50	4	12	20	21	48	40	47	25	30	18	21	23	38	48	50	
48	5	23	33	30	16	44	40	35	41	6	26	26	5	19	26	4	28	9	9	36	49	25	21	43	16	32	26	42	2	32	9	6	37	10	24	49	50	20	49	46	2	26	20	17	12	36	20	41	22	15	8	23	49	9	35	42	18	45	11	
39	13	41	8	14	47	12	3	9	6	8	12	23	9	42	8	49	23	1	50	21	12	9	48	20	41	32	43	38	1	8	25	1	33	19	39	13	19	2	19	3	32	18	14	25	6	18	31	46	19	8	19	46	26	35	48	9	1	2	4	
22	3	26	27	24	14	50	45	23	3	18	28	20	19	46	26	26	3	33	33	12	13	8	17	37	22	11	1	3	22	35	38	29	39	27	36	2	1	50	49	24	1	36	11	41	26	5	45	24	22	43	1	14	21	5	10	37	7	39	42	
39	14	28	4	41	9	19	5	25	4	6	28	43	28	33	23	10	11	15	44	50	5	34	45	11	2	39	21	19	37	40	12	35	2	2	20	50	25	20	19	3	4	29	49	15	12	13	25	38	15	46	33	25	24	29	35	8	34	36	32	
49	19	40	45	36	22	32	23	9	38	46	29	2	28	30	5	22	18	6	20	19	44	21	49	18	17	42	44	37	45	39	44	25	40	35	28	47	32	21	48	19	40	17	50	8	32	2	29	7	27	19	18	22	18	37	50	24	20	3	5	
42	41	34	38	3	18	22	26	22	36	4	12	20	10	43	18	21	12	16	45	43	29	28	36	32	25	5	5	17	4	43	8	48	14	21	31	19	9	2	42	38	20	44	16	21	42	32	8	3	39	25	32	28	6	11	14	5	18	26	38	
17	35	20	49	36	38	39	16	19	46	49	39	4	3	8	8	35	29	16	5	12	34	18	30	39	13	29	1	34	47	21	46	37	49	22	1	19	20	11	44	28	28	35	50	6	19	37	35	40	45	29	50	12	7	22	33	33	43	37	21	
29	47	29	34	20	44	10	8	5	28	3	38	1	5	6	36	7	1	21	11	11	16	38	8	1	25	17	44	10	36	37	1	45	3	43	34	34	2	46	39	10	33	41	30	33	26	6	47	33	17	4	16	13	30	18	37	4	24	37	24	
49	31	19	46	43	43	26	46	30	3	29	19	50	38	30	7	2	21	37	22	37	14	1	9	26	9	13	30	6	8	15	38	4	34	29	50	33	16	44	35	31	29	49	33	47	11	24	18	11	18	5	10	50	4	30	1	41	6	1	43	
2	27	26	13	30	49	28	46	20	21	49	31	43	39	40	4	21	20	45	12	42	47	46	16	16	35	27	3	7	27	47	19	18	31	45	45	22	10	18	12	1	33	47	13	14	13	31	47	38	12	36	36	24	18	24	19	6	34	49	20	
6	4	21	12	42	34	16	43	4	3	49	13	22	31	11	28	7	42	16	19	20	20	47	23	26	25	47	22	18	11	24	12	13	6	45	29	21	37	39	16	29	30	30	39	20	43	6	17	43	4	44	48	41	26	42	32	50	24	17	2	
49	11	16	15	46	35	43	5	30	34	48	20	43	24	35	37	28	26	28	43	5	4	1	19	30	23	10	44	23	42	4	43	34	7	38	5	20	20	44	45	25	4	13	33	25	31	11	46	6	6	13	27	38	19	7	44	16	9	21	34	
1	33	13	4	44	41	13	31	44	12	13	46	21	26	12	38	8	2	6	43	12	23	15	48	48	35	37	27	2	10	3	32	19	38	1	31	37	18	45	17	6	39	34	16	11	26	37	30	9	32	6	15	31	31	41	43	37	39	3	21	
4	2	1	23	24	10	15	1	23	11	28	45	19	30	29	48	1	48	19	23	20	15	48	37	22	20	19	36	18	5	1	29	50	11	30	22	20	19	3	8	18	41	6	3	29	47	4	45	42	32	41	7	47	15	42	12	30	44	45	46	
48	33	32	7	31	45	44	44	12	19	33	7	34	11	45	2	7	1	20	16	27	36	25	15	22	8	31	46	2	3	36	46	45	8	34	17	12	26	47	2	13	8	42	27	31	23	46	28	18	16	24	47	30	15	43	49	21	18	31	20	
38	19	48	49	24	32	47	48	40	45	15	9	29	22	22	36	42	44	16	42	6	4	32	30	2	43	38	6	20	22	42	7	28	25	50	48	44	19	30	46	3	4	23	26	49	28	17	41	18	10	11	14	30	35	16	11	40	21	42	5	
16	42	1	4	25	1	22	36	39	35	15	10	5	8	7	33	2	38	40	44	30	16	27	47	21	17	32	46	32	3	19	5	40	2	50	14	10	49	8	18	44	12	31	3	42	44	31	1	32	34	27	2	34	14	27	28	43	6	37	18	
32	26	22	9	31	5	47	14	27	31	41	4	16	45	2	22	20	10	34	27	43	28	11	47	12	49	13	26	3	38	47	45	3	6	25	39	39	23	41	5	11	45	6	45	27	45	14	10	43	26	22	12	18	48	20	32	5	18	37	40	
34	16	8	38	4	27	34	44	46	9	14	31	29	35	45	18	10	42	44	48	25	40	40	19	48	6	44	38	36	47	26	5	34	10	7	31	22	20	12	30	9	48	36	7	7	13	47	36	24	11	20	41	8	18	36	15	26	26	46	16	
20	15	20	18	12	20	50	4	3	49	25	10	29	6	46	40	2	38	23	42	43	44	25	19	46	5	40	7	31	20	26	45	18	14	34	13	2	30	44	19	42	13	24	38	23	18	19	43	45	37	22	47	15	49	43	1	38	33	25	46	
On machine	5
25	26	3	43	18	5	18	15	3	22	18	2	8	39	31	41	47	30	3	21	30	50	14	24	3	32	46	47	43	12	45	37	48	35	1	49	38	24	40	43	40	26	21	48	1	5	36	4	39	27	30	3	31	18	50	50	46	1	25	27	
16	38	43	44	19	19	42	29	23	14	25	34	35	24	19	48	48	6	18	20	49	35	34	24	49	29	24	46	31	9	8	14	7	35	1	4	33	16	7	9	46	14	29	5	35	10	50	13	21	33	23	22	17	18	19	11	13	7	44	38	
34	8	25	9	10	13	47	30	46	44	10	32	25	43	34	27	16	30	6	29	37	29	18	16	15	20	29	15	30	37	43	7	31	37	11	34	14	46	20	39	29	9	35	37	41	20	21	11	19	29	14	39	23	33	41	49	45	19	8	44	
34	5	3	14	24	46	20	3	36	8	22	24	43	25	40	2	48	35	24	44	25	47	3	28	19	19	48	26	49	6	2	27	40	46	28	38	10	2	8	3	39	37	31	36	32	44	44	29	35	35	49	21	44	44	6	19	27	40	34	10	
33	6	31	7	5	44	8	2	15	39	18	14	45	22	6	48	46	17	28	11	15	22	37	24	19	42	29	13	26	36	43	35	46	9	31	43	17	16	18	19	7	21	48	19	25	31	30	10	36	22	6	29	46	25	50	12	47	33	25	14	
23	25	9	47	3	22	43	40	5	26	21	42	18	29	29	29	38	35	3	41	26	25	44	11	49	48	17	34	26	21	24	19	21	43	1	12	9	33	26	9	11	24	1	33	9	24	33	11	46	19	47	22	20	22	13	16	5	16	42	29	
29	26	36	48	15	40	9	36	16	46	30	35	8	20	10	41	50	22	30	6	48	16	2	38	36	7	35	38	41	46	43	26	23	3	44	30	49	34	23	36	19	45	17	28	11	28	35	26	23	30	31	11	28	23	12	50	31	40	38	19	
43	12	27	49	22	20	50	33	7	21	8	2	10	34	26	1	44	40	38	6	24	44	30	15	42	26	38	27	45	33	33	31	45	27	22	5	19	43	26	32	40	1	10	11	41	47	47	12	15	20	27	50	6	4	8	32	13	36	33	10	
29	10	4	49	26	17	23	30	14	8	32	44	5	38	46	2	12	16	22	10	41	7	35	25	38	20	19	47	21	33	49	30	10	11	37	7	21	23	50	35	40	45	43	24	41	43	8	36	28	8	13	47	32	27	30	17	29	46	33	36	
10	46	10	13	27	11	37	16	50	19	1	36	38	18	10	23	28	10	2	14	27	35	1	37	8	20	34	38	21	24	25	20	36	35	8	36	48	30	45	40	42	10	35	40	14	11	49	27	30	1	37	27	25	29	39	14	41	8	4	25	
48	40	7	23	46	43	38	5	19	40	26	50	50	23	28	44	13	16	32	47	17	6	47	10	49	34	17	39	8	45	50	20	5	14	25	45	19	46	34	30	48	11	25	13	12	7	24	35	49	46	1	21	5	37	29	34	34	46	41	30	
49	21	36	6	17	1	30	7	11	3	12	48	1	47	45	30	7	33	6	12	7	45	13	43	40	31	41	1	16	23	23	8	17	18	11	10	20	33	28	7	22	2	12	18	44	46	41	30	24	39	42	43	6	4	1	28	45	11	19	10	
38	43	44	8	7	8	48	9	11	12	5	48	48	48	44	40	19	44	2	16	1	24	4	37	22	16	31	37	21	35	24	43	4	29	21	34	14	24	1	46	31	20	24	12	46	13	1	5	44	22	7	29	17	38	49	28	28	5	7	16	
29	4	38	36	1	38	27	50	2	46	14	14	50	23	31	30	32	34	30	25	1	46	4	3	14	31	41	44	9	11	35	21	29	38	25	48	6	10	33	23	23	44	34	36	35	17	41	14	38	31	34	9	15	30	25	29	47	16	7	46	
25	5	40	49	21	7	20	46	25	34	18	2	3	12	25	4	25	50	10	32	23	38	33	35	41	18	8	21	45	42	16	11	19	6	20	22	36	45	15	6	43	30	45	3	42	30	41	19	28	33	6	6	20	3	19	4	28	24	42	35	
4	38	41	17	24	38	21	33	33	50	16	41	25	34	29	34	10	28	4	7	41	44	42	18	11	46	33	29	36	6	38	31	43	47	20	32	20	16	16	48	49	6	36	7	25	30	7	44	15	50	3	20	9	8	10	23	22	30	41	27	
3	10	8	47	12	15	30	21	33	26	7	15	13	43	41	3	16	37	3	25	29	23	20	43	20	19	11	19	6	18	41	23	14	26	34	44	6	34	18	36	32	34	37	45	3	10	14	47	25	37	43	40	18	21	19	9	40	34	29	39	
13	40	20	33	12	28	4	21	12	29	34	16	30	22	17	49	5	49	45	16	48	13	4	26	43	3	16	24	50	28	36	29	35	27	36	28	19	25	21	37	49	40	46	29	38	6	14	37	4	24	24	31	20	46	36	12	29	27	1	12	
21	21	23	40	26	3	46	40	22	35	29	26	9	43	11	1	25	32	26	1	41	9	30	32	5	30	41	19	7	30	47	30	22	34	18	48	3	46	14	40	16	49	6	25	36	38	39	27	7	12	41	34	38	18	41	36	14	46	8	21	
25	36	49	18	47	39	19	19	29	30	4	22	7	20	17	49	12	1	8	14	10	25	19	40	48	21	11	49	2	23	27	3	39	30	36	11	22	38	7	7	22	15	37	39	30	15	45	1	33	32	49	38	7	13	19	12	30	28	39	2	
17	36	44	5	18	48	26	15	17	50	40	11	21	40	1	16	18	3	14	44	25	35	50	37	29	38	38	35	24	28	20	35	22	44	6	44	41	25	23	48	10	25	6	19	35	9	20	5	25	36	46	11	5	11	13	38	22	38	9	32	
14	24	44	7	20	39	14	40	1	13	48	30	11	11	48	40	4	29	21	27	42	11	5	13	22	26	47	27	25	25	2	18	47	40	9	7	47	12	6	24	50	11	47	39	6	8	46	29	31	35	6	14	14	10	17	32	17	46	13	41	
21	1	24	1	49	43	31	24	13	17	22	33	2	33	30	14	43	46	17	10	10	13	5	41	33	12	2	43	44	19	11	15	40	6	1	10	16	19	12	13	43	28	22	11	35	29	14	16	48	22	47	3	2	49	41	34	5	15	48	27	
33	25	5	38	23	11	29	47	18	36	7	29	38	13	3	41	33	9	1	29	27	13	42	46	42	7	21	46	29	48	9	21	13	26	35	7	37	35	23	9	26	44	9	39	29	42	49	33	14	37	46	10	26	15	9	37	10	23	5	6	
30	4	13	22	37	2	5	41	28	16	3	46	28	8	14	15	37	19	28	38	19	24	11	27	9	5	46	33	49	12	7	15	49	7	4	33	22	29	11	35	38	1	41	1	39	26	36	2	34	42	13	10	7	45	36	2	47	23	34	29	
11	17	27	46	35	36	35	31	26	33	33	43	38	26	11	41	2	9	11	21	16	47	32	32	25	28	22	34	23	11	41	45	47	6	19	17	48	13	5	49	24	41	20	6	7	7	42	39	20	39	42	1	26	47	28	7	1	30	19	8	
31	9	5	8	32	4	3	33	44	45	4	49	15	41	7	23	22	22	31	24	41	45	6	25	33	22	3	30	8	41	17	22	30	23	1	4	4	41	41	6	44	38	42	24	11	7	35	1	36	5	30	22	29	17	11	2	3	21	39	38	
47	33	5	43	19	8	41	39	14	7	28	27	23	27	30	2	19	45	12	23	31	17	11	40	4	49	23	17	31	23	9	6	14	28	10	13	44	50	21	49	5	46	13	6	25	3	16	27	23	25	18	8	49	50	30	34	32	49	26	42	
34	20	5	37	31	30	30	36	48	36	42	36	33	16	15	44	33	48	18	4	19	17	18	5	15	19	48	30	41	25	21	40	48	42	20	19	19	7	49	49	31	50	42	1	17	39	38	18	28	32	41	44	16	41	29	13	26	47	44	11	
22	50	1	17	16	28	38	19	23	46	37	37	8	43	43	12	32	6	25	46	2	38	27	33	16	14	26	12	44	10	38	20	44	44	27	19	11	5	41	10	1	13	50	3	38	29	22	16	38	1	22	15	40	16	34	46	31	36	12	33	
42	32	30	39	50	45	24	29	49	29	34	35	42	41	47	44	5	10	11	48	18	15	7	27	24	45	29	49	39	39	4	4	19	35	12	38	14	22	45	28	43	41	41	33	23	13	7	30	44	15	39	16	36	31	15	1	15	23	44	17	
41	5	29	39	39	25	41	32	41	29	25	30	31	9	38	31	6	23	48	21	12	39	30	6	1	1	20	1	14	15	48	32	20	30	22	43	9	7	33	25	41	50	3	43	2	7	38	48	44	23	6	2	13	46	2	8	14	27	10	46	
5	31	1	47	19	28	20	15	12	49	34	28	27	49	38	50	31	21	9	10	36	3	17	17	16	13	18	18	7	40	45	31	15	47	43	43	26	9	31	41	46	2	31	25	14	43	42	7	12	17	3	14	26	11	24	29	11	16	38	27	
21	21	6	23	33	42	5	39	5	1	49	48	19	4	30	10	20	30	13	25	14	13	27	34	35	6	40	13	7	47	9	14	43	18	44	47	23	40	37	28	19	14	36	38	18	2	20	48	36	22	3	26	49	44	38	36	12	30	45	48	
35	14	37	33	23	12	27	1	49	30	22	28	23	23	7	38	38	46	48	46	16	18	17	22	44	8	2	21	19	7	41	7	41	41	40	41	19	13	13	10	33	38	2	14	17	18	2	48	8	34	13	36	45	24	44	44	20	50	15	22	
13	10	48	18	14	50	9	26	20	31	10	2	9	35	35	34	46	39	39	41	47	13	49	38	14	22	48	39	24	21	15	21	10	47	25	14	22	11	8	46	43	12	47	17	7	41	48	46	33	8	15	30	35	11	40	31	45	18	25	37	
32	45	20	46	6	6	16	25	30	14	49	17	15	12	23	14	1	28	41	11	14	29	39	22	2	7	32	37	23	22	43	44	16	38	6	48	43	5	1	16	25	26	49	43	9	23	8	14	41	30	48	36	34	38	45	28	17	45	16	45	
43	40	37	27	9	6	3	17	38	15	13	11	46	31	48	41	7	1	40	24	9	15	41	30	34	39	49	36	15	50	7	26	9	28	49	22	6	11	8	18	21	20	23	43	21	15	16	31	7	2	11	13	13	18	43	30	32	15	42	21	
38	14	20	3	24	25	21	42	28	10	20	40	16	22	37	17	10	26	14	40	30	15	49	37	37	37	31	26	45	50	14	2	29	45	43	41	1	3	16	22	25	9	46	14	28	38	47	29	49	14	40	37	29	26	17	28	33	3	5	4	
45	42	27	34	35	31	47	47	12	12	17	23	44	16	40	9	4	46	35	48	36	23	25	14	34	3	34	7	24	48	13	37	21	7	29	19	36	30	12	34	9	38	28	28	8	33	47	18	36	32	15	18	15	21	23	9	20	32	4	4	
49	17	26	5	4	25	35	45	41	9	30	22	43	17	3	11	33	50	49	44	11	38	21	26	5	49	40	24	4	13	35	22	23	22	34	31	20	8	34	10	49	24	2	38	17	31	35	5	17	19	26	46	12	28	29	28	23	19	33	11	
2	10	2	4	40	23	47	44	40	36	50	48	24	43	48	19	6	12	2	32	1	40	17	40	49	13	29	25	48	8	50	23	39	9	5	1	36	15	44	48	30	49	43	40	8	49	22	22	36	24	4	39	38	33	26	31	27	36	33	40	
48	8	22	23	36	21	40	40	48	20	41	17	1	27	9	4	36	26	48	32	21	32	41	28	25	30	31	1	29	39	21	36	10	28	17	17	23	8	14	3	35	15	24	38	42	11	47	49	23	7	23	4	13	30	34	28	20	29	26	6	
15	15	30	2	10	41	23	10	46	18	15	27	3	20	48	1	20	7	13	23	46	25	26	3	10	29	42	40	27	13	10	37	43	18	45	32	6	33	47	42	24	9	34	11	5	12	40	39	47	39	9	36	40	22	45	1	8	8	41	41	
30	10	18	35	30	6	44	29	50	45	37	19	8	25	37	26	2	23	11	41	11	27	30	17	37	31	48	9	13	25	15	12	17	32	40	40	21	33	1	35	3	29	3	41	9	42	4	14	34	27	25	20	49	13	37	21	15	28	27	47	
5	38	12	43	30	7	32	35	25	3	47	17	23	39	14	46	16	18	4	15	6	42	18	49	40	45	30	12	13	24	7	9	48	38	1	33	1	47	42	12	7	2	34	1	28	10	26	17	45	7	9	35	27	2	44	3	41	29	9	40	
28	29	21	28	48	30	26	3	24	27	47	5	17	49	14	50	33	8	25	40	42	17	27	42	25	8	27	35	22	32	31	34	22	18	35	47	39	36	27	14	21	2	1	33	27	42	10	21	29	33	24	26	48	3	37	43	3	41	28	40	
12	36	2	28	36	14	3	12	17	29	1	35	25	50	6	11	26	50	16	25	4	33	1	28	14	17	3	35	40	1	13	48	4	41	18	29	19	40	31	47	5	25	47	11	17	40	36	24	27	38	44	17	39	22	7	22	36	10	25	10	
48	1	46	18	18	11	11	38	17	35	26	49	8	12	3	9	36	30	37	35	6	18	27	7	9	31	12	26	23	5	10	25	46	21	15	46	18	28	44	42	5	3	22	22	19	38	7	18	32	22	4	28	16	38	33	14	18	3	2	30	
44	47	45	38	32	21	27	6	49	20	26	4	47	47	47	41	16	23	1	21	1	2	2	43	24	10	1	29	34	50	40	48	45	21	10	25	36	31	7	25	48	15	11	13	12	37	38	44	35	47	13	10	4	40	4	15	6	46	41	33	
50	33	18	3	3	25	17	36	28	7	3	26	30	23	11	30	37	37	19	7	7	9	9	10	24	18	30	18	19	37	31	19	21	26	37	6	5	8	18	12	41	44	47	49	23	22	38	7	10	35	11	9	41	37	7	44	28	39	24	47	
25	11	34	48	32	37	31	47	33	29	29	37	37	32	9	12	49	37	7	1	12	9	29	29	41	44	11	39	37	47	31	25	7	24	20	43	26	22	4	33	45	36	26	34	38	26	10	42	26	40	7	49	18	43	22	27	24	43	47	30	
9	9	1	13	50	50	9	49	43	39	33	34	16	6	1	49	31	33	26	37	15	39	27	20	32	33	38	9	17	26	9	42	22	40	18	46	24	45	42	1	1	41	10	8	9	31	32	19	25	41	35	2	22	38	24	49	37	41	47	22	
24	3	25	8	5	32	3	20	8	15	30	43	47	48	33	20	37	21	37	7	44	36	2	2	15	9	29	21	42	45	45	34	12	48	15	19	27	15	50	16	9	44	38	6	22	13	37	27	37	1	16	30	27	2	29	40	24	38	41	1	
35	8	5	38	44	3	50	7	40	13	19	42	43	38	14	1	11	4	26	43	45	25	26	17	17	43	19	11	24	11	9	41	15	2	24	19	24	39	1	23	20	6	39	15	28	13	44	7	10	6	38	39	5	18	22	47	40	8	15	34	
1	47	24	2	28	5	21	50	5	28	45	47	40	33	15	5	2	21	38	15	11	17	34	9	24	14	20	15	1	12	44	34	33	26	26	48	31	21	48	32	50	23	12	17	18	18	49	43	36	29	20	2	4	37	12	7	5	38	14	17	
44	39	36	47	14	50	9	8	39	10	12	36	13	30	36	8	12	50	31	16	42	33	3	7	15	11	3	40	42	22	23	8	50	18	25	26	47	49	7	12	14	8	21	43	50	16	18	21	16	33	21	49	16	33	3	6	42	4	11	11	
46	20	19	50	18	27	31	38	31	21	17	49	15	21	39	23	22	31	16	30	31	24	34	13	27	7	22	34	36	10	42	7	34	46	42	31	34	46	44	38	24	10	28	34	8	18	49	35	22	25	2	50	2	39	36	50	39	1	34	16	
14	8	3	47	36	36	36	26	23	35	42	37	33	46	14	37	10	17	17	34	21	17	23	3	3	33	13	41	15	26	44	35	37	22	42	35	31	37	12	40	40	38	19	6	21	23	17	1	24	2	19	27	13	15	28	4	23	20	38	27	
24	25	17	14	27	14	22	31	36	28	23	11	19	12	24	22	50	49	37	12	40	41	11	31	13	38	19	5	5	1	3	5	2	40	18	34	16	22	29	8	35	23	21	21	22	49	28	36	27	1	19	31	37	32	4	19	20	29	48	35	
On machine	6
11	42	37	46	8	14	44	48	1	22	19	10	2	1	12	13	5	38	3	5	50	17	36	6	10	7	31	6	36	32	11	27	10	8	6	45	33	19	38	35	37	2	31	2	28	6	24	49	1	2	23	47	48	39	42	26	25	28	8	14	
36	8	14	9	50	9	46	39	42	45	21	50	9	16	45	13	28	14	16	14	40	27	35	15	28	5	49	42	17	9	25	4	44	18	6	28	26	29	44	21	17	46	22	49	14	2	39	38	31	1	39	41	12	1	19	8	42	3	33	23	
29	27	6	28	43	3	38	24	23	24	42	40	12	26	36	1	24	29	50	36	40	39	29	27	4	10	11	45	19	17	10	32	33	44	8	48	12	50	14	30	9	24	1	6	48	21	33	29	43	47	30	5	7	5	40	35	10	38	48	23	
16	3	49	23	44	33	14	29	21	3	6	34	45	35	37	14	38	50	47	32	18	26	37	46	28	1	48	46	25	36	22	42	35	10	21	5	24	23	8	32	6	31	25	29	36	19	32	23	23	29	1	49	8	30	12	23	26	50	46	3	
48	17	9	13	8	38	18	13	46	34	26	2	48	4	17	20	16	15	41	44	21	41	25	9	47	25	5	6	2	7	34	4	47	49	8	16	26	37	50	36	9	42	24	16	2	28	32	48	29	11	6	48	16	19	27	49	2	39	13	50	
20	20	12	34	47	13	1	12	45	21	16	42	27	18	45	50	5	19	5	16	34	29	35	12	16	43	26	29	16	6	6	10	21	45	1	25	35	35	25	47	41	4	18	21	6	31	1	26	36	29	10	13	48	7	9	37	7	11	8	18	
25	37	6	7	24	30	25	31	10	29	22	42	46	14	40	33	31	19	42	22	37	6	21	22	18	13	28	17	23	50	8	24	47	6	40	8	43	41	11	43	32	21	32	28	11	15	41	18	18	1	37	5	44	2	33	49	17	17	44	49	
8	37	22	31	25	10	4	1	37	26	39	14	7	39	4	6	4	31	15	19	19	27	24	20	24	29	12	23	15	19	32	25	30	16	10	42	46	39	9	30	11	33	43	20	34	23	20	5	34	9	24	6	26	13	28	14	18	17	9	49	
10	35	31	25	9	32	3	8	31	18	29	34	11	43	42	23	42	16	31	25	24	3	33	4	34	27	11	12	31	47	14	18	43	16	25	18	38	5	21	49	37	21	32	23	50	48	26	32	36	38	11	41	42	38	31	45	18	31	5	10	
9	29	31	1	17	22	42	37	24	13	33	25	40	39	9	14	46	44	20	11	18	14	18	1	15	7	24	23	50	7	43	32	50	23	25	23	32	36	2	14	34	8	47	7	40	22	24	16	2	23	38	29	32	31	47	44	16	28	36	47	
44	17	13	21	8	21	24	35	31	21	27	9	30	14	7	21	34	25	21	12	9	45	12	49	6	25	30	20	31	9	13	10	12	40	40	31	15	33	45	7	1	36	7	41	36	33	28	16	45	36	3	41	25	34	9	38	4	16	1	14	
23	33	4	38	25	50	18	5	1	16	44	40	8	42	22	18	21	35	42	35	43	6	24	17	17	46	21	25	8	37	50	3	15	37	11	19	47	9	43	28	37	23	9	2	47	47	37	37	14	22	21	7	9	49	22	11	29	20	4	39	
43	5	14	43	43	39	22	12	42	41	48	41	26	46	17	41	7	44	33	36	7	29	19	41	32	3	8	35	36	28	35	25	14	38	24	21	38	22	28	35	31	4	21	41	45	20	16	42	38	6	17	31	37	20	47	46	34	28	30	25	
23	5	47	47	48	49	44	41	41	2	9	47	15	36	1	35	38	49	4	48	19	21	11	6	33	44	50	43	30	8	19	20	2	22	9	24	41	36	22	26	24	27	26	29	6	45	14	36	3	19	32	11	22	30	42	5	24	50	30	12	
29	22	29	27	48	29	4	37	46	45	30	6	49	27	15	2	12	48	6	32	41	12	26	19	34	1	42	49	44	16	3	2	19	15	48	29	14	44	11	39	27	20	23	4	45	32	30	49	16	50	10	50	41	14	8	7	50	22	9	43	
11	38	43	5	49	47	19	31	30	50	5	41	49	21	46	49	33	18	28	39	18	21	28	9	24	21	43	47	44	43	14	24	34	45	23	20	30	13	4	1	7	44	15	44	27	10	45	26	12	15	1	17	22	44	32	34	39	15	27	16	
19	17	29	46	18	13	8	5	16	3	34	3	30	40	8	39	17	11	18	30	40	32	30	19	18	19	14	24	26	11	45	20	39	42	46	6	46	31	26	24	7	9	13	6	47	35	22	7	28	33	1	13	9	43	49	36	17	44	35	20	
23	35	21	5	15	49	13	43	46	45	31	45	18	39	11	22	19	41	13	41	48	12	17	30	3	21	10	35	46	19	42	37	31	35	11	18	30	38	25	34	9	44	27	33	36	31	35	34	34	34	23	35	30	7	26	50	48	43	36	23	
25	6	5	29	43	19	42	22	1	22	3	34	49	32	3	40	46	39	15	35	43	26	47	28	3	21	36	26	36	43	35	15	20	2	28	25	47	13	12	31	20	27	19	19	15	31	23	41	26	34	47	24	3	39	37	49	7	24	32	6	
1	45	37	48	41	49	17	9	12	25	5	35	11	35	47	36	12	13	47	37	36	36	14	24	24	17	41	31	11	2	31	30	37	34	7	35	43	26	33	28	13	31	40	49	37	37	17	13	44	47	10	50	44	44	22	15	21	32	50	1	
10	40	5	38	22	13	13	30	42	28	41	14	24	18	10	11	45	40	6	47	38	49	17	50	31	45	43	34	40	6	21	26	32	3	42	2	40	16	45	24	32	9	39	43	45	41	39	50	4	24	36	28	38	38	22	5	21	35	22	27	
22	12	18	31	12	43	7	13	21	10	42	19	4	29	49	11	25	22	41	17	34	42	41	35	29	46	37	45	34	16	37	46	50	34	19	46	47	39	12	5	7	45	50	6	39	42	9	27	38	30	16	7	30	18	14	3	10	24	24	7	
18	17	21	50	39	10	27	42	31	23	7	1	3	17	50	3	19	22	12	3	32	17	32	37	13	6	30	46	21	34	31	36	50	1	12	8	45	6	30	34	50	7	12	33	6	40	26	29	32	6	6	7	7	17	28	47	37	44	37	31	
19	6	44	49	2	46	14	41	22	42	16	23	37	19	34	7	8	28	30	1	31	29	5	21	4	14	31	36	30	36	17	48	35	3	19	40	4	47	4	16	33	48	48	4	37	3	34	50	32	9	39	37	45	45	10	26	9	7	35	10	
35	30	7	32	45	34	48	4	18	30	42	3	23	40	6	44	3	19	6	17	43	25	11	14	33	21	13	34	39	42	6	32	35	48	13	39	38	11	45	2	49	5	11	50	25	31	38	18	35	43	18	16	37	5	43	20	48	23	35	27	
17	32	27	24	47	20	29	50	13	43	20	45	32	44	31	42	7	3	49	41	30	32	22	33	33	21	35	28	36	1	42	13	16	25	6	27	27	28	33	2	32	36	44	38	10	7	38	25	46	48	11	22	25	42	39	9	49	48	23	24	
7	35	12	3	50	16	47	44	31	39	22	42	1	32	36	45	23	30	41	48	11	11	50	39	22	12	45	10	48	29	46	13	32	22	32	21	31	11	15	18	23	29	33	37	21	19	40	31	7	37	50	38	20	36	13	47	34	29	36	41	
3	14	14	44	26	26	4	46	31	24	20	14	11	48	22	14	21	3	32	8	23	28	31	42	49	15	13	41	17	47	27	17	14	11	5	21	16	22	35	14	32	12	16	24	3	36	29	24	8	36	41	28	30	10	15	35	5	6	6	38	
24	4	2	41	12	21	18	6	4	40	23	50	46	28	20	27	47	39	50	25	17	38	35	44	12	49	42	13	23	30	44	49	34	47	14	8	38	31	23	36	10	5	10	39	30	18	41	28	3	34	14	32	28	29	18	43	18	45	18	47	
29	11	37	7	23	11	6	19	42	9	22	21	12	9	33	40	1	49	6	22	45	24	40	16	15	8	29	8	5	14	36	49	16	20	44	3	9	46	41	35	40	20	24	12	28	42	44	50	22	43	10	12	4	39	48	8	33	25	46	24	
9	6	44	5	1	43	17	1	43	1	45	6	25	48	8	50	48	42	14	26	33	36	36	9	13	14	46	27	29	11	29	41	31	15	5	40	47	1	4	6	16	38	20	21	14	23	38	34	30	35	23	31	5	13	3	46	41	5	12	34	
27	15	45	3	44	9	41	39	44	43	10	49	49	3	22	29	42	11	14	3	48	38	49	35	32	45	34	46	8	16	40	32	50	16	14	29	22	29	40	7	30	5	25	15	39	26	37	17	50	38	8	4	40	39	39	33	7	43	22	26	
26	17	15	45	45	25	23	29	28	5	13	45	35	1	10	47	48	49	29	14	24	34	42	24	33	24	31	26	1	26	27	26	22	26	22	40	40	38	16	50	41	46	36	7	35	14	28	14	48	16	6	9	34	43	27	8	2	8	29	7	
26	40	49	41	45	27	19	22	40	48	19	33	15	44	8	21	32	24	14	7	22	19	39	43	5	42	26	24	34	11	43	43	11	17	38	24	46	3	30	6	10	30	15	41	18	40	33	42	27	10	36	43	15	48	9	17	26	37	23	31	
27	12	48	21	40	18	33	36	48	36	2	31	46	8	40	45	29	24	31	32	45	18	50	44	16	28	42	42	13	37	2	13	21	30	13	42	50	5	43	14	21	23	33	6	20	25	12	25	3	3	9	38	25	41	50	23	43	29	12	14	
31	15	4	26	39	7	36	28	48	4	26	31	31	45	9	4	17	17	24	16	43	47	47	39	15	23	49	18	24	23	30	40	1	41	5	36	12	8	39	4	40	23	16	4	5	14	35	14	50	24	35	42	41	9	23	48	11	40	28	7	
35	30	30	1	7	7	17	13	1	9	46	26	27	24	29	40	46	8	35	39	24	32	12	6	43	43	6	24	18	33	38	9	42	36	44	16	14	12	5	2	42	25	50	19	2	43	16	5	4	35	38	21	25	28	18	16	31	34	2	29	
37	22	37	1	11	7	45	14	11	41	4	24	21	26	16	1	7	24	21	34	7	41	24	5	34	46	8	35	3	48	29	18	47	16	14	15	16	29	7	30	18	50	3	40	46	41	28	48	25	18	2	23	44	31	29	50	24	37	23	20	
35	3	18	19	36	1	33	42	25	1	24	41	32	2	42	48	41	11	4	38	34	49	6	44	17	31	22	49	49	2	22	33	47	43	15	34	8	50	40	30	38	3	27	13	46	29	49	9	8	23	18	48	11	1	14	2	50	28	27	9	
40	3	16	27	3	4	17	22	9	11	20	34	48	49	48	1	44	31	8	20	25	16	13	22	39	26	14	36	21	28	6	21	23	24	23	12	45	13	48	2	45	40	43	50	24	19	42	24	26	4	49	4	14	12	19	14	50	8	44	18	
29	18	36	22	1	9	11	41	13	31	26	45	38	17	19	15	33	41	33	49	19	44	46	42	11	46	50	37	35	49	31	29	39	2	21	20	41	38	20	40	37	38	28	36	2	26	22	38	17	9	29	25	10	47	37	19	13	38	25	7	
31	29	1	25	5	15	9	48	19	5	39	40	47	27	18	45	43	34	33	22	32	33	11	3	50	5	16	32	29	6	18	33	16	46	6	5	18	5	11	44	23	4	49	30	12	4	25	16	33	50	35	24	45	21	11	12	45	29	47	15	
44	48	18	34	38	49	44	19	37	7	48	41	36	44	48	43	3	13	37	6	21	8	50	28	35	15	31	2	39	9	13	43	4	14	23	14	15	30	38	48	8	3	4	43	38	31	20	48	26	42	40	25	2	35	32	5	6	20	10	30	
14	20	15	35	37	2	11	6	29	2	45	41	16	42	25	30	15	25	3	40	42	49	25	4	27	41	25	1	9	8	41	30	30	19	28	28	46	26	19	12	42	10	11	42	25	18	13	34	37	28	38	41	34	36	38	6	14	4	40	23	
43	3	36	23	13	10	26	39	14	30	35	47	26	10	32	32	14	27	8	18	33	32	19	24	32	26	9	10	7	48	44	15	10	37	41	41	13	15	22	21	50	10	30	47	45	30	26	3	20	31	32	48	42	21	8	41	9	19	5	9	
13	47	22	12	17	16	44	37	26	21	50	39	24	11	2	37	47	9	28	18	41	8	15	14	16	15	42	16	17	2	48	31	31	25	45	7	25	22	31	6	42	11	8	27	38	41	11	2	4	36	48	49	40	30	22	2	37	34	21	46	
5	24	44	47	24	39	22	16	10	25	43	50	33	39	37	28	38	24	8	15	48	35	10	23	38	43	20	11	11	27	20	4	30	1	18	1	14	25	16	14	23	4	25	46	27	38	45	28	42	18	49	27	13	23	45	29	35	34	12	26	
8	44	48	3	46	33	36	33	21	36	22	47	31	27	23	40	50	38	8	34	4	47	19	27	2	40	50	6	27	43	6	48	10	35	36	14	50	33	11	14	25	43	27	40	8	6	21	27	5	23	10	12	36	47	16	10	36	18	15	9	
21	26	12	38	9	28	48	13	37	30	33	15	16	28	17	19	42	37	41	19	9	5	48	2	26	42	32	14	28	43	8	43	36	1	9	32	7	5	36	35	9	4	4	23	46	45	32	23	50	14	20	39	34	14	11	48	44	33	50	16	
4	15	8	25	17	24	16	4	40	26	8	23	1	48	35	39	49	41	1	45	7	1	3	16	41	12	23	23	21	6	8	3	48	48	43	27	21	45	35	37	32	37	5	24	37	40	6	17	47	13	20	18	4	38	36	35	39	25	44	37	
14	45	42	32	11	25	27	26	2	48	38	39	39	49	36	29	42	20	12	3	28	11	21	19	4	17	35	41	26	30	38	26	42	50	12	20	18	8	46	47	6	33	3	39	43	1	2	1	31	30	25	34	25	14	43	12	21	14	36	18	
41	1	4	15	35	37	29	40	39	26	3	47	26	17	6	26	7	3	3	47	34	28	47	4	31	16	24	38	43	18	26	7	32	47	44	38	37	20	40	25	7	8	7	45	49	44	14	27	36	12	10	10	6	2	21	14	17	11	5	9	
23	17	1	40	14	23	32	2	3	29	15	11	33	30	3	18	23	14	12	29	31	18	33	9	49	6	41	39	31	11	20	48	4	33	19	41	40	35	27	4	28	28	40	27	37	18	36	15	25	21	22	26	38	7	46	4	26	28	21	28	
19	38	13	15	12	18	47	5	48	21	22	50	27	26	7	43	38	30	25	26	26	43	36	33	47	34	48	46	26	37	12	22	22	18	39	30	16	44	34	23	49	16	3	1	32	35	41	2	47	42	25	32	8	6	16	10	43	1	5	26	
4	1	34	33	37	41	2	17	11	41	38	34	50	23	20	43	15	14	25	22	20	23	23	3	50	20	39	36	7	9	5	7	4	4	27	16	11	48	28	11	7	13	15	13	21	44	44	37	34	6	7	10	8	47	30	3	39	26	45	19	
12	44	3	46	20	28	36	49	18	5	10	2	38	41	26	48	26	28	17	35	45	31	9	33	40	33	10	15	27	31	50	38	12	21	11	22	22	7	21	1	8	3	48	38	21	41	1	23	24	25	17	26	18	33	19	29	40	3	45	20	
27	25	47	28	23	38	5	22	6	1	1	16	13	11	24	24	32	41	8	14	34	49	26	11	45	15	30	43	44	8	20	32	41	29	29	3	35	11	4	24	18	44	28	9	39	27	45	24	23	38	49	50	21	46	25	27	2	14	22	15	
15	32	26	9	44	31	26	29	2	34	8	11	43	11	24	5	22	39	48	39	10	13	49	19	14	30	37	23	39	18	27	4	30	42	22	34	43	49	38	49	8	5	6	10	32	16	16	4	12	9	31	32	38	7	33	19	47	29	2	34	
21	28	14	30	40	2	18	45	32	35	34	27	47	50	26	2	12	16	14	41	47	39	38	34	45	13	50	20	20	3	14	39	39	12	39	34	9	43	12	39	30	8	38	6	37	45	10	44	3	5	1	14	17	24	21	6	30	7	29	45	
46	13	35	8	28	36	41	49	32	13	26	20	49	32	8	49	30	35	7	1	8	8	47	8	21	28	14	14	40	13	25	48	12	49	48	48	20	32	36	1	28	43	10	32	34	8	8	43	5	26	19	42	37	13	20	37	50	11	39	11	
