Factories	2
Families	40
Machines	4
SetupType	2

Number of Jobs in each Family
5	4	3	5	1	3	7	8	7	1	6	9	9	9	8	3	3	6	5	4	1	4	2	10	9	7	7	3	3	1	10	6	9	8	8	3	3	2	5	10	

Jobs in each Family
0	1	2	3	4	
5	6	7	8	
9	10	11	
12	13	14	15	16	
17	
18	19	20	
21	22	23	24	25	26	27	
28	29	30	31	32	33	34	35	
36	37	38	39	40	41	42	
43	
44	45	46	47	48	49	
50	51	52	53	54	55	56	57	58	
59	60	61	62	63	64	65	66	67	
68	69	70	71	72	73	74	75	76	
77	78	79	80	81	82	83	84	
85	86	87	
88	89	90	
91	92	93	94	95	96	
97	98	99	100	101	
102	103	104	105	
106	
107	108	109	110	
111	112	
113	114	115	116	117	118	119	120	121	122	
123	124	125	126	127	128	129	130	131	
132	133	134	135	136	137	138	
139	140	141	142	143	144	145	
146	147	148	
149	150	151	
152	
153	154	155	156	157	158	159	160	161	162	
163	164	165	166	167	168	
169	170	171	172	173	174	175	176	177	
178	179	180	181	182	183	184	185	
186	187	188	189	190	191	192	193	
194	195	196	
197	198	199	
200	201	
202	203	204	205	206	
207	208	209	210	211	212	213	214	215	216	

Total number of jobs
217

Processing times of jobs
8	7	2	5	
1	9	2	5	
3	10	9	9	
9	8	9	5	
1	7	5	8	
10	7	4	1	
4	1	2	8	
2	2	6	2	
10	10	4	1	
5	5	7	7	
7	8	10	1	
8	5	2	8	
8	1	4	3	
5	4	2	7	
4	1	6	3	
1	8	4	4	
7	7	2	8	
4	2	4	6	
9	9	7	4	
10	8	5	1	
9	6	4	6	
9	5	10	7	
8	3	5	8	
4	4	1	8	
1	5	5	1	
3	7	4	8	
8	8	7	3	
5	7	9	6	
4	3	9	8	
7	4	9	6	
9	5	7	3	
3	9	8	4	
5	6	2	2	
1	5	10	7	
9	5	1	4	
4	9	1	3	
9	9	6	7	
1	10	5	8	
10	4	10	10	
1	6	8	8	
5	5	5	9	
2	5	2	7	
2	10	7	7	
7	4	7	5	
6	7	10	5	
9	4	2	3	
3	2	2	3	
5	5	10	6	
8	6	9	10	
3	3	10	4	
3	4	3	8	
10	8	2	4	
9	6	7	4	
2	3	3	7	
10	6	1	8	
7	2	4	1	
8	7	3	3	
2	8	10	4	
10	5	4	2	
10	8	4	5	
1	1	7	5	
6	10	4	6	
6	9	5	9	
5	2	2	7	
1	9	3	1	
7	5	2	9	
10	8	9	7	
4	9	8	7	
1	1	2	8	
5	8	8	5	
3	1	5	1	
10	5	2	8	
8	7	7	4	
3	7	2	6	
6	1	3	9	
2	2	7	6	
7	4	5	4	
6	6	6	3	
5	3	6	4	
10	2	8	10	
1	2	10	7	
2	7	5	8	
3	2	10	5	
8	8	7	4	
3	7	4	2	
2	10	4	4	
5	7	5	8	
9	6	6	5	
6	7	2	6	
8	10	2	9	
10	3	10	1	
6	1	1	2	
6	5	9	4	
1	3	3	5	
1	10	10	9	
7	2	10	7	
6	10	1	8	
2	7	6	6	
10	10	3	5	
8	7	10	1	
8	3	7	6	
9	8	10	4	
4	4	5	9	
5	3	4	4	
4	1	5	1	
2	7	1	3	
2	2	3	9	
8	5	4	9	
3	4	9	6	
4	10	4	1	
10	2	5	8	
4	4	10	3	
9	10	9	7	
8	1	5	10	
3	4	8	5	
2	7	6	7	
8	3	5	6	
10	10	7	6	
7	3	3	6	
6	2	1	2	
2	10	5	5	
9	9	9	3	
6	7	7	4	
4	8	10	9	
7	9	10	9	
6	1	1	5	
6	10	2	1	
5	2	2	5	
8	3	8	1	
7	6	8	1	
1	9	3	3	
10	9	3	9	
4	6	4	6	
7	8	1	10	
7	2	10	9	
3	2	2	10	
8	3	9	8	
7	5	7	8	
2	1	9	8	
2	3	10	3	
8	3	8	9	
5	5	8	10	
5	9	3	5	
1	1	9	7	
3	2	1	5	
5	3	6	5	
4	10	7	8	
9	1	9	7	
4	9	9	9	
4	7	5	9	
6	4	5	7	
5	5	1	6	
6	7	2	6	
9	3	7	7	
7	3	4	1	
4	3	7	1	
6	1	1	10	
8	2	8	3	
8	9	1	9	
5	6	1	9	
3	8	10	4	
10	4	6	10	
7	7	6	1	
5	6	4	5	
4	8	1	8	
8	5	5	4	
6	6	1	9	
8	4	4	10	
8	8	9	10	
2	5	7	1	
9	8	10	8	
8	10	7	3	
4	5	6	9	
9	4	10	1	
10	2	9	5	
7	9	7	6	
1	7	9	7	
2	1	6	7	
5	9	5	8	
10	2	9	6	
2	9	8	3	
10	2	3	7	
8	10	1	9	
8	10	6	1	
7	6	4	6	
6	10	3	5	
7	4	1	5	
9	8	9	10	
7	3	10	8	
8	4	10	7	
8	6	6	1	
1	4	1	6	
3	6	9	7	
6	7	6	2	
10	6	7	10	
1	1	1	5	
8	2	1	7	
4	8	10	6	
5	6	6	6	
7	2	4	10	
2	10	5	5	
3	6	1	10	
7	5	5	9	
3	8	7	3	
9	6	9	2	
9	1	4	6	
2	7	1	4	
8	8	3	3	
9	9	9	10	
1	3	4	10	
2	2	2	3	
7	3	9	10	
4	2	7	10	
4	7	3	4	
7	2	3	7	
2	7	10	3	
1	8	7	2	

Stepup times between Families, where [f][f] represents initial setup time
On machine	1
44	47	13	8	11	40	39	47	37	5	41	2	50	33	1	26	18	23	31	46	18	41	29	31	33	2	43	39	43	42	26	23	33	43	24	16	46	13	40	41	
2	16	21	29	3	24	18	28	13	23	3	42	46	21	32	26	6	40	32	30	40	5	24	37	16	29	32	34	22	22	6	13	44	11	2	38	9	12	41	26	
23	28	49	10	11	39	28	50	12	22	23	14	1	12	16	20	3	36	2	16	25	11	50	39	20	34	17	21	13	28	20	1	7	19	50	12	3	22	26	31	
45	20	45	42	48	34	3	6	21	2	6	46	21	29	34	17	40	16	43	21	43	13	46	2	49	9	23	22	3	25	37	47	31	11	7	50	33	44	49	7	
4	8	48	24	35	50	47	38	46	46	18	32	29	11	37	9	11	9	22	34	43	24	43	40	32	29	44	36	31	29	49	3	17	8	8	2	43	37	20	12	
5	39	27	11	42	9	14	35	34	35	22	23	11	19	31	35	31	33	38	32	40	42	21	43	18	29	29	13	22	13	15	13	19	50	30	32	35	36	14	26	
4	26	31	9	42	37	33	40	49	9	13	4	6	32	50	1	47	24	29	49	40	3	6	47	40	7	19	50	16	23	13	24	32	10	50	49	47	26	30	45	
25	12	26	16	30	5	13	41	47	33	8	29	31	14	8	20	27	11	44	19	31	15	42	7	32	12	24	48	7	41	45	4	16	5	6	12	50	6	46	1	
50	41	27	12	16	1	36	6	41	6	50	26	10	9	46	17	32	8	27	24	15	29	10	39	3	13	48	21	5	35	2	27	6	18	5	10	21	19	47	39	
29	43	29	41	3	30	30	28	21	33	12	15	26	29	42	18	35	29	4	21	43	5	40	40	36	49	26	1	41	40	40	39	6	46	33	33	15	23	44	14	
37	30	8	22	11	18	46	13	29	41	44	19	24	50	36	47	45	20	17	26	40	11	31	26	29	44	11	34	1	11	50	46	22	33	23	44	25	47	40	7	
40	6	46	42	49	12	39	36	45	8	34	42	2	25	44	49	1	14	34	28	39	38	41	46	17	49	44	13	49	27	40	16	44	28	28	12	6	35	43	28	
48	20	44	25	30	41	48	8	33	47	42	29	27	5	16	49	42	42	2	46	29	8	3	6	35	15	12	21	17	30	27	27	38	45	26	46	50	14	8	34	
38	50	32	3	10	41	5	44	45	1	7	5	31	29	19	25	10	48	42	6	41	25	22	33	17	2	2	11	22	5	16	44	32	17	31	11	46	9	1	13	
31	6	11	4	27	39	16	21	5	16	24	20	23	22	44	14	22	32	41	24	7	49	27	48	17	47	41	48	5	4	21	42	39	10	17	37	22	25	38	6	
38	16	28	3	50	19	18	20	14	16	24	19	25	38	6	10	49	33	46	10	12	5	13	27	15	38	14	32	25	2	24	24	34	3	49	4	36	49	47	33	
21	30	8	50	8	21	13	23	1	8	41	6	47	1	20	4	5	27	43	47	18	19	4	19	3	19	30	7	3	36	43	35	25	15	43	33	33	21	3	30	
20	27	48	44	42	38	13	16	9	18	20	42	17	7	25	35	9	18	40	48	31	50	2	23	43	46	29	37	23	3	9	9	38	39	15	34	30	19	4	29	
13	25	8	26	22	31	8	31	33	26	41	7	26	29	12	23	49	30	41	8	10	19	41	49	23	15	40	48	34	39	39	19	23	7	10	35	24	34	38	45	
30	42	27	48	39	22	35	33	49	22	16	43	6	35	7	8	11	16	10	24	46	31	23	16	1	8	12	10	47	48	23	19	22	22	21	37	4	47	35	11	
20	45	34	41	33	35	42	8	28	11	9	34	10	38	39	10	6	2	11	40	21	12	23	23	17	16	18	3	43	3	50	19	28	16	8	46	43	27	23	3	
17	28	4	17	22	9	12	45	5	14	11	9	9	7	39	13	13	12	28	38	12	10	28	11	39	11	23	4	28	46	41	15	41	32	48	39	2	17	17	29	
17	31	35	39	14	2	32	42	40	3	26	21	4	41	15	31	22	39	29	23	2	2	15	30	2	14	46	3	17	41	38	34	14	12	10	11	8	26	45	27	
17	43	9	11	35	33	3	34	2	42	5	13	27	40	23	49	2	5	10	28	10	20	17	32	21	42	10	44	29	14	12	6	15	11	22	16	37	43	22	7	
40	48	6	33	21	33	9	38	32	30	34	10	7	50	49	14	16	43	41	4	25	43	16	42	26	23	21	28	46	2	4	22	47	8	48	5	22	28	8	48	
18	32	20	33	22	48	49	46	45	31	16	38	6	29	46	3	46	36	40	33	20	1	40	16	40	35	43	3	37	46	19	12	22	16	14	26	34	41	31	16	
29	43	28	28	8	45	8	3	20	33	24	41	2	19	31	23	22	43	50	49	41	46	32	24	27	10	12	20	35	12	36	8	20	25	32	36	17	24	30	6	
50	37	48	3	19	10	24	45	14	40	18	27	18	47	4	18	18	47	17	11	43	36	33	24	10	32	9	22	7	19	43	40	24	11	45	22	38	35	11	30	
25	27	12	27	14	25	48	21	19	36	30	8	35	26	4	26	41	23	19	16	22	11	48	19	47	8	13	34	13	29	28	44	3	42	5	15	34	45	8	24	
5	44	42	5	39	23	8	34	44	33	50	42	40	33	46	17	49	25	11	42	46	1	24	4	10	46	49	9	34	13	22	43	1	10	27	12	7	39	14	25	
2	19	5	44	26	50	47	13	23	46	6	26	48	16	8	20	48	29	42	43	40	12	9	33	42	13	1	1	2	43	4	13	37	33	9	29	17	26	23	47	
37	46	48	36	13	17	34	5	40	17	11	31	30	46	45	36	12	44	9	14	49	45	4	43	3	28	3	35	37	22	10	26	45	8	43	38	5	49	1	40	
25	45	41	22	37	9	2	26	48	12	8	5	6	15	39	9	26	18	3	1	26	50	32	43	18	23	48	10	43	36	4	13	49	6	46	10	12	19	32	41	
8	38	17	30	33	26	4	38	35	43	39	18	29	35	33	48	48	40	10	1	15	5	29	6	26	16	23	27	11	39	14	37	36	48	13	43	10	47	30	5	
47	44	21	36	46	41	13	17	17	44	5	1	42	42	29	39	6	13	23	49	10	35	5	2	29	41	20	29	41	14	4	18	14	28	13	43	43	21	50	1	
20	50	24	41	22	24	13	22	24	14	30	4	19	29	39	2	37	10	26	40	9	9	44	16	6	16	47	3	9	20	20	1	45	27	48	46	33	35	39	26	
8	23	21	1	17	7	30	25	14	34	26	26	23	37	12	37	1	45	16	4	2	8	9	3	44	2	38	40	26	34	24	41	14	17	3	11	42	36	38	38	
50	36	13	3	43	10	15	5	41	21	39	11	32	8	45	40	44	25	16	31	3	36	31	3	23	35	26	14	30	1	30	23	20	29	41	3	49	43	38	23	
25	8	29	20	14	38	40	28	7	5	18	7	22	45	50	47	50	16	1	27	3	35	22	11	37	34	39	6	22	1	43	41	36	14	46	29	14	7	29	15	
44	23	5	44	42	44	1	29	17	15	18	42	23	17	38	19	35	45	2	44	34	47	23	13	14	30	47	2	35	27	11	31	9	36	18	9	8	49	13	30	
On machine	2
10	38	14	27	5	33	1	39	48	29	50	44	23	22	13	3	49	30	42	15	3	3	26	6	20	23	24	22	3	25	11	1	40	32	16	20	12	21	25	39	
49	10	49	32	14	9	11	47	16	6	46	14	24	32	17	16	20	40	37	36	13	40	16	40	17	37	16	21	33	18	37	8	14	24	26	3	37	47	42	42	
15	10	46	25	31	17	29	41	33	30	50	19	42	1	8	12	9	18	17	32	22	46	42	26	37	8	20	49	24	14	9	18	10	48	8	22	4	35	42	22	
8	43	45	20	34	43	16	13	16	9	33	4	7	2	40	50	15	11	50	11	26	13	28	4	22	23	27	13	46	20	27	1	11	8	41	5	49	22	7	8	
41	7	21	33	49	7	26	22	2	19	7	29	30	38	9	14	7	21	9	23	15	45	50	19	26	23	11	6	34	19	15	37	43	45	4	16	32	6	23	49	
34	44	1	10	46	43	25	23	24	41	39	22	17	28	26	17	12	45	25	36	27	20	1	48	34	32	13	38	38	36	46	3	36	41	30	6	50	31	5	43	
3	36	46	32	31	43	8	15	9	7	50	39	46	24	3	13	44	35	22	21	8	23	27	6	18	34	25	6	42	41	14	14	42	34	20	37	41	49	48	1	
47	28	28	46	15	33	4	44	25	12	5	15	16	50	38	44	44	6	11	28	20	25	5	44	28	39	48	27	11	5	11	46	9	39	16	32	13	6	32	45	
10	40	44	28	24	41	14	22	31	16	6	25	5	13	30	42	15	25	7	50	33	18	4	49	45	26	11	7	20	44	46	24	43	44	33	2	45	29	4	6	
48	45	7	45	22	12	17	10	11	42	25	42	28	27	11	16	27	48	25	46	18	4	11	36	32	17	44	46	14	36	31	47	21	32	23	24	29	32	7	21	
27	33	19	34	7	38	46	10	48	21	49	40	43	3	23	1	24	14	28	50	3	9	13	46	40	6	6	24	8	26	33	30	13	10	40	24	4	3	36	31	
18	41	32	12	39	46	41	21	18	26	30	19	50	33	34	33	2	22	5	27	6	3	27	3	1	30	28	26	33	30	50	11	50	19	20	15	45	30	16	16	
34	20	7	9	35	4	2	23	7	22	31	14	29	14	30	10	48	3	37	20	31	30	21	46	46	32	2	39	24	9	45	20	10	39	27	7	17	38	3	13	
23	25	2	10	13	48	11	49	41	37	18	34	40	27	24	50	44	21	15	19	25	26	20	49	6	48	18	49	18	46	39	16	40	39	37	31	35	4	16	40	
10	37	30	44	50	1	29	33	17	29	21	25	2	34	9	1	50	35	41	38	4	42	18	5	15	47	45	16	41	5	22	46	17	24	12	28	10	4	4	23	
9	46	47	7	43	24	47	10	22	47	47	22	14	1	44	46	12	23	14	25	29	13	16	12	13	6	47	44	2	12	26	13	31	10	41	31	5	47	7	21	
44	21	49	36	10	4	19	44	9	15	28	16	16	47	12	4	34	13	29	16	10	28	50	11	19	31	38	47	18	10	11	44	2	16	39	12	19	20	36	41	
44	39	32	13	9	35	5	49	20	4	48	35	9	8	26	24	41	38	13	3	46	26	8	10	4	21	23	13	23	28	2	11	3	12	1	38	16	29	31	7	
47	43	23	37	38	19	17	9	4	7	2	45	40	50	25	46	26	25	15	37	42	49	34	10	45	2	50	11	29	2	43	24	26	31	31	46	46	34	46	38	
32	4	38	35	38	30	34	26	50	11	23	30	47	42	12	26	11	50	27	5	32	23	32	6	7	49	46	30	45	32	13	15	39	15	47	37	29	49	20	10	
28	21	19	50	14	40	24	29	34	9	5	2	7	46	38	27	26	14	39	27	19	34	49	27	6	3	34	10	43	35	42	37	13	34	5	11	34	19	25	39	
14	49	37	7	23	35	46	29	4	37	21	1	10	3	45	7	3	38	16	44	26	22	40	46	26	22	5	3	43	8	26	40	5	24	37	19	7	27	32	1	
32	33	18	40	22	4	1	27	32	29	3	35	11	1	49	11	30	14	43	18	39	32	19	17	28	36	12	4	33	20	7	29	8	43	16	41	50	16	34	34	
20	12	20	5	18	37	32	17	19	12	36	47	43	18	41	2	11	13	16	12	49	29	2	16	26	17	48	18	8	39	35	12	28	10	14	10	37	20	29	36	
45	9	31	12	45	39	39	44	50	12	32	38	4	33	33	1	23	42	38	19	48	12	22	41	20	22	33	4	9	47	42	18	23	24	15	1	41	20	6	24	
26	8	50	29	34	13	39	48	35	12	22	40	38	33	29	19	46	5	18	43	33	2	36	13	46	13	40	18	24	14	12	39	27	20	11	15	45	46	41	11	
20	1	18	43	1	42	49	8	28	38	36	46	24	50	18	7	7	9	5	15	32	13	39	32	40	40	28	39	12	11	1	5	22	48	37	38	32	32	35	20	
6	8	15	49	32	41	9	46	14	16	30	46	47	16	32	17	41	33	29	11	33	15	48	9	2	26	15	19	27	10	4	31	22	28	34	36	47	50	22	31	
17	50	21	9	10	45	28	19	24	40	21	39	36	36	49	23	31	5	3	10	34	32	32	36	42	16	25	7	13	12	33	6	36	28	24	40	30	50	10	13	
40	24	19	33	8	45	38	44	25	3	46	1	7	18	43	41	47	45	39	10	4	15	48	50	23	46	16	2	21	34	24	9	3	6	36	47	4	18	40	30	
26	27	1	3	33	25	21	5	40	36	17	27	21	7	50	42	38	22	31	11	45	10	25	46	21	16	10	23	16	9	43	29	26	39	50	32	40	21	42	19	
44	42	11	38	48	45	46	26	23	16	3	44	42	12	45	46	33	21	43	29	20	39	16	31	20	28	7	13	4	9	16	17	35	46	6	7	39	21	10	10	
45	25	41	34	14	16	1	31	16	49	16	21	48	11	34	30	41	5	30	15	24	38	41	41	25	3	26	42	36	24	11	2	1	25	34	6	17	25	30	5	
18	32	18	36	34	13	3	16	7	21	3	7	36	27	47	26	29	8	46	40	46	13	6	28	31	45	46	37	1	13	36	37	5	11	35	38	13	7	24	29	
8	3	6	24	9	5	44	7	32	14	45	25	21	39	37	25	7	41	6	37	11	43	46	29	33	3	14	15	28	50	43	9	2	50	31	48	2	7	16	36	
41	14	3	41	39	41	22	49	40	24	36	47	48	5	4	46	22	11	14	13	5	20	33	43	32	5	14	14	44	10	43	30	28	28	43	8	40	22	6	37	
8	31	37	6	49	13	13	25	17	50	37	16	40	2	45	1	16	30	37	34	13	30	17	3	39	27	32	2	14	33	31	25	29	3	36	22	38	3	36	28	
29	22	50	38	48	5	25	3	18	32	25	7	9	40	43	5	22	30	30	12	4	25	31	50	20	11	25	16	8	35	49	21	26	37	10	41	35	12	18	15	
27	39	1	11	22	5	36	14	25	6	48	39	19	16	38	28	5	26	21	8	25	28	41	16	8	30	39	4	37	16	39	39	35	23	28	27	22	14	2	12	
39	22	1	21	12	17	25	25	26	31	21	34	35	7	43	25	33	45	38	5	31	12	2	41	15	25	34	14	39	12	18	9	37	14	19	45	33	31	46	26	
On machine	3
28	32	16	46	11	22	13	10	40	13	16	19	13	9	20	19	19	48	39	30	33	18	45	15	10	41	46	43	6	31	32	41	27	26	40	13	41	12	44	47	
42	41	11	40	13	1	44	4	27	32	46	2	37	11	29	41	23	23	33	49	20	4	28	37	38	32	9	49	19	43	49	45	5	8	7	25	2	7	38	24	
44	43	48	4	38	40	25	27	26	37	43	13	41	3	35	9	5	45	32	37	5	1	22	28	13	37	49	48	15	5	15	43	24	22	35	9	24	14	1	48	
5	15	5	47	11	45	3	49	46	50	44	25	32	47	5	20	4	6	12	14	46	15	44	3	28	33	8	39	3	17	2	29	32	48	20	1	3	17	44	20	
26	22	45	10	19	20	31	45	1	34	11	27	5	42	25	14	2	27	30	49	6	18	33	38	50	17	22	1	19	49	30	31	41	44	28	2	22	44	29	5	
16	29	26	42	40	5	2	36	28	35	39	24	29	50	30	15	36	25	19	12	16	24	7	7	8	8	30	13	13	4	6	6	11	10	33	43	1	8	32	43	
41	42	6	2	24	16	6	29	10	37	34	8	6	38	9	19	33	25	17	22	24	22	47	32	5	1	34	17	25	15	32	41	29	23	28	33	12	11	2	49	
2	5	16	32	35	25	21	9	36	17	2	2	16	34	32	3	34	49	39	14	3	31	46	18	2	11	45	16	19	37	36	11	3	4	25	11	36	26	46	16	
12	32	6	45	41	25	3	36	37	45	12	50	27	18	17	49	19	15	12	3	37	3	38	30	21	20	4	17	47	6	47	26	23	19	11	10	21	25	47	31	
23	49	3	21	45	45	44	16	31	17	42	39	31	9	19	22	50	29	50	24	8	37	14	25	3	7	31	33	11	24	43	2	9	34	42	11	6	37	8	40	
21	36	27	24	17	46	14	3	38	26	43	37	10	34	32	49	21	30	23	38	38	30	1	13	23	40	9	49	46	43	31	24	40	3	23	35	16	44	22	17	
18	4	24	41	16	31	31	48	17	44	20	29	34	12	26	28	17	40	24	12	21	8	19	33	35	21	11	20	36	26	20	12	11	25	28	26	27	25	22	22	
13	48	21	40	15	44	15	25	17	22	1	46	6	43	19	50	45	33	2	3	19	3	44	50	9	9	33	27	25	34	22	21	42	50	15	7	16	45	46	50	
13	37	18	10	31	5	38	7	17	40	1	29	26	46	10	7	4	1	49	42	18	33	15	41	50	27	38	32	45	19	42	28	17	8	32	30	10	22	15	1	
4	19	25	38	9	32	47	28	10	19	29	7	32	39	40	14	4	49	36	47	26	31	49	35	9	16	8	30	12	33	48	12	22	33	34	39	35	45	44	1	
8	40	2	20	9	25	21	19	46	48	38	50	38	2	16	28	26	14	8	32	24	46	12	1	31	7	34	38	12	26	49	35	4	12	45	45	32	6	23	14	
46	3	45	24	33	27	12	17	3	31	23	28	6	47	14	46	5	21	46	8	46	7	27	39	18	27	29	30	3	36	39	47	35	45	23	47	43	43	23	5	
18	5	2	4	2	11	2	40	39	28	45	3	2	11	31	47	27	32	18	22	8	44	7	40	25	2	31	17	41	26	12	46	27	25	9	31	8	37	4	41	
17	25	7	25	42	36	49	1	10	50	22	45	39	33	14	37	35	50	8	8	1	9	34	31	47	27	19	43	26	31	43	8	41	27	33	28	2	20	42	18	
49	41	48	46	21	30	17	11	33	4	36	32	35	16	25	26	44	1	32	11	9	23	2	47	48	47	22	46	20	3	17	1	12	41	11	34	38	18	8	17	
45	34	26	50	24	30	34	32	6	46	31	18	14	2	28	13	13	16	12	12	21	42	44	34	20	47	37	49	36	22	6	45	46	1	33	49	3	23	16	3	
20	1	7	46	17	14	9	10	50	27	10	26	30	11	38	2	33	7	35	33	37	41	3	32	32	10	9	7	8	24	25	36	16	45	12	11	50	40	49	11	
5	10	44	35	13	26	6	19	11	46	4	8	49	30	44	48	3	2	49	29	13	4	42	47	20	47	45	42	10	11	26	32	45	18	25	37	38	12	18	17	
36	29	22	30	29	4	44	27	13	30	23	1	30	40	43	34	15	3	17	20	3	24	14	25	26	2	40	29	7	33	24	10	39	47	32	36	40	49	3	21	
15	34	38	29	36	33	49	41	23	14	46	41	15	22	17	42	22	27	37	3	41	28	15	26	11	45	17	29	31	26	44	46	36	27	37	31	35	9	41	34	
29	21	33	14	5	18	17	31	24	38	11	7	37	42	46	11	24	12	7	45	6	20	22	50	38	1	28	27	43	1	31	3	11	5	22	33	5	35	20	23	
48	38	1	48	7	44	18	43	4	41	10	1	35	40	15	31	37	1	30	49	17	48	21	46	29	27	18	8	27	35	48	49	10	34	21	18	33	13	5	29	
17	34	31	31	11	37	3	38	48	31	23	50	1	31	30	18	32	30	38	11	24	5	32	7	47	41	35	24	17	31	33	13	42	34	47	17	28	14	40	31	
47	36	2	42	22	23	20	47	22	37	10	34	17	23	17	24	31	32	15	24	48	41	34	35	36	42	37	39	18	24	4	38	38	33	2	24	48	49	45	3	
19	43	41	49	14	23	22	10	37	39	27	7	20	42	18	17	20	45	38	29	32	50	43	37	50	15	38	43	45	48	39	10	46	33	49	44	43	28	15	25	
15	49	37	25	43	39	11	49	1	10	12	32	8	25	29	20	47	15	36	27	2	11	49	24	50	19	13	5	2	25	40	29	43	39	33	18	32	46	13	17	
10	8	39	42	35	17	26	11	47	39	18	38	13	7	31	47	10	14	6	3	9	50	36	28	24	44	33	2	20	19	20	43	14	18	6	4	43	1	14	2	
17	2	18	36	1	26	22	49	42	29	49	4	47	17	20	15	32	25	1	13	17	32	40	45	12	9	30	43	10	30	33	32	2	41	28	29	20	33	33	15	
50	11	38	43	11	31	37	8	23	16	31	18	41	23	26	23	9	27	21	1	37	27	15	4	42	19	4	10	32	17	25	13	8	15	47	3	25	22	27	14	
42	37	7	14	41	35	41	46	31	19	36	36	44	43	8	42	17	39	31	17	12	41	14	24	8	36	16	17	37	23	10	36	5	41	27	3	45	50	44	44	
40	11	26	36	21	14	37	13	11	8	20	25	14	42	50	15	13	31	7	12	28	45	16	10	28	14	18	46	5	25	39	33	48	37	35	41	9	5	1	21	
26	13	12	20	34	13	25	32	39	8	46	20	20	37	49	4	34	19	33	7	39	40	7	43	24	18	4	22	8	36	17	48	17	27	23	9	33	25	9	7	
6	2	6	4	1	8	33	50	45	41	5	12	6	21	6	36	21	1	18	13	12	18	7	12	27	17	1	8	13	34	2	32	34	6	18	39	46	5	30	16	
4	9	10	25	47	43	42	42	13	24	41	17	10	37	9	46	34	37	37	22	42	7	32	39	32	35	43	37	17	49	30	34	10	6	38	4	26	45	49	20	
28	12	29	20	23	18	38	12	38	50	16	33	11	16	33	35	47	11	3	5	14	22	7	50	30	41	4	24	9	19	4	30	12	37	21	21	9	10	19	7	
On machine	4
39	27	21	24	43	11	9	46	26	18	49	3	2	9	8	43	32	32	21	9	32	49	43	13	46	6	46	36	14	4	40	45	8	11	24	11	38	27	19	47	
2	24	7	35	40	36	44	43	22	48	9	16	50	28	36	28	35	3	31	11	35	47	34	37	4	39	47	9	26	45	4	44	50	41	4	44	34	25	36	44	
12	37	7	18	23	38	26	45	1	35	29	13	24	29	12	9	3	2	6	46	25	17	29	44	41	6	3	14	46	29	14	4	29	4	40	33	27	18	38	6	
20	17	4	50	17	43	26	37	39	17	25	20	41	1	26	19	18	11	22	16	22	1	42	49	22	45	17	35	29	31	6	13	22	18	34	3	24	10	31	29	
42	6	28	5	48	50	49	38	48	7	14	36	14	47	43	5	10	43	22	6	47	14	27	4	37	37	8	33	20	39	34	43	35	18	47	49	24	20	19	21	
47	35	33	45	25	11	32	26	15	25	3	34	50	14	40	32	34	10	41	46	21	30	27	2	40	5	8	40	36	42	49	1	17	8	26	23	44	18	24	21	
44	9	19	34	15	30	15	10	2	10	27	3	41	11	11	26	1	16	1	40	31	6	30	32	49	1	2	6	1	28	21	24	29	50	5	37	3	39	16	44	
15	8	25	45	35	28	47	21	47	19	27	38	32	44	48	29	19	25	31	6	6	26	45	8	30	46	26	43	42	43	2	47	1	11	16	45	40	37	27	20	
27	5	31	22	45	37	33	22	7	17	44	5	10	39	10	24	18	38	40	1	18	47	42	33	41	1	46	38	20	35	37	45	29	45	2	32	31	2	15	27	
28	5	34	34	33	50	4	6	45	4	20	19	17	16	19	16	5	18	40	14	19	26	40	48	23	11	8	20	38	37	26	24	18	40	37	36	29	16	31	24	
3	13	14	47	45	21	26	10	9	8	49	44	18	3	27	7	36	2	32	40	48	18	18	7	48	30	21	41	43	36	23	41	2	10	48	25	14	43	33	25	
12	25	35	44	3	18	35	25	30	6	10	44	12	44	16	39	46	9	47	6	17	15	4	6	5	12	46	31	34	15	22	40	8	30	24	50	48	33	46	14	
3	23	14	32	40	7	27	43	4	30	3	9	3	33	28	17	13	44	5	24	6	34	24	45	27	43	35	27	42	28	19	22	7	18	10	20	22	2	50	49	
39	12	39	40	50	9	44	37	44	22	23	44	31	17	40	1	2	21	49	28	33	43	41	12	29	39	37	9	4	34	29	30	35	39	15	5	47	3	29	26	
24	35	36	14	1	37	6	15	18	14	9	30	17	45	12	44	44	38	49	27	1	32	21	42	29	7	24	44	2	35	20	30	43	47	31	41	38	46	17	41	
49	48	2	30	45	35	41	46	30	5	10	40	50	49	43	41	47	19	48	45	43	28	49	9	30	29	3	27	5	13	46	37	19	18	26	26	5	28	18	42	
1	7	17	40	21	45	7	33	15	19	34	13	18	33	46	19	2	25	26	44	2	21	11	39	10	31	7	28	4	10	42	42	7	50	21	25	8	19	37	20	
12	38	23	30	27	22	32	20	12	38	35	26	45	23	25	19	35	49	36	31	22	24	25	34	1	1	6	37	3	11	34	22	42	1	18	33	7	41	42	18	
45	11	9	9	5	14	29	10	46	6	26	43	1	19	24	28	25	28	17	2	21	6	13	42	5	41	29	25	31	45	3	1	46	28	42	10	26	45	9	13	
49	47	23	6	46	22	6	27	21	44	24	27	14	42	48	12	27	45	20	18	27	14	23	26	10	10	3	26	14	27	28	14	35	40	34	10	41	30	1	17	
2	20	48	3	18	46	26	49	47	44	41	30	25	49	4	11	32	7	5	41	38	42	45	10	30	26	24	47	26	33	48	20	1	13	46	36	24	9	44	2	
32	23	22	6	38	43	26	42	31	8	26	34	28	47	46	49	17	22	41	35	10	28	18	36	4	10	12	49	9	39	44	17	12	11	43	43	24	45	11	37	
29	25	18	1	5	41	47	47	14	13	40	48	7	17	6	33	33	16	29	10	37	37	13	26	7	10	23	21	17	14	47	14	48	11	48	22	27	11	41	30	
7	50	23	5	15	29	38	29	31	48	10	7	24	13	2	39	5	41	29	1	14	47	32	37	17	9	9	39	36	4	49	28	35	2	39	6	37	32	34	20	
26	28	48	40	23	50	35	2	15	8	36	7	23	33	24	24	32	38	42	46	29	5	38	36	12	46	9	39	26	19	41	6	50	19	25	30	24	38	21	40	
16	33	2	33	12	36	43	36	25	39	9	17	4	9	16	10	47	36	37	50	12	39	20	34	21	24	41	39	1	6	39	47	22	30	41	21	14	23	4	21	
35	12	40	29	15	50	7	27	10	13	6	41	1	33	23	48	10	4	39	34	2	43	17	13	1	17	18	25	2	24	36	23	50	12	27	18	49	19	13	46	
17	26	39	8	12	48	1	9	26	46	38	30	8	12	32	45	43	27	20	19	50	39	24	4	29	19	35	25	33	30	24	37	27	50	24	49	11	6	15	14	
46	23	18	23	4	14	30	49	1	26	50	7	2	43	20	22	20	39	44	39	45	10	18	42	48	32	46	10	2	18	17	17	33	2	42	42	30	42	9	15	
7	24	19	27	40	21	17	21	3	15	44	44	33	35	29	45	10	45	26	17	27	37	44	48	6	41	45	14	42	31	27	27	21	39	3	16	48	25	3	23	
47	34	4	26	33	28	1	2	42	16	40	49	11	8	39	44	1	35	45	2	20	37	17	22	28	44	2	38	11	21	46	4	42	19	36	38	15	50	44	30	
16	17	35	48	20	45	8	28	8	40	3	27	27	27	43	36	15	6	49	30	4	30	28	50	46	41	35	45	4	37	41	14	50	39	41	40	4	44	38	40	
21	20	24	1	48	6	31	1	40	28	17	41	21	48	2	2	34	22	50	31	43	14	43	38	23	16	13	31	14	33	4	17	1	40	24	13	19	3	16	36	
43	25	44	20	8	42	20	44	42	42	49	11	30	29	39	1	9	25	18	11	41	36	34	11	34	31	33	19	50	21	29	3	40	31	11	46	30	38	46	45	
2	24	39	13	33	25	49	17	7	30	34	1	45	32	10	24	19	7	42	41	49	5	14	36	11	42	11	49	43	22	21	10	17	32	43	35	22	34	24	50	
37	4	4	6	38	11	49	40	47	26	50	31	30	6	6	29	24	43	48	26	15	16	14	20	46	49	24	5	18	41	2	46	15	10	10	46	37	30	6	11	
45	39	22	11	8	18	40	12	39	42	4	18	41	2	39	6	33	6	10	17	32	45	27	33	18	20	35	40	42	27	22	49	5	34	31	47	6	38	6	30	
26	20	26	39	17	35	40	20	40	2	7	31	44	47	27	40	4	43	34	20	27	10	40	39	11	22	47	25	44	41	29	6	17	20	15	12	41	45	2	7	
19	12	14	5	4	26	49	39	38	49	13	38	49	12	6	41	31	25	50	11	16	22	40	20	26	3	24	27	12	1	25	12	4	2	10	14	14	14	13	9	
20	47	49	44	38	40	6	36	19	23	49	38	49	3	1	45	20	42	14	44	5	31	33	33	35	11	50	46	45	4	37	39	50	19	21	50	40	8	7	1	
