Factories	2
Families	20
Machines	2
SetupType	2

Number of Jobs in each Family
5	1	10	3	10	8	8	4	7	2	1	3	9	10	6	8	10	1	4	6	

Jobs in each Family
0	1	2	3	4	
5	
6	7	8	9	10	11	12	13	14	15	
16	17	18	
19	20	21	22	23	24	25	26	27	28	
29	30	31	32	33	34	35	36	
37	38	39	40	41	42	43	44	
45	46	47	48	
49	50	51	52	53	54	55	
56	57	
58	
59	60	61	
62	63	64	65	66	67	68	69	70	
71	72	73	74	75	76	77	78	79	80	
81	82	83	84	85	86	
87	88	89	90	91	92	93	94	
95	96	97	98	99	100	101	102	103	104	
105	
106	107	108	109	
110	111	112	113	114	115	

Total number of jobs
116

Processing times of jobs
1	8	
1	1	
10	7	
9	9	
9	7	
4	6	
5	1	
9	3	
8	7	
1	7	
8	10	
7	8	
7	4	
4	6	
9	5	
4	9	
9	6	
5	3	
3	1	
7	9	
2	8	
8	5	
5	4	
8	7	
6	5	
6	4	
6	5	
7	1	
6	7	
5	3	
10	10	
7	1	
3	2	
9	9	
2	10	
7	7	
4	6	
3	1	
9	3	
4	10	
5	5	
1	10	
9	3	
8	4	
5	6	
3	1	
9	2	
10	1	
10	2	
4	5	
3	10	
6	6	
2	1	
6	1	
5	4	
7	8	
8	8	
3	9	
10	5	
6	5	
4	6	
1	6	
9	10	
4	10	
5	4	
5	9	
5	2	
10	6	
4	6	
4	7	
8	8	
6	3	
9	5	
5	3	
1	9	
10	8	
3	6	
10	4	
5	8	
7	10	
2	1	
10	7	
7	5	
5	10	
9	2	
5	9	
3	9	
2	3	
8	3	
2	6	
2	4	
5	6	
7	1	
10	7	
8	9	
6	7	
1	8	
10	1	
9	9	
4	8	
9	8	
3	6	
2	8	
1	4	
1	4	
10	5	
6	2	
10	5	
8	4	
8	9	
8	10	
8	4	
7	9	
7	4	
1	10	
6	3	

Stepup times between Families, where [f][f] represents initial setup time
On machine	1
2	42	15	47	47	47	24	17	15	11	50	8	46	11	23	49	46	11	44	39	
24	31	41	20	42	32	40	48	14	47	3	21	45	38	6	8	9	1	24	19	
43	25	3	10	24	15	34	50	38	31	47	3	38	31	22	13	40	42	26	16	
16	28	38	8	32	6	23	32	26	23	29	4	11	9	15	35	22	6	49	16	
8	50	42	32	30	4	34	34	48	36	9	18	31	44	26	22	3	36	10	23	
14	38	49	25	9	50	47	46	35	37	16	27	23	14	9	29	37	39	5	13	
36	6	24	19	7	12	47	35	35	9	15	49	24	15	27	38	47	9	27	25	
29	1	11	29	19	36	23	44	27	16	5	46	21	29	6	31	27	35	24	36	
23	27	39	28	32	27	14	47	5	39	10	18	42	18	39	35	2	25	19	13	
8	20	33	45	29	13	28	2	30	28	10	9	35	35	21	42	42	41	5	36	
50	46	25	4	44	45	49	21	15	29	45	1	42	30	32	20	34	4	30	9	
22	28	15	7	37	33	50	41	19	11	7	27	17	15	18	26	26	32	34	46	
2	20	26	37	40	29	25	15	1	38	42	12	13	30	17	16	19	35	39	40	
45	18	42	50	14	50	43	30	36	1	34	6	44	11	1	39	19	8	43	4	
28	8	11	20	35	20	1	17	23	18	46	1	37	15	20	10	15	18	49	41	
4	2	50	38	31	22	32	18	35	35	50	45	50	48	40	27	33	21	14	44	
10	27	27	35	33	13	38	17	17	39	18	49	12	3	40	18	29	12	16	36	
8	15	34	13	25	33	31	6	48	36	33	44	27	6	15	7	25	13	29	4	
36	9	34	44	2	1	48	35	31	18	37	37	16	28	30	10	27	31	13	45	
35	36	11	13	44	45	3	25	40	42	9	2	22	44	33	48	31	30	22	9	
On machine	2
49	47	32	47	18	12	17	26	35	27	7	36	17	4	12	48	15	7	11	15	
26	31	23	5	48	41	46	19	24	18	27	11	47	30	8	24	1	10	35	13	
29	38	33	13	9	27	32	11	14	26	26	17	48	6	24	9	6	32	28	7	
12	15	3	9	8	44	7	44	48	45	3	25	13	1	20	32	26	18	24	27	
16	47	41	25	14	12	44	22	39	41	47	34	47	44	18	6	38	32	12	47	
46	22	2	28	6	9	25	28	19	13	39	24	36	3	12	26	42	37	12	22	
31	2	19	50	31	22	37	36	23	1	1	37	6	26	38	40	18	15	50	1	
9	39	3	9	26	19	7	25	47	45	33	50	46	16	34	24	37	2	1	31	
44	11	33	37	39	15	49	28	7	28	28	50	6	12	25	23	4	26	39	44	
21	37	23	28	7	34	10	36	9	17	48	21	29	33	23	31	42	19	16	22	
22	32	47	45	38	9	36	39	26	16	32	34	18	8	30	29	20	23	14	37	
41	33	41	24	43	40	21	25	50	11	33	18	31	50	48	13	33	12	32	28	
4	16	38	33	19	40	9	9	47	46	37	42	2	28	23	17	42	19	32	17	
33	37	2	14	17	46	42	4	44	8	38	30	47	30	3	39	34	41	28	5	
15	37	50	28	42	23	34	29	12	41	43	27	15	16	39	38	8	44	25	28	
8	46	37	12	40	3	4	36	1	26	17	3	28	4	18	8	50	8	20	4	
30	23	18	35	41	25	21	16	44	3	34	32	15	30	45	44	1	5	41	9	
19	37	34	38	2	14	3	44	36	14	10	3	24	2	34	25	41	49	4	26	
6	46	33	42	9	19	34	26	36	27	49	18	36	49	30	44	44	41	41	45	
10	34	10	50	27	26	10	10	13	13	37	26	26	49	3	1	20	33	41	42	
