Factories	2
Families	60
Machines	4
SetupType	2

Number of Jobs in each Family
1	7	6	3	9	1	8	5	8	6	6	4	10	9	8	9	4	5	2	3	5	8	10	5	3	1	10	8	7	1	7	10	7	2	6	3	10	5	3	3	2	7	8	10	7	6	8	5	7	9	4	10	5	3	1	3	5	6	1	9	

Jobs in each Family
0	
1	2	3	4	5	6	7	
8	9	10	11	12	13	
14	15	16	
17	18	19	20	21	22	23	24	25	
26	
27	28	29	30	31	32	33	34	
35	36	37	38	39	
40	41	42	43	44	45	46	47	
48	49	50	51	52	53	
54	55	56	57	58	59	
60	61	62	63	
64	65	66	67	68	69	70	71	72	73	
74	75	76	77	78	79	80	81	82	
83	84	85	86	87	88	89	90	
91	92	93	94	95	96	97	98	99	
100	101	102	103	
104	105	106	107	108	
109	110	
111	112	113	
114	115	116	117	118	
119	120	121	122	123	124	125	126	
127	128	129	130	131	132	133	134	135	136	
137	138	139	140	141	
142	143	144	
145	
146	147	148	149	150	151	152	153	154	155	
156	157	158	159	160	161	162	163	
164	165	166	167	168	169	170	
171	
172	173	174	175	176	177	178	
179	180	181	182	183	184	185	186	187	188	
189	190	191	192	193	194	195	
196	197	
198	199	200	201	202	203	
204	205	206	
207	208	209	210	211	212	213	214	215	216	
217	218	219	220	221	
222	223	224	
225	226	227	
228	229	
230	231	232	233	234	235	236	
237	238	239	240	241	242	243	244	
245	246	247	248	249	250	251	252	253	254	
255	256	257	258	259	260	261	
262	263	264	265	266	267	
268	269	270	271	272	273	274	275	
276	277	278	279	280	
281	282	283	284	285	286	287	
288	289	290	291	292	293	294	295	296	
297	298	299	300	
301	302	303	304	305	306	307	308	309	310	
311	312	313	314	315	
316	317	318	
319	
320	321	322	
323	324	325	326	327	
328	329	330	331	332	333	
334	
335	336	337	338	339	340	341	342	343	

Total number of jobs
344

Processing times of jobs
5	8	8	8	
8	9	6	3	
2	7	4	6	
10	4	5	2	
10	5	1	3	
3	8	5	9	
7	2	1	3	
3	4	1	9	
9	9	2	6	
9	8	8	3	
10	6	3	4	
10	2	8	4	
1	2	1	8	
7	8	9	9	
6	6	9	7	
8	3	8	6	
7	5	1	5	
8	3	8	2	
1	8	2	9	
7	10	9	6	
8	3	2	7	
4	7	8	3	
9	5	9	1	
9	10	2	9	
4	8	6	7	
2	1	8	7	
3	6	1	2	
2	8	2	4	
6	1	3	7	
2	8	6	9	
1	2	4	1	
6	7	1	6	
4	7	9	7	
2	6	8	3	
6	6	5	5	
3	3	8	3	
3	4	7	8	
7	3	2	8	
4	3	3	9	
3	1	8	10	
2	2	7	8	
8	7	7	9	
1	4	6	3	
3	1	3	5	
7	9	4	3	
9	3	4	4	
4	10	5	10	
5	3	4	10	
5	6	6	5	
3	6	8	9	
1	10	8	1	
2	6	6	3	
9	7	8	6	
6	7	2	9	
4	4	8	7	
7	9	9	7	
1	9	8	3	
5	10	1	6	
1	7	2	8	
7	10	5	8	
4	4	8	6	
10	9	1	2	
9	9	8	3	
3	3	5	8	
5	5	2	7	
7	5	8	2	
9	3	1	7	
3	3	2	8	
8	10	10	3	
3	3	4	8	
6	10	9	6	
6	5	4	1	
10	2	4	6	
6	6	10	2	
5	5	5	9	
8	1	2	9	
10	1	4	6	
1	2	9	1	
3	7	4	9	
5	1	5	9	
8	6	7	8	
2	5	9	6	
7	4	2	3	
1	6	9	1	
3	9	7	4	
2	3	8	1	
6	5	8	9	
10	8	6	3	
6	3	1	8	
2	3	9	3	
9	2	9	9	
8	9	9	8	
9	7	9	3	
7	6	6	5	
1	4	4	3	
5	2	5	4	
3	1	4	9	
4	6	3	4	
1	3	2	10	
4	4	5	1	
3	4	6	8	
3	10	9	1	
4	8	2	2	
3	10	7	5	
1	5	7	8	
7	1	1	7	
5	9	7	8	
8	6	8	2	
8	4	7	5	
3	7	3	2	
7	9	1	10	
1	6	3	1	
3	1	6	8	
6	2	9	7	
9	10	6	5	
6	10	7	10	
2	6	6	1	
9	9	4	3	
6	3	3	10	
2	1	9	3	
8	5	5	6	
7	9	10	4	
7	3	6	8	
7	4	4	1	
9	4	6	6	
4	10	9	9	
7	5	10	10	
5	9	9	8	
6	3	7	9	
1	4	10	1	
5	7	6	10	
10	8	1	7	
2	4	5	3	
2	8	1	9	
10	1	1	1	
6	5	7	3	
9	1	10	7	
5	5	8	4	
1	2	10	3	
9	3	10	3	
10	8	5	3	
5	9	2	10	
8	3	10	7	
7	5	4	10	
4	3	8	3	
7	10	4	4	
7	5	6	1	
5	2	3	4	
8	2	3	7	
9	3	6	7	
6	2	5	7	
9	8	1	2	
2	7	8	4	
4	9	8	8	
10	4	10	3	
1	9	1	6	
2	8	7	6	
1	1	1	4	
3	10	4	6	
9	4	1	2	
10	9	3	3	
7	5	1	5	
3	1	9	9	
3	9	10	5	
6	3	10	8	
7	5	6	8	
9	10	4	7	
6	6	7	9	
4	10	5	10	
8	10	5	6	
7	10	5	10	
8	10	8	8	
2	5	2	8	
5	9	8	6	
6	1	4	5	
10	2	5	8	
2	8	4	5	
1	10	8	10	
6	9	10	3	
8	10	7	5	
5	2	5	4	
10	9	8	7	
7	5	10	6	
5	4	5	10	
4	2	4	2	
9	9	1	1	
6	2	7	7	
10	1	10	1	
3	6	4	6	
5	1	1	6	
7	7	4	5	
1	10	9	2	
2	9	9	5	
1	5	7	10	
4	8	3	5	
3	3	1	1	
10	10	7	1	
10	3	10	6	
9	1	2	8	
4	6	7	6	
2	10	5	1	
4	10	9	7	
5	3	8	6	
5	10	8	10	
1	9	10	10	
4	9	2	4	
7	6	3	3	
2	4	4	9	
2	8	2	10	
1	2	6	10	
7	10	8	1	
5	10	8	9	
10	4	7	2	
2	6	6	4	
3	8	8	9	
4	2	7	7	
4	7	8	1	
4	6	3	2	
1	8	8	5	
5	5	4	3	
10	8	7	10	
10	9	5	5	
3	9	7	5	
5	7	5	5	
10	2	3	7	
7	4	1	6	
6	3	2	2	
10	8	6	3	
2	7	9	6	
4	6	9	9	
3	9	10	9	
10	5	8	5	
1	10	3	7	
5	1	5	9	
4	7	6	1	
7	5	4	9	
2	10	3	10	
1	8	6	7	
1	4	7	1	
9	10	10	3	
2	9	1	4	
3	8	6	2	
10	10	8	7	
7	8	7	2	
1	1	7	10	
4	7	7	9	
5	4	7	6	
3	2	10	7	
8	10	2	1	
7	1	10	5	
5	6	9	3	
2	1	1	10	
8	4	4	5	
10	1	10	5	
3	9	4	10	
6	7	1	10	
3	7	2	1	
10	2	9	9	
5	10	8	4	
10	8	4	9	
8	9	8	1	
10	2	7	9	
7	8	8	2	
7	7	10	10	
5	8	5	10	
7	9	9	7	
9	6	1	5	
6	5	10	8	
7	10	5	8	
8	2	7	10	
8	5	2	8	
5	2	5	7	
7	3	4	3	
10	10	3	2	
9	4	6	5	
7	10	10	2	
5	9	2	8	
6	4	8	10	
3	8	6	8	
4	8	6	9	
2	5	1	2	
10	8	6	5	
10	2	9	8	
6	2	5	9	
7	8	5	8	
9	6	6	9	
9	3	3	3	
7	8	5	3	
5	2	8	6	
1	1	6	1	
7	10	9	9	
7	3	9	7	
6	10	8	8	
4	5	2	6	
8	10	4	2	
8	10	4	4	
6	5	3	7	
4	4	5	9	
2	2	10	3	
3	10	8	3	
9	5	8	5	
9	8	9	9	
4	9	6	7	
4	9	9	9	
5	6	9	7	
8	9	1	10	
6	4	4	3	
5	3	10	9	
10	8	4	7	
9	7	1	5	
2	10	1	10	
10	10	6	1	
4	4	9	4	
7	7	2	1	
8	6	6	2	
9	7	4	6	
1	6	3	7	
5	6	4	9	
3	3	9	4	
6	7	2	4	
4	7	3	5	
10	2	9	4	
2	10	9	9	
5	5	1	5	
2	3	1	6	
9	5	8	9	
10	8	8	9	
9	10	2	8	
6	9	9	2	
2	7	3	10	
2	3	9	7	
4	9	5	3	
7	5	6	9	
8	10	3	3	
7	4	9	4	
2	8	6	6	
7	7	5	7	
9	8	10	2	
4	5	8	5	
1	6	4	9	
2	5	8	7	
1	10	6	10	
2	9	1	10	
1	10	8	10	

Stepup times between Families, where [f][f] represents initial setup time
On machine	1
10	40	34	8	3	42	38	19	30	5	19	40	8	30	40	34	50	20	13	15	46	10	40	48	37	13	13	4	3	22	47	7	45	30	34	42	46	49	44	50	14	44	42	12	42	23	28	9	42	22	12	2	22	2	3	14	34	48	45	3	
32	33	33	36	16	8	47	22	43	10	46	14	46	19	49	36	10	42	16	34	37	18	23	22	14	49	9	21	21	8	8	25	31	45	34	26	33	48	15	15	22	5	2	48	22	41	6	7	41	21	18	30	47	22	46	48	10	1	25	34	
26	45	44	33	15	28	3	44	38	22	34	34	27	32	13	30	20	44	48	40	9	48	23	26	41	14	19	12	24	22	35	40	3	49	33	31	16	16	28	33	48	32	31	13	47	21	15	43	43	3	32	42	18	35	5	27	35	4	13	2	
33	22	41	6	24	23	24	32	25	7	19	40	10	32	39	10	45	2	29	32	42	45	16	30	14	20	41	24	6	4	21	13	24	15	34	17	50	33	3	2	29	35	3	39	14	24	45	10	15	34	15	42	26	34	46	23	7	16	47	20	
43	6	9	50	48	12	26	2	8	33	40	50	42	49	46	9	14	8	23	1	45	26	33	15	1	25	38	37	33	1	35	40	28	4	41	39	29	3	10	13	33	21	47	27	8	9	49	19	40	18	49	14	36	40	50	33	34	44	9	23	
41	24	28	49	40	37	19	12	43	31	40	7	21	29	15	22	31	46	2	14	17	19	50	4	49	49	32	48	3	15	31	10	8	47	48	20	19	11	32	14	40	21	16	3	32	23	11	34	7	5	27	47	49	7	26	32	41	27	2	6	
15	42	28	29	39	29	20	35	48	15	24	43	12	27	45	6	5	49	35	1	34	28	3	7	18	15	29	1	11	30	32	10	3	32	29	43	16	48	26	45	40	22	37	4	17	25	37	15	19	37	43	50	16	25	44	31	17	2	30	39	
39	28	34	36	15	19	13	31	33	28	12	31	19	50	22	12	9	15	2	33	37	48	7	35	35	38	49	7	33	48	5	27	31	27	23	33	24	24	50	18	47	11	49	10	38	19	13	2	12	37	39	43	11	42	22	34	21	41	24	14	
50	13	14	41	6	11	13	44	50	16	8	17	7	4	7	25	8	30	13	37	6	24	36	10	25	44	19	28	46	5	25	10	13	6	40	12	11	33	26	16	38	9	28	15	44	43	46	27	23	32	15	18	40	27	45	15	43	49	30	44	
10	19	43	39	25	16	48	14	39	25	2	22	49	23	38	42	30	35	25	39	2	25	46	6	13	32	25	22	33	43	43	30	11	39	44	18	4	19	44	24	6	22	16	39	1	4	32	49	49	19	45	43	8	26	4	1	16	36	20	8	
31	4	30	8	38	32	26	12	46	4	18	47	30	5	31	6	27	50	28	29	17	9	39	26	19	29	19	24	35	37	45	4	35	33	50	9	12	2	26	1	8	27	48	27	35	6	31	35	18	40	45	49	38	27	26	37	37	48	33	10	
19	33	18	49	47	1	17	3	28	31	48	9	23	6	27	32	41	3	50	7	30	37	38	50	18	37	49	25	47	27	32	10	44	36	7	40	23	48	47	17	44	5	36	3	40	29	43	21	48	24	12	50	11	1	35	29	5	7	19	37	
24	12	30	39	16	40	23	33	40	5	7	19	48	21	33	23	48	46	46	10	16	33	22	46	6	9	12	43	3	2	47	6	41	11	35	50	1	26	40	3	41	10	37	37	37	9	7	46	1	27	27	22	15	23	45	50	5	37	37	38	
4	19	18	41	14	16	32	2	40	14	21	18	13	27	28	34	22	34	7	28	27	37	28	4	31	34	13	29	20	41	25	31	37	36	34	41	38	36	6	46	41	17	18	7	50	40	25	5	37	24	39	29	5	40	42	45	41	24	8	1	
35	47	50	3	13	18	19	45	34	25	15	25	38	8	15	18	14	45	11	26	19	26	45	33	36	19	7	22	50	19	2	28	19	25	20	19	21	23	33	1	6	24	15	21	24	43	35	8	10	40	36	37	25	30	16	50	18	37	19	40	
27	5	20	15	42	47	44	40	9	27	3	44	47	36	3	23	24	10	22	24	33	39	36	1	29	48	4	47	14	38	37	6	32	40	40	36	49	34	21	29	5	24	13	39	15	31	9	44	22	47	20	39	12	1	37	20	46	21	38	45	
9	18	17	5	23	42	40	42	33	38	1	45	32	4	47	1	47	13	19	21	15	42	44	48	1	20	18	21	5	4	26	27	3	3	38	29	21	15	5	23	27	44	22	49	23	25	27	43	38	48	20	33	10	30	16	5	50	24	38	5	
30	5	4	31	25	35	16	41	3	9	4	31	11	3	41	48	25	24	31	46	48	4	4	16	41	42	36	19	21	35	50	11	4	47	19	50	12	41	15	14	28	10	45	16	29	29	34	20	26	39	34	35	43	30	47	45	8	16	15	6	
2	45	8	24	6	14	49	39	16	43	8	45	32	1	4	44	1	6	47	32	12	7	1	8	26	6	48	18	2	33	31	44	27	44	49	31	28	12	26	7	13	28	1	37	31	44	10	34	23	30	14	11	47	33	49	36	36	14	39	46	
42	7	29	30	9	20	19	47	20	25	22	21	30	6	24	35	33	41	13	31	23	49	20	8	37	47	2	16	28	34	25	7	29	34	47	37	5	28	44	26	49	19	22	7	17	10	36	22	24	18	31	3	4	24	22	30	36	37	30	49	
19	26	12	8	20	46	19	42	16	3	9	43	38	46	21	28	36	44	23	42	38	23	36	23	17	15	28	8	26	16	46	16	33	2	26	44	3	35	36	38	22	31	50	19	6	4	13	40	13	29	37	10	18	15	21	43	21	16	34	47	
13	1	30	30	44	36	48	34	28	48	10	33	32	47	19	27	35	41	32	24	31	45	17	32	35	39	14	19	22	19	38	45	1	4	48	20	19	40	42	7	40	25	2	11	31	17	28	4	19	37	43	34	24	9	6	24	24	3	29	31	
36	32	25	3	25	6	19	33	1	2	45	13	26	9	30	18	1	23	36	3	12	5	4	29	33	39	2	37	43	48	18	49	44	29	35	50	8	35	1	43	31	13	13	9	4	7	12	33	48	13	42	23	11	37	19	12	43	48	33	4	
35	48	35	36	49	14	24	35	41	19	1	29	7	45	36	43	37	41	23	32	47	33	14	20	12	47	35	9	22	48	5	25	48	9	39	28	38	25	21	35	38	50	1	45	13	36	45	8	12	19	37	13	27	32	40	21	1	41	16	50	
45	3	4	10	47	19	39	1	6	34	37	15	43	20	15	21	37	22	4	32	15	27	32	48	32	18	10	30	31	29	12	12	17	39	20	10	3	48	32	39	27	44	10	50	31	21	46	24	29	23	15	37	27	1	25	14	17	18	1	7	
28	18	26	41	36	2	19	33	36	48	36	31	3	21	8	17	1	9	14	15	39	21	32	15	21	28	18	13	49	11	44	1	35	29	49	42	33	14	12	8	43	40	37	28	33	32	40	39	16	23	47	10	25	36	28	39	15	23	49	26	
39	3	21	7	15	36	7	42	43	21	16	27	30	6	42	17	6	46	30	28	30	17	36	48	3	33	48	13	8	22	41	35	41	2	38	18	16	42	30	12	2	10	38	2	20	45	11	11	44	41	44	17	31	12	15	29	25	26	24	41	
41	8	41	13	41	46	17	45	13	33	34	45	21	21	32	3	24	24	22	14	12	1	46	3	31	43	18	24	50	13	22	28	18	43	45	45	18	43	49	16	9	45	39	42	41	42	43	24	20	21	42	20	1	5	23	49	38	28	32	13	
13	22	27	22	19	43	21	2	27	46	16	1	31	10	50	26	28	45	3	50	45	36	41	12	17	13	30	32	4	3	46	49	15	33	33	46	23	2	41	31	39	6	48	12	5	32	24	46	48	14	42	22	14	30	38	18	8	4	27	31	
45	14	24	25	32	6	46	29	33	50	9	19	32	11	16	32	19	39	43	42	24	3	31	41	37	28	45	35	19	4	26	3	1	11	44	42	18	49	49	6	48	46	3	11	31	44	24	40	38	31	21	27	41	10	10	15	37	26	20	4	
21	6	27	44	10	41	24	9	42	40	22	4	12	50	21	25	23	5	13	49	19	5	26	4	13	21	21	37	29	49	32	6	33	16	27	39	37	34	32	26	31	1	1	43	31	21	12	38	38	28	46	18	50	37	11	34	1	17	44	32	
41	5	13	44	14	10	36	33	43	34	6	30	41	7	9	46	7	50	11	31	34	41	38	45	50	42	35	18	24	28	42	27	45	34	35	30	6	8	26	27	49	35	44	19	7	28	38	28	48	25	9	29	34	29	39	48	8	45	10	15	
13	18	36	41	44	26	37	35	7	33	42	14	35	31	5	48	40	4	50	46	14	2	14	15	19	32	3	44	16	23	34	10	28	31	30	36	33	17	32	15	34	21	47	7	33	48	38	45	48	37	26	12	21	19	38	40	31	31	6	49	
7	49	5	25	7	31	16	9	35	29	50	23	40	41	27	33	12	26	12	11	18	13	1	16	49	46	14	35	27	4	41	8	24	31	10	23	18	26	38	2	19	48	25	17	47	46	34	35	9	37	49	41	27	48	47	2	40	18	27	3	
40	42	21	4	41	10	25	10	1	44	27	49	31	24	9	10	2	34	25	20	17	39	24	49	3	46	20	20	27	2	16	37	28	21	13	12	27	37	8	31	50	40	19	19	29	12	26	9	46	41	12	16	10	19	33	44	13	20	49	15	
11	50	3	39	18	47	3	13	43	38	6	22	44	21	34	26	2	6	35	26	49	11	23	40	7	29	22	6	40	36	14	35	31	11	2	48	23	10	32	48	31	28	50	43	32	13	11	8	27	7	33	14	10	30	42	37	37	6	26	8	
42	40	33	39	25	31	43	15	25	34	10	46	41	45	46	44	3	19	43	43	16	48	2	1	36	6	4	40	42	19	33	46	41	11	8	5	7	42	42	45	31	20	31	29	4	23	14	50	7	9	14	48	22	5	28	4	17	21	48	6	
41	35	17	39	2	48	46	43	22	22	23	19	24	40	12	22	47	10	13	27	8	19	20	13	44	26	33	35	36	2	18	16	30	17	20	32	2	24	40	44	39	18	6	41	34	28	21	28	39	40	23	45	31	19	16	41	8	38	24	39	
2	7	42	43	3	49	41	24	30	32	20	31	9	20	3	20	38	1	14	6	27	44	24	4	45	10	8	20	21	50	32	41	21	14	18	49	13	12	13	8	1	34	36	12	25	25	28	8	2	27	17	39	3	50	36	19	13	38	4	31	
14	38	37	38	9	45	13	21	10	2	4	50	45	50	40	23	25	39	45	50	29	5	39	34	39	39	28	7	27	22	18	29	49	11	41	35	29	42	3	20	18	28	22	39	34	7	3	37	27	37	26	28	22	34	47	22	2	38	43	49	
25	25	15	25	32	25	32	10	20	27	8	13	27	20	11	39	19	41	19	6	44	41	43	15	21	40	9	41	1	25	41	6	7	27	46	40	14	36	33	32	1	20	7	41	36	5	46	3	45	7	48	49	31	9	21	10	41	40	27	36	
8	42	4	8	45	23	49	47	24	32	6	27	48	44	15	5	40	7	12	11	36	26	23	49	6	41	5	16	26	26	45	43	40	45	32	15	47	42	18	34	37	1	13	46	24	31	16	44	25	19	12	30	13	1	28	9	32	27	29	48	
31	43	36	40	42	12	10	22	11	45	13	38	1	28	5	13	10	18	46	21	29	27	49	21	37	29	34	6	17	50	9	40	37	49	17	26	36	46	48	19	15	37	31	27	35	13	4	25	38	40	14	9	46	6	50	50	34	16	16	27	
14	48	36	35	8	21	38	28	24	19	20	33	15	46	23	39	42	27	13	23	33	45	44	34	49	44	42	24	22	23	19	47	18	50	50	19	47	48	1	25	35	3	7	35	29	13	45	37	28	50	27	3	49	15	2	33	6	44	38	7	
2	18	5	34	23	24	13	50	41	37	46	42	44	33	24	50	33	24	1	40	22	49	27	16	33	30	2	31	47	24	25	38	48	12	8	9	32	35	5	9	16	43	32	7	18	11	43	29	35	3	5	27	2	2	9	24	11	4	13	13	
15	20	39	15	46	3	16	7	44	13	9	3	31	36	23	8	6	22	32	13	4	4	50	15	37	27	43	28	24	32	26	2	9	14	6	5	32	20	1	29	50	38	14	43	3	21	17	25	30	17	20	1	35	29	6	32	10	49	37	38	
49	8	15	13	13	42	33	37	13	6	41	40	40	37	44	20	46	30	17	5	46	8	35	33	2	46	23	23	13	11	45	19	18	42	28	17	33	33	20	26	12	3	48	25	44	20	9	26	3	1	27	27	1	46	41	36	43	39	42	15	
36	27	33	44	34	10	11	46	10	35	49	35	45	4	39	29	9	14	5	29	6	16	6	22	38	41	42	17	22	26	23	37	28	22	31	44	48	36	33	35	24	9	5	42	42	49	13	17	38	45	31	41	6	23	50	17	28	26	5	33	
12	6	9	28	35	18	22	40	5	42	18	43	33	37	48	38	41	12	46	18	33	36	25	25	44	36	39	6	19	9	25	7	33	23	34	15	27	23	45	25	11	2	20	7	43	44	33	21	42	16	12	28	5	25	25	42	8	21	26	11	
39	20	28	26	19	44	34	35	8	27	42	22	50	20	34	2	5	6	26	11	9	29	40	4	11	22	40	35	11	38	29	45	26	31	12	11	47	12	46	13	37	34	23	5	3	34	9	41	12	17	7	1	50	25	28	9	35	25	49	13	
49	17	7	46	14	36	11	16	2	23	12	2	41	48	33	7	9	13	13	1	20	17	13	14	31	36	44	48	24	26	34	36	11	19	6	37	31	25	26	22	2	21	43	8	20	37	42	37	22	7	48	43	29	29	48	5	50	32	25	14	
3	42	31	40	44	50	20	37	50	38	19	35	8	13	5	30	4	5	2	8	21	17	39	38	3	9	38	27	17	46	31	10	38	41	29	4	42	22	16	21	40	30	12	33	24	8	12	5	1	35	36	45	33	28	44	50	13	44	44	2	
32	10	38	13	30	4	16	44	32	5	16	20	44	21	2	17	37	30	23	48	16	43	38	9	42	2	45	46	11	39	30	46	45	39	9	21	17	15	24	17	9	25	7	25	22	13	7	32	38	2	8	30	27	44	2	19	15	21	8	35	
29	10	14	14	31	31	12	25	40	41	31	42	23	20	17	47	25	26	12	46	37	28	11	42	28	3	29	39	27	48	50	18	22	13	35	2	13	47	34	40	28	42	22	20	13	26	8	8	49	44	22	31	1	28	31	21	40	32	5	34	
50	13	46	20	45	28	30	29	36	1	49	5	41	50	2	36	12	32	29	1	21	33	14	38	27	6	32	43	11	11	33	31	49	7	4	4	44	39	47	40	46	19	15	47	16	26	43	7	36	4	34	47	10	27	48	5	38	14	2	5	
2	17	41	11	19	8	20	43	28	45	30	34	31	12	13	21	21	46	39	12	8	28	43	19	30	20	40	11	4	2	30	49	34	10	39	49	30	43	42	17	1	41	31	4	26	18	25	20	15	3	20	21	48	2	14	18	8	47	26	10	
23	37	41	23	23	31	26	6	16	2	5	45	12	25	2	34	6	48	21	12	39	39	19	23	37	44	10	33	48	32	10	14	18	17	15	28	48	6	4	23	8	41	31	20	20	42	47	27	29	24	4	4	8	29	40	5	18	34	12	45	
49	6	32	23	46	5	34	29	16	26	43	27	9	50	12	45	15	20	30	16	46	3	35	12	50	27	5	22	27	36	20	28	38	28	22	31	3	34	18	11	8	29	16	21	24	50	23	11	10	33	43	20	34	37	26	43	23	41	38	5	
29	12	40	9	37	8	40	3	32	14	35	1	22	3	3	13	11	11	47	33	36	9	22	33	3	48	9	43	45	7	37	43	18	41	30	6	13	38	24	12	6	7	29	15	32	18	48	6	14	36	18	36	29	4	31	11	38	2	50	33	
44	29	33	47	17	15	31	14	11	7	27	7	23	23	12	44	21	45	38	21	35	44	22	15	42	42	13	44	18	21	39	8	46	26	43	4	7	27	42	35	35	4	20	42	28	38	31	21	22	2	40	9	20	49	50	43	20	12	23	48	
On machine	2
1	36	49	20	36	32	8	9	34	4	45	25	24	3	48	12	10	9	3	16	24	20	14	7	11	21	12	46	35	18	41	32	42	13	7	10	45	12	18	44	19	50	46	32	18	39	41	2	19	10	17	13	47	20	16	28	30	6	38	29	
40	13	47	9	4	33	45	46	14	2	35	50	13	25	49	31	14	34	47	41	33	31	27	9	23	30	27	43	39	2	10	49	47	50	10	37	29	28	29	19	47	13	7	12	46	48	31	50	25	38	3	12	9	9	46	5	12	49	13	14	
32	5	15	23	49	15	34	25	5	43	31	9	42	29	31	33	41	8	38	9	3	19	49	21	34	32	38	47	48	40	44	22	15	45	8	10	31	40	9	11	49	8	38	21	10	26	32	46	33	23	18	38	19	27	7	19	35	38	33	13	
49	32	40	27	34	47	49	7	23	8	29	23	36	47	45	2	36	35	16	35	18	14	42	20	12	44	10	10	37	43	20	36	25	36	10	47	35	7	50	21	18	34	23	13	39	23	16	37	23	30	25	47	38	47	46	15	12	3	3	41	
26	14	21	6	14	44	1	19	7	15	25	12	37	32	26	2	25	26	31	21	30	6	23	32	46	22	7	39	29	30	6	50	16	19	28	2	48	17	10	42	15	13	11	19	10	49	8	26	4	47	44	38	11	21	27	33	39	5	3	16	
19	40	7	30	50	6	21	13	40	45	20	38	22	41	28	1	15	29	7	6	32	10	10	11	50	16	6	34	26	28	32	9	26	44	48	32	47	40	49	34	13	36	20	15	34	5	34	9	7	16	1	40	12	20	39	40	12	29	32	42	
28	3	11	8	32	18	3	34	5	49	29	2	50	44	3	28	3	9	6	36	1	36	17	31	37	13	25	17	50	2	49	4	27	26	30	40	25	24	7	32	19	13	33	25	29	41	26	5	24	42	43	31	26	33	38	8	33	45	49	1	
16	19	1	7	33	10	26	43	35	16	7	37	42	28	39	4	8	31	38	25	22	2	13	49	21	47	50	40	19	34	46	33	25	18	22	50	17	31	13	8	44	20	43	43	24	2	37	13	8	50	23	1	15	28	50	5	2	50	25	36	
40	14	6	39	47	2	45	33	12	31	35	22	40	27	19	39	44	28	12	17	38	34	1	10	18	3	47	20	47	32	21	13	6	36	35	37	23	39	9	1	30	36	27	6	7	39	14	4	21	47	46	24	42	16	27	9	4	41	30	40	
33	16	31	28	2	31	44	40	14	42	6	20	26	2	11	45	9	11	6	25	25	1	27	27	41	12	45	45	29	44	13	14	25	18	41	29	42	17	13	9	12	49	14	18	35	37	6	26	19	47	45	43	33	27	12	15	12	38	35	37	
6	22	26	5	5	44	47	37	5	21	10	24	4	37	46	6	35	11	8	14	6	48	34	43	2	15	44	48	17	24	12	13	46	9	8	10	46	10	38	16	42	41	5	28	5	38	4	43	1	47	43	13	49	48	29	50	18	35	21	11	
27	50	12	24	35	30	30	40	17	18	6	20	37	5	37	45	8	49	40	25	16	12	14	16	26	31	36	11	41	5	25	12	23	28	6	28	6	31	18	22	50	48	10	22	49	7	49	37	1	46	31	38	10	10	21	8	37	14	4	18	
50	13	43	18	31	2	22	27	3	20	18	33	4	2	48	11	35	39	39	24	16	40	17	11	9	26	20	16	31	7	31	14	10	41	49	35	26	17	2	24	49	25	46	49	16	25	18	27	41	28	39	15	48	41	14	14	32	40	19	5	
3	9	32	4	19	6	1	12	3	46	45	2	43	36	33	7	50	13	43	50	17	46	19	28	2	42	37	36	10	38	13	32	3	1	15	33	22	6	27	18	10	33	21	31	31	9	23	18	32	12	9	7	49	34	15	40	28	47	21	13	
4	32	33	46	2	7	20	18	36	40	10	14	36	33	31	39	34	34	36	49	37	32	27	26	40	31	22	31	39	49	8	35	47	4	15	17	5	40	8	2	12	37	19	7	47	2	37	29	7	49	1	27	28	33	11	44	50	7	49	24	
40	19	40	47	23	49	11	8	38	9	43	18	40	25	10	2	8	46	11	27	8	40	15	17	50	7	25	24	21	34	14	16	49	44	27	42	26	43	47	37	50	39	24	40	28	34	5	36	22	17	22	50	49	10	48	8	26	28	36	1	
5	46	1	28	47	43	36	28	43	17	32	49	18	1	25	47	24	6	18	31	45	4	16	40	46	11	50	31	6	20	36	50	33	11	45	5	25	38	37	43	9	28	15	28	32	5	16	43	20	17	46	38	20	21	33	11	13	10	48	23	
2	21	49	4	45	14	7	48	33	44	32	14	16	50	28	47	27	4	24	11	8	24	22	10	25	21	27	1	10	40	16	14	39	38	34	40	11	34	14	50	38	45	30	41	21	9	41	7	16	2	47	49	5	37	2	28	29	21	9	24	
23	15	20	37	34	21	42	4	47	23	46	29	44	6	43	33	43	43	44	12	21	3	1	37	4	41	8	29	11	35	24	33	32	33	6	21	49	23	24	1	44	10	19	6	44	27	50	39	8	42	46	27	30	7	37	23	14	44	36	6	
49	27	6	21	31	41	29	47	27	15	14	43	23	41	39	15	15	37	5	30	7	27	11	36	22	50	45	34	19	49	48	44	12	11	7	26	25	17	44	24	21	12	6	18	17	28	10	10	19	17	26	21	11	31	19	36	22	14	1	16	
31	26	25	21	1	15	15	1	13	4	11	49	43	29	10	19	2	13	28	34	9	9	20	31	12	28	41	45	33	49	16	9	9	25	6	32	40	49	39	18	38	14	42	29	4	48	4	47	50	26	19	12	1	26	33	23	38	47	49	20	
3	1	22	43	38	17	31	3	20	9	40	13	40	22	19	42	39	2	23	44	12	6	18	18	6	8	42	15	42	42	16	14	10	34	36	21	33	32	24	16	38	20	18	17	34	34	25	41	14	34	37	42	15	45	10	18	31	50	49	16	
3	43	24	33	6	13	50	22	34	1	14	6	8	4	23	19	50	26	34	20	7	8	20	48	16	14	35	23	25	40	38	25	16	32	17	40	40	28	34	29	31	43	3	36	34	5	9	31	11	18	18	33	5	17	46	24	47	22	17	15	
32	19	50	49	48	40	48	39	24	27	1	37	4	32	5	26	19	41	1	38	16	1	40	33	23	37	10	9	40	37	35	15	44	42	43	21	49	11	21	11	28	32	49	42	13	2	29	34	40	38	27	14	15	7	31	41	8	12	14	32	
35	15	5	4	45	48	47	10	47	8	27	8	20	5	44	20	28	27	13	45	38	46	15	13	29	27	41	45	13	15	24	8	16	6	27	37	47	4	27	29	13	23	44	39	45	33	23	50	35	37	4	33	32	37	18	40	44	10	40	7	
8	34	13	50	13	12	38	7	42	48	1	49	30	33	16	23	27	39	43	6	42	20	50	47	18	11	37	12	7	22	35	16	35	28	6	7	3	33	16	17	49	47	41	14	24	14	14	17	14	31	14	31	21	6	1	42	4	37	30	32	
45	49	20	18	21	33	49	36	21	3	19	44	47	1	22	5	4	22	38	20	38	28	50	12	41	16	44	47	11	13	41	33	10	21	9	30	49	36	20	35	32	19	28	36	47	9	4	32	1	29	29	5	4	32	15	40	47	6	21	1	
2	5	14	31	33	34	50	47	15	7	40	43	12	45	43	34	1	19	36	27	29	9	47	33	17	13	13	36	46	48	40	45	3	25	33	22	25	36	28	16	28	30	11	39	48	43	1	3	23	44	2	13	45	31	4	44	38	37	33	39	
20	44	50	16	3	7	48	41	22	23	18	48	7	3	25	42	38	41	26	14	8	49	22	35	50	49	31	31	9	6	16	14	2	16	33	40	47	9	33	46	6	22	28	38	16	14	9	47	27	19	44	30	43	42	19	1	24	14	50	29	
2	50	10	35	14	48	9	14	15	11	30	36	24	41	4	27	32	40	43	21	4	33	36	20	11	20	5	34	25	46	31	47	30	35	27	13	10	8	17	12	46	40	35	36	46	8	44	27	6	12	25	39	1	27	48	45	5	7	41	4	
40	10	50	36	2	6	36	35	38	12	32	49	20	20	44	7	22	45	33	7	38	46	28	34	29	26	36	40	31	46	13	38	50	38	16	49	40	27	27	14	5	25	2	47	34	42	10	22	48	44	43	27	4	1	6	11	28	18	3	29	
7	27	21	18	12	29	46	39	43	26	40	17	15	11	41	50	9	14	2	27	45	27	30	25	43	5	3	2	17	24	42	43	10	39	22	3	49	45	8	40	20	45	18	19	50	17	37	8	15	9	46	5	17	14	41	6	4	36	48	44	
41	3	15	40	31	7	26	38	23	49	40	33	11	44	43	21	21	24	40	20	45	47	18	50	25	28	5	39	32	50	22	14	6	37	4	16	20	32	11	12	14	19	32	36	33	47	15	29	29	22	12	48	24	17	33	13	10	19	24	10	
32	39	45	47	15	14	43	42	7	1	8	22	9	50	43	26	13	14	5	40	44	25	47	18	36	19	9	18	43	6	34	1	22	28	5	22	15	35	4	13	35	18	5	20	25	50	22	5	41	48	18	8	25	24	42	12	32	6	14	30	
16	6	8	17	28	3	44	36	14	31	10	13	4	16	22	17	4	10	1	14	20	38	17	31	28	27	14	19	47	12	37	4	43	35	42	20	11	3	39	48	49	6	6	19	28	29	50	28	39	23	18	50	9	40	11	26	20	7	2	2	
5	4	24	4	42	43	30	43	20	49	24	40	33	5	24	31	1	23	32	30	45	10	13	3	34	21	37	4	30	38	46	12	3	46	35	49	43	24	40	15	35	27	47	31	26	8	12	22	40	27	36	21	34	26	27	38	47	17	28	49	
30	7	6	32	15	20	5	15	40	46	23	35	49	37	31	20	48	47	24	8	12	42	44	25	47	9	42	21	13	46	25	17	7	36	29	8	14	4	50	39	38	32	2	26	11	29	48	42	34	30	1	8	44	27	28	36	18	14	20	35	
21	8	17	25	6	9	30	50	47	12	11	45	36	48	19	21	5	21	9	40	9	21	2	37	22	45	10	10	14	23	32	12	10	35	4	45	2	30	16	27	42	5	14	16	27	50	22	9	6	9	46	15	28	28	23	48	12	40	33	24	
20	38	18	27	43	42	14	40	13	16	38	43	3	40	35	43	33	14	7	36	17	25	41	12	7	43	48	32	43	38	28	14	12	27	33	33	46	41	33	12	3	15	9	45	15	45	7	3	22	50	25	19	4	16	29	26	27	7	45	27	
18	48	29	21	33	38	9	18	7	11	32	43	33	26	40	40	38	45	30	21	5	30	18	38	42	26	2	32	23	10	19	6	7	8	20	29	28	3	8	44	9	31	20	31	4	31	12	37	10	30	44	41	5	42	40	11	37	31	1	10	
17	7	30	33	3	28	42	12	31	16	33	4	45	27	23	18	32	11	28	23	17	22	20	48	25	26	36	45	22	43	24	13	2	37	40	50	31	28	21	17	45	27	20	40	21	43	7	39	12	42	28	10	4	25	39	2	8	34	5	7	
40	20	33	38	36	34	12	2	7	46	19	35	27	44	10	23	20	1	38	15	29	38	18	27	29	43	46	2	12	3	47	3	33	20	33	18	38	20	49	44	46	34	33	40	49	46	49	30	3	45	35	29	33	8	28	2	9	30	40	24	
41	1	32	13	48	15	46	48	21	44	23	37	19	30	16	22	44	25	31	26	44	12	42	1	3	9	3	50	25	5	12	49	42	43	35	26	49	28	12	9	27	7	40	34	32	1	7	6	24	7	41	4	43	8	31	28	44	3	29	25	
36	48	31	34	38	50	14	2	27	47	42	44	8	25	11	27	14	29	46	12	12	30	33	13	13	21	35	11	22	43	44	24	10	28	24	23	35	48	33	26	15	9	3	1	13	13	34	14	39	14	11	11	7	2	44	8	45	34	17	9	
17	39	19	50	45	28	6	18	46	5	26	43	27	33	11	15	35	35	27	38	30	20	36	22	5	11	20	36	8	19	33	25	2	9	1	48	17	42	23	50	14	34	28	36	4	3	4	37	11	35	24	13	16	29	33	14	13	29	5	1	
31	9	3	49	44	41	2	19	30	4	47	1	11	11	10	44	33	3	6	32	22	27	50	10	7	19	12	4	49	41	16	14	24	39	4	30	26	39	4	39	32	22	50	16	1	31	34	34	42	50	45	13	14	5	16	42	26	50	25	27	
46	17	3	10	5	5	30	6	35	5	12	41	3	44	3	40	13	22	28	43	44	7	48	47	39	43	49	29	37	36	34	44	23	7	8	30	41	38	47	40	9	21	14	46	43	11	23	16	20	25	22	1	22	22	2	27	50	35	50	29	
35	33	3	43	22	27	21	25	23	4	7	4	28	21	4	3	40	15	22	23	3	48	19	45	44	26	25	50	40	6	38	13	43	20	47	13	20	27	19	2	24	30	47	25	1	5	10	17	19	15	2	34	41	47	9	35	19	47	39	8	
50	26	34	37	26	1	21	23	28	5	1	24	22	44	24	20	31	36	47	49	37	1	1	8	42	30	12	23	1	27	6	12	28	2	15	18	30	34	28	28	14	7	35	14	15	24	2	33	18	44	34	2	11	46	42	16	38	50	43	50	
25	44	37	34	22	39	8	43	45	23	46	27	47	13	27	34	7	12	41	44	37	25	27	35	3	20	5	34	44	9	31	49	32	40	14	36	24	23	13	44	7	40	3	23	18	34	49	35	30	50	45	30	43	23	16	17	37	30	34	29	
33	28	28	42	48	39	23	3	16	6	14	27	26	21	48	49	15	30	10	13	14	26	49	37	2	16	15	20	50	40	48	8	7	44	20	43	4	47	34	28	30	7	14	16	28	2	32	21	5	44	27	34	48	50	45	2	9	27	35	27	
3	39	33	36	47	3	48	25	48	38	9	27	41	25	7	31	16	34	46	18	16	35	32	39	17	7	7	38	35	49	45	27	39	43	10	36	46	25	4	14	1	33	39	7	18	10	17	15	3	33	27	4	5	25	13	43	16	19	16	48	
48	40	33	15	42	19	11	3	4	38	36	29	16	32	41	50	10	11	45	36	30	33	8	8	37	6	24	4	3	40	5	25	27	39	39	46	30	31	42	40	40	26	44	31	24	43	16	45	41	40	38	33	19	14	32	10	24	15	43	33	
13	20	10	2	26	16	41	13	27	11	24	27	27	17	11	19	29	12	50	22	50	43	2	36	50	6	36	49	42	23	13	50	26	45	35	20	18	43	1	19	35	5	40	13	3	41	46	34	37	43	1	48	19	50	9	3	34	39	5	40	
42	16	21	34	34	29	42	46	44	4	18	6	22	41	30	41	3	41	23	41	27	50	12	2	41	3	37	9	24	25	31	35	38	15	15	21	25	40	6	2	32	21	31	37	47	48	35	8	2	27	22	11	10	33	33	17	39	46	30	29	
5	40	42	13	34	18	3	18	12	24	12	15	49	42	44	38	33	1	18	41	22	7	7	26	39	21	10	20	29	21	5	19	35	28	48	42	38	43	26	10	3	14	27	10	45	18	17	41	45	28	8	17	13	41	47	35	44	44	32	43	
38	36	47	31	39	48	34	15	43	38	12	2	22	18	22	26	9	13	11	13	11	18	9	25	4	33	48	36	36	14	37	41	40	30	14	40	30	38	20	48	30	35	9	9	16	33	21	36	14	42	28	3	22	29	24	44	36	25	32	29	
4	42	34	44	2	9	12	46	24	40	12	48	47	32	2	21	14	20	20	45	41	36	50	13	11	33	45	43	26	35	12	3	14	21	39	25	21	27	20	38	42	24	33	30	46	39	45	13	36	19	13	6	14	21	18	33	6	2	32	32	
2	20	33	29	8	42	14	44	37	36	22	11	18	46	48	31	37	37	11	24	33	24	22	41	7	29	38	16	15	22	48	44	7	14	17	9	45	14	28	2	1	8	50	38	16	26	39	32	25	16	46	13	16	8	48	13	2	32	39	4	
41	47	45	20	24	34	12	41	40	9	39	12	44	41	9	30	45	48	6	1	8	39	12	31	41	26	46	10	43	44	37	10	29	28	25	23	37	17	47	14	39	49	19	38	8	21	41	4	39	15	6	15	48	13	44	35	27	18	13	45	
On machine	3
20	2	46	6	37	49	44	28	1	9	12	6	1	25	47	3	28	29	40	37	28	9	45	41	18	27	10	24	2	21	9	22	48	50	39	42	4	25	47	46	36	12	21	2	41	3	23	23	37	31	19	13	22	30	37	22	35	22	2	39	
25	37	2	33	8	7	40	50	7	25	45	32	27	36	40	29	24	38	11	21	43	23	14	5	40	24	28	4	45	4	9	41	29	18	9	10	21	47	43	26	8	25	20	46	30	15	22	34	6	31	50	25	32	3	8	10	33	23	17	31	
36	42	14	2	14	16	21	14	41	7	25	39	28	41	44	39	2	24	6	46	9	48	31	4	23	13	11	35	40	41	27	45	47	39	33	15	3	47	15	7	28	23	40	14	30	17	2	19	40	9	36	42	28	23	16	21	25	15	31	7	
17	2	48	18	22	49	48	15	33	9	33	31	25	30	22	50	26	33	40	38	6	46	4	31	40	37	49	7	9	37	31	31	46	38	6	29	3	21	1	47	50	1	41	32	19	12	10	21	37	30	50	31	37	45	12	7	32	4	32	23	
26	1	29	50	8	5	49	30	42	7	50	40	34	19	43	11	5	18	48	22	30	18	31	17	36	28	9	39	18	19	17	35	2	17	41	13	4	46	24	28	38	21	4	37	21	8	39	31	25	30	13	12	49	21	17	30	46	37	3	23	
43	12	26	46	45	8	42	15	2	19	21	23	16	11	30	19	7	31	9	27	35	15	40	48	50	13	14	34	7	26	32	43	44	10	37	38	6	28	21	36	33	46	26	9	12	41	46	5	40	12	43	42	49	49	30	19	34	50	45	46	
37	1	25	40	21	23	29	1	30	33	44	49	2	49	50	45	26	24	22	10	24	15	6	6	25	14	19	35	30	2	22	46	15	16	11	47	50	25	17	26	9	41	39	1	9	50	20	24	2	4	16	20	41	10	33	11	3	36	2	27	
13	7	39	47	50	24	28	4	6	27	36	34	10	40	26	13	35	17	38	40	11	40	37	42	21	39	44	38	49	43	38	21	50	35	33	42	8	41	44	7	6	15	42	50	30	12	9	12	21	4	20	27	35	11	34	47	4	27	45	9	
5	25	9	48	3	20	39	28	6	34	32	29	27	28	26	25	27	9	29	36	35	12	21	48	2	23	39	40	4	10	13	33	13	10	49	50	50	14	31	28	1	40	20	46	9	40	50	33	5	14	13	8	25	39	49	21	1	34	40	4	
37	41	28	49	22	3	29	36	42	16	1	37	29	19	38	45	22	4	12	20	11	41	25	28	16	37	16	1	19	50	9	47	10	26	6	32	11	44	39	11	44	40	12	44	23	37	18	19	46	20	45	43	23	20	17	37	30	18	20	5	
14	43	24	12	8	14	48	1	35	3	7	37	48	18	48	25	24	9	29	17	35	10	21	14	9	47	25	1	45	48	44	22	44	34	10	5	12	9	12	11	14	20	44	47	9	28	43	47	38	27	44	30	13	20	48	4	37	34	4	7	
23	21	9	17	14	42	4	19	12	25	6	47	29	29	19	33	42	2	3	20	14	2	5	23	10	18	20	38	32	9	31	2	35	49	39	41	33	37	22	40	28	45	9	45	50	48	35	46	39	33	19	43	45	14	42	35	16	37	30	35	
16	48	38	3	47	44	26	25	30	2	22	11	11	17	35	4	33	47	29	8	41	28	21	6	3	2	37	12	19	20	49	4	8	25	5	23	2	46	20	19	20	5	9	31	50	20	37	9	24	40	46	34	45	1	7	23	6	8	23	7	
2	35	11	9	49	48	36	46	7	50	16	32	19	26	47	5	1	1	35	39	50	44	15	45	47	23	9	30	15	22	24	14	40	7	8	41	32	42	18	45	11	44	37	49	3	33	34	34	29	36	21	45	45	39	49	18	37	2	19	42	
3	50	12	1	22	16	14	12	39	27	29	20	26	20	6	41	27	3	37	4	13	4	22	18	43	21	19	8	32	10	26	25	5	47	32	25	14	2	24	46	16	25	45	44	26	48	46	41	4	34	10	12	5	30	36	11	21	20	29	22	
27	19	5	40	49	49	15	39	26	9	39	50	39	38	33	15	12	16	4	18	13	35	44	25	42	23	46	10	32	14	39	14	13	33	23	38	45	25	47	45	17	27	27	47	6	20	42	34	13	44	13	21	22	34	35	38	17	38	24	32	
26	11	25	5	9	20	28	23	43	46	30	41	34	15	10	42	1	37	30	16	4	2	6	36	35	26	9	2	18	33	24	47	14	39	50	11	11	17	26	15	42	24	21	34	24	43	46	6	48	43	35	43	37	7	40	4	28	33	37	24	
50	13	25	1	50	39	36	22	9	40	4	50	47	13	46	34	43	48	47	11	15	33	36	26	27	41	21	9	21	47	37	3	6	48	23	13	21	50	17	49	10	4	24	40	49	43	37	8	9	35	10	5	2	41	13	31	13	22	13	46	
2	22	33	44	10	40	18	10	18	30	18	31	41	28	30	8	43	28	42	19	22	24	20	43	16	44	34	15	1	14	11	11	49	18	32	12	48	27	9	24	19	32	32	27	46	38	23	45	7	30	46	14	34	30	15	39	30	10	19	10	
23	13	17	27	34	18	49	11	19	7	6	49	23	44	39	24	46	18	21	36	13	31	6	36	3	40	19	44	43	30	39	37	20	15	19	7	43	26	32	16	28	14	33	14	27	20	39	30	40	45	45	43	23	22	16	48	7	35	23	3	
29	17	6	9	47	16	22	41	5	11	35	47	48	14	17	11	22	26	37	42	36	46	23	11	17	47	36	41	38	46	11	2	12	29	16	45	5	8	20	20	47	43	28	48	7	5	10	1	42	31	3	3	9	15	15	15	50	48	14	9	
18	39	13	45	9	25	33	6	36	37	29	46	36	1	37	49	49	17	9	38	3	35	13	8	39	11	2	20	39	33	3	39	10	41	2	1	31	29	47	10	30	42	28	14	4	21	39	8	14	45	40	34	14	35	49	30	41	8	4	45	
45	26	43	41	27	16	32	26	50	32	43	14	37	31	38	6	43	16	1	6	49	17	7	39	10	29	40	30	50	30	41	36	8	49	4	35	38	24	46	49	17	20	48	16	36	12	33	45	24	16	5	48	14	43	7	29	41	50	5	11	
36	33	36	12	46	22	1	26	43	7	8	25	13	34	7	42	15	3	37	30	30	16	25	13	13	33	36	37	18	22	50	14	28	5	50	49	6	18	45	1	36	25	14	48	26	9	2	35	10	12	14	15	2	12	15	5	16	29	11	4	
42	11	1	26	33	34	15	17	43	37	24	14	42	2	3	6	27	48	17	20	1	7	46	44	28	49	38	31	16	20	20	43	15	6	18	5	35	4	31	1	45	48	38	43	24	44	27	7	45	34	23	39	45	42	32	40	10	17	39	44	
21	45	1	44	32	2	30	12	48	17	34	38	25	36	46	47	31	8	14	31	20	19	46	26	46	50	13	45	26	25	36	17	13	28	17	16	46	23	24	22	32	26	14	29	8	31	40	34	35	12	5	41	25	18	28	10	14	15	29	10	
12	48	17	33	22	22	12	30	25	10	38	48	4	27	14	41	30	1	18	41	20	13	2	14	23	13	34	23	11	35	10	8	22	25	36	32	23	13	20	11	15	35	44	9	12	5	29	24	24	8	12	29	2	46	3	8	6	15	47	4	
40	26	17	6	18	43	21	43	1	19	11	46	23	36	2	34	16	23	43	40	49	34	41	11	35	11	31	32	44	8	23	19	32	50	4	11	20	26	15	18	19	8	4	41	32	17	28	40	21	9	26	8	25	38	46	14	25	26	7	10	
22	35	17	8	45	5	39	34	34	7	37	4	3	30	28	43	41	48	35	19	23	45	48	20	19	50	33	35	2	23	45	16	15	6	4	46	4	35	47	30	37	8	21	19	37	17	43	10	39	47	44	38	35	24	50	23	23	12	50	31	
6	2	5	38	28	48	31	40	22	16	38	44	40	27	39	20	40	33	31	21	12	48	13	19	26	3	47	8	12	32	29	12	43	42	40	47	46	19	32	32	43	43	7	44	26	32	50	10	1	43	45	14	24	33	16	44	14	46	35	6	
1	20	35	17	28	23	3	43	29	10	24	6	24	22	24	7	43	39	32	26	26	41	5	14	18	5	32	16	44	42	32	38	2	30	28	4	4	39	15	33	33	27	33	19	49	12	5	13	35	44	33	1	48	7	35	8	31	22	27	16	
39	31	10	34	38	4	44	45	42	2	3	15	43	11	47	7	11	36	9	40	39	13	38	39	42	31	48	38	43	19	19	27	32	35	26	25	44	10	32	11	8	38	29	24	20	12	13	23	35	32	26	32	36	24	33	19	14	25	6	36	
49	39	31	28	1	26	8	25	16	22	1	37	30	23	9	7	40	22	29	48	5	38	36	45	19	21	27	44	15	29	11	27	2	10	37	1	22	8	2	15	10	23	41	11	31	47	45	15	4	23	13	1	50	25	36	42	28	33	48	23	
6	19	32	23	20	44	48	21	30	18	25	39	48	49	18	13	44	18	10	7	43	17	2	47	45	42	48	26	27	34	40	24	43	32	26	31	46	30	30	19	20	22	15	42	6	33	7	50	16	22	43	50	13	5	24	35	10	9	8	40	
14	50	6	39	45	23	21	44	35	45	15	35	1	21	27	31	14	10	2	32	35	18	8	19	3	19	19	42	23	43	23	18	41	5	14	32	23	32	45	49	21	13	8	15	9	15	22	36	6	42	49	44	38	22	1	12	41	6	18	2	
11	26	7	35	10	21	38	9	1	10	48	23	35	7	1	44	10	5	29	10	46	29	14	31	4	22	25	50	24	32	7	38	11	22	37	24	35	4	21	35	15	9	34	1	47	13	2	21	44	17	46	45	12	16	32	40	39	34	50	11	
3	26	5	47	38	45	19	22	38	8	24	46	28	13	6	4	28	19	42	8	33	35	9	12	8	15	10	14	47	28	32	17	44	48	36	18	17	9	19	28	37	36	49	35	17	6	41	33	21	11	21	35	43	4	42	1	32	35	24	34	
45	34	17	27	24	10	8	14	36	6	46	27	29	22	46	22	1	37	1	44	38	9	41	15	50	15	1	29	14	40	20	5	20	36	50	44	32	5	34	4	13	32	44	16	23	20	21	33	27	2	34	16	44	45	27	8	8	48	18	35	
5	3	46	7	12	29	32	8	18	7	32	49	39	30	42	29	4	28	32	16	5	32	10	36	5	22	37	41	19	26	21	34	44	32	1	9	21	27	49	17	42	23	4	16	23	40	40	41	36	28	24	29	39	7	30	31	30	34	48	5	
44	27	45	45	37	1	11	39	3	25	41	30	30	29	21	14	11	37	6	3	11	18	46	3	28	4	5	4	40	16	46	43	4	21	13	50	45	14	32	30	16	49	16	25	12	46	8	41	20	46	33	38	36	12	48	25	49	33	45	12	
32	29	29	8	34	50	47	14	33	28	7	44	41	12	39	25	4	26	13	20	19	35	27	45	22	22	18	10	42	4	14	24	14	1	22	28	46	16	27	31	31	45	33	11	41	21	23	39	12	27	14	16	44	44	34	27	50	45	32	8	
6	23	30	10	44	30	15	2	14	25	14	20	48	18	48	36	2	48	38	20	4	29	49	46	8	10	3	31	4	5	13	12	18	50	28	21	38	40	35	20	25	29	26	5	50	48	20	1	44	36	40	29	44	4	22	9	20	16	4	27	
36	45	28	25	36	24	49	7	20	7	50	31	22	12	35	15	4	3	22	11	29	23	3	13	40	19	38	20	30	16	7	40	24	42	9	20	44	49	38	1	50	24	40	27	33	27	26	41	17	49	14	28	12	29	4	49	12	4	10	40	
19	43	3	20	22	50	26	30	21	29	5	5	41	29	12	49	27	20	31	28	25	18	44	35	29	11	27	33	8	40	2	37	14	45	4	47	34	47	37	27	24	49	34	45	26	30	38	6	33	26	10	47	11	40	44	42	10	33	38	38	
5	45	30	32	33	2	39	30	36	16	34	8	24	47	29	37	24	46	14	38	30	26	44	42	34	43	33	19	12	17	24	8	38	28	16	24	24	48	30	30	2	14	28	25	48	41	44	40	23	1	33	32	2	31	39	30	46	43	34	4	
38	45	11	17	8	19	47	36	34	9	27	40	2	27	20	7	40	11	22	36	17	29	14	44	49	2	46	4	50	47	7	45	36	17	6	36	23	28	18	11	12	47	5	33	31	8	44	40	2	40	41	29	33	32	28	11	16	21	45	29	
20	1	28	31	30	48	9	38	23	31	25	38	29	24	24	19	14	23	40	31	17	10	1	35	20	27	45	37	40	45	44	46	49	13	33	26	43	18	2	47	9	21	2	26	25	49	47	16	38	22	49	15	42	17	2	21	29	14	7	19	
22	49	26	50	48	7	19	15	23	6	6	9	40	4	17	27	24	14	8	36	15	39	17	15	16	8	15	2	50	9	14	46	4	43	9	48	33	5	28	10	10	8	9	49	8	37	7	14	28	24	41	42	39	20	24	28	5	27	49	25	
37	27	10	45	45	34	15	1	9	49	32	10	46	35	20	33	12	11	18	37	45	6	5	44	15	45	5	8	1	50	48	3	6	28	16	21	9	8	15	10	10	25	26	43	28	45	37	10	49	26	8	19	17	44	40	20	6	28	32	20	
46	3	42	50	31	28	4	31	13	23	40	3	17	4	41	23	35	50	40	13	41	6	44	40	14	30	26	12	41	14	10	30	2	12	33	38	18	19	16	28	26	15	3	13	37	38	13	7	5	4	16	7	43	1	43	37	44	49	28	45	
6	29	35	50	1	49	22	18	35	13	28	18	38	21	36	31	21	12	26	7	24	34	19	37	50	13	27	39	35	50	50	23	19	32	37	31	48	22	3	42	40	17	39	50	8	7	9	38	17	45	5	30	2	42	43	2	36	43	38	14	
39	39	10	25	6	48	15	30	12	36	16	7	23	40	17	47	12	42	30	41	33	33	44	36	14	33	13	27	40	4	1	37	36	47	1	17	41	19	23	29	36	43	8	32	35	6	32	20	21	9	25	1	7	10	39	28	26	30	28	10	
41	14	50	42	50	24	50	6	8	17	35	34	30	31	28	8	21	20	23	8	16	38	23	5	17	22	6	14	20	49	41	22	15	36	49	4	4	34	23	43	3	13	26	42	45	34	14	6	38	4	19	20	37	44	6	31	27	35	30	30	
37	10	37	42	17	32	36	19	27	23	36	15	48	12	25	7	27	4	4	47	36	46	18	25	41	10	28	30	22	24	18	48	28	29	7	7	45	48	50	26	29	5	45	21	29	34	48	22	20	25	39	32	30	32	16	31	9	27	11	29	
3	35	46	50	25	22	46	44	11	10	3	38	33	8	38	46	25	30	31	39	10	9	49	49	24	46	18	39	17	40	44	41	29	44	42	9	5	38	17	20	3	28	23	24	36	42	9	19	13	36	30	2	44	40	32	27	8	6	48	37	
4	29	8	41	6	11	22	18	18	40	3	46	36	29	24	45	34	50	40	42	10	50	35	26	14	49	40	21	12	28	14	41	37	49	2	8	1	8	3	35	49	8	40	33	22	17	46	19	14	8	28	8	48	22	9	18	10	28	10	8	
11	13	12	20	42	10	7	15	6	27	43	17	39	5	18	26	1	1	42	35	44	5	10	32	19	50	33	42	13	8	17	23	41	21	39	39	43	36	32	39	49	40	12	16	46	23	31	35	42	20	21	27	37	16	25	5	44	30	7	4	
32	48	39	41	16	36	50	48	9	47	14	33	30	35	7	8	33	22	22	15	4	44	46	3	48	27	33	8	38	43	37	15	25	40	40	13	33	18	15	39	33	17	16	41	26	48	25	41	13	12	27	11	47	27	31	6	27	46	30	30	
27	15	31	11	41	44	38	45	43	29	42	49	8	48	17	44	29	18	18	5	40	49	28	26	6	3	10	43	41	6	29	32	2	23	30	3	7	49	50	34	30	11	27	18	1	10	35	3	41	25	22	31	17	25	32	17	10	8	22	23	
27	26	17	1	26	46	15	8	31	44	4	34	38	8	49	43	42	5	6	29	11	40	42	39	3	11	12	3	35	27	25	1	21	10	17	14	28	22	23	49	30	35	6	43	40	45	45	13	5	18	37	31	46	28	42	42	24	11	16	7	
On machine	4
50	39	11	49	39	23	35	39	30	27	3	45	16	43	37	10	4	9	50	9	45	45	38	36	14	35	16	41	47	46	6	43	4	28	13	3	6	31	47	49	18	49	30	32	32	4	31	32	6	28	5	18	41	22	19	15	34	13	14	28	
2	1	1	2	21	23	15	5	7	32	21	11	35	28	31	7	27	36	21	7	4	3	5	33	3	27	33	30	29	5	37	23	14	12	5	11	39	6	34	32	9	38	7	46	8	17	49	40	17	39	50	27	17	38	29	39	36	24	14	30	
5	25	44	32	18	11	8	5	43	35	46	24	21	47	41	19	18	3	35	28	9	49	25	23	40	21	8	27	5	9	17	7	42	30	9	17	30	49	3	49	22	24	11	45	29	21	31	50	47	6	9	3	5	12	40	3	47	2	49	17	
2	42	36	29	21	18	44	21	7	23	40	40	3	13	40	31	35	18	19	50	20	41	7	26	24	29	27	44	9	2	6	28	50	34	29	1	45	28	31	3	19	15	33	5	30	31	17	24	32	33	3	37	6	26	6	14	5	26	24	34	
5	15	39	42	32	42	47	22	15	20	39	19	17	36	35	25	19	48	9	43	41	40	49	22	35	27	2	4	37	50	15	1	11	26	9	15	8	26	8	10	8	16	6	28	26	16	38	25	26	39	42	28	46	30	27	3	1	8	7	47	
50	48	28	47	32	18	50	7	36	43	15	13	16	4	22	48	34	31	15	17	16	27	22	30	12	44	43	5	23	18	6	29	8	10	5	46	30	1	12	38	33	47	10	14	5	25	50	21	24	25	14	22	37	30	28	20	24	34	38	25	
18	15	21	29	31	16	26	33	18	4	18	1	44	28	3	9	38	29	35	15	7	6	15	19	11	22	26	29	20	24	9	50	10	12	25	17	3	2	45	29	49	40	10	14	10	4	7	13	40	21	31	32	40	50	23	41	25	3	16	44	
29	49	38	11	24	5	14	37	2	48	45	17	5	36	31	15	31	48	42	17	29	36	22	23	21	29	24	1	41	25	3	44	8	12	43	44	7	35	50	22	34	5	35	17	15	31	47	24	24	8	24	20	20	40	34	6	14	48	12	30	
36	20	29	46	9	47	45	8	22	10	32	47	33	15	8	8	34	37	8	24	44	3	13	11	4	33	40	28	42	13	12	35	27	22	20	27	47	21	36	37	7	22	50	44	13	29	10	9	46	43	1	34	45	16	50	1	33	45	25	24	
24	25	42	50	14	14	25	21	47	16	12	41	46	43	24	1	47	1	41	47	45	37	18	35	26	45	14	27	42	44	18	20	38	7	2	10	22	6	26	33	29	14	1	17	2	11	47	33	22	18	18	7	40	9	35	26	9	38	23	3	
20	38	40	16	43	7	27	30	6	14	42	45	39	11	6	6	14	31	16	44	48	46	1	11	48	11	15	23	19	7	45	26	7	27	12	20	26	27	45	29	15	48	1	31	8	3	14	35	19	21	48	9	38	1	28	26	16	47	26	34	
37	32	34	40	18	2	47	46	15	47	29	34	41	2	25	32	19	36	47	29	29	18	8	16	7	50	30	40	17	19	2	44	21	7	33	28	30	7	34	17	23	37	12	30	22	36	45	7	9	20	35	28	35	6	5	23	41	39	4	34	
3	45	18	41	27	8	5	46	49	2	28	44	33	6	27	24	11	8	43	28	2	48	22	20	39	36	14	45	13	31	36	44	40	23	32	6	6	12	30	42	9	27	9	17	45	4	26	18	1	11	7	31	38	28	41	47	26	22	26	25	
45	25	48	47	37	36	39	44	2	43	42	18	37	38	35	25	35	23	49	47	15	15	40	25	35	17	46	24	17	13	44	41	36	45	30	46	11	48	7	16	37	7	15	23	40	25	30	6	10	9	6	11	37	27	35	26	3	22	9	27	
2	39	32	49	13	4	26	17	30	38	20	43	13	10	36	21	37	26	37	18	1	4	26	31	29	2	23	21	50	47	23	36	28	27	14	46	30	11	33	40	5	37	31	17	41	8	35	43	23	46	21	27	3	50	24	1	33	8	47	25	
44	32	33	5	21	41	30	32	40	23	36	42	37	21	2	5	13	3	42	20	22	35	34	37	21	39	35	6	49	1	30	9	45	46	5	15	40	8	21	36	2	47	23	1	10	18	24	47	30	15	40	26	18	12	44	33	23	27	33	39	
9	28	7	50	15	22	41	50	30	18	4	25	24	39	14	8	19	37	15	10	21	14	32	29	28	44	11	31	3	2	41	2	38	24	37	17	4	32	28	37	5	16	12	4	5	6	22	4	3	36	5	32	47	49	10	30	9	15	24	12	
36	39	21	16	37	7	47	3	26	23	24	30	36	41	12	10	44	34	9	28	12	2	19	26	24	2	30	28	47	39	16	45	7	2	21	45	23	22	1	8	7	29	9	16	42	32	47	28	45	9	9	23	25	13	29	29	2	41	10	9	
43	46	36	4	28	48	42	32	20	35	33	21	32	30	13	30	17	12	26	39	10	49	37	40	46	38	27	34	23	26	28	17	1	18	3	9	42	44	38	3	17	24	47	9	18	24	1	11	2	1	28	49	40	40	5	34	48	13	46	44	
7	25	36	21	48	32	40	48	34	41	17	11	28	1	30	9	23	23	30	38	32	36	18	49	24	14	17	40	8	26	33	19	4	30	10	45	29	32	40	37	16	18	5	35	32	44	45	50	3	39	6	48	3	35	48	44	15	3	20	30	
32	45	27	4	24	19	22	22	40	28	30	15	17	29	49	8	48	29	38	35	24	48	7	4	8	50	8	23	11	21	46	49	9	4	16	44	37	21	20	43	2	14	27	27	22	17	16	21	28	30	7	41	45	45	11	6	47	13	21	21	
22	50	44	18	35	36	42	32	11	26	16	3	34	28	13	11	47	12	44	42	49	24	38	19	6	36	17	31	3	40	19	11	36	1	24	30	35	23	19	25	23	41	29	23	27	28	30	26	34	43	3	26	35	47	36	44	41	31	31	46	
35	13	46	8	2	18	6	40	46	12	45	18	14	8	12	1	41	20	50	8	24	6	21	35	3	8	29	16	11	18	41	22	13	44	23	34	46	31	35	3	35	34	37	30	35	34	43	4	42	26	36	31	46	8	43	42	32	42	11	6	
23	35	38	10	18	47	36	32	6	44	27	4	26	33	4	36	28	5	28	24	11	48	33	45	15	25	34	7	30	37	45	45	11	20	1	29	28	16	8	22	18	19	47	33	7	23	17	39	37	26	2	15	5	23	27	38	16	34	49	17	
48	29	16	20	22	11	48	42	32	30	35	34	41	47	17	21	45	44	23	45	29	31	45	46	24	19	38	43	19	37	39	31	49	3	32	42	31	42	29	2	45	45	29	47	17	47	41	20	19	24	34	3	35	7	45	20	1	37	24	46	
2	25	33	49	43	6	31	47	4	15	15	38	11	37	25	40	44	27	16	29	48	22	22	18	46	4	25	40	27	8	8	25	6	20	24	44	15	40	25	28	41	47	48	48	3	48	9	9	22	24	2	16	2	42	3	37	30	5	47	3	
22	16	39	18	14	9	9	14	30	20	9	33	1	2	24	7	24	50	37	28	38	40	17	41	8	8	20	13	21	8	19	11	35	7	18	30	40	26	23	32	14	42	4	5	35	30	39	48	16	31	34	26	29	45	46	4	23	24	48	23	
27	29	28	42	23	44	12	16	43	41	4	44	21	36	43	8	44	27	10	44	4	45	15	6	42	5	13	30	33	46	3	4	16	44	24	49	26	7	28	47	42	20	8	19	16	30	19	45	35	21	24	40	7	31	29	32	1	36	24	49	
48	42	49	46	8	19	28	22	27	37	25	22	15	11	30	34	44	18	40	47	14	26	7	26	5	37	9	35	28	22	42	3	29	14	41	32	10	13	36	28	17	30	14	47	25	49	18	6	44	10	20	33	13	35	35	11	21	35	14	28	
18	11	33	20	27	12	17	18	29	3	22	6	38	45	28	34	23	43	20	28	12	46	5	14	27	24	38	29	43	37	33	40	34	16	48	37	23	20	21	20	46	15	21	3	20	22	19	18	9	27	23	34	31	37	3	40	11	50	13	25	
2	29	11	32	44	47	9	17	41	20	49	7	23	40	49	42	12	17	41	13	41	28	49	27	20	3	49	36	15	6	49	49	37	23	29	32	15	18	6	41	37	11	30	44	35	34	44	33	17	20	18	18	8	24	9	21	49	1	2	18	
2	14	2	6	6	1	41	46	6	21	18	38	25	19	19	13	13	21	29	13	22	38	29	42	45	39	49	6	13	18	25	25	27	46	14	45	6	25	49	3	25	16	41	6	31	44	36	10	37	21	33	22	21	19	21	18	43	1	33	23	
18	8	50	21	8	38	13	19	13	24	11	21	3	27	43	19	27	44	25	50	13	22	21	47	40	20	28	17	11	16	46	11	35	23	11	28	26	30	49	11	18	22	4	29	3	46	9	40	29	47	28	9	46	44	40	44	31	42	4	39	
13	9	12	27	43	13	11	20	4	5	39	37	16	30	41	26	29	44	16	9	29	12	10	2	47	4	47	46	23	17	23	19	29	16	23	8	50	48	44	20	10	14	6	26	39	25	41	35	2	10	4	3	19	46	22	49	8	20	13	40	
42	47	42	19	34	44	20	6	42	7	2	18	11	25	8	42	8	11	21	43	17	32	39	25	16	7	3	16	48	41	13	40	42	10	12	11	27	14	5	39	34	8	50	14	48	21	39	15	6	12	6	17	28	13	1	18	31	2	40	5	
50	16	28	15	19	8	46	34	24	8	44	46	3	13	4	17	39	14	28	22	13	19	23	24	41	21	28	1	19	1	14	10	20	41	42	9	34	33	49	23	14	48	24	21	2	50	35	39	50	20	47	6	20	31	15	16	3	6	7	29	
18	8	36	16	31	16	39	41	43	33	8	19	50	48	2	17	14	17	33	21	42	33	46	29	44	6	33	38	3	36	49	19	4	43	23	32	48	15	7	3	42	1	34	37	12	26	42	13	15	6	8	24	18	33	50	11	49	11	29	9	
30	44	14	11	22	24	28	41	31	20	23	10	45	15	36	31	29	47	36	42	9	11	21	33	45	15	37	47	9	12	25	36	47	24	2	32	39	35	23	15	3	6	48	3	37	15	17	47	18	22	20	13	33	6	24	11	49	17	35	23	
45	45	12	4	30	9	30	21	20	27	36	37	11	31	46	27	37	11	42	8	45	1	30	8	28	49	34	42	4	2	11	30	36	40	36	36	17	27	22	21	6	14	10	42	1	20	3	7	8	7	50	4	21	27	4	50	37	15	9	49	
26	43	2	34	9	29	45	29	9	7	48	19	17	43	29	43	14	15	23	50	2	45	16	22	48	44	22	19	24	6	5	15	9	10	12	45	17	10	6	5	13	25	39	38	19	13	29	27	14	19	13	11	25	11	34	37	13	46	42	21	
3	12	1	29	27	13	3	42	42	11	41	43	3	7	25	13	21	50	29	20	49	23	1	18	4	44	36	30	23	41	16	13	32	3	31	39	18	36	19	30	44	27	23	45	30	12	40	16	12	18	39	5	9	11	33	18	46	10	19	24	
20	37	28	36	45	47	27	49	22	35	26	5	30	34	30	23	37	45	3	28	24	7	20	6	31	38	12	20	37	12	24	3	19	24	1	45	40	46	44	3	35	9	7	35	47	9	42	24	30	14	21	37	35	13	38	6	25	4	4	5	
10	19	8	50	34	25	24	43	9	50	42	19	22	11	19	49	39	27	8	9	27	24	23	39	34	9	7	27	17	45	18	30	20	27	13	11	20	42	29	2	20	8	47	24	2	25	36	31	15	12	50	9	9	45	2	3	5	3	18	30	
28	26	47	6	37	38	17	24	14	48	44	20	37	18	4	34	46	50	4	38	24	4	24	47	49	28	43	6	8	14	9	22	21	45	38	20	46	30	38	30	44	44	22	39	39	12	17	40	42	32	50	3	44	24	5	35	16	45	49	30	
35	34	42	45	4	18	21	18	4	1	46	30	19	14	33	16	45	16	37	6	5	3	30	31	50	41	40	45	7	30	23	1	3	50	12	34	2	21	32	15	15	12	31	13	8	10	1	41	36	12	6	38	45	9	28	35	11	29	28	5	
46	15	42	2	27	30	37	47	42	38	45	6	12	41	49	46	25	13	36	40	8	8	32	13	16	10	35	4	21	21	2	14	19	31	36	3	29	45	19	1	4	10	35	4	39	14	14	49	29	22	19	17	31	32	28	4	18	3	45	31	
6	17	39	17	43	26	3	19	14	25	15	20	9	46	45	34	19	23	8	2	7	3	33	8	22	42	12	19	44	10	37	36	35	1	10	29	27	16	9	18	9	5	1	49	6	8	42	25	1	44	16	44	23	15	14	50	10	12	50	26	
18	42	11	44	7	41	28	7	40	28	27	48	10	35	4	29	7	1	10	50	13	15	25	49	40	22	2	31	17	15	17	16	4	6	21	38	15	31	24	33	32	22	32	23	34	28	10	3	50	35	18	4	30	26	44	2	8	2	41	48	
44	23	20	5	33	42	38	41	10	3	16	27	47	12	34	5	31	46	17	24	22	30	28	4	35	15	33	30	16	47	24	38	4	42	22	34	28	4	22	2	8	38	42	36	25	4	47	41	12	21	32	1	34	42	12	12	40	36	8	30	
19	31	18	45	21	22	20	14	39	14	19	24	3	44	10	28	30	40	39	40	46	11	45	3	25	41	39	27	3	24	18	27	43	32	43	25	12	19	1	16	29	8	10	22	18	16	11	14	42	44	45	33	17	12	19	20	16	29	5	6	
12	31	34	17	5	2	37	50	10	15	50	3	25	23	47	47	34	15	12	11	32	40	25	6	20	14	36	17	1	9	50	32	27	24	47	21	31	1	6	22	19	12	44	26	9	24	36	45	29	47	46	10	21	49	3	22	8	27	44	33	
40	31	46	10	26	4	33	33	32	14	32	14	30	25	24	28	29	47	50	13	10	20	30	26	36	7	42	34	17	24	50	31	2	44	50	35	13	49	36	25	7	13	42	26	38	18	8	41	46	7	19	27	10	40	7	16	35	36	43	17	
7	45	26	30	34	47	29	46	32	11	44	36	36	48	23	27	21	39	26	40	27	34	4	21	41	47	18	43	3	36	42	8	21	10	32	9	46	4	13	19	45	33	39	19	44	23	29	47	13	34	18	24	7	44	27	16	12	44	10	27	
20	25	25	13	24	23	15	3	43	47	4	21	8	11	13	29	34	20	18	23	49	15	21	12	27	31	38	9	22	32	30	45	28	35	21	29	15	22	26	4	22	50	43	13	17	38	6	17	18	21	47	33	40	42	12	1	41	7	12	38	
35	17	34	34	15	34	8	46	1	7	18	11	43	45	20	42	18	44	30	19	25	44	34	11	23	41	23	44	15	49	27	14	43	14	8	1	44	18	50	11	32	12	29	29	47	7	47	48	32	36	19	49	40	50	43	14	47	22	34	36	
28	35	10	19	49	41	43	31	9	2	33	12	8	5	1	41	30	44	7	47	28	20	24	26	43	37	27	24	26	7	17	42	1	20	31	50	50	46	3	11	12	30	10	42	4	17	16	50	41	32	50	25	14	22	16	30	49	49	10	34	
30	39	23	5	50	31	24	5	5	11	18	10	4	13	40	2	7	28	36	19	31	11	30	26	49	30	2	26	7	30	33	38	12	20	16	7	40	6	12	41	3	48	5	46	28	30	17	20	15	37	33	17	22	3	22	5	50	49	44	39	
37	6	44	7	33	39	4	5	24	19	21	5	22	22	4	48	22	21	39	42	37	37	27	19	23	30	4	22	31	15	24	36	49	21	41	20	1	1	36	12	22	4	13	20	8	25	20	36	5	12	22	11	30	25	42	28	11	46	4	24	
31	47	7	8	48	47	43	28	3	39	47	47	13	35	3	31	50	18	49	3	20	12	21	39	40	24	24	50	18	1	25	20	36	16	48	17	3	42	22	26	16	6	27	7	22	29	45	24	13	46	3	35	23	40	26	33	14	48	21	34	
42	17	18	9	29	2	22	50	24	28	36	45	50	34	14	9	33	35	7	26	41	31	17	4	33	4	45	36	7	34	33	35	9	26	41	30	47	41	3	3	20	28	28	10	7	8	38	30	11	23	50	3	25	33	9	10	28	23	43	35	
