Factories	2
Families	60
Machines	4
SetupType	2

Number of Jobs in each Family
4	7	10	8	7	7	6	9	3	6	5	7	1	3	6	4	1	2	1	8	7	6	5	7	6	5	10	7	7	2	6	3	7	7	5	3	7	10	6	3	10	9	2	4	3	5	1	8	2	9	2	10	8	1	3	9	8	1	1	2	

Jobs in each Family
0	1	2	3	
4	5	6	7	8	9	10	
11	12	13	14	15	16	17	18	19	20	
21	22	23	24	25	26	27	28	
29	30	31	32	33	34	35	
36	37	38	39	40	41	42	
43	44	45	46	47	48	
49	50	51	52	53	54	55	56	57	
58	59	60	
61	62	63	64	65	66	
67	68	69	70	71	
72	73	74	75	76	77	78	
79	
80	81	82	
83	84	85	86	87	88	
89	90	91	92	
93	
94	95	
96	
97	98	99	100	101	102	103	104	
105	106	107	108	109	110	111	
112	113	114	115	116	117	
118	119	120	121	122	
123	124	125	126	127	128	129	
130	131	132	133	134	135	
136	137	138	139	140	
141	142	143	144	145	146	147	148	149	150	
151	152	153	154	155	156	157	
158	159	160	161	162	163	164	
165	166	
167	168	169	170	171	172	
173	174	175	
176	177	178	179	180	181	182	
183	184	185	186	187	188	189	
190	191	192	193	194	
195	196	197	
198	199	200	201	202	203	204	
205	206	207	208	209	210	211	212	213	214	
215	216	217	218	219	220	
221	222	223	
224	225	226	227	228	229	230	231	232	233	
234	235	236	237	238	239	240	241	242	
243	244	
245	246	247	248	
249	250	251	
252	253	254	255	256	
257	
258	259	260	261	262	263	264	265	
266	267	
268	269	270	271	272	273	274	275	276	
277	278	
279	280	281	282	283	284	285	286	287	288	
289	290	291	292	293	294	295	296	
297	
298	299	300	
301	302	303	304	305	306	307	308	309	
310	311	312	313	314	315	316	317	
318	
319	
320	321	

Total number of jobs
322

Processing times of jobs
6	2	8	3	
1	5	2	7	
5	4	4	1	
8	5	4	6	
7	8	1	2	
1	7	3	4	
8	6	4	6	
2	8	5	3	
8	2	3	1	
9	1	2	10	
8	5	8	4	
6	7	3	7	
6	4	9	2	
2	5	5	9	
1	5	4	2	
1	5	3	3	
3	4	7	4	
4	5	5	7	
9	9	8	9	
3	2	10	8	
1	1	2	3	
3	5	6	3	
3	8	5	10	
10	2	7	5	
5	7	3	9	
6	7	3	5	
6	2	9	1	
1	4	9	6	
5	1	10	9	
6	4	2	1	
5	2	4	4	
2	5	7	10	
8	6	3	5	
1	1	3	1	
1	5	3	8	
7	10	8	8	
8	8	5	3	
4	10	6	7	
10	4	3	8	
7	4	9	2	
6	3	3	3	
4	1	9	6	
9	8	1	2	
8	6	5	7	
2	8	4	9	
3	6	5	9	
1	2	10	4	
1	9	10	8	
8	7	10	8	
8	5	10	10	
5	2	7	1	
6	10	5	10	
9	6	9	4	
4	4	7	4	
6	3	7	10	
3	6	8	9	
1	2	2	6	
6	10	10	8	
7	4	3	2	
5	6	7	10	
6	10	2	1	
8	7	6	9	
2	7	6	9	
8	1	1	10	
10	8	8	4	
4	4	1	6	
2	8	6	1	
10	4	1	3	
1	10	10	8	
7	5	4	4	
3	4	6	1	
1	8	10	4	
9	5	8	6	
10	9	2	5	
1	10	4	8	
2	7	3	4	
8	8	9	3	
6	2	5	9	
4	8	10	8	
9	9	8	10	
10	7	8	6	
8	7	9	5	
4	10	7	5	
5	3	5	9	
2	4	9	5	
8	6	5	5	
8	5	9	4	
4	7	9	1	
10	4	1	5	
6	4	4	10	
10	8	6	7	
10	7	2	6	
7	7	1	8	
3	3	6	8	
3	5	5	10	
8	6	1	6	
6	4	5	10	
10	2	9	6	
6	7	7	6	
10	10	7	6	
10	8	8	1	
2	3	3	5	
8	5	2	5	
4	3	3	10	
3	4	10	1	
4	3	9	2	
4	6	4	5	
2	6	8	2	
8	9	4	5	
6	4	7	4	
7	5	1	8	
5	1	7	7	
3	10	3	1	
4	10	5	2	
7	5	6	6	
10	5	7	9	
1	3	1	3	
7	1	5	3	
5	2	6	10	
7	2	1	8	
4	1	2	10	
4	9	5	4	
4	7	2	10	
2	3	4	6	
6	8	3	2	
10	6	9	4	
9	3	9	7	
5	4	7	2	
10	2	3	7	
3	8	1	7	
1	10	4	2	
7	10	6	3	
8	10	2	9	
2	3	4	9	
3	8	5	3	
8	6	2	10	
9	3	7	2	
4	1	8	1	
6	6	6	7	
6	9	1	8	
8	7	3	9	
3	10	6	5	
10	5	8	7	
4	4	3	3	
1	2	7	2	
10	4	2	1	
2	5	6	6	
6	7	3	5	
4	9	7	7	
5	7	9	9	
7	7	3	1	
9	3	8	4	
2	9	5	6	
5	3	7	6	
6	9	8	10	
1	8	9	5	
8	10	6	7	
7	10	8	8	
2	9	2	2	
10	5	1	4	
6	6	1	5	
3	6	8	1	
1	3	2	4	
6	9	9	9	
1	2	8	4	
4	5	3	6	
10	3	3	9	
6	5	4	9	
5	2	3	8	
5	3	5	9	
1	3	4	2	
10	4	4	8	
2	10	1	5	
10	10	4	6	
6	8	9	7	
8	5	6	2	
8	7	7	9	
8	4	10	6	
8	4	5	9	
3	7	9	1	
5	8	10	7	
10	4	3	5	
6	2	6	3	
3	7	5	8	
6	5	1	9	
6	6	2	1	
10	9	8	6	
1	4	7	10	
5	9	2	3	
9	9	1	10	
2	3	10	1	
5	7	9	10	
10	6	5	10	
6	7	7	9	
1	6	6	4	
7	2	10	7	
5	10	9	10	
8	7	1	8	
7	5	8	6	
10	8	5	9	
4	8	8	7	
5	9	3	9	
3	7	5	8	
4	9	10	5	
3	2	3	1	
9	2	5	3	
10	8	5	8	
7	8	4	10	
10	7	7	6	
7	4	5	1	
8	4	7	5	
2	8	5	4	
8	8	8	6	
8	10	7	10	
8	8	1	4	
5	6	2	10	
9	3	1	8	
5	6	4	7	
2	7	9	4	
10	7	6	5	
3	2	1	8	
5	9	9	3	
6	9	8	4	
2	3	3	10	
4	4	4	2	
6	1	8	1	
3	7	2	4	
1	3	8	7	
2	1	8	5	
8	7	2	4	
4	1	10	5	
1	7	2	7	
2	2	9	6	
2	5	3	9	
4	7	7	4	
1	8	6	5	
8	10	9	2	
3	5	4	4	
4	3	9	8	
5	8	5	1	
1	4	4	5	
4	9	10	2	
8	5	2	8	
9	2	6	10	
8	1	1	3	
7	4	5	3	
7	5	4	3	
2	4	4	7	
8	10	5	3	
9	1	7	2	
4	2	7	1	
4	9	3	5	
6	5	3	8	
1	8	4	5	
2	6	6	3	
3	5	7	2	
6	7	5	7	
3	5	6	4	
8	2	8	8	
2	3	3	9	
10	10	3	9	
2	4	10	4	
9	7	1	10	
3	9	9	9	
1	6	2	3	
2	2	3	2	
4	9	1	4	
2	3	10	2	
9	4	9	9	
2	6	1	9	
7	6	9	5	
2	4	5	3	
8	6	4	8	
5	1	9	6	
9	7	2	10	
1	3	3	1	
6	9	2	6	
3	4	1	8	
7	5	2	6	
7	3	5	7	
7	4	5	9	
5	3	5	9	
2	9	9	10	
3	7	8	7	
8	3	10	8	
2	8	9	4	
3	9	3	4	
3	10	3	2	
8	6	4	3	
5	9	3	2	
2	9	6	9	
3	8	3	1	
10	5	5	9	
8	9	5	7	
4	9	9	4	
6	5	9	10	
8	5	8	5	
2	9	1	5	
4	10	5	3	
9	8	2	4	
4	5	5	6	
10	9	1	8	
9	9	6	5	
4	6	6	10	
1	7	3	9	
10	5	3	4	
2	6	2	5	
4	6	4	5	
2	4	1	4	
6	1	1	10	
2	10	8	10	
8	1	6	1	
1	9	1	4	
9	8	10	8	
10	8	7	9	
9	1	10	5	
5	5	4	2	
8	6	10	4	
9	6	1	7	
7	8	5	4	
6	1	8	8	
6	2	4	5	

Stepup times between Families, where [f][f] represents initial setup time
On machine	1
47	32	34	18	34	35	4	48	18	42	36	29	42	38	25	45	37	35	50	39	34	37	22	42	25	24	3	8	20	34	15	8	28	36	18	9	34	49	48	33	23	33	27	15	46	36	8	30	49	43	5	38	19	15	46	36	17	26	5	40	
3	13	28	26	45	38	42	45	47	15	8	46	19	44	49	4	48	23	41	11	30	22	10	45	49	8	15	7	42	36	25	35	20	46	5	38	33	10	40	5	14	46	25	33	1	35	5	45	46	42	48	25	46	11	2	16	5	17	29	32	
2	44	48	50	36	34	49	21	10	21	28	27	16	50	48	25	27	9	5	10	32	20	12	8	48	42	49	16	37	45	47	34	41	21	1	5	23	47	35	44	1	5	11	18	31	18	45	17	45	24	5	40	16	13	2	30	7	50	40	36	
20	4	29	25	50	41	29	3	3	14	26	50	15	27	33	14	34	25	50	20	38	48	36	42	12	48	2	22	11	1	2	36	22	30	19	38	47	7	45	12	41	35	34	39	14	5	2	41	22	28	21	27	27	2	31	23	32	11	6	3	
7	12	34	3	44	17	3	34	44	19	18	35	11	39	25	50	33	36	34	12	43	14	49	16	15	38	26	20	34	8	6	16	5	11	32	49	8	47	32	30	16	31	2	20	35	6	5	32	21	50	12	2	20	21	16	7	33	23	11	20	
19	43	31	32	42	30	48	7	41	47	29	17	34	25	37	2	45	15	28	40	37	45	25	22	38	36	2	12	39	8	43	26	50	18	33	25	33	30	40	5	20	11	36	10	10	19	34	42	34	45	40	3	3	30	11	45	43	9	10	32	
35	41	36	24	1	37	30	44	38	4	30	40	27	35	33	12	36	42	7	41	25	34	35	24	35	33	16	13	28	10	30	28	22	19	36	45	24	48	13	30	29	16	34	3	29	41	34	23	35	10	38	40	16	11	30	30	26	31	36	12	
43	21	35	13	39	38	47	42	19	37	6	30	23	37	46	7	31	21	40	42	5	16	48	7	37	16	42	22	15	14	2	4	39	26	21	46	43	31	22	8	41	17	38	47	48	29	3	23	42	33	7	50	36	10	43	11	44	5	15	7	
36	9	20	34	39	3	36	25	32	38	20	48	46	36	11	12	42	46	8	30	18	15	43	44	20	49	14	36	19	19	19	3	36	18	10	13	31	18	15	4	16	39	17	35	32	7	7	26	41	28	21	47	11	39	43	21	4	27	27	34	
44	8	1	31	18	1	31	2	14	49	44	28	1	24	29	36	26	27	49	32	22	29	16	2	34	25	2	8	17	20	44	16	9	46	27	22	2	42	30	10	48	8	14	17	3	37	22	9	31	6	11	47	12	21	42	24	44	42	6	32	
47	36	2	37	48	33	15	13	35	29	7	29	4	24	39	48	18	50	15	49	47	38	22	31	25	40	33	26	27	8	25	22	12	30	41	20	9	39	34	15	6	15	44	45	15	35	45	22	1	21	2	44	3	48	30	29	27	36	41	35	
48	24	16	49	8	26	33	18	34	29	12	13	35	50	48	5	43	3	17	28	21	19	23	8	35	27	35	32	44	28	7	26	12	39	5	9	24	43	25	35	41	3	39	34	37	33	43	7	11	34	41	1	7	18	25	10	30	17	24	19	
9	14	7	10	25	19	24	19	12	4	31	37	12	8	32	44	18	48	7	44	18	18	8	28	15	34	8	9	15	23	39	11	22	9	3	42	36	10	3	24	18	25	1	47	22	42	41	34	1	26	22	31	10	43	28	24	32	5	39	23	
14	17	6	17	9	14	46	50	2	43	13	21	1	26	24	43	12	2	17	19	15	31	19	23	12	13	45	25	4	47	27	24	44	19	38	6	5	37	36	49	45	12	43	21	30	23	23	12	27	16	20	2	38	9	39	33	7	49	8	42	
8	44	13	31	2	15	21	22	44	44	30	16	48	12	1	37	1	18	42	31	45	10	8	14	7	21	36	50	43	35	21	10	27	44	43	32	47	7	3	12	37	12	20	18	38	3	1	24	9	6	11	17	4	45	44	6	22	11	40	35	
11	39	22	38	11	45	29	38	45	13	27	50	37	33	34	26	3	26	41	12	4	18	32	13	39	45	10	7	10	4	45	40	45	27	37	27	37	46	43	3	30	32	18	34	28	48	3	5	9	7	38	38	21	34	21	17	11	17	44	35	
26	10	34	22	48	49	25	48	41	21	3	25	25	30	6	33	39	19	11	10	5	34	32	45	1	17	36	36	42	19	49	29	39	4	29	50	23	3	35	50	40	19	21	18	19	20	37	12	41	1	32	18	44	15	29	18	2	27	5	49	
33	8	18	23	41	22	16	29	10	35	3	7	43	49	5	8	8	17	17	20	19	32	21	32	45	21	8	48	19	6	38	29	47	18	31	6	40	40	23	8	42	25	49	10	22	3	1	14	21	31	32	20	35	50	22	46	2	4	16	36	
1	14	3	34	40	21	2	42	22	8	12	8	27	34	13	13	12	23	29	23	45	42	22	28	45	11	1	9	9	17	37	3	16	25	32	20	33	19	15	34	15	34	32	26	38	22	40	11	8	34	10	34	28	42	35	35	4	50	5	46	
18	47	25	30	3	45	32	45	5	30	42	27	27	1	50	45	6	14	43	38	46	21	47	37	33	25	18	6	5	17	23	4	39	8	21	22	3	31	12	7	46	21	6	41	43	43	21	28	45	5	40	18	15	44	3	23	31	30	2	29	
27	15	11	6	18	2	17	41	24	19	16	33	11	8	2	17	12	43	39	43	26	49	33	49	41	6	40	31	40	49	12	2	18	43	29	15	41	25	43	38	1	30	42	18	31	4	12	5	25	19	12	13	32	20	12	20	17	7	24	36	
20	22	20	26	46	47	22	2	20	43	17	6	14	17	41	38	30	9	34	46	18	18	24	37	43	41	18	45	10	19	24	7	46	50	35	48	35	44	24	43	17	2	22	12	6	30	17	34	14	50	8	6	7	20	22	4	18	29	1	44	
18	24	48	50	19	25	39	18	23	47	19	5	20	46	49	47	26	5	28	30	32	7	3	4	17	37	13	29	38	42	41	47	16	40	18	48	20	49	48	28	10	35	31	48	43	22	8	26	8	39	50	50	27	40	32	37	5	32	3	32	
35	47	23	1	39	31	31	5	6	38	47	29	38	33	33	22	32	36	25	20	9	47	48	14	22	26	23	8	34	47	20	6	33	10	37	2	3	30	18	4	45	27	12	25	27	19	22	32	40	50	18	43	50	11	3	29	16	5	10	26	
17	27	42	19	3	49	6	16	18	31	17	29	1	16	49	49	31	4	13	27	36	20	20	48	29	10	21	27	19	18	11	29	8	44	18	50	42	12	12	17	22	31	12	9	17	21	6	4	41	10	21	25	47	4	5	44	6	6	40	33	
5	7	49	4	41	43	21	47	9	31	49	50	27	27	13	45	30	39	46	35	16	45	21	24	29	22	45	50	4	25	20	9	9	9	16	19	13	26	37	17	7	4	38	5	47	9	30	47	38	16	22	29	21	49	2	25	34	32	35	9	
38	11	38	8	10	46	6	48	27	35	28	25	50	41	15	27	20	21	44	29	36	32	24	30	2	40	7	6	43	19	6	2	19	40	45	45	48	38	36	18	21	22	38	8	34	5	3	36	12	21	6	16	9	47	8	3	49	26	17	14	
45	3	26	2	36	20	27	35	24	35	5	2	6	25	15	47	48	22	16	41	1	49	2	6	7	23	4	22	33	7	34	44	8	33	15	6	5	5	38	23	37	25	3	44	6	29	28	10	39	20	30	11	29	46	40	20	9	17	25	38	
49	19	10	23	15	14	12	3	40	3	4	8	43	41	36	44	8	2	16	24	1	39	16	35	26	50	45	1	2	20	39	5	5	13	18	44	39	24	29	3	32	19	50	47	31	28	33	15	9	25	3	5	11	3	24	30	42	12	49	22	
6	42	16	2	22	37	2	50	50	15	12	9	14	37	12	24	29	40	6	4	33	18	35	49	14	34	45	1	32	22	16	24	30	20	31	50	45	7	24	14	15	33	27	48	32	13	4	24	34	4	41	37	35	26	39	49	10	6	39	13	
1	31	49	24	49	8	9	27	36	21	49	28	41	40	9	35	45	45	15	11	29	50	8	43	30	31	21	32	20	38	18	34	42	5	4	47	31	30	16	18	30	9	31	43	50	1	15	45	40	35	19	7	48	24	28	46	43	12	15	44	
31	33	31	43	15	46	41	26	4	18	34	45	44	15	23	35	25	40	21	9	45	31	25	17	18	34	12	40	30	45	12	3	5	45	46	25	24	35	19	49	29	10	32	29	4	1	21	38	42	19	5	50	5	17	17	48	28	26	8	13	
5	9	6	6	32	41	5	39	50	36	40	45	21	6	34	40	17	44	17	5	10	12	15	48	39	6	7	22	10	41	12	6	13	14	9	37	35	19	30	18	2	12	19	19	14	23	48	27	46	35	42	5	24	45	4	4	29	26	50	5	
10	19	30	5	27	17	22	39	41	47	48	19	34	44	14	48	17	41	38	27	21	50	16	4	48	6	44	47	1	41	36	20	50	33	48	19	47	26	30	44	29	5	44	5	13	42	29	17	47	9	1	1	49	12	8	16	39	3	41	26	
44	43	40	31	15	40	25	28	50	48	7	46	18	7	18	50	48	15	11	1	23	24	24	20	28	27	12	44	16	6	24	36	7	10	44	7	33	42	42	41	45	4	13	4	24	16	40	13	11	8	24	33	17	46	27	43	41	15	36	14	
37	19	22	6	3	16	26	29	46	29	45	19	14	49	40	11	5	8	36	16	37	46	17	5	37	23	36	3	23	14	27	25	32	13	5	29	1	3	7	14	38	17	36	33	6	2	23	11	34	28	47	50	35	32	28	28	49	29	29	44	
48	45	21	1	49	36	9	50	37	27	43	5	40	42	18	28	26	17	14	38	28	19	4	3	13	44	13	42	45	8	3	27	9	8	36	10	20	23	7	24	23	44	26	35	10	3	2	23	28	9	15	5	15	5	43	12	6	17	17	26	
17	17	9	27	48	20	30	22	37	25	9	13	16	43	47	45	18	33	47	11	43	30	21	12	16	44	48	28	9	5	34	32	46	30	35	21	20	48	10	15	4	38	13	18	33	42	7	35	44	48	1	42	43	45	40	50	32	42	27	23	
12	30	16	4	29	18	21	50	4	6	7	28	33	46	33	32	4	44	25	6	15	45	12	5	3	36	5	18	43	39	21	26	35	42	46	22	21	39	45	3	10	44	37	4	4	42	24	40	4	2	35	24	20	2	36	16	50	50	16	5	
4	20	12	25	25	9	32	17	42	46	37	19	43	22	20	13	18	40	23	15	4	31	13	41	38	31	45	29	14	32	27	8	36	22	12	31	39	31	32	49	4	41	28	40	32	4	44	44	10	33	8	22	48	46	19	50	31	10	17	23	
30	28	13	32	17	15	10	30	48	22	25	8	48	42	39	29	23	50	32	47	5	15	5	32	15	33	49	20	3	15	14	37	50	47	48	36	39	32	10	29	32	32	25	10	27	34	10	44	21	6	49	30	11	11	32	27	40	35	38	43	
23	39	35	27	49	33	31	24	37	23	3	13	19	7	17	4	38	33	33	17	9	11	41	6	43	45	22	24	21	49	38	15	18	20	15	13	16	45	28	37	44	22	3	38	47	26	25	23	39	38	19	33	47	41	12	28	45	25	49	35	
36	39	23	29	27	15	44	20	4	21	41	42	19	7	4	17	29	15	37	46	2	46	38	41	7	18	30	44	26	7	17	28	22	30	35	15	32	33	14	48	21	20	43	46	47	13	45	40	27	4	16	4	25	21	36	25	10	18	20	21	
3	10	7	10	30	16	19	8	33	24	4	50	27	47	10	46	10	30	44	34	11	1	24	43	50	25	40	43	33	9	28	19	4	6	14	34	21	23	9	5	20	12	12	25	38	23	4	15	36	7	42	5	17	14	31	3	15	18	38	48	
17	45	32	6	22	14	42	34	16	42	39	7	41	29	6	10	16	15	40	48	14	36	17	26	40	16	20	35	38	12	41	14	13	48	49	37	7	19	25	12	49	11	14	41	48	45	5	16	21	29	22	30	27	44	17	16	36	30	2	23	
27	31	1	22	17	50	34	47	42	37	20	35	16	3	9	6	28	42	5	28	4	32	36	23	33	21	23	50	21	46	33	32	40	1	14	27	5	38	9	21	50	36	7	35	8	8	38	27	38	22	28	23	30	6	7	44	41	9	39	27	
41	33	13	13	10	29	21	26	30	24	18	42	1	46	46	29	8	27	29	34	7	14	9	35	6	32	13	17	18	30	6	34	5	29	24	25	32	3	10	40	23	28	23	12	12	49	21	44	30	12	35	34	11	32	12	1	20	12	17	42	
24	40	16	36	32	50	16	21	13	45	43	28	42	44	40	23	40	39	17	45	33	1	26	38	5	6	42	22	18	41	7	6	20	26	49	19	1	16	14	40	21	43	33	27	26	20	37	14	25	48	41	7	18	24	26	33	19	14	5	19	
31	16	17	8	3	42	36	12	4	25	41	15	3	33	12	27	6	18	6	7	13	35	1	29	49	33	12	14	34	50	45	37	42	13	38	2	7	3	13	50	27	43	45	20	31	17	18	29	26	32	17	1	1	44	11	16	3	9	32	12	
17	24	7	13	20	43	14	15	36	15	36	42	19	18	24	48	27	27	22	21	25	21	38	21	27	49	19	30	17	47	34	6	22	12	9	8	8	34	24	31	13	43	13	3	39	31	11	4	21	15	17	18	33	13	29	14	23	8	24	8	
5	13	23	25	42	3	17	21	44	43	36	45	1	1	39	40	41	42	14	33	38	14	1	10	33	13	43	17	3	13	2	10	43	34	21	28	49	21	6	12	46	10	50	21	43	6	45	2	24	15	37	2	14	34	20	23	10	47	49	26	
38	50	23	6	38	38	4	11	30	37	33	12	9	10	9	18	8	2	49	27	33	24	9	22	31	8	12	43	16	20	9	42	46	43	34	19	39	17	1	11	44	42	28	11	24	14	19	49	12	20	7	42	4	15	12	40	18	49	45	15	
48	20	13	41	42	29	32	32	23	13	11	23	1	18	5	23	23	9	12	3	31	20	41	19	8	26	28	48	44	15	13	37	13	18	44	42	31	8	19	35	45	18	36	32	18	39	16	1	4	14	33	9	38	15	10	49	18	49	46	43	
7	20	28	17	27	14	34	1	34	17	45	24	23	39	32	31	10	2	15	40	24	1	20	37	32	45	31	34	28	41	3	11	38	37	19	23	41	47	5	1	11	23	37	22	37	30	41	21	49	42	25	10	37	3	43	12	41	19	4	15	
37	5	30	18	7	24	39	22	8	15	10	29	8	24	5	5	8	30	22	25	26	9	27	2	21	36	11	3	4	12	13	25	40	47	36	45	49	22	23	49	34	35	45	49	11	20	11	28	7	42	27	25	18	34	49	48	20	16	17	1	
22	13	34	18	13	2	22	7	25	37	47	37	16	39	38	48	32	41	37	30	10	34	36	8	35	47	25	25	19	40	29	4	39	9	40	41	40	6	25	2	25	24	3	33	14	41	6	2	33	33	38	32	46	10	22	5	33	12	9	13	
35	41	43	4	32	24	13	32	36	9	32	4	18	37	6	37	15	37	1	30	19	9	1	21	32	2	43	1	43	5	24	49	27	46	17	45	49	41	1	34	26	29	36	12	17	28	21	41	16	23	10	24	3	13	36	48	48	10	6	25	
8	22	29	30	31	18	5	47	39	14	39	1	45	30	33	16	29	33	19	10	13	10	45	49	32	37	23	34	5	30	47	42	19	21	6	9	31	33	36	41	41	27	17	40	42	27	37	11	40	37	37	20	42	23	14	14	42	7	8	25	
38	12	26	47	6	30	35	13	38	17	5	27	45	30	8	18	43	50	2	17	46	20	38	50	6	40	18	46	1	15	28	6	31	35	18	3	50	4	20	44	41	47	46	46	44	21	26	27	18	10	45	48	8	17	15	21	47	36	7	2	
38	33	21	7	9	11	43	17	22	33	16	7	6	11	11	50	1	32	1	43	18	22	43	2	13	6	17	46	21	15	35	26	8	17	9	28	42	16	28	37	40	22	15	20	30	1	23	13	50	43	18	9	18	8	8	39	41	4	47	26	
On machine	2
46	35	27	3	14	7	41	26	17	44	3	16	33	28	47	7	34	37	26	14	26	50	31	35	42	48	20	44	19	37	27	23	35	50	28	11	35	37	26	4	41	3	16	15	41	35	7	27	20	25	46	44	4	47	13	42	5	14	45	20	
36	33	13	2	28	46	1	49	43	12	36	14	6	1	36	21	1	47	16	39	35	17	34	13	38	31	28	21	36	32	20	50	24	37	3	37	10	45	27	43	42	14	5	22	27	28	17	43	26	31	28	50	36	15	7	7	29	22	2	41	
23	7	21	40	26	24	24	11	12	48	29	38	47	12	8	49	18	25	3	12	40	2	49	49	25	22	22	37	21	18	38	41	20	27	38	33	33	34	30	14	7	3	48	27	31	41	21	23	34	26	19	39	45	30	8	10	17	20	19	5	
37	21	22	24	4	30	36	16	11	10	41	7	49	11	39	36	14	45	8	29	12	36	32	4	26	44	3	17	18	9	40	50	44	7	9	41	34	17	46	48	22	40	14	11	36	23	3	3	45	24	35	44	12	10	26	10	22	26	34	9	
37	35	5	23	20	46	27	43	11	10	6	14	7	10	24	35	26	15	36	23	35	41	37	1	29	28	39	40	6	20	3	4	49	30	26	29	8	28	38	48	32	42	4	22	33	44	5	34	41	39	42	28	34	40	3	25	46	28	27	27	
9	4	17	19	18	40	45	31	40	38	23	49	39	12	49	3	47	10	21	48	29	35	25	13	46	48	45	29	45	41	18	34	41	8	37	3	13	25	32	50	31	10	4	35	18	2	3	45	22	10	41	10	34	1	28	9	28	11	5	36	
3	30	25	10	8	6	26	26	34	13	31	47	22	30	1	11	18	43	32	29	46	44	7	9	10	46	46	23	21	20	17	26	21	29	31	48	9	24	31	28	26	32	6	24	15	14	22	46	48	15	20	27	31	46	27	44	41	30	27	34	
42	15	48	18	49	15	40	13	41	37	7	48	26	21	8	24	9	12	12	29	45	49	36	48	4	30	29	2	38	40	23	15	34	20	38	22	46	34	24	29	9	33	25	24	3	38	38	30	29	36	20	41	41	37	9	9	50	13	46	44	
8	38	4	11	5	7	43	26	34	46	27	25	11	19	44	41	17	41	35	47	11	18	14	37	48	25	13	40	37	39	29	41	50	11	43	7	5	33	24	49	30	29	10	23	31	32	41	18	26	16	27	42	6	38	14	15	38	37	48	17	
22	22	2	34	44	47	38	29	31	14	46	14	43	25	41	49	7	8	34	5	30	21	42	18	5	39	28	22	25	15	46	21	28	20	5	10	14	35	15	44	24	39	11	21	31	22	2	24	7	35	7	22	43	38	43	40	14	49	33	40	
7	15	28	44	3	47	16	41	11	7	11	45	36	9	19	38	11	30	49	41	45	46	45	47	5	39	35	42	50	43	42	17	5	29	18	9	10	44	50	24	32	34	44	11	30	24	47	34	9	19	26	16	14	40	10	32	19	7	5	17	
23	48	23	44	22	28	8	29	2	50	40	2	20	50	21	15	49	18	5	21	36	46	10	38	33	35	26	2	16	44	44	33	40	36	28	22	35	48	29	39	15	9	24	34	9	4	2	2	11	37	37	18	23	29	32	39	15	44	8	25	
37	30	13	33	34	13	15	23	2	43	28	32	42	42	10	25	31	28	33	11	17	47	29	18	37	22	25	26	38	33	39	40	36	31	45	47	35	20	26	8	44	13	27	9	9	37	8	36	46	36	13	18	8	26	14	20	14	7	29	11	
5	12	25	45	43	27	5	32	47	24	40	15	37	12	30	11	49	48	48	2	6	24	11	8	4	22	33	33	28	20	16	11	48	29	20	48	37	30	32	35	43	15	22	5	9	4	49	37	25	45	29	33	11	6	49	24	8	10	10	4	
8	43	47	41	46	8	2	6	21	2	32	44	1	10	42	32	48	39	23	9	29	28	4	42	38	25	4	13	27	18	43	40	47	8	4	48	18	11	33	44	12	37	15	34	43	43	40	3	49	31	41	40	14	17	31	37	10	6	17	16	
1	4	46	19	48	12	33	9	48	12	30	4	18	11	13	9	41	32	21	17	38	27	16	1	8	27	34	50	6	27	7	46	12	10	20	44	41	35	41	24	49	19	10	34	32	1	39	44	10	25	49	15	21	39	5	35	40	40	24	16	
8	13	24	10	25	8	21	41	41	21	16	48	9	7	31	13	17	27	49	41	41	36	22	12	13	28	50	11	43	21	21	34	21	18	3	33	27	4	39	32	47	13	49	43	13	28	17	5	21	49	13	3	4	45	7	30	25	5	25	38	
20	15	7	20	28	18	40	20	3	20	19	6	29	8	6	14	40	22	15	31	15	37	8	31	15	16	26	12	27	46	14	15	9	2	37	18	25	31	41	13	49	27	42	12	29	29	17	25	30	41	37	8	19	29	13	12	2	44	34	29	
38	41	17	50	2	28	21	45	2	29	23	45	26	9	26	24	6	49	1	9	2	39	37	19	11	45	28	41	34	5	45	8	19	17	3	38	31	33	2	43	30	16	2	25	13	19	23	4	7	26	48	11	37	14	34	47	32	37	35	40	
13	40	21	32	8	25	13	35	4	45	46	43	36	25	30	16	12	40	40	9	28	50	48	45	41	20	38	23	20	8	9	32	15	28	11	26	42	41	40	4	47	5	35	17	46	8	49	43	14	22	39	49	46	8	12	2	3	6	25	42	
19	22	38	6	31	40	19	39	31	34	48	31	25	21	24	29	31	12	32	31	3	13	16	9	8	2	40	48	20	34	26	20	7	29	4	15	10	31	37	26	2	42	1	26	1	12	5	15	36	6	12	39	14	9	37	34	47	19	14	20	
50	36	41	30	35	43	17	27	48	43	4	34	20	31	20	3	14	20	4	35	5	2	3	23	21	26	19	21	19	28	23	50	15	24	7	5	36	46	30	32	19	45	35	35	3	35	10	23	50	14	16	8	27	30	9	20	13	7	37	13	
10	27	40	21	30	44	48	48	21	16	30	26	8	40	28	4	38	24	48	34	37	48	45	27	47	34	33	38	5	48	17	41	19	18	27	46	40	40	40	40	24	31	25	45	13	46	19	12	16	10	44	24	50	7	39	23	45	44	35	11	
41	7	37	28	37	14	46	24	48	36	28	32	31	19	23	36	22	16	32	32	15	10	46	25	26	39	41	38	24	37	43	42	44	44	45	36	1	47	49	48	23	44	30	3	1	40	40	15	23	16	39	33	29	34	26	38	46	47	41	17	
19	19	6	32	13	49	26	16	43	44	20	34	41	20	48	20	25	19	5	43	15	10	35	36	30	31	34	26	16	27	20	33	6	18	8	33	27	46	20	14	8	3	31	21	42	37	3	6	17	10	26	34	5	14	37	40	14	28	14	38	
42	46	9	47	41	4	37	41	8	25	33	50	15	1	46	5	27	49	38	13	8	25	21	32	29	24	45	50	11	17	42	35	38	48	13	12	11	19	16	41	24	6	26	11	14	12	8	44	9	30	15	28	3	14	19	32	5	21	47	45	
43	26	1	33	30	15	32	38	9	33	25	45	40	25	14	16	49	14	14	43	12	48	48	16	20	35	47	23	27	13	33	11	24	29	4	6	8	37	11	24	10	16	8	16	11	39	31	5	45	14	3	27	21	23	7	30	40	38	21	35	
48	31	30	23	34	50	43	49	20	28	27	28	49	6	34	33	7	10	31	6	33	2	45	17	15	5	28	15	36	45	43	2	50	32	19	34	31	28	6	20	26	28	12	17	38	37	38	39	9	27	37	42	26	31	31	18	38	28	2	41	
26	39	50	19	29	40	50	17	29	35	34	28	18	15	14	29	19	25	12	11	24	37	9	7	14	25	9	50	40	43	42	31	26	4	36	4	42	49	43	37	44	24	43	44	9	8	8	41	47	5	30	8	6	4	27	38	49	5	23	13	
22	46	26	3	11	38	27	30	4	11	38	20	47	15	49	11	14	1	48	44	33	23	23	19	20	12	41	42	29	21	42	10	8	17	6	48	35	39	21	46	45	2	45	41	27	29	3	30	38	28	12	14	23	47	7	20	25	22	2	22	
8	9	38	7	2	38	18	32	26	5	1	27	37	7	7	6	11	30	45	6	1	29	29	34	18	19	34	14	27	12	1	33	42	1	1	39	4	17	35	6	32	48	6	34	35	45	43	44	25	4	33	42	48	6	50	14	19	21	10	25	
39	43	30	8	11	15	25	31	7	18	34	3	20	30	10	4	34	36	37	5	39	48	14	24	35	27	46	5	18	46	8	2	8	9	1	18	23	16	39	20	33	49	11	40	24	27	5	50	9	49	29	32	18	10	34	33	50	26	4	11	
38	37	26	3	20	3	46	9	16	15	10	47	15	20	50	12	23	33	5	40	11	48	42	42	5	37	46	22	25	21	1	47	44	4	26	24	43	31	16	2	37	12	8	12	48	3	19	21	38	7	41	33	6	17	22	22	20	26	6	2	
1	43	16	2	32	4	44	19	6	1	17	23	15	18	7	2	39	23	23	22	36	5	36	28	2	20	35	41	46	35	20	24	30	22	30	35	6	45	36	35	14	1	39	26	3	41	49	15	20	50	22	33	11	1	45	50	4	38	30	35	
44	11	15	15	10	22	46	19	19	31	41	38	20	4	27	32	17	43	29	7	5	24	10	9	37	15	41	46	11	15	29	15	34	11	7	24	4	5	36	11	16	2	2	25	34	10	12	26	35	50	30	3	2	47	36	48	33	3	7	3	
48	46	5	2	35	44	11	41	15	17	42	47	38	44	18	43	34	42	44	14	48	34	20	8	45	5	17	37	28	35	22	2	37	27	4	37	40	33	17	29	7	16	8	48	18	43	23	50	20	17	11	8	21	4	7	45	14	32	43	37	
29	45	23	29	28	49	38	7	23	36	29	44	45	12	47	48	38	36	19	30	5	19	2	33	1	30	45	35	19	46	20	16	38	4	13	43	33	2	42	19	35	40	8	32	47	46	13	19	6	3	29	19	48	30	29	13	8	35	50	14	
28	46	9	35	38	8	2	28	22	46	34	4	23	15	50	26	18	25	40	40	7	13	47	47	4	48	20	19	14	38	15	16	5	30	40	42	18	25	50	43	15	3	38	3	7	49	5	7	49	39	21	50	40	31	35	1	18	5	9	28	
15	9	11	14	11	11	49	12	16	37	38	38	40	11	47	27	27	26	8	21	50	9	31	40	13	19	26	26	36	13	13	5	17	31	26	18	33	35	38	9	14	22	18	50	37	25	40	48	28	30	33	12	20	23	18	47	15	11	6	39	
12	18	25	25	42	23	48	15	20	15	14	22	21	44	10	10	42	31	15	27	1	45	36	45	6	49	32	29	27	16	46	16	26	15	17	1	18	34	22	32	14	46	3	46	42	49	37	22	16	30	26	30	19	19	16	26	17	7	42	19	
43	11	6	38	40	12	21	42	5	45	46	5	39	50	1	50	10	11	25	31	4	24	29	37	42	18	3	16	37	30	4	24	34	8	46	30	27	1	35	42	7	36	18	24	44	22	40	31	17	26	40	3	5	14	14	28	32	36	30	19	
14	18	12	7	16	16	33	39	36	26	8	20	23	38	43	22	40	36	24	3	21	1	29	33	19	14	8	11	11	22	5	15	25	36	44	23	36	9	33	2	46	7	48	36	12	29	25	5	17	15	42	9	22	44	31	21	20	23	28	49	
26	18	50	4	5	32	47	33	29	43	34	47	47	34	43	28	29	19	25	20	26	13	35	47	31	27	16	40	29	3	42	47	5	2	44	44	36	3	26	8	1	24	45	11	21	13	40	1	24	18	7	22	30	35	16	25	4	22	44	3	
29	17	20	2	20	16	1	36	11	27	1	39	45	8	41	20	1	31	36	24	23	18	49	37	17	20	31	4	9	1	11	18	47	43	20	50	19	20	20	3	35	16	48	45	18	47	22	40	10	6	15	1	33	43	40	3	26	35	18	41	
26	50	49	43	3	44	1	16	17	35	7	8	42	13	27	16	4	29	2	46	32	39	13	46	39	35	18	28	18	31	12	28	30	5	43	19	31	42	12	35	36	18	50	9	41	9	3	17	3	20	21	3	16	15	21	14	18	47	7	28	
19	42	7	35	7	49	30	20	41	46	35	48	26	25	26	47	21	32	45	5	39	41	33	16	19	32	49	49	10	1	34	12	48	33	27	37	3	34	4	47	23	17	8	38	49	9	33	29	50	37	37	25	29	20	31	48	45	8	45	38	
35	18	1	11	4	4	5	2	26	40	41	41	45	40	3	9	48	24	19	44	6	46	23	14	39	42	28	3	9	37	23	6	23	33	38	29	11	34	6	37	15	1	38	19	19	6	12	26	40	20	36	29	14	15	45	15	11	6	8	7	
38	1	2	20	46	14	18	29	7	3	4	4	33	29	31	2	1	35	50	41	6	33	7	40	39	48	33	31	18	4	5	29	34	27	41	21	24	29	30	49	9	22	18	11	24	4	24	5	43	14	14	33	36	13	25	10	48	29	4	22	
38	18	25	11	32	45	46	24	41	24	38	31	10	19	27	19	9	20	38	47	8	11	6	38	36	24	18	43	12	12	43	1	34	41	27	36	6	11	47	50	1	3	34	27	33	21	10	31	37	21	19	23	39	28	34	13	35	48	18	4	
35	31	8	8	11	16	22	9	49	37	26	31	10	41	39	44	41	18	15	25	2	34	30	37	5	47	3	25	44	32	42	13	13	36	41	11	1	21	42	11	8	47	16	34	1	4	38	32	48	1	13	17	43	33	37	44	18	34	45	15	
33	38	14	31	7	8	3	27	49	45	37	31	13	13	9	35	49	4	2	48	10	12	26	50	44	27	42	14	4	3	22	12	35	10	22	41	18	27	28	5	46	28	15	13	37	41	27	24	43	49	26	4	12	38	28	24	16	21	18	3	
4	2	1	24	11	42	29	39	30	24	34	42	7	28	29	10	47	21	15	4	49	1	4	39	47	33	48	42	34	3	9	41	13	27	40	26	13	10	15	3	2	46	26	21	28	13	43	46	39	37	18	28	9	18	38	14	41	35	2	35	
46	47	9	34	42	4	26	25	46	22	14	44	23	17	28	20	17	41	35	42	37	44	8	34	50	8	44	30	31	12	8	8	3	2	1	27	13	30	5	26	17	18	13	24	39	35	19	18	9	45	40	20	45	42	19	2	19	11	27	14	
26	16	3	22	8	39	3	23	8	11	7	33	36	39	1	32	15	7	47	10	35	27	46	43	7	32	26	3	31	31	30	33	22	30	29	12	49	10	19	33	39	41	31	38	18	22	24	11	20	6	12	36	18	38	40	4	35	13	5	33	
38	9	31	44	36	4	12	5	22	14	24	41	12	26	31	5	10	21	42	34	6	42	19	10	44	10	15	47	31	1	2	27	31	29	44	45	32	17	33	17	4	33	14	4	11	6	49	22	36	23	23	42	36	20	24	17	29	12	22	7	
41	10	1	44	35	11	36	7	7	3	10	39	46	49	2	5	14	19	6	4	14	12	3	2	48	44	39	20	17	2	37	30	11	35	37	35	10	7	31	44	26	5	12	50	17	26	8	49	29	19	3	37	25	8	3	39	45	34	41	3	
40	32	32	1	45	6	49	7	24	33	49	42	9	37	31	7	6	42	48	17	6	27	2	50	28	41	32	18	38	12	34	6	18	29	31	28	23	32	31	41	44	5	4	10	47	25	25	5	19	43	49	12	10	45	25	9	10	46	20	13	
21	44	34	14	27	34	22	10	7	9	43	28	25	39	23	19	47	30	7	31	38	39	37	31	50	23	42	44	50	19	15	35	27	48	16	33	21	45	37	4	20	28	37	44	7	48	7	41	23	8	9	28	8	41	41	40	43	27	29	17	
8	23	1	21	4	9	38	44	16	3	22	7	29	11	26	44	4	28	10	42	39	34	19	31	2	21	29	14	21	7	31	36	6	38	33	34	29	39	13	2	9	32	12	6	26	36	4	38	26	24	4	13	35	16	40	31	34	4	37	40	
8	11	11	50	43	9	18	23	5	5	41	50	21	38	44	15	4	21	41	45	45	48	33	18	41	25	33	44	35	15	36	37	11	3	23	28	46	46	20	31	29	36	38	9	19	27	44	17	28	41	16	23	42	27	8	8	41	49	42	25	
On machine	3
28	8	4	40	27	27	19	35	19	41	49	9	45	10	43	39	33	5	38	6	14	12	44	38	48	18	28	14	41	42	49	39	13	37	1	34	33	30	7	7	47	18	9	13	25	7	50	7	37	42	41	15	35	41	27	45	49	11	13	21	
23	20	38	21	21	7	44	34	49	36	14	1	7	19	35	40	35	1	50	35	32	8	35	4	25	43	15	8	29	31	1	4	5	5	49	2	25	33	35	42	27	24	21	20	39	33	18	44	17	36	11	8	15	19	42	2	33	4	17	32	
4	34	34	14	27	46	37	33	29	19	44	1	27	17	28	5	27	32	17	22	45	37	31	14	10	46	33	32	16	22	11	47	43	40	21	24	23	41	47	39	28	16	48	29	21	23	5	21	18	20	46	8	4	10	49	30	22	35	36	7	
28	29	41	18	32	20	14	34	27	3	43	38	17	4	5	34	27	16	24	8	37	14	3	32	37	45	5	47	30	35	29	30	34	23	43	41	1	42	43	31	30	50	27	1	46	49	48	47	25	33	13	45	33	20	42	6	3	29	27	23	
45	13	29	13	43	32	32	32	43	42	49	27	39	27	17	13	31	13	13	25	3	45	33	2	23	20	35	43	50	18	26	27	19	30	6	5	43	36	17	15	25	2	22	10	33	10	36	43	33	44	50	15	49	38	17	40	11	48	7	39	
44	14	21	1	2	29	29	17	1	46	40	38	45	40	37	5	6	45	29	38	5	36	34	4	22	33	17	13	21	1	4	16	26	19	47	28	3	10	42	46	9	22	13	22	13	3	26	49	48	8	42	33	32	33	11	20	1	28	23	28	
50	29	8	22	31	32	28	48	13	12	7	1	24	22	50	49	48	39	21	48	42	24	23	23	4	12	40	13	37	41	40	2	23	10	37	42	6	3	20	40	29	28	21	9	43	38	20	36	16	41	11	2	15	17	8	10	31	29	41	45	
10	38	50	40	11	9	44	23	9	16	23	11	29	50	2	45	32	42	47	45	43	9	16	18	23	26	20	49	11	43	48	47	14	15	33	43	30	34	6	30	12	18	49	38	22	35	40	2	46	8	35	43	35	36	13	26	19	42	19	8	
38	27	2	11	18	38	24	47	8	15	49	8	31	5	19	40	22	5	6	49	1	22	47	40	39	12	50	29	46	1	31	42	4	19	11	1	21	35	9	31	33	42	21	21	22	39	37	28	10	32	45	46	28	41	46	36	2	49	39	24	
30	23	5	49	43	25	5	37	2	1	29	47	3	9	6	27	9	48	45	19	9	2	24	44	34	13	18	34	12	19	35	26	40	44	26	48	17	30	13	34	11	30	30	25	50	20	41	23	42	26	37	37	5	2	39	16	6	9	15	32	
19	31	24	48	21	16	48	36	18	19	25	42	20	13	24	44	11	1	16	15	47	48	44	13	11	34	10	11	38	30	12	37	37	5	50	39	15	22	13	13	16	44	41	22	37	43	28	1	5	21	39	46	46	5	2	20	17	13	13	18	
42	40	35	41	5	46	6	6	11	43	32	22	5	22	22	44	50	44	46	6	11	36	43	3	8	39	13	37	44	8	24	48	2	23	30	47	7	41	41	47	2	29	35	29	13	35	45	29	29	38	16	1	35	48	41	31	10	37	34	35	
23	49	36	6	18	7	31	31	39	10	40	33	18	11	22	9	27	15	26	28	20	32	49	15	32	9	21	11	9	7	26	23	30	1	35	38	14	8	5	29	28	37	38	29	28	33	31	26	44	8	13	46	9	27	24	20	12	3	21	36	
41	33	5	6	36	11	39	41	47	37	27	45	43	20	12	36	48	41	33	19	6	10	12	14	36	47	39	41	19	14	18	21	17	19	49	6	22	6	20	10	14	36	23	29	12	47	21	31	4	47	8	33	36	49	29	35	44	7	48	48	
39	40	6	4	45	35	49	42	14	31	35	26	28	17	3	18	30	45	10	49	38	7	48	5	49	3	40	38	28	43	39	17	37	11	33	50	29	13	25	16	37	48	15	14	41	22	1	27	33	13	48	33	29	34	39	28	41	15	27	7	
37	21	20	13	5	44	19	28	49	19	21	48	4	30	41	35	6	9	16	24	20	13	39	30	7	32	49	20	31	25	5	35	21	23	36	29	15	31	33	15	30	22	15	21	45	19	44	30	33	16	6	38	50	26	37	13	44	42	17	6	
5	26	43	23	4	15	18	43	48	17	18	46	26	32	22	50	48	39	1	8	46	1	9	35	45	26	18	14	41	21	34	34	40	7	16	8	7	25	2	11	49	15	2	32	19	15	29	3	32	46	49	40	13	2	22	41	22	41	29	20	
29	21	13	44	27	4	48	7	13	2	8	12	22	31	31	20	34	31	24	22	8	10	15	2	47	37	24	22	8	13	20	8	46	46	36	33	34	43	35	41	48	4	44	14	20	25	5	2	44	42	15	8	1	37	32	43	4	45	17	18	
7	16	23	13	13	48	37	22	24	7	8	7	35	26	1	46	34	22	45	7	47	26	12	5	46	11	14	6	36	24	5	42	40	24	13	14	9	13	37	38	20	47	36	38	37	29	14	7	22	7	43	25	5	41	48	6	5	34	1	20	
10	27	43	32	48	26	13	8	42	8	44	18	8	17	42	47	19	1	30	38	19	40	23	50	41	12	6	22	20	41	14	26	15	37	9	33	25	8	3	4	31	12	36	2	36	50	50	34	49	4	2	40	19	38	16	17	37	44	25	44	
28	14	13	19	37	50	1	46	20	9	13	16	43	45	42	8	29	12	36	40	49	22	5	17	15	23	20	23	5	47	10	31	26	35	44	2	27	50	33	31	31	14	44	49	2	50	32	46	8	15	18	14	12	49	48	48	24	45	22	48	
3	40	6	22	6	18	6	37	26	48	24	8	33	23	50	16	28	41	23	25	36	25	10	45	29	2	42	21	44	40	11	34	32	27	42	38	41	27	19	9	22	22	47	47	43	22	7	20	6	48	23	3	8	4	2	48	35	18	20	15	
50	40	48	48	5	28	3	38	28	40	20	24	31	33	30	14	27	26	22	4	43	45	42	26	10	14	48	25	26	17	2	48	12	45	41	44	28	43	6	38	9	35	21	50	30	43	49	16	10	32	27	37	48	44	9	48	8	31	26	5	
45	50	10	27	27	34	22	35	40	43	27	43	43	5	30	10	40	9	4	12	12	22	40	28	1	38	8	25	49	50	34	38	43	49	35	37	6	23	47	9	2	8	22	17	27	25	30	35	48	23	28	44	16	43	28	40	14	15	6	30	
18	27	20	35	18	30	23	1	2	5	32	44	8	5	6	34	21	37	39	11	45	7	13	17	29	21	33	48	29	32	43	17	17	3	22	12	28	25	36	16	13	9	23	6	45	13	9	4	1	48	10	18	23	17	13	35	11	36	46	32	
11	12	11	5	25	37	28	26	14	15	45	22	35	29	44	5	43	14	35	11	16	48	21	7	48	44	41	40	23	46	47	45	22	9	39	47	49	13	47	42	3	26	36	12	6	9	43	8	47	19	21	2	29	23	46	6	19	20	10	32	
12	27	2	34	38	11	25	42	37	23	8	47	41	21	32	6	42	3	6	22	10	23	9	9	13	45	16	48	25	50	24	13	17	19	12	32	10	50	37	9	40	2	43	4	17	10	47	16	21	23	34	26	50	3	10	38	36	33	15	6	
2	37	49	2	4	30	17	16	50	32	12	27	29	17	38	49	46	38	25	7	35	38	18	26	10	16	22	23	15	39	13	47	29	29	11	17	37	15	7	3	3	3	10	31	24	6	14	9	23	9	33	22	32	4	19	1	45	6	13	1	
19	28	34	24	33	12	19	37	21	12	43	18	18	15	39	48	22	50	45	18	36	19	43	25	26	26	15	2	39	30	20	37	6	37	19	2	34	30	36	15	25	8	43	41	13	33	48	44	48	49	45	18	37	18	25	22	8	22	24	24	
22	8	17	16	21	10	33	50	45	33	31	41	45	22	21	43	13	35	37	42	22	49	42	6	39	34	8	10	29	47	13	16	17	48	30	1	40	31	40	46	45	33	3	19	40	20	34	39	5	19	25	6	44	50	3	41	13	50	3	11	
3	31	6	22	41	2	40	26	2	12	26	41	2	26	9	21	11	22	20	12	38	45	22	28	5	12	1	50	14	38	27	50	7	44	45	37	41	6	47	31	20	15	31	43	17	7	44	29	40	26	24	43	22	25	50	31	10	49	8	22	
18	49	13	29	24	17	7	17	8	30	3	33	6	34	12	35	49	2	33	48	36	48	43	13	45	19	8	42	10	35	18	1	20	35	2	42	22	14	43	11	44	6	15	42	30	31	32	41	22	35	27	39	18	33	10	33	42	35	46	15	
29	17	29	39	4	11	19	4	42	30	3	37	47	18	9	17	11	47	39	41	2	14	42	10	36	13	13	1	6	30	30	4	25	49	38	46	19	27	41	40	38	32	41	8	44	49	30	49	43	6	17	5	34	31	36	50	16	48	38	6	
28	10	35	50	16	42	35	19	22	32	17	46	9	26	1	41	2	45	28	49	30	14	4	46	25	8	47	29	47	16	31	12	24	32	18	19	44	17	38	34	35	38	15	28	50	25	9	12	3	21	19	2	24	13	41	50	8	47	22	23	
10	27	21	40	24	33	10	34	17	46	26	39	23	40	23	47	15	6	44	1	44	4	28	4	4	5	22	26	14	39	40	30	18	5	5	34	20	49	40	6	21	1	26	38	30	34	13	7	39	26	41	3	26	6	45	18	44	46	27	23	
17	16	3	4	8	10	36	15	44	50	27	42	16	1	22	26	43	15	30	33	49	24	6	46	15	5	47	38	45	20	7	1	1	15	15	48	16	30	2	40	46	37	10	19	46	47	30	41	29	5	5	28	35	24	41	35	24	24	34	45	
22	29	15	24	15	3	32	10	36	39	12	11	15	27	44	38	29	43	41	24	16	17	39	15	14	15	27	15	24	7	22	27	32	26	7	29	16	46	29	7	25	40	46	17	6	2	42	10	43	4	27	29	43	22	49	9	49	33	26	7	
33	9	14	15	27	25	43	15	8	8	21	4	18	37	48	22	50	43	18	17	18	46	36	29	11	27	10	17	48	32	36	18	12	4	4	28	7	8	5	18	24	5	43	11	13	15	5	33	21	16	38	16	3	35	30	5	14	37	31	2	
45	30	26	35	33	29	16	45	14	39	21	46	36	15	10	30	49	27	21	30	26	31	6	6	33	15	42	14	29	40	41	34	5	45	4	13	1	6	47	15	32	32	11	4	3	1	31	35	29	38	36	30	11	18	45	42	48	34	11	21	
37	5	23	8	3	9	10	19	43	37	48	16	47	15	1	16	38	39	49	38	1	49	44	12	23	37	14	35	4	36	11	27	20	18	29	25	42	22	41	25	1	40	22	47	19	16	45	15	19	25	5	14	8	42	24	9	31	14	45	38	
35	15	34	45	3	13	49	10	2	48	11	44	28	17	7	13	50	46	41	6	35	31	2	8	35	28	11	48	19	9	36	14	50	16	12	11	4	40	38	16	11	1	5	47	2	33	13	29	26	13	19	20	37	17	40	40	16	23	7	11	
32	45	5	10	21	27	26	48	24	47	28	12	7	10	29	27	2	38	4	16	24	6	30	28	2	23	25	19	43	20	36	3	8	12	25	5	32	8	14	9	50	34	31	49	3	1	21	35	47	11	42	19	17	35	45	28	36	37	29	49	
21	15	40	4	18	47	6	45	12	15	46	15	24	45	32	13	11	4	12	16	18	19	48	7	38	39	24	1	41	31	15	4	33	33	14	19	5	25	42	37	18	36	17	31	41	12	21	1	19	41	14	1	25	2	45	41	1	4	9	25	
30	43	46	16	40	50	9	44	27	30	14	12	16	41	20	30	47	11	35	15	27	24	28	30	6	10	4	38	28	21	31	4	10	24	8	41	31	7	26	12	3	48	7	39	21	18	41	39	13	39	38	49	48	26	26	34	28	15	40	22	
22	38	6	39	17	42	35	44	40	10	20	18	46	14	11	47	22	19	12	29	4	34	42	36	38	16	12	1	34	31	15	6	46	42	22	1	48	30	21	11	45	14	16	44	30	43	32	4	39	46	22	43	32	40	46	19	13	38	47	26	
47	45	15	49	9	33	34	25	44	41	39	38	5	41	43	31	44	37	14	21	36	30	45	33	20	31	22	12	5	25	45	13	33	33	42	12	11	30	4	8	43	37	6	45	3	46	30	9	17	43	20	28	22	39	27	38	3	47	26	3	
1	15	38	22	5	33	39	48	4	27	8	38	26	50	1	23	35	45	30	19	43	25	35	18	16	37	50	9	23	8	33	7	24	10	11	17	20	35	13	2	28	26	15	7	18	43	13	23	10	26	31	39	40	45	14	23	19	20	27	33	
41	36	40	27	35	44	6	27	46	41	48	43	19	3	43	50	9	28	13	2	47	19	21	6	27	49	10	46	20	34	49	9	40	2	46	9	8	1	11	14	11	5	8	29	29	6	13	29	46	46	10	9	10	44	13	29	13	13	3	50	
43	43	6	41	32	22	2	2	15	11	7	34	8	11	12	25	33	12	35	21	24	29	33	32	26	14	37	43	37	47	21	22	2	22	24	38	44	50	31	1	37	40	10	1	6	27	2	23	20	30	37	37	31	32	15	33	46	24	41	41	
13	27	28	5	42	47	33	2	28	16	26	3	33	19	35	2	18	37	36	35	39	4	18	6	1	13	22	33	38	40	30	21	24	10	14	17	36	43	16	28	15	38	46	19	7	40	8	14	36	5	10	16	34	7	44	15	29	14	12	42	
42	7	26	22	21	2	14	15	34	3	8	30	30	46	8	9	26	3	15	22	48	30	21	13	48	13	21	28	22	7	23	45	33	35	22	8	24	42	23	15	13	13	1	17	45	22	44	11	49	46	21	37	36	6	6	44	44	28	22	28	
31	45	2	1	24	16	14	19	46	3	18	42	32	31	37	2	7	42	28	8	30	15	22	21	8	15	3	1	20	40	8	9	50	16	10	7	46	10	34	28	43	35	13	24	23	11	26	6	42	21	50	50	40	34	18	34	36	33	38	35	
32	19	44	4	23	5	35	38	36	41	17	42	18	44	46	33	17	39	36	26	9	33	1	30	20	27	30	39	4	20	21	22	49	35	45	23	34	49	45	8	44	16	19	32	50	26	34	43	5	34	16	32	3	21	30	33	28	33	31	8	
22	3	49	41	18	41	50	45	30	30	14	20	50	7	32	21	15	37	39	45	23	29	7	17	38	30	6	50	49	23	47	18	28	21	41	16	31	1	48	43	37	14	35	18	43	17	33	29	31	24	35	29	34	28	49	13	35	46	28	46	
10	3	26	8	7	18	36	27	7	50	14	31	23	33	5	24	26	35	38	20	49	33	37	27	47	42	36	14	13	11	39	10	37	40	16	17	38	47	3	26	43	37	11	10	20	3	41	45	11	29	45	1	42	30	47	16	48	23	33	1	
48	48	48	41	14	6	37	50	44	14	23	25	31	8	23	42	7	16	26	16	41	35	45	34	49	11	32	8	35	15	8	31	17	24	16	23	38	15	44	12	41	5	25	9	12	27	2	28	36	6	19	42	33	17	9	40	35	38	36	8	
37	48	15	34	37	29	26	1	20	3	30	2	27	8	8	1	47	22	36	28	39	30	13	42	35	11	1	44	44	3	15	13	7	2	43	44	4	48	48	12	27	17	23	10	11	23	43	20	32	21	16	39	12	48	49	34	40	14	31	15	
30	50	16	8	44	36	2	10	42	47	36	45	8	5	23	49	28	2	2	6	4	35	39	20	8	4	30	32	19	5	35	44	44	21	41	38	24	42	24	32	40	26	49	3	39	14	11	4	25	46	27	20	14	22	19	16	46	22	7	41	
34	16	31	31	31	24	39	37	39	47	40	1	27	1	15	41	8	40	47	22	11	33	15	37	40	39	42	16	3	24	15	19	50	8	25	49	48	16	18	46	5	24	5	19	12	22	50	24	30	44	1	36	38	14	14	48	37	46	44	13	
35	16	15	35	33	25	11	42	9	17	2	48	48	29	23	42	48	15	3	6	16	2	4	5	40	2	10	26	5	28	32	12	44	38	1	14	20	25	1	2	46	49	20	32	10	18	20	17	3	30	14	34	36	26	50	46	8	23	40	47	
On machine	4
42	44	2	23	43	43	19	5	36	20	11	4	17	32	38	10	43	11	26	35	33	26	38	42	27	21	9	17	49	9	14	8	38	10	50	11	39	47	20	31	5	32	43	35	38	20	6	22	41	46	39	6	31	47	21	42	32	28	50	45	
27	50	7	37	44	49	43	17	18	21	9	40	10	1	2	18	25	11	11	44	46	40	28	16	26	2	25	17	39	5	30	4	38	24	21	31	6	43	1	40	27	34	11	19	47	18	45	42	34	41	31	12	45	46	46	26	48	34	17	42	
34	39	42	40	3	4	38	12	50	28	47	19	7	14	32	28	7	17	18	43	19	9	6	3	17	30	21	20	20	49	19	48	30	50	15	4	6	48	45	9	29	5	42	15	46	31	36	23	23	21	3	19	12	13	3	33	5	41	45	23	
41	5	1	26	18	7	2	23	43	11	16	11	24	18	47	1	25	45	9	27	9	17	17	30	38	49	4	25	11	43	49	50	39	5	24	38	49	32	34	15	20	49	45	28	43	19	46	19	37	4	35	41	24	35	30	15	2	47	28	25	
18	50	35	24	25	36	35	20	20	41	36	20	4	49	45	27	25	2	39	38	18	37	36	22	1	31	34	32	35	35	35	43	50	26	41	8	14	4	15	36	23	16	17	3	28	47	34	34	1	29	50	49	19	4	22	37	40	50	39	7	
47	7	33	38	15	31	4	23	36	10	15	35	44	6	39	38	46	46	46	16	47	13	22	19	16	17	21	38	50	41	8	8	12	41	17	15	27	26	4	12	49	36	44	44	32	27	50	4	13	44	38	11	38	27	48	19	50	14	15	23	
18	20	24	7	11	27	5	14	47	37	20	13	8	2	41	46	46	23	34	37	42	26	4	18	37	1	9	32	2	7	7	45	40	32	9	41	41	39	49	7	13	39	34	33	26	4	1	48	41	43	46	49	25	6	3	42	6	40	25	45	
36	34	34	32	29	5	17	48	38	36	20	49	43	7	18	23	28	8	5	46	31	11	29	26	33	1	21	26	1	18	33	35	5	17	37	33	3	17	24	39	7	36	11	24	32	45	25	6	19	28	7	14	10	9	25	40	30	37	42	41	
41	41	41	41	14	44	44	43	33	28	27	5	25	31	35	37	3	11	33	13	29	9	9	45	36	7	16	28	27	46	19	46	37	15	25	3	39	37	3	41	42	12	25	4	16	21	21	3	24	23	20	15	20	45	19	11	37	1	2	27	
43	4	14	42	14	42	32	38	24	31	13	2	6	11	2	42	33	44	6	25	26	21	17	9	47	31	46	19	47	29	36	18	30	39	50	19	7	42	48	39	3	10	13	40	6	31	14	9	37	50	11	48	14	6	12	46	41	10	39	22	
19	33	10	9	33	9	31	10	10	50	41	3	22	41	26	26	40	28	21	39	22	23	9	5	24	43	7	40	48	6	31	11	38	16	16	41	37	24	19	4	33	34	1	35	9	43	46	36	29	41	15	41	7	28	45	43	22	36	29	20	
25	27	7	1	17	32	17	21	46	39	3	28	31	25	21	48	32	44	17	42	44	38	45	43	23	47	33	26	15	50	4	48	37	43	10	13	14	17	28	38	2	44	9	5	15	40	32	45	21	10	9	1	11	23	12	36	30	28	7	43	
24	47	29	4	14	30	31	46	46	25	21	11	16	27	29	28	45	25	14	6	38	38	4	16	9	46	38	14	30	17	3	29	30	43	26	45	29	41	31	20	11	38	50	32	35	24	42	50	44	12	5	30	39	38	12	24	37	43	45	50	
8	40	44	3	10	50	27	18	35	27	11	12	33	6	40	16	26	41	49	27	41	11	42	42	34	21	23	26	11	10	44	18	7	43	7	44	50	12	25	43	10	8	23	41	18	29	37	17	28	10	21	44	14	50	1	25	23	49	31	26	
24	15	17	38	14	2	6	23	2	42	30	31	14	3	7	14	11	3	41	32	9	33	28	24	36	40	44	19	41	29	20	38	11	37	28	49	14	9	39	49	41	14	37	32	32	26	50	16	6	11	34	17	1	10	30	46	21	39	18	22	
39	35	9	13	38	6	48	1	49	4	42	41	24	19	48	43	11	29	20	20	23	47	23	29	47	8	41	49	50	23	9	38	29	43	1	31	48	34	1	19	11	44	20	6	17	34	47	44	46	40	43	41	13	4	13	41	16	3	9	28	
42	46	39	11	2	5	21	25	30	47	10	15	35	35	1	12	49	29	25	42	22	25	40	1	1	11	2	41	6	12	2	20	1	34	29	10	7	30	31	20	32	39	41	42	14	30	43	44	27	28	8	2	21	45	15	43	43	26	34	29	
12	14	26	50	4	5	25	31	8	18	45	33	50	36	24	47	24	2	31	37	35	33	40	29	35	28	23	37	40	25	29	16	37	20	37	3	10	49	41	21	12	6	46	19	39	46	46	31	16	16	14	24	20	50	4	36	39	3	28	44	
35	49	6	10	31	21	49	35	19	16	44	39	5	29	21	26	32	23	43	21	21	25	14	20	21	14	36	9	48	11	24	32	20	17	5	4	5	45	42	13	11	10	35	48	34	21	45	23	25	25	27	48	13	47	23	24	26	24	22	7	
38	10	46	41	28	5	2	41	14	33	34	24	30	31	8	41	40	32	10	24	27	39	5	5	44	13	35	31	14	32	5	46	50	24	48	3	37	32	44	40	42	24	45	15	9	12	35	43	43	24	30	31	3	35	12	22	49	39	46	7	
28	19	12	40	19	43	18	9	24	18	30	46	2	26	50	7	48	33	49	9	10	33	5	35	36	50	15	6	18	20	6	7	38	35	9	14	37	41	49	3	4	47	30	8	14	10	24	27	5	28	46	35	48	17	19	23	46	17	50	49	
21	38	37	32	40	26	44	13	15	1	38	39	45	21	50	33	35	46	15	26	1	23	48	36	29	40	30	30	41	21	41	9	24	2	27	35	47	20	41	47	36	13	34	31	2	6	31	22	40	20	23	48	17	34	9	38	36	47	30	27	
30	43	18	27	22	43	6	29	46	13	20	20	12	10	20	10	29	18	3	13	5	34	17	22	15	20	4	43	45	46	29	16	26	17	7	38	3	1	16	1	2	34	44	11	19	12	5	38	25	38	46	35	49	39	3	40	33	22	29	36	
47	15	45	27	48	38	27	50	16	17	26	44	25	5	24	40	12	34	14	47	49	12	30	43	20	35	25	18	36	38	48	36	23	26	45	13	10	19	32	29	8	1	19	8	5	37	46	46	18	8	38	45	38	3	42	14	9	19	29	7	
21	5	45	27	19	3	34	2	7	8	26	30	16	26	37	36	10	5	10	47	16	50	12	11	24	38	8	15	37	7	44	22	9	47	42	5	24	18	3	43	26	46	21	3	24	46	2	26	50	13	41	1	7	7	36	33	19	45	36	7	
37	46	7	12	35	20	48	23	24	45	48	31	17	43	10	49	30	16	45	35	15	1	13	21	25	39	30	8	45	34	8	5	49	46	24	8	43	30	4	7	48	35	31	13	6	9	43	49	40	7	48	27	9	5	22	46	46	43	20	22	
16	43	26	33	13	37	35	40	25	29	43	24	19	24	19	46	36	19	6	2	22	36	45	37	24	15	17	6	25	28	15	18	12	50	25	20	44	12	4	17	32	37	47	48	8	13	1	12	20	27	38	19	8	22	39	28	4	14	49	17	
11	38	47	13	41	26	30	6	5	12	24	4	29	25	20	29	43	5	50	28	7	22	12	33	6	49	24	2	16	35	41	10	50	46	14	48	17	43	50	2	17	29	50	39	23	39	1	19	16	30	10	42	33	28	8	35	50	32	24	18	
27	14	17	17	13	45	4	6	6	36	47	46	12	22	3	38	48	14	18	50	17	6	25	40	4	30	6	25	6	2	22	26	42	34	21	47	1	24	23	26	29	43	23	46	5	27	20	34	22	49	49	25	40	27	47	29	14	46	7	4	
1	41	2	49	33	7	35	31	44	2	30	21	25	35	29	18	1	18	14	24	37	8	43	5	47	43	44	12	3	48	33	20	38	12	49	3	49	31	9	8	15	3	22	11	38	26	4	7	2	31	32	40	45	37	38	24	25	45	8	26	
27	14	24	43	32	41	21	25	30	36	15	43	31	14	14	41	11	35	41	41	2	36	5	10	46	15	3	7	41	31	11	40	16	48	42	16	45	24	10	44	50	34	7	5	24	17	8	12	47	42	2	10	46	1	36	49	18	35	32	36	
20	43	15	40	42	47	30	26	31	20	31	31	25	34	31	39	50	32	26	17	44	12	33	30	1	10	1	47	45	43	19	37	34	39	22	40	29	40	41	11	23	37	14	13	32	28	17	49	30	9	27	23	27	41	22	50	32	13	6	19	
49	46	47	6	2	43	33	9	42	41	27	39	16	16	12	24	25	43	14	8	29	28	7	35	2	12	21	17	29	27	48	18	21	20	16	11	18	13	33	41	6	29	12	31	34	13	33	37	38	20	7	33	20	7	28	18	34	47	8	32	
14	46	43	39	2	37	30	35	22	5	15	5	28	48	38	3	26	19	33	20	50	47	37	49	9	40	11	12	16	11	25	22	3	19	41	37	25	37	14	44	48	23	41	8	38	24	50	8	39	20	9	11	36	48	30	35	45	41	24	10	
22	11	35	1	20	43	33	20	4	24	45	48	43	37	25	49	14	15	31	7	31	36	41	41	44	25	48	14	35	4	8	32	17	6	7	27	21	42	25	21	43	2	3	33	29	16	50	19	15	29	17	19	35	3	15	47	39	16	38	49	
37	40	27	39	12	19	27	47	6	46	47	32	31	7	40	36	10	46	3	16	38	25	30	21	50	5	19	41	28	6	3	8	16	41	7	31	31	40	3	49	1	12	44	18	45	25	8	42	1	10	9	41	48	5	28	12	50	11	42	23	
31	13	32	18	34	33	33	33	25	24	10	12	28	31	19	1	11	7	31	4	7	25	10	8	15	24	4	17	38	17	31	20	26	36	14	13	46	4	27	26	41	41	12	5	6	13	26	28	50	33	18	5	34	3	2	19	43	5	8	16	
11	6	48	33	8	9	30	20	19	30	9	34	17	29	41	5	30	45	39	2	7	4	48	11	31	30	3	15	46	14	40	48	13	8	11	2	46	13	43	35	49	31	40	2	7	4	50	29	7	49	34	1	27	17	3	18	37	15	15	33	
12	21	39	10	48	20	21	24	5	44	20	31	11	47	49	34	24	36	13	34	19	45	24	42	28	34	5	43	10	20	28	44	31	24	11	3	31	38	6	5	10	16	16	7	5	27	35	43	27	23	36	3	48	37	27	33	12	3	40	30	
14	40	16	15	31	25	15	22	39	2	38	7	17	40	3	49	28	9	18	45	3	31	32	42	1	9	45	27	36	33	1	42	10	3	7	16	4	4	35	34	29	27	16	50	8	10	25	16	21	11	50	17	48	8	17	30	15	29	35	44	
7	34	15	22	3	50	37	27	22	27	1	50	48	33	22	43	10	1	30	46	22	31	27	42	6	35	42	36	3	14	5	33	24	15	16	31	28	21	37	19	48	21	50	49	26	13	8	4	14	5	33	30	26	37	25	10	49	22	29	23	
8	44	50	31	49	34	20	42	46	40	30	34	45	32	40	22	17	7	45	10	34	47	38	36	44	41	43	18	24	32	18	26	48	36	6	49	21	32	15	1	29	47	7	25	50	38	28	33	8	22	44	41	33	49	49	19	44	25	31	4	
9	42	20	2	23	1	21	26	6	47	10	23	45	31	14	33	27	31	46	19	44	10	50	38	2	19	27	28	45	33	27	47	26	26	49	2	26	35	2	35	19	35	31	38	41	8	45	41	6	3	40	25	13	25	11	12	41	7	49	34	
20	30	39	1	41	12	22	50	12	50	39	45	31	48	8	11	8	17	21	38	8	46	13	36	22	1	43	20	31	3	17	16	43	22	26	9	33	39	45	25	47	38	45	46	30	25	42	2	30	27	9	38	18	34	21	45	46	10	20	21	
27	40	29	12	13	20	38	38	42	10	6	49	7	43	34	21	27	30	36	22	6	20	4	12	49	38	6	35	47	33	14	2	33	38	26	29	40	1	5	11	18	35	32	2	33	22	40	9	14	34	14	48	11	12	28	4	5	44	45	47	
26	35	38	38	48	12	48	4	49	19	15	47	41	49	35	1	43	17	16	37	46	35	18	22	13	35	11	17	6	9	35	13	31	32	38	29	26	12	7	10	5	16	10	31	18	38	17	25	45	14	38	28	2	32	12	49	45	5	23	29	
50	50	31	38	39	21	48	50	42	3	33	45	38	47	13	12	34	38	43	22	15	4	48	25	24	21	28	23	34	32	14	3	41	35	48	17	3	48	40	13	41	15	27	1	39	47	3	28	38	49	7	34	4	7	43	13	17	2	50	45	
32	46	8	34	35	50	15	3	23	25	33	26	35	42	28	40	24	38	31	20	2	21	49	28	43	42	25	34	14	50	36	7	24	26	45	34	44	24	7	25	42	12	40	32	9	33	24	32	10	5	17	43	14	4	30	8	20	28	26	37	
39	44	26	10	35	46	37	26	12	8	21	48	15	3	7	2	15	44	43	22	18	50	29	22	7	45	32	5	24	15	5	12	1	44	50	41	5	32	4	38	41	48	6	49	8	23	32	14	46	38	31	14	2	37	12	38	38	6	8	3	
34	36	21	9	47	43	38	31	34	44	43	25	14	41	50	9	33	28	19	34	23	37	5	13	27	50	44	50	45	2	28	34	26	7	20	27	37	49	9	37	33	18	43	31	24	31	9	35	32	25	5	37	49	18	35	3	34	3	5	5	
11	26	34	46	19	43	32	1	47	34	34	3	43	14	29	39	10	30	43	25	2	37	36	23	50	19	9	12	11	44	30	25	29	4	3	49	29	22	29	29	44	38	37	46	49	50	13	42	2	14	11	32	41	50	2	31	50	46	36	15	
24	33	41	21	5	30	33	10	33	24	13	37	5	15	28	26	12	33	9	21	14	41	1	17	21	38	38	24	19	19	13	39	33	1	43	45	40	12	7	50	2	27	44	46	39	37	38	46	40	11	32	17	33	19	43	49	46	15	43	39	
15	26	4	26	25	24	50	26	27	40	47	20	18	7	50	44	29	22	1	28	1	23	5	28	28	38	27	5	13	19	25	5	34	34	45	12	34	43	6	14	22	5	7	40	10	6	43	48	7	6	19	21	28	34	35	23	28	38	31	35	
46	15	22	7	9	29	25	44	36	19	28	34	12	26	16	21	15	18	45	45	31	22	1	14	44	44	46	30	21	6	30	11	13	2	46	4	5	10	50	20	22	40	38	49	8	25	2	50	35	14	22	32	36	4	5	19	19	1	20	36	
43	44	39	34	32	48	11	30	47	43	16	15	27	14	42	19	16	39	33	36	14	18	35	12	21	49	43	7	20	37	39	35	8	40	43	24	10	30	49	8	37	27	5	12	43	12	47	3	40	2	27	46	43	34	41	30	44	22	48	20	
3	46	23	24	23	10	30	10	2	28	50	3	25	8	48	16	30	39	18	5	43	16	23	24	7	32	6	5	44	4	24	11	43	43	30	46	39	24	24	29	39	38	2	36	38	32	50	8	23	47	4	6	34	47	30	15	3	16	12	44	
2	4	42	24	19	20	48	33	23	44	16	8	49	4	49	38	45	28	37	41	34	5	39	22	32	44	10	25	36	38	28	47	44	20	44	4	43	21	23	38	16	22	40	14	38	18	19	42	47	22	17	26	5	31	29	30	2	21	11	3	
44	48	46	21	27	43	40	44	38	20	23	41	4	3	26	8	37	39	13	45	37	7	20	1	38	9	16	45	4	41	2	17	7	30	6	46	32	32	47	5	3	43	33	13	4	1	29	20	43	25	14	28	21	25	29	37	14	3	12	25	
24	16	5	12	34	49	4	44	21	45	17	28	17	14	22	14	43	44	39	39	11	31	32	37	49	1	15	39	44	11	48	16	29	27	42	41	28	1	23	26	18	41	2	22	2	37	49	29	40	41	13	29	25	14	39	17	34	39	17	26	
46	47	42	41	46	30	10	44	21	34	32	45	6	22	43	26	26	50	42	49	13	23	33	47	15	44	48	8	13	47	24	15	2	42	14	12	29	21	5	5	24	26	1	11	46	30	19	30	4	25	31	7	7	11	13	1	5	25	23	42	
