Factories	2
Families	40
Machines	2
SetupType	1

Number of Jobs in each Family
7	10	2	5	6	7	4	9	7	10	6	9	7	5	2	5	7	5	5	7	5	9	5	9	5	6	5	8	3	1	9	6	9	4	5	7	7	10	7	9	

Jobs in each Family
0	1	2	3	4	5	6	
7	8	9	10	11	12	13	14	15	16	
17	18	
19	20	21	22	23	
24	25	26	27	28	29	
30	31	32	33	34	35	36	
37	38	39	40	
41	42	43	44	45	46	47	48	49	
50	51	52	53	54	55	56	
57	58	59	60	61	62	63	64	65	66	
67	68	69	70	71	72	
73	74	75	76	77	78	79	80	81	
82	83	84	85	86	87	88	
89	90	91	92	93	
94	95	
96	97	98	99	100	
101	102	103	104	105	106	107	
108	109	110	111	112	
113	114	115	116	117	
118	119	120	121	122	123	124	
125	126	127	128	129	
130	131	132	133	134	135	136	137	138	
139	140	141	142	143	
144	145	146	147	148	149	150	151	152	
153	154	155	156	157	
158	159	160	161	162	163	
164	165	166	167	168	
169	170	171	172	173	174	175	176	
177	178	179	
180	
181	182	183	184	185	186	187	188	189	
190	191	192	193	194	195	
196	197	198	199	200	201	202	203	204	
205	206	207	208	
209	210	211	212	213	
214	215	216	217	218	219	220	
221	222	223	224	225	226	227	
228	229	230	231	232	233	234	235	236	237	
238	239	240	241	242	243	244	
245	246	247	248	249	250	251	252	253	

Total number of jobs
254

Processing times of jobs
4	5	
3	3	
2	2	
5	6	
1	6	
10	5	
8	5	
6	6	
5	1	
4	10	
2	3	
2	9	
5	10	
9	2	
1	9	
4	8	
3	9	
6	7	
6	5	
1	2	
7	7	
6	5	
9	3	
5	8	
3	10	
3	2	
5	1	
8	10	
9	8	
8	2	
3	5	
8	5	
8	6	
9	2	
8	7	
3	1	
3	9	
6	1	
8	10	
10	5	
1	4	
4	4	
10	2	
9	9	
7	9	
5	8	
5	6	
9	5	
6	1	
4	8	
7	10	
7	4	
9	7	
6	5	
4	4	
5	3	
6	10	
10	10	
4	7	
3	10	
3	1	
1	9	
5	6	
8	8	
1	6	
10	1	
2	2	
6	3	
6	5	
7	1	
7	10	
7	5	
1	1	
8	6	
3	1	
7	9	
10	9	
3	4	
7	5	
9	1	
1	10	
2	3	
4	8	
9	10	
3	5	
6	9	
2	2	
5	5	
6	2	
2	4	
2	5	
6	2	
7	4	
7	8	
1	5	
3	10	
1	1	
9	4	
7	10	
5	1	
3	6	
3	6	
5	5	
10	5	
7	2	
9	4	
1	10	
3	5	
6	5	
7	5	
10	7	
9	9	
1	4	
6	1	
7	3	
2	1	
3	8	
2	9	
2	10	
4	1	
4	7	
2	8	
6	3	
4	2	
7	3	
2	9	
7	3	
9	8	
4	4	
7	6	
2	7	
2	10	
6	2	
6	6	
2	10	
7	5	
6	10	
5	1	
6	9	
2	2	
4	8	
5	1	
4	8	
2	5	
4	9	
10	6	
1	8	
8	3	
5	7	
7	6	
9	6	
10	9	
1	5	
3	9	
7	1	
10	7	
4	5	
10	5	
7	2	
3	2	
1	7	
2	10	
5	10	
9	8	
9	6	
1	5	
3	8	
4	7	
1	10	
4	6	
10	9	
2	2	
3	2	
4	7	
5	3	
6	9	
2	7	
10	6	
8	5	
1	2	
1	8	
4	5	
3	1	
4	5	
7	10	
9	4	
1	6	
1	4	
9	3	
8	3	
6	2	
8	10	
7	7	
6	8	
8	10	
3	1	
5	9	
3	2	
2	9	
1	1	
2	4	
3	3	
2	3	
3	7	
9	5	
4	3	
2	2	
2	3	
1	8	
7	4	
9	4	
6	1	
1	2	
6	8	
3	5	
1	2	
4	6	
8	3	
10	9	
7	5	
2	1	
9	5	
8	9	
10	5	
8	1	
8	4	
2	10	
8	1	
5	9	
8	9	
5	9	
6	10	
5	8	
9	10	
7	9	
8	5	
6	4	
8	3	
9	1	
5	10	
4	3	
3	9	
1	10	
4	6	
8	7	
10	4	
3	10	
5	2	
2	7	
10	9	
1	6	
6	10	
9	7	
7	10	

Stepup times between Families, where [f][f] represents initial setup time
On machine	1
20	19	3	12	2	15	12	11	4	1	15	20	16	14	3	9	10	9	5	9	7	15	4	10	3	11	15	4	8	20	9	10	5	5	13	11	10	4	4	4	
20	2	19	4	19	1	7	7	17	16	12	19	6	15	14	20	14	6	2	4	7	3	8	11	12	18	4	3	9	13	14	1	16	4	14	10	4	19	4	1	
11	1	17	14	5	12	2	16	14	18	12	14	20	17	9	7	15	11	4	18	17	19	11	16	14	8	5	14	6	15	2	13	20	11	3	17	19	13	9	4	
15	8	2	14	11	6	1	2	12	15	18	6	12	18	2	20	8	14	15	4	19	18	7	9	4	12	6	12	5	11	6	6	1	3	19	12	7	5	10	4	
9	15	16	2	7	1	19	10	11	13	5	16	9	4	5	15	3	5	14	14	11	9	13	1	8	8	15	4	1	11	15	1	4	14	9	10	2	1	18	12	
3	13	2	2	9	12	20	1	12	1	8	13	13	8	3	20	3	14	18	6	2	8	4	9	1	9	6	6	1	9	16	3	20	15	2	2	19	3	6	6	
8	13	7	20	7	12	11	1	7	10	1	10	19	14	6	20	2	4	13	6	4	18	8	15	14	3	13	20	11	12	5	14	7	12	12	11	20	8	9	7	
12	3	19	9	7	8	16	19	10	2	13	10	6	15	3	1	16	12	20	20	5	4	12	12	1	11	18	2	2	4	14	6	2	7	13	1	17	16	3	16	
8	8	7	10	16	9	19	19	7	11	10	19	4	18	12	2	18	17	5	13	11	14	12	18	13	11	17	3	8	7	17	1	1	1	5	18	2	19	6	19	
7	12	3	11	9	19	4	7	13	11	9	17	12	19	18	3	4	9	13	12	17	16	16	16	1	6	14	14	4	3	16	3	20	5	12	2	4	14	8	3	
16	1	19	12	8	18	9	1	13	1	5	14	12	19	8	3	4	10	7	19	10	2	11	1	6	9	12	14	9	16	8	3	1	14	18	3	5	17	7	8	
10	6	19	7	17	18	11	12	1	10	10	7	7	14	13	11	16	10	3	17	12	1	13	5	13	15	6	19	13	8	19	8	15	1	1	14	7	7	3	13	
1	2	10	7	8	15	1	15	12	13	14	10	20	16	14	14	4	19	4	10	5	8	5	17	18	6	6	14	16	6	7	1	9	5	19	8	13	4	8	16	
20	1	20	12	2	18	12	10	9	3	19	10	5	9	2	4	10	16	19	5	14	20	4	20	6	19	10	12	18	6	1	18	9	11	9	17	6	14	1	14	
6	6	15	5	9	10	9	19	10	15	15	10	18	5	13	6	11	17	18	13	7	1	16	5	14	2	18	16	4	17	3	20	5	5	5	1	13	12	3	4	
19	20	14	5	11	4	14	19	19	19	15	18	12	20	10	13	1	7	13	17	4	10	18	18	11	8	20	16	12	18	18	9	1	15	5	10	19	1	19	7	
17	12	1	18	8	19	1	14	20	17	5	4	18	10	8	18	7	18	20	8	3	13	12	12	4	11	2	13	16	10	13	10	2	13	13	15	12	11	3	8	
17	1	7	17	1	5	11	10	11	12	10	12	10	8	12	7	3	1	16	18	20	20	7	12	18	2	7	16	4	12	12	3	17	11	5	16	18	18	18	1	
14	1	13	16	5	8	11	12	8	16	12	17	13	10	18	9	9	10	13	13	16	9	3	7	3	2	6	1	9	17	2	2	3	2	13	8	12	1	12	18	
13	5	16	14	12	6	12	13	15	13	13	10	19	15	12	13	14	11	14	5	14	12	6	15	11	10	18	20	18	10	3	13	19	8	11	5	4	8	16	5	
7	16	18	19	7	5	15	7	1	5	2	6	4	12	18	3	6	14	17	4	1	19	5	9	2	12	17	11	7	1	11	11	15	3	5	16	2	16	17	6	
14	9	17	13	13	4	11	6	11	5	13	16	11	2	9	1	1	5	15	18	15	17	15	13	5	13	12	9	9	8	9	3	15	14	20	11	3	14	8	20	
16	20	3	8	13	12	11	16	14	4	8	8	17	15	7	13	18	19	17	6	12	4	19	16	12	9	13	14	3	6	5	13	3	11	13	9	18	20	11	11	
3	13	12	3	1	16	3	5	9	20	20	20	2	13	20	11	3	14	2	8	1	5	10	1	13	1	6	9	16	16	18	11	13	15	8	17	3	19	15	3	
12	17	4	9	5	18	11	19	15	8	15	19	4	15	20	20	10	19	7	5	5	8	19	8	8	7	19	16	2	13	4	5	5	14	9	18	3	4	20	7	
3	3	2	17	10	19	14	19	14	8	10	2	2	17	18	14	16	9	17	18	8	1	2	18	9	14	15	12	5	2	4	5	16	12	1	1	1	17	4	4	
1	5	18	10	3	11	8	2	8	4	3	2	7	4	11	14	12	18	7	10	15	9	1	8	2	7	3	15	2	3	19	8	10	9	11	7	4	5	8	18	
2	20	16	16	20	6	9	1	18	13	20	7	5	8	2	8	1	12	5	2	5	3	2	12	18	9	6	19	17	4	7	15	4	18	20	4	7	18	7	15	
7	15	2	5	6	20	20	9	8	17	2	4	6	5	1	10	5	9	9	12	1	3	19	6	19	18	11	18	15	17	6	20	6	18	9	3	19	5	13	11	
4	5	14	4	20	2	13	20	19	4	15	17	1	7	10	5	14	7	10	14	18	2	13	20	4	20	2	16	4	6	8	14	10	14	5	14	13	5	13	4	
11	2	1	6	13	19	19	6	7	2	4	16	14	18	4	15	17	17	13	6	5	8	6	10	4	12	20	11	7	3	1	4	19	13	1	19	17	20	7	12	
4	18	6	16	12	4	11	5	1	18	16	12	2	2	5	20	2	1	2	17	3	12	18	19	5	2	10	4	5	14	9	7	15	8	7	10	16	9	11	18	
16	15	1	18	11	17	19	14	10	14	8	13	13	15	15	1	14	12	13	13	8	16	1	6	14	12	19	14	18	20	15	19	17	11	19	8	7	12	20	13	
6	10	12	7	16	5	20	2	14	1	13	6	4	6	16	15	1	9	6	17	5	18	7	18	6	10	3	18	3	8	2	2	12	2	12	12	5	1	5	18	
1	17	18	3	11	18	13	5	14	11	13	13	2	19	8	5	17	6	11	4	3	12	19	11	6	5	12	10	13	20	15	5	6	5	8	20	14	1	12	16	
12	20	11	20	1	18	13	6	3	16	1	7	7	1	11	10	5	1	18	15	14	10	13	19	3	9	20	13	16	18	17	20	14	17	20	4	6	8	10	7	
19	15	9	13	15	11	12	5	12	14	12	1	5	18	4	12	14	16	5	15	3	3	13	10	1	9	13	15	17	16	8	10	11	5	6	19	6	17	20	6	
9	5	18	18	13	16	3	4	16	3	15	20	17	16	11	20	1	17	1	3	10	15	14	9	1	2	12	6	17	12	7	16	2	6	18	4	12	9	2	7	
8	17	3	5	15	6	12	19	13	8	20	2	16	5	4	3	14	7	15	20	20	19	15	3	4	12	18	9	4	5	1	5	20	19	12	19	9	13	10	3	
19	8	6	3	20	17	14	20	18	20	4	15	15	19	10	14	11	16	13	16	2	19	9	7	14	4	10	12	19	20	3	5	1	9	4	2	6	3	9	4	
On machine	2
5	4	10	13	2	8	3	15	15	1	12	5	14	16	5	15	3	13	18	6	17	16	15	3	16	4	2	19	18	20	13	15	7	8	5	20	1	1	3	1	
7	20	10	8	20	20	5	11	15	10	7	12	18	20	12	11	20	9	2	6	12	20	12	13	3	19	1	11	15	10	17	12	5	12	19	5	19	2	18	13	
18	14	5	18	19	13	16	15	9	11	18	19	11	6	8	6	14	14	3	5	13	12	9	8	11	18	20	8	12	6	19	15	4	5	1	15	20	14	15	9	
11	19	17	18	12	7	16	10	8	12	18	20	19	15	3	2	10	18	11	5	20	1	8	12	8	20	6	17	13	16	7	20	13	8	7	3	11	18	8	17	
9	6	19	11	13	6	12	4	6	15	10	8	12	19	18	3	4	19	12	7	10	19	10	19	20	3	13	2	12	12	17	15	17	4	13	14	10	10	19	3	
14	2	1	1	11	19	4	2	10	18	19	1	14	6	11	8	16	8	10	11	3	5	14	9	19	5	4	9	20	2	4	4	12	2	3	9	8	18	2	12	
6	11	8	7	7	1	19	6	1	6	7	7	19	20	20	9	12	18	4	8	17	15	8	13	14	12	16	14	14	3	16	5	6	17	10	13	11	18	17	9	
11	17	2	20	10	5	5	17	17	10	10	12	14	13	6	11	5	11	20	18	10	11	7	1	17	6	10	12	11	18	9	1	9	7	1	20	10	13	11	11	
11	6	13	15	15	7	6	11	5	20	8	7	12	17	14	12	14	3	18	2	18	4	7	10	16	13	4	9	20	16	17	9	5	1	14	2	3	18	17	4	
5	15	15	7	12	7	18	6	18	19	4	12	2	6	20	16	12	6	1	13	3	9	12	13	6	8	19	1	12	5	2	5	19	11	1	12	10	2	6	7	
1	14	4	11	13	12	3	16	9	11	14	6	1	13	3	13	5	3	6	9	8	9	5	8	9	4	3	4	1	16	6	12	15	14	13	1	4	3	13	12	
3	19	15	14	20	4	10	4	11	5	15	16	16	5	15	4	16	20	19	2	19	9	14	19	11	1	2	8	15	15	8	9	6	16	10	20	1	17	10	18	
8	18	8	16	20	2	15	9	4	12	16	9	18	12	15	1	7	7	2	2	18	3	14	12	17	6	1	20	4	8	10	15	12	11	15	19	16	7	17	15	
17	3	11	19	11	18	16	19	1	9	10	5	9	16	15	15	9	14	11	9	5	2	6	19	18	16	4	3	7	13	17	2	6	3	18	3	5	10	9	7	
10	14	4	19	15	17	17	7	14	16	17	17	16	11	6	6	4	16	17	3	14	16	8	18	9	4	12	5	2	1	11	19	6	15	4	10	9	11	2	1	
12	11	10	3	16	18	11	8	4	4	8	15	9	11	1	3	8	15	2	5	20	15	13	6	4	20	4	13	3	9	6	12	14	16	18	12	7	16	12	5	
19	4	4	10	12	6	9	17	16	16	19	11	12	19	19	11	2	20	2	16	9	16	3	15	14	7	9	10	7	12	10	17	13	3	18	10	19	15	2	8	
1	14	3	8	6	18	10	8	18	20	13	19	7	20	15	16	14	6	8	18	8	7	7	4	6	13	13	6	6	20	10	16	14	5	14	14	6	15	12	8	
13	19	6	2	12	20	1	10	7	12	18	20	4	13	1	19	1	11	13	2	12	9	9	14	17	19	1	18	20	15	12	3	11	10	12	9	14	8	10	13	
5	3	11	5	14	1	12	4	3	17	18	7	14	19	14	12	8	6	15	20	15	17	3	9	8	1	19	20	19	14	17	13	11	16	4	7	9	3	11	17	
4	6	1	3	20	9	13	16	20	14	12	5	16	6	15	10	7	15	15	15	8	19	2	14	3	18	4	15	2	13	14	12	8	15	5	3	10	8	18	20	
5	16	1	7	3	1	19	14	9	4	1	19	8	6	1	4	11	1	3	6	9	16	17	3	3	20	19	15	12	20	5	6	10	11	9	20	12	11	12	5	
18	10	16	2	9	17	19	19	8	15	18	7	18	7	4	4	17	3	9	12	5	20	3	13	5	4	12	3	3	4	16	7	14	6	12	1	9	16	7	3	
14	18	4	1	4	16	8	9	9	7	13	16	10	13	12	16	4	3	15	15	11	7	5	8	1	11	10	1	9	8	14	5	1	6	1	6	13	19	13	13	
12	18	7	4	15	18	2	5	8	19	9	14	17	9	3	1	11	2	17	4	9	5	6	19	4	8	14	13	3	13	1	20	6	13	13	13	20	12	15	19	
13	1	2	15	9	5	1	20	15	2	9	16	17	18	9	18	9	7	14	10	15	2	2	6	19	15	1	10	17	15	14	6	15	4	14	10	19	16	11	14	
10	17	7	11	17	20	19	3	2	13	17	16	16	1	11	19	14	1	19	14	6	6	16	2	18	9	6	15	3	1	1	20	16	19	2	11	8	18	2	16	
20	11	7	1	8	2	9	7	13	2	17	7	18	5	12	15	17	16	5	14	1	9	20	8	1	9	2	3	11	1	8	3	18	11	13	16	2	11	10	14	
14	15	13	12	14	9	10	17	13	16	20	11	16	16	10	4	17	19	4	7	18	8	17	6	14	1	18	9	5	13	5	12	14	15	2	5	18	10	10	8	
2	17	18	18	17	17	14	7	7	4	2	19	1	16	7	19	6	5	7	17	10	7	3	13	1	19	17	10	18	7	9	4	20	16	7	15	4	16	1	12	
20	5	19	11	12	13	4	17	19	10	19	10	17	15	6	6	2	3	9	15	9	13	18	18	10	13	19	6	9	3	1	9	8	5	12	7	2	10	15	20	
6	16	10	17	9	1	17	5	15	6	6	8	13	7	5	16	10	11	7	4	3	3	9	13	7	13	3	19	9	3	13	12	8	12	8	6	4	6	8	11	
18	16	16	1	4	6	7	8	6	7	2	19	20	15	6	16	5	13	3	11	19	6	5	17	8	6	6	18	8	6	20	5	20	3	12	6	3	2	15	12	
19	5	20	12	18	4	7	10	5	20	17	19	9	8	3	11	12	9	3	19	18	8	8	9	9	9	5	19	6	6	5	10	13	7	6	20	14	9	16	3	
17	2	15	11	14	16	11	18	14	14	3	7	14	13	8	5	5	2	8	20	4	11	18	4	8	16	3	5	16	8	5	15	15	8	7	4	16	16	2	10	
8	8	19	20	12	20	17	20	7	3	15	2	15	4	17	20	15	6	3	9	11	10	7	19	16	6	9	8	9	8	11	3	7	20	6	20	11	6	2	17	
5	7	4	19	9	5	18	1	19	2	15	19	1	6	13	1	12	15	15	4	18	13	3	13	18	17	8	18	9	10	3	10	9	15	19	5	15	12	10	6	
12	19	2	2	8	16	16	14	2	16	19	9	11	15	8	13	7	16	6	10	4	17	16	14	8	11	18	18	17	15	12	5	6	10	4	4	17	2	10	6	
3	17	9	5	20	13	1	5	16	17	6	7	17	11	6	13	6	14	3	12	19	14	8	9	13	18	18	20	4	13	5	10	20	5	3	10	1	12	15	7	
14	15	7	11	16	19	16	11	2	13	18	13	16	10	6	18	1	16	6	10	13	20	5	20	11	16	7	19	9	7	20	5	9	2	10	17	20	2	19	20	
