Factories	2
Families	60
Machines	6
SetupType	2

Number of Jobs in each Family
2	7	9	10	6	10	8	6	4	5	6	2	6	3	7	9	9	9	6	4	7	7	9	7	8	10	6	8	3	4	2	6	9	1	6	4	6	10	2	4	9	5	10	10	4	4	2	3	7	5	10	9	4	8	1	3	8	1	7	1	

Jobs in each Family
0	1	
2	3	4	5	6	7	8	
9	10	11	12	13	14	15	16	17	
18	19	20	21	22	23	24	25	26	27	
28	29	30	31	32	33	
34	35	36	37	38	39	40	41	42	43	
44	45	46	47	48	49	50	51	
52	53	54	55	56	57	
58	59	60	61	
62	63	64	65	66	
67	68	69	70	71	72	
73	74	
75	76	77	78	79	80	
81	82	83	
84	85	86	87	88	89	90	
91	92	93	94	95	96	97	98	99	
100	101	102	103	104	105	106	107	108	
109	110	111	112	113	114	115	116	117	
118	119	120	121	122	123	
124	125	126	127	
128	129	130	131	132	133	134	
135	136	137	138	139	140	141	
142	143	144	145	146	147	148	149	150	
151	152	153	154	155	156	157	
158	159	160	161	162	163	164	165	
166	167	168	169	170	171	172	173	174	175	
176	177	178	179	180	181	
182	183	184	185	186	187	188	189	
190	191	192	
193	194	195	196	
197	198	
199	200	201	202	203	204	
205	206	207	208	209	210	211	212	213	
214	
215	216	217	218	219	220	
221	222	223	224	
225	226	227	228	229	230	
231	232	233	234	235	236	237	238	239	240	
241	242	
243	244	245	246	
247	248	249	250	251	252	253	254	255	
256	257	258	259	260	
261	262	263	264	265	266	267	268	269	270	
271	272	273	274	275	276	277	278	279	280	
281	282	283	284	
285	286	287	288	
289	290	
291	292	293	
294	295	296	297	298	299	300	
301	302	303	304	305	
306	307	308	309	310	311	312	313	314	315	
316	317	318	319	320	321	322	323	324	
325	326	327	328	
329	330	331	332	333	334	335	336	
337	
338	339	340	
341	342	343	344	345	346	347	348	
349	
350	351	352	353	354	355	356	
357	

Total number of jobs
358

Processing times of jobs
7	4	9	5	6	4	
6	4	4	6	7	9	
5	3	2	3	9	2	
8	7	5	1	8	6	
7	7	9	3	7	7	
4	10	8	3	8	1	
7	5	1	7	10	3	
2	9	1	6	5	2	
9	10	4	3	2	3	
9	2	6	9	1	5	
5	10	5	2	6	6	
3	6	4	4	2	9	
2	10	10	8	7	7	
5	10	3	7	6	7	
9	7	5	1	8	4	
4	6	4	2	10	4	
5	7	4	6	4	4	
6	9	1	8	9	6	
9	7	1	10	5	10	
7	9	4	2	3	8	
9	3	5	5	3	4	
1	9	1	1	6	5	
5	4	4	8	2	8	
8	3	2	1	8	7	
6	10	6	9	5	6	
8	4	9	1	6	4	
9	8	6	9	3	9	
10	4	7	7	4	4	
2	10	7	10	1	8	
10	9	5	2	5	6	
5	8	5	9	3	1	
5	6	2	1	3	7	
8	1	7	9	1	10	
4	6	3	5	5	1	
2	3	4	7	9	3	
7	8	4	4	2	3	
1	6	7	1	6	4	
7	8	7	3	5	9	
3	2	3	5	1	7	
3	1	7	4	1	7	
10	9	2	9	10	9	
1	10	3	6	3	1	
3	4	7	2	6	8	
10	1	5	2	6	10	
2	6	9	5	7	4	
5	4	2	3	7	7	
7	6	7	4	8	4	
2	8	1	8	6	10	
9	9	6	7	8	6	
2	4	2	1	10	3	
4	10	10	10	1	9	
5	2	4	10	7	4	
2	2	3	2	7	2	
10	2	1	4	3	1	
2	5	1	5	7	3	
5	3	8	9	9	10	
3	9	2	6	6	4	
10	6	1	7	6	3	
10	7	3	2	7	7	
1	9	6	2	8	6	
3	8	10	6	4	6	
1	3	10	3	7	9	
1	7	8	7	10	3	
7	5	2	1	2	4	
3	7	10	3	8	2	
10	5	8	4	4	3	
8	2	5	3	2	3	
10	9	5	4	10	3	
6	5	5	8	1	5	
8	9	5	8	2	2	
10	4	3	4	10	4	
10	2	2	8	4	1	
10	10	6	10	8	1	
8	3	9	10	1	10	
8	5	8	9	9	3	
9	6	9	7	3	9	
4	8	6	6	7	1	
10	1	5	9	10	9	
3	7	1	1	5	3	
10	4	3	4	8	5	
1	5	4	7	1	2	
3	6	9	7	5	3	
9	10	7	3	9	9	
5	4	4	3	4	7	
1	7	6	4	8	1	
4	9	8	9	6	3	
2	8	2	9	2	6	
5	3	10	1	10	4	
4	10	7	1	5	2	
3	2	9	6	9	2	
2	9	2	6	7	4	
8	10	5	6	9	2	
3	4	7	4	3	3	
8	4	3	3	8	2	
9	5	1	10	3	9	
1	6	9	9	5	4	
6	10	6	4	2	4	
1	1	10	6	2	10	
3	7	3	9	8	5	
1	1	9	9	4	8	
5	10	8	4	9	7	
7	7	1	6	2	3	
5	7	10	1	2	9	
10	3	2	2	8	9	
3	1	9	6	3	7	
3	9	2	5	6	5	
3	2	2	4	4	2	
5	3	3	2	8	4	
8	6	8	9	10	9	
4	4	7	2	7	9	
3	6	1	7	6	7	
6	8	6	5	2	8	
8	5	4	2	3	6	
6	6	1	3	10	7	
7	1	7	7	8	1	
7	3	2	1	6	7	
3	3	3	9	9	5	
10	1	5	3	4	6	
3	10	9	9	5	1	
9	1	2	7	4	10	
8	9	4	4	2	2	
3	4	8	1	2	9	
5	2	8	2	3	9	
5	10	1	9	1	1	
4	10	2	2	7	3	
5	10	2	6	5	6	
3	10	7	1	6	1	
3	4	9	2	8	7	
3	8	1	2	6	6	
9	4	8	4	9	3	
2	2	5	3	2	1	
8	9	5	6	8	9	
3	8	5	2	2	3	
8	10	10	6	2	10	
6	3	1	10	9	10	
7	4	10	9	1	8	
5	3	7	1	9	5	
7	10	7	8	4	1	
9	7	1	5	10	4	
10	4	1	7	6	4	
7	7	9	3	9	9	
9	3	7	9	7	6	
6	6	1	9	1	10	
8	3	5	5	6	6	
7	2	3	8	7	2	
9	2	4	4	3	4	
4	7	6	4	10	4	
9	2	2	9	6	2	
5	2	9	8	4	7	
1	7	6	7	2	3	
9	4	8	4	8	10	
2	5	4	2	1	10	
3	7	10	9	5	5	
3	7	1	10	6	8	
10	6	7	2	7	3	
8	6	10	10	10	5	
9	7	1	5	6	7	
6	9	10	9	6	9	
1	10	4	1	2	9	
7	2	1	5	1	5	
2	1	6	1	9	1	
8	1	4	2	6	6	
10	5	9	10	7	6	
3	9	9	7	10	1	
4	6	2	4	8	7	
9	10	9	10	6	9	
7	7	7	10	6	10	
10	8	1	3	4	1	
1	9	3	1	6	2	
2	2	3	1	10	1	
2	7	2	2	3	7	
7	8	5	6	5	8	
10	2	2	7	8	1	
7	3	1	10	3	3	
2	4	10	1	8	10	
6	6	3	8	2	1	
5	7	3	10	4	3	
2	8	8	1	8	5	
1	10	8	4	1	10	
3	7	3	6	1	6	
9	2	8	8	3	7	
10	3	5	7	1	7	
3	10	3	2	4	10	
8	4	10	1	7	10	
3	9	9	7	3	7	
9	9	3	1	5	8	
6	1	7	10	1	10	
10	5	1	8	5	4	
1	8	5	8	10	1	
10	9	9	6	3	9	
8	6	9	9	2	4	
10	4	9	7	1	4	
3	10	4	8	10	10	
2	7	7	4	10	9	
7	1	3	3	3	8	
6	9	9	9	8	4	
10	2	9	9	2	1	
5	2	2	10	6	5	
2	3	3	1	4	7	
1	1	5	9	6	5	
8	5	8	6	5	9	
8	6	4	2	9	2	
9	6	4	3	5	1	
4	4	10	10	7	2	
5	5	9	3	7	7	
3	7	7	10	3	10	
8	6	2	3	8	3	
2	1	9	9	2	1	
6	2	9	6	10	6	
4	2	9	5	5	1	
4	6	10	6	6	9	
1	1	6	10	9	3	
8	9	5	9	1	7	
1	9	7	6	4	4	
10	2	3	9	10	10	
4	4	6	8	2	8	
7	7	9	3	4	2	
3	4	9	5	9	6	
5	7	10	3	4	10	
7	10	9	2	1	10	
4	9	6	7	5	8	
6	10	10	6	10	2	
10	9	1	8	7	5	
8	4	7	7	10	7	
3	1	5	2	7	1	
8	6	7	3	1	1	
3	5	3	4	2	9	
8	10	6	9	4	10	
10	4	1	1	8	8	
4	3	7	9	1	5	
9	7	9	5	7	5	
2	5	2	6	9	2	
6	7	6	7	5	8	
2	2	1	4	6	5	
8	4	7	7	3	5	
9	6	3	7	1	6	
9	8	8	5	3	8	
4	4	2	1	1	3	
1	3	6	2	9	8	
2	1	3	2	7	3	
7	7	6	9	9	3	
10	7	8	4	6	2	
7	6	5	1	10	10	
9	10	4	7	6	4	
4	3	6	1	1	2	
6	6	3	1	3	3	
8	9	2	6	8	10	
10	4	10	2	1	1	
4	4	3	7	7	8	
3	2	10	2	5	4	
3	1	1	4	8	6	
4	2	8	9	10	1	
1	7	3	6	4	1	
6	7	1	10	7	10	
1	3	2	4	8	2	
3	7	6	8	3	8	
2	7	3	10	2	2	
3	10	8	4	6	8	
3	3	7	6	9	2	
2	3	6	9	5	2	
2	1	10	2	10	3	
10	5	9	4	1	3	
2	8	2	6	5	6	
7	1	8	1	9	10	
4	10	3	4	10	1	
1	8	6	4	10	5	
7	1	7	3	6	9	
9	9	6	4	9	7	
4	10	10	7	6	5	
10	3	3	7	6	3	
3	6	10	4	4	9	
5	6	7	4	7	4	
3	9	10	8	1	7	
10	10	2	3	2	9	
2	4	7	7	7	8	
6	9	1	8	9	9	
7	4	5	1	1	1	
2	10	7	4	1	2	
5	3	7	10	7	8	
2	3	9	7	5	8	
10	2	2	3	7	7	
7	7	7	6	10	5	
5	8	7	3	6	9	
4	1	2	10	7	1	
3	8	1	2	10	10	
8	3	4	6	4	7	
10	10	2	6	8	2	
2	8	1	10	3	4	
8	5	9	2	4	10	
10	4	5	9	5	8	
6	2	3	1	4	8	
8	10	10	5	3	8	
7	6	1	1	8	8	
10	3	4	3	5	7	
4	5	10	8	6	8	
2	2	6	5	1	2	
4	10	9	6	9	5	
9	7	7	4	10	6	
3	5	6	1	2	2	
9	5	5	8	9	4	
6	8	2	10	1	8	
6	9	8	10	1	3	
6	5	4	6	6	1	
6	6	8	4	4	10	
2	3	1	7	3	2	
10	5	7	10	5	10	
5	1	7	4	2	7	
10	1	5	8	7	10	
2	3	1	1	9	8	
10	1	3	9	8	1	
10	8	9	9	9	1	
3	4	6	1	6	3	
9	7	8	10	6	9	
7	1	4	1	4	2	
7	10	10	6	5	3	
3	9	2	4	4	7	
4	8	10	10	9	5	
3	2	6	8	8	4	
2	5	10	6	8	1	
2	7	10	8	4	2	
10	5	8	4	2	7	
7	1	3	10	8	3	
2	6	8	9	10	6	
6	5	3	3	4	7	
4	9	1	3	10	1	
1	3	9	4	6	2	
5	8	1	5	9	3	
5	2	3	3	2	7	
2	3	1	4	4	7	
4	4	3	10	8	4	
5	2	1	8	1	2	
2	10	5	2	7	7	
4	2	4	1	9	8	
1	10	5	4	4	3	
5	8	9	5	9	3	
7	7	8	4	9	5	
10	5	2	4	2	6	
2	3	2	10	8	9	
8	6	1	7	10	3	
1	1	4	5	4	2	
6	8	5	10	6	4	
4	9	4	10	8	7	
6	2	10	9	4	10	
8	2	1	5	7	9	
6	9	7	3	10	3	
4	5	5	5	1	1	
4	5	2	8	1	6	
5	7	10	9	3	3	
6	5	2	4	4	2	
10	4	10	5	5	7	
9	9	9	2	2	3	
7	2	9	10	8	2	
7	5	8	8	4	5	
6	9	10	8	4	3	
5	3	10	8	10	10	
7	9	5	8	9	4	
6	6	10	9	8	3	
9	9	8	2	8	6	

Stepup times between Families, where [f][f] represents initial setup time
On machine	1
8	36	6	38	9	16	1	27	7	39	42	13	44	3	18	4	31	13	25	19	49	9	3	40	30	25	31	3	18	21	17	44	9	7	39	38	21	30	4	27	8	37	21	35	9	21	37	15	35	49	40	6	39	17	12	17	38	22	45	8	
50	16	28	22	14	27	40	13	46	9	22	23	8	47	1	41	46	3	24	46	9	18	18	8	3	1	44	3	43	2	8	50	45	16	42	49	31	49	50	13	43	31	29	20	18	42	3	48	2	44	8	14	28	19	50	31	27	46	24	50	
41	34	22	36	40	22	35	43	18	24	39	18	25	31	25	41	6	20	41	20	5	10	50	19	2	44	35	33	17	21	12	46	32	45	14	22	27	15	16	1	23	36	38	10	28	18	42	34	36	36	26	6	5	42	2	7	12	25	19	35	
34	27	44	7	33	34	9	12	50	44	47	21	26	45	40	37	18	11	18	5	47	4	9	50	24	36	28	10	28	35	9	6	40	14	15	21	35	30	25	44	18	25	49	33	31	36	17	42	3	31	43	16	44	43	24	30	50	16	23	24	
34	5	24	2	49	29	2	18	15	9	40	4	2	16	21	32	26	3	34	35	25	13	45	5	25	30	48	26	13	41	24	9	39	21	26	24	16	39	24	14	15	13	47	26	39	34	3	45	3	9	18	28	27	26	16	17	34	50	20	44	
5	2	14	25	19	10	23	22	10	3	27	25	1	24	47	46	46	3	37	34	8	29	7	12	10	18	46	15	23	10	4	47	27	7	3	19	3	24	20	30	9	4	41	14	9	7	39	12	38	36	38	40	5	10	3	29	26	8	30	47	
26	44	32	39	30	38	13	45	27	8	12	48	7	49	2	41	43	11	47	25	10	6	36	37	29	39	1	3	11	7	13	8	15	23	40	43	24	8	30	28	9	26	10	38	36	37	7	19	29	17	41	13	41	38	17	49	17	30	22	4	
42	32	50	26	4	29	49	34	13	29	28	43	20	19	1	32	44	38	2	43	43	4	39	42	18	39	33	14	27	16	3	21	29	42	23	43	35	16	1	46	10	24	1	26	38	18	15	43	5	47	41	37	32	20	13	22	29	15	31	6	
3	23	38	8	2	2	44	1	26	43	6	37	15	8	49	17	41	12	46	47	43	50	8	43	13	39	21	15	18	1	18	45	10	20	3	17	46	37	34	42	27	17	31	37	12	34	50	35	10	12	17	39	16	43	32	18	24	24	11	31	
27	5	42	15	12	31	50	35	15	10	28	4	45	9	40	36	22	47	30	31	33	6	27	12	42	7	3	33	39	47	11	46	3	26	39	18	49	3	7	26	47	8	39	12	35	38	26	46	35	16	43	41	12	37	36	40	1	19	3	30	
17	3	9	35	34	34	47	7	42	27	34	24	39	43	21	34	13	46	40	3	47	16	49	30	24	19	19	49	46	9	12	44	20	13	40	3	20	28	18	46	19	13	3	11	34	16	44	9	41	11	30	38	37	15	42	50	45	50	41	41	
2	17	5	29	50	34	33	42	20	27	3	16	40	16	26	35	34	6	6	40	20	40	41	31	7	2	25	13	40	39	32	42	45	6	17	3	40	3	11	7	11	24	9	2	40	30	47	25	7	26	11	9	22	31	8	10	24	26	15	49	
26	29	15	5	3	14	29	16	16	26	40	16	7	22	5	47	21	38	4	8	27	21	15	2	37	33	14	23	32	24	34	6	42	50	43	31	9	50	31	36	50	50	18	39	6	31	44	12	20	36	11	48	2	2	16	34	9	43	3	44	
5	43	25	28	10	36	44	26	15	50	43	45	39	1	4	30	29	14	50	29	49	35	14	36	27	44	18	20	49	44	29	35	40	18	33	9	41	36	28	37	11	42	16	40	47	22	15	38	48	12	11	37	16	12	2	48	1	25	13	42	
28	27	43	2	3	12	38	26	30	32	12	50	20	39	39	1	27	37	16	29	41	40	45	47	22	44	40	26	10	48	48	11	12	10	22	40	30	22	11	17	29	1	29	45	6	18	18	7	17	3	15	2	34	19	29	1	17	6	40	42	
24	40	16	39	43	30	41	35	26	27	18	27	22	9	6	22	31	23	36	37	23	7	34	40	44	26	4	38	5	24	11	2	50	20	38	20	31	35	32	10	32	23	6	11	18	48	10	11	48	26	18	17	40	8	21	3	24	48	35	30	
11	1	34	11	36	45	30	48	35	31	9	4	12	35	32	7	39	47	41	23	11	8	38	23	34	5	1	38	10	28	36	49	44	29	41	23	10	32	38	49	6	25	12	19	46	8	12	3	1	11	9	4	11	21	29	13	20	6	27	40	
12	33	29	49	39	43	3	39	23	4	49	45	30	40	25	9	38	29	43	2	15	4	3	29	8	24	2	27	2	24	38	36	42	5	35	17	23	33	42	30	13	40	32	44	29	18	14	23	40	27	50	39	20	44	6	11	32	36	13	6	
38	30	5	33	45	25	49	19	5	48	5	26	2	47	16	18	11	23	2	12	9	6	17	34	37	24	44	22	50	46	31	37	35	35	4	7	6	48	48	24	40	27	15	30	35	35	39	22	2	16	10	42	42	37	26	18	6	14	26	36	
16	39	17	24	43	11	1	33	15	21	14	15	19	31	10	39	7	39	37	8	3	8	35	46	1	8	36	41	5	3	33	11	18	34	45	22	44	34	24	49	10	47	31	22	39	15	39	50	4	36	24	14	13	9	35	2	36	40	16	35	
32	42	11	17	17	46	19	47	37	36	15	9	35	3	43	10	18	7	27	8	24	9	24	6	20	26	1	40	3	15	31	46	21	18	3	27	11	47	34	33	50	43	23	1	22	26	50	44	38	40	28	45	11	15	5	36	48	31	45	6	
5	22	42	20	28	12	24	9	28	12	17	32	3	2	13	29	50	6	4	1	25	23	43	20	21	21	17	2	24	4	30	44	39	6	1	35	23	27	40	14	5	44	37	43	45	5	7	9	42	26	31	8	18	5	12	9	33	46	16	20	
14	9	9	28	31	4	26	1	18	42	23	12	15	2	41	12	24	13	27	27	4	10	17	27	12	11	12	22	12	6	42	3	30	22	50	2	49	9	44	47	27	27	28	18	50	19	39	2	23	13	3	49	44	6	32	49	41	2	6	17	
28	34	40	15	45	26	14	41	13	39	28	45	33	21	50	32	4	34	35	43	32	32	42	8	25	15	1	16	21	19	8	32	17	27	41	16	31	27	23	33	26	19	42	20	37	43	36	2	9	14	46	30	41	41	16	32	29	20	17	16	
8	3	7	7	6	34	46	34	13	22	46	17	32	29	17	47	46	16	19	25	49	29	31	5	11	29	39	4	8	39	11	41	8	11	21	30	5	14	23	47	23	30	28	48	9	12	26	44	20	21	15	11	44	6	12	46	24	47	22	1	
1	46	45	11	48	33	29	23	44	50	48	11	7	49	43	44	4	14	37	1	37	29	50	7	4	17	24	10	11	18	34	17	48	10	29	46	43	4	22	3	40	49	46	36	36	13	44	11	36	20	13	23	46	19	33	7	37	22	26	4	
46	41	27	48	44	39	46	16	43	13	3	22	33	6	16	28	30	30	42	32	29	43	27	7	48	29	9	36	43	2	44	2	17	2	28	35	39	30	43	23	34	43	18	16	43	44	21	25	49	2	31	38	19	3	15	43	16	34	24	36	
2	2	26	7	33	14	7	35	31	7	44	2	23	17	9	47	17	7	16	34	2	2	30	15	37	23	8	28	23	2	3	47	35	1	19	41	10	12	35	6	9	32	4	49	38	12	30	33	30	14	37	5	22	30	20	26	29	21	33	28	
48	40	43	26	49	42	48	40	28	25	37	5	31	25	20	50	39	17	11	36	20	26	14	41	46	5	43	19	29	6	40	41	6	50	24	10	20	17	16	22	7	50	39	34	21	30	34	15	43	26	14	6	19	6	22	13	40	39	37	22	
41	22	13	15	30	17	5	23	44	32	50	23	20	15	24	33	12	50	33	44	2	6	40	2	37	49	46	36	12	6	1	15	38	28	27	12	23	42	35	48	4	17	44	7	42	17	23	4	2	8	50	47	21	32	42	18	46	34	34	43	
26	45	46	8	11	17	39	26	45	9	28	39	34	19	50	24	1	10	25	15	45	5	27	20	12	37	45	32	9	50	10	48	42	11	27	9	11	42	12	19	20	47	26	29	24	17	1	6	15	9	2	50	46	31	5	38	15	44	3	33	
25	11	47	16	45	10	42	46	15	48	40	18	12	24	32	2	15	42	22	31	47	2	32	10	33	15	49	44	31	34	3	33	30	34	43	8	37	42	22	10	12	37	15	11	38	1	25	42	3	3	34	14	7	14	26	41	49	32	19	12	
46	28	3	22	44	50	6	6	42	46	20	37	25	14	35	25	18	26	50	11	18	30	35	31	33	32	35	26	27	23	6	17	27	37	29	36	42	24	42	17	20	20	22	18	11	48	12	15	40	6	10	40	45	9	21	26	38	48	43	46	
38	25	42	13	2	30	33	30	18	49	34	3	48	49	25	10	31	42	2	37	31	6	19	7	38	39	12	7	34	27	27	27	34	50	44	40	13	3	8	42	4	24	43	40	10	48	33	11	19	26	25	47	34	13	37	42	38	22	42	18	
23	9	22	33	8	13	31	34	23	35	12	8	15	22	7	1	8	32	1	29	43	8	25	12	17	26	39	38	41	49	39	32	24	9	14	4	21	38	7	14	2	21	31	31	25	40	12	24	29	14	42	27	22	46	44	17	48	27	4	5	
23	7	26	36	44	33	28	36	21	8	17	32	2	6	30	41	38	49	36	18	16	25	12	24	16	26	2	50	48	29	44	33	5	35	40	38	43	6	37	2	8	45	5	39	11	47	50	24	49	27	18	19	47	40	49	4	1	25	11	42	
9	49	50	46	37	32	6	25	3	1	43	42	37	10	6	18	24	41	43	10	35	27	10	32	36	7	2	46	40	9	13	25	9	44	21	20	11	39	16	49	20	9	22	12	32	10	1	49	20	39	26	31	50	8	8	23	18	29	46	14	
36	33	13	49	44	46	3	39	2	17	25	12	16	15	33	33	37	5	16	16	31	5	24	32	10	3	39	30	13	38	18	6	7	47	26	42	17	31	3	43	40	38	25	48	12	26	25	45	29	44	4	45	43	4	41	42	23	5	36	1	
13	38	17	32	46	7	26	18	47	41	39	3	39	45	28	41	49	25	31	16	11	3	32	2	46	44	27	23	45	9	49	38	28	2	3	36	8	40	36	5	42	48	26	35	36	9	38	39	25	50	6	46	20	17	26	45	29	45	43	50	
41	38	50	4	3	1	32	28	10	1	21	13	28	49	37	7	36	35	16	40	20	48	20	22	42	24	25	36	23	10	26	33	8	40	14	12	7	43	3	34	16	48	27	3	35	10	24	21	49	10	8	7	36	6	3	24	21	5	28	16	
8	22	29	12	34	16	37	10	8	8	45	10	13	17	41	15	14	24	4	41	1	37	32	4	10	33	32	2	5	33	47	27	36	33	27	29	19	27	11	43	14	5	31	47	39	49	13	6	33	41	34	47	42	1	23	41	35	18	10	5	
40	33	20	25	45	39	28	20	40	8	26	21	1	30	27	17	2	42	6	19	32	19	50	39	20	4	40	10	3	32	1	45	45	44	16	16	26	43	50	42	43	50	31	4	12	20	13	40	15	37	43	22	36	3	21	11	9	9	37	7	
14	44	16	18	26	25	46	6	23	21	40	15	40	36	21	34	32	38	31	20	10	31	42	5	8	18	20	23	15	34	35	20	18	28	10	50	9	9	35	47	48	22	3	6	30	41	50	35	13	33	31	27	39	9	16	37	14	40	21	6	
50	42	25	9	50	45	13	19	36	4	18	9	20	39	10	38	39	24	39	32	43	2	27	43	37	2	38	19	38	7	23	32	10	31	47	45	1	3	6	2	22	25	25	44	24	19	7	39	19	44	11	11	46	24	45	38	30	25	12	5	
35	28	36	29	11	29	22	49	34	46	10	6	37	11	12	37	2	35	36	28	31	45	28	29	35	26	37	9	46	25	50	10	31	39	17	1	24	30	40	45	22	41	25	21	31	25	2	2	28	32	1	22	22	10	39	39	8	22	33	38	
32	16	13	50	2	13	17	8	20	9	48	50	38	3	12	36	31	4	24	39	33	13	32	16	26	18	24	41	31	17	28	23	22	5	36	23	32	17	48	19	29	30	45	50	47	11	30	7	46	9	38	44	33	8	41	21	11	50	8	7	
9	24	25	42	1	41	36	9	50	4	33	5	11	45	11	45	40	10	13	38	40	7	31	49	12	16	47	3	33	15	44	33	50	28	7	7	45	43	36	20	31	7	24	20	31	34	21	35	24	28	5	13	29	26	18	14	44	29	17	5	
18	28	12	23	29	40	32	46	28	44	44	36	31	45	2	17	27	12	13	20	13	23	1	36	16	29	9	35	20	14	26	19	29	28	37	37	46	11	8	17	15	11	22	15	42	31	6	44	3	25	34	47	39	43	50	41	41	7	45	37	
2	11	32	21	29	43	7	43	15	18	50	48	4	39	35	20	46	15	40	37	18	3	27	46	34	5	2	10	46	25	4	14	38	16	17	3	4	44	5	20	7	24	3	11	31	29	36	7	24	24	19	44	50	6	13	28	5	6	14	42	
11	36	3	23	28	33	28	19	10	40	6	44	28	4	23	13	1	38	9	50	31	7	2	29	29	29	40	8	43	11	23	17	17	3	43	20	46	27	2	29	36	50	48	45	37	20	45	10	23	16	33	23	22	3	41	40	8	26	36	26	
42	33	14	35	49	45	46	30	31	46	42	33	12	17	14	31	32	43	48	6	43	34	15	14	38	13	2	5	23	46	7	26	32	18	7	4	47	37	21	21	44	37	27	5	34	4	33	28	25	2	4	3	27	41	21	43	44	6	31	37	
33	23	1	48	15	24	30	20	17	32	27	34	48	47	47	14	3	20	25	26	3	16	18	23	7	24	16	48	37	45	47	44	48	16	32	36	10	16	11	27	7	36	14	35	27	34	6	42	7	44	27	1	6	44	35	46	7	26	39	32	
18	34	16	3	16	12	6	9	25	14	30	17	44	48	30	11	19	50	33	41	36	47	32	40	24	17	47	44	48	50	10	26	44	32	50	7	18	32	21	41	18	15	9	49	31	41	33	44	29	44	19	11	49	25	14	13	36	46	7	30	
27	23	44	50	39	23	22	12	26	11	9	2	4	20	13	44	40	8	10	3	1	35	20	18	41	13	42	25	5	29	30	20	6	11	48	3	13	48	49	8	28	36	43	43	46	6	41	28	27	24	7	50	47	7	49	22	16	20	44	45	
34	1	24	10	21	37	10	31	16	25	9	16	35	22	10	18	18	40	14	4	18	12	18	19	32	20	49	7	40	29	47	25	8	27	43	12	6	16	26	16	29	23	26	41	27	5	38	28	22	48	50	10	27	9	46	36	28	27	24	34	
21	15	2	31	22	26	38	40	36	37	9	36	25	9	3	35	50	14	22	8	35	11	45	14	37	9	40	35	20	36	24	45	33	27	23	12	49	25	18	20	4	45	28	19	44	1	20	35	9	16	27	18	19	49	42	36	35	23	44	39	
36	28	10	2	5	2	37	17	20	9	22	44	40	9	16	12	30	12	15	41	41	20	39	11	22	29	42	27	27	29	28	43	4	46	19	46	34	38	13	26	36	21	33	6	26	40	33	37	27	8	12	19	6	9	31	13	46	19	26	1	
39	38	11	5	37	33	36	19	26	18	33	20	33	40	27	12	32	6	19	37	4	16	38	37	30	8	43	23	28	14	36	9	16	40	37	2	23	48	40	45	49	7	41	9	1	25	30	3	11	32	42	5	46	4	22	39	31	30	38	1	
43	31	42	32	40	47	10	40	46	1	35	44	12	36	8	39	48	22	25	15	25	16	44	27	9	27	14	25	25	13	29	7	19	31	44	14	31	41	50	39	33	43	7	5	43	50	33	34	21	18	25	39	34	15	33	11	3	34	32	7	
14	20	2	33	38	29	50	37	10	3	50	23	9	50	35	32	22	28	29	4	20	26	36	28	3	25	13	11	6	46	38	46	26	19	10	39	14	49	14	27	17	49	20	12	24	10	10	45	16	45	15	23	45	13	11	49	33	17	26	13	
On machine	2
18	42	49	2	19	5	12	13	36	20	6	44	15	2	43	8	42	8	34	45	15	14	45	15	35	40	47	21	30	4	48	18	38	42	1	19	43	12	16	47	28	33	32	14	36	45	34	14	35	12	6	14	39	8	45	18	31	4	34	28	
34	2	32	45	7	39	4	35	28	13	39	44	14	47	16	47	46	48	18	12	43	12	15	4	17	3	8	21	13	50	26	35	40	38	41	12	15	34	47	12	45	41	26	26	43	50	44	30	16	27	11	19	41	36	15	29	10	18	33	42	
11	24	6	24	12	12	2	16	24	18	49	20	33	4	3	11	30	2	42	39	36	33	31	34	42	3	39	37	20	14	18	3	44	13	48	42	48	15	15	23	31	40	36	49	4	27	4	3	11	1	50	26	2	13	38	21	12	25	46	39	
47	40	20	36	48	16	38	1	38	27	33	13	22	39	34	2	18	34	26	34	8	25	5	13	7	49	48	44	3	3	38	48	1	37	10	27	31	32	12	30	37	3	10	48	47	30	44	48	26	18	12	40	15	19	2	2	21	33	47	45	
39	29	18	10	4	20	32	40	18	26	27	8	5	8	38	22	17	14	48	7	12	33	15	17	8	9	47	29	44	34	45	6	43	36	11	16	19	28	15	7	27	45	5	41	22	41	33	16	24	22	50	48	16	18	47	47	19	22	28	28	
17	6	44	2	44	47	21	42	27	39	12	11	4	34	33	40	18	33	4	18	14	4	22	35	11	8	4	27	36	47	27	31	50	14	48	41	24	25	34	30	32	24	3	28	38	6	34	45	17	32	23	5	36	19	11	34	29	27	6	37	
11	9	49	5	4	47	48	49	1	9	29	2	4	28	48	38	49	36	19	31	20	15	42	36	27	1	26	45	14	38	34	2	36	45	50	12	45	14	35	47	29	11	43	14	18	16	38	34	32	4	34	50	6	28	4	49	45	24	37	12	
37	45	50	19	21	46	28	1	9	20	10	27	15	48	29	39	18	31	20	12	17	45	29	9	50	31	34	50	30	17	10	18	16	29	24	28	46	29	10	33	15	41	19	43	5	30	15	45	36	40	41	12	34	24	26	27	36	33	16	41	
12	21	23	37	10	42	42	5	15	1	17	36	9	42	34	15	27	42	43	19	37	48	4	8	2	24	27	41	50	43	47	46	6	14	45	30	15	43	13	41	29	10	13	4	48	33	8	12	16	42	49	46	27	20	43	41	11	40	12	50	
25	50	16	14	48	46	10	42	7	1	47	23	29	9	45	44	16	29	4	20	42	43	46	42	46	9	4	15	19	36	41	22	25	29	43	30	24	32	12	13	39	5	24	9	40	26	17	34	45	34	49	39	10	20	8	24	3	11	28	3	
19	21	14	24	22	18	10	46	27	20	42	17	47	40	26	18	44	1	48	27	8	13	25	2	31	49	23	25	43	11	16	7	11	25	31	18	33	1	40	25	3	35	16	44	37	43	26	38	5	39	47	49	11	1	16	7	20	19	39	24	
20	36	14	46	45	21	17	3	40	4	38	49	29	10	47	32	34	11	43	35	26	11	24	21	30	44	48	20	39	22	33	34	50	1	31	7	42	23	27	25	48	38	19	50	43	32	6	36	22	16	24	11	49	7	28	45	14	9	39	35	
24	11	9	33	23	31	18	38	25	14	10	47	13	27	8	6	47	18	15	42	11	33	11	32	12	8	6	25	44	36	41	32	17	12	47	34	31	25	7	23	6	7	8	27	29	1	11	45	32	35	35	33	6	15	40	14	46	2	49	13	
25	28	29	6	6	6	45	13	21	38	7	43	15	1	45	26	23	12	42	28	24	12	25	47	44	21	42	24	48	38	27	27	11	41	10	48	23	50	22	44	22	32	37	12	36	7	2	36	31	19	14	31	2	37	38	49	21	2	44	4	
22	20	2	16	28	20	47	2	14	23	13	35	40	44	47	25	3	23	26	46	18	40	14	29	20	31	20	21	27	29	50	35	36	39	19	28	24	6	38	27	14	16	29	28	25	16	13	30	6	20	21	32	44	2	10	29	10	31	31	29	
30	1	9	12	2	16	13	44	13	24	4	11	10	6	10	9	4	4	24	18	41	30	24	47	49	35	47	21	29	42	42	2	28	24	48	45	10	27	16	29	46	13	11	28	28	10	6	2	5	45	11	17	1	24	44	47	28	30	48	45	
37	13	18	18	45	7	39	44	43	35	21	43	47	14	42	48	44	8	50	43	26	8	37	19	1	14	41	18	13	16	31	19	30	47	36	24	37	22	49	15	50	32	33	16	6	46	50	9	5	31	29	35	48	47	39	49	44	17	50	12	
38	46	27	15	21	9	16	28	48	28	5	18	5	17	18	23	19	31	23	13	29	4	45	12	29	26	3	11	4	44	32	15	42	1	41	2	30	33	10	9	42	27	47	24	10	26	3	23	47	20	40	31	2	42	33	42	39	18	23	30	
18	11	31	26	33	14	27	13	13	30	28	23	3	24	28	5	28	4	45	8	46	34	25	27	13	50	46	23	39	17	6	8	2	25	34	11	3	46	16	34	25	50	24	28	16	38	25	14	3	4	26	19	16	18	33	18	8	41	24	5	
26	24	5	2	18	50	4	1	35	29	31	44	14	18	2	31	20	23	46	39	37	37	42	28	16	45	43	3	47	36	32	18	34	50	14	44	35	43	33	28	45	20	44	27	41	18	6	1	45	26	43	47	31	4	50	23	37	22	15	46	
29	11	11	8	13	44	26	38	39	16	9	19	18	17	3	45	10	22	42	12	1	49	31	24	43	10	1	8	47	38	36	11	24	1	49	38	5	47	26	16	6	4	49	4	48	42	1	10	7	24	30	15	3	21	17	2	45	40	26	3	
26	49	39	8	37	49	31	34	50	42	12	46	12	36	46	11	41	24	9	20	21	47	33	46	21	28	4	14	34	48	32	8	27	22	16	1	12	2	14	24	29	32	27	7	36	45	5	31	12	34	26	34	30	19	26	6	45	45	41	22	
42	47	37	43	40	47	40	15	7	19	38	15	5	49	24	14	13	8	25	8	27	46	46	26	47	40	10	29	31	39	4	9	36	8	5	22	25	38	44	8	23	45	21	1	14	10	1	31	45	39	34	47	22	30	25	23	6	3	1	48	
8	48	45	36	40	24	47	29	12	48	6	6	28	37	24	4	44	27	1	19	24	11	6	22	16	11	15	16	9	10	39	42	41	38	33	47	42	32	14	11	46	26	30	31	8	20	2	28	20	36	30	4	6	4	8	24	22	3	24	11	
11	50	15	25	32	48	43	3	5	5	40	14	48	20	19	23	20	17	26	46	4	8	21	48	22	23	37	21	33	13	44	46	24	20	24	44	17	20	13	47	9	46	16	50	40	42	36	22	27	2	38	28	24	14	49	9	37	46	15	1	
30	4	27	9	24	26	45	25	38	11	30	38	5	9	49	47	46	9	36	28	10	8	16	10	49	24	24	27	38	24	11	50	34	31	17	38	44	28	32	15	38	12	1	13	29	25	35	17	46	13	6	13	1	44	28	27	35	18	43	43	
44	2	24	2	14	37	42	50	20	33	35	20	14	24	36	30	39	32	39	17	17	17	24	45	2	41	18	45	18	35	2	13	48	12	42	8	27	43	17	12	38	31	48	16	18	22	49	12	10	44	48	38	30	12	16	24	21	38	48	32	
43	3	10	6	47	45	22	31	2	22	25	26	9	7	27	45	18	37	7	29	24	44	28	22	40	9	35	33	2	14	38	18	42	7	50	26	2	31	24	7	19	44	23	41	24	36	6	11	20	42	47	33	45	45	42	24	50	29	12	38	
6	6	16	35	44	24	18	28	16	43	45	31	28	14	49	21	35	1	49	20	17	2	6	26	26	28	46	48	7	49	5	19	33	42	28	46	5	19	41	28	9	27	36	47	17	47	36	12	40	39	42	44	25	35	49	10	23	36	11	50	
24	6	21	6	1	23	46	44	29	3	2	10	23	2	49	37	25	14	22	28	27	49	25	36	4	20	14	33	46	17	12	48	48	39	5	11	18	39	32	9	43	3	33	23	17	13	7	9	45	28	33	47	2	16	41	30	27	24	41	29	
4	10	11	44	2	16	37	29	23	10	16	16	25	28	11	48	39	27	35	23	7	8	1	48	10	37	17	26	31	24	43	28	49	12	41	6	24	26	20	1	47	21	35	43	22	40	5	1	37	19	15	6	43	33	19	3	30	14	38	44	
26	3	29	10	46	41	50	1	8	17	21	39	3	41	42	44	40	40	29	27	34	5	25	30	41	2	25	5	12	36	18	30	6	18	22	6	3	45	15	9	13	11	34	16	26	4	29	29	29	24	46	22	16	24	5	36	4	25	37	15	
42	39	49	50	35	32	36	40	24	5	21	11	25	1	33	6	21	38	21	2	34	44	24	28	44	22	39	45	8	15	50	1	9	31	20	50	15	50	15	44	6	50	1	22	28	40	19	47	11	32	1	2	47	5	16	23	32	7	40	13	
49	30	5	39	23	40	10	10	16	20	31	38	13	28	13	20	25	24	35	45	41	44	49	31	16	26	13	31	26	2	47	26	42	16	34	47	12	38	50	40	48	25	34	36	45	45	47	17	10	34	42	38	8	23	24	10	8	29	23	12	
47	14	13	18	20	44	36	29	25	40	24	3	1	43	36	41	37	50	1	37	10	10	39	42	12	12	42	39	13	10	45	36	33	14	1	43	39	9	34	22	31	29	34	39	25	26	26	10	16	47	3	42	7	20	24	46	7	40	20	3	
33	42	9	46	26	7	5	32	7	31	46	9	35	18	8	8	36	29	39	49	22	13	27	7	17	35	3	32	32	16	47	18	15	19	22	10	35	31	41	36	34	15	38	40	11	39	50	50	37	35	38	29	21	37	4	20	29	18	49	31	
47	49	27	48	39	10	1	49	12	18	43	3	17	15	17	16	3	19	46	21	49	2	45	18	43	44	31	20	33	20	41	46	48	46	43	42	18	40	44	16	37	39	2	30	25	36	4	49	11	21	8	26	20	41	31	2	26	35	13	47	
39	24	21	37	34	33	4	11	42	44	40	11	1	24	7	45	43	26	48	37	49	34	24	18	24	22	8	49	25	34	20	22	26	44	44	36	25	9	30	3	13	13	28	2	43	8	5	28	26	8	40	10	25	41	14	37	30	42	18	41	
15	6	14	47	46	22	25	4	8	2	20	43	10	44	2	39	41	38	8	39	6	11	20	12	43	44	9	32	22	1	17	10	42	23	36	41	17	9	24	20	27	12	2	41	9	26	41	36	23	29	20	4	23	20	18	20	45	21	16	5	
40	24	32	6	20	50	7	36	12	45	14	26	26	8	33	41	27	5	30	40	25	40	24	16	29	12	13	44	33	7	22	6	8	28	25	8	2	39	6	1	41	9	27	15	20	43	42	49	50	34	17	31	33	21	33	13	44	7	44	43	
19	28	39	1	37	5	48	10	26	19	23	16	15	8	8	27	9	17	13	23	30	7	13	21	17	9	35	38	23	10	27	8	41	1	43	36	10	49	20	10	48	23	16	46	36	1	12	38	32	42	47	33	10	28	6	4	7	21	15	46	
41	21	9	9	37	33	7	9	43	17	16	30	13	10	47	5	36	43	25	34	31	5	50	37	34	50	29	6	29	42	2	23	9	32	29	38	34	21	44	34	26	5	42	18	37	15	44	37	38	10	24	23	48	34	31	37	34	26	43	3	
35	50	37	25	11	2	3	47	43	20	33	20	15	16	31	28	36	28	27	38	16	35	18	23	32	26	33	2	7	12	36	35	9	17	4	34	29	22	14	24	32	25	10	29	3	41	44	36	29	44	14	34	31	24	39	20	31	39	25	50	
45	20	27	42	38	49	1	20	36	35	33	4	33	8	25	2	5	49	5	47	23	2	13	17	17	46	21	18	33	7	19	33	2	7	44	14	15	46	19	34	24	44	48	5	35	10	40	50	5	47	46	48	47	31	32	13	6	37	4	50	
12	34	41	15	5	33	10	38	36	1	29	7	1	23	6	26	48	15	43	43	21	2	34	47	44	17	36	11	35	44	7	14	9	32	29	30	18	33	26	34	29	11	10	21	48	6	13	1	32	1	4	25	45	1	7	45	17	4	24	35	
46	38	12	25	39	38	29	6	38	34	25	40	15	14	6	7	1	18	10	11	1	47	33	49	16	9	17	26	33	24	49	21	15	28	9	34	16	47	1	41	39	19	27	36	14	39	22	27	29	41	8	2	22	26	2	34	18	30	28	42	
13	3	47	43	5	1	5	17	26	45	34	14	39	45	4	28	32	40	20	27	38	10	3	20	32	19	33	36	15	7	31	9	2	6	15	33	33	15	30	22	9	37	11	35	33	29	19	10	15	11	49	33	22	24	32	12	7	29	37	6	
40	43	30	43	12	39	43	29	36	35	13	8	4	7	23	47	49	8	17	34	40	2	26	37	26	35	9	36	5	36	23	44	2	11	24	25	23	13	17	31	36	36	7	21	10	29	26	26	2	44	49	13	26	21	19	2	18	1	47	35	
24	38	44	2	7	48	36	1	37	1	3	5	9	31	46	16	39	1	23	47	44	42	29	43	41	37	25	14	31	43	1	19	29	31	46	26	35	7	25	34	41	12	40	34	17	7	9	37	43	25	6	49	29	44	38	1	11	2	30	14	
7	17	4	45	24	12	39	50	50	23	1	37	46	49	50	32	10	43	17	7	28	14	17	38	16	38	27	17	26	31	21	27	36	40	2	17	31	7	44	20	18	29	12	16	44	37	47	10	22	10	37	32	49	4	6	3	33	11	46	32	
33	29	43	19	13	17	17	43	25	14	26	48	13	26	12	17	49	9	10	17	43	49	17	50	18	21	36	12	10	32	7	7	13	40	2	48	38	12	35	27	19	19	12	13	41	46	33	46	29	20	40	30	45	11	45	31	33	49	13	3	
14	41	49	46	36	34	19	30	45	13	2	5	47	3	22	25	28	18	23	13	19	38	39	6	8	22	8	46	9	45	25	27	17	16	39	42	8	37	5	19	37	30	8	28	25	50	40	42	24	9	35	39	29	14	34	7	14	11	35	27	
49	24	17	16	7	12	39	33	35	29	36	45	8	15	6	16	8	5	12	24	27	42	40	28	33	28	13	8	29	35	19	27	13	41	50	40	13	27	6	7	31	5	49	44	50	29	27	16	22	36	24	11	40	18	47	2	12	50	11	14	
7	7	26	44	7	27	24	27	29	8	25	17	41	11	25	29	28	4	12	14	11	16	30	41	20	41	32	46	31	5	39	49	7	14	24	45	13	50	8	43	40	20	9	49	34	2	6	48	40	47	15	7	5	12	23	22	43	8	48	48	
44	12	5	18	20	31	5	26	45	22	7	17	14	8	48	39	32	40	12	29	43	6	16	7	23	13	12	7	23	39	7	39	5	45	42	25	28	47	21	1	5	44	45	44	25	17	30	1	25	31	28	34	41	3	12	44	18	48	14	15	
7	13	2	38	25	1	49	4	29	36	22	31	1	8	20	2	48	26	3	21	38	32	11	41	12	17	20	31	14	22	25	48	47	48	50	25	14	20	47	27	44	29	36	27	5	47	9	18	27	24	39	28	39	30	2	26	17	1	25	10	
21	30	38	25	1	19	3	33	22	49	40	25	13	16	33	35	33	34	19	50	29	25	12	38	6	31	49	31	8	33	4	8	3	40	22	46	43	11	18	40	17	26	42	32	28	47	13	44	29	32	33	40	22	14	1	44	46	3	32	47	
3	11	29	33	41	43	25	41	16	11	15	11	34	8	14	47	19	7	21	48	30	30	28	10	44	35	35	28	47	17	7	46	39	46	16	26	23	24	37	10	3	2	13	22	18	18	39	34	31	27	30	1	21	40	28	16	20	24	17	33	
18	21	39	1	11	2	44	43	5	22	31	33	38	6	37	17	45	12	1	24	3	41	41	43	30	29	35	31	44	38	31	35	7	36	44	1	12	4	38	40	46	20	38	21	43	16	25	4	13	41	9	11	7	43	32	14	49	25	26	23	
30	44	37	42	44	23	26	30	41	29	46	19	39	37	18	20	42	21	28	27	6	9	2	23	49	32	43	32	9	27	44	29	11	48	26	12	16	33	22	42	1	50	1	4	38	4	10	23	10	12	25	8	43	49	12	5	41	18	27	1	
On machine	3
26	11	8	1	43	12	13	4	9	11	13	22	11	28	23	44	39	38	47	25	30	8	4	37	32	17	50	46	14	32	47	39	38	40	30	22	48	43	45	20	35	6	5	35	46	30	21	25	35	36	6	30	50	48	34	19	49	6	21	8	
3	28	11	15	32	39	4	42	21	1	10	33	19	25	36	15	17	1	2	28	14	32	25	16	42	17	26	42	23	3	9	30	13	38	40	41	6	34	32	9	40	21	30	48	10	16	37	27	4	39	12	5	40	47	24	19	44	20	22	8	
3	17	26	50	47	30	47	36	18	14	10	20	20	48	15	13	43	18	1	17	43	3	2	37	9	50	30	31	49	18	8	1	45	33	31	40	20	32	41	47	37	21	2	38	35	47	39	34	22	27	47	15	18	22	23	2	20	28	18	21	
37	1	29	41	19	40	5	38	27	31	26	19	13	26	43	27	3	11	24	41	35	29	10	49	36	3	50	32	14	12	39	25	8	12	12	44	16	7	13	30	33	48	18	15	35	19	16	46	19	17	16	36	30	33	14	13	8	41	3	20	
13	24	23	12	45	4	26	8	34	4	14	18	43	4	10	29	31	49	48	21	11	42	7	50	1	28	15	35	14	37	50	10	43	23	11	34	21	50	35	31	3	10	24	34	45	19	41	38	43	23	45	12	26	30	1	28	49	50	16	37	
18	6	50	45	2	11	24	6	46	1	33	26	25	48	9	30	33	42	10	15	38	38	23	9	2	50	47	4	28	1	24	30	40	11	26	17	5	47	40	28	46	32	24	39	37	9	28	39	2	10	29	40	32	49	45	4	25	12	22	19	
42	4	48	34	19	29	28	19	23	17	19	48	21	6	22	15	32	46	16	39	34	34	37	32	31	2	32	1	4	4	13	19	35	23	36	6	49	26	19	19	45	8	18	31	5	10	39	31	21	2	23	27	31	35	50	33	8	30	21	38	
49	31	2	46	36	27	4	1	22	7	4	43	28	19	48	19	50	41	15	29	33	10	10	2	32	23	1	45	24	27	7	19	8	44	19	10	45	29	8	37	21	19	19	9	3	39	21	41	34	35	14	1	3	26	46	36	27	47	43	24	
12	44	46	15	48	33	35	35	12	14	16	34	47	33	9	7	37	29	42	9	47	35	48	4	34	29	47	11	30	15	14	5	1	5	26	24	9	26	17	27	44	7	24	29	38	44	15	20	11	9	28	34	39	26	43	9	15	27	26	18	
2	8	25	6	30	25	42	32	43	46	28	25	14	9	43	17	20	3	23	50	16	40	21	36	26	31	45	40	9	14	4	46	30	50	36	12	24	27	5	5	47	5	8	1	2	11	24	2	35	21	32	12	42	4	46	27	43	33	20	50	
10	7	31	21	16	36	16	22	22	39	15	7	15	4	41	40	6	45	48	47	31	12	46	24	19	45	36	9	15	22	25	43	2	21	36	50	36	21	12	18	23	47	23	4	32	4	25	13	9	48	25	32	24	19	8	1	8	26	3	8	
50	9	13	19	36	35	9	35	32	31	34	13	25	30	38	24	16	36	32	20	15	33	44	3	20	5	27	5	31	22	6	9	12	32	11	14	19	26	19	30	1	17	19	38	48	40	30	12	41	9	18	47	50	35	33	40	23	25	33	48	
20	44	44	32	16	2	31	10	26	8	11	41	45	39	32	40	48	34	47	48	14	38	45	41	39	1	7	17	29	26	29	11	36	15	31	13	14	23	39	7	37	22	27	50	46	30	1	26	48	27	20	5	33	44	21	49	14	46	17	14	
32	43	49	36	21	45	42	35	46	16	4	2	48	45	2	9	13	12	31	10	27	46	34	11	43	41	20	39	7	47	33	37	30	21	36	32	39	2	13	50	36	2	33	7	29	15	18	1	6	50	37	31	17	50	26	39	16	32	3	4	
21	17	32	13	29	44	11	8	21	30	9	5	27	36	46	37	50	46	32	8	18	47	47	33	4	14	5	16	4	43	49	24	30	49	2	28	16	35	45	38	22	10	21	33	20	15	12	35	39	17	49	27	1	34	1	38	6	31	45	42	
50	10	29	25	26	5	46	23	16	44	28	45	14	16	37	12	49	11	38	27	2	9	50	39	37	12	2	18	34	38	30	8	48	40	9	1	4	38	43	19	8	44	20	2	23	48	38	39	18	3	30	25	6	18	45	38	49	24	9	45	
30	27	41	2	30	50	17	28	47	27	15	18	8	33	5	30	11	26	2	26	1	26	7	1	34	2	22	20	47	37	31	23	40	49	17	24	43	46	8	46	9	41	49	42	16	30	27	46	44	29	18	34	41	25	12	31	40	26	31	11	
6	11	1	6	17	27	26	45	29	8	33	45	26	7	8	21	37	14	14	38	5	43	33	19	3	50	33	38	14	28	48	21	10	41	19	26	13	28	19	13	24	25	39	48	24	6	16	27	13	3	49	23	1	29	9	43	3	43	25	24	
31	1	13	23	41	18	7	20	33	5	1	28	23	7	46	25	46	31	44	5	20	40	15	1	6	3	5	26	45	18	31	44	41	50	27	43	36	21	36	18	7	5	10	6	40	7	8	31	10	30	7	39	21	41	1	21	48	8	34	12	
17	13	43	20	40	34	35	1	5	3	19	4	11	33	27	11	40	2	39	17	48	6	13	43	20	13	45	49	8	9	10	3	30	11	29	35	49	20	26	36	24	9	50	8	46	31	13	38	43	7	45	17	31	6	16	43	50	6	11	30	
20	11	8	21	14	16	2	41	6	16	18	20	20	40	50	10	29	18	36	16	21	47	12	1	1	17	49	21	3	5	12	29	4	45	43	37	33	35	39	4	21	21	25	38	47	40	50	22	2	3	15	7	33	3	22	49	49	16	21	3	
5	9	49	22	19	32	49	17	24	6	27	23	39	23	4	43	39	38	26	38	22	17	9	4	43	48	49	27	9	2	7	31	37	19	23	20	23	15	31	47	25	5	26	12	8	3	42	33	3	27	3	3	50	35	24	49	30	44	15	16	
11	4	4	31	45	46	45	33	13	14	41	43	43	48	35	34	29	15	20	43	46	20	26	22	17	36	8	32	14	28	33	12	42	33	24	45	34	8	35	4	7	4	32	37	7	7	19	20	42	18	44	5	34	4	43	7	43	25	10	27	
49	10	16	25	10	16	39	28	10	12	11	37	23	36	39	45	2	31	32	12	19	15	20	50	13	8	10	31	47	47	33	6	44	42	1	1	22	31	36	2	13	6	36	39	50	15	38	45	8	7	15	5	39	13	30	40	21	3	10	14	
23	23	14	26	27	47	2	50	10	33	42	23	6	34	33	3	48	40	26	35	13	32	40	8	16	31	14	39	44	12	22	30	29	43	29	3	10	12	49	28	20	17	31	41	21	21	2	12	13	32	29	25	9	42	42	14	17	25	48	23	
40	22	3	32	12	42	22	26	46	5	13	13	23	18	38	30	42	42	24	3	26	20	2	10	41	12	30	26	12	42	44	38	39	41	23	38	40	27	13	13	21	26	29	25	7	11	28	36	41	21	21	48	39	41	30	30	38	45	12	22	
25	19	48	7	37	30	11	33	17	13	45	31	41	44	10	38	46	47	41	47	41	28	32	44	40	4	37	31	33	14	22	37	33	19	16	5	36	32	24	37	47	23	12	46	35	7	10	41	35	35	31	42	37	24	34	11	38	45	16	49	
46	34	7	25	48	44	47	8	40	24	50	31	9	2	50	22	47	30	18	2	7	21	13	39	11	8	39	28	27	37	50	26	34	13	24	40	4	40	38	19	22	11	36	47	48	21	41	8	44	10	25	6	44	10	29	32	11	4	32	31	
22	47	33	16	41	44	40	50	34	37	44	12	9	36	24	49	12	42	28	15	48	10	43	24	18	33	15	3	40	7	12	13	23	46	6	25	27	1	4	23	14	45	17	23	15	2	37	33	39	46	49	23	11	7	7	39	37	7	39	28	
42	43	20	23	16	31	22	22	25	9	24	9	34	45	38	22	6	1	4	13	16	43	36	11	26	30	47	30	27	11	44	35	5	22	46	3	44	40	9	7	5	22	34	22	41	27	45	27	3	14	3	31	19	1	49	35	41	36	5	1	
17	46	16	18	30	48	38	48	31	34	10	18	7	15	3	12	31	36	44	22	10	31	6	15	10	25	27	7	19	39	4	45	10	21	42	19	29	14	25	16	26	13	43	1	19	37	20	7	7	11	31	39	5	1	12	8	36	28	21	1	
46	38	24	10	40	49	31	10	24	4	28	20	45	6	41	8	38	11	42	22	25	27	15	13	50	44	35	50	33	50	26	39	10	13	23	39	31	24	8	34	2	43	13	12	40	11	27	35	29	20	49	15	23	21	48	6	8	24	27	31	
5	17	48	27	18	49	43	46	43	37	37	43	40	31	45	1	34	35	7	30	44	50	19	48	32	2	46	32	50	7	24	41	9	16	3	5	32	38	13	6	3	48	50	45	49	7	27	10	3	43	44	21	1	48	26	29	46	1	36	3	
30	22	39	16	23	7	40	7	34	12	48	27	13	49	5	6	42	16	11	24	9	22	34	39	10	16	32	2	34	25	39	47	8	1	12	46	11	5	16	38	21	42	50	18	39	41	50	16	8	31	30	14	17	35	48	6	14	48	37	22	
18	8	5	22	28	37	28	49	22	37	31	48	35	44	5	17	3	19	19	5	16	13	37	50	13	4	1	35	10	27	10	12	2	17	27	24	35	25	50	11	25	16	18	39	44	21	9	47	15	33	36	27	5	29	20	31	1	2	5	1	
14	46	6	12	47	34	27	26	50	23	5	15	14	31	18	7	47	19	1	30	36	6	19	13	40	24	26	25	6	31	15	10	48	19	50	23	49	27	42	17	42	45	25	9	29	29	33	22	36	23	15	3	13	18	18	11	15	46	29	32	
24	1	34	2	50	34	2	1	8	5	13	5	18	26	44	45	49	29	30	44	12	9	15	50	31	10	40	17	48	4	20	47	50	41	22	48	45	6	30	12	9	3	32	29	7	11	6	35	42	27	34	39	13	13	10	41	28	10	26	47	
9	26	42	37	3	42	36	3	49	39	15	8	26	29	34	23	4	34	11	9	26	38	49	50	43	39	19	24	10	5	39	43	5	4	23	13	38	18	13	37	26	26	48	23	15	14	16	9	24	21	43	11	23	6	26	5	43	19	20	1	
4	22	39	49	29	48	36	36	43	5	47	1	45	19	16	5	25	14	50	3	40	21	14	39	8	47	6	47	45	26	25	35	26	10	14	43	11	46	45	16	13	32	14	31	44	12	16	2	36	42	41	10	40	8	42	16	27	32	13	20	
28	40	37	7	24	48	17	33	33	23	45	49	9	33	1	43	48	2	8	27	31	20	2	26	32	45	29	20	26	44	13	13	30	12	38	15	17	16	23	43	47	32	41	24	35	1	3	1	36	50	46	8	18	39	25	16	47	5	36	24	
25	21	19	1	19	38	20	18	13	3	40	46	10	46	2	49	41	18	49	21	7	16	47	9	19	20	13	15	17	31	20	36	28	5	20	22	22	1	23	12	37	23	1	14	30	49	2	14	16	28	8	49	9	6	20	22	13	21	48	31	
8	26	30	11	26	35	17	47	17	45	28	39	3	47	37	2	35	46	35	23	20	40	28	15	16	49	37	39	14	9	41	13	45	18	46	37	46	19	22	30	16	50	30	41	7	5	36	13	40	2	1	16	49	15	35	48	2	49	15	34	
22	4	29	22	18	6	24	21	17	24	11	41	4	6	1	10	38	46	19	32	14	34	28	11	16	43	20	40	26	49	17	35	40	41	28	1	5	48	19	27	43	24	18	31	3	30	44	3	48	49	15	28	45	41	10	44	27	30	46	17	
3	48	29	27	9	24	33	23	3	25	24	26	24	19	7	32	1	38	18	24	47	12	32	17	23	6	14	16	16	35	27	21	48	5	39	49	23	12	33	34	31	11	32	2	17	47	20	14	9	29	49	44	30	42	7	32	26	22	21	11	
10	44	2	10	49	35	8	7	26	12	42	39	27	1	45	22	18	36	29	5	7	4	36	34	45	39	21	5	34	39	40	45	20	12	36	22	45	46	12	36	20	13	42	10	13	50	13	32	19	7	28	21	44	37	27	30	8	6	16	47	
31	32	39	48	10	24	27	47	30	31	15	22	7	2	40	3	17	34	10	50	37	3	47	9	24	48	47	50	42	41	30	42	5	46	2	50	30	1	30	6	32	28	19	15	24	34	19	36	18	4	24	18	42	12	38	28	17	43	13	26	
18	11	12	15	10	22	22	49	20	40	48	50	34	34	13	15	32	44	10	15	50	2	19	18	39	23	1	24	34	2	9	26	50	13	5	27	10	21	20	21	34	28	45	49	38	31	35	5	9	36	2	40	49	29	40	11	4	18	14	42	
37	50	42	15	16	12	50	6	13	46	27	28	50	10	9	22	34	30	32	15	37	23	49	13	6	25	10	36	31	23	30	4	7	14	14	22	34	3	10	41	22	42	5	46	48	22	47	33	28	30	29	42	34	26	15	16	45	19	26	25	
35	33	36	20	48	50	12	11	22	32	49	8	4	42	43	34	45	5	20	16	49	4	33	14	21	38	25	48	27	50	16	49	2	37	40	30	44	31	7	11	36	22	37	32	49	22	40	30	8	26	23	35	30	17	24	46	7	46	16	39	
22	45	39	48	50	29	19	22	6	29	23	48	38	21	45	47	49	29	44	44	46	42	9	20	37	41	48	10	18	23	4	20	12	27	10	44	22	12	4	19	28	50	11	16	23	16	34	28	15	37	8	28	49	18	24	18	42	37	25	18	
2	4	48	38	2	17	7	45	13	46	9	39	42	12	46	5	22	3	44	44	13	44	2	38	15	41	14	39	19	7	21	28	43	29	19	17	2	4	6	1	35	31	9	19	45	17	34	9	4	33	44	13	11	1	4	44	41	24	18	26	
11	31	50	30	28	43	49	37	37	26	10	34	22	40	22	11	11	34	12	50	9	15	15	5	28	23	41	48	12	20	33	42	15	6	17	47	14	20	35	23	9	32	28	45	44	40	45	48	44	31	5	1	26	17	13	35	42	42	15	17	
35	23	39	41	33	25	41	17	12	38	46	48	32	45	22	50	25	34	37	30	7	37	5	14	19	12	45	35	29	37	20	19	49	32	41	15	33	20	33	28	47	16	34	4	11	26	27	50	6	5	18	23	28	37	13	12	2	48	21	38	
2	38	34	36	49	7	24	4	39	29	17	31	8	31	12	14	38	14	24	10	2	19	19	38	22	7	43	46	24	30	20	24	11	20	26	14	2	12	48	32	26	17	30	30	44	33	18	32	39	36	21	42	45	40	33	24	45	15	18	50	
9	22	11	40	11	33	29	3	21	38	38	32	42	38	32	27	44	12	23	46	9	25	25	30	3	17	14	9	1	19	25	44	13	43	28	46	26	30	18	31	29	30	13	44	1	17	4	18	17	19	2	24	34	43	49	32	16	44	13	20	
49	15	28	41	46	2	30	36	46	6	31	26	16	10	35	33	40	24	43	38	43	42	17	36	48	37	19	28	41	2	38	1	35	26	36	22	21	2	6	39	20	16	50	48	44	37	30	5	29	3	35	17	20	28	19	32	26	13	10	45	
41	48	30	44	6	31	36	21	39	18	38	43	30	3	38	25	7	49	49	39	43	1	3	3	50	45	20	11	7	37	35	7	14	29	20	39	50	2	10	15	36	48	40	41	27	35	14	14	38	19	41	3	29	43	19	23	2	23	33	7	
25	46	24	6	12	50	40	10	35	46	16	50	2	31	16	5	3	1	32	5	9	33	49	27	36	43	50	23	19	29	25	15	8	19	34	47	5	7	25	47	38	33	29	4	13	31	18	10	48	3	1	24	24	46	42	26	12	39	5	13	
11	24	47	18	44	24	45	6	16	33	47	20	19	21	30	1	48	38	40	22	39	13	12	39	8	7	18	28	45	10	6	35	10	38	21	8	19	39	39	3	43	22	17	33	26	44	46	19	38	43	10	17	44	42	15	40	42	19	39	26	
27	42	20	49	34	13	23	33	9	29	8	24	12	25	26	7	26	6	50	14	21	35	42	25	47	15	41	13	24	29	10	50	3	10	42	25	50	12	50	49	26	38	1	40	42	16	9	40	23	6	10	10	17	3	18	18	34	23	31	26	
On machine	4
6	25	12	25	34	35	44	23	18	7	47	36	35	45	16	17	36	10	30	36	41	46	20	45	18	34	14	45	14	21	21	16	25	14	23	25	21	22	11	46	12	43	3	1	17	25	9	7	18	30	49	25	5	7	37	26	20	16	32	22	
32	49	6	31	7	47	18	26	2	4	24	16	13	23	50	32	29	37	3	45	30	4	2	7	13	40	14	21	18	31	2	44	34	7	30	37	46	1	12	16	30	20	37	1	36	40	3	37	11	4	27	9	36	19	1	44	14	19	13	16	
49	18	19	47	4	4	46	32	8	6	35	17	3	1	38	37	3	45	17	4	22	37	41	49	50	1	26	36	12	32	9	11	17	7	36	40	45	38	35	14	40	4	10	50	13	49	6	42	50	12	26	37	26	3	32	43	42	5	46	42	
45	17	37	10	44	33	36	35	15	28	41	27	49	39	40	17	43	9	34	48	20	6	10	20	7	43	47	5	34	37	10	24	38	22	13	9	9	7	27	10	6	39	35	1	41	31	3	22	13	50	7	5	27	49	46	25	18	27	32	46	
2	30	47	41	21	36	44	8	26	12	49	42	15	7	47	44	44	11	41	48	27	47	41	9	17	38	33	50	31	24	42	23	8	7	11	3	25	22	19	4	9	43	3	21	8	6	42	36	4	29	7	29	45	17	28	43	26	11	4	45	
6	34	42	32	14	49	3	1	36	50	50	27	47	46	48	6	3	9	23	50	2	44	16	30	10	15	6	1	25	11	49	26	37	45	10	12	7	27	49	8	24	29	33	3	28	12	26	35	5	20	25	42	44	22	9	16	5	42	5	26	
5	7	40	26	41	16	36	21	8	3	25	28	32	13	23	12	11	22	36	17	9	22	24	4	50	23	25	33	14	16	7	47	28	40	25	37	3	2	5	31	41	44	15	2	4	26	17	30	12	11	25	20	26	22	12	6	47	40	10	28	
41	2	14	40	6	27	46	43	45	47	44	46	16	46	30	14	36	50	12	47	25	7	33	14	2	33	40	22	14	50	42	45	28	16	24	13	9	26	27	50	41	48	12	38	14	8	46	18	47	23	47	7	23	50	29	35	23	42	5	50	
33	27	28	45	50	6	37	21	20	32	32	38	21	15	10	25	19	20	31	35	7	46	20	14	24	28	26	3	11	28	46	32	22	43	47	2	22	1	23	5	1	2	5	50	12	14	2	44	1	49	32	27	6	37	27	8	40	27	16	33	
22	8	33	31	20	41	47	27	10	30	16	5	24	29	18	41	4	32	10	25	15	48	8	30	21	25	45	12	14	36	2	24	35	27	13	15	1	23	15	43	36	7	12	40	4	18	40	21	13	16	41	5	5	32	29	24	48	13	21	10	
10	20	49	8	48	33	29	34	43	28	36	23	20	2	20	12	22	10	16	27	13	1	40	31	1	2	26	41	20	9	37	21	14	35	15	48	43	17	15	34	46	7	38	20	41	30	9	41	34	40	35	49	50	18	33	33	36	22	42	12	
7	49	2	32	29	10	5	42	8	43	39	47	23	15	14	42	43	13	40	11	10	33	47	39	37	33	9	41	10	7	49	44	31	37	17	10	28	31	17	32	14	17	10	19	47	15	28	6	26	44	23	38	10	4	34	19	7	22	49	35	
30	34	43	3	33	41	46	18	23	42	13	48	40	34	15	28	8	28	13	14	9	39	26	38	44	41	21	5	11	34	29	9	38	2	39	14	45	48	48	40	44	11	13	32	48	49	37	16	18	15	10	2	30	46	34	42	28	41	41	15	
41	25	6	22	12	50	6	1	46	19	28	39	25	29	36	43	38	20	36	29	21	46	21	18	14	8	20	46	16	9	29	2	5	44	28	34	33	25	47	40	6	12	50	28	18	12	40	21	44	15	20	6	18	28	27	12	40	22	24	13	
26	36	6	42	16	28	24	19	21	32	37	37	29	34	40	19	45	33	1	39	23	25	3	23	44	12	21	32	7	30	9	38	34	11	44	20	6	6	33	33	28	34	34	32	6	19	37	7	34	24	34	4	1	2	32	2	24	21	7	42	
13	6	20	13	34	23	7	33	9	45	39	50	45	48	38	46	33	29	8	34	13	18	20	18	38	15	45	15	47	4	50	36	14	29	47	16	22	23	24	23	32	9	21	8	1	18	14	31	40	43	30	24	32	32	33	3	17	29	46	16	
12	14	41	10	2	17	21	3	36	34	14	38	15	11	36	27	11	11	35	40	26	18	8	38	41	47	40	11	22	15	11	41	50	48	22	9	4	49	5	34	25	38	43	20	4	27	36	9	5	2	36	9	13	4	10	30	15	24	6	42	
42	50	1	12	28	26	42	23	31	6	21	12	32	36	23	45	46	38	35	6	37	38	31	23	25	18	30	7	41	46	21	31	16	21	2	44	19	23	43	12	2	15	22	27	48	44	27	20	24	18	25	2	49	24	30	12	5	40	11	21	
3	22	40	43	7	3	24	3	31	7	50	48	37	41	35	32	21	14	5	37	44	12	23	32	15	23	1	26	15	6	2	29	45	16	43	26	45	46	11	41	8	21	28	41	7	5	18	15	35	21	1	17	14	7	45	24	16	24	10	28	
22	41	33	31	18	15	7	45	28	39	2	20	48	45	25	9	42	6	23	43	5	34	5	50	8	14	33	46	18	35	15	15	30	30	15	13	44	31	17	28	30	49	42	38	34	4	14	8	34	46	15	34	25	27	36	39	41	18	42	8	
5	9	39	49	9	46	47	7	31	38	41	5	5	13	25	25	5	9	11	7	34	2	1	38	17	47	25	36	47	43	36	24	1	3	31	9	20	4	27	31	5	25	22	18	31	28	40	7	17	16	1	42	44	11	2	38	10	16	10	46	
44	24	28	37	47	18	16	1	25	44	48	32	13	29	33	11	20	11	18	14	48	18	37	47	4	48	30	14	21	17	30	15	5	16	19	8	4	9	2	37	37	26	31	7	4	42	4	9	21	25	21	36	26	33	41	22	20	12	32	45	
34	2	46	12	40	16	45	29	23	25	3	41	28	5	24	20	16	28	15	36	19	3	20	18	36	22	42	33	21	44	25	28	19	14	2	35	28	31	15	7	1	1	34	35	50	25	19	50	5	44	40	49	40	20	17	48	29	1	35	44	
22	41	43	7	36	40	35	49	17	20	38	18	13	2	50	43	28	19	39	5	13	38	12	3	22	26	5	50	45	9	22	35	7	43	47	43	45	4	25	50	43	20	47	48	48	11	36	1	24	48	17	47	3	45	43	2	12	42	9	12	
28	11	20	2	48	25	7	29	27	7	17	18	11	24	2	37	49	6	3	15	2	25	14	2	40	30	23	34	8	49	45	40	22	30	36	40	19	43	42	6	47	3	32	45	13	49	29	39	15	20	27	4	45	9	1	24	10	8	7	49	
28	34	46	18	25	43	28	43	13	23	13	29	45	25	2	11	42	37	31	22	30	12	26	50	41	30	12	8	35	24	39	35	27	26	33	34	24	22	43	2	27	48	8	24	43	29	38	4	32	19	35	23	46	27	47	41	30	7	43	38	
23	27	28	7	29	11	26	5	22	8	11	28	45	29	45	28	2	8	13	4	47	18	18	40	18	40	49	5	39	18	35	5	3	42	27	28	28	28	21	13	29	36	37	9	21	43	23	11	50	31	43	32	10	45	16	24	26	44	34	12	
14	19	39	46	21	17	36	2	5	47	13	26	5	31	6	21	43	49	29	11	37	43	40	26	45	21	9	8	14	30	19	4	20	33	1	27	13	23	44	38	10	7	4	40	31	7	28	49	4	27	18	44	48	11	13	44	28	41	41	4	
47	40	29	33	31	11	12	36	50	38	24	34	30	40	42	19	9	22	27	48	2	13	1	30	43	24	43	20	4	6	30	10	47	25	18	24	47	10	9	21	38	2	25	18	39	49	19	27	41	40	24	6	1	3	38	17	42	33	31	8	
45	42	10	3	49	43	36	5	13	47	6	16	4	6	39	2	45	33	8	6	18	11	31	24	20	14	15	21	26	44	14	28	31	14	43	46	31	28	26	19	43	24	12	19	46	3	22	10	11	43	23	20	34	50	22	20	15	5	31	8	
11	50	12	12	5	28	47	47	3	19	11	10	48	39	46	28	30	15	41	18	5	22	27	44	37	41	49	10	43	9	27	22	30	42	23	44	42	18	24	1	32	31	8	35	34	27	40	38	43	44	7	1	28	24	25	18	6	27	11	26	
34	1	26	12	41	29	6	39	22	17	35	14	34	34	28	32	19	2	39	27	7	45	11	47	4	20	31	17	30	22	1	34	2	27	24	2	30	28	32	29	9	8	19	42	14	6	43	10	12	45	29	41	15	32	1	13	5	44	12	16	
15	20	37	12	48	7	33	6	12	50	47	25	23	9	11	9	30	50	7	5	9	33	13	4	31	24	25	4	30	3	37	1	21	48	19	8	10	24	11	30	1	28	12	8	18	44	5	3	8	10	13	4	40	13	14	44	19	2	7	38	
7	43	24	12	8	49	9	1	27	28	36	2	28	18	50	23	2	32	43	44	13	17	38	9	4	28	8	17	14	33	29	3	24	17	40	32	25	31	42	47	29	12	24	43	49	49	23	27	37	31	26	2	13	32	48	39	41	24	44	29	
22	28	9	32	35	38	4	16	42	32	36	26	12	29	46	10	20	11	30	14	38	6	1	43	26	16	10	12	39	36	34	5	35	34	4	24	45	8	6	32	47	29	1	44	41	34	5	41	50	34	24	27	22	45	42	6	42	28	13	26	
41	44	35	13	30	28	33	47	17	36	41	45	13	40	12	27	22	46	10	25	37	17	5	3	42	46	36	1	22	13	11	13	45	20	32	42	40	24	9	32	47	36	18	39	20	6	34	45	26	50	5	30	47	25	20	2	6	43	48	31	
43	6	37	21	50	17	5	9	16	27	10	27	5	35	23	44	29	8	47	6	47	45	6	42	31	20	23	43	41	16	21	41	7	37	32	47	42	42	29	18	9	32	25	42	41	13	22	40	12	3	23	31	31	1	46	29	47	12	19	30	
29	32	39	13	48	23	2	50	27	14	7	1	12	42	14	7	46	43	8	25	37	20	49	35	25	13	32	5	35	32	35	15	32	50	38	7	40	38	28	44	48	34	33	41	36	36	28	50	15	18	2	25	11	14	39	42	35	32	35	38	
42	38	13	2	7	3	9	2	38	49	21	20	49	6	4	35	10	29	32	29	8	27	21	2	44	30	47	35	47	33	18	42	32	25	6	8	8	31	25	42	7	46	3	22	29	26	37	15	1	16	14	4	9	29	23	33	49	36	13	46	
3	1	7	14	40	45	42	49	13	13	1	16	11	11	42	24	24	31	16	28	47	42	33	16	22	26	32	6	28	23	34	41	14	23	8	48	4	30	18	38	16	6	33	34	50	44	31	48	4	33	16	18	18	18	45	19	16	41	50	48	
15	26	1	2	13	50	18	6	16	9	17	25	48	37	44	21	14	28	11	18	44	47	7	29	42	38	3	4	37	25	17	50	1	2	34	9	16	36	16	32	3	13	6	41	30	43	48	31	42	47	35	20	6	34	44	5	46	5	18	42	
43	49	11	46	26	30	17	41	13	42	40	20	45	38	9	12	16	50	30	36	30	44	45	11	4	7	16	36	50	34	30	35	33	43	16	46	38	1	10	8	10	20	23	24	44	42	32	2	48	41	9	22	38	2	1	39	21	25	47	48	
2	40	26	5	10	15	26	49	34	42	50	39	18	49	26	6	1	40	42	2	38	8	39	44	37	11	39	43	13	18	38	31	25	36	1	33	46	5	1	40	18	7	3	43	16	47	23	35	9	2	50	5	31	48	15	18	28	23	22	38	
16	23	35	39	26	3	15	20	29	49	43	7	26	5	31	10	38	36	14	34	28	7	11	37	31	1	13	13	19	24	24	24	11	18	43	45	37	48	21	50	6	24	46	31	33	38	7	50	6	48	30	25	36	24	41	5	40	14	36	43	
18	26	33	49	26	23	49	19	18	5	48	20	39	14	6	12	17	47	48	49	40	24	27	9	15	30	3	29	15	22	15	9	23	2	47	28	26	29	32	45	40	27	40	44	28	42	42	14	9	14	32	49	1	26	7	38	37	10	4	17	
35	21	8	41	14	43	25	6	49	5	16	43	23	43	1	2	29	22	1	1	29	44	15	19	19	40	2	32	23	4	12	21	12	28	4	1	45	2	7	29	17	40	37	29	41	40	14	4	13	10	43	19	43	36	36	12	26	48	35	21	
14	43	5	27	46	19	34	20	40	37	5	42	39	33	26	19	3	13	38	12	41	1	9	46	28	26	38	14	23	31	42	40	40	33	26	37	6	25	42	39	37	15	49	3	11	40	42	29	25	43	30	36	25	32	42	10	10	41	48	10	
16	15	8	17	17	23	44	37	16	6	17	38	50	25	26	22	12	5	40	22	37	9	4	34	33	29	42	36	18	33	1	48	30	18	38	33	10	13	40	7	2	39	8	8	11	46	39	7	48	49	16	44	12	8	25	13	31	10	28	32	
20	47	43	46	27	48	23	36	45	16	20	15	42	47	9	23	19	19	13	14	37	50	15	23	22	13	12	47	44	34	18	23	34	47	2	16	39	48	27	35	26	17	40	24	19	9	26	7	47	4	6	15	6	25	24	4	25	6	35	7	
12	49	7	34	17	6	49	23	49	10	26	40	32	23	50	14	34	10	28	16	35	20	36	16	15	33	43	13	18	38	21	16	49	28	36	15	29	41	13	13	45	45	46	29	27	3	22	31	25	27	26	38	45	43	32	3	44	39	34	10	
50	40	30	24	34	36	37	42	30	6	7	29	34	39	15	9	11	13	14	1	36	43	45	43	6	25	35	29	28	18	18	17	5	29	29	37	37	40	9	34	19	27	1	33	46	3	49	1	37	32	42	20	27	34	2	1	18	37	29	28	
39	48	12	9	25	48	15	38	29	39	7	6	16	45	11	18	41	36	1	33	14	33	48	47	45	47	27	46	3	48	31	36	47	18	46	24	48	48	46	26	49	48	35	30	9	34	33	8	38	47	42	40	19	11	24	3	41	21	30	31	
32	9	48	33	31	4	27	19	19	2	8	1	46	28	23	39	21	13	39	11	7	1	49	44	43	1	1	50	3	19	30	2	33	37	16	19	21	46	40	26	40	42	34	30	28	47	14	13	31	5	29	47	19	37	30	13	9	14	26	23	
21	10	6	26	34	50	50	24	48	33	30	34	23	5	15	7	15	26	43	36	21	9	33	10	36	18	20	50	32	1	4	14	23	41	36	2	2	24	27	12	34	50	37	28	9	40	22	46	45	32	27	20	23	32	39	49	18	50	49	40	
35	17	5	23	39	11	7	9	39	46	49	28	49	20	35	40	6	46	6	9	22	34	25	27	27	21	35	20	16	24	28	48	11	15	41	6	50	48	34	22	32	8	19	48	4	44	18	20	21	20	7	6	42	47	23	37	37	45	48	41	
50	45	6	7	38	31	3	31	27	15	27	41	43	25	12	49	11	40	44	1	3	45	15	31	49	38	5	26	32	49	7	45	6	2	35	13	16	28	44	14	28	3	9	23	48	20	32	9	15	40	19	45	37	30	31	40	10	20	50	21	
7	19	27	34	44	48	22	16	45	45	11	6	9	27	27	43	30	6	15	33	24	13	8	31	5	24	50	27	42	26	11	14	14	14	6	5	7	20	37	27	46	7	13	3	17	40	45	43	21	40	22	29	4	21	4	41	17	17	43	31	
3	31	22	10	37	50	6	9	28	19	49	22	10	1	20	6	36	5	17	48	29	16	8	36	48	47	28	32	31	4	28	22	35	35	30	18	49	1	28	6	9	31	33	13	17	18	30	28	16	9	46	12	25	19	44	24	18	16	46	48	
28	23	1	40	49	9	6	8	26	47	39	43	36	35	27	26	11	25	38	45	12	9	27	7	22	41	22	32	28	27	36	33	3	38	38	37	43	34	2	36	48	44	50	14	1	33	50	19	30	11	47	21	48	40	33	37	33	35	20	10	
43	39	3	42	11	32	37	17	3	47	33	5	12	5	29	16	47	36	45	14	39	42	39	14	21	44	32	39	7	23	38	29	37	46	16	17	24	14	14	46	16	9	20	32	3	15	44	37	21	12	18	37	50	21	42	2	11	2	23	29	
On machine	5
49	4	6	37	32	3	4	45	31	20	11	42	6	23	33	19	46	17	25	38	39	19	6	25	3	44	13	8	36	19	11	8	32	35	18	20	37	38	37	48	14	5	46	4	35	48	37	1	45	13	24	10	23	3	1	48	13	47	36	40	
33	42	18	27	15	10	26	22	16	7	19	31	19	35	1	12	16	18	7	10	46	28	29	26	29	23	30	8	43	39	3	35	8	24	7	34	27	50	44	11	34	29	32	10	45	47	19	16	49	38	45	42	47	27	50	21	14	41	44	43	
49	5	24	17	23	42	22	9	36	15	50	32	47	45	28	5	16	5	5	10	39	41	1	11	32	15	27	21	12	11	25	1	1	21	16	23	41	15	16	50	42	40	48	28	41	40	15	50	6	28	22	22	42	48	34	31	21	23	46	25	
33	42	28	34	26	32	26	39	12	37	20	1	35	1	18	29	43	49	7	11	39	43	48	32	16	22	49	30	6	4	36	3	50	40	26	40	36	44	26	18	38	37	46	6	40	29	40	28	49	10	42	19	14	35	39	46	10	14	11	18	
27	37	6	41	33	10	15	17	29	6	39	40	26	39	14	27	34	49	19	17	38	17	10	19	14	29	44	8	38	21	30	6	34	42	41	19	25	21	39	28	7	22	10	8	1	26	43	5	1	40	22	4	16	9	42	45	43	41	42	42	
20	25	14	16	10	40	23	5	20	45	2	19	39	33	13	36	43	34	27	14	25	7	41	45	1	46	33	6	5	42	5	21	45	1	13	23	6	36	44	29	50	47	18	17	36	10	5	23	34	43	2	46	26	13	37	12	20	27	2	30	
12	14	34	17	20	15	19	20	11	17	25	5	16	47	17	17	8	11	32	31	26	3	6	21	45	26	25	11	15	15	17	27	25	10	42	18	43	6	8	7	3	32	13	13	6	42	3	11	1	17	37	24	23	27	50	13	44	5	3	29	
20	21	4	21	25	28	3	42	28	6	48	10	9	2	21	13	9	18	8	23	33	38	43	10	1	13	41	24	3	16	26	34	48	38	20	22	1	49	2	45	9	32	17	12	13	6	33	50	5	18	12	28	25	19	48	35	22	19	13	24	
37	37	14	27	7	12	50	18	38	2	18	9	8	33	41	32	31	32	19	32	4	27	5	15	33	50	47	39	33	13	16	47	18	47	48	11	35	46	3	16	13	3	45	18	48	25	38	24	4	37	39	19	43	18	19	22	17	8	29	50	
33	12	38	46	35	1	35	16	43	20	5	2	21	9	34	5	42	17	22	35	4	7	47	33	24	24	2	20	8	46	44	23	29	33	17	35	15	12	47	10	43	20	22	47	7	34	34	2	18	27	1	49	11	17	47	48	36	16	11	45	
35	7	2	48	43	27	17	14	21	19	49	38	34	3	38	22	26	17	19	21	46	28	14	14	5	33	1	18	23	43	31	33	6	10	14	13	3	41	30	11	17	30	32	29	38	22	39	9	46	6	13	26	44	18	24	10	19	27	29	49	
31	7	25	34	39	28	45	4	20	7	44	26	41	48	16	31	25	32	13	26	43	50	29	11	35	2	39	49	42	43	19	10	7	21	37	48	27	42	26	9	31	35	41	19	47	48	4	37	6	34	44	6	24	14	28	4	46	27	2	43	
48	40	16	19	39	18	1	7	34	10	32	46	20	8	49	36	44	27	20	39	43	14	18	46	7	45	33	31	41	10	40	36	29	24	13	28	31	23	32	44	24	27	13	31	27	16	20	2	27	12	39	31	31	18	45	28	6	20	43	2	
18	14	1	5	49	17	29	19	25	21	41	3	15	46	33	32	44	38	40	10	11	30	40	19	10	1	18	49	42	39	18	39	31	5	6	6	7	44	44	26	50	35	48	13	10	46	21	48	1	31	18	34	14	38	39	29	32	7	2	35	
3	7	32	17	17	42	3	48	9	21	34	45	35	30	36	21	36	28	28	41	29	22	13	31	39	29	41	13	22	1	32	48	16	36	20	6	36	39	25	22	39	5	4	24	18	10	30	3	38	1	2	43	31	30	40	9	46	8	30	29	
42	12	24	14	11	17	11	46	50	6	25	30	10	11	35	41	17	36	4	17	11	32	38	48	11	17	45	36	45	49	19	29	38	3	6	9	18	42	27	39	22	34	5	46	15	45	20	27	42	46	41	21	6	43	39	2	29	30	18	35	
31	3	33	50	11	15	19	41	24	49	23	21	5	50	30	5	40	50	31	22	50	15	2	41	10	47	5	13	11	29	30	40	24	29	23	42	49	28	28	32	1	26	44	26	21	43	21	42	49	12	18	21	42	29	11	32	14	18	47	27	
6	11	8	20	8	22	19	39	42	47	48	5	7	12	14	22	26	2	16	27	49	28	25	49	48	27	1	32	11	2	20	49	32	34	29	43	24	7	15	41	49	32	31	30	3	29	21	40	49	1	43	41	32	46	8	44	8	26	19	28	
29	14	26	36	41	9	11	42	34	45	13	14	2	2	49	12	39	39	46	46	2	24	15	34	26	41	1	32	42	50	39	24	4	35	42	28	8	39	2	15	46	41	27	4	30	19	48	38	29	33	33	4	21	47	15	38	27	46	50	34	
11	8	11	21	35	47	24	14	26	20	46	10	29	5	35	41	7	48	34	38	30	25	48	25	8	13	26	49	20	16	27	19	45	40	2	21	13	8	43	32	43	18	29	21	1	38	40	4	19	46	29	18	15	48	29	40	20	14	41	13	
42	50	4	43	40	23	35	23	47	15	42	32	41	44	17	14	1	49	25	3	43	13	29	22	28	15	49	8	50	12	30	26	33	15	6	39	1	9	15	9	15	10	15	16	25	12	36	29	39	37	17	31	25	2	8	20	49	43	14	22	
11	27	11	30	37	8	46	25	34	39	2	10	15	4	13	39	15	47	8	14	25	9	22	14	44	43	6	39	12	39	41	40	18	50	43	36	2	31	23	3	28	32	45	6	1	1	34	29	23	12	17	42	40	44	7	45	38	7	4	43	
19	5	9	36	26	17	17	2	25	41	19	19	13	10	27	28	41	13	19	19	9	12	6	37	36	15	14	12	11	4	11	28	42	44	41	19	6	5	47	35	28	7	26	39	3	38	16	50	29	39	39	26	6	26	32	41	19	49	3	38	
4	1	32	36	27	38	35	25	31	26	46	42	15	34	33	27	49	18	39	36	41	8	26	44	15	21	30	42	44	49	42	9	45	25	17	45	34	9	39	9	32	21	5	28	29	21	37	27	7	15	32	10	42	18	23	18	10	42	44	28	
41	9	26	48	32	41	42	47	13	48	27	10	41	5	24	12	33	21	15	4	16	15	16	14	13	25	17	13	31	40	16	19	4	28	11	7	14	38	50	48	32	12	17	45	42	45	34	34	25	49	5	14	38	11	32	22	28	10	42	36	
24	5	29	3	2	31	49	37	13	30	4	40	30	22	23	47	6	22	8	44	7	24	41	36	1	2	38	22	25	45	25	28	50	34	16	46	38	15	7	38	35	38	35	11	48	33	3	18	40	37	32	28	34	37	1	11	6	15	18	21	
49	25	5	35	14	2	15	1	18	3	42	44	41	24	33	50	48	15	27	41	7	33	37	1	14	42	21	12	9	47	19	23	44	3	32	26	18	4	49	32	2	8	40	1	43	23	33	25	28	50	25	48	19	28	14	47	41	30	23	28	
45	5	30	46	12	22	35	27	2	9	47	39	3	33	16	43	40	45	30	40	39	13	24	32	10	25	49	46	31	14	33	17	12	2	22	8	36	15	5	8	12	46	19	36	37	22	47	49	4	7	50	45	35	30	45	45	18	8	26	28	
49	1	7	14	34	8	40	13	24	42	8	23	42	50	2	1	24	10	3	28	5	32	27	8	24	4	3	44	47	17	20	23	34	6	33	6	48	18	42	25	34	50	24	24	27	13	11	48	16	21	32	26	4	4	12	29	32	32	42	26	
11	27	20	43	10	49	6	45	20	33	16	26	45	11	30	47	2	34	6	5	8	41	15	38	45	42	44	22	6	12	16	15	36	45	7	33	19	23	19	32	40	28	27	16	39	22	43	44	7	35	28	47	44	21	37	4	9	42	29	34	
13	36	44	4	39	45	25	49	25	46	5	35	32	38	50	6	33	3	28	29	2	16	6	18	40	14	35	48	18	27	15	45	5	21	35	33	5	29	48	18	45	47	30	34	25	18	5	26	33	15	25	37	48	12	4	39	10	38	18	46	
6	5	10	16	24	39	13	26	42	22	42	49	30	24	2	29	34	1	43	37	13	27	6	12	29	4	45	38	14	37	10	18	16	45	20	43	12	3	45	6	6	6	1	12	39	16	44	14	43	22	7	18	50	48	37	35	45	26	43	36	
23	16	27	18	10	22	28	1	46	2	28	9	26	38	17	31	27	24	19	22	6	31	4	41	42	9	42	21	1	22	33	37	48	35	18	21	2	17	13	49	27	46	34	23	36	31	24	8	27	17	5	45	15	9	46	50	22	36	27	44	
25	27	16	46	2	41	40	7	7	21	45	11	23	39	18	48	18	4	16	17	18	40	23	26	13	36	15	36	12	24	10	16	24	47	14	15	37	11	44	47	49	50	42	10	6	23	7	22	45	4	3	7	37	33	6	28	29	30	34	36	
2	30	31	30	32	13	22	27	23	8	10	42	14	37	18	36	2	30	43	42	41	16	4	45	5	19	49	5	33	12	36	40	49	47	48	9	49	16	16	18	15	39	14	6	33	46	44	25	37	35	15	26	32	31	16	33	14	50	22	17	
25	17	18	35	3	12	44	45	12	17	49	39	7	33	12	23	16	46	22	50	44	35	34	21	17	1	14	20	24	18	13	36	47	1	36	41	28	2	50	25	45	5	2	2	11	27	46	40	46	31	16	27	40	22	12	7	46	49	50	20	
16	38	31	18	6	9	26	10	27	34	37	7	10	21	33	41	28	30	48	2	29	48	17	44	13	3	35	49	38	22	25	47	42	33	1	32	36	45	19	8	6	15	23	43	34	20	13	50	8	14	35	5	1	40	44	31	19	36	36	7	
35	9	13	47	4	48	42	49	47	36	6	37	7	28	22	19	3	9	9	41	40	16	26	26	39	39	11	40	3	29	24	25	45	23	36	48	29	40	34	5	12	20	24	27	25	29	41	37	1	38	29	27	2	38	30	27	21	16	26	2	
45	18	6	46	31	15	44	11	7	17	50	49	1	20	38	45	26	47	17	15	3	46	30	17	36	36	3	14	44	33	46	31	11	26	15	12	43	32	48	44	36	49	43	33	21	37	40	19	11	19	13	20	16	31	43	19	41	8	43	13	
14	43	17	4	38	19	45	30	1	5	18	40	49	14	45	39	38	43	34	44	34	22	21	14	38	47	30	42	37	6	31	30	17	10	31	37	16	38	18	8	26	11	22	24	49	41	48	47	30	20	19	1	21	41	12	32	15	23	15	10	
8	29	6	5	26	47	46	21	20	47	3	17	43	48	23	50	10	6	5	22	16	23	40	14	15	19	1	35	3	12	31	11	31	9	37	8	37	17	43	34	46	15	45	27	14	39	44	8	38	39	17	24	34	14	33	43	30	39	46	1	
20	24	25	33	49	9	1	11	48	49	17	50	44	37	18	10	39	31	17	34	15	30	24	50	23	30	19	30	33	24	38	28	25	40	36	14	26	42	22	49	8	18	22	29	49	48	25	50	34	27	9	18	37	24	17	26	45	28	39	49	
30	6	7	22	13	4	49	6	30	18	38	6	39	20	10	42	49	27	45	1	39	22	25	43	7	5	45	45	46	29	1	39	41	36	15	13	34	48	44	12	29	19	12	50	47	44	11	29	36	3	36	26	9	4	33	10	48	36	19	49	
45	38	39	21	29	30	17	22	18	7	13	14	31	32	1	47	43	16	30	43	37	21	3	27	7	28	49	19	32	17	43	46	26	6	32	33	38	40	49	41	22	16	11	11	29	38	9	29	21	7	35	23	35	27	8	17	29	30	48	21	
39	39	21	6	47	36	6	28	2	23	37	42	36	40	49	6	50	23	19	26	34	9	24	19	31	26	46	28	27	33	33	46	16	1	46	37	49	45	43	42	40	34	39	30	20	44	37	41	14	31	40	2	32	39	4	3	45	12	2	5	
19	35	21	24	13	42	27	42	13	35	9	25	42	11	6	43	3	28	30	16	19	31	24	34	39	38	10	3	49	9	44	28	46	41	17	17	2	9	13	41	21	15	29	9	48	19	19	1	36	48	43	9	25	15	5	2	30	4	8	23	
25	24	47	21	35	48	47	5	22	21	4	1	25	40	37	13	5	48	16	20	40	41	18	30	19	30	46	29	35	42	23	10	15	12	34	14	14	23	23	15	1	9	39	26	47	17	2	13	27	45	4	35	2	29	46	40	16	17	32	11	
49	30	7	43	22	43	21	14	35	11	42	21	34	41	36	15	47	13	13	10	17	30	8	14	49	41	9	15	30	7	32	21	12	41	11	4	30	35	20	27	48	14	7	50	23	40	14	48	50	1	27	14	45	46	8	37	10	34	2	45	
29	39	23	31	26	1	10	4	49	45	37	28	8	5	38	43	20	41	28	44	7	14	24	22	3	30	23	19	34	35	12	19	35	39	47	16	48	43	10	19	35	3	4	40	11	34	28	38	12	1	16	45	34	37	32	24	18	24	1	24	
38	13	43	29	37	28	2	28	8	28	26	43	1	12	22	31	47	6	34	9	29	35	27	16	3	33	7	50	38	25	1	14	30	12	22	47	13	30	37	38	20	19	37	2	31	1	10	39	19	37	40	40	47	12	39	1	38	8	15	5	
47	41	30	31	16	15	8	7	45	31	41	32	49	25	13	36	9	39	37	50	8	47	11	23	31	31	5	29	32	17	34	12	46	5	34	23	26	46	1	46	14	36	32	13	19	26	41	35	40	35	36	34	4	44	36	39	17	9	8	6	
50	15	37	15	46	19	28	29	5	20	31	32	25	29	11	29	16	41	14	22	49	38	31	38	31	17	35	23	45	7	10	25	8	23	43	15	3	12	31	40	39	45	24	1	18	48	33	48	3	16	24	17	32	41	8	11	50	40	5	27	
36	27	34	13	42	26	13	18	17	21	27	48	48	32	17	18	1	23	36	50	26	20	4	25	35	24	13	3	41	47	3	50	22	26	47	21	26	12	21	8	2	23	46	26	7	2	38	31	40	39	1	35	50	47	18	15	11	8	25	45	
4	45	35	38	30	19	27	24	36	44	22	23	44	17	29	28	41	14	31	38	47	42	21	48	13	12	25	3	30	7	13	31	45	16	47	23	48	29	49	26	35	26	8	29	14	10	25	24	48	37	35	1	26	31	50	32	37	40	26	41	
34	7	44	7	17	31	34	33	10	37	46	12	4	35	42	10	7	21	31	18	28	15	13	18	1	18	21	35	13	13	3	46	47	35	10	17	49	35	33	14	25	29	34	2	29	41	7	14	17	2	6	44	50	45	9	48	10	16	29	32	
37	2	47	13	18	26	49	3	4	15	27	27	19	50	18	14	34	35	3	21	10	18	34	20	38	2	11	50	35	50	44	47	24	19	13	26	30	20	46	10	11	32	8	30	21	34	36	46	40	50	39	47	20	6	13	30	50	31	38	36	
40	31	50	6	44	35	47	12	19	1	12	24	11	4	34	48	17	26	37	48	13	43	37	37	16	25	2	21	32	23	33	29	24	18	42	33	1	28	29	17	25	24	19	22	7	20	23	6	7	40	42	36	49	13	10	1	27	46	22	25	
49	21	35	35	10	3	45	32	18	15	12	37	24	21	36	25	40	15	49	26	48	35	27	20	49	30	21	17	45	26	37	4	20	28	29	28	6	5	42	9	41	5	45	28	45	11	8	35	41	26	38	16	32	24	3	16	1	39	24	9	
34	48	40	22	1	3	9	28	38	50	27	33	18	45	41	18	37	7	10	10	6	35	26	26	5	28	32	34	12	45	36	5	44	4	4	5	50	15	17	23	21	7	45	8	48	28	37	31	2	44	24	48	5	12	23	46	16	12	19	1	
44	5	2	43	46	5	9	31	27	4	4	15	5	32	45	17	3	32	1	23	46	47	50	21	23	35	23	27	17	10	13	43	25	40	44	47	31	41	18	26	47	17	17	25	26	40	9	13	21	46	45	1	43	17	45	42	22	6	25	2	
On machine	6
46	33	42	2	24	37	33	38	8	24	2	47	11	29	49	49	41	4	12	26	31	46	44	33	20	27	46	12	26	18	46	7	26	31	13	18	43	15	9	20	22	39	29	18	7	35	16	40	10	38	40	24	13	21	47	8	29	27	34	29	
18	3	9	7	5	30	9	15	22	27	19	29	42	47	28	10	7	4	18	29	11	25	7	2	30	45	2	47	50	4	1	40	45	36	18	32	26	43	24	29	2	22	44	19	19	32	21	49	7	15	33	12	11	27	42	7	40	17	16	14	
6	21	36	41	31	15	22	30	29	13	35	34	32	20	50	4	8	50	45	2	37	35	27	39	12	31	15	1	27	14	10	45	37	13	35	44	31	12	29	13	46	34	41	31	44	48	12	20	2	18	9	39	28	42	18	34	19	43	22	45	
2	34	46	22	36	27	45	9	20	20	13	43	2	44	24	6	22	7	15	31	29	8	41	28	33	49	34	29	26	14	45	49	45	46	17	27	3	10	35	30	13	46	22	33	43	20	23	43	6	40	7	19	39	15	26	22	28	46	27	49	
27	49	37	21	19	32	44	25	34	25	7	32	8	14	15	21	28	15	42	42	20	32	16	31	50	45	10	1	19	1	15	2	1	29	31	3	28	11	25	10	18	49	38	21	8	26	50	34	45	5	46	19	25	2	12	11	15	8	4	50	
35	13	43	14	20	43	40	35	24	27	20	12	43	43	34	4	3	7	25	31	10	39	26	6	22	19	43	38	25	37	27	48	28	31	34	7	2	34	2	23	18	13	34	7	36	19	48	22	49	7	37	50	14	42	20	47	9	18	37	41	
10	45	27	41	48	7	21	21	22	39	37	3	18	48	50	7	27	30	23	43	11	29	25	47	15	25	9	24	8	30	50	24	32	28	31	27	32	49	50	28	25	36	40	31	42	27	29	34	46	5	17	23	19	40	41	42	25	47	3	32	
11	7	30	17	11	26	10	48	40	42	29	32	42	22	18	26	37	9	42	32	30	13	17	44	41	41	14	5	27	18	27	11	11	8	41	7	12	22	14	16	33	28	25	33	36	6	7	38	9	24	41	23	1	13	50	12	14	29	1	7	
7	42	42	24	37	34	39	36	47	4	36	5	9	20	19	3	16	19	22	19	30	41	4	29	17	22	44	23	16	3	22	29	1	44	46	28	41	10	22	23	24	15	17	41	18	8	1	6	1	18	4	33	27	24	22	23	21	47	34	29	
19	26	41	41	2	44	12	29	9	3	22	8	22	10	5	31	15	38	28	11	18	14	37	14	32	24	46	39	30	36	35	27	8	14	49	24	37	49	39	3	47	33	30	42	40	30	31	31	6	32	9	48	14	12	24	8	24	35	22	14	
29	28	23	31	33	22	1	42	4	24	5	3	49	31	47	45	16	28	34	27	3	14	25	33	21	22	4	45	27	22	27	17	35	20	34	3	27	15	44	27	37	24	3	16	42	33	20	33	38	44	14	43	1	21	8	10	25	27	17	4	
9	28	26	15	43	45	1	39	18	32	21	39	42	48	16	30	43	34	23	8	15	9	3	29	18	28	10	9	16	40	10	13	15	17	37	21	44	16	19	33	14	36	38	42	39	49	24	46	38	4	28	50	41	47	40	5	6	34	24	25	
33	38	46	47	41	10	1	37	19	50	9	27	10	28	41	47	22	38	35	32	33	16	16	8	50	35	12	21	4	31	7	49	39	32	45	32	16	19	37	26	1	22	3	47	6	5	11	26	41	17	36	22	17	39	28	28	26	31	18	11	
6	14	22	43	50	33	41	43	28	33	45	16	44	15	47	50	40	30	17	8	43	11	8	30	38	44	36	5	6	26	46	40	39	38	31	30	50	14	47	4	13	44	19	2	20	2	31	10	47	16	45	50	47	21	44	4	42	48	7	2	
15	5	20	22	38	32	9	34	9	2	2	20	30	5	12	14	5	29	22	30	38	43	8	6	28	20	45	26	48	21	50	29	31	11	4	18	4	49	36	43	37	18	7	45	7	39	23	43	46	33	48	19	25	16	25	34	10	39	45	40	
44	40	19	10	36	45	6	45	23	49	13	13	25	20	24	48	42	47	33	31	25	45	33	9	40	18	50	20	39	17	38	25	1	28	17	5	12	45	16	43	22	13	43	14	38	7	11	35	16	18	11	21	42	14	16	38	17	16	14	18	
14	15	11	41	17	42	3	38	12	8	50	26	46	17	46	48	26	40	38	39	37	16	43	17	3	33	21	7	10	41	4	47	36	20	13	13	20	34	35	48	28	25	50	17	9	28	19	36	11	48	33	10	25	12	23	26	2	21	13	15	
28	44	42	22	28	28	40	36	11	12	30	39	2	37	8	42	27	16	36	24	14	4	24	50	41	32	26	18	16	33	39	30	30	18	41	47	46	18	31	47	42	42	1	32	47	1	5	6	39	44	34	15	45	21	47	37	33	15	19	50	
8	19	1	15	48	45	9	19	20	34	37	3	21	28	38	47	46	24	6	33	3	49	10	8	50	2	32	37	32	35	14	36	47	16	22	18	48	50	35	4	46	42	34	12	39	1	43	19	3	25	16	46	11	43	6	31	46	41	23	47	
42	27	22	30	37	37	9	17	2	32	14	14	10	31	17	41	27	49	31	34	22	9	19	13	42	27	27	34	35	23	8	26	1	14	10	32	18	17	27	10	15	42	8	29	47	48	35	27	49	31	9	7	47	29	45	22	15	25	6	42	
4	40	33	6	20	44	26	10	1	3	34	21	14	13	38	44	50	13	34	40	43	33	30	18	4	3	3	41	33	38	17	34	47	24	30	10	25	40	31	25	18	10	2	12	45	30	3	19	26	37	38	31	13	15	10	18	25	30	28	36	
34	38	19	38	8	48	2	32	33	30	24	10	15	47	18	39	24	20	29	31	24	38	4	50	1	9	42	3	48	31	17	26	10	8	41	29	20	11	32	28	30	1	25	11	49	32	23	47	37	35	40	20	42	9	25	45	50	21	11	34	
7	31	46	25	43	33	47	47	15	49	32	24	18	15	40	7	40	34	42	4	7	30	20	13	18	2	46	48	11	34	19	23	30	49	2	12	45	26	41	18	32	6	11	40	40	5	10	24	15	1	7	19	8	23	27	30	40	20	38	21	
50	1	23	32	27	44	16	4	37	24	44	28	13	37	50	48	8	14	50	6	4	6	32	13	2	37	39	13	35	14	47	47	21	35	15	1	42	1	16	27	23	34	47	17	18	2	13	19	18	23	21	29	5	9	25	20	38	2	40	28	
46	21	33	32	34	6	28	6	15	23	37	27	45	27	27	21	10	48	7	37	3	23	30	15	37	29	20	12	33	5	6	49	41	36	21	41	46	23	5	19	11	12	15	13	47	41	3	12	23	2	18	5	19	44	25	41	22	25	47	6	
27	7	15	11	38	31	8	47	40	5	20	16	39	35	42	10	10	25	35	4	45	45	11	42	6	5	20	41	36	15	15	17	26	44	50	14	8	29	6	26	32	41	23	16	42	6	25	30	20	2	17	20	14	48	9	44	23	20	38	6	
4	4	27	47	41	9	44	7	43	50	38	20	8	30	45	25	16	11	30	26	47	1	34	4	39	8	50	27	16	8	30	41	12	8	48	25	2	32	4	42	3	36	3	33	42	46	9	27	29	9	3	22	30	43	35	39	35	12	33	24	
36	45	10	44	6	32	36	33	45	24	50	32	20	34	47	21	10	2	2	10	30	35	18	22	12	37	28	26	34	20	15	44	35	46	37	3	43	22	46	1	4	49	32	41	11	17	13	21	7	16	3	22	11	47	24	32	27	2	2	41	
22	1	36	19	3	4	44	34	46	15	26	21	4	10	41	47	31	17	16	4	32	1	36	15	46	26	4	2	21	32	38	32	3	45	43	8	31	1	31	3	27	38	21	41	39	38	32	15	2	34	36	38	39	27	5	37	48	28	12	20	
49	24	12	26	2	4	48	5	15	22	39	8	48	8	34	17	19	2	38	35	18	33	17	40	48	17	41	18	14	48	39	18	17	35	13	15	32	49	24	20	20	15	5	47	43	50	1	43	44	45	20	50	27	30	10	44	2	22	39	25	
48	26	26	30	1	46	8	40	41	45	2	25	16	1	29	15	14	30	15	26	36	3	16	38	44	36	46	50	13	31	17	32	36	21	37	20	29	12	41	13	31	30	46	44	21	40	2	26	1	5	16	22	48	15	44	38	5	15	18	20	
27	43	42	20	36	18	39	5	16	44	18	39	22	46	45	17	30	49	46	22	32	3	5	20	39	15	49	22	50	11	13	37	31	46	9	16	10	43	32	29	49	13	40	24	37	50	49	14	3	5	46	13	50	31	45	43	22	11	36	30	
22	19	11	11	27	17	5	44	37	13	9	6	16	42	4	38	24	50	5	7	2	37	43	9	6	15	24	41	11	28	41	16	48	28	42	21	40	29	12	32	2	48	25	12	25	18	31	37	9	27	22	31	30	38	45	16	17	8	31	2	
40	41	27	34	12	50	25	11	32	21	10	1	43	15	10	25	4	31	41	6	11	41	17	38	41	21	19	8	7	3	27	9	48	10	34	35	30	37	45	24	49	13	6	40	48	36	45	4	50	46	49	45	33	42	36	28	23	24	27	24	
31	34	38	29	11	19	33	21	43	2	44	16	6	13	17	23	44	38	1	6	32	2	44	7	17	32	7	49	5	6	26	18	5	40	33	30	3	47	1	39	41	27	47	31	9	19	6	3	29	42	28	39	2	44	46	40	1	7	16	19	
49	39	33	11	23	35	43	25	39	7	18	43	36	21	37	7	12	21	13	16	1	5	22	10	36	27	20	11	20	24	25	32	36	15	28	38	4	44	28	12	21	27	33	12	26	15	26	48	42	14	22	30	11	46	22	21	44	12	8	16	
36	40	14	38	24	33	4	17	20	11	26	19	34	34	31	8	26	48	5	11	12	36	16	31	3	6	47	12	38	16	15	19	19	43	2	46	47	34	46	34	11	21	18	8	36	18	3	47	25	35	9	12	22	32	2	1	31	2	28	35	
35	49	6	31	43	22	38	36	16	2	34	18	3	21	47	7	19	43	3	38	47	13	16	22	6	2	1	22	42	20	36	40	6	10	23	13	31	27	1	31	43	5	11	2	43	26	4	10	30	27	15	9	2	9	36	9	4	24	44	9	
18	41	43	47	5	3	38	43	45	16	27	27	27	42	48	18	16	45	38	23	35	13	50	19	36	9	22	22	40	11	39	42	44	4	45	39	42	13	4	46	1	3	3	47	36	15	25	27	24	46	9	22	1	3	47	26	48	4	3	9	
25	8	6	32	8	16	35	44	14	10	13	30	31	6	37	13	8	1	3	41	23	48	23	46	4	22	4	7	25	29	24	39	24	9	32	26	34	14	32	31	19	4	3	35	9	22	37	50	50	19	20	22	5	17	33	1	50	20	18	14	
26	23	20	36	7	18	6	32	49	7	34	45	7	15	28	33	10	21	23	10	42	44	27	46	1	41	18	41	36	50	46	39	38	19	41	33	10	34	2	44	19	12	4	30	37	4	15	28	23	27	38	32	30	7	49	21	8	13	50	36	
42	11	4	34	26	18	11	6	7	41	21	2	9	1	27	50	47	3	5	10	33	44	40	34	15	17	10	5	31	20	16	22	4	40	7	5	23	37	23	2	41	16	6	32	41	5	3	13	16	4	16	29	6	9	15	1	17	17	43	20	
39	3	11	15	41	48	12	1	12	26	6	9	27	10	31	21	37	44	43	11	10	5	28	21	12	39	10	17	44	32	12	24	25	15	45	19	13	20	3	26	32	12	22	6	31	30	46	42	26	18	20	21	11	29	35	5	6	37	2	32	
5	22	22	4	50	10	38	47	14	1	13	43	43	47	44	48	7	25	32	49	18	24	50	15	42	5	19	11	32	4	7	26	46	22	24	12	11	4	3	15	7	21	16	22	37	4	7	26	29	19	13	29	31	43	13	48	41	36	15	4	
20	6	28	49	18	27	50	36	11	2	34	19	10	39	49	8	46	1	21	11	5	39	5	16	50	39	14	44	20	35	28	35	35	3	4	28	23	34	41	42	20	18	33	39	24	19	27	33	37	7	29	7	30	25	8	44	31	38	39	40	
42	50	33	31	31	16	7	10	33	36	30	32	12	3	34	3	9	17	10	25	47	39	14	17	21	36	45	47	34	23	50	36	7	43	9	37	43	21	19	21	25	14	35	4	46	2	14	23	23	10	35	31	34	1	6	11	14	42	20	24	
36	14	23	21	17	27	18	33	17	13	37	40	27	23	29	42	38	32	11	23	29	21	34	9	24	34	13	21	47	34	32	39	3	8	9	43	29	12	14	10	13	35	31	41	36	25	17	23	36	18	42	47	27	40	20	2	15	8	40	49	
45	13	22	5	18	9	6	1	19	43	13	45	12	16	15	14	40	25	13	29	45	44	50	1	19	35	30	20	4	50	14	9	20	18	45	34	39	47	23	13	32	43	12	28	34	29	39	1	25	16	44	38	19	49	12	26	26	1	33	20	
30	42	32	17	4	30	33	39	38	35	45	42	18	37	32	18	31	34	6	6	50	33	33	10	19	11	40	26	41	50	21	6	31	25	26	37	30	5	48	12	44	20	40	18	11	32	40	3	44	18	2	35	43	17	44	5	41	20	50	25	
45	23	20	4	17	30	33	45	36	20	44	13	21	50	33	37	50	2	48	3	2	39	6	43	34	33	21	15	31	35	34	5	49	17	48	32	16	28	44	5	29	29	3	17	50	31	11	25	43	14	48	24	1	48	9	12	40	6	39	32	
28	13	6	40	40	35	47	44	10	48	29	12	39	10	23	13	5	44	26	10	35	26	41	19	9	37	14	29	33	49	47	44	20	7	16	26	39	22	47	27	34	28	41	38	26	26	25	25	42	11	19	18	40	37	24	20	12	3	49	11	
1	49	7	43	31	22	22	19	19	47	47	29	43	25	22	29	9	40	26	24	2	27	15	41	10	3	22	12	32	1	42	24	5	36	26	14	38	46	26	30	43	3	28	2	13	26	11	21	8	32	25	32	33	27	46	2	30	1	37	30	
30	13	11	18	43	43	7	11	25	11	44	27	39	40	17	11	20	22	45	24	45	6	26	35	19	40	9	23	26	4	1	38	19	40	4	38	28	49	45	37	8	6	17	22	27	47	32	38	47	25	32	24	11	11	32	33	44	31	9	42	
26	38	6	32	15	26	33	31	50	35	12	27	24	43	34	11	43	23	21	48	26	13	17	27	23	17	41	12	31	42	48	31	5	21	22	44	2	40	49	9	29	10	32	14	48	25	10	6	24	23	45	18	29	30	30	2	28	33	28	22	
5	38	6	42	18	30	49	2	4	24	37	33	8	21	34	31	40	13	21	35	33	26	43	26	13	28	6	35	43	13	28	27	12	41	24	43	50	13	15	48	44	43	8	13	31	25	43	42	14	9	39	24	16	17	28	17	20	38	48	42	
11	17	7	41	34	48	37	36	7	43	4	46	19	38	48	25	16	50	30	30	20	19	15	47	21	9	13	17	32	28	46	41	37	8	40	14	38	47	10	3	13	35	20	3	11	4	25	43	46	49	43	38	44	10	44	30	2	17	20	35	
30	39	29	48	32	45	33	39	48	13	1	43	50	28	22	27	20	16	18	39	26	35	25	30	24	4	14	12	28	35	47	27	1	37	24	9	29	26	33	28	2	33	32	4	30	13	19	8	50	32	50	37	48	5	15	49	40	50	10	31	
13	42	41	16	3	50	33	22	30	37	19	7	45	16	33	31	42	31	8	36	26	23	6	41	38	38	29	39	50	1	11	26	47	30	9	43	26	3	41	33	39	41	11	20	43	43	46	21	22	21	3	47	26	31	15	21	14	47	27	8	
24	17	25	16	15	47	35	11	32	23	37	37	12	26	28	25	44	40	45	3	30	36	44	13	46	41	49	32	6	41	50	15	28	2	3	38	16	26	16	37	4	2	47	42	42	1	13	45	3	2	30	50	42	32	34	20	3	43	30	6	
3	31	13	30	17	16	26	41	40	50	40	27	46	44	50	11	12	49	22	35	9	18	41	8	7	26	18	4	17	18	37	27	44	6	31	12	16	23	50	11	11	1	30	48	8	42	44	33	39	45	42	3	8	17	36	50	43	5	22	30	
