Factories	2
Families	60
Machines	2
SetupType	3

Number of Jobs in each Family
9	4	9	7	9	8	1	10	2	1	1	4	3	8	8	2	6	6	5	8	10	1	8	2	3	6	2	2	4	10	5	7	7	8	8	10	3	7	4	7	3	1	2	9	5	4	3	8	2	1	1	6	2	8	7	6	4	6	1	7	

Jobs in each Family
0	1	2	3	4	5	6	7	8	
9	10	11	12	
13	14	15	16	17	18	19	20	21	
22	23	24	25	26	27	28	
29	30	31	32	33	34	35	36	37	
38	39	40	41	42	43	44	45	
46	
47	48	49	50	51	52	53	54	55	56	
57	58	
59	
60	
61	62	63	64	
65	66	67	
68	69	70	71	72	73	74	75	
76	77	78	79	80	81	82	83	
84	85	
86	87	88	89	90	91	
92	93	94	95	96	97	
98	99	100	101	102	
103	104	105	106	107	108	109	110	
111	112	113	114	115	116	117	118	119	120	
121	
122	123	124	125	126	127	128	129	
130	131	
132	133	134	
135	136	137	138	139	140	
141	142	
143	144	
145	146	147	148	
149	150	151	152	153	154	155	156	157	158	
159	160	161	162	163	
164	165	166	167	168	169	170	
171	172	173	174	175	176	177	
178	179	180	181	182	183	184	185	
186	187	188	189	190	191	192	193	
194	195	196	197	198	199	200	201	202	203	
204	205	206	
207	208	209	210	211	212	213	
214	215	216	217	
218	219	220	221	222	223	224	
225	226	227	
228	
229	230	
231	232	233	234	235	236	237	238	239	
240	241	242	243	244	
245	246	247	248	
249	250	251	
252	253	254	255	256	257	258	259	
260	261	
262	
263	
264	265	266	267	268	269	
270	271	
272	273	274	275	276	277	278	279	
280	281	282	283	284	285	286	
287	288	289	290	291	292	
293	294	295	296	
297	298	299	300	301	302	
303	
304	305	306	307	308	309	310	

Total number of jobs
311

Processing times of jobs
7	5	
6	9	
6	9	
10	1	
1	5	
1	5	
4	7	
5	1	
3	5	
7	3	
7	7	
5	4	
8	3	
4	3	
5	7	
2	7	
8	2	
3	3	
3	9	
1	3	
9	5	
7	4	
6	5	
2	9	
9	7	
9	2	
7	5	
2	8	
7	6	
10	5	
2	1	
1	2	
1	9	
8	7	
5	10	
5	1	
8	3	
2	1	
6	3	
10	9	
6	2	
3	8	
7	4	
7	10	
4	3	
8	2	
6	7	
1	9	
9	8	
5	4	
4	7	
4	8	
5	3	
8	4	
5	3	
3	1	
8	10	
1	4	
2	2	
9	6	
5	6	
7	3	
2	1	
2	6	
1	9	
8	1	
3	8	
8	9	
6	4	
3	3	
3	5	
7	10	
3	5	
2	1	
6	8	
1	7	
4	2	
7	6	
2	6	
4	6	
1	9	
6	1	
8	7	
5	6	
8	7	
4	10	
4	1	
5	1	
5	10	
10	2	
3	2	
4	6	
8	3	
6	4	
9	2	
6	9	
8	7	
6	5	
10	6	
7	7	
10	10	
2	1	
9	9	
9	2	
5	1	
8	5	
4	8	
5	10	
10	5	
6	7	
10	10	
4	4	
1	7	
1	6	
2	3	
7	5	
4	4	
1	1	
7	3	
9	1	
1	5	
8	7	
8	8	
7	2	
3	5	
4	7	
3	6	
1	8	
6	2	
1	7	
6	6	
4	8	
7	9	
9	4	
8	2	
6	5	
1	3	
4	9	
2	2	
3	10	
1	9	
5	4	
3	9	
9	10	
5	4	
5	3	
3	1	
5	5	
1	5	
8	7	
3	2	
1	2	
8	1	
9	4	
7	2	
9	10	
6	5	
7	8	
2	1	
2	3	
9	1	
7	7	
10	2	
10	1	
5	10	
3	9	
7	9	
1	9	
9	7	
7	5	
1	1	
5	1	
2	1	
4	6	
1	6	
9	6	
9	1	
5	7	
3	9	
7	5	
6	6	
3	2	
6	9	
3	9	
10	7	
4	9	
6	5	
9	9	
7	1	
8	5	
5	10	
6	2	
2	4	
6	8	
8	7	
5	10	
2	7	
2	4	
9	4	
4	5	
4	5	
9	5	
7	9	
8	7	
7	7	
8	4	
4	1	
10	5	
1	10	
6	7	
5	10	
3	4	
4	1	
4	5	
9	2	
3	2	
2	2	
4	2	
3	8	
3	10	
7	9	
8	5	
9	7	
5	6	
8	2	
3	9	
2	5	
2	8	
2	10	
5	1	
10	7	
7	1	
10	9	
7	10	
4	4	
7	1	
2	2	
2	5	
3	10	
3	8	
5	2	
7	7	
9	1	
2	2	
3	5	
9	9	
1	4	
9	3	
10	2	
1	2	
5	5	
7	3	
7	4	
9	7	
6	1	
5	10	
9	9	
1	8	
2	6	
9	4	
2	6	
1	3	
3	3	
3	10	
1	8	
4	2	
1	7	
4	5	
4	7	
6	4	
2	4	
3	5	
9	8	
8	1	
7	6	
1	9	
9	3	
10	2	
6	6	
3	9	
2	3	
7	10	
2	4	
7	8	
2	3	
7	5	
8	3	
3	6	
3	9	
4	8	
2	8	
2	2	
1	8	
8	4	
2	7	
5	9	
6	1	
4	3	
9	5	
1	2	
5	4	
4	6	
7	4	
8	8	
8	10	
9	10	
5	2	
8	4	
9	9	
7	6	
6	2	

Stepup times between Families, where [f][f] represents initial setup time
On machine	1
40	67	26	88	55	68	29	81	73	96	93	30	10	40	80	79	95	41	79	15	22	50	36	69	39	12	97	88	88	38	23	95	29	80	86	40	33	35	28	40	87	87	88	51	13	91	64	84	27	28	56	28	63	9	65	91	15	58	22	75	
83	24	14	56	4	63	90	60	86	65	56	63	37	90	77	41	5	24	95	43	44	46	14	24	2	11	91	65	40	16	53	11	66	87	12	15	13	61	67	54	73	58	98	14	50	22	100	97	54	91	37	56	38	38	3	47	8	90	47	15	
97	55	42	12	26	23	81	12	60	57	20	67	32	11	69	9	4	6	13	13	31	71	15	72	59	97	18	69	13	64	27	17	89	19	14	54	83	57	9	72	64	44	33	4	61	4	78	48	29	39	81	86	45	33	16	53	69	14	64	66	
89	45	58	23	45	91	8	49	32	37	81	65	71	86	35	39	37	44	60	43	10	61	47	41	72	33	56	48	90	26	59	10	43	70	21	42	73	100	72	73	35	98	76	80	7	90	33	78	100	96	83	59	19	15	67	4	60	89	44	86	
56	44	66	5	53	99	62	24	37	41	34	2	90	69	2	86	53	37	11	23	30	15	39	2	79	89	10	69	93	8	19	10	27	17	26	55	33	15	24	6	56	23	35	8	66	37	60	70	12	46	66	80	74	14	17	37	68	76	83	23	
58	20	45	47	49	5	21	96	32	91	7	73	99	26	90	67	3	43	81	31	6	46	37	84	86	61	100	73	16	76	46	57	13	14	51	7	84	3	17	96	5	26	44	59	91	37	95	51	9	54	89	55	41	4	12	34	52	51	64	32	
72	65	32	93	16	1	60	13	54	52	22	23	74	77	58	14	42	84	59	97	59	27	36	41	79	65	88	32	33	100	18	24	8	57	87	18	96	18	20	40	57	31	55	10	65	87	69	68	12	37	97	75	38	46	39	69	66	45	4	9	
20	18	93	71	80	75	2	52	88	56	80	78	22	61	80	55	43	29	26	3	55	37	74	54	63	46	74	2	70	67	84	65	47	34	53	79	95	49	78	79	94	68	42	30	88	69	73	56	4	63	72	81	37	3	96	3	88	23	43	22	
77	64	24	28	12	75	55	67	18	47	29	51	52	61	45	52	89	56	23	75	20	40	11	48	16	24	85	21	1	67	80	56	61	71	1	62	57	51	50	39	66	19	82	52	39	100	82	12	7	98	93	42	95	68	76	99	34	67	4	75	
32	51	44	49	16	69	2	95	16	66	50	14	4	78	37	94	99	9	47	62	11	10	95	84	36	81	25	42	51	2	62	31	11	46	23	59	52	45	28	56	38	49	99	26	91	18	79	30	48	31	23	3	57	16	49	28	93	32	17	5	
85	9	78	84	3	42	70	95	38	92	21	67	98	20	98	58	66	7	31	2	38	39	26	17	89	82	56	32	8	40	1	60	3	41	52	29	80	87	60	81	57	46	39	89	18	18	46	10	92	17	98	91	88	60	65	37	35	9	27	55	
69	7	87	31	60	26	61	32	46	22	34	58	51	78	14	47	12	11	68	30	50	63	30	42	92	79	43	11	42	12	19	21	30	93	18	58	97	31	92	52	13	79	58	80	10	72	56	27	73	57	51	47	76	97	53	29	76	3	25	36	
15	40	31	18	50	87	58	61	42	65	77	81	24	9	62	52	79	85	59	23	25	69	43	7	22	52	7	66	4	1	69	22	42	56	43	34	20	97	72	45	43	43	96	11	97	25	6	95	58	81	55	17	32	86	20	71	64	96	6	91	
10	29	65	99	63	26	11	89	5	22	51	28	67	22	70	3	82	94	4	44	31	63	58	99	57	70	91	84	93	4	48	46	33	34	96	42	74	91	72	71	73	22	48	11	67	66	66	75	68	45	38	82	69	8	58	88	69	41	51	4	
59	29	5	70	76	20	39	78	22	66	5	65	60	11	73	47	84	46	97	52	14	93	52	11	30	4	90	99	9	76	64	72	28	26	59	67	84	84	33	81	40	39	35	85	5	27	72	34	12	6	85	90	50	79	12	14	56	74	71	86	
15	75	51	49	52	64	76	76	5	78	78	42	53	8	32	84	86	66	13	86	95	100	68	6	70	35	84	86	48	86	56	28	99	29	31	38	5	46	95	99	19	78	71	33	62	42	42	75	13	17	94	1	35	85	90	22	43	48	95	77	
54	13	17	41	11	55	80	94	14	21	69	71	13	50	99	10	66	52	61	40	39	87	9	61	50	64	41	20	41	98	98	50	77	71	3	5	65	24	75	23	90	73	60	60	44	89	82	41	44	24	55	93	80	82	77	25	82	74	59	86	
72	55	8	49	75	15	4	100	51	1	83	44	34	33	79	67	37	73	32	82	59	14	42	77	59	23	83	5	85	34	60	34	44	12	37	34	58	6	94	70	91	5	100	25	62	34	43	22	86	10	26	33	68	91	50	71	2	28	70	93	
75	98	98	15	4	88	21	82	87	47	89	60	45	49	50	50	82	51	18	90	55	62	63	78	75	95	49	85	3	5	42	33	50	26	47	72	37	57	97	51	14	83	16	12	79	33	22	87	85	37	47	35	50	82	76	17	40	37	89	62	
95	82	68	81	61	91	54	55	63	51	56	50	38	98	79	99	56	84	27	52	49	11	50	54	5	85	23	99	74	74	97	42	10	45	74	13	79	37	48	75	70	27	22	99	85	83	62	66	47	51	10	73	72	74	60	5	98	100	90	54	
79	33	82	65	88	45	86	81	97	79	64	8	18	33	48	75	29	70	62	83	57	9	73	34	71	98	88	49	3	90	29	63	37	51	59	71	36	12	20	93	91	78	18	66	2	4	77	28	63	33	50	24	30	87	83	95	86	58	54	15	
69	69	78	55	21	72	24	32	31	42	55	1	93	33	74	21	55	37	17	96	39	49	78	23	78	8	97	36	72	10	95	58	79	45	11	40	91	11	17	16	53	85	99	42	18	49	69	17	13	83	37	65	89	77	11	54	48	85	41	50	
75	79	18	69	55	15	96	80	55	60	91	95	54	14	88	98	39	42	54	27	48	19	68	37	69	75	20	84	61	86	94	11	57	1	15	38	19	35	55	82	12	16	9	69	86	96	19	6	13	63	26	89	68	76	34	27	86	11	25	81	
70	38	68	13	35	15	55	20	32	48	50	37	47	55	79	75	73	16	51	15	82	76	55	40	16	15	88	3	1	30	58	44	100	25	72	62	45	38	49	3	22	91	60	87	96	52	54	7	6	25	68	55	42	83	95	85	10	48	77	44	
94	47	60	7	46	56	69	16	79	58	21	71	57	91	34	55	19	64	65	34	50	89	55	8	79	93	10	26	64	46	45	16	33	88	50	1	7	63	91	45	44	6	39	12	72	65	75	45	24	51	21	21	69	4	87	37	91	57	38	97	
35	42	96	30	37	14	29	22	14	69	27	3	5	18	84	74	73	20	87	77	6	80	76	62	35	55	100	54	72	96	1	32	79	51	95	82	48	99	72	34	40	19	27	61	43	39	83	9	2	57	98	87	19	59	96	87	84	18	94	18	
28	13	63	65	55	54	69	16	56	55	99	98	57	53	42	71	60	21	37	33	4	96	1	95	97	73	56	23	91	56	98	7	87	78	30	26	97	18	7	93	10	2	42	40	77	30	9	33	44	55	60	58	95	16	47	1	29	78	81	30	
37	94	99	48	35	67	60	13	35	100	92	19	42	67	82	21	12	34	34	31	73	42	46	33	58	58	85	22	59	5	2	67	34	11	82	13	3	5	48	89	6	15	36	51	4	50	38	65	45	10	12	97	5	90	35	68	83	45	22	88	
14	91	63	60	2	48	90	94	14	84	7	82	18	72	43	65	35	60	46	97	98	58	4	79	57	78	38	76	28	98	94	48	80	47	21	64	61	65	63	95	9	71	56	52	78	67	50	82	60	45	15	39	89	33	28	73	29	26	51	2	
18	24	69	99	87	94	10	3	2	13	37	5	84	75	95	27	68	19	84	4	60	96	4	49	15	84	3	59	77	99	46	84	21	24	72	51	28	91	77	97	87	36	41	94	51	11	36	31	34	9	37	89	29	42	13	77	67	82	70	66	
73	33	39	68	32	22	90	2	75	39	75	34	78	35	66	47	77	4	100	56	97	4	94	35	87	54	23	45	15	56	67	36	12	3	27	93	61	97	7	26	91	78	78	67	76	34	28	1	83	18	22	58	77	29	2	96	8	77	89	40	
25	94	61	94	8	62	14	62	10	21	67	17	22	91	61	46	84	80	12	70	46	88	15	26	34	3	1	71	78	94	15	78	2	3	12	53	27	65	18	85	92	92	75	82	38	99	52	56	76	46	57	24	88	26	33	14	95	99	96	75	
78	2	50	74	54	20	45	31	89	13	37	97	51	23	67	45	24	33	20	13	94	96	67	41	89	85	46	43	57	49	17	74	72	65	48	14	93	100	43	6	100	9	42	34	71	65	69	46	56	94	80	34	52	49	7	55	19	93	34	66	
25	40	91	83	8	22	84	45	67	95	50	97	55	70	54	32	3	12	71	4	26	29	88	29	32	81	36	8	28	81	87	33	32	53	71	62	26	57	3	47	59	43	75	75	97	48	36	59	73	92	60	25	13	55	85	16	18	61	42	34	
22	90	75	62	53	23	7	91	45	24	67	64	22	74	84	94	27	38	28	79	35	86	81	96	87	64	18	38	100	49	42	40	95	4	14	36	35	11	42	98	78	84	11	45	16	8	44	21	29	73	86	60	22	66	40	18	66	55	47	38	
4	60	11	54	55	42	26	34	53	68	81	23	21	76	87	96	65	90	76	76	11	64	39	99	30	63	44	41	87	68	13	62	92	67	21	52	72	100	17	38	28	3	90	63	90	42	88	62	1	56	34	91	28	60	66	26	94	61	86	98	
13	85	95	17	94	33	8	90	97	83	2	63	44	79	31	20	53	66	53	19	55	97	33	14	94	52	51	2	88	42	60	5	54	91	89	79	79	47	65	76	65	35	74	85	25	89	96	19	33	41	99	40	65	97	82	45	7	69	95	24	
82	72	53	59	76	85	35	20	50	21	83	98	69	39	4	16	31	13	32	33	72	31	52	63	37	30	83	96	16	19	9	50	57	75	45	74	33	1	86	48	17	22	79	96	21	20	8	64	89	86	87	16	32	43	90	30	12	25	70	63	
61	77	13	42	25	36	49	12	27	15	33	31	22	78	100	55	85	13	82	73	33	5	33	6	94	58	61	43	1	41	3	59	65	31	76	22	5	94	100	83	50	44	21	77	46	6	18	45	76	55	63	15	97	21	74	85	25	27	95	72	
90	20	37	42	6	42	41	48	83	14	66	49	16	80	65	18	73	14	37	83	99	62	70	66	21	11	39	91	83	15	34	88	29	98	52	21	14	42	32	11	49	84	40	84	19	22	29	58	55	65	22	6	47	53	64	30	79	75	88	7	
6	21	29	23	71	72	96	25	38	74	50	30	96	15	45	82	13	7	89	98	83	16	96	92	94	56	19	80	18	35	71	64	24	22	45	76	44	90	6	56	82	87	74	95	88	44	97	46	68	14	98	36	51	47	11	11	68	76	53	50	
49	74	6	44	15	70	57	49	8	27	85	8	70	1	28	57	25	30	8	36	73	100	87	37	53	93	20	73	23	53	30	78	25	30	100	78	47	52	17	73	59	16	93	84	77	15	80	68	75	58	87	88	39	56	96	34	90	82	93	44	
25	38	89	62	34	100	58	46	74	1	25	44	100	12	54	3	32	97	11	80	9	68	33	22	64	51	50	22	62	99	41	35	32	24	17	8	100	3	11	8	2	56	58	58	100	96	21	39	20	60	80	9	4	59	11	42	62	28	44	96	
44	20	57	6	18	39	13	10	14	16	87	76	25	94	35	44	99	3	6	75	39	56	24	4	40	87	44	100	38	69	90	18	42	8	7	33	79	58	50	2	10	6	74	42	21	70	57	28	77	98	51	79	13	76	22	79	97	65	52	28	
48	63	9	15	70	24	42	44	97	57	18	15	18	66	57	83	91	77	67	35	78	97	58	67	20	21	2	47	26	29	47	46	68	76	68	10	41	11	15	11	7	25	80	45	43	44	11	21	86	82	21	93	17	43	26	71	50	31	100	88	
85	42	6	83	94	12	11	97	7	42	69	58	64	22	13	52	25	15	13	29	80	95	19	59	83	69	80	7	20	84	1	79	28	21	100	21	5	82	94	31	56	12	12	25	9	83	72	31	39	39	25	32	63	29	74	87	65	98	38	71	
98	39	96	98	84	74	25	90	6	71	18	36	11	6	44	100	70	49	57	77	31	5	81	64	48	42	73	35	20	47	86	76	40	90	25	87	85	35	78	68	85	43	62	100	1	36	62	19	95	3	45	47	83	61	37	15	67	30	20	89	
79	51	100	16	50	38	37	21	63	27	10	85	18	93	19	43	23	33	57	35	15	34	58	98	48	38	43	83	4	64	28	3	41	7	83	68	23	62	95	71	21	32	5	15	97	65	19	18	43	22	13	82	87	74	30	54	14	97	81	58	
30	89	19	28	5	35	35	25	41	79	71	15	68	19	40	52	37	41	13	75	65	18	79	45	52	26	9	3	73	90	26	71	71	89	32	16	12	78	52	29	2	12	49	88	80	19	22	3	8	42	90	99	95	94	62	89	68	34	82	2	
84	20	47	69	69	59	44	50	70	36	55	38	58	62	94	94	37	17	51	59	28	31	88	75	75	77	66	64	79	19	17	69	17	55	43	54	57	63	49	12	55	2	95	22	87	32	77	5	87	88	88	94	37	45	86	81	54	56	56	100	
23	73	30	57	34	16	38	37	83	42	50	85	82	92	52	39	12	71	19	53	18	69	23	27	65	63	12	34	12	43	91	76	50	95	10	51	8	83	21	82	50	12	96	49	37	9	30	92	12	99	15	74	49	15	43	98	23	35	3	79	
69	69	59	88	34	62	60	1	14	91	6	1	84	60	78	48	70	18	2	32	20	43	41	100	41	11	25	23	46	85	6	63	13	27	77	11	65	54	28	57	62	1	72	86	27	83	36	63	42	75	28	65	88	72	17	31	90	93	11	6	
51	82	49	61	71	68	20	43	23	58	38	66	30	64	56	49	8	16	18	68	45	87	66	74	88	61	8	99	28	92	4	100	14	98	36	87	36	97	28	55	74	70	63	76	72	89	92	14	11	4	85	8	75	26	38	91	79	27	89	64	
55	61	100	99	59	80	20	80	40	45	33	75	69	63	51	66	38	76	75	22	3	63	76	23	31	49	55	100	39	93	17	59	42	79	60	56	65	17	93	48	19	33	100	7	79	13	60	82	84	44	93	63	74	20	75	90	18	40	61	97	
66	56	86	10	98	47	35	68	98	36	93	99	77	40	16	75	29	3	96	67	4	77	99	74	34	71	43	79	8	6	93	30	77	23	10	11	67	56	9	13	76	74	74	5	54	67	66	84	31	26	74	33	29	44	4	80	76	58	55	64	
9	12	82	96	12	72	45	52	97	23	91	88	72	7	31	38	93	42	96	52	81	81	91	52	54	73	48	47	16	26	59	15	1	46	25	37	58	20	89	95	72	56	52	38	42	86	69	2	43	48	80	16	62	41	17	1	84	51	36	97	
22	98	88	2	100	18	72	14	29	97	20	62	43	50	24	90	34	67	74	97	88	58	90	29	47	54	70	86	55	87	95	29	50	99	81	60	89	35	42	72	87	35	29	75	3	29	36	83	75	83	44	95	80	71	85	89	93	39	46	44	
78	81	17	26	71	100	90	25	25	87	80	33	49	77	17	25	77	2	43	47	86	6	87	29	42	44	93	14	42	92	52	15	63	56	23	58	82	43	48	29	64	27	56	7	19	36	63	96	63	9	29	85	35	83	21	29	68	88	66	34	
90	82	4	36	92	92	60	36	63	44	93	3	2	62	40	80	53	4	91	76	57	74	39	53	82	67	44	65	20	40	52	99	55	85	34	41	82	98	72	24	14	60	16	81	70	57	27	94	26	8	2	17	33	79	80	59	3	17	68	63	
31	28	96	3	71	52	83	100	53	34	27	70	54	91	46	26	2	35	38	36	67	52	10	71	93	3	52	87	93	38	43	89	37	3	34	92	96	72	2	11	65	87	26	34	25	72	61	35	68	77	95	74	29	17	9	18	14	40	87	9	
On machine	2
70	70	3	37	9	73	32	93	4	13	23	76	10	2	96	60	53	52	80	34	9	86	9	59	10	51	67	42	8	82	74	41	4	96	92	37	57	72	84	18	23	42	23	58	51	78	26	76	83	83	3	84	69	23	57	29	66	49	31	91	
23	43	100	51	16	73	64	80	91	21	45	23	71	75	52	88	21	40	62	22	83	23	43	45	59	8	6	99	75	76	29	46	11	56	14	91	18	64	53	25	60	3	100	84	15	33	13	96	92	40	55	23	37	43	19	42	97	48	88	1	
95	72	97	49	27	52	54	58	69	74	2	98	16	88	92	57	10	40	79	9	68	81	6	85	84	49	100	65	37	11	27	83	75	51	52	49	60	48	26	98	55	82	36	22	46	4	29	82	29	99	40	91	61	27	85	97	18	58	96	71	
32	87	80	42	51	4	21	87	74	87	30	76	74	41	22	85	8	36	11	79	36	19	95	98	14	68	87	64	81	25	33	17	10	58	26	56	43	89	8	5	97	67	88	5	83	42	36	43	96	96	35	21	43	15	21	58	76	45	36	72	
74	46	11	54	67	92	78	22	59	11	98	81	65	12	26	11	58	54	38	84	39	83	92	90	17	44	8	27	35	97	17	91	80	27	8	37	66	22	38	49	58	81	18	86	81	3	24	40	58	85	97	25	73	22	66	23	79	2	91	30	
11	81	45	4	73	46	82	52	45	99	40	95	22	48	8	60	51	12	60	15	33	14	92	20	66	92	6	5	38	60	79	53	64	16	60	10	7	87	4	82	74	100	80	69	17	3	53	74	53	34	40	11	49	34	48	50	26	2	19	98	
84	30	98	53	86	40	98	63	95	43	55	11	94	93	44	64	95	79	15	66	64	54	31	86	27	4	99	68	28	11	9	56	65	65	15	83	44	53	92	90	1	14	90	54	17	69	86	19	98	47	1	7	3	83	62	47	75	29	63	52	
85	76	41	5	15	25	10	61	3	76	1	7	41	7	49	61	90	77	18	85	85	56	64	97	88	22	88	46	53	20	64	20	81	73	74	27	52	41	8	40	71	21	78	10	19	70	44	11	31	56	10	4	35	26	34	72	41	94	29	23	
72	30	72	50	100	69	96	17	50	22	12	37	52	59	6	75	58	93	72	85	94	3	100	95	45	16	18	96	55	49	97	62	2	83	37	20	98	56	56	51	99	16	34	67	25	83	61	66	35	1	100	25	68	5	51	58	71	63	4	69	
58	24	1	99	61	10	87	8	66	20	65	25	11	78	3	77	36	44	15	23	46	69	81	76	49	7	88	45	49	42	57	24	82	17	76	86	22	19	24	60	1	62	95	78	88	72	85	17	35	51	69	6	7	3	6	14	64	77	30	23	
38	70	52	55	63	48	19	88	44	60	66	15	67	85	78	37	13	99	67	66	75	4	18	24	54	55	83	48	83	74	57	75	84	2	78	59	4	28	88	19	73	50	40	49	64	39	79	75	89	71	38	68	12	90	83	31	42	50	60	52	
72	15	45	98	17	3	65	97	46	26	6	12	7	20	55	34	32	36	17	13	9	39	72	67	73	89	82	32	81	56	34	31	72	7	67	5	22	12	59	95	69	65	86	48	100	72	26	78	10	81	81	23	85	96	84	7	88	43	29	84	
97	8	44	26	91	47	18	92	3	42	48	47	85	98	38	85	22	14	81	85	44	66	45	25	13	5	35	96	19	41	32	89	7	23	74	40	77	90	27	3	51	77	98	43	78	29	33	5	97	67	28	91	12	74	55	55	44	7	64	74	
39	74	89	65	79	88	21	8	9	49	80	35	44	12	55	9	35	57	71	66	39	19	88	100	99	45	43	66	83	18	23	17	84	79	66	83	100	96	59	68	9	28	63	94	44	80	75	32	14	3	12	78	79	69	88	80	92	13	75	24	
19	89	4	30	30	95	54	22	79	82	43	87	95	18	20	6	36	88	24	36	73	78	13	32	64	21	4	32	13	32	41	11	94	16	52	15	20	76	74	84	9	91	98	65	60	3	53	45	56	53	16	72	9	86	58	68	35	93	89	54	
56	14	97	93	40	36	14	77	4	2	73	52	4	39	38	33	32	60	68	1	60	99	42	62	90	53	89	42	48	67	74	80	50	64	21	84	7	57	90	85	100	83	59	86	64	81	14	25	74	21	25	44	23	85	71	25	15	97	84	26	
46	71	67	72	27	9	59	47	29	62	85	41	93	44	73	34	11	18	91	37	56	74	46	64	78	51	81	77	25	58	74	39	95	42	57	96	91	67	47	94	96	76	54	79	42	39	9	92	83	85	12	31	80	65	85	96	38	74	35	35	
65	1	92	20	41	87	75	10	46	79	83	84	18	99	93	29	41	80	98	36	42	31	65	68	87	33	53	92	5	6	98	81	9	50	92	18	57	23	65	12	67	11	97	95	55	66	79	93	52	67	93	58	98	7	82	76	53	72	95	20	
35	6	20	96	73	16	97	70	31	6	48	61	68	55	76	54	57	25	31	66	45	90	12	2	52	74	76	47	25	66	10	64	38	39	28	60	11	4	84	56	39	67	59	81	27	22	5	1	27	29	13	44	86	68	98	24	55	31	66	42	
21	60	98	88	72	48	58	54	41	41	31	76	9	11	6	31	65	85	26	24	84	6	37	23	15	39	91	65	49	23	88	15	91	18	83	40	22	78	59	52	25	80	41	79	92	81	82	69	1	72	82	99	37	55	92	63	10	32	60	79	
56	98	19	91	92	31	86	52	20	85	26	68	21	28	78	91	21	66	85	82	61	2	6	79	46	21	41	24	49	70	100	40	57	43	50	59	52	48	90	68	22	64	31	76	25	18	71	30	20	58	30	94	3	83	28	66	27	83	65	66	
82	29	35	30	16	91	49	38	31	41	4	16	68	52	23	50	75	41	71	18	29	56	38	90	28	53	71	13	79	34	19	45	59	15	50	55	85	77	61	15	60	69	66	9	85	92	97	32	6	78	30	69	76	68	79	24	100	97	55	25	
91	2	67	17	5	50	92	97	99	14	45	44	45	20	78	69	87	33	93	28	57	1	93	74	76	11	100	45	23	2	93	48	36	26	25	6	7	18	1	26	20	54	69	8	20	71	32	42	40	2	96	77	5	69	63	40	31	73	57	41	
36	69	28	52	72	82	14	33	99	60	50	89	90	55	14	91	94	90	50	14	65	96	33	15	98	71	8	25	59	49	23	25	85	97	28	15	47	59	5	84	7	76	2	18	6	52	38	41	46	68	18	95	1	22	80	78	84	82	56	36	
69	44	77	47	80	72	94	3	95	81	74	13	68	85	81	61	52	83	80	74	90	54	48	72	42	93	89	2	82	3	32	61	20	70	43	21	38	38	17	62	66	15	82	34	86	67	43	78	31	65	85	70	76	19	46	48	98	29	57	87	
82	26	87	68	94	74	30	93	11	96	85	22	2	70	64	69	1	28	5	17	1	85	15	73	26	28	14	45	38	57	59	1	42	98	34	13	89	52	81	9	86	6	47	58	61	26	100	64	25	57	74	70	4	40	73	31	30	68	15	30	
46	14	48	76	91	59	80	96	26	69	60	80	93	15	45	66	87	38	51	69	1	9	91	81	37	97	75	52	12	84	42	55	26	7	86	8	60	38	29	1	77	65	72	81	22	64	90	86	14	2	52	31	50	90	23	74	48	37	18	80	
6	76	46	20	5	21	87	30	87	23	9	97	2	87	32	90	6	84	75	42	93	23	51	62	56	32	62	25	40	8	37	24	43	39	75	5	29	11	71	100	6	57	81	94	13	56	68	14	81	28	34	42	27	77	76	41	43	60	32	23	
3	69	85	90	26	22	37	78	92	10	1	83	95	9	64	61	73	35	52	93	19	44	22	42	77	47	32	78	71	54	18	6	79	84	56	52	28	96	5	83	15	53	89	72	28	39	74	11	71	25	37	99	23	31	87	46	19	62	2	84	
99	17	99	96	61	62	56	48	25	30	10	84	2	89	23	25	22	94	88	2	11	37	50	72	74	17	14	75	17	17	79	68	96	10	47	63	33	15	37	16	29	75	77	94	76	2	71	68	24	82	9	84	85	88	68	80	52	51	6	31	
22	21	70	36	30	20	67	25	63	30	29	26	87	12	96	3	83	19	78	24	60	68	37	47	69	2	38	27	73	77	100	31	71	54	59	29	73	56	22	84	71	36	38	12	20	76	49	88	17	41	32	48	48	40	1	1	62	78	60	82	
25	22	26	44	89	3	6	51	33	17	68	58	64	1	51	45	49	28	16	10	63	75	35	30	17	41	88	37	81	53	42	43	64	79	10	52	18	96	20	42	21	96	25	78	71	68	33	89	64	20	67	39	25	38	33	25	63	76	14	63	
98	42	69	11	49	60	72	21	86	2	84	39	19	5	10	92	72	53	91	76	61	91	36	1	91	86	49	17	86	4	28	66	69	98	72	87	9	100	26	29	79	33	30	8	45	83	99	64	35	13	45	6	70	74	55	67	72	14	20	26	
21	10	100	20	6	48	95	65	12	59	82	42	99	68	31	87	84	94	26	74	12	80	59	75	93	92	10	56	30	58	93	68	74	33	69	44	37	93	91	43	58	58	43	71	68	36	74	42	64	24	25	50	10	25	46	79	100	26	55	74	
47	31	24	95	55	6	92	42	45	45	91	15	87	37	78	76	28	65	23	71	8	82	91	68	90	29	57	46	97	12	37	72	92	53	85	87	73	53	99	67	67	15	7	11	74	95	46	1	7	62	19	41	50	71	44	24	96	75	61	4	
28	77	97	50	88	79	57	61	80	85	5	49	27	64	28	90	64	57	67	37	23	71	17	48	20	49	1	90	64	92	32	45	75	73	38	24	9	46	99	27	59	39	26	41	33	19	84	44	73	2	94	95	43	13	81	87	23	96	41	58	
10	16	97	62	52	77	56	62	17	57	15	66	64	42	71	7	80	21	90	97	17	35	37	28	54	84	55	56	31	21	69	37	73	18	17	77	13	57	11	44	93	97	22	23	21	15	43	96	86	13	31	72	84	52	70	9	97	83	28	14	
87	88	19	45	15	82	42	48	12	100	24	34	5	18	79	8	91	65	74	2	17	16	45	95	33	36	61	94	36	51	31	21	5	48	89	56	10	66	59	61	10	55	10	77	9	83	58	63	70	57	57	7	30	21	43	18	58	31	5	87	
83	39	77	69	31	82	35	20	27	63	4	74	2	61	45	67	77	61	44	62	25	51	79	69	65	65	50	95	21	6	94	72	5	36	21	82	86	57	7	11	81	80	89	5	22	79	2	17	36	95	64	47	62	26	24	34	17	20	64	11	
23	17	12	86	23	74	95	85	58	34	55	75	78	95	39	40	68	97	80	84	68	69	58	57	19	18	37	60	68	33	35	86	68	79	8	11	46	88	47	32	39	28	19	50	76	24	58	62	81	90	40	10	39	77	43	63	41	93	89	21	
84	29	55	4	95	97	89	81	64	22	66	76	88	80	1	15	52	96	56	91	69	26	4	21	34	49	82	71	72	68	12	76	54	3	59	82	13	35	59	42	57	33	87	74	6	90	35	38	70	42	95	39	76	31	90	19	28	89	15	48	
96	86	39	97	18	60	27	98	39	11	83	28	27	77	90	8	94	77	44	63	14	72	42	22	82	18	9	30	15	46	62	98	32	48	57	4	36	75	19	70	83	72	88	50	92	21	100	100	22	89	85	53	20	63	82	88	6	62	38	57	
37	40	20	53	38	13	50	1	55	1	40	76	1	84	58	71	26	74	52	64	94	96	5	91	11	74	74	81	33	24	76	51	63	66	96	81	36	27	66	76	41	30	37	30	47	40	13	1	19	16	26	50	60	56	80	98	32	30	86	81	
23	95	19	50	45	56	79	83	55	98	46	29	48	61	38	7	47	87	62	67	83	70	83	41	62	21	50	87	11	6	70	32	68	49	60	37	87	24	64	85	63	88	93	12	13	34	15	18	63	34	76	77	52	96	26	48	85	68	16	50	
64	8	87	42	32	90	18	12	80	16	95	20	59	18	4	57	31	30	17	73	93	44	92	23	77	35	3	21	49	60	5	59	95	88	76	20	46	44	41	91	6	88	60	84	49	31	69	49	48	37	71	11	70	38	1	45	61	95	75	35	
10	22	5	7	91	39	85	40	48	24	69	6	59	41	24	38	7	96	10	14	62	83	86	8	33	27	95	99	65	27	12	70	28	34	69	96	30	25	11	76	44	8	75	1	92	78	98	8	10	40	43	1	91	70	45	36	24	48	90	22	
65	24	65	34	30	31	8	15	70	53	93	98	43	92	58	9	77	44	38	20	6	77	10	7	41	77	8	99	85	61	67	68	25	17	59	3	18	78	30	37	28	68	83	12	88	32	42	72	1	27	9	1	79	47	49	75	68	18	83	33	
97	49	1	6	28	47	36	85	26	58	4	77	40	93	10	20	65	71	84	51	46	18	90	38	48	83	60	64	54	86	91	10	12	85	25	89	47	61	79	52	91	48	93	70	25	89	49	92	24	81	67	55	6	54	37	89	6	5	1	52	
94	12	27	63	14	68	37	15	39	13	16	13	56	15	89	2	24	23	52	63	86	87	36	10	98	6	18	9	9	92	66	62	39	100	32	26	62	55	31	69	78	64	88	34	67	48	45	36	2	72	84	97	11	9	61	90	94	91	46	86	
57	45	34	1	26	100	92	100	14	89	90	48	60	16	14	88	70	31	8	56	1	20	83	62	91	86	44	49	14	33	44	72	14	27	54	27	47	29	73	50	32	43	99	67	39	13	22	12	50	67	54	57	89	90	8	22	26	51	48	61	
69	59	17	51	84	19	65	43	46	82	51	38	85	45	65	21	81	6	21	4	95	53	87	53	56	46	52	41	15	27	30	81	89	41	8	43	38	97	99	37	50	29	44	30	5	42	60	24	76	16	62	2	29	8	8	39	72	94	29	47	
95	59	41	9	56	24	77	96	85	92	56	45	44	42	86	84	67	47	85	35	66	79	45	1	11	77	76	92	99	80	58	36	42	86	61	32	71	92	60	94	37	28	25	51	32	6	53	66	45	23	63	98	47	61	11	68	7	59	12	38	
15	56	71	68	64	37	31	84	89	72	74	49	10	82	25	92	70	77	35	67	17	95	86	5	33	13	47	1	47	15	67	86	53	15	81	3	9	28	21	16	88	61	42	9	55	94	73	14	66	86	30	79	32	42	2	64	95	53	17	95	
4	24	85	92	32	60	75	34	92	2	62	92	94	2	37	55	94	23	7	50	16	38	49	94	74	37	92	31	52	10	34	78	82	95	38	32	58	32	54	15	35	60	79	28	56	8	73	61	49	54	33	16	35	76	17	100	99	7	27	46	
13	15	16	46	93	92	63	59	57	79	96	72	24	57	26	89	74	35	12	73	85	30	15	41	60	89	1	89	94	37	76	29	38	13	66	23	12	34	87	79	6	24	91	59	20	10	86	49	4	10	26	33	62	84	48	71	11	69	77	81	
25	39	2	84	43	51	57	37	24	66	34	78	5	64	74	30	18	54	67	73	86	69	97	83	84	40	84	32	64	15	5	64	18	12	61	100	59	86	83	76	81	91	57	90	38	2	58	39	84	54	10	6	79	58	87	62	18	9	7	71	
47	35	86	90	42	81	5	7	43	49	75	32	39	34	3	69	8	19	34	4	52	29	46	70	33	58	3	77	5	100	61	75	39	78	67	43	100	25	83	59	68	46	13	62	22	46	44	14	77	30	70	44	95	56	3	42	78	96	62	34	
58	4	19	58	78	100	73	75	66	53	70	86	92	18	86	16	89	100	21	41	83	64	47	75	21	35	38	15	3	2	27	36	86	9	81	39	14	64	38	3	14	24	34	38	63	19	97	51	10	96	60	13	95	53	92	13	6	57	34	92	
47	16	38	19	8	93	9	26	24	39	80	73	93	95	8	13	47	77	90	52	15	53	92	48	61	36	5	6	34	39	3	28	4	51	16	19	75	22	25	75	99	5	23	35	83	42	50	89	30	23	94	69	9	20	34	5	52	30	70	66	
20	52	54	29	84	95	55	4	42	20	16	54	21	77	69	67	72	32	19	97	86	98	40	88	100	96	4	96	58	22	48	9	17	61	86	14	88	75	97	38	2	68	95	51	56	47	4	15	80	25	24	45	5	85	12	23	31	46	45	17	
