Factories	2
Families	40
Machines	2
SetupType	3

Number of Jobs in each Family
7	6	6	3	6	10	5	2	3	2	7	1	8	2	3	5	6	10	2	10	8	9	7	5	1	5	7	1	4	2	6	7	6	7	3	7	3	5	5	5	

Jobs in each Family
0	1	2	3	4	5	6	
7	8	9	10	11	12	
13	14	15	16	17	18	
19	20	21	
22	23	24	25	26	27	
28	29	30	31	32	33	34	35	36	37	
38	39	40	41	42	
43	44	
45	46	47	
48	49	
50	51	52	53	54	55	56	
57	
58	59	60	61	62	63	64	65	
66	67	
68	69	70	
71	72	73	74	75	
76	77	78	79	80	81	
82	83	84	85	86	87	88	89	90	91	
92	93	
94	95	96	97	98	99	100	101	102	103	
104	105	106	107	108	109	110	111	
112	113	114	115	116	117	118	119	120	
121	122	123	124	125	126	127	
128	129	130	131	132	
133	
134	135	136	137	138	
139	140	141	142	143	144	145	
146	
147	148	149	150	
151	152	
153	154	155	156	157	158	
159	160	161	162	163	164	165	
166	167	168	169	170	171	
172	173	174	175	176	177	178	
179	180	181	
182	183	184	185	186	187	188	
189	190	191	
192	193	194	195	196	
197	198	199	200	201	
202	203	204	205	206	

Total number of jobs
207

Processing times of jobs
7	8	
7	9	
4	10	
9	2	
1	5	
10	10	
3	10	
8	7	
2	10	
10	10	
4	5	
7	4	
5	9	
4	5	
7	5	
2	5	
9	2	
6	9	
7	10	
3	9	
5	5	
3	2	
6	10	
6	6	
4	10	
9	7	
6	6	
2	8	
7	3	
7	5	
6	8	
4	1	
4	3	
6	3	
9	10	
1	8	
4	8	
9	6	
9	9	
1	10	
5	6	
3	5	
4	7	
9	2	
5	7	
4	9	
10	9	
7	7	
10	9	
8	6	
6	2	
3	10	
7	4	
3	3	
4	6	
9	8	
7	8	
8	5	
3	2	
6	8	
7	5	
6	10	
2	3	
1	9	
8	8	
3	10	
9	4	
5	10	
3	5	
10	2	
9	8	
5	5	
10	2	
8	4	
9	5	
7	5	
4	5	
4	2	
7	3	
8	2	
5	10	
1	9	
5	9	
1	6	
2	7	
6	6	
2	4	
1	4	
10	1	
6	3	
1	7	
1	6	
7	5	
2	6	
3	6	
2	10	
5	4	
8	2	
2	1	
2	8	
9	2	
3	10	
9	5	
2	8	
9	2	
9	1	
6	2	
10	8	
10	2	
2	2	
3	6	
8	4	
1	4	
6	2	
5	6	
7	3	
10	8	
9	5	
10	3	
7	2	
5	7	
2	7	
6	4	
2	8	
5	8	
3	9	
1	8	
5	6	
1	3	
5	4	
5	6	
8	1	
6	4	
5	2	
7	1	
7	3	
2	1	
9	3	
4	9	
5	7	
3	6	
5	8	
2	5	
2	6	
8	8	
8	3	
2	5	
3	7	
10	8	
1	3	
8	5	
10	5	
10	10	
6	6	
5	7	
5	6	
6	8	
4	2	
5	5	
1	6	
3	5	
2	9	
5	9	
5	8	
4	2	
9	7	
8	10	
2	1	
6	2	
7	1	
9	7	
9	4	
10	1	
9	2	
6	7	
7	4	
2	6	
7	2	
9	10	
10	7	
1	10	
8	2	
2	8	
9	6	
5	5	
4	3	
9	10	
8	7	
5	5	
2	3	
6	3	
4	5	
8	3	
1	7	
6	3	
6	9	
8	4	
2	8	
3	6	
5	3	
1	3	
8	1	
10	10	
3	2	
6	10	
7	6	
8	7	

Stepup times between Families, where [f][f] represents initial setup time
On machine	1
48	78	18	50	4	90	79	2	70	37	69	44	52	58	7	29	56	53	83	46	40	99	68	100	80	68	37	35	47	51	49	81	54	21	58	29	43	44	27	38	
86	14	25	22	42	23	4	5	38	95	70	72	3	56	23	46	45	42	5	8	90	95	23	16	30	5	39	44	61	10	8	15	54	88	71	5	20	65	69	3	
14	40	98	34	90	84	72	16	85	5	31	78	97	85	8	4	88	28	96	54	6	31	42	72	9	42	71	25	55	68	45	15	3	87	22	58	15	60	78	42	
30	60	20	90	90	80	81	42	20	30	5	83	30	48	38	33	40	72	70	42	55	73	40	46	43	81	74	65	68	52	2	8	94	92	86	22	27	69	9	14	
77	54	22	87	85	89	71	71	55	80	55	52	95	8	87	86	28	2	35	48	35	47	63	42	10	20	91	83	1	91	92	17	28	21	16	22	98	37	74	72	
82	71	26	79	89	28	17	4	35	5	92	61	77	94	9	56	2	42	7	18	44	47	59	93	93	23	66	44	95	36	77	9	1	32	59	83	83	78	18	57	
96	23	49	58	21	32	52	47	41	23	16	34	55	93	93	40	48	59	61	73	38	55	70	66	80	17	11	56	66	25	43	43	63	91	19	26	1	90	29	57	
57	77	80	38	40	44	14	33	21	5	4	61	64	50	41	12	70	22	17	86	90	98	39	84	39	22	25	16	83	20	39	11	28	88	6	36	5	36	99	63	
27	11	75	60	41	36	68	97	16	52	21	29	83	12	14	11	18	100	35	14	8	33	78	54	23	11	47	99	91	35	51	76	32	62	30	23	76	86	93	55	
74	55	80	42	36	8	73	40	74	52	97	3	16	61	35	40	26	47	62	67	14	22	74	91	58	56	42	28	78	28	88	32	60	78	29	75	50	18	43	2	
72	10	72	99	19	66	61	11	45	36	59	40	22	44	60	16	78	65	90	61	28	17	15	94	37	18	49	81	26	29	20	79	64	15	27	82	97	93	32	54	
39	21	59	54	34	67	34	39	51	33	34	100	8	61	36	88	95	74	62	81	65	22	24	34	85	83	79	100	33	17	93	72	21	58	88	77	40	47	15	96	
95	75	43	27	34	65	71	73	4	19	6	90	78	64	4	11	93	33	19	65	84	100	75	87	24	8	61	9	98	69	48	75	4	51	68	52	100	85	2	95	
89	36	28	55	8	52	35	70	30	30	87	89	38	30	42	34	66	7	91	82	5	37	8	44	35	62	1	89	60	4	39	81	98	46	21	62	34	1	26	56	
25	41	63	16	23	84	86	97	51	30	48	60	57	14	31	87	60	80	47	45	80	63	57	39	95	45	20	22	73	88	8	91	30	79	44	23	3	66	28	76	
73	58	71	7	89	20	13	36	39	52	56	64	54	25	53	61	31	36	41	15	45	44	41	52	44	28	33	16	41	99	47	19	42	18	16	52	75	69	47	7	
47	67	91	85	19	11	57	19	11	31	45	52	6	26	17	27	25	11	82	4	11	67	20	58	91	71	48	89	53	58	88	33	22	20	89	18	78	32	92	37	
59	48	3	47	16	82	85	57	15	28	20	28	15	12	82	73	4	25	78	12	36	82	48	24	78	80	36	34	41	26	75	51	55	8	63	39	2	15	92	60	
75	84	18	90	98	95	33	29	85	55	62	79	72	91	72	10	56	23	59	5	82	50	20	50	63	50	21	40	34	86	46	10	53	95	28	96	71	43	33	32	
58	18	65	16	8	89	99	69	12	100	67	68	18	90	66	68	31	8	50	23	10	14	80	21	85	13	15	17	84	30	71	47	66	37	66	82	2	9	93	95	
94	35	10	57	97	86	17	58	98	66	65	94	3	8	93	99	59	100	50	52	87	60	62	15	75	49	21	28	8	39	83	31	29	25	87	9	7	69	70	21	
53	9	63	26	88	3	9	91	46	91	21	39	69	94	50	26	99	25	99	48	19	90	56	32	70	46	3	24	3	28	16	3	8	1	50	23	11	88	81	65	
11	96	25	77	22	16	44	58	42	18	78	25	67	99	32	40	89	41	48	35	47	42	75	74	91	77	12	22	18	79	55	100	66	63	69	98	74	1	75	29	
30	47	49	15	16	25	88	46	74	31	17	8	33	16	28	77	85	78	45	25	94	47	78	62	11	17	9	66	21	14	39	49	2	77	81	2	70	85	62	86	
37	43	86	73	94	10	54	43	28	23	23	2	95	21	51	62	2	58	73	45	66	78	61	69	89	12	20	70	100	23	93	48	73	14	44	92	34	7	53	86	
74	69	32	83	9	88	40	64	42	21	74	31	10	6	24	92	40	95	25	35	15	66	74	36	68	84	54	63	88	52	94	65	32	79	4	38	31	93	72	76	
92	87	99	20	97	1	76	72	23	79	1	13	95	6	31	66	56	36	28	44	2	8	3	56	66	94	45	30	59	67	36	27	100	75	81	4	35	60	25	8	
62	55	26	52	88	24	83	6	94	95	54	65	86	100	71	19	88	26	13	22	23	71	14	23	30	78	62	44	4	99	40	52	96	24	94	33	77	88	10	41	
58	88	65	49	21	7	11	62	69	62	3	12	96	20	52	89	70	100	100	30	87	29	20	68	23	93	45	66	20	25	89	1	75	24	73	56	59	2	37	73	
62	26	60	27	82	87	58	65	23	12	27	56	69	15	22	4	21	75	57	65	39	56	55	35	31	10	32	74	88	12	88	60	11	92	39	63	92	36	94	8	
15	99	21	8	11	48	1	24	27	25	60	4	95	88	41	72	24	3	12	59	31	90	32	43	8	61	4	44	72	86	62	52	60	48	40	76	98	9	37	41	
29	72	94	61	20	22	5	90	11	94	24	67	49	80	34	26	1	56	67	30	36	18	82	87	87	23	20	82	65	37	10	81	98	20	5	10	14	46	37	19	
68	84	24	18	75	13	81	30	90	63	53	45	37	99	40	47	47	98	3	44	75	93	89	57	32	44	23	25	80	75	53	1	54	13	17	32	39	82	94	53	
30	78	25	14	63	22	50	18	14	47	51	48	63	96	41	26	41	97	56	45	91	82	95	62	51	64	46	94	45	2	87	48	94	74	32	23	74	71	88	99	
78	90	63	80	34	60	62	98	94	66	86	41	59	26	5	77	61	26	40	86	35	10	34	80	10	63	96	61	29	84	88	5	48	20	88	23	64	14	5	63	
43	88	11	87	96	96	14	2	69	26	97	25	83	69	39	32	22	28	51	49	62	64	16	70	24	5	85	57	29	20	57	27	96	99	2	82	18	99	19	44	
19	5	67	28	70	68	100	99	97	98	45	5	71	61	31	73	22	48	22	66	45	58	94	12	44	14	48	30	77	4	11	25	35	70	78	73	12	83	43	63	
57	72	68	15	29	24	22	42	78	33	84	30	27	35	93	89	1	17	44	99	96	2	38	48	64	42	64	10	93	49	23	19	4	91	90	61	76	88	68	25	
83	50	93	93	64	80	53	78	97	73	66	53	100	42	16	65	40	45	43	81	37	23	89	42	99	2	27	93	55	14	81	14	78	24	23	35	80	49	38	46	
21	14	98	61	85	28	18	13	49	78	7	32	67	56	52	62	22	94	33	25	47	53	33	85	63	62	90	1	35	17	72	79	76	51	41	85	83	91	47	42	
On machine	2
64	81	26	6	80	20	16	86	69	99	50	7	37	14	57	99	50	38	21	97	93	20	8	44	88	33	70	54	62	52	68	17	44	36	54	79	9	81	82	6	
59	84	57	50	75	29	48	26	79	4	20	32	17	19	29	89	35	83	5	100	25	86	3	22	35	96	82	90	83	57	44	94	97	25	15	66	17	21	62	59	
1	85	39	51	80	62	76	78	82	34	47	16	81	98	10	22	35	92	19	17	45	96	61	7	75	12	95	99	93	2	84	71	62	13	7	88	86	24	52	60	
13	22	39	28	42	11	69	59	98	58	80	95	2	31	14	15	37	98	13	25	30	77	25	12	88	95	95	53	79	34	89	61	32	58	1	30	56	42	54	67	
94	2	61	64	61	58	53	39	47	18	97	20	59	10	94	24	28	44	23	80	71	15	15	94	31	99	2	80	3	99	7	88	47	45	2	29	7	92	49	83	
57	78	20	24	49	16	57	21	50	79	20	7	10	80	51	88	53	100	21	68	74	77	92	16	3	75	92	56	20	74	38	96	34	58	65	45	40	40	12	41	
9	97	93	37	47	65	12	49	96	65	10	17	23	32	35	25	61	59	22	82	56	35	53	80	39	79	29	88	39	82	86	67	78	65	62	69	71	29	78	2	
74	36	42	83	12	9	62	77	36	33	5	7	2	32	49	17	12	37	82	91	60	65	96	30	54	28	23	73	74	89	54	92	60	59	60	18	2	12	20	75	
33	47	91	32	88	44	14	73	85	67	46	23	81	37	25	80	15	34	85	12	52	88	7	70	9	58	88	41	60	32	90	11	44	18	46	87	8	40	65	62	
73	78	17	89	87	71	81	12	29	6	3	18	32	90	33	11	31	62	94	74	56	54	11	21	76	77	78	38	27	16	41	79	46	53	33	87	34	95	69	74	
50	77	74	55	84	21	89	1	88	75	95	33	96	54	51	61	63	90	41	79	49	55	82	3	94	17	16	87	78	96	87	94	16	18	73	19	46	23	26	11	
29	76	46	68	53	95	7	99	19	97	1	40	45	65	20	96	90	69	98	20	47	51	29	48	89	42	24	38	23	36	92	25	58	81	52	92	75	33	1	87	
13	51	1	84	25	48	16	33	66	46	17	17	36	95	51	64	47	100	23	5	59	21	59	11	95	52	27	89	42	50	23	93	37	8	98	34	31	25	26	42	
2	96	31	44	46	85	36	51	91	21	51	14	2	62	32	52	15	87	98	71	74	79	17	65	99	63	55	84	48	11	32	27	33	2	3	96	81	5	28	63	
4	72	27	90	99	70	42	83	48	26	34	19	90	50	94	72	95	89	20	93	60	76	12	48	80	28	10	1	13	94	99	9	96	62	87	90	39	9	82	81	
40	50	85	75	83	15	22	92	72	65	14	17	86	48	41	9	19	8	39	55	18	80	86	46	21	39	8	36	10	5	3	79	28	14	78	17	13	82	33	55	
67	76	4	44	52	48	19	66	78	15	58	82	75	20	16	8	60	26	81	86	72	71	89	89	64	79	53	87	44	18	56	7	68	82	2	30	84	84	43	88	
37	68	11	74	33	26	13	85	45	20	6	58	53	14	48	71	55	85	59	95	12	11	10	10	51	82	100	63	15	91	68	61	64	89	19	91	45	97	30	43	
92	56	96	6	84	60	89	38	31	71	22	11	84	78	11	6	76	52	67	59	9	26	83	54	78	6	85	21	32	62	46	68	8	83	10	17	3	97	75	80	
70	90	53	13	2	23	72	89	90	41	14	75	38	36	66	84	52	92	86	20	85	37	69	95	83	16	16	74	12	34	34	7	73	65	65	68	76	73	95	98	
63	37	1	89	74	94	59	81	82	59	12	45	35	61	72	71	27	84	95	95	88	7	23	41	60	29	24	16	19	81	51	92	13	3	97	54	60	31	34	99	
80	58	65	78	9	34	82	62	37	51	6	27	7	39	93	92	71	90	69	93	78	58	33	77	17	8	49	19	77	64	53	97	45	50	93	9	12	9	27	15	
33	92	17	54	84	79	88	10	97	23	53	67	75	5	31	40	98	32	17	62	5	40	78	90	31	66	50	52	12	2	27	58	14	88	12	88	5	34	17	37	
20	52	39	38	32	45	64	53	6	58	6	33	32	93	28	40	8	83	42	29	85	12	99	71	42	94	16	41	20	1	78	24	38	70	35	74	74	27	13	68	
39	78	63	74	46	12	88	58	5	48	17	18	38	36	18	82	55	39	68	25	90	31	6	39	68	81	61	7	97	23	49	85	18	25	48	99	38	51	33	36	
98	82	97	37	57	89	25	31	86	58	49	53	39	5	54	2	17	24	82	33	33	64	44	93	15	7	34	15	37	46	35	18	55	49	56	65	20	16	50	46	
83	64	21	31	98	91	12	77	11	84	9	85	82	3	26	86	22	35	4	34	75	97	62	60	91	52	73	82	16	81	23	100	82	41	22	68	1	80	59	48	
60	84	26	57	15	83	56	49	87	34	18	28	20	22	75	70	79	67	77	100	33	39	68	83	38	12	4	73	82	89	72	79	29	21	2	42	41	9	21	47	
5	63	17	72	76	36	97	36	11	48	39	63	98	38	100	32	60	9	25	84	50	93	85	50	70	3	12	37	73	68	1	90	65	59	51	4	50	73	81	30	
31	16	39	47	9	16	67	72	76	41	63	75	77	21	69	57	87	37	80	64	88	81	41	43	3	97	82	32	20	25	38	72	3	42	42	28	28	34	41	69	
70	52	34	48	79	96	45	12	4	80	71	53	5	20	44	51	79	30	18	22	100	78	8	99	11	28	50	14	24	11	59	45	74	97	100	9	35	63	71	8	
64	23	96	23	10	48	78	73	37	14	10	79	39	37	95	93	58	22	17	9	5	88	15	67	12	5	35	57	99	26	62	55	33	34	47	97	29	53	68	16	
40	48	54	3	92	37	96	91	69	45	71	21	11	36	72	50	55	44	26	27	57	44	62	43	25	55	57	1	52	49	5	42	73	37	94	30	49	63	34	74	
20	61	51	55	53	41	79	28	32	89	38	21	70	1	80	14	77	68	5	18	44	37	5	22	8	60	47	93	100	30	65	41	7	37	41	13	81	87	86	84	
91	24	10	38	30	6	47	58	80	61	47	36	37	44	80	12	69	6	12	22	79	8	2	39	81	81	73	64	9	11	68	46	32	38	98	74	68	23	59	46	
44	31	55	7	34	20	39	84	64	34	65	51	48	57	56	98	76	79	88	77	94	77	62	94	75	99	31	93	54	43	41	97	95	82	74	47	40	41	13	26	
25	13	59	38	43	62	31	97	50	21	37	19	59	36	35	24	59	42	87	59	90	79	43	17	86	25	63	8	32	36	35	74	67	19	61	17	6	31	91	95	
44	71	84	89	98	1	79	12	45	48	88	100	49	35	80	25	17	44	59	38	20	65	60	12	27	99	79	79	75	31	65	70	86	70	73	85	41	39	50	18	
13	36	66	9	43	38	57	85	44	1	9	18	20	3	8	40	29	78	70	51	32	19	8	49	60	94	25	38	90	7	65	18	27	67	64	12	83	72	48	17	
42	25	5	94	18	90	95	78	81	87	33	59	23	6	5	36	33	66	4	75	11	89	35	37	75	41	38	34	55	82	80	53	73	27	19	79	100	20	94	55	
