Factories	2
Families	60
Machines	6
SetupType	3

Number of Jobs in each Family
7	9	7	9	3	8	6	10	10	8	8	2	1	2	3	5	7	4	4	7	3	7	1	1	6	10	10	10	10	3	2	10	10	4	8	1	9	5	6	10	9	6	9	2	9	5	4	4	9	1	8	5	6	9	3	6	6	7	2	5	

Jobs in each Family
0	1	2	3	4	5	6	
7	8	9	10	11	12	13	14	15	
16	17	18	19	20	21	22	
23	24	25	26	27	28	29	30	31	
32	33	34	
35	36	37	38	39	40	41	42	
43	44	45	46	47	48	
49	50	51	52	53	54	55	56	57	58	
59	60	61	62	63	64	65	66	67	68	
69	70	71	72	73	74	75	76	
77	78	79	80	81	82	83	84	
85	86	
87	
88	89	
90	91	92	
93	94	95	96	97	
98	99	100	101	102	103	104	
105	106	107	108	
109	110	111	112	
113	114	115	116	117	118	119	
120	121	122	
123	124	125	126	127	128	129	
130	
131	
132	133	134	135	136	137	
138	139	140	141	142	143	144	145	146	147	
148	149	150	151	152	153	154	155	156	157	
158	159	160	161	162	163	164	165	166	167	
168	169	170	171	172	173	174	175	176	177	
178	179	180	
181	182	
183	184	185	186	187	188	189	190	191	192	
193	194	195	196	197	198	199	200	201	202	
203	204	205	206	
207	208	209	210	211	212	213	214	
215	
216	217	218	219	220	221	222	223	224	
225	226	227	228	229	
230	231	232	233	234	235	
236	237	238	239	240	241	242	243	244	245	
246	247	248	249	250	251	252	253	254	
255	256	257	258	259	260	
261	262	263	264	265	266	267	268	269	
270	271	
272	273	274	275	276	277	278	279	280	
281	282	283	284	285	
286	287	288	289	
290	291	292	293	
294	295	296	297	298	299	300	301	302	
303	
304	305	306	307	308	309	310	311	
312	313	314	315	316	
317	318	319	320	321	322	
323	324	325	326	327	328	329	330	331	
332	333	334	
335	336	337	338	339	340	
341	342	343	344	345	346	
347	348	349	350	351	352	353	
354	355	
356	357	358	359	360	

Total number of jobs
361

Processing times of jobs
4	3	2	2	2	10	
5	8	5	2	10	9	
3	1	8	5	10	1	
5	7	1	3	7	6	
3	8	7	10	8	6	
6	1	7	6	2	3	
9	3	9	4	9	10	
5	4	8	7	3	4	
6	2	3	1	7	8	
7	4	6	6	5	8	
7	2	10	10	3	10	
10	9	9	4	5	6	
9	3	3	3	5	10	
4	6	7	9	6	7	
2	3	5	6	2	4	
3	5	9	9	4	1	
8	6	8	2	5	7	
9	6	10	3	2	7	
3	10	3	7	8	2	
4	2	9	4	3	5	
10	2	10	2	7	3	
10	9	6	4	5	1	
9	10	5	3	4	2	
8	3	6	5	10	8	
4	4	6	3	7	3	
9	5	8	4	4	1	
2	5	7	9	5	6	
5	6	5	3	7	7	
9	2	4	2	4	8	
6	1	6	7	8	3	
2	2	4	1	5	6	
7	1	10	1	8	4	
7	8	6	4	7	6	
10	3	7	3	3	3	
4	10	2	1	4	1	
2	1	5	1	7	1	
4	6	3	4	10	2	
3	1	6	8	4	4	
2	7	9	10	1	1	
5	9	1	9	10	8	
6	7	5	9	4	8	
3	10	7	1	7	5	
5	4	6	5	6	9	
8	7	8	2	2	9	
3	6	2	7	10	6	
2	7	9	7	1	10	
3	9	5	6	3	10	
5	6	7	10	7	4	
1	2	1	2	2	5	
1	9	8	6	10	5	
8	3	9	5	6	6	
3	5	10	2	10	6	
3	9	9	1	4	4	
1	1	8	1	7	3	
3	2	6	2	5	10	
6	2	5	6	7	7	
5	3	1	7	2	6	
7	3	9	5	7	8	
7	4	8	2	8	3	
10	1	8	2	2	1	
7	2	1	3	7	7	
6	4	9	4	7	5	
3	3	9	10	5	8	
5	8	9	10	2	9	
2	6	10	8	7	3	
5	6	4	8	2	9	
1	9	1	10	1	10	
6	8	7	5	7	6	
6	10	10	1	5	5	
6	5	6	2	4	10	
6	7	3	10	4	6	
4	3	8	4	4	6	
1	2	10	3	3	4	
5	4	7	3	5	4	
3	5	5	3	10	1	
5	8	1	4	5	1	
10	2	4	2	5	9	
8	7	6	3	10	2	
10	10	5	2	7	1	
1	2	3	9	3	1	
7	1	7	3	8	2	
8	10	1	10	5	9	
2	10	1	6	9	4	
8	6	2	7	9	9	
9	2	2	3	5	10	
2	9	6	1	4	2	
5	3	8	4	2	8	
10	8	5	4	5	8	
6	5	6	3	6	5	
2	9	5	3	8	5	
8	4	9	6	8	1	
4	2	4	7	7	9	
5	3	6	10	8	5	
3	8	6	3	7	7	
8	5	6	6	7	2	
2	8	7	1	10	8	
1	8	9	3	1	1	
2	2	7	5	9	7	
9	3	5	5	10	6	
5	1	5	8	5	7	
6	8	10	6	3	1	
7	4	7	5	8	5	
2	7	1	7	1	6	
3	10	8	8	3	2	
2	2	10	10	8	8	
6	3	1	8	2	4	
1	4	8	7	6	8	
2	9	6	4	6	1	
9	8	3	9	5	10	
2	8	8	7	1	4	
5	10	8	3	2	2	
3	1	9	2	8	4	
8	4	3	1	10	6	
7	6	3	7	1	7	
10	2	9	5	7	5	
6	1	7	2	3	6	
6	6	9	8	9	3	
2	10	1	6	3	2	
7	10	9	3	10	7	
7	1	7	2	2	6	
4	8	5	6	7	10	
1	8	6	7	9	7	
3	2	10	4	7	3	
9	7	3	3	8	5	
5	8	2	9	7	1	
7	5	2	4	7	5	
10	6	9	4	6	4	
5	3	1	5	6	9	
2	6	3	4	8	1	
2	1	5	8	10	2	
9	7	2	4	9	3	
10	5	4	1	3	1	
5	7	3	3	8	4	
8	9	4	1	9	3	
7	3	3	2	6	7	
3	10	6	7	1	3	
7	1	7	4	3	7	
9	10	9	7	6	10	
1	7	3	3	8	3	
2	3	1	3	1	6	
10	10	4	2	4	1	
3	8	10	5	10	2	
10	7	5	6	7	8	
6	3	1	8	9	7	
9	2	6	6	2	10	
9	10	7	9	6	8	
1	8	7	4	3	5	
5	7	2	1	6	2	
2	4	1	2	8	9	
6	3	2	2	6	3	
7	4	8	2	8	10	
3	1	2	2	1	2	
6	7	5	9	9	4	
7	9	2	1	4	6	
10	10	9	6	9	5	
4	5	7	4	1	8	
5	9	7	10	8	4	
3	5	1	3	4	7	
4	6	10	4	10	7	
4	1	4	4	9	3	
4	7	2	4	10	5	
10	9	10	8	6	9	
8	2	3	5	4	7	
9	6	2	7	1	2	
1	2	5	9	5	1	
4	10	6	6	7	8	
3	10	7	4	3	1	
2	10	2	3	8	9	
10	4	8	5	3	10	
6	7	7	6	9	1	
1	10	4	9	8	10	
5	7	3	10	7	5	
7	6	10	10	4	5	
9	8	3	5	7	8	
6	8	6	8	6	3	
10	8	5	8	8	7	
7	6	8	7	8	1	
4	10	8	4	3	9	
8	5	6	9	3	6	
3	2	6	9	8	2	
6	6	6	7	2	9	
8	6	7	10	3	3	
5	6	8	6	6	9	
1	8	4	2	9	1	
10	8	8	8	1	6	
2	4	2	1	4	9	
8	7	10	5	2	3	
4	4	5	7	8	9	
3	7	4	10	2	1	
8	8	9	5	4	9	
9	3	6	9	4	5	
5	8	6	2	10	7	
8	8	9	4	10	3	
3	8	4	8	3	10	
8	3	5	7	5	9	
7	6	3	4	10	10	
4	7	5	4	5	8	
5	1	3	5	3	2	
10	2	3	3	6	10	
4	1	8	10	9	10	
9	4	8	1	8	5	
6	2	5	7	8	10	
5	8	8	6	7	10	
3	8	10	5	1	2	
7	5	1	6	2	3	
3	4	3	2	4	3	
5	6	1	5	3	7	
6	2	3	8	9	9	
6	9	5	8	3	2	
2	10	8	5	1	6	
3	8	7	5	3	7	
7	2	9	7	8	10	
1	10	4	3	1	10	
2	9	4	2	9	8	
6	8	1	4	6	6	
4	4	6	9	5	4	
4	9	3	5	8	8	
7	5	6	3	9	6	
4	6	9	10	3	2	
10	3	6	5	6	6	
5	1	3	8	2	6	
8	2	3	5	9	10	
6	3	8	4	8	10	
5	2	7	4	9	9	
10	7	7	5	1	2	
10	2	6	10	2	5	
7	7	10	4	6	1	
7	10	6	7	2	2	
4	10	8	2	2	10	
8	8	10	3	5	1	
7	5	3	3	3	8	
5	5	7	4	1	7	
6	5	7	6	7	2	
5	6	5	5	2	10	
2	4	10	1	10	8	
7	9	9	5	1	1	
5	2	3	6	1	7	
8	3	8	5	10	6	
5	1	5	3	4	3	
6	7	10	6	4	1	
8	6	9	4	6	10	
1	7	9	8	2	10	
8	2	3	1	8	5	
8	6	9	1	5	8	
7	8	6	7	8	8	
7	9	4	3	1	3	
8	6	9	2	1	2	
4	7	7	1	9	2	
5	5	1	9	8	2	
9	7	4	4	6	5	
6	5	5	5	7	7	
1	9	4	3	7	5	
4	9	4	8	8	5	
2	9	4	3	2	5	
2	8	10	1	8	8	
7	9	8	9	8	9	
2	2	2	5	5	1	
8	1	9	6	10	6	
5	10	4	8	9	2	
6	5	6	4	10	3	
2	8	3	10	8	1	
3	8	6	6	1	4	
7	5	4	9	6	1	
2	4	10	8	2	1	
9	9	1	8	1	9	
3	5	7	1	3	7	
2	8	4	2	9	6	
10	9	7	5	3	6	
9	5	9	4	7	7	
10	10	5	6	5	3	
1	7	4	1	1	7	
6	10	8	8	7	6	
4	2	7	8	7	8	
4	6	7	8	5	5	
4	5	4	3	1	10	
6	9	3	3	7	4	
8	3	9	4	2	3	
8	7	4	2	5	4	
2	8	7	2	7	2	
7	8	7	2	9	9	
3	7	4	9	1	1	
6	7	6	7	4	7	
2	8	2	8	1	6	
6	1	3	10	9	1	
6	5	1	10	2	10	
2	8	2	7	6	2	
10	7	4	6	1	9	
3	4	10	5	4	4	
1	2	2	1	4	6	
4	2	3	9	3	10	
9	2	9	3	9	8	
9	3	7	7	1	1	
7	4	4	1	8	1	
4	8	3	10	1	9	
6	4	10	6	2	4	
2	3	9	8	6	8	
1	5	9	4	2	7	
9	3	8	1	9	7	
6	4	6	1	10	4	
8	2	4	5	8	6	
1	10	2	6	3	10	
3	7	5	6	2	8	
4	3	3	2	10	8	
4	1	9	7	8	5	
4	7	6	2	4	3	
8	1	5	6	4	3	
4	2	2	6	1	2	
8	10	1	2	3	9	
7	8	5	10	4	4	
9	9	7	7	7	7	
8	3	4	8	1	6	
4	7	4	6	6	7	
3	5	6	5	2	2	
2	9	8	5	5	9	
1	1	5	3	1	9	
5	6	8	5	5	6	
7	1	10	3	7	8	
10	9	10	10	1	10	
10	6	8	3	4	3	
1	4	3	2	2	4	
6	3	2	7	10	8	
4	3	8	2	1	10	
2	4	2	7	7	5	
1	8	10	9	9	2	
8	6	1	6	5	2	
3	2	5	8	1	5	
4	2	5	2	7	9	
7	3	6	8	2	2	
10	4	10	2	6	1	
10	8	6	6	9	1	
7	9	3	1	7	9	
9	5	4	1	8	10	
2	8	4	7	4	3	
8	6	2	9	6	8	
2	2	1	6	8	9	
2	8	8	10	4	8	
2	8	8	10	8	7	
5	8	6	2	5	5	
8	7	9	6	10	2	
4	3	4	2	9	10	
5	9	2	3	2	6	
4	5	6	8	6	7	
10	6	4	3	10	8	
10	7	8	1	6	7	
6	4	3	7	2	9	
4	5	6	6	9	1	
10	1	2	7	5	7	
3	7	6	9	2	4	
10	6	5	4	4	10	
7	10	2	5	2	3	
10	8	2	7	3	5	
4	5	9	3	8	8	
10	3	8	9	10	10	
8	2	9	3	3	6	
10	10	4	6	7	3	
9	9	5	3	2	1	
3	10	7	2	9	2	
4	7	9	9	5	9	
6	10	4	1	4	5	
6	7	4	1	7	1	
6	9	6	9	8	4	

Stepup times between Families, where [f][f] represents initial setup time
On machine	1
36	6	15	72	24	99	59	92	40	66	74	1	22	80	47	61	34	64	73	10	21	64	84	32	74	50	16	13	51	65	22	80	82	42	68	68	84	52	8	13	25	87	8	57	42	16	100	20	24	76	4	68	86	88	28	14	80	95	6	45	
16	18	7	77	89	40	64	87	19	80	82	31	22	84	16	57	95	23	72	37	59	58	36	77	25	22	38	29	34	73	46	21	94	96	19	65	58	56	85	40	52	12	30	21	91	37	78	51	24	26	39	72	52	3	72	45	95	57	77	44	
88	84	56	38	81	39	71	10	10	59	58	5	77	95	94	75	8	35	54	54	11	44	9	69	31	50	29	20	56	67	38	43	14	71	69	64	73	45	94	65	47	21	56	93	84	2	49	5	9	42	81	46	38	51	47	85	12	8	97	75	
3	56	72	94	3	83	92	27	42	63	89	62	65	57	26	11	42	64	60	67	41	93	43	6	58	79	80	94	31	29	54	20	6	50	27	45	33	43	82	24	55	76	78	17	42	20	32	69	83	70	89	33	46	32	62	80	27	53	100	21	
75	36	80	28	99	30	79	60	70	52	1	81	89	49	51	27	76	73	79	6	47	63	59	95	46	44	12	79	72	85	24	3	90	29	37	40	87	38	65	55	63	78	63	60	88	9	56	6	20	85	17	62	73	80	54	89	54	89	76	79	
23	46	63	62	2	81	99	26	82	6	84	22	52	100	88	51	32	38	67	48	46	99	77	41	6	81	55	36	65	31	15	88	10	97	57	68	92	40	18	92	60	22	97	10	60	6	10	16	73	76	90	99	46	100	64	47	95	81	1	38	
33	9	99	82	2	57	11	39	95	57	56	41	4	29	22	9	65	22	7	41	30	88	93	85	96	44	32	49	86	57	97	80	92	71	50	66	7	3	20	45	1	61	87	40	100	99	45	96	29	13	2	20	61	62	66	49	27	62	8	49	
35	72	69	63	67	6	60	46	97	34	76	1	16	24	31	59	2	57	10	64	37	58	64	72	24	9	35	14	93	95	36	48	32	15	79	37	2	74	36	27	51	75	32	38	1	17	50	65	35	91	23	19	25	35	36	85	16	66	83	90	
96	22	69	79	35	65	47	32	93	10	30	46	50	74	35	42	36	92	22	22	26	4	50	51	49	68	78	79	4	92	55	64	25	96	2	72	41	27	19	62	56	58	6	37	79	34	61	40	57	6	98	62	41	65	23	99	52	22	59	38	
90	72	90	8	59	44	47	92	50	61	73	25	26	36	37	70	91	88	83	12	48	59	11	81	14	61	28	82	31	65	89	46	12	13	24	10	28	3	25	4	30	18	12	100	60	66	10	11	13	51	63	54	84	86	3	11	15	41	19	6	
34	8	30	55	15	80	86	38	14	13	99	35	21	7	37	79	34	80	89	94	36	4	31	42	91	68	97	44	50	40	43	54	97	3	18	45	75	29	34	12	54	57	13	12	30	27	7	6	76	83	83	82	23	14	75	4	15	24	90	8	
95	55	9	94	8	12	100	32	76	7	86	32	72	59	56	65	70	67	10	73	2	22	10	6	75	38	78	81	88	15	60	64	100	2	16	42	43	64	36	29	34	51	26	14	76	17	95	49	22	42	99	56	79	83	73	96	96	59	16	95	
64	9	98	2	48	92	32	66	29	34	62	14	4	20	61	91	62	32	74	24	3	57	16	43	65	27	45	15	58	50	97	23	82	45	68	79	54	90	13	78	15	4	63	32	79	35	59	77	77	55	49	46	36	71	3	74	30	88	16	55	
37	75	90	18	65	7	83	88	79	87	16	10	69	94	98	28	51	35	20	34	58	100	21	71	44	73	60	37	39	74	85	76	12	21	22	18	94	53	34	79	79	32	20	75	79	33	39	76	52	89	73	8	61	95	69	55	54	39	18	68	
3	69	97	38	1	33	17	77	33	76	53	78	50	28	37	31	85	25	3	18	50	21	69	29	26	41	50	50	63	100	65	88	92	95	38	97	18	46	28	29	34	83	89	36	59	4	72	91	14	45	85	29	12	42	24	71	49	46	99	76	
39	49	21	31	24	83	47	45	56	21	2	28	100	83	65	4	39	47	56	48	79	78	89	12	16	92	18	28	9	25	96	85	86	33	35	46	8	3	65	3	70	5	79	5	57	63	17	68	31	34	86	8	49	15	4	9	68	33	56	7	
75	99	33	94	75	25	46	2	4	68	50	25	58	75	96	43	15	49	25	11	73	33	16	65	9	21	88	23	17	82	6	99	68	99	79	53	84	88	26	45	24	61	5	32	14	95	52	76	71	73	14	49	45	67	64	21	98	4	52	22	
11	54	26	10	61	94	49	76	59	75	40	73	68	10	74	77	43	52	39	15	77	45	55	30	61	53	9	2	11	7	45	10	1	11	10	27	81	95	67	45	81	30	79	1	87	17	18	42	81	27	9	56	100	42	97	34	71	30	92	43	
59	86	33	19	80	13	41	90	43	55	74	6	38	88	31	21	90	20	4	81	68	55	15	79	34	54	99	41	65	27	12	63	75	2	23	17	5	9	100	15	78	97	81	37	49	73	80	12	1	35	80	41	47	97	64	44	53	13	97	27	
29	32	69	100	11	23	35	36	38	71	93	6	39	23	52	52	76	3	35	100	32	83	39	37	100	4	29	59	86	51	43	72	59	24	20	37	7	24	34	41	75	62	91	48	34	70	56	90	45	15	3	96	83	27	83	51	77	85	76	53	
17	14	62	85	85	35	16	74	18	22	63	94	22	34	23	71	55	88	12	62	21	44	17	88	69	5	63	94	63	71	35	96	81	53	61	72	73	94	73	59	26	8	43	24	13	1	15	60	13	97	12	10	40	40	72	52	100	58	36	46	
82	19	26	81	36	58	24	42	93	49	99	92	93	79	72	60	94	29	54	44	74	61	96	41	73	83	24	8	62	40	76	83	25	45	36	45	20	30	12	36	51	75	99	18	72	39	28	28	71	78	88	69	24	78	49	59	26	42	89	97	
36	43	30	49	58	48	9	42	30	40	32	24	88	69	4	67	67	35	99	22	92	97	62	32	68	95	66	36	77	45	84	69	17	31	95	20	43	61	85	10	50	37	100	44	51	18	74	16	1	51	19	64	43	25	11	78	98	26	56	44	
75	39	80	29	59	10	10	36	17	67	1	67	44	72	49	67	22	3	98	93	52	17	66	48	11	95	3	66	57	99	33	84	100	1	13	62	96	95	23	69	20	75	19	15	35	74	18	60	51	60	59	75	50	62	64	29	51	95	99	39	
11	44	100	58	76	62	48	34	54	40	30	28	24	20	34	36	33	46	59	25	95	16	2	84	80	33	11	27	24	68	54	87	42	98	26	67	23	43	76	95	6	42	40	15	8	91	27	32	28	97	37	29	46	19	29	98	10	8	89	29	
94	19	52	53	23	44	1	44	68	23	49	75	87	32	36	99	22	72	84	82	37	11	27	72	96	15	46	35	96	11	21	57	25	7	37	57	78	99	20	87	8	75	84	92	76	22	82	53	48	98	44	18	92	43	81	50	45	97	12	5	
49	71	44	30	52	49	18	71	83	94	95	94	75	91	24	4	44	98	19	75	7	34	80	52	80	93	99	95	24	60	52	59	30	60	68	96	85	53	94	83	1	27	11	59	5	22	37	61	80	46	66	67	91	99	91	12	43	31	90	67	
74	81	85	69	92	21	56	39	30	50	98	29	82	42	67	16	70	44	60	54	93	34	87	27	59	70	69	42	71	70	41	98	67	31	55	50	32	38	41	44	32	96	17	61	96	20	75	87	45	90	16	27	44	67	59	21	76	82	70	70	
45	65	21	12	79	72	39	40	41	41	5	89	6	72	7	79	100	21	87	2	7	48	29	40	16	56	1	80	75	92	11	68	65	6	36	70	58	88	71	54	62	91	43	87	38	82	12	67	2	40	40	20	8	2	83	33	43	23	77	100	
58	84	3	97	83	29	80	30	19	89	18	24	22	99	55	19	50	17	77	90	97	14	10	97	96	86	55	62	83	93	99	41	97	97	87	95	38	43	49	49	16	8	69	67	2	11	62	95	32	66	5	94	3	90	51	25	59	31	52	67	
74	36	56	99	38	59	93	83	87	64	57	52	71	67	14	77	70	47	87	60	78	69	60	44	86	53	33	92	56	87	43	36	77	60	11	66	92	95	55	34	79	79	94	25	77	50	68	67	14	72	2	55	53	92	3	53	3	31	35	54	
81	99	23	74	7	81	45	34	6	81	61	34	75	53	28	90	29	61	39	65	42	54	60	23	56	26	21	47	94	55	13	63	96	34	48	31	66	53	45	95	1	52	97	85	62	57	69	34	93	95	68	16	13	36	88	35	93	85	30	4	
54	1	36	39	70	48	6	8	72	43	11	5	33	1	9	6	11	68	79	8	3	4	86	78	8	3	90	33	2	6	75	15	65	50	51	2	70	91	10	26	35	53	23	20	57	12	40	28	45	5	58	98	32	33	21	60	96	78	87	56	
60	52	27	56	61	26	83	1	6	32	35	15	44	96	38	61	71	92	59	37	9	61	20	19	88	82	30	87	26	62	6	72	47	76	22	50	95	56	66	18	20	6	17	57	82	23	91	14	37	5	97	28	67	36	23	55	15	10	96	30	
41	58	55	85	47	53	53	3	43	13	50	3	90	95	89	82	16	94	26	32	92	40	46	85	71	37	38	54	93	98	99	44	100	15	86	99	43	52	78	38	29	72	95	70	34	43	9	72	29	11	72	100	72	77	95	100	21	45	82	28	
41	53	44	67	46	53	64	78	93	96	16	23	68	86	35	65	68	55	100	54	62	12	28	69	17	19	58	53	76	15	9	57	12	4	2	54	16	31	96	90	55	34	76	78	61	79	56	34	50	87	75	72	8	13	42	86	39	91	14	72	
13	76	29	53	30	38	33	37	26	54	3	35	58	6	4	7	93	86	82	87	70	54	80	86	76	35	75	1	17	80	100	33	92	63	90	60	55	68	66	36	48	61	47	9	34	75	67	26	70	12	51	3	94	65	86	72	69	9	94	61	
68	59	82	28	33	57	51	55	51	62	15	51	41	5	6	76	18	26	61	68	16	36	49	54	48	83	94	54	69	5	51	46	12	96	23	98	68	5	52	76	49	11	99	30	19	73	68	33	80	38	47	47	81	83	35	83	69	61	99	72	
82	32	70	99	5	46	11	65	88	100	77	69	23	100	91	37	76	66	32	6	62	80	44	96	27	12	82	32	28	47	57	50	98	8	24	66	7	21	31	34	3	42	87	68	7	100	97	20	65	52	74	57	9	43	69	28	75	28	9	4	
67	40	52	56	30	93	28	58	13	26	62	62	71	2	21	83	46	12	12	7	90	46	50	76	1	76	28	37	30	38	76	39	28	68	65	46	73	19	11	47	88	25	12	83	9	61	99	16	51	55	100	78	74	32	92	57	21	55	95	69	
13	27	91	74	60	49	3	57	13	24	44	78	69	1	82	51	52	38	18	37	40	10	14	26	31	4	13	23	91	75	69	50	7	87	7	43	79	56	66	71	20	91	79	53	93	31	3	1	22	98	49	48	63	44	37	25	55	63	5	61	
33	24	11	90	6	81	19	83	5	20	87	89	52	6	76	81	71	15	99	80	25	73	12	19	41	54	81	37	63	84	30	97	40	15	44	80	64	50	36	26	93	30	57	96	82	29	12	98	78	76	91	58	91	74	39	81	66	88	51	64	
27	49	38	50	44	84	16	60	83	5	44	41	73	1	96	54	77	34	34	9	29	62	58	14	29	49	71	66	34	21	82	68	67	46	20	4	9	59	8	86	88	35	41	58	71	67	53	13	84	58	42	48	77	78	44	80	78	91	63	74	
73	54	34	83	62	72	9	47	38	54	59	62	54	99	3	43	88	56	35	36	74	56	77	85	42	56	53	100	89	64	44	69	86	74	68	67	5	30	20	63	5	12	37	76	47	66	16	22	92	53	82	99	36	81	90	18	80	47	18	70	
69	71	93	11	10	94	31	19	49	34	45	100	16	31	38	32	81	44	14	61	22	34	27	97	47	36	45	49	86	28	98	34	12	93	62	96	85	54	39	95	91	33	52	42	52	67	55	14	93	84	40	19	88	30	61	8	32	55	87	9	
58	66	50	52	28	49	83	85	55	13	33	59	58	54	58	69	93	34	71	22	75	6	15	55	100	66	76	91	42	86	99	25	26	54	20	64	85	100	37	4	32	55	15	63	57	62	22	62	58	33	3	40	67	12	38	31	7	21	52	86	
11	50	49	31	63	8	59	99	37	46	11	78	67	93	52	39	47	32	80	99	37	95	57	32	65	3	89	70	93	100	38	49	97	7	13	54	73	67	100	91	55	62	5	64	45	23	65	35	13	78	49	26	84	69	39	83	84	26	57	28	
14	99	37	20	70	56	12	22	99	27	81	65	62	64	64	52	22	4	44	15	87	52	56	17	96	98	13	51	61	99	41	29	25	69	86	56	27	42	13	59	23	78	97	58	7	41	79	64	26	85	72	23	57	87	5	18	69	16	37	18	
16	82	21	93	87	86	79	55	15	12	61	93	23	61	72	24	86	25	50	54	17	1	89	56	99	51	49	35	71	11	69	78	25	76	89	8	1	19	42	74	68	91	43	80	20	83	91	65	51	84	58	76	95	49	4	56	4	87	79	42	
5	32	57	73	16	89	78	26	28	24	27	14	40	7	59	13	70	65	1	99	5	64	26	49	27	17	80	48	21	12	71	46	44	83	43	98	36	68	35	68	43	16	13	57	5	99	57	42	97	94	10	60	10	84	22	88	86	12	13	77	
51	17	42	18	100	59	69	92	86	69	52	80	85	68	76	5	20	11	94	92	96	8	54	63	72	2	63	47	80	70	60	65	43	3	55	96	85	81	34	13	87	22	66	47	93	76	20	36	36	65	69	84	97	7	66	40	24	18	40	5	
53	17	36	18	8	5	82	15	47	56	67	68	80	65	24	54	84	91	41	84	84	82	30	100	70	12	37	3	50	73	21	46	84	98	53	59	37	8	75	11	42	21	59	9	24	6	18	43	6	93	68	27	15	1	34	62	84	3	56	84	
85	83	22	82	95	24	88	23	9	28	35	52	21	99	26	76	34	66	85	64	11	83	21	63	70	91	52	52	46	83	70	27	55	35	4	93	36	21	72	32	89	96	33	38	13	39	16	21	9	68	76	95	23	53	14	99	10	71	96	52	
34	45	23	60	66	90	70	91	32	77	5	21	65	45	58	34	78	13	2	44	34	13	15	46	97	50	93	31	8	27	95	77	62	72	87	23	51	87	37	85	11	37	75	74	73	50	73	70	84	16	55	65	85	9	43	96	30	51	29	99	
35	55	48	42	80	9	95	12	26	35	63	85	1	37	71	59	40	64	22	11	62	5	4	17	18	99	7	85	86	83	91	95	6	60	7	93	74	88	10	31	90	86	58	100	69	68	40	88	44	6	57	17	86	55	76	14	80	8	71	88	
69	3	38	27	60	18	97	41	32	28	21	73	69	63	70	71	84	14	23	29	15	45	47	53	30	35	23	53	37	63	40	79	47	54	94	83	22	48	56	30	16	13	10	40	69	99	93	36	54	49	59	94	6	17	67	9	71	36	93	15	
7	1	96	97	95	73	43	67	36	7	35	4	20	81	91	90	87	33	1	69	87	2	12	79	53	33	5	47	57	43	99	62	63	30	5	15	59	20	66	100	34	62	27	39	78	89	40	57	71	13	14	40	27	32	74	97	15	13	62	58	
72	96	76	40	61	69	39	67	17	78	2	84	31	86	6	7	24	28	55	27	21	93	58	19	26	81	70	38	34	19	17	29	35	90	56	39	12	6	49	58	54	20	55	72	32	59	87	16	63	3	70	2	60	67	11	41	99	85	15	15	
76	48	26	54	71	81	3	37	18	42	67	88	22	13	54	97	62	68	66	39	70	17	41	32	62	3	56	73	3	41	85	85	22	79	21	52	73	83	70	93	25	17	65	93	44	46	58	73	95	41	84	78	91	92	86	84	21	78	58	17	
62	97	21	54	44	57	19	79	2	29	77	79	6	74	100	38	49	62	87	2	95	16	60	38	40	76	23	70	50	8	92	72	72	28	58	80	30	73	7	18	93	14	66	50	53	2	99	53	98	34	22	62	80	66	54	56	34	43	27	90	
On machine	2
17	84	78	2	60	67	88	2	91	57	22	23	49	88	79	80	6	29	6	40	89	90	74	51	84	78	11	98	29	86	35	88	41	70	81	3	32	1	72	71	88	45	43	14	41	59	83	56	64	54	10	57	26	45	79	80	65	5	82	34	
81	27	46	60	32	40	43	39	22	47	93	93	6	83	30	37	10	92	43	46	77	53	74	38	47	76	38	9	29	50	63	59	50	10	20	50	12	35	54	38	71	40	63	19	10	20	19	9	4	43	13	3	47	11	42	6	63	14	41	18	
40	15	99	40	99	35	45	50	62	46	46	61	23	9	26	17	91	19	91	10	71	91	84	93	31	16	3	56	81	52	15	95	80	48	41	43	97	92	6	36	50	31	30	98	89	38	83	3	92	41	73	88	95	72	65	33	5	99	24	82	
54	1	41	16	84	66	89	27	12	100	46	64	60	90	26	78	23	2	33	9	40	65	34	56	63	84	34	55	96	33	81	7	30	34	65	5	39	33	20	24	84	29	5	11	31	100	2	22	7	70	33	51	48	37	24	56	68	9	94	8	
22	93	98	87	64	78	58	34	54	16	20	26	89	12	52	63	88	77	71	88	34	65	6	25	20	9	5	34	70	23	77	86	17	68	76	46	14	86	57	91	57	88	92	25	6	68	14	90	12	8	56	98	60	100	32	44	76	46	81	64	
33	59	44	3	2	81	94	72	42	2	56	80	28	100	77	49	84	9	83	14	64	58	89	38	81	14	55	2	56	16	34	56	25	8	14	53	21	37	9	85	9	57	81	54	66	9	33	54	43	37	44	37	99	98	87	30	64	36	80	8	
87	30	94	16	49	15	3	14	33	8	56	37	19	44	84	79	28	11	59	64	3	46	76	9	20	5	5	25	11	85	6	59	50	73	32	18	79	88	24	76	20	41	47	81	72	78	43	72	55	9	35	35	56	16	55	32	18	98	79	6	
24	7	29	25	46	100	69	65	57	54	16	49	16	61	42	99	76	96	36	70	69	83	50	88	98	24	18	21	70	2	89	27	80	99	70	100	60	12	100	29	64	98	43	88	10	95	78	76	6	29	99	83	86	87	7	41	60	2	96	8	
40	53	96	67	91	87	48	54	67	80	29	46	47	31	69	69	6	48	34	93	43	98	62	13	40	42	50	16	7	69	13	5	80	22	67	74	68	23	39	45	58	85	13	84	96	54	19	76	100	31	2	64	35	11	87	3	81	87	40	95	
47	5	25	44	26	26	87	64	33	42	20	44	12	47	78	79	97	91	8	17	71	61	55	3	2	71	94	49	51	59	44	32	52	47	13	1	33	84	47	49	36	9	58	34	62	61	34	95	43	57	85	8	20	66	8	88	99	3	29	94	
40	9	78	5	65	23	56	4	46	93	51	5	2	12	49	53	28	28	69	100	30	56	89	85	100	41	85	29	52	90	42	68	60	23	99	100	36	49	91	29	61	56	15	45	91	62	17	52	82	23	14	22	22	21	56	68	81	31	95	5	
55	4	100	78	45	97	78	28	11	68	85	36	94	18	68	11	34	59	51	63	79	31	9	62	55	4	18	53	91	79	52	56	73	43	72	80	46	4	31	37	79	12	66	65	13	94	13	76	97	64	62	2	69	7	10	78	32	16	100	25	
44	42	19	58	74	29	52	50	34	52	83	71	28	70	22	73	41	77	70	85	14	93	95	69	46	84	50	67	30	26	21	46	2	47	33	51	30	38	99	76	66	60	41	74	85	90	6	30	88	99	32	40	94	53	53	40	31	98	72	22	
57	26	65	97	87	99	80	7	80	75	94	63	22	85	85	22	48	75	97	25	80	67	6	83	45	41	100	16	92	28	32	69	29	30	73	7	69	5	55	98	70	32	19	97	30	94	11	59	11	54	67	63	34	94	44	16	79	80	64	3	
88	94	63	66	30	49	84	55	72	50	99	60	46	92	13	47	9	60	60	25	47	78	21	95	17	99	75	77	11	15	66	98	29	57	76	4	11	9	30	64	42	26	62	97	25	96	12	34	64	31	79	92	92	92	54	20	51	79	6	1	
95	82	89	78	13	17	27	38	34	3	40	80	9	96	42	9	26	43	81	88	84	26	32	100	90	27	90	92	42	1	57	55	49	8	45	97	89	82	53	90	53	38	69	26	59	33	83	32	75	54	11	95	11	73	92	54	16	8	49	42	
20	42	93	73	34	77	39	33	61	66	96	15	1	87	33	9	62	84	100	99	30	76	22	17	9	78	10	24	87	83	48	18	31	86	53	22	9	31	6	40	85	60	83	65	9	41	13	87	7	2	93	72	20	46	95	4	96	46	19	11	
20	23	95	15	7	88	25	98	8	67	74	24	36	26	15	60	83	85	11	95	73	82	38	85	45	92	73	50	6	96	89	84	37	24	92	83	38	81	41	33	61	44	100	40	11	68	6	48	25	94	34	89	22	57	56	100	73	97	28	37	
29	85	74	78	58	76	73	49	94	68	78	87	10	40	35	56	95	32	47	81	12	65	75	5	4	71	78	79	44	69	25	56	7	12	73	24	49	16	33	90	73	30	23	24	25	91	27	91	85	99	74	7	56	22	60	95	56	39	80	17	
65	10	58	51	68	15	95	20	36	19	24	64	49	86	9	5	83	94	84	47	8	99	4	43	5	76	40	92	34	49	86	73	18	73	50	82	30	38	59	65	20	71	99	80	91	97	78	88	99	1	7	39	3	64	96	31	79	100	63	46	
14	3	61	73	13	9	82	89	60	38	97	86	73	24	1	98	18	63	88	30	23	19	63	35	65	34	19	20	29	53	6	22	92	2	84	76	70	20	68	96	77	7	86	13	31	83	3	23	68	59	7	92	5	48	9	47	75	88	23	87	
17	20	4	36	15	93	76	70	11	34	47	7	58	80	81	41	6	80	39	77	67	33	9	60	70	14	32	8	69	82	34	42	1	44	22	49	20	93	40	79	59	72	87	46	31	98	14	62	9	34	39	29	60	10	88	92	10	62	16	28	
35	13	60	95	13	58	54	75	27	65	20	91	9	10	85	82	76	44	29	100	58	90	27	4	79	86	44	74	21	99	1	36	45	49	15	20	19	18	54	8	80	39	40	26	58	47	96	33	60	7	51	16	35	51	21	33	8	64	23	28	
34	87	96	9	94	33	29	91	26	71	5	91	7	60	69	36	38	75	9	36	4	19	11	64	97	42	67	3	86	57	83	37	18	10	64	73	96	50	42	15	69	89	52	15	19	39	54	42	21	8	34	40	49	83	90	33	35	14	9	80	
3	49	59	52	46	81	1	69	17	91	36	96	61	69	66	58	53	68	52	26	46	52	81	79	21	11	42	11	79	40	81	79	37	99	32	59	24	100	96	22	77	21	41	37	82	27	47	75	30	9	33	69	23	3	22	67	64	89	5	87	
91	20	49	67	85	7	61	5	96	90	100	71	50	79	100	76	80	43	60	6	55	31	79	24	30	82	19	34	16	74	23	43	40	73	4	22	63	82	82	6	12	36	57	71	95	46	62	16	42	15	92	39	23	13	82	1	52	64	66	62	
59	5	22	33	30	47	3	43	10	4	44	74	54	41	76	60	23	42	25	21	89	2	95	10	49	73	44	82	73	87	18	78	67	83	72	7	69	12	25	6	16	60	5	89	44	38	92	25	35	94	100	28	82	86	49	7	96	35	83	46	
48	72	56	26	66	27	85	47	33	25	82	39	87	15	71	63	72	78	33	66	83	71	36	67	15	71	95	30	53	100	59	36	71	5	59	66	32	91	55	36	69	9	78	51	24	36	26	41	98	42	91	35	39	48	67	35	52	55	36	31	
92	76	42	62	68	26	31	42	35	71	84	85	94	2	82	68	7	68	29	97	52	62	87	32	94	42	68	96	63	91	37	10	5	6	50	35	72	31	73	42	90	36	55	76	28	36	53	31	39	31	52	72	33	33	100	73	94	76	27	47	
86	58	20	48	71	15	10	27	51	6	11	42	36	66	29	88	27	36	15	96	42	12	11	43	12	4	7	90	69	15	9	82	95	89	75	43	24	62	63	46	9	34	39	30	30	76	9	29	51	50	85	68	58	79	71	80	94	14	10	27	
72	31	93	26	68	11	82	8	14	52	92	64	85	13	5	10	52	27	11	11	27	45	10	69	84	38	35	25	55	28	12	48	39	67	31	8	50	6	19	40	14	29	57	53	60	3	24	70	98	82	31	42	56	18	62	69	32	2	23	12	
7	69	34	33	93	11	60	51	28	14	56	81	48	72	2	17	78	58	100	79	51	82	6	30	6	88	78	86	6	26	32	47	65	82	2	7	16	56	23	78	88	100	93	93	60	9	44	92	59	15	5	87	16	75	55	48	49	64	53	22	
26	4	1	65	82	3	63	12	66	70	76	47	52	52	24	51	49	5	14	78	87	41	36	31	18	48	7	34	61	45	47	60	99	4	50	98	47	91	29	74	64	60	88	13	81	13	71	46	32	64	52	12	86	89	16	24	31	61	100	93	
85	24	13	100	54	3	75	49	81	98	73	67	10	43	70	28	39	56	85	52	13	1	11	24	83	10	33	100	19	20	88	30	71	81	98	89	3	84	53	16	15	65	94	81	96	39	14	80	58	4	79	60	84	1	90	47	39	2	36	5	
32	30	67	79	33	87	78	25	82	37	71	30	80	92	24	86	97	79	88	21	73	78	24	38	53	92	66	46	22	29	100	2	40	78	75	42	96	39	57	87	10	27	26	23	75	34	84	72	10	67	73	67	58	49	56	10	51	77	21	83	
100	8	29	71	65	53	2	85	16	56	68	71	61	92	61	55	5	4	92	74	84	80	60	2	87	50	71	44	96	28	93	20	13	47	23	71	81	54	12	10	84	83	70	53	93	12	32	23	78	74	31	44	53	38	86	74	73	5	94	24	
22	30	21	52	32	13	43	12	52	19	43	11	34	19	88	94	87	39	35	53	2	3	6	50	73	32	65	67	64	25	44	86	86	7	98	39	74	63	44	21	92	60	53	90	64	25	1	100	75	100	51	70	25	11	55	8	54	95	91	58	
11	47	34	79	64	22	19	4	51	76	75	38	72	98	73	74	79	48	89	64	77	63	67	2	30	7	41	50	22	3	68	93	4	66	75	69	51	80	32	9	15	57	83	87	11	61	12	59	83	29	92	58	64	37	51	38	3	91	57	92	
94	99	43	85	65	35	35	1	65	24	26	9	54	2	40	40	50	16	25	37	51	64	11	7	29	2	80	68	66	86	89	30	2	7	12	43	23	93	46	8	4	43	99	60	59	94	46	86	85	4	12	36	33	8	41	77	85	17	13	14	
12	73	56	76	2	56	79	9	42	9	69	100	93	28	66	50	56	45	66	27	96	8	49	16	75	38	38	26	62	43	14	30	36	91	63	27	34	82	28	93	21	7	91	7	72	48	84	99	43	88	23	48	82	85	61	65	62	89	91	20	
44	51	100	2	72	1	84	57	25	28	88	34	66	30	28	71	68	43	87	28	21	15	69	54	100	99	47	75	18	22	43	45	37	54	94	85	86	91	86	27	25	79	31	3	83	86	24	18	99	60	90	19	25	73	85	59	23	53	20	3	
67	20	38	68	31	35	96	59	51	4	29	78	96	58	7	10	81	5	20	55	63	24	49	25	97	35	46	65	9	59	34	99	36	56	45	36	71	23	23	43	75	41	70	100	26	98	14	54	40	36	48	42	81	62	1	94	11	29	56	50	
38	70	95	20	58	30	94	51	21	82	65	55	2	25	24	35	57	38	59	75	44	26	70	15	93	79	61	11	49	10	12	16	12	78	47	51	34	29	80	56	97	87	61	6	80	72	39	70	48	91	59	73	44	73	76	29	95	18	89	86	
57	86	73	5	81	50	80	42	33	98	88	51	71	18	56	44	60	56	56	8	42	13	13	48	30	1	85	90	98	100	54	1	23	62	95	83	87	95	100	79	30	76	36	44	98	65	80	49	95	7	73	3	8	27	29	36	60	27	10	17	
4	13	71	35	69	94	27	25	20	25	19	77	36	88	99	99	55	89	68	34	9	77	57	58	30	6	91	33	31	23	89	79	63	60	36	31	85	33	12	91	92	31	95	83	98	85	50	56	70	61	36	73	30	79	29	57	80	89	68	72	
39	52	97	90	84	77	18	35	69	84	22	57	37	73	66	47	97	76	55	76	63	91	13	43	54	81	79	32	49	61	99	15	87	66	59	87	90	50	36	86	51	78	25	47	38	24	15	80	89	60	8	97	66	95	38	20	12	42	86	99	
19	45	40	91	81	79	37	50	31	28	82	60	32	4	82	1	34	60	35	26	62	94	1	44	2	66	60	45	10	78	59	90	16	6	24	97	59	57	50	44	1	78	96	97	83	6	48	75	82	64	29	65	76	58	49	90	81	36	41	56	
86	31	68	85	29	80	26	23	34	92	46	15	90	98	31	69	46	19	44	41	62	65	81	5	26	23	32	21	97	12	87	27	49	62	79	12	26	82	70	31	86	69	2	25	32	100	46	16	63	3	81	20	2	90	51	22	46	82	90	7	
99	39	86	60	10	98	20	52	66	28	21	11	66	59	57	20	87	1	18	6	83	75	99	78	21	84	80	56	70	22	59	2	54	72	96	61	87	13	10	27	59	15	26	21	28	95	43	58	33	93	98	11	90	11	34	68	56	91	51	15	
34	52	4	72	52	40	27	97	30	11	1	18	3	75	5	16	94	97	21	49	68	39	14	63	36	74	51	59	64	34	25	71	52	40	81	36	99	42	66	36	60	21	1	14	79	83	95	19	25	76	46	19	78	12	42	99	76	53	41	65	
55	5	44	29	99	40	76	57	57	91	42	77	37	59	87	57	59	20	75	16	85	37	2	7	97	59	35	49	8	28	56	52	57	41	58	23	22	3	39	85	4	35	30	54	89	32	90	69	67	78	1	62	38	39	33	69	50	65	92	46	
22	2	13	66	56	86	99	59	74	67	45	51	76	97	50	98	12	41	38	21	42	84	41	73	88	99	16	77	48	93	53	55	55	35	86	5	18	23	6	3	75	61	31	99	59	10	34	73	73	73	23	68	17	42	12	1	6	25	82	51	
21	44	75	39	7	80	50	48	37	9	98	89	49	36	96	93	27	45	27	75	45	9	98	48	73	65	37	30	69	16	64	27	51	25	53	25	85	45	66	87	83	76	74	83	55	73	68	41	74	47	80	65	32	20	75	44	12	37	53	9	
21	92	17	57	43	22	67	43	63	29	64	34	88	95	43	51	27	71	67	39	10	3	62	69	14	35	60	24	22	49	7	16	46	2	93	9	85	88	38	52	87	89	99	13	34	78	91	88	27	87	78	28	36	6	16	48	3	70	59	72	
81	70	59	68	59	82	76	99	53	89	65	75	70	4	88	32	88	14	49	26	28	73	44	30	71	91	30	26	14	36	67	20	47	72	13	41	18	27	39	60	43	97	92	42	100	47	42	15	73	95	30	25	2	100	74	86	89	68	4	96	
100	98	45	16	69	1	86	16	77	54	53	70	2	55	43	72	61	45	1	34	62	56	53	12	24	32	98	53	12	82	51	12	54	47	79	24	51	16	69	35	1	7	82	95	35	84	19	57	80	51	65	77	83	74	18	50	8	90	50	33	
53	91	94	64	97	32	51	57	77	75	70	40	18	16	87	13	30	76	99	49	82	41	99	48	52	28	70	60	36	18	50	48	12	59	1	38	28	88	5	73	23	51	6	74	64	40	23	86	27	98	72	4	68	50	26	32	100	11	31	3	
93	19	52	64	73	57	85	88	10	48	80	85	16	83	36	8	6	93	38	88	54	58	8	75	100	67	98	31	84	19	67	67	67	86	2	3	39	62	36	1	46	96	40	86	2	92	100	52	53	80	77	81	26	6	54	44	18	7	64	62	
9	87	26	76	18	35	75	64	4	26	25	93	41	75	13	50	83	69	18	41	49	28	47	40	45	95	99	64	28	11	63	26	69	63	63	83	5	73	8	26	42	76	97	15	3	53	24	3	75	11	51	47	6	58	12	52	29	24	81	52	
4	6	67	69	8	32	46	74	62	32	32	59	18	76	78	81	76	55	56	47	56	57	6	74	40	13	69	59	54	26	15	54	95	13	73	57	96	54	55	70	55	33	39	74	84	35	39	42	7	97	53	40	17	88	4	22	71	26	8	48	
On machine	3
14	16	25	19	49	44	8	69	51	28	83	56	89	24	50	99	75	69	61	42	50	18	23	21	69	92	72	59	86	20	48	91	88	76	84	28	86	98	92	65	79	95	97	14	3	72	47	82	17	97	71	29	55	47	35	5	13	96	54	53	
46	48	66	40	75	98	71	24	94	68	42	24	70	71	45	94	43	74	9	83	16	84	5	48	47	40	53	98	33	33	2	100	11	46	72	63	28	83	50	18	64	37	1	8	72	43	19	79	87	77	5	10	37	97	79	41	22	72	99	51	
37	82	49	68	49	77	69	45	23	71	89	88	25	78	41	56	51	7	92	81	21	26	37	55	96	81	90	17	40	47	95	28	80	24	2	17	60	62	85	84	16	9	73	77	9	86	30	28	90	100	44	11	95	53	64	95	28	88	41	20	
100	90	52	81	76	82	18	12	15	12	49	97	86	50	98	25	84	86	29	28	60	34	33	19	33	45	78	84	23	41	16	91	75	17	82	38	55	89	27	11	87	28	44	81	35	57	66	4	22	53	93	48	22	92	33	80	29	18	28	27	
55	72	44	68	69	3	22	15	2	80	7	12	24	69	54	50	45	67	99	90	95	92	43	25	84	99	59	70	46	9	29	13	21	23	32	57	26	45	3	41	89	5	14	37	38	52	24	97	21	56	56	19	14	95	89	45	78	22	40	97	
79	46	85	44	1	71	96	28	22	99	86	58	71	13	46	80	45	17	21	71	91	39	46	27	60	45	73	45	87	66	46	38	1	48	1	42	31	39	1	19	9	7	57	63	62	66	17	63	100	27	13	95	31	8	19	86	17	51	31	10	
16	79	63	31	48	24	72	6	31	20	54	65	2	44	3	97	88	64	14	76	60	70	29	44	4	96	41	96	73	76	26	38	90	16	87	81	63	74	22	51	76	85	39	34	26	32	65	86	70	14	42	42	86	27	56	80	63	75	52	58	
47	9	50	15	83	69	89	60	24	57	40	47	27	8	57	58	37	92	49	36	76	33	76	13	4	98	46	74	44	56	70	38	37	97	23	71	91	43	89	73	77	17	73	5	64	5	46	36	63	63	57	37	62	9	76	77	50	79	76	50	
39	28	29	2	69	45	25	88	100	82	83	86	43	63	29	25	55	69	29	2	35	78	84	95	3	73	43	18	26	16	53	44	24	18	37	80	76	77	1	60	44	65	12	69	74	23	80	19	19	96	35	51	55	92	87	29	64	93	91	88	
2	56	13	12	62	27	80	2	94	80	23	1	13	53	95	56	94	84	91	47	30	57	42	48	93	54	52	11	62	50	78	35	91	93	84	90	39	31	92	62	62	94	53	38	81	78	64	45	31	55	89	21	14	1	5	51	22	99	90	24	
95	28	8	43	1	83	59	94	53	45	49	58	90	89	21	47	12	75	60	35	80	71	31	1	84	12	88	21	18	56	46	38	87	18	28	24	84	76	89	28	65	94	5	13	20	82	82	88	20	60	37	57	42	25	63	95	40	48	36	86	
96	77	19	68	48	53	98	63	56	37	55	40	47	73	62	54	69	92	85	1	76	50	62	73	89	65	100	28	2	48	40	71	6	37	41	46	4	9	22	66	72	33	99	63	30	55	63	39	89	89	77	10	31	9	8	78	57	62	47	38	
5	18	97	98	66	36	72	88	4	64	49	82	89	77	91	43	64	51	65	59	31	65	30	87	94	36	33	68	58	16	38	14	79	7	53	24	33	32	33	91	16	9	74	20	3	48	31	77	15	82	35	34	89	9	12	52	61	40	68	67	
3	81	68	29	66	70	66	74	67	39	3	33	60	70	33	22	10	44	77	46	40	71	85	88	89	65	52	46	12	4	26	67	9	98	29	1	99	71	4	99	28	93	63	75	12	52	79	30	46	21	51	8	47	55	39	41	96	96	41	83	
14	49	93	28	92	42	6	100	61	16	77	86	15	59	47	62	63	98	71	51	78	28	37	9	95	74	66	78	42	95	31	68	88	75	40	39	44	66	78	45	94	15	79	21	98	56	57	52	63	57	17	25	16	69	9	40	2	75	45	85	
99	77	3	18	7	85	8	54	21	57	21	67	52	52	77	55	15	93	21	54	10	88	34	23	34	39	9	76	66	83	69	11	71	15	32	31	65	23	91	62	87	89	39	16	80	88	20	72	39	6	93	25	24	56	84	15	13	59	4	7	
76	25	72	41	69	36	22	57	6	42	56	84	69	58	61	91	42	23	99	19	50	18	59	40	47	68	10	72	68	36	55	40	4	6	36	21	6	29	70	58	100	2	15	38	4	89	14	40	22	64	50	14	27	46	99	50	70	69	61	62	
53	7	85	63	14	69	89	69	98	70	3	48	65	2	93	41	64	58	87	23	24	23	89	68	24	61	15	29	4	15	3	53	90	95	46	12	49	67	65	27	97	94	41	90	7	51	61	46	21	36	27	20	3	26	9	62	91	28	13	96	
18	65	43	77	4	82	18	75	11	24	82	77	91	93	1	60	16	29	31	68	18	84	10	91	36	98	81	6	53	66	56	87	96	88	1	34	91	5	42	84	18	7	100	61	39	85	26	86	40	59	64	86	5	53	76	80	87	78	22	77	
6	88	33	18	10	59	10	89	83	98	53	27	43	88	21	57	70	71	88	7	77	37	94	18	96	84	26	11	4	76	91	19	9	94	99	56	51	95	45	36	48	45	84	1	13	17	31	8	48	22	87	86	46	64	72	7	44	77	19	93	
59	8	60	41	32	11	34	52	33	87	59	40	89	57	57	56	74	11	25	54	9	20	20	92	50	88	91	1	41	19	80	48	3	67	13	49	41	88	14	35	18	64	18	94	15	3	95	89	24	37	40	3	57	13	74	82	14	24	21	8	
10	94	91	13	82	85	47	16	13	32	76	18	59	33	68	92	38	42	11	13	81	61	95	59	31	2	70	60	18	97	81	40	17	4	34	13	54	69	33	15	20	76	51	65	60	71	29	28	70	23	83	90	19	59	86	94	77	15	18	14	
90	74	96	37	24	10	81	82	72	64	23	49	10	39	68	88	76	66	35	24	31	86	82	66	58	16	85	80	9	67	60	80	49	28	73	7	36	99	66	74	100	57	14	21	98	34	13	80	89	9	64	6	72	30	40	67	16	56	13	85	
8	34	32	43	64	39	28	58	89	12	55	88	61	13	12	69	34	65	36	15	25	37	72	29	51	8	17	35	20	78	97	77	97	46	28	69	28	62	57	95	27	84	39	75	96	63	4	92	8	59	17	55	69	21	93	49	94	99	38	61	
53	86	81	25	98	93	78	8	47	89	1	88	93	5	71	69	66	52	87	58	45	64	26	70	57	46	9	85	30	71	87	53	56	62	18	59	37	87	66	26	21	93	79	42	69	23	98	17	85	96	3	30	5	57	97	86	81	100	7	59	
95	22	6	67	17	24	3	81	43	65	6	69	64	82	51	26	73	44	96	83	85	86	71	42	51	70	62	73	48	46	92	22	20	30	37	7	47	100	48	85	84	54	76	100	14	71	94	6	26	61	38	79	88	19	92	58	21	27	7	53	
87	88	74	90	14	39	15	92	44	27	6	37	60	40	48	99	93	53	27	52	83	64	86	1	100	66	73	72	17	70	54	29	83	3	16	48	54	82	69	97	22	76	76	31	79	96	16	57	75	60	46	94	74	29	71	93	15	8	2	81	
44	42	14	53	70	11	19	78	82	79	89	35	86	100	34	29	12	24	46	88	56	95	96	66	61	56	10	79	11	64	79	9	82	1	96	57	36	3	97	93	46	45	98	75	92	55	69	90	9	12	25	15	86	38	28	63	78	3	57	71	
89	95	49	52	42	31	3	61	91	80	9	73	68	81	5	1	48	72	48	6	48	7	2	14	100	42	42	17	95	89	55	57	32	32	99	67	42	77	31	29	61	81	95	67	66	18	56	77	50	20	47	68	82	14	23	73	17	3	46	20	
16	16	44	14	50	88	97	44	100	39	40	41	63	87	36	81	66	5	86	52	81	46	91	34	98	97	95	32	14	88	65	36	87	17	25	92	97	75	56	40	73	72	51	97	97	54	59	97	62	85	27	88	42	3	78	27	54	71	19	80	
51	70	62	89	18	79	61	33	54	84	63	12	21	25	79	73	51	9	68	21	18	91	72	99	89	83	91	67	76	80	89	19	44	100	82	71	59	46	40	55	53	12	54	79	4	70	69	65	33	89	16	63	68	46	76	43	30	53	51	43	
97	94	32	70	56	35	16	42	96	88	83	28	78	62	10	60	21	2	55	18	2	37	62	61	83	99	55	34	25	21	60	5	81	66	32	66	12	71	96	22	50	63	37	34	100	79	54	9	10	5	7	22	40	38	14	57	34	86	54	95	
57	68	65	6	68	83	70	25	17	79	34	3	12	55	42	11	77	83	54	45	73	60	85	55	13	83	89	22	66	38	44	33	60	18	58	30	61	78	21	13	65	3	87	38	44	5	3	6	87	96	59	48	19	99	11	71	74	37	82	92	
59	72	93	42	20	66	8	94	6	18	21	12	100	64	58	81	12	45	83	15	59	57	59	2	91	13	71	12	62	71	1	39	61	31	29	93	78	17	30	12	81	21	3	52	92	54	91	50	81	94	74	22	45	68	61	23	7	51	9	33	
39	34	66	63	59	52	9	6	61	47	48	98	35	31	58	47	91	40	47	31	91	100	32	87	48	14	42	55	81	20	63	69	15	14	6	32	11	23	84	21	83	7	35	66	20	17	42	91	71	95	93	74	82	1	38	90	58	14	32	46	
3	49	39	42	23	34	96	46	71	27	67	54	10	89	6	94	59	71	36	63	58	35	9	61	98	54	3	91	17	65	66	8	27	25	32	55	83	67	57	37	4	36	1	77	95	62	53	61	78	8	18	23	28	15	24	74	50	46	32	66	
90	70	96	17	81	93	99	24	67	20	19	69	73	47	18	38	78	30	49	74	3	69	95	11	15	63	5	60	23	51	24	75	25	6	47	49	63	89	95	81	98	10	92	7	84	48	86	6	51	40	77	79	67	17	64	19	38	84	36	67	
5	1	75	90	57	57	94	13	72	72	64	78	90	92	64	77	3	14	62	27	26	81	97	83	6	73	55	55	100	22	41	70	84	53	41	36	44	14	18	83	75	23	18	11	73	99	34	44	8	82	65	66	2	48	49	90	88	49	91	7	
94	28	61	15	20	87	39	83	92	77	81	33	49	85	94	60	32	2	10	65	9	44	79	72	32	10	86	76	56	48	24	79	64	59	11	13	8	6	48	21	98	51	57	33	66	87	55	21	71	14	84	2	87	15	13	3	20	10	35	77	
87	94	99	28	6	82	20	5	13	7	76	52	10	84	66	21	74	52	98	7	81	19	20	77	57	35	70	41	58	33	69	97	61	8	23	84	39	70	91	65	39	41	24	30	96	63	34	35	88	25	41	76	40	12	99	17	9	37	86	76	
58	35	75	40	62	94	1	4	32	71	76	66	58	17	23	53	44	49	3	9	25	9	2	5	10	94	9	41	97	73	86	86	15	83	49	7	10	51	59	85	10	4	71	80	10	2	65	7	93	78	92	78	42	65	93	87	8	4	84	7	
50	58	93	62	50	14	31	64	29	36	59	45	83	65	49	79	6	21	34	91	40	25	34	10	29	9	84	60	6	27	38	34	64	25	23	44	31	7	10	12	42	61	21	82	79	55	61	100	64	54	15	53	65	6	68	1	46	16	45	50	
92	83	26	10	3	1	57	87	18	51	81	16	82	29	23	42	16	54	3	45	30	40	48	57	68	46	82	19	27	87	4	92	41	3	53	51	38	39	33	97	19	73	88	6	81	100	79	91	96	41	52	48	29	75	3	15	69	77	40	92	
38	41	51	9	19	91	98	77	43	78	54	61	98	74	52	80	7	59	24	4	77	9	59	11	17	45	82	55	7	2	19	84	49	27	4	3	72	24	85	4	56	83	49	15	38	30	72	32	100	50	91	45	97	22	88	32	21	27	76	21	
43	2	74	55	34	49	10	61	69	54	18	12	26	46	8	12	76	56	56	56	99	4	7	22	20	19	48	10	71	24	73	41	89	28	70	33	37	34	78	15	33	40	46	86	33	42	18	18	100	9	61	15	85	10	28	94	64	80	94	9	
33	58	26	55	13	9	85	78	4	34	43	85	74	15	60	36	28	12	59	82	54	20	85	97	6	83	71	36	28	90	22	56	44	13	78	55	99	13	42	15	85	58	1	99	18	86	32	75	1	15	8	4	33	94	75	30	46	60	14	5	
99	45	76	17	12	62	2	14	86	11	6	34	34	6	48	41	46	2	11	48	42	36	100	33	55	74	52	1	61	5	95	38	54	44	13	83	76	1	64	86	68	55	91	93	5	69	69	7	62	15	24	65	12	18	67	95	50	49	18	36	
6	1	86	59	21	64	64	14	86	53	62	45	87	3	84	10	59	28	79	78	18	56	75	4	75	26	70	72	11	42	84	55	43	24	46	4	12	52	74	38	88	27	20	41	76	80	89	11	55	86	22	12	54	26	17	3	30	52	64	58	
78	90	75	44	2	43	35	57	94	1	98	75	35	26	20	12	54	61	50	78	95	8	3	54	33	4	9	72	51	75	29	95	78	1	57	56	84	82	69	23	24	39	36	54	15	43	80	8	91	56	60	1	13	78	21	33	1	70	91	82	
8	67	78	77	61	86	80	43	25	88	97	16	7	37	68	57	88	61	72	63	45	49	55	95	14	7	73	19	24	54	48	4	46	58	50	78	25	38	68	57	32	2	62	38	69	39	19	77	13	21	34	60	61	33	13	76	6	63	77	6	
55	18	43	44	45	97	77	89	27	16	56	47	14	52	64	35	90	34	20	67	23	55	96	31	3	43	28	28	1	4	55	32	69	34	48	5	53	31	24	82	39	61	92	59	52	56	4	73	4	46	87	9	87	82	17	20	19	53	3	99	
79	11	82	87	24	51	51	87	57	25	78	45	89	48	36	43	92	61	41	31	29	74	77	93	39	18	86	26	49	40	19	69	23	59	35	74	66	21	81	26	79	38	59	82	56	62	25	45	22	1	95	36	7	27	93	97	55	65	18	60	
48	31	3	50	22	41	13	44	60	39	13	22	77	52	11	13	74	63	74	11	32	1	82	2	28	21	15	43	45	49	21	15	25	19	59	54	100	48	48	3	94	5	68	72	48	71	79	6	29	50	43	84	12	76	47	52	36	75	36	74	
23	22	3	36	44	7	3	25	49	22	97	34	72	65	9	42	56	61	62	45	26	27	4	7	24	35	61	98	33	53	59	73	38	25	65	79	21	73	96	39	1	31	79	37	85	33	12	93	68	39	93	30	60	11	74	58	66	73	25	96	
2	92	100	54	10	25	98	20	24	33	77	5	19	5	42	60	47	65	33	57	26	52	62	10	41	90	80	76	7	11	34	54	14	4	20	60	63	43	26	48	44	80	30	29	77	89	62	67	52	94	69	27	100	65	23	15	3	92	63	1	
82	28	44	92	62	4	53	3	57	95	2	69	55	14	16	53	77	93	76	74	21	23	99	97	3	41	60	58	64	51	6	41	69	61	71	51	22	85	86	59	51	84	37	36	19	38	74	79	96	13	83	42	58	65	43	93	83	94	47	4	
62	46	37	100	10	2	32	49	26	78	12	36	15	71	71	22	17	1	24	13	13	5	75	81	86	8	70	6	24	96	22	28	21	59	32	46	86	34	30	23	57	60	69	10	47	75	73	10	85	22	95	25	78	48	41	20	83	75	91	27	
77	48	53	89	55	15	40	19	13	98	38	58	20	74	76	85	88	5	74	67	10	98	94	85	41	10	32	36	11	3	26	78	67	2	66	1	27	45	28	52	11	93	50	52	72	10	61	70	45	96	98	47	33	28	73	92	91	20	25	83	
23	31	47	82	22	37	83	51	20	89	1	11	71	8	92	58	55	61	97	99	32	37	66	13	51	25	97	14	20	94	58	7	87	8	63	91	70	90	55	46	39	61	13	29	87	54	51	73	33	65	3	45	27	44	57	81	6	69	40	83	
56	7	65	26	27	26	1	93	11	52	63	44	8	78	62	75	85	36	76	44	88	30	7	77	83	20	15	46	34	19	57	31	95	92	77	82	18	12	62	40	81	44	42	16	71	3	24	75	66	14	42	66	58	7	54	61	20	30	44	90	
On machine	4
25	71	45	86	72	4	83	62	90	70	25	48	19	38	64	50	91	38	85	63	34	7	53	21	97	85	27	67	62	25	77	40	13	67	82	80	24	24	2	34	93	45	50	1	66	65	57	46	17	23	11	97	24	56	10	100	15	64	90	58	
36	18	73	41	64	49	87	73	91	87	46	17	60	89	5	15	2	49	14	92	53	75	14	75	82	60	4	15	72	82	20	33	40	8	21	51	20	5	60	93	85	90	24	13	14	61	75	70	75	3	18	89	55	86	80	88	50	44	59	58	
54	18	36	90	40	20	4	47	82	28	46	32	18	17	38	5	33	94	15	14	4	63	18	83	67	83	43	28	45	19	59	1	60	26	70	60	5	37	34	85	33	53	100	83	5	11	87	25	7	27	66	92	43	24	56	43	49	39	14	55	
83	58	81	4	77	99	35	35	43	32	83	5	51	21	55	68	36	5	28	21	21	9	74	82	82	71	2	49	16	33	18	25	20	56	32	71	82	72	13	43	94	69	20	64	22	48	57	13	29	22	83	58	43	28	69	94	18	79	88	30	
5	18	18	26	79	98	81	22	35	54	43	80	73	67	72	64	95	57	28	36	13	11	67	46	25	79	55	70	79	49	41	32	72	86	30	14	90	28	23	97	84	60	66	34	93	7	31	27	34	77	71	63	83	75	56	14	75	30	14	20	
1	69	81	17	57	36	42	9	79	45	14	81	28	47	72	65	10	88	50	87	23	79	99	8	37	79	91	7	88	95	44	83	19	22	24	28	20	12	59	63	83	42	74	40	56	10	28	29	76	39	40	98	1	76	67	61	9	6	67	15	
78	87	48	98	74	77	14	88	12	27	24	96	37	98	52	60	41	91	46	83	83	75	77	91	58	51	79	5	40	69	16	47	43	1	47	71	11	97	60	43	31	37	98	56	15	86	87	39	77	31	51	13	94	37	98	82	72	97	84	24	
70	68	91	96	4	67	68	73	39	34	26	48	67	73	15	64	27	69	51	27	8	16	42	72	39	89	33	2	40	50	37	66	11	94	79	33	100	57	51	72	77	34	6	75	25	4	25	62	18	68	41	86	36	42	99	49	20	54	77	1	
14	13	78	79	43	28	88	13	25	52	17	72	44	95	94	12	64	74	52	4	4	27	83	66	47	72	83	58	6	77	15	6	93	71	19	11	49	45	63	74	25	72	28	73	95	41	37	31	2	34	34	64	73	45	100	58	47	15	61	85	
73	61	29	29	39	43	89	6	86	74	3	3	65	44	94	7	23	89	20	84	69	44	53	92	77	82	5	42	26	86	13	12	96	35	98	30	26	26	91	12	74	35	4	100	97	4	67	74	56	11	45	39	18	69	36	63	43	88	44	10	
64	6	32	21	56	14	27	54	83	55	10	69	77	7	59	85	61	62	78	38	94	2	19	80	89	17	88	88	32	36	56	37	95	7	57	59	6	75	46	91	94	43	68	57	23	22	86	89	48	99	71	64	69	51	3	75	42	99	92	9	
45	89	6	17	2	56	100	6	28	49	53	82	27	38	43	49	11	77	68	31	36	6	98	46	20	1	59	4	89	8	76	1	11	69	57	22	56	98	22	6	47	93	72	51	5	67	83	19	78	20	46	72	23	81	28	77	56	53	70	100	
93	67	81	36	41	52	65	38	82	84	30	71	54	55	49	71	69	94	15	41	96	90	90	61	94	28	68	54	21	34	20	41	43	49	53	22	38	11	46	74	92	7	36	9	15	70	34	60	15	60	15	85	9	20	99	58	53	60	42	68	
63	93	86	57	75	29	27	95	13	70	17	14	50	30	4	64	60	35	67	24	59	77	31	25	29	97	1	11	23	97	51	10	30	37	71	58	49	24	72	27	15	12	49	62	39	62	7	76	90	33	14	81	1	100	95	27	36	34	49	45	
50	30	70	38	77	95	75	6	9	26	10	54	60	46	78	71	97	82	60	85	13	77	9	65	97	90	16	97	17	67	94	70	96	28	91	7	62	59	59	76	18	98	36	77	68	3	1	71	46	79	27	31	1	31	8	95	18	83	10	34	
93	23	80	44	46	66	15	40	43	4	46	91	61	81	90	30	62	72	45	48	99	81	13	83	1	53	97	67	61	54	75	38	56	18	12	41	68	25	20	23	85	67	52	93	10	54	29	46	36	32	94	64	15	55	37	79	26	58	58	64	
6	19	53	9	66	30	93	51	54	61	65	43	51	7	89	5	53	70	80	90	84	20	65	37	48	46	64	88	96	16	34	52	21	3	31	11	54	20	83	12	11	5	51	20	47	77	30	31	70	24	87	60	7	64	33	94	64	69	32	79	
63	60	62	6	58	70	42	8	90	15	7	78	37	25	92	2	43	17	46	91	57	17	71	86	73	15	2	46	89	17	95	19	51	73	73	58	24	59	92	96	8	93	48	52	46	34	79	73	16	58	30	89	61	57	31	95	89	13	5	91	
29	53	84	71	56	100	63	84	12	15	8	3	17	90	22	54	75	84	16	17	10	56	41	77	55	95	75	82	29	27	37	68	13	50	8	37	5	8	52	44	34	25	83	89	93	3	2	16	11	66	84	15	9	92	31	87	59	19	28	9	
71	45	18	73	56	20	54	12	67	90	57	79	26	82	31	14	16	15	90	90	32	81	10	77	29	2	48	72	85	95	89	67	64	15	32	10	96	50	54	92	10	62	57	47	4	22	7	3	1	4	21	8	64	68	63	84	25	13	1	94	
60	60	66	80	92	7	60	71	83	1	17	40	42	95	56	21	7	84	11	14	37	67	48	50	88	76	93	49	22	78	93	2	2	93	19	4	10	52	5	96	30	72	66	50	39	53	59	90	97	84	56	69	12	99	97	80	40	25	62	46	
48	5	88	93	9	12	13	31	76	32	36	38	61	8	65	81	12	57	57	92	48	48	65	90	18	41	79	78	40	78	6	21	99	93	15	45	6	9	95	13	48	60	83	35	92	56	26	93	10	87	10	13	61	1	70	67	19	4	6	72	
96	3	43	44	11	66	93	88	33	89	22	6	27	67	36	4	90	73	74	43	22	10	3	55	19	18	88	83	79	82	51	71	35	14	35	93	51	5	6	28	85	56	29	94	77	77	83	50	9	22	72	53	97	19	83	36	96	40	6	57	
65	91	45	69	71	56	54	39	97	82	31	95	44	25	96	29	70	76	67	87	55	8	1	80	98	98	90	59	14	90	96	11	50	80	16	40	2	92	18	22	55	24	7	28	76	21	47	64	46	98	32	16	21	11	51	44	52	86	29	35	
50	90	2	24	10	13	21	42	85	84	89	9	6	52	2	51	2	71	87	45	44	7	82	86	22	46	56	34	90	15	31	66	4	8	21	80	21	81	75	81	55	72	42	6	33	41	76	3	98	12	27	57	81	92	13	28	56	10	32	100	
13	42	20	31	24	54	53	27	98	69	26	12	10	37	30	48	22	60	54	74	88	23	63	45	5	60	54	85	77	66	65	28	25	11	53	26	82	37	12	13	27	80	47	6	92	31	47	35	27	64	88	99	87	21	64	91	36	48	25	55	
23	91	29	68	34	25	8	63	33	15	92	82	58	79	73	49	2	17	72	68	77	38	56	98	61	97	45	5	94	16	40	49	88	32	4	2	15	45	99	70	54	52	32	46	84	53	100	44	92	95	54	45	64	54	100	8	64	21	66	66	
38	43	45	27	81	78	80	81	86	22	98	55	42	16	48	17	97	47	52	7	34	43	95	95	88	39	55	11	33	62	68	18	97	6	11	29	37	57	63	48	25	65	4	11	10	49	65	36	28	61	50	74	51	74	34	18	17	50	85	40	
63	2	98	100	35	32	39	47	6	8	100	53	89	74	77	12	65	38	58	13	11	90	9	57	25	15	27	43	22	62	51	11	32	97	84	90	56	10	24	89	94	40	52	39	98	68	41	79	26	73	75	53	80	15	70	24	18	28	7	28	
12	12	4	89	6	74	66	27	28	20	54	43	90	4	90	50	47	63	81	89	36	87	81	65	76	11	36	19	15	17	17	71	64	23	92	52	71	70	97	51	26	29	49	81	42	25	30	30	98	64	8	24	24	19	79	19	7	75	7	6	
88	31	13	26	23	80	28	98	29	61	36	98	96	97	54	23	78	70	32	55	49	31	62	26	70	50	21	21	53	30	75	30	60	86	60	23	44	23	15	69	40	30	92	40	16	42	44	38	49	12	5	97	69	51	48	9	78	31	72	74	
61	85	97	17	9	77	5	16	10	15	17	27	18	1	15	14	71	37	87	44	93	62	96	65	98	65	61	79	67	95	71	77	85	47	20	44	97	5	36	95	80	12	31	46	90	76	72	86	12	49	80	75	100	45	70	97	76	41	25	83	
78	73	70	36	79	74	24	36	77	77	22	15	79	92	12	20	43	88	100	57	65	63	82	13	79	21	97	30	14	2	29	20	8	10	2	14	100	83	82	31	49	42	74	64	71	56	76	20	78	56	89	27	88	62	13	92	93	25	99	69	
30	96	83	40	67	22	74	79	44	16	93	23	5	55	84	62	56	67	36	70	23	61	34	29	79	16	22	90	28	66	4	80	70	96	2	74	91	32	6	95	74	5	53	47	20	81	20	25	69	74	99	74	18	2	79	93	36	49	84	73	
50	63	18	69	59	98	19	98	34	4	62	58	92	73	19	58	92	56	63	73	83	52	65	20	94	45	77	81	59	82	35	16	17	37	31	66	52	53	36	44	34	80	87	64	68	1	10	26	67	91	72	22	7	31	98	44	68	98	95	24	
58	23	12	83	71	23	39	73	11	6	44	20	53	1	68	9	75	25	38	38	82	39	16	88	51	35	55	98	45	46	41	81	71	71	38	82	5	90	48	53	30	92	100	86	69	58	38	53	25	72	11	58	92	23	41	83	99	78	23	82	
10	77	71	46	12	83	37	72	70	86	16	69	47	68	18	87	15	41	39	57	29	94	66	6	7	12	9	24	69	61	83	80	42	90	86	78	95	38	25	95	68	30	38	87	28	86	80	9	42	18	97	43	73	36	34	46	53	77	24	53	
47	15	41	57	4	54	30	69	5	9	15	75	53	15	27	34	45	81	90	61	92	66	76	36	7	62	8	58	80	35	69	83	27	21	3	59	75	16	57	7	29	24	46	82	98	44	2	70	12	53	15	100	55	33	54	61	88	63	75	42	
54	74	68	59	35	58	1	52	60	61	37	84	93	34	19	5	67	58	63	55	71	56	51	60	76	74	57	72	8	88	47	75	63	53	29	87	36	24	93	46	11	17	81	52	55	83	96	48	72	40	22	49	40	67	90	31	55	54	85	23	
31	72	72	19	17	44	68	45	61	75	1	71	40	15	14	67	80	72	3	63	48	79	100	8	69	57	17	79	76	8	16	1	20	48	19	83	6	57	14	72	84	60	9	1	39	31	70	81	36	25	92	87	49	38	100	88	47	15	42	58	
42	17	44	57	13	100	87	96	80	41	39	39	43	83	59	30	23	14	63	78	59	21	9	66	81	90	99	82	33	28	80	66	47	32	69	77	12	71	72	64	37	91	93	88	15	39	93	1	94	52	17	11	88	69	96	38	37	79	19	72	
89	2	60	89	65	10	5	76	26	29	31	77	98	1	74	54	80	81	74	33	70	8	2	26	1	97	57	81	64	56	30	15	77	33	52	54	29	55	78	6	67	100	79	77	2	79	89	41	54	52	35	36	28	19	33	40	8	92	22	61	
96	50	80	32	34	46	79	45	55	38	59	79	14	97	28	50	11	6	23	17	56	21	63	65	59	28	35	2	62	30	85	57	19	24	91	69	64	53	98	22	46	40	61	43	20	63	55	35	67	34	39	82	76	76	10	88	45	56	45	91	
79	80	2	96	71	23	33	48	7	89	88	65	28	84	10	10	6	24	91	51	39	58	13	4	4	68	88	93	84	59	80	50	14	2	51	92	78	58	54	48	39	15	61	34	75	99	81	92	26	36	68	68	11	46	97	47	37	1	74	48	
65	4	100	93	29	43	14	36	85	54	12	52	75	82	21	5	84	20	19	33	77	44	10	69	55	8	92	44	7	72	3	70	24	32	7	95	82	44	94	4	91	71	45	42	64	31	69	38	71	92	54	42	18	48	38	54	30	25	37	57	
81	37	72	25	57	22	55	99	74	68	92	20	14	48	68	97	94	30	100	6	4	98	89	61	87	75	31	39	14	24	20	15	33	3	39	30	8	63	3	79	5	4	34	92	60	62	74	93	53	34	3	99	6	31	44	31	50	41	66	56	
5	67	10	47	33	7	58	82	8	82	24	42	47	64	47	8	86	28	2	10	1	55	28	22	54	91	12	25	48	88	46	49	20	58	14	11	62	8	45	59	78	84	69	28	71	83	12	41	36	75	32	24	33	67	89	64	40	13	68	81	
89	45	3	19	99	10	88	69	100	55	43	58	22	76	66	41	58	85	11	9	42	98	28	75	82	95	26	59	16	82	60	37	53	35	97	72	97	11	1	11	30	88	87	92	64	43	23	85	89	91	83	81	87	74	95	7	84	94	73	97	
14	49	89	64	87	68	17	37	92	84	96	95	74	6	48	52	84	45	25	29	77	73	32	78	9	82	16	24	11	70	96	9	90	43	26	61	12	16	78	91	82	66	61	8	54	94	83	13	77	9	3	75	45	62	87	30	98	75	88	66	
3	59	18	78	83	100	23	66	49	72	60	24	48	64	1	41	63	67	82	69	96	12	30	56	48	15	39	22	63	17	49	6	40	18	60	6	22	95	12	10	20	20	100	78	30	27	59	80	65	25	97	59	45	29	60	41	13	11	44	87	
67	75	53	78	1	94	69	8	55	44	34	93	21	67	33	75	48	42	59	12	60	98	38	39	80	85	91	92	37	87	15	4	28	26	28	52	39	93	21	12	14	4	44	47	86	46	87	21	13	42	37	89	15	100	79	13	13	3	99	74	
84	3	95	36	48	85	48	62	74	44	53	98	55	43	7	68	77	80	55	3	87	63	74	95	72	39	55	37	72	88	70	84	26	10	88	29	17	13	35	78	98	33	31	94	81	28	30	52	4	82	52	57	20	16	61	46	37	16	95	11	
8	48	70	85	31	85	95	10	41	5	85	62	2	4	18	80	21	8	37	27	69	55	26	2	13	18	3	91	23	19	57	23	90	30	43	68	10	59	74	55	53	2	40	48	52	93	63	12	87	34	92	21	16	96	85	72	89	64	79	12	
46	59	95	73	42	26	43	31	8	89	16	24	64	48	86	67	46	22	56	34	79	35	40	27	95	89	66	18	22	51	49	54	57	9	21	9	40	34	4	29	73	22	70	57	12	98	90	47	89	42	36	71	49	11	36	35	53	41	64	72	
74	54	49	29	10	28	78	32	11	55	37	90	89	63	14	78	83	77	29	16	85	59	47	93	36	69	80	70	77	21	8	14	95	54	32	18	31	69	2	20	73	40	99	34	12	39	23	27	54	88	22	70	13	38	54	57	66	25	53	57	
56	52	17	77	51	39	89	95	45	7	93	6	92	3	57	85	98	71	29	56	17	40	37	1	83	30	20	36	49	4	42	14	82	15	39	3	94	4	92	6	52	75	76	67	25	72	55	99	74	35	29	37	56	12	18	1	45	47	69	80	
86	34	15	99	19	81	18	21	70	85	58	22	51	96	74	65	12	16	17	28	5	30	82	91	34	65	54	94	52	95	54	95	92	86	21	63	30	79	59	43	1	60	50	50	48	51	67	10	16	7	48	24	59	81	5	16	9	26	12	4	
24	96	54	96	41	5	15	25	52	97	61	62	5	78	4	100	13	12	68	61	51	60	91	75	36	3	12	98	51	68	5	87	21	34	9	50	55	43	33	3	90	10	52	84	80	66	8	7	91	74	15	25	83	99	6	30	11	1	45	35	
57	35	56	64	2	50	92	75	47	27	56	48	49	86	89	35	79	85	91	43	94	90	11	28	69	86	30	71	62	38	76	45	2	46	65	53	100	44	66	34	13	53	11	76	44	50	55	86	41	46	24	76	74	35	13	73	13	59	42	48	
99	35	99	54	24	94	80	75	84	35	91	7	37	66	98	99	22	50	62	60	28	59	96	78	15	10	15	84	11	26	2	7	39	68	44	12	5	46	26	15	56	3	19	58	55	46	1	33	98	93	19	95	50	12	70	13	72	75	68	97	
On machine	5
42	8	15	30	2	72	30	14	55	43	6	24	24	86	67	99	58	12	45	90	61	8	25	10	76	99	18	49	38	9	85	32	72	28	28	27	7	40	74	36	96	64	64	81	98	9	46	22	23	97	69	82	35	51	44	73	54	89	96	18	
9	52	5	57	55	87	69	76	84	19	19	6	9	34	96	72	92	91	61	39	79	68	90	85	80	97	100	3	60	57	69	52	17	1	32	24	64	25	43	88	23	18	37	31	89	49	71	8	23	6	10	6	7	70	98	76	60	82	82	66	
49	20	44	79	61	44	62	98	91	89	33	70	93	32	29	37	26	44	5	36	43	54	24	68	78	87	3	97	38	99	1	78	3	1	78	64	15	56	24	61	47	68	67	32	26	18	89	64	22	96	56	2	76	92	56	43	15	78	53	53	
88	32	2	69	16	98	1	65	53	74	1	10	33	21	18	81	93	51	7	34	2	24	98	49	82	32	60	72	57	40	42	21	12	20	88	20	9	83	91	12	84	22	77	94	34	53	100	21	4	4	3	52	10	53	78	53	88	45	79	44	
69	12	80	3	55	96	23	27	18	33	4	95	92	51	61	39	20	40	48	24	1	1	20	70	78	82	25	58	28	92	89	93	63	10	83	73	28	11	67	2	66	36	6	8	25	33	24	59	52	65	99	94	65	25	34	92	21	84	45	37	
36	60	91	41	11	20	13	98	81	14	77	70	67	51	75	74	70	33	66	12	37	52	71	68	80	85	45	3	13	6	20	96	53	58	48	55	96	4	12	13	32	41	68	9	15	79	34	80	52	39	48	8	45	34	95	80	66	12	86	37	
8	69	82	8	50	85	20	82	64	30	100	56	34	51	84	77	95	27	52	84	63	62	25	38	22	83	79	63	79	95	48	76	51	1	70	45	9	66	91	92	73	7	71	58	15	29	66	80	43	12	40	73	67	7	81	42	9	78	44	86	
10	45	51	50	69	5	100	76	76	17	78	32	36	19	71	19	67	82	13	76	83	89	22	31	96	65	60	44	94	40	85	11	92	3	44	77	16	90	4	35	36	73	56	66	88	57	83	35	90	42	21	67	22	55	35	46	86	21	39	79	
89	29	14	4	57	93	34	52	58	39	23	28	9	98	62	38	51	49	76	6	15	35	47	11	58	46	57	34	76	82	49	5	21	48	16	27	5	66	93	18	53	77	8	85	87	14	95	12	96	5	56	92	47	3	9	43	73	41	82	79	
7	13	55	90	11	69	90	10	44	98	89	37	75	35	59	40	30	94	15	64	82	66	46	89	62	86	54	15	36	25	46	29	27	38	48	52	60	45	48	47	13	91	47	88	53	18	48	24	33	77	78	54	58	23	11	57	68	77	91	27	
34	89	96	64	84	36	80	24	22	32	43	64	93	30	22	27	2	74	100	100	97	17	33	90	88	66	97	25	45	64	54	63	13	66	92	1	94	76	63	58	9	25	42	88	64	66	67	62	92	54	11	34	94	66	27	64	91	63	91	79	
76	86	42	55	63	31	38	82	80	21	10	50	83	65	57	75	46	69	25	17	9	19	91	85	28	29	97	49	41	91	93	48	15	43	48	51	2	65	51	21	99	88	88	85	58	27	44	17	91	99	68	64	30	4	94	49	75	38	77	99	
28	30	16	21	16	29	90	15	64	56	22	92	79	52	97	89	3	68	36	2	58	45	32	60	47	50	87	50	82	44	97	20	65	71	83	84	8	89	87	27	1	31	59	41	52	14	30	76	42	43	80	18	41	47	14	71	76	40	83	48	
30	28	49	98	84	43	62	27	82	62	12	79	23	94	11	6	50	98	74	72	47	89	33	53	2	40	37	86	16	31	100	35	71	57	83	35	69	17	66	69	8	42	39	84	88	22	73	97	76	15	45	23	82	14	62	59	10	49	86	6	
57	86	77	100	29	92	13	49	23	38	18	29	84	17	99	100	14	99	17	85	39	5	56	20	58	97	15	20	100	21	75	13	1	10	55	65	60	48	83	42	8	25	54	25	51	96	88	69	31	17	96	41	16	98	10	38	13	95	16	57	
14	61	14	76	13	47	92	83	27	66	91	93	98	3	90	40	49	15	63	81	92	38	36	71	16	43	75	67	65	39	70	48	94	32	39	8	36	16	59	79	60	78	39	70	90	72	83	90	90	97	71	10	4	73	16	78	26	55	80	14	
55	30	88	79	85	23	12	8	72	78	32	99	61	39	50	53	4	7	36	55	22	59	28	43	29	64	17	30	29	63	16	99	10	47	98	28	71	42	63	87	39	64	4	33	67	62	49	70	7	21	98	51	60	4	39	19	9	99	5	27	
16	94	99	94	12	7	5	77	36	24	11	75	43	51	78	95	86	82	15	33	25	37	96	90	61	33	38	24	45	76	87	69	12	30	9	51	91	38	88	68	72	29	73	15	10	18	34	3	93	28	24	2	64	84	66	16	13	29	92	25	
89	24	83	88	13	7	55	38	68	3	43	83	34	38	92	35	53	54	65	3	38	83	84	89	25	29	92	73	44	5	22	10	81	57	26	85	15	27	72	7	83	11	75	29	52	27	8	43	67	23	73	45	35	56	60	50	20	53	35	38	
18	65	82	75	44	23	91	18	90	39	24	90	96	73	98	82	24	24	85	31	42	28	9	72	5	78	47	93	21	71	66	17	66	64	87	4	24	46	99	20	5	22	4	36	51	14	43	17	50	15	88	71	80	78	98	32	4	74	1	11	
15	76	1	88	25	55	46	29	19	89	80	84	37	77	31	43	47	93	47	8	4	83	4	19	38	92	78	1	91	24	7	38	11	32	73	53	36	77	93	62	46	24	48	4	30	99	22	57	37	47	96	94	25	94	54	47	96	63	100	23	
96	63	44	32	5	46	17	22	4	95	98	67	45	64	91	6	32	34	83	40	57	51	17	47	24	9	81	7	50	54	57	38	17	56	84	27	45	99	53	61	80	96	85	21	3	29	7	80	59	22	56	38	3	58	87	36	14	11	61	72	
51	74	87	22	91	86	32	77	67	10	78	76	43	93	77	18	34	10	42	52	98	64	5	9	15	92	20	31	47	40	94	56	5	2	77	47	54	30	83	16	23	76	31	70	44	90	22	67	32	8	20	45	75	12	92	31	60	16	82	33	
75	30	81	29	98	59	20	22	18	87	29	94	88	28	32	74	72	46	32	93	50	66	7	11	12	13	71	27	87	71	17	10	21	66	77	37	43	41	58	13	90	82	91	78	23	47	46	26	19	45	80	70	56	33	17	74	42	68	93	4	
36	68	40	95	79	99	2	50	67	15	6	61	87	63	80	48	44	81	80	21	81	28	65	56	42	28	73	17	96	36	71	52	63	28	83	86	11	95	41	10	24	26	64	67	94	69	8	36	15	85	22	27	86	63	51	54	47	84	12	94	
12	38	12	42	12	78	90	81	50	50	33	51	80	89	5	97	96	61	79	86	24	60	68	4	69	69	94	83	37	5	12	56	28	78	48	62	11	55	82	10	64	81	18	84	93	97	48	89	20	94	58	62	78	9	31	84	35	63	47	17	
26	34	100	20	85	91	11	80	79	99	90	35	60	64	60	1	37	45	57	38	93	9	72	72	70	13	30	95	56	13	90	7	83	56	77	100	31	29	26	16	17	93	90	83	12	98	88	14	41	74	77	11	42	77	10	44	80	55	98	98	
44	82	61	85	31	98	61	77	78	41	76	39	49	61	70	13	66	40	57	14	20	64	91	6	68	87	55	54	72	32	45	83	79	86	66	3	44	25	75	99	46	31	78	27	51	32	67	19	3	37	16	43	76	98	99	86	43	90	51	90	
2	12	61	43	8	2	68	93	84	44	91	11	90	26	38	49	18	14	89	60	7	26	12	25	31	41	45	43	39	91	38	29	5	66	46	71	52	98	28	35	1	36	58	23	99	43	62	86	100	15	26	24	34	3	17	30	26	24	50	41	
32	22	17	57	43	46	78	21	35	29	96	61	93	57	3	81	37	93	82	100	31	89	12	67	39	87	31	47	89	24	81	4	65	34	51	11	58	73	15	15	49	44	90	15	48	34	98	59	100	41	88	37	100	31	26	77	19	86	51	80	
68	24	15	60	92	8	96	80	51	79	57	7	22	14	54	94	8	71	28	67	88	43	70	91	15	71	92	10	70	70	36	49	94	45	7	97	95	11	5	67	5	67	50	87	86	68	59	72	67	77	52	75	4	82	12	40	3	54	79	82	
24	60	2	55	57	18	25	75	95	4	25	19	26	82	20	2	76	26	69	11	39	72	10	61	90	27	56	74	14	91	66	82	21	6	66	80	31	48	13	46	87	70	96	74	4	76	66	7	97	31	48	17	22	43	55	60	88	41	8	71	
14	74	46	24	65	80	35	94	73	47	64	67	97	14	22	79	16	8	73	16	25	84	17	16	5	59	14	44	11	76	36	18	92	65	53	57	31	78	77	7	98	34	45	24	23	4	36	66	94	10	96	48	4	76	95	14	59	92	63	81	
42	78	34	91	52	33	37	66	68	87	61	21	40	34	68	3	66	27	62	14	22	91	7	15	81	24	58	65	78	53	18	75	35	45	28	42	58	25	90	97	24	83	10	79	17	46	58	22	98	96	86	21	36	67	87	97	74	31	82	40	
8	30	12	58	76	1	33	11	53	23	46	96	19	3	12	44	35	47	18	31	59	46	94	98	91	89	94	42	69	30	68	26	14	84	20	98	95	95	30	14	7	87	59	41	41	71	84	62	20	84	96	12	24	6	93	6	33	22	70	94	
91	72	80	25	16	19	27	27	82	35	93	55	38	50	53	46	81	2	69	24	17	46	17	15	11	91	23	87	56	1	27	30	68	38	8	88	18	42	31	9	5	48	92	18	19	52	66	18	68	5	39	6	25	61	52	87	66	46	17	34	
44	71	28	60	60	28	6	47	79	70	42	9	66	55	91	3	42	72	16	1	34	7	94	100	62	100	81	72	10	2	70	87	99	16	77	57	2	1	53	54	45	59	16	53	35	67	81	91	86	99	30	35	47	33	63	78	66	40	32	18	
67	48	39	3	44	27	26	66	63	41	62	37	46	40	16	70	54	53	50	80	17	96	81	27	79	59	37	96	62	32	10	32	28	32	38	20	18	36	68	21	51	22	31	44	67	85	54	89	1	4	78	15	21	64	52	83	1	88	65	27	
94	69	98	28	23	57	17	27	54	85	78	32	6	73	30	4	12	39	50	100	88	37	78	29	35	47	7	11	27	12	93	89	94	82	89	14	18	52	48	93	64	83	40	1	40	53	19	63	72	22	72	29	1	91	85	96	19	28	18	9	
35	48	31	19	77	44	90	28	14	36	33	37	84	21	51	66	4	36	17	46	25	61	65	67	59	100	99	78	48	31	6	50	10	40	79	2	49	2	85	79	51	50	2	94	33	92	50	94	48	94	8	30	65	89	21	1	53	49	49	50	
56	21	66	34	72	83	68	4	100	45	34	39	37	30	15	14	89	99	57	20	94	20	36	73	13	81	2	21	76	16	21	36	93	6	7	29	44	66	90	42	71	69	46	45	47	31	22	96	10	16	36	46	67	34	42	17	69	54	26	50	
24	73	70	11	96	97	79	36	51	37	65	49	61	5	72	35	35	69	73	88	45	95	64	35	95	7	24	16	25	27	48	4	97	79	69	97	89	47	84	85	26	31	73	4	20	34	8	42	79	81	11	21	26	94	92	87	41	72	81	44	
88	65	37	35	30	83	96	33	16	52	62	74	31	76	59	2	14	3	31	39	4	99	5	41	8	6	53	30	75	20	66	88	24	40	40	63	97	29	18	39	72	79	67	33	2	57	27	25	37	37	56	88	65	6	22	43	97	41	22	96	
31	96	1	16	11	95	81	4	4	12	64	83	10	36	33	24	81	82	75	32	27	35	83	91	92	83	54	71	19	11	87	45	18	39	97	47	22	15	64	38	100	24	25	85	31	40	67	74	74	18	65	67	49	34	21	47	11	93	25	18	
87	100	48	6	80	74	63	83	76	91	6	82	96	10	53	13	25	15	94	10	27	86	84	54	82	50	57	84	60	33	16	58	1	3	50	69	28	57	34	75	51	92	62	14	14	74	96	84	32	56	45	58	54	69	85	1	32	98	55	65	
5	15	74	16	80	20	48	27	16	59	42	19	5	57	40	47	40	43	63	60	86	4	32	9	40	36	43	100	49	42	59	88	86	78	3	100	30	60	6	37	58	17	79	99	24	99	21	26	100	70	25	90	97	2	44	87	72	50	34	87	
10	84	58	12	49	22	40	63	41	7	41	89	47	86	66	12	38	42	64	61	52	63	78	39	38	3	15	80	76	96	22	86	43	61	83	29	37	32	12	11	94	80	72	73	75	15	18	68	3	13	77	62	97	89	51	85	29	66	92	44	
78	86	8	33	96	28	15	67	65	88	75	30	85	44	35	7	70	7	12	96	61	48	41	35	66	36	31	54	46	60	64	99	43	83	79	81	100	71	5	15	86	57	18	54	2	38	43	81	31	27	50	40	70	92	19	90	97	53	66	93	
81	25	33	97	3	48	55	64	13	22	57	63	56	100	52	5	12	71	55	78	60	59	70	93	80	61	83	30	64	44	69	57	17	8	14	91	62	60	85	100	5	50	15	100	98	1	85	14	77	30	3	49	95	14	64	29	89	46	86	63	
76	72	11	24	56	34	95	63	27	60	8	87	37	3	4	46	10	31	22	97	71	40	72	12	77	92	86	74	18	80	55	24	13	90	60	49	16	98	49	98	40	75	28	75	56	64	23	26	54	22	26	17	59	69	17	50	18	86	22	99	
38	3	30	51	59	73	76	72	6	37	23	77	15	94	78	26	96	94	88	86	99	31	89	24	93	56	10	43	65	44	20	59	11	26	99	11	97	22	52	81	85	94	41	14	33	61	17	90	7	92	88	48	81	38	99	81	40	81	99	71	
4	38	82	92	15	69	59	40	53	28	71	80	35	54	76	55	82	43	97	26	31	99	94	62	76	42	41	96	94	2	77	14	53	98	46	85	83	29	49	2	49	40	46	89	54	45	75	46	81	65	71	78	26	98	18	10	60	8	54	1	
61	80	15	16	37	47	7	6	67	74	58	66	50	98	20	76	63	30	66	65	92	10	14	74	69	42	21	7	12	83	47	69	6	18	62	90	16	59	26	38	39	11	17	94	52	97	25	25	66	17	54	55	73	51	30	21	27	95	6	32	
17	12	51	26	45	26	12	10	53	38	86	51	91	25	34	15	58	58	61	36	59	20	54	92	25	19	55	13	86	28	21	67	27	59	62	13	46	56	71	17	14	77	35	92	66	72	97	94	6	24	53	57	18	92	62	84	16	35	50	54	
48	81	27	23	66	15	100	86	64	65	23	20	37	92	17	26	65	82	7	57	70	64	88	53	42	32	50	3	82	10	38	2	6	44	94	44	26	24	54	18	76	53	62	25	59	90	1	31	4	62	71	65	27	5	14	70	52	6	3	89	
98	81	4	26	4	38	73	6	70	59	67	63	79	59	30	38	24	68	86	72	55	22	81	11	93	28	76	38	84	90	16	46	41	8	26	14	74	30	57	85	63	16	11	91	50	96	43	61	44	82	33	93	42	51	2	86	15	41	9	99	
98	69	30	14	60	6	46	34	31	94	52	89	42	10	59	88	60	51	63	32	66	42	96	55	40	72	45	13	51	7	13	83	38	35	96	25	37	16	100	75	81	42	9	91	8	54	6	88	96	53	100	54	12	55	57	32	82	54	34	50	
55	14	17	97	99	19	10	51	24	5	50	99	46	63	24	61	8	48	8	74	33	37	5	94	100	11	64	86	84	72	69	16	88	8	76	32	70	58	16	56	47	26	22	92	71	85	70	40	85	47	22	13	32	80	43	18	23	95	51	19	
82	75	31	35	46	58	74	30	20	67	31	9	96	94	4	84	84	43	98	96	18	99	58	19	73	30	89	93	8	82	56	25	100	18	43	91	61	59	56	46	70	67	22	8	36	78	42	57	36	14	4	66	92	77	31	23	56	78	95	83	
89	5	75	74	13	98	42	36	4	92	28	52	67	49	61	83	67	38	46	6	29	13	65	84	31	45	6	5	69	57	94	84	96	51	94	88	51	51	39	54	13	100	93	68	74	18	73	96	89	93	56	10	85	33	32	84	23	86	85	25	
On machine	6
83	70	28	28	3	69	3	2	64	56	26	29	62	81	12	98	6	13	21	77	42	51	2	31	81	5	1	33	27	81	95	95	27	30	19	7	48	62	45	68	85	98	7	77	100	24	11	58	100	20	49	89	33	14	78	12	45	34	17	94	
77	61	57	7	13	56	99	50	8	91	29	54	5	36	31	78	39	8	9	84	80	92	46	55	75	67	7	77	24	32	99	65	3	19	53	38	73	9	47	15	30	76	26	44	98	35	89	12	30	37	18	93	86	95	43	69	85	61	6	2	
24	54	79	9	10	71	65	42	27	24	83	95	32	56	32	70	26	70	54	92	31	41	51	15	49	1	20	90	44	98	85	43	95	24	34	22	38	24	29	28	14	75	75	15	32	67	39	12	71	22	72	96	64	1	7	99	19	53	65	6	
75	74	19	72	14	48	50	64	94	38	47	53	92	11	68	61	51	67	68	2	67	78	73	34	58	96	55	74	94	72	47	41	1	42	41	78	9	63	30	27	60	39	82	51	7	22	53	59	85	34	2	84	66	68	61	48	9	56	17	86	
99	18	45	83	17	46	49	63	28	88	15	71	82	68	23	12	56	4	62	27	94	40	50	54	46	61	18	80	85	73	19	97	74	22	48	52	20	49	66	48	2	45	31	52	81	96	23	2	58	60	44	87	77	50	50	89	65	99	42	37	
89	28	41	49	14	28	91	100	78	80	44	33	89	30	41	30	77	80	63	7	51	71	22	90	35	47	36	15	5	2	4	58	94	57	61	68	69	18	22	48	59	50	64	3	91	16	93	58	98	39	83	62	93	21	64	19	9	44	36	74	
64	25	89	49	12	91	85	97	69	77	65	10	2	100	33	56	5	47	12	90	35	79	21	46	94	1	86	28	5	41	4	20	63	69	92	13	55	15	12	24	71	72	57	3	21	25	23	10	11	74	29	47	90	32	7	61	51	79	45	96	
99	61	58	31	9	74	21	54	39	4	7	56	15	4	13	44	58	46	31	60	72	26	60	82	93	19	100	18	15	96	12	7	77	21	46	26	60	83	29	40	84	95	57	47	61	20	89	79	30	75	84	85	78	34	62	13	85	88	89	81	
57	100	36	5	85	60	38	8	30	52	10	39	77	44	14	4	56	2	26	22	57	43	2	15	31	7	70	90	37	6	21	62	64	10	8	38	13	75	4	99	52	42	42	83	11	66	26	43	66	42	71	84	94	10	2	61	60	24	100	27	
63	34	8	53	50	91	100	50	83	86	75	66	42	21	45	72	82	33	66	1	77	41	16	8	99	94	26	83	9	10	77	10	73	91	54	66	41	46	28	86	23	3	8	29	76	64	82	2	22	42	37	60	30	39	70	8	34	100	49	21	
41	61	4	50	21	86	92	26	21	84	21	20	63	65	22	52	42	56	97	6	98	81	36	89	49	83	11	91	64	91	68	35	46	44	29	59	89	83	85	71	60	57	82	29	1	94	65	19	87	53	42	10	16	93	21	68	81	94	6	97	
89	57	81	65	58	71	81	85	1	5	21	94	13	56	95	86	43	75	45	94	8	17	86	44	50	47	82	30	92	99	24	34	16	74	75	99	70	28	62	36	19	33	85	100	87	13	57	65	59	15	35	57	57	91	4	34	77	2	31	53	
32	3	83	74	51	79	2	9	26	4	23	56	69	70	24	7	79	70	39	4	26	11	98	4	6	49	84	6	45	39	78	67	74	50	78	89	4	32	11	47	58	34	25	21	53	12	43	57	5	68	61	73	55	50	63	80	43	80	27	18	
38	34	61	14	42	19	86	83	56	48	5	86	81	24	74	71	37	45	44	96	97	34	84	10	96	81	48	11	47	75	12	28	75	50	16	92	15	38	21	24	59	3	89	40	1	86	53	14	62	43	25	98	78	25	51	18	99	72	39	74	
47	71	95	91	81	8	65	39	91	72	49	48	65	63	25	79	72	77	90	54	99	74	77	42	22	80	78	29	89	82	80	94	95	7	8	94	17	87	2	49	20	25	46	24	30	14	7	17	7	89	62	64	98	95	21	63	23	5	66	10	
54	63	9	77	27	32	68	95	8	23	74	61	7	12	95	14	13	36	87	20	2	93	16	46	37	21	36	75	94	84	53	95	90	89	28	81	99	69	63	77	25	10	62	99	8	18	96	87	11	2	79	2	72	98	53	2	33	58	66	9	
71	42	30	15	29	93	33	77	54	47	27	60	35	30	5	67	67	70	57	72	24	35	61	61	87	87	43	34	10	99	16	9	5	43	26	66	2	98	46	52	54	38	10	28	77	91	71	53	47	5	67	99	88	57	36	72	37	85	76	44	
56	66	48	7	38	58	83	44	50	81	85	76	49	53	35	97	28	94	57	57	33	31	88	30	7	73	5	67	63	55	79	62	99	3	61	43	96	100	92	46	77	17	65	36	40	9	38	83	64	27	85	35	26	31	35	60	88	85	59	17	
61	38	65	54	70	78	72	13	24	57	49	30	95	64	27	96	50	65	4	67	37	1	77	51	16	94	25	49	80	49	22	52	78	46	85	19	66	13	67	58	22	51	67	57	16	74	74	44	21	22	88	95	63	89	13	89	79	83	28	88	
95	13	79	79	20	30	71	17	27	95	89	68	9	89	1	83	91	93	2	8	47	19	31	80	29	50	68	50	45	39	19	3	53	11	4	55	37	54	68	43	57	26	46	16	59	9	84	69	6	82	71	4	10	37	79	67	60	37	78	44	
28	37	91	17	74	42	7	50	6	84	95	27	68	39	71	59	94	28	62	69	15	35	2	64	12	99	62	98	52	57	43	4	98	66	75	18	81	24	88	53	55	61	52	28	35	21	27	99	63	1	57	5	79	32	42	64	37	98	84	51	
69	79	56	75	41	17	51	30	36	65	10	68	64	36	51	71	43	48	70	26	94	24	5	99	93	13	4	69	31	6	27	32	43	90	4	52	33	59	75	37	37	35	97	15	100	99	49	46	44	58	21	6	75	71	84	37	23	37	22	53	
84	66	21	51	45	8	71	42	4	64	52	96	49	55	1	95	85	10	77	10	94	77	91	25	41	84	88	70	71	60	34	10	46	27	5	11	17	66	66	75	100	83	25	21	75	76	3	58	57	78	15	19	49	53	56	49	86	47	48	18	
74	23	64	14	47	80	64	20	65	30	95	90	23	69	55	97	25	67	78	70	77	79	20	61	5	95	21	96	84	57	49	96	40	62	2	23	76	26	93	46	6	52	29	10	91	53	76	8	5	27	62	13	93	32	27	57	93	67	13	29	
36	78	82	54	49	100	34	43	4	37	100	24	19	7	57	77	81	72	38	35	65	42	20	85	68	30	17	25	82	24	28	28	22	49	47	7	13	54	3	64	93	92	38	28	26	96	73	10	84	69	65	60	83	88	79	65	92	40	44	83	
40	46	86	57	81	54	96	67	83	63	50	21	21	43	1	21	49	79	28	81	82	97	95	61	79	2	59	48	35	35	14	13	11	3	68	60	71	47	54	14	48	24	78	1	53	55	100	72	13	35	35	42	41	48	42	85	11	8	76	12	
90	98	75	1	2	20	53	97	98	89	60	61	96	88	83	74	9	60	88	11	14	4	1	61	14	53	70	75	69	89	43	84	1	50	49	94	31	84	78	80	27	19	95	50	23	4	22	91	29	69	95	71	16	83	62	91	73	52	13	9	
15	50	95	72	35	55	10	72	76	69	9	33	42	79	54	58	57	72	82	84	69	63	32	80	55	92	82	62	78	63	57	62	15	90	1	68	10	48	5	14	94	7	76	97	43	53	41	93	65	83	43	69	40	1	51	3	34	42	54	91	
9	35	61	42	2	62	56	44	64	73	27	66	73	87	35	26	53	34	8	96	17	22	81	10	43	12	21	98	62	34	97	10	29	67	34	89	79	14	48	56	22	16	15	39	72	25	69	29	49	86	84	73	19	96	1	55	94	4	49	95	
51	28	59	64	91	93	91	75	92	77	29	77	28	34	17	9	89	56	90	27	24	16	40	98	12	34	34	33	97	84	59	84	13	39	85	15	35	57	28	72	79	47	80	25	46	94	61	52	54	9	6	86	27	37	28	37	75	59	72	22	
12	77	84	59	100	7	78	41	17	76	85	84	25	41	8	37	59	34	88	8	36	3	54	96	93	4	13	32	26	84	40	47	78	38	35	42	31	65	6	37	17	74	83	47	46	67	14	65	73	70	13	18	75	47	61	24	77	10	33	50	
15	44	53	21	96	4	36	23	32	65	94	10	30	50	17	29	26	88	28	42	78	87	1	52	11	8	55	85	86	58	43	23	63	100	88	66	82	50	20	57	93	54	33	86	9	8	95	31	24	61	44	18	15	49	54	51	23	43	20	13	
81	57	4	54	62	36	83	24	72	89	2	64	79	33	39	72	59	30	70	51	34	98	14	91	16	91	94	16	92	68	5	55	42	59	94	41	40	27	40	17	90	12	2	32	21	97	24	56	1	34	73	22	82	2	52	8	96	22	85	17	
3	54	85	43	37	51	64	15	29	38	22	19	11	48	92	77	57	63	61	78	14	16	81	77	37	1	36	100	25	25	97	56	10	61	33	89	86	66	15	8	60	24	86	81	65	1	53	19	57	38	53	90	61	9	12	43	67	80	69	77	
25	25	20	99	1	47	80	21	28	75	22	80	6	66	83	75	34	50	40	74	66	87	97	96	57	56	100	15	75	15	52	2	73	53	18	12	74	85	18	83	24	59	5	96	75	36	93	84	19	44	26	22	28	34	80	48	7	74	56	55	
7	69	44	83	97	14	97	62	23	78	71	35	86	1	32	46	75	93	57	78	11	78	89	47	59	90	58	46	67	51	33	58	5	35	33	80	44	56	47	76	49	84	88	85	14	98	12	59	86	89	78	40	84	17	59	62	43	60	11	6	
45	86	66	79	86	24	3	1	52	30	31	52	88	51	80	58	60	49	68	91	59	1	20	2	100	68	72	77	99	71	80	29	4	16	31	80	34	77	67	34	7	96	94	53	80	88	88	60	63	63	100	35	79	61	43	44	41	12	74	37	
56	76	36	93	94	20	53	16	69	54	64	87	18	92	23	71	1	23	78	80	49	56	21	45	71	60	100	99	73	4	31	55	39	14	11	63	81	83	30	43	82	74	95	80	45	23	50	34	30	43	80	55	96	15	86	79	24	47	6	9	
84	5	11	5	45	54	98	84	22	33	77	49	34	45	23	17	4	40	55	66	17	61	18	39	69	73	63	23	69	57	5	71	16	87	64	29	9	20	52	50	25	69	15	22	58	4	72	19	26	33	59	59	12	12	42	2	51	33	1	31	
5	55	2	29	95	25	88	66	2	91	21	7	50	99	50	47	83	7	94	84	1	30	97	69	72	89	2	27	84	72	87	54	99	61	96	76	3	36	87	23	95	71	50	78	80	72	57	74	48	69	70	98	67	4	46	53	20	7	37	13	
22	77	25	44	56	82	15	18	38	11	11	6	33	58	46	70	48	76	64	24	28	95	75	27	53	67	64	97	86	43	20	46	11	73	96	16	52	54	16	81	21	51	58	18	28	1	73	9	42	74	8	78	30	81	77	53	71	70	85	22	
100	93	78	21	81	28	58	56	99	71	82	3	23	60	35	63	64	47	96	2	2	71	100	50	67	81	45	38	52	6	57	13	31	12	39	54	48	13	82	75	8	10	25	74	42	17	27	41	60	61	69	1	88	43	68	21	55	6	2	64	
86	42	70	56	15	13	92	73	18	45	81	89	33	14	86	65	52	78	97	88	37	2	47	78	15	9	17	8	14	90	36	58	75	19	94	1	28	99	15	90	77	11	17	10	92	44	100	28	54	36	21	36	56	84	7	53	81	93	94	86	
100	58	63	100	48	52	9	63	45	31	23	33	7	40	61	83	78	23	63	31	68	59	19	17	11	48	23	26	40	28	59	98	36	61	28	13	81	62	41	57	48	92	85	10	66	3	93	18	15	61	100	25	98	58	88	64	66	21	66	49	
65	90	85	26	51	36	2	75	41	13	60	65	19	59	35	81	38	9	10	24	3	26	97	12	36	14	39	39	59	91	32	23	48	90	55	41	45	50	86	9	46	8	49	98	11	63	68	87	61	78	15	78	5	12	69	7	61	50	24	3	
92	4	14	94	100	17	29	19	50	88	7	92	66	55	33	36	80	61	72	50	22	65	29	18	58	100	89	75	2	67	44	53	7	25	31	27	23	66	47	100	6	29	89	74	94	44	51	23	54	33	100	43	96	2	42	85	70	32	31	26	
47	1	42	47	82	17	100	3	99	6	26	24	20	78	84	96	74	60	87	35	60	82	31	87	12	66	64	52	81	4	58	93	64	63	6	47	98	26	63	84	69	80	97	95	2	59	37	46	38	42	65	80	99	5	37	84	86	33	79	22	
39	8	98	52	13	74	37	75	70	60	90	80	57	73	65	17	66	55	55	24	33	92	62	66	71	53	55	88	18	26	81	98	24	19	40	32	1	93	14	57	20	16	17	85	6	41	49	26	61	75	74	51	1	58	25	1	16	35	48	65	
95	38	48	50	55	41	31	7	61	88	57	48	38	18	34	9	50	51	13	90	43	50	59	57	28	61	19	22	42	50	40	1	95	73	63	13	21	67	83	3	77	69	71	36	17	41	67	43	71	40	65	10	67	69	33	96	59	65	82	35	
92	59	20	95	8	6	91	51	78	17	37	26	17	14	31	8	21	90	31	27	74	55	90	52	27	43	84	30	58	69	32	41	84	74	99	27	51	85	7	31	90	30	92	2	73	47	65	86	82	56	7	49	83	49	87	82	17	13	61	41	
40	50	1	13	100	66	89	93	56	3	31	19	52	39	44	65	84	33	5	53	35	92	98	48	42	17	32	30	38	3	39	24	75	59	95	49	61	100	26	9	10	24	95	78	2	99	18	73	84	40	68	61	54	38	8	14	46	28	78	26	
57	64	22	58	85	53	100	51	91	27	43	67	87	87	8	37	6	91	29	61	51	47	9	58	13	93	33	46	13	22	24	64	16	41	43	5	79	63	48	17	85	92	67	47	13	69	25	90	73	86	93	81	90	6	1	97	25	45	30	65	
45	50	14	74	22	29	97	8	21	62	13	81	5	94	87	73	1	57	47	98	47	77	51	33	89	75	90	20	6	75	18	69	99	1	37	15	86	89	36	91	90	62	17	38	85	62	18	21	83	80	81	21	39	84	5	1	23	88	3	44	
71	19	14	11	50	6	24	78	57	64	80	30	56	50	91	52	94	75	72	15	46	38	51	52	3	82	54	85	53	85	9	82	78	72	88	87	28	2	55	57	19	95	74	81	73	18	80	51	40	74	21	96	28	70	25	45	21	72	87	65	
96	79	26	76	17	19	82	46	15	36	50	7	27	9	57	84	50	72	35	95	30	23	2	18	55	28	80	25	18	9	62	5	50	93	81	71	81	67	92	50	13	93	14	84	71	91	30	92	15	81	92	12	46	41	42	19	72	34	39	81	
86	42	26	17	71	88	78	76	70	85	44	81	76	64	22	76	13	53	87	43	80	32	59	26	34	41	65	53	11	17	38	100	53	42	87	97	33	36	34	66	15	29	28	29	12	54	67	4	50	26	90	22	48	79	29	29	15	58	24	22	
56	16	90	69	18	6	54	54	31	76	44	48	22	78	60	8	51	67	83	54	14	3	55	65	5	54	1	77	9	85	98	76	79	41	17	6	19	17	90	14	76	29	48	28	29	5	14	41	7	86	85	43	77	31	97	89	57	26	20	58	
44	37	95	17	35	44	58	30	22	56	23	87	69	18	30	45	81	5	32	71	46	100	94	23	11	83	56	92	33	43	8	29	11	91	19	28	5	86	58	57	40	55	78	95	98	76	87	35	58	30	81	88	90	4	84	11	91	86	4	92	
77	20	4	8	43	43	35	5	85	98	75	2	49	5	70	44	2	75	58	2	8	58	22	63	80	3	66	53	66	97	37	84	56	54	49	48	8	16	35	96	59	22	48	47	96	55	79	24	7	94	96	14	50	55	46	88	7	40	68	99	
84	92	84	47	92	8	73	34	10	55	5	97	62	71	58	39	99	12	46	5	91	21	32	39	74	13	37	63	53	68	27	27	97	38	97	11	87	59	75	17	57	95	63	20	88	3	96	59	12	5	70	42	55	17	6	9	6	13	8	76	
