Factories	2
Families	20
Machines	4
SetupType	2

Number of Jobs in each Family
9	3	10	5	8	4	8	2	6	1	2	5	5	3	2	4	2	3	10	8	

Jobs in each Family
0	1	2	3	4	5	6	7	8	
9	10	11	
12	13	14	15	16	17	18	19	20	21	
22	23	24	25	26	
27	28	29	30	31	32	33	34	
35	36	37	38	
39	40	41	42	43	44	45	46	
47	48	
49	50	51	52	53	54	
55	
56	57	
58	59	60	61	62	
63	64	65	66	67	
68	69	70	
71	72	
73	74	75	76	
77	78	
79	80	81	
82	83	84	85	86	87	88	89	90	91	
92	93	94	95	96	97	98	99	

Total number of jobs
100

Processing times of jobs
2	7	9	3	
6	5	1	10	
1	5	7	6	
5	6	3	8	
10	7	10	6	
9	5	9	1	
4	2	4	5	
5	10	1	8	
1	9	1	2	
3	4	2	9	
1	8	4	8	
6	3	7	6	
9	8	1	2	
9	3	6	4	
2	1	6	5	
9	9	5	8	
5	8	9	1	
3	8	10	4	
9	10	10	4	
4	4	10	10	
2	10	10	4	
2	6	3	1	
5	6	4	5	
6	10	4	9	
5	8	3	9	
6	9	4	8	
1	5	3	8	
6	5	1	9	
9	4	9	7	
7	4	2	3	
3	7	2	4	
2	9	7	4	
10	4	3	3	
1	6	8	10	
8	5	7	3	
9	4	2	7	
5	8	4	10	
1	6	5	4	
4	1	2	5	
8	8	8	6	
4	10	7	5	
3	1	1	5	
7	9	6	8	
5	9	5	9	
1	5	8	10	
7	6	3	7	
3	8	10	6	
7	5	3	3	
1	3	4	10	
6	10	10	6	
4	7	5	6	
9	7	2	6	
9	7	1	2	
2	10	2	1	
1	2	2	2	
9	9	1	4	
7	2	1	3	
10	7	6	9	
2	2	1	8	
8	10	2	3	
7	4	5	2	
8	8	4	3	
1	5	8	3	
5	6	6	2	
8	9	5	1	
8	1	3	6	
6	3	10	1	
3	2	10	9	
10	2	7	5	
1	3	10	10	
7	5	9	6	
8	10	6	8	
4	6	6	9	
1	8	3	6	
2	1	10	6	
4	7	6	6	
5	9	4	9	
4	1	5	1	
9	6	2	5	
8	1	10	10	
9	5	6	4	
1	1	10	5	
1	5	5	9	
9	9	6	1	
1	7	2	3	
10	1	7	9	
8	8	4	5	
8	5	3	10	
9	4	8	9	
5	10	1	10	
4	5	2	5	
6	8	10	6	
9	2	1	3	
1	6	4	9	
9	3	9	9	
7	6	7	4	
10	6	9	9	
8	2	7	10	
7	4	1	10	
3	8	1	5	

Stepup times between Families, where [f][f] represents initial setup time
On machine	1
25	4	5	32	20	24	23	4	49	19	34	29	47	4	46	38	25	2	34	43	
44	17	43	32	1	9	28	49	30	26	15	27	7	40	24	7	18	1	32	30	
34	23	21	26	37	24	23	21	9	50	7	5	4	47	7	15	43	50	20	8	
38	19	44	6	46	18	3	18	25	9	1	2	23	25	20	22	44	18	36	47	
47	43	24	24	15	14	42	46	21	16	8	47	22	23	35	28	5	35	3	32	
40	30	42	47	45	26	2	26	26	18	3	39	41	45	1	1	5	24	26	8	
7	23	48	16	39	23	49	35	10	42	24	45	38	26	44	30	42	13	19	48	
37	17	26	29	23	38	36	41	31	14	3	5	46	41	10	40	39	25	2	44	
50	47	2	42	41	29	28	26	33	3	13	43	28	32	12	5	38	18	3	7	
12	20	40	44	47	36	3	35	36	47	40	49	6	34	9	31	14	12	38	16	
14	9	12	20	40	36	4	12	5	46	22	39	10	44	23	32	47	24	7	21	
5	9	50	49	4	12	20	29	34	5	34	41	11	33	43	46	48	40	50	37	
25	16	37	10	2	21	40	6	11	18	2	48	47	44	24	50	33	40	30	7	
7	14	50	27	31	20	25	32	49	20	14	24	41	35	48	26	4	1	49	3	
13	32	8	31	29	34	2	33	10	44	5	30	49	33	3	47	20	34	44	26	
5	32	16	23	9	49	1	10	1	15	45	12	7	29	44	37	39	30	48	3	
11	33	11	21	41	50	15	26	20	34	40	49	6	17	27	11	11	47	18	48	
32	30	9	46	46	36	3	47	33	45	41	39	28	13	4	22	36	5	10	49	
21	18	21	33	21	29	41	18	28	33	3	45	19	8	27	29	3	13	45	22	
11	41	4	8	44	40	7	20	21	18	17	25	4	27	34	49	27	23	18	17	
On machine	2
15	33	17	32	27	44	19	38	18	20	2	42	45	49	39	5	38	2	32	41	
40	44	47	19	50	3	28	41	48	38	41	5	40	47	19	48	50	16	43	9	
26	49	24	17	43	30	40	14	17	19	41	36	20	19	38	38	45	39	6	12	
37	23	44	3	34	33	29	22	25	37	8	20	36	6	46	42	21	27	49	40	
33	12	3	47	28	26	8	13	23	21	3	37	23	47	48	24	1	6	13	24	
37	47	45	20	6	48	28	7	21	31	49	1	33	31	4	35	10	18	16	31	
32	24	14	50	50	12	28	33	16	18	8	29	28	5	22	36	2	29	44	39	
17	20	23	35	24	43	15	27	27	43	36	4	27	36	16	26	18	15	29	9	
20	20	8	23	5	36	41	47	39	21	25	9	27	31	9	37	26	32	49	15	
29	33	16	33	26	10	40	43	10	38	31	34	43	44	39	14	19	11	10	28	
6	41	36	24	27	4	47	30	4	47	1	22	35	18	6	11	9	14	5	26	
18	10	32	15	2	37	17	15	32	3	2	7	6	27	49	39	25	45	15	39	
50	16	35	6	17	12	7	23	19	2	47	5	14	47	38	1	14	15	7	19	
35	50	17	22	2	46	32	41	40	8	42	49	19	7	39	4	34	10	10	10	
5	20	24	29	44	42	21	11	20	22	48	19	13	21	17	35	2	31	14	47	
17	27	30	38	26	45	17	40	31	24	39	1	1	22	11	45	5	6	27	28	
10	3	14	38	26	2	23	29	26	30	23	29	30	6	11	19	13	23	45	47	
4	28	42	3	13	37	26	4	34	49	32	19	14	36	15	4	3	9	7	15	
39	8	23	18	17	11	12	33	2	5	3	48	24	48	15	12	32	13	15	29	
47	28	3	11	29	12	29	17	44	10	42	24	2	11	18	49	42	10	7	27	
On machine	3
28	48	35	24	10	44	27	31	20	29	49	38	6	1	43	5	26	25	41	21	
50	3	10	15	50	4	25	1	28	34	25	40	19	10	46	46	21	20	34	37	
21	13	2	36	17	42	24	12	21	16	21	15	8	20	5	18	49	27	39	25	
13	13	32	49	45	49	21	25	31	50	26	31	41	12	15	3	48	24	38	28	
43	5	39	42	10	9	48	37	45	46	36	30	45	46	46	41	42	1	38	30	
42	6	48	6	45	48	18	27	45	33	14	42	49	16	40	27	1	30	25	3	
8	47	14	15	1	26	40	9	5	24	3	7	49	40	13	43	44	33	27	19	
48	7	50	3	41	37	35	15	27	45	27	50	4	28	7	6	20	49	38	2	
43	4	33	35	27	39	39	33	26	7	43	16	41	46	32	30	30	20	6	48	
9	33	14	5	47	7	16	30	16	41	33	30	38	9	44	41	44	35	14	5	
27	11	6	9	40	20	11	2	9	18	39	12	30	18	2	19	24	28	3	43	
18	45	27	24	38	43	24	6	47	33	45	48	43	47	24	15	37	30	15	36	
44	49	5	18	34	26	4	49	22	10	40	9	30	2	16	39	37	7	10	19	
13	46	40	40	45	6	22	42	32	22	20	27	36	44	28	18	26	13	10	30	
2	41	24	11	39	36	41	4	18	13	14	9	44	40	31	16	3	43	4	38	
7	29	39	41	41	23	22	1	9	37	25	31	38	9	23	12	36	2	8	40	
13	30	30	13	21	47	16	3	45	6	48	40	23	49	40	1	14	31	15	18	
43	18	41	17	49	12	22	26	31	40	43	42	48	5	27	9	5	44	48	16	
30	15	29	12	17	11	10	22	2	32	42	24	21	28	6	42	49	38	26	47	
41	2	27	43	44	50	37	30	32	11	34	48	45	4	2	41	20	11	23	25	
On machine	4
15	22	40	32	8	20	1	49	47	35	12	4	13	42	10	37	31	45	35	3	
35	25	32	30	36	7	29	36	10	7	5	23	8	30	49	13	20	28	44	9	
44	19	40	39	20	12	12	21	6	49	45	9	9	14	38	49	12	37	40	14	
7	28	1	3	45	32	31	28	30	6	9	27	40	20	26	13	32	44	4	37	
4	8	13	23	24	19	50	3	27	7	19	36	14	30	11	40	7	21	16	29	
40	34	22	40	26	37	6	30	47	41	29	33	27	45	2	24	32	48	3	11	
30	15	50	18	24	38	5	38	13	7	33	9	35	12	24	19	24	30	34	2	
6	33	3	10	36	36	32	17	28	7	19	34	30	24	23	45	9	42	36	18	
50	29	40	33	36	6	32	13	1	44	50	47	12	33	36	1	20	22	23	47	
1	36	22	39	49	8	16	36	6	49	33	32	42	27	23	10	33	44	14	42	
48	42	34	5	15	24	34	37	14	41	48	17	2	6	41	3	4	13	7	24	
24	11	22	1	15	41	42	3	23	24	40	37	23	12	46	45	8	16	33	49	
44	31	37	3	11	37	37	5	22	13	46	39	23	50	35	7	5	39	27	33	
50	39	36	48	7	32	24	22	28	21	9	35	20	12	2	4	18	32	48	6	
39	32	33	1	20	50	42	3	4	11	9	47	37	17	43	20	13	9	21	35	
41	31	24	4	11	5	44	13	11	10	42	15	12	44	25	36	30	47	29	16	
6	40	5	14	15	15	10	37	13	14	8	38	42	40	25	3	28	10	16	27	
50	3	10	23	14	38	45	24	25	40	19	34	46	28	6	11	12	46	5	41	
10	21	30	26	20	23	11	20	14	12	24	19	13	45	12	24	39	18	41	42	
46	13	43	30	5	8	2	6	35	46	12	12	30	15	17	34	25	36	39	39	
