Factories	2
Families	40
Machines	4
SetupType	3

Number of Jobs in each Family
2	6	6	1	6	5	4	1	2	10	9	8	2	1	10	10	3	4	3	10	1	4	6	3	7	7	1	2	9	1	8	9	9	6	10	4	8	7	5	9	

Jobs in each Family
0	1	
2	3	4	5	6	7	
8	9	10	11	12	13	
14	
15	16	17	18	19	20	
21	22	23	24	25	
26	27	28	29	
30	
31	32	
33	34	35	36	37	38	39	40	41	42	
43	44	45	46	47	48	49	50	51	
52	53	54	55	56	57	58	59	
60	61	
62	
63	64	65	66	67	68	69	70	71	72	
73	74	75	76	77	78	79	80	81	82	
83	84	85	
86	87	88	89	
90	91	92	
93	94	95	96	97	98	99	100	101	102	
103	
104	105	106	107	
108	109	110	111	112	113	
114	115	116	
117	118	119	120	121	122	123	
124	125	126	127	128	129	130	
131	
132	133	
134	135	136	137	138	139	140	141	142	
143	
144	145	146	147	148	149	150	151	
152	153	154	155	156	157	158	159	160	
161	162	163	164	165	166	167	168	169	
170	171	172	173	174	175	
176	177	178	179	180	181	182	183	184	185	
186	187	188	189	
190	191	192	193	194	195	196	197	
198	199	200	201	202	203	204	
205	206	207	208	209	
210	211	212	213	214	215	216	217	218	

Total number of jobs
219

Processing times of jobs
3	5	3	4	
2	10	7	10	
7	9	2	5	
5	1	9	2	
3	5	5	1	
10	9	10	8	
7	9	3	2	
5	9	10	9	
9	7	8	6	
2	4	7	5	
6	4	3	2	
10	6	3	5	
6	8	8	10	
10	7	7	4	
10	6	1	3	
3	10	4	5	
5	9	8	5	
4	9	5	8	
10	3	9	1	
10	6	3	6	
3	7	6	7	
1	4	5	1	
8	10	2	9	
8	1	10	4	
5	4	10	9	
3	4	4	8	
2	4	3	6	
9	6	8	2	
6	8	5	2	
5	1	9	10	
6	9	1	4	
5	10	8	10	
1	1	1	2	
2	1	8	7	
2	10	5	9	
9	4	9	1	
6	6	5	1	
4	2	2	2	
6	6	7	10	
3	2	8	10	
6	1	3	5	
6	9	10	1	
8	8	4	6	
6	10	4	6	
3	7	10	4	
9	4	6	8	
10	5	2	3	
8	4	8	3	
7	6	10	8	
9	5	1	5	
10	7	7	4	
5	1	10	2	
7	5	5	1	
3	5	10	3	
1	7	2	3	
8	1	9	9	
9	3	2	10	
8	9	5	4	
1	4	6	1	
1	7	6	1	
5	1	7	7	
9	6	9	1	
4	6	5	7	
8	10	5	2	
4	8	2	7	
5	2	3	2	
2	3	4	5	
6	3	8	3	
1	10	9	4	
1	3	9	3	
3	1	1	7	
2	8	6	10	
10	10	8	4	
8	6	2	2	
5	2	9	9	
2	2	2	2	
3	10	3	8	
7	8	1	1	
2	1	2	5	
2	4	8	3	
1	3	4	3	
2	2	8	2	
8	4	2	7	
10	1	5	4	
2	6	6	5	
7	1	4	1	
5	7	6	3	
3	6	10	7	
3	4	9	8	
5	8	5	2	
8	3	2	2	
10	3	2	6	
7	10	10	5	
1	5	8	3	
7	4	1	9	
7	5	4	2	
4	4	2	5	
3	9	6	8	
9	8	7	1	
4	9	7	2	
7	9	5	8	
6	10	7	9	
4	2	1	7	
9	1	10	1	
8	9	7	6	
10	4	8	6	
9	6	6	2	
5	2	7	3	
4	3	7	6	
4	10	4	3	
10	6	10	7	
5	4	10	4	
3	8	3	2	
7	10	2	6	
1	5	9	2	
3	3	3	1	
6	5	5	1	
1	1	2	5	
2	9	2	10	
7	7	7	7	
7	3	6	10	
9	10	8	6	
3	1	9	5	
3	2	10	9	
1	4	9	2	
3	4	10	9	
6	8	1	7	
4	3	10	6	
5	3	3	2	
4	10	5	9	
7	7	5	10	
7	6	10	9	
7	10	1	9	
3	8	2	10	
7	4	8	10	
8	2	8	7	
8	10	3	9	
2	1	8	5	
4	1	4	5	
9	5	5	1	
3	1	10	7	
8	4	6	2	
5	8	2	4	
8	2	3	10	
3	1	10	9	
9	5	9	9	
10	6	10	1	
10	3	6	6	
5	6	5	9	
8	3	4	2	
4	5	10	7	
8	8	3	5	
6	3	9	10	
6	6	3	8	
3	1	7	9	
6	10	8	8	
3	3	6	3	
3	3	2	3	
3	2	2	5	
6	2	5	5	
9	1	9	6	
10	1	4	10	
8	8	5	4	
3	8	8	4	
5	5	2	5	
3	6	4	3	
10	2	4	8	
7	3	10	2	
9	2	2	1	
3	3	7	3	
4	5	4	9	
10	2	6	9	
10	9	6	6	
5	7	4	6	
10	9	3	9	
9	8	10	3	
7	2	1	10	
3	5	7	8	
9	10	6	4	
7	3	6	3	
10	8	10	4	
7	4	2	3	
7	4	8	6	
10	10	8	5	
2	2	3	7	
10	10	6	6	
5	9	8	4	
6	8	4	3	
1	5	1	4	
5	6	4	3	
5	2	4	6	
10	6	9	4	
4	2	8	3	
6	2	6	3	
3	1	9	3	
4	5	4	6	
5	1	9	10	
8	4	9	10	
3	8	5	4	
10	9	7	10	
1	9	9	7	
8	7	2	2	
1	8	4	6	
5	5	4	1	
4	1	9	7	
1	3	2	5	
3	9	9	8	
5	8	5	9	
7	3	8	1	
9	8	5	3	
1	9	3	5	
8	7	4	3	
7	10	8	3	
10	2	8	6	
3	6	10	6	
1	9	6	7	
10	1	10	6	
3	1	4	10	
1	8	6	5	

Stepup times between Families, where [f][f] represents initial setup time
On machine	1
27	40	82	60	55	34	62	24	37	74	41	27	12	14	8	78	68	69	84	57	14	2	60	29	96	99	74	7	50	89	36	29	18	71	88	71	69	84	70	12	
95	97	73	38	62	75	81	96	94	40	92	47	99	88	6	23	13	23	61	2	79	73	72	81	20	89	87	90	63	23	12	81	10	72	9	47	73	78	3	64	
90	88	17	9	47	10	31	29	68	52	47	31	42	49	93	12	61	75	72	65	45	94	89	100	78	33	16	38	54	63	80	28	85	14	95	50	92	28	37	33	
11	59	33	86	23	59	58	30	4	29	62	31	2	14	8	27	3	32	91	44	28	12	62	95	79	53	26	97	53	47	43	10	95	12	46	8	90	87	75	44	
83	10	5	71	84	38	90	59	88	12	92	47	9	78	44	9	4	91	75	23	65	79	70	8	44	66	11	19	30	58	92	60	100	35	41	82	53	99	1	61	
42	10	42	12	63	24	99	74	100	40	29	49	89	39	28	71	49	33	42	92	21	72	6	19	28	43	11	9	94	100	51	55	9	17	86	52	76	84	42	98	
38	1	41	47	1	20	96	7	8	19	21	16	57	100	56	94	75	67	10	52	11	54	64	71	69	50	70	61	50	2	5	85	100	70	53	37	65	89	71	92	
51	85	88	25	87	91	26	88	21	94	35	51	95	49	70	63	6	49	97	85	45	63	92	71	96	62	11	55	32	51	24	34	47	18	9	73	11	64	81	36	
81	37	36	71	24	8	51	25	7	77	99	50	39	91	92	92	43	17	15	22	39	86	39	73	4	91	18	95	84	80	59	76	41	100	35	18	60	36	27	12	
98	23	72	34	31	17	32	52	96	69	95	100	11	17	44	82	94	7	6	38	15	10	15	7	55	74	72	18	88	36	100	12	1	66	5	92	36	45	88	84	
13	72	77	75	90	36	48	63	28	88	58	40	65	27	78	65	48	43	89	45	76	61	16	44	81	74	82	100	59	25	13	86	16	38	81	45	4	80	34	21	
24	82	21	44	80	51	58	13	48	84	84	89	84	31	98	98	6	9	45	78	92	75	38	92	70	72	53	24	7	93	66	93	96	63	39	50	92	69	6	85	
18	61	57	20	83	77	51	89	75	53	4	34	42	55	71	96	43	33	39	75	65	58	85	45	1	24	17	70	59	14	91	77	60	98	26	28	6	67	85	5	
97	14	94	51	43	34	1	100	67	75	43	10	68	64	78	79	94	87	85	32	83	57	52	83	12	73	13	48	70	50	95	59	81	57	76	4	9	87	59	94	
50	71	27	88	26	79	73	93	37	28	6	80	94	11	45	100	79	25	97	32	73	74	82	69	69	6	8	74	77	99	89	8	99	87	57	55	99	38	15	53	
60	15	33	74	70	63	2	20	73	48	87	48	39	66	28	80	77	40	45	30	3	58	80	37	60	15	84	34	37	89	91	22	29	6	84	90	76	38	36	39	
73	26	18	80	10	59	92	40	59	96	64	88	31	27	31	37	47	66	61	69	43	85	97	96	14	52	2	16	99	71	66	46	29	4	86	92	48	92	78	30	
1	33	43	12	21	47	18	67	13	13	30	48	36	54	45	39	55	23	27	29	45	39	28	99	27	46	87	32	66	14	3	92	29	72	85	19	56	93	34	17	
9	84	2	43	57	63	56	75	94	84	28	15	72	22	67	87	24	43	38	32	68	81	94	4	69	20	54	71	5	54	77	10	97	30	74	11	70	21	29	100	
77	22	100	12	25	43	38	35	44	44	58	36	6	52	55	40	85	78	11	46	56	54	62	2	67	63	44	86	87	75	77	70	22	49	99	74	36	67	9	94	
83	53	20	72	88	32	71	78	79	69	43	6	17	28	10	78	52	49	3	89	75	18	19	45	43	67	46	71	57	61	29	51	8	65	98	53	73	64	1	24	
54	6	34	29	84	16	59	24	52	77	35	21	55	78	59	81	33	70	20	85	59	74	53	60	53	100	90	1	11	65	21	16	49	29	61	38	4	67	52	93	
3	66	89	100	36	94	73	66	47	38	61	18	32	90	17	4	88	35	60	62	68	58	80	61	41	65	63	76	11	5	17	33	44	17	72	24	76	10	86	57	
15	48	42	53	54	99	2	99	58	38	26	22	29	12	41	95	78	67	40	33	91	57	23	65	21	29	88	75	19	79	33	4	35	64	58	86	22	72	66	29	
70	100	10	91	33	30	12	54	8	46	20	48	21	60	49	99	76	88	2	19	3	93	26	29	40	41	69	33	88	79	48	42	42	2	88	56	10	25	77	74	
50	67	28	77	24	94	23	53	62	70	73	66	10	87	90	14	2	23	63	22	19	69	93	50	88	19	34	20	2	21	69	23	62	58	15	56	18	42	82	5	
95	12	89	46	50	66	96	45	61	84	57	65	9	65	63	1	66	12	18	5	78	41	27	1	66	30	94	73	65	28	41	1	66	6	99	38	77	14	56	36	
29	13	58	90	64	28	61	71	30	68	67	78	22	90	72	4	27	91	72	60	54	21	60	52	65	99	13	66	39	86	63	5	17	33	7	5	17	29	71	72	
8	68	42	91	38	43	2	100	40	70	85	37	25	25	12	65	22	32	6	74	2	42	20	63	10	14	3	70	80	77	86	80	62	12	62	44	53	49	59	18	
11	55	97	37	2	23	12	54	2	36	7	86	17	55	43	90	60	24	74	25	92	56	13	4	27	91	39	85	45	31	99	52	74	57	1	6	65	68	88	58	
5	64	14	74	87	1	92	65	91	52	76	95	75	93	1	82	38	58	17	78	12	54	53	31	7	77	16	77	13	55	12	17	35	64	50	62	73	63	72	66	
63	46	94	50	3	84	44	24	68	16	33	39	71	57	65	16	84	7	58	31	63	21	37	3	35	35	31	54	51	70	98	68	3	77	39	12	37	70	84	100	
25	34	18	28	94	85	23	65	22	30	36	62	23	9	58	88	46	37	38	71	85	17	99	48	44	38	87	15	29	99	73	48	57	95	69	58	4	90	27	4	
36	18	89	48	81	68	48	76	52	23	46	47	26	13	46	12	22	48	39	17	11	90	37	70	75	16	36	55	79	99	90	56	16	4	49	15	85	58	26	35	
1	65	56	3	11	6	91	1	9	84	58	80	71	4	54	36	36	64	37	28	49	13	68	44	48	76	45	73	30	42	88	70	81	62	30	4	65	47	62	87	
81	13	36	58	84	45	7	81	93	68	52	38	99	7	27	22	61	45	96	81	69	93	42	11	80	35	62	32	62	32	32	74	13	24	25	82	43	88	29	5	
36	76	51	55	29	62	49	13	19	48	22	11	38	58	9	59	93	100	40	89	34	30	88	67	55	1	42	68	64	81	27	72	93	31	36	73	99	2	89	69	
86	76	68	86	29	22	20	15	81	56	42	85	63	53	90	100	25	47	95	12	79	17	21	82	30	98	3	27	48	22	84	74	65	82	72	44	18	48	15	5	
44	67	46	86	51	48	15	75	76	58	54	26	76	60	75	31	81	100	6	4	42	58	13	12	30	73	5	40	1	69	19	63	18	82	23	3	56	40	14	26	
32	56	85	6	94	13	2	15	16	18	67	10	95	91	68	35	87	46	60	10	29	29	59	15	75	45	6	64	52	29	19	19	88	14	83	64	58	25	21	62	
On machine	2
41	20	97	28	44	37	85	91	17	93	31	39	71	75	15	91	22	55	22	77	67	50	39	85	74	71	100	56	52	47	65	32	32	69	73	94	8	23	81	61	
68	25	69	93	83	32	76	82	40	1	59	1	19	19	61	88	88	81	57	94	4	40	76	53	7	17	62	24	65	82	79	23	91	47	22	89	9	63	72	16	
9	62	34	79	75	21	49	23	35	96	61	34	70	72	13	82	44	5	28	50	9	85	19	26	8	18	99	27	8	41	18	49	81	79	25	100	22	16	79	56	
55	89	89	17	53	50	41	77	65	1	31	20	21	17	82	79	9	91	3	20	34	9	67	4	76	80	6	37	69	7	76	10	55	88	71	97	47	90	6	28	
60	28	60	30	69	30	63	60	23	41	98	98	17	20	21	39	53	48	13	10	76	35	35	13	17	16	5	12	62	82	63	21	86	67	94	29	9	87	66	11	
46	1	13	7	82	1	59	42	38	27	5	91	59	15	5	57	87	50	83	48	31	55	48	14	38	57	77	7	13	57	76	6	45	95	35	41	37	53	38	99	
29	86	42	64	17	4	5	34	86	93	87	43	37	48	73	57	86	59	50	77	8	51	52	55	94	70	12	78	41	16	60	95	59	81	76	66	71	34	3	33	
2	70	99	79	54	71	63	72	60	61	76	100	76	17	2	61	95	30	89	8	12	73	71	50	64	59	20	11	30	40	11	76	27	64	95	58	4	76	22	74	
1	38	84	14	15	17	11	63	93	73	73	41	80	45	31	48	19	61	17	69	84	34	54	16	88	84	77	95	100	24	60	15	49	90	96	45	14	81	6	67	
36	80	28	100	70	27	75	38	65	83	35	86	13	69	99	10	50	62	75	22	70	78	39	43	16	79	98	99	44	13	63	8	4	66	19	25	86	92	83	34	
51	43	7	60	19	5	58	8	50	49	16	19	66	84	94	6	18	50	33	98	99	30	34	54	52	28	69	4	24	83	15	86	91	88	60	70	20	41	24	96	
54	61	89	81	92	83	74	52	2	78	10	13	25	16	48	5	34	93	94	73	95	85	76	72	69	84	46	79	90	86	100	56	38	68	73	23	3	70	38	25	
57	92	96	95	87	66	48	97	76	75	42	52	1	22	81	38	43	24	49	97	51	88	98	6	48	96	48	2	76	2	58	5	75	79	55	82	37	16	87	95	
7	46	54	77	60	29	22	95	71	55	46	51	51	34	79	93	94	29	50	95	7	54	82	68	80	17	44	57	15	76	96	93	59	4	33	64	45	10	71	86	
15	86	76	49	56	20	78	96	61	76	80	62	80	32	39	58	72	42	50	20	12	60	51	92	99	34	8	81	15	82	13	53	5	12	40	83	17	83	79	65	
69	36	33	43	31	20	100	16	46	12	21	87	6	92	72	52	1	15	5	77	52	65	75	39	10	90	97	93	5	3	7	43	42	98	65	95	79	79	49	16	
44	44	65	22	95	37	60	2	35	80	78	46	18	87	30	16	33	63	39	35	77	27	100	74	4	10	61	56	70	41	83	64	100	12	19	73	64	98	58	68	
50	92	43	5	67	82	61	56	52	68	50	46	13	16	77	34	50	75	32	47	30	77	5	66	59	80	50	69	85	24	54	44	90	29	74	83	69	65	32	31	
41	65	43	80	9	1	95	67	50	22	86	73	40	36	35	60	32	36	50	20	13	99	81	21	7	67	45	55	48	14	47	13	81	37	57	6	16	23	96	45	
34	2	92	85	72	69	70	48	37	27	40	19	26	82	86	54	88	3	88	16	86	58	95	2	56	57	97	77	3	29	95	8	11	60	13	82	9	41	49	100	
24	53	39	79	22	10	57	1	22	25	29	8	46	92	71	35	86	24	25	91	31	73	56	65	20	27	73	18	28	83	92	83	14	43	56	22	50	54	94	85	
37	12	58	90	43	24	16	78	94	27	99	33	6	16	52	82	75	28	61	92	58	8	96	97	99	49	29	90	82	31	46	58	29	33	58	1	50	32	84	32	
74	13	74	100	92	28	34	100	90	11	56	16	9	32	3	42	7	10	28	37	38	65	68	40	98	15	10	31	91	69	37	94	20	51	31	75	39	17	98	20	
14	15	34	21	17	10	100	14	2	59	80	37	29	51	29	83	12	7	85	51	74	66	55	62	33	69	13	49	17	34	53	76	3	1	99	89	36	42	52	13	
19	51	10	45	85	25	44	71	10	53	19	17	98	21	88	66	49	50	56	40	48	4	86	2	81	56	52	79	4	66	69	99	27	35	37	61	20	100	37	20	
1	16	40	29	12	42	70	68	71	39	29	39	74	59	25	65	7	25	84	4	51	60	38	68	34	46	5	72	71	60	44	14	97	84	41	7	20	82	45	30	
77	99	23	90	23	33	15	28	47	75	52	54	19	12	91	80	52	13	23	12	93	32	14	33	82	6	73	52	42	29	99	43	9	55	94	85	13	45	7	57	
99	31	39	74	77	47	41	27	57	88	61	32	28	81	6	89	3	86	53	78	58	14	34	35	52	86	58	32	11	77	1	15	100	8	89	52	8	100	75	38	
68	46	18	96	2	14	25	31	54	15	51	86	28	74	61	62	22	65	64	87	4	58	74	94	22	79	74	96	54	80	94	99	71	88	83	88	100	12	17	33	
53	14	9	24	99	88	69	16	7	51	47	90	33	23	80	58	77	76	31	95	73	3	76	36	88	69	46	69	54	31	80	9	33	90	91	21	76	77	93	17	
98	33	12	61	62	13	86	99	40	18	87	51	74	24	11	35	12	38	54	17	20	98	50	65	22	44	88	87	47	65	9	89	89	19	86	72	35	43	1	41	
64	18	98	22	93	40	34	86	70	34	83	29	38	49	77	11	20	100	56	88	52	87	77	52	10	8	93	8	55	38	51	44	65	43	53	6	78	54	58	7	
64	18	42	50	67	30	91	54	98	37	11	63	55	15	98	90	62	61	85	3	7	93	99	64	67	54	31	89	68	79	74	20	60	9	26	2	57	22	63	65	
97	28	29	7	99	34	19	23	80	89	79	43	68	82	93	22	94	66	4	6	21	66	50	40	31	20	31	30	38	52	14	18	94	100	19	26	58	32	65	35	
74	1	14	58	96	46	90	40	73	88	45	37	15	8	35	83	17	83	82	23	67	50	35	16	66	5	81	47	46	4	38	75	50	56	26	66	35	39	25	71	
70	84	84	81	79	73	52	1	98	89	26	88	79	56	70	63	32	57	73	38	76	55	52	25	89	11	16	61	23	89	42	68	19	9	48	20	65	32	73	6	
86	55	43	12	72	51	4	59	43	86	21	91	3	29	35	67	7	42	6	93	42	27	2	49	25	8	54	49	40	2	78	14	32	52	42	1	88	87	99	72	
22	84	44	42	45	77	89	79	56	16	23	21	66	62	72	64	60	20	56	12	66	2	28	69	25	45	22	74	28	59	33	70	94	100	87	43	32	23	64	7	
92	25	44	25	21	73	100	95	3	70	61	37	49	97	94	83	53	54	15	99	44	35	90	17	87	74	24	30	53	36	19	62	6	55	15	29	51	53	79	60	
99	9	10	1	18	22	93	100	12	90	10	28	8	93	69	45	1	33	94	87	12	88	59	87	27	7	75	76	90	94	80	70	33	46	33	62	25	22	15	96	
On machine	3
98	53	61	60	11	46	46	83	4	34	90	14	69	58	3	92	88	16	25	24	89	67	15	37	91	80	60	93	38	13	70	48	42	72	51	46	67	53	9	61	
67	52	6	91	36	3	75	84	86	68	92	81	51	85	81	9	62	68	15	86	44	54	74	26	49	63	53	15	70	44	55	72	63	56	29	19	12	50	84	71	
96	75	64	1	69	95	81	62	73	22	12	46	88	9	54	40	23	97	5	48	41	91	31	13	72	5	7	76	50	68	80	57	25	6	29	57	55	26	31	72	
86	81	33	91	30	87	50	60	76	75	38	73	84	39	89	7	6	16	85	24	86	68	58	82	48	21	32	33	37	73	59	15	99	6	86	63	86	100	14	92	
52	16	80	70	54	8	66	45	85	28	98	73	48	67	59	14	14	35	80	1	34	13	38	99	81	48	37	76	24	35	74	70	67	33	52	32	65	25	37	53	
92	38	14	53	12	89	69	25	7	93	41	78	84	25	83	96	72	52	52	68	32	21	75	32	4	98	5	1	11	23	58	18	21	70	26	71	41	33	83	16	
47	22	80	98	9	30	26	46	80	50	87	54	17	26	33	45	52	34	47	71	77	77	34	31	30	67	25	18	56	36	77	85	89	47	56	11	86	56	72	54	
16	64	96	34	72	25	78	41	71	93	55	12	67	68	7	10	48	98	59	36	25	13	36	69	27	79	21	47	78	38	72	22	93	13	61	87	13	2	20	88	
21	53	92	50	69	88	36	78	42	90	40	80	40	49	27	97	23	23	24	56	3	53	91	19	31	31	89	15	40	82	46	50	33	7	90	87	26	64	90	83	
14	96	77	54	45	7	22	67	78	7	8	65	27	52	35	14	50	51	21	93	41	61	53	55	41	50	38	81	36	68	15	45	38	20	37	46	68	20	78	77	
60	46	9	53	44	24	58	42	42	24	52	85	19	46	51	35	83	92	87	67	45	77	70	80	55	97	17	60	60	64	94	54	72	84	28	50	92	68	23	66	
31	95	78	35	3	14	63	18	64	69	85	29	58	43	91	4	77	79	40	12	58	22	10	25	60	86	92	31	68	89	7	52	16	63	87	35	5	52	18	96	
96	46	5	3	94	25	27	98	52	83	58	38	18	50	19	52	34	44	89	88	87	35	29	99	30	89	96	94	25	89	30	97	59	6	85	5	31	56	37	40	
100	45	19	55	48	14	84	94	75	70	3	61	51	89	89	35	9	53	48	2	83	57	54	46	68	59	56	67	63	75	26	43	40	24	100	25	43	15	17	7	
35	34	79	42	14	48	28	87	93	30	19	32	82	31	54	65	44	70	7	37	71	99	40	88	97	41	4	65	89	68	74	83	33	35	24	3	85	11	37	85	
26	48	74	9	84	27	47	80	75	66	96	11	23	48	9	49	67	36	27	72	84	91	92	10	31	87	71	65	92	87	12	88	51	96	76	67	31	35	52	9	
21	56	70	37	39	17	5	36	46	76	66	56	85	76	46	76	19	71	50	30	15	59	33	88	85	86	81	28	24	84	37	78	78	83	5	75	63	42	10	23	
34	17	72	47	100	60	61	69	62	50	19	19	21	84	89	10	81	85	78	94	78	13	19	70	10	41	6	2	18	69	86	52	2	8	97	19	56	47	40	41	
60	84	98	1	32	25	47	8	92	54	78	83	67	31	17	4	20	82	8	44	54	11	73	94	92	21	50	34	3	20	63	44	85	55	98	58	86	19	20	39	
13	77	21	62	81	93	71	66	45	51	3	43	69	63	21	89	10	47	38	99	39	36	18	63	41	33	63	23	12	46	62	91	3	25	80	78	97	89	25	71	
61	48	48	89	52	55	28	40	5	11	61	38	53	90	46	12	39	82	61	13	53	57	43	53	25	98	18	33	47	19	40	3	12	64	94	56	6	59	65	17	
92	52	47	22	53	19	26	40	24	55	92	23	47	45	11	7	84	17	95	38	47	93	52	10	45	16	85	99	61	56	21	55	25	71	53	73	31	66	50	96	
12	63	81	100	8	9	88	7	48	30	64	57	33	88	75	4	46	75	30	53	59	34	90	22	58	95	99	98	34	84	23	26	23	7	52	6	14	26	12	35	
93	4	39	34	96	62	3	65	1	38	64	8	69	20	15	19	84	37	95	45	96	32	60	8	13	47	15	20	87	7	63	41	26	68	34	97	13	11	7	5	
67	60	15	63	43	14	49	8	99	37	83	87	3	76	53	53	5	30	20	66	72	77	31	40	65	5	53	22	81	3	35	68	36	50	7	38	85	62	90	22	
67	58	34	38	60	21	43	5	96	65	2	88	36	32	90	79	24	24	95	2	45	48	84	63	7	80	97	65	86	9	81	25	24	21	76	99	94	81	45	71	
82	79	62	42	97	7	87	72	56	93	88	43	12	33	57	32	46	73	96	60	60	82	42	46	73	1	2	86	51	80	87	29	67	97	63	4	93	47	15	30	
85	31	88	2	37	80	38	48	55	46	81	87	37	79	6	11	55	35	67	96	29	45	41	50	55	63	25	94	49	35	13	29	2	86	48	84	59	90	56	52	
7	6	87	94	34	68	84	50	51	82	51	7	14	77	60	74	17	12	36	84	41	32	29	81	5	63	11	11	43	34	18	82	78	18	82	9	23	30	64	53	
38	91	31	85	44	56	71	5	35	68	41	62	69	1	91	26	92	90	53	85	69	93	40	76	48	69	58	77	95	53	47	46	35	2	46	72	43	61	83	15	
87	53	79	97	48	51	72	40	64	86	75	92	5	54	55	5	28	72	4	92	28	60	76	51	29	46	60	62	25	20	78	5	22	4	54	39	84	93	23	64	
29	28	8	2	74	46	34	100	76	98	35	63	16	20	7	94	43	11	70	29	85	31	91	77	95	88	63	90	99	84	73	100	59	80	76	30	81	36	65	35	
42	5	63	83	12	8	45	94	70	43	95	35	74	31	91	100	96	58	65	64	38	84	60	21	33	1	32	7	23	69	77	5	87	78	29	22	52	73	65	39	
6	75	87	83	65	35	68	70	51	97	12	95	60	28	38	64	1	39	90	51	46	93	45	46	3	59	64	42	92	70	59	17	51	38	59	65	46	28	85	24	
90	39	53	29	87	29	35	31	77	99	29	57	82	31	57	54	89	80	64	78	7	28	63	44	8	13	50	85	97	73	18	20	11	12	63	64	17	66	93	92	
18	77	82	73	21	83	77	25	15	28	54	49	95	19	58	4	82	75	28	63	77	36	56	60	82	1	14	11	44	32	98	77	79	92	19	91	33	87	82	91	
47	20	85	29	70	54	67	17	50	90	89	35	39	93	62	3	45	14	39	30	38	58	82	88	90	89	63	91	48	88	27	12	94	92	37	1	69	18	95	95	
22	46	58	21	20	61	80	44	74	18	65	33	32	17	51	56	13	67	39	65	76	73	77	48	100	3	18	33	79	2	88	54	46	57	54	53	5	96	66	77	
47	2	80	75	5	21	95	12	14	55	61	22	18	68	42	28	44	73	65	41	10	7	8	7	44	92	58	83	9	29	85	93	78	13	100	34	95	89	77	18	
31	65	75	84	25	41	80	6	44	79	73	25	56	72	91	100	66	14	12	76	91	97	85	84	52	24	6	66	20	50	42	69	68	4	89	60	71	1	23	75	
On machine	4
50	53	39	33	67	46	20	10	74	72	86	10	34	79	84	74	24	95	69	9	25	3	77	93	3	36	34	39	46	96	49	92	55	18	78	61	41	17	55	82	
58	77	12	51	39	96	20	51	52	77	58	52	2	25	14	50	14	83	74	23	31	49	48	11	15	23	42	22	34	80	100	90	19	95	48	77	62	72	36	3	
62	82	35	31	99	31	65	64	51	54	33	34	22	25	24	22	94	39	7	10	20	3	39	44	88	14	52	50	11	74	57	18	19	43	90	66	83	78	87	95	
100	20	96	6	39	59	19	8	23	95	78	2	93	100	69	51	39	51	72	12	82	10	85	16	23	52	79	58	76	29	79	31	14	38	41	25	17	96	59	56	
72	11	54	59	67	84	30	82	42	42	50	57	86	97	66	81	78	88	44	25	16	21	54	29	84	95	15	57	18	55	48	52	43	30	63	87	8	50	68	11	
74	50	28	92	61	55	60	30	55	92	63	65	64	2	34	7	76	61	83	52	16	97	64	11	81	52	62	12	69	60	17	73	83	60	37	40	93	15	33	13	
32	92	40	28	67	87	21	22	84	36	11	9	76	86	1	49	94	71	34	72	57	54	16	40	85	83	10	75	87	46	36	11	55	43	37	44	91	5	31	59	
9	9	58	72	14	65	62	82	65	32	59	57	66	13	18	12	63	20	66	52	6	59	94	41	5	53	84	92	54	55	18	68	91	92	13	73	69	79	28	54	
11	78	42	70	6	25	86	57	11	27	57	7	96	7	76	46	70	59	33	67	66	78	52	35	70	88	23	56	63	51	25	81	53	71	86	30	10	81	28	75	
83	87	31	28	23	14	99	73	37	53	98	83	81	21	17	75	54	58	32	49	6	78	92	71	13	63	87	75	66	85	96	98	44	72	29	47	8	47	91	100	
100	50	93	63	80	41	35	67	26	85	12	28	27	95	10	4	20	35	37	20	10	47	91	59	58	79	86	85	55	11	54	70	85	91	21	51	94	34	44	61	
67	78	64	17	10	79	9	57	1	87	89	33	1	48	20	52	92	28	67	72	92	89	74	90	25	71	19	3	9	35	59	4	65	37	15	25	23	81	92	68	
94	46	22	30	53	79	39	6	20	62	62	25	31	66	10	38	20	79	77	95	63	89	41	72	44	17	54	42	21	26	43	14	29	92	81	7	60	38	13	18	
48	18	25	9	35	73	3	85	10	95	22	47	81	47	61	77	60	98	99	5	81	14	59	100	83	3	69	12	43	29	85	78	21	87	8	2	93	11	36	39	
66	86	3	32	7	2	35	95	12	54	96	3	63	16	11	64	64	40	50	42	38	65	11	16	19	86	50	33	41	91	5	68	1	44	34	68	5	17	23	2	
97	42	53	6	51	13	51	80	52	94	84	39	36	98	24	54	93	55	90	15	71	62	18	80	96	22	22	60	58	1	66	38	51	17	4	100	45	92	76	15	
26	43	28	32	15	87	3	18	65	57	95	7	95	84	92	8	32	60	3	93	72	33	47	43	46	21	47	52	1	82	93	72	39	55	97	98	5	69	4	95	
21	81	58	16	76	52	58	22	32	89	74	65	69	34	95	57	90	86	5	13	90	51	54	85	16	91	3	91	55	83	28	40	58	38	69	4	99	75	25	87	
51	98	26	93	26	100	16	85	63	5	67	81	41	74	23	89	11	3	51	57	37	46	86	43	4	64	80	42	68	64	43	72	80	66	79	78	38	66	96	61	
76	57	80	39	70	35	77	48	52	98	8	82	39	77	38	55	59	89	65	54	75	72	46	7	52	98	50	31	91	9	31	91	50	84	84	83	9	59	67	94	
5	41	70	72	36	77	84	28	58	59	34	44	28	62	10	89	31	86	78	15	19	76	27	73	37	43	88	93	78	42	26	23	4	23	94	82	94	14	73	14	
75	18	22	100	59	67	85	51	53	17	71	44	80	28	74	9	29	60	18	97	84	23	97	99	87	89	99	80	27	99	28	61	84	95	58	90	15	63	41	52	
90	64	94	45	80	28	100	65	85	75	41	71	20	15	100	50	24	10	97	53	4	85	54	86	98	50	64	34	69	33	86	19	17	94	5	26	16	49	47	39	
71	56	74	11	66	37	35	36	95	15	96	67	12	63	30	3	65	26	30	64	9	65	42	82	79	96	63	47	35	71	37	62	17	29	3	57	54	82	47	18	
14	88	1	41	97	34	52	25	36	60	68	100	11	93	75	32	92	85	49	84	75	45	33	30	96	9	3	66	36	54	23	18	28	4	7	39	49	69	20	64	
33	15	53	71	2	86	96	25	40	98	9	57	22	32	48	71	12	70	50	12	19	24	31	29	92	32	43	9	86	53	87	33	14	8	89	91	68	91	30	21	
11	98	50	42	85	35	1	13	8	41	77	84	29	76	84	8	27	27	92	16	42	38	12	6	40	14	8	25	75	58	76	40	29	2	72	91	24	27	92	16	
98	77	47	87	8	67	37	41	93	38	38	70	69	19	99	29	7	34	3	86	12	47	46	70	53	22	72	8	87	91	65	4	28	54	16	71	57	93	58	18	
86	68	57	32	45	32	1	9	50	23	61	32	87	95	64	99	16	89	73	14	73	52	45	69	87	78	37	42	59	57	60	58	37	14	22	82	60	91	9	17	
7	30	66	9	95	6	67	47	50	96	96	75	40	37	95	67	95	39	57	51	20	4	34	12	15	96	32	45	64	41	99	63	16	59	63	8	18	31	66	98	
59	90	51	77	58	87	64	54	76	21	16	61	98	22	16	66	93	57	47	95	55	45	87	50	54	73	54	4	22	22	53	37	82	44	84	50	88	46	75	19	
93	65	19	26	2	66	87	71	8	29	92	90	54	32	70	82	69	89	78	55	28	81	65	46	97	21	63	12	9	65	60	80	11	35	29	9	64	72	38	7	
43	41	82	37	100	9	23	63	9	86	92	100	44	74	49	7	82	6	86	57	23	5	35	90	31	86	6	22	100	81	73	90	77	5	97	55	87	54	63	93	
26	97	90	59	62	45	65	34	54	79	79	35	12	97	57	2	55	30	38	97	82	5	72	32	93	96	10	18	93	23	53	8	11	14	87	4	97	47	50	73	
65	39	65	73	54	18	29	99	91	73	6	78	97	35	64	49	80	75	24	77	51	10	37	8	21	16	32	55	83	71	51	70	2	79	25	15	3	15	31	28	
17	72	89	25	58	64	52	49	94	66	67	68	81	16	99	57	52	11	64	12	70	50	64	71	59	14	2	21	8	9	55	7	47	82	56	82	26	31	85	44	
95	76	31	74	19	84	72	87	4	28	19	59	99	92	94	83	30	85	36	98	64	32	74	15	30	41	9	73	50	45	57	11	47	9	37	65	92	63	99	94	
8	23	61	33	30	76	56	49	48	23	60	40	93	51	100	31	86	49	43	7	1	58	42	24	49	90	64	89	46	44	1	75	74	3	51	44	74	59	78	79	
45	81	36	87	29	79	95	1	71	95	11	6	66	93	56	56	71	71	89	8	43	57	8	56	72	5	40	25	64	32	1	44	28	70	86	93	1	31	29	36	
13	95	35	43	88	51	93	84	19	23	15	3	68	74	66	67	47	89	44	57	53	68	39	52	3	95	98	63	85	68	85	12	71	52	58	71	96	3	27	42	
