Factories	2
Families	60
Machines	4
SetupType	2

Number of Jobs in each Family
10	1	3	7	2	4	10	6	1	7	5	7	4	7	6	1	9	9	5	1	1	7	1	2	10	10	6	4	5	9	4	2	8	5	7	9	1	6	9	10	3	9	5	4	9	1	3	5	3	8	1	2	9	10	5	6	8	2	10	7	

Jobs in each Family
0	1	2	3	4	5	6	7	8	9	
10	
11	12	13	
14	15	16	17	18	19	20	
21	22	
23	24	25	26	
27	28	29	30	31	32	33	34	35	36	
37	38	39	40	41	42	
43	
44	45	46	47	48	49	50	
51	52	53	54	55	
56	57	58	59	60	61	62	
63	64	65	66	
67	68	69	70	71	72	73	
74	75	76	77	78	79	
80	
81	82	83	84	85	86	87	88	89	
90	91	92	93	94	95	96	97	98	
99	100	101	102	103	
104	
105	
106	107	108	109	110	111	112	
113	
114	115	
116	117	118	119	120	121	122	123	124	125	
126	127	128	129	130	131	132	133	134	135	
136	137	138	139	140	141	
142	143	144	145	
146	147	148	149	150	
151	152	153	154	155	156	157	158	159	
160	161	162	163	
164	165	
166	167	168	169	170	171	172	173	
174	175	176	177	178	
179	180	181	182	183	184	185	
186	187	188	189	190	191	192	193	194	
195	
196	197	198	199	200	201	
202	203	204	205	206	207	208	209	210	
211	212	213	214	215	216	217	218	219	220	
221	222	223	
224	225	226	227	228	229	230	231	232	
233	234	235	236	237	
238	239	240	241	
242	243	244	245	246	247	248	249	250	
251	
252	253	254	
255	256	257	258	259	
260	261	262	
263	264	265	266	267	268	269	270	
271	
272	273	
274	275	276	277	278	279	280	281	282	
283	284	285	286	287	288	289	290	291	292	
293	294	295	296	297	
298	299	300	301	302	303	
304	305	306	307	308	309	310	311	
312	313	
314	315	316	317	318	319	320	321	322	323	
324	325	326	327	328	329	330	

Total number of jobs
331

Processing times of jobs
7	4	4	5	
9	10	1	5	
9	3	5	7	
1	5	6	9	
10	10	3	3	
3	1	1	10	
5	9	2	4	
5	7	7	6	
6	5	9	9	
2	8	8	6	
4	9	2	10	
1	10	2	1	
2	5	4	6	
4	9	7	10	
10	7	2	4	
6	4	6	10	
1	1	1	7	
6	2	8	2	
3	10	4	10	
10	8	3	9	
1	3	4	5	
8	9	1	5	
6	10	3	5	
7	9	9	1	
1	6	5	9	
1	2	3	6	
9	4	1	8	
7	3	5	10	
6	4	1	1	
10	1	8	6	
6	2	9	3	
10	5	4	6	
10	7	5	4	
2	5	10	4	
2	3	4	5	
1	3	10	1	
9	9	9	1	
2	8	10	9	
1	4	8	7	
6	5	4	9	
7	10	6	10	
8	1	7	9	
6	8	10	3	
9	6	5	7	
9	4	5	5	
9	7	3	7	
1	2	4	10	
4	3	10	3	
6	9	4	4	
8	8	10	4	
4	6	6	7	
7	4	9	5	
1	3	8	7	
6	7	1	7	
1	1	7	6	
10	7	6	7	
4	10	3	5	
8	3	4	1	
6	1	10	4	
5	7	10	7	
5	8	1	6	
3	9	7	2	
6	9	7	4	
6	2	2	6	
2	3	8	4	
10	8	7	9	
10	10	6	3	
10	9	2	6	
6	8	6	2	
6	1	8	3	
6	5	10	8	
9	10	2	7	
2	6	5	10	
5	8	7	8	
10	9	5	7	
3	4	3	5	
2	9	9	6	
6	10	6	3	
1	3	7	7	
5	8	6	10	
9	2	3	3	
6	1	3	9	
3	10	1	3	
5	1	2	5	
10	10	5	5	
3	10	1	5	
10	9	9	1	
2	10	10	2	
1	3	6	8	
7	8	2	6	
7	7	6	4	
6	6	2	3	
3	6	8	6	
7	7	5	6	
8	5	1	5	
6	1	8	3	
1	2	2	7	
3	7	4	10	
5	10	3	1	
10	9	3	2	
7	3	4	6	
4	7	8	5	
8	10	5	2	
10	7	3	4	
10	6	8	10	
7	2	5	4	
8	8	6	10	
9	2	7	9	
7	2	2	9	
7	4	3	2	
10	4	7	1	
5	2	4	7	
8	1	2	4	
1	5	7	6	
9	1	8	6	
7	7	6	4	
8	6	10	2	
9	4	7	2	
4	4	10	5	
9	7	4	1	
10	1	2	2	
10	10	6	6	
2	8	5	3	
8	8	9	6	
8	2	2	5	
10	3	8	4	
8	3	7	2	
10	10	1	3	
3	1	6	1	
3	8	7	1	
8	8	1	9	
1	1	5	7	
8	7	1	1	
4	7	6	9	
3	9	3	1	
2	6	4	3	
9	6	1	8	
2	3	3	1	
4	9	9	1	
1	5	9	10	
5	7	2	6	
3	5	4	6	
3	10	6	10	
8	3	7	4	
7	8	6	7	
10	7	2	9	
4	5	7	8	
9	8	1	9	
9	7	9	5	
3	9	6	4	
6	4	6	4	
6	2	4	4	
8	4	3	6	
5	1	10	2	
6	8	9	6	
1	8	7	4	
9	7	6	1	
8	1	4	8	
4	7	3	9	
4	5	4	6	
6	10	8	8	
8	7	10	5	
9	2	10	10	
4	1	7	9	
8	9	9	1	
8	5	9	8	
10	7	1	2	
1	10	1	6	
3	4	2	5	
8	2	2	1	
6	6	5	2	
4	1	9	3	
8	9	7	4	
9	5	1	7	
8	2	8	4	
6	9	1	5	
6	6	7	2	
5	1	8	1	
9	6	5	7	
7	8	4	10	
3	5	4	8	
3	7	9	1	
8	7	8	1	
5	2	6	6	
10	10	1	10	
2	10	1	8	
9	1	4	9	
7	4	10	2	
8	1	8	6	
8	3	3	2	
2	10	9	4	
3	10	5	8	
4	6	3	7	
5	10	3	1	
3	1	6	7	
3	5	9	5	
2	3	8	5	
6	10	3	3	
3	1	9	1	
10	8	3	4	
2	2	9	3	
7	1	3	6	
8	3	3	4	
5	4	9	8	
6	9	10	6	
9	9	6	7	
10	8	3	3	
9	4	2	10	
1	9	7	1	
1	8	1	2	
8	7	9	8	
5	7	1	2	
6	8	1	8	
2	8	8	6	
2	7	2	4	
3	3	4	7	
6	1	8	3	
2	9	3	5	
3	9	5	5	
2	1	6	10	
6	2	7	8	
2	6	4	6	
1	8	3	7	
10	3	7	9	
9	1	8	8	
8	5	8	7	
2	10	9	10	
3	1	4	1	
10	2	4	9	
4	3	2	10	
5	9	2	1	
3	6	8	4	
3	6	3	3	
5	3	6	8	
4	4	7	3	
4	1	9	1	
6	5	1	2	
2	5	6	2	
9	9	1	1	
7	4	8	7	
8	4	2	10	
5	8	3	8	
2	2	1	3	
6	1	9	6	
4	5	6	6	
8	2	5	3	
8	4	7	6	
2	1	5	3	
1	1	2	7	
2	1	2	6	
10	1	6	3	
8	8	9	7	
8	8	6	9	
3	7	5	6	
4	3	1	6	
3	2	9	3	
3	2	1	4	
4	6	3	3	
8	7	8	10	
10	4	1	6	
4	5	1	8	
4	8	4	8	
6	1	2	8	
9	1	2	4	
2	6	9	1	
6	6	4	10	
4	1	9	3	
9	10	9	8	
4	5	7	2	
6	2	8	2	
9	10	8	2	
4	9	10	2	
4	9	1	5	
9	5	4	1	
4	6	5	9	
5	4	2	8	
3	4	3	2	
1	6	8	1	
1	4	1	1	
9	5	8	3	
2	2	1	2	
4	6	7	5	
2	5	4	5	
1	7	5	7	
4	9	1	9	
1	4	9	10	
5	9	3	7	
2	9	3	10	
5	9	5	1	
3	3	2	1	
2	1	7	2	
8	9	2	8	
6	10	9	10	
6	6	1	1	
8	7	2	7	
6	6	1	1	
6	2	7	10	
8	3	3	8	
8	10	7	2	
2	8	9	10	
7	1	8	4	
8	2	6	9	
2	3	4	2	
10	1	10	3	
8	3	2	1	
6	7	6	3	
4	3	1	2	
6	2	7	5	
3	4	6	9	
9	6	10	8	
2	3	5	10	
8	9	1	3	
7	4	3	5	
4	7	10	3	
1	6	5	7	
6	7	2	2	
7	3	5	6	
5	8	2	6	
3	3	7	6	
5	5	10	8	
5	9	8	1	
5	10	3	3	
4	3	9	6	
1	4	8	5	
10	6	6	7	
8	6	5	10	
5	2	6	6	
3	3	9	1	
1	10	3	1	
8	6	8	1	
4	3	6	4	

Stepup times between Families, where [f][f] represents initial setup time
On machine	1
8	19	43	24	33	42	18	50	34	25	27	17	38	7	25	25	13	10	47	50	36	16	36	39	37	50	49	6	17	27	50	16	6	25	28	36	20	5	5	2	22	35	28	13	13	1	1	1	22	30	30	2	3	3	48	30	44	14	8	5	
31	22	49	23	47	15	32	34	6	12	29	2	33	14	32	2	11	45	3	23	44	15	19	35	36	2	11	14	48	3	10	5	11	19	2	2	13	15	49	23	36	12	30	16	50	2	46	21	17	11	11	16	44	23	44	5	17	2	1	12	
38	8	17	3	38	28	49	2	24	19	9	38	38	31	42	20	19	35	16	48	41	19	21	29	33	30	21	19	4	37	35	23	48	32	5	4	23	29	45	25	28	17	14	37	1	15	7	35	30	35	38	30	43	5	34	3	18	12	1	18	
45	29	31	16	25	28	7	39	2	1	4	30	7	17	15	47	39	40	7	49	36	38	11	43	41	22	37	50	15	5	24	7	6	9	8	20	43	48	9	8	11	32	2	18	31	10	6	43	48	16	19	11	50	44	22	35	15	36	23	43	
2	36	48	39	28	46	43	2	39	27	47	6	26	34	10	14	2	48	9	18	17	34	12	43	12	40	47	46	23	29	30	6	20	7	16	36	50	24	15	7	42	15	32	17	3	45	28	17	16	36	7	8	12	34	23	27	43	6	26	20	
21	17	8	30	38	37	28	46	15	22	34	33	12	11	24	32	26	23	48	15	14	28	32	43	11	40	26	13	24	8	6	44	5	14	7	5	34	31	34	43	3	4	50	21	50	13	36	33	9	6	27	39	15	43	1	19	24	38	32	29	
31	44	19	13	35	33	43	14	35	5	23	20	33	50	21	36	25	35	20	12	6	16	30	25	47	47	23	12	32	15	21	12	17	44	19	13	15	18	10	32	42	11	32	31	3	38	17	17	26	39	14	43	21	20	6	36	5	7	7	23	
50	28	7	19	49	2	10	49	11	14	14	9	37	47	9	38	44	30	32	41	9	36	23	37	15	6	39	38	40	5	45	4	50	8	13	17	35	48	35	23	17	49	33	30	43	29	48	9	23	50	12	45	6	4	9	34	15	6	17	8	
34	22	21	20	23	6	27	30	32	23	4	41	38	14	17	43	33	20	19	48	26	24	40	8	12	35	1	36	24	22	18	47	46	38	3	8	28	6	43	3	39	37	17	50	9	17	19	1	21	34	38	10	46	44	17	11	50	40	49	38	
20	36	18	8	48	16	45	45	43	8	21	9	18	13	41	5	40	46	8	14	1	31	45	47	23	33	17	49	34	23	39	4	31	28	16	26	21	16	23	34	3	25	26	9	40	45	13	16	6	27	43	35	26	7	18	24	44	45	16	2	
13	9	10	43	10	12	30	21	10	34	13	14	8	19	13	6	39	2	9	38	22	45	34	37	31	4	35	28	18	36	23	43	24	37	40	18	40	50	30	20	19	26	29	22	1	4	2	10	48	40	5	11	36	6	15	3	43	46	46	3	
19	24	6	19	35	44	21	1	30	38	42	46	33	20	41	45	19	24	1	20	2	30	48	37	21	9	49	8	35	11	1	5	18	47	31	1	45	31	20	37	18	3	7	6	11	4	16	14	28	39	6	12	7	40	6	23	47	27	25	30	
39	1	7	6	44	37	37	34	41	20	7	46	38	3	25	35	29	2	11	37	41	8	46	17	24	5	33	20	45	6	2	8	17	26	5	8	5	14	14	20	45	44	2	5	18	48	44	24	36	35	21	5	29	38	41	41	45	27	50	11	
22	16	20	18	12	21	7	16	38	25	8	49	20	37	46	50	12	10	17	6	13	25	8	7	24	5	9	29	7	5	35	31	32	35	27	49	41	8	43	16	24	34	30	42	24	47	50	18	6	31	1	2	32	40	38	50	40	30	27	36	
7	21	16	48	8	29	7	25	48	37	32	41	37	7	50	19	46	40	14	12	12	30	8	43	45	16	30	21	34	19	18	24	37	39	10	38	23	44	10	13	12	12	28	39	33	40	3	47	31	46	20	35	18	28	30	49	35	3	42	44	
7	8	32	8	20	37	19	38	15	10	46	22	32	15	21	16	29	9	47	45	41	27	40	20	12	15	18	15	41	19	46	16	4	17	35	48	35	47	30	22	37	2	19	32	6	28	5	11	32	10	24	46	29	45	46	18	39	40	24	42	
2	28	7	9	18	14	12	27	10	44	23	23	45	16	27	48	45	19	27	47	1	1	13	49	11	26	48	24	42	37	20	23	12	12	38	38	17	33	3	35	36	39	38	46	14	24	36	16	34	49	36	44	49	10	48	17	34	14	44	42	
22	24	15	7	35	36	41	23	15	43	18	19	42	42	26	8	27	4	47	23	39	48	38	20	22	41	14	34	33	18	1	13	9	49	37	35	23	8	22	39	5	22	19	18	24	42	37	44	28	10	31	31	2	45	3	14	26	37	1	23	
11	44	4	4	15	44	16	4	25	43	5	9	6	3	37	41	22	15	43	34	40	16	45	23	46	18	41	24	46	18	33	34	44	34	26	36	41	39	5	17	35	34	50	21	16	17	43	11	3	15	1	13	33	26	19	24	4	42	47	3	
11	6	7	8	24	22	25	28	22	30	40	23	41	21	38	26	30	40	23	35	30	14	38	23	34	11	17	33	37	12	22	30	11	3	35	39	3	18	31	31	15	12	12	24	43	16	2	14	19	36	19	48	44	48	2	49	18	5	4	41	
16	48	34	6	15	13	39	50	7	20	9	26	10	43	17	29	4	24	32	50	15	45	11	24	28	39	27	49	22	29	35	28	25	9	5	8	4	20	3	2	14	34	12	48	39	18	17	21	48	50	14	4	29	31	44	12	14	20	15	36	
40	48	35	31	28	17	43	3	34	24	20	13	7	9	43	8	32	12	29	43	5	34	45	23	16	31	21	17	24	25	40	35	34	12	28	28	30	26	41	48	25	42	1	8	19	13	28	8	41	31	39	44	7	31	35	8	28	21	28	18	
15	37	11	40	38	19	46	38	50	41	35	23	12	4	26	39	39	28	45	37	36	15	21	12	45	25	20	36	42	38	39	36	32	39	7	4	34	33	21	5	16	46	21	35	17	24	45	27	23	18	24	46	31	21	50	10	38	18	49	24	
32	24	16	48	1	11	46	5	50	2	5	12	23	11	6	12	28	14	14	40	35	47	49	22	12	50	24	24	33	30	14	47	1	30	37	23	43	33	28	28	21	37	24	16	4	16	46	8	29	38	36	31	34	29	26	46	33	40	39	35	
36	41	21	20	42	42	3	19	7	31	11	49	48	48	16	17	41	31	18	50	11	4	22	13	43	6	43	40	41	10	50	27	1	35	19	49	49	31	15	19	37	21	34	49	8	29	27	50	43	19	38	5	48	40	2	5	9	24	44	13	
27	10	44	41	45	11	20	31	23	27	15	12	4	44	10	35	21	21	25	13	29	12	36	49	7	4	26	18	28	25	43	35	26	42	31	28	9	29	43	35	44	33	29	47	6	24	37	22	8	35	9	27	31	19	49	30	31	20	46	20	
5	2	22	47	20	2	37	27	47	20	10	38	7	31	16	11	8	21	17	29	43	24	2	34	43	6	3	21	43	47	33	18	5	9	3	35	1	6	29	37	8	29	11	11	47	34	12	33	13	40	38	20	18	29	45	37	4	50	19	4	
27	35	49	28	10	8	22	18	40	18	7	28	37	48	25	43	28	4	1	48	41	39	23	46	1	20	16	27	13	25	15	30	31	44	18	40	7	31	40	49	34	1	9	13	38	5	16	3	11	23	36	15	35	6	34	33	5	1	45	1	
47	9	19	30	11	24	41	33	32	22	34	45	45	31	43	29	46	6	15	29	19	17	29	21	38	9	33	50	36	10	49	20	29	40	2	39	17	45	19	46	47	45	24	39	28	3	50	1	20	43	14	4	14	46	21	38	16	19	21	35	
14	30	49	44	9	11	2	32	49	7	8	7	27	40	40	15	32	10	48	45	18	5	15	46	27	36	12	13	1	38	20	21	2	43	4	12	31	26	11	42	15	12	12	32	26	40	5	16	18	8	17	41	25	13	31	21	47	29	36	39	
17	32	33	31	43	19	4	50	6	6	38	28	31	25	12	32	4	11	13	10	40	41	28	33	36	5	6	28	38	48	46	25	17	36	37	11	5	4	29	47	15	22	34	4	49	28	36	24	5	37	22	23	2	29	20	43	41	2	42	46	
15	15	50	44	49	14	49	29	21	46	31	45	6	42	50	25	42	19	4	32	50	30	48	18	15	30	5	38	10	36	40	8	33	4	26	21	37	30	47	14	18	24	28	43	4	2	38	3	17	7	34	19	20	6	24	38	2	29	43	20	
22	43	22	5	44	15	17	9	22	12	33	18	48	33	44	50	44	34	6	26	21	25	49	26	24	27	39	8	16	45	35	48	20	41	32	37	28	4	11	50	33	42	33	48	45	19	19	14	24	6	32	2	30	30	26	28	34	37	31	37	
35	34	15	26	7	27	13	40	26	39	8	43	30	13	19	37	36	41	15	4	19	15	12	1	34	17	29	32	48	30	46	49	2	11	23	14	32	31	15	30	23	36	31	28	3	50	21	8	10	7	16	2	50	8	13	14	34	10	24	30	
45	50	12	30	36	8	32	44	17	18	5	42	34	13	39	36	1	49	37	10	18	27	23	27	33	49	5	40	7	17	11	6	46	6	46	42	17	27	6	4	4	16	7	23	17	1	14	23	37	31	50	28	19	5	7	41	43	49	44	18	
41	45	31	35	35	36	18	48	21	14	7	27	40	22	9	38	26	48	50	31	48	22	49	9	5	47	25	27	50	2	40	46	39	32	26	17	41	32	16	40	3	49	6	34	36	44	6	14	27	49	37	30	3	26	44	22	10	44	7	28	
41	34	20	27	12	17	40	23	3	14	17	32	44	29	39	38	30	26	14	1	44	19	27	49	12	15	41	9	47	46	49	25	41	39	36	40	18	19	22	2	23	38	32	30	22	14	29	41	23	41	31	21	33	1	12	20	1	43	39	21	
5	40	2	9	6	39	4	36	44	7	8	5	48	6	29	27	40	33	40	20	26	30	12	7	12	22	20	50	23	14	40	49	39	29	35	27	37	42	15	42	17	30	49	29	17	6	8	45	49	27	48	26	27	33	14	29	21	24	18	38	
5	11	46	24	11	11	9	33	30	3	8	25	47	10	40	9	50	19	22	9	26	4	6	48	30	5	29	48	36	48	3	38	24	18	12	35	29	3	30	20	40	10	47	42	37	42	24	4	44	31	17	39	27	6	50	21	30	34	21	1	
22	19	48	50	30	18	50	11	48	6	12	44	4	32	10	41	34	10	29	48	23	6	17	24	36	5	36	33	50	4	40	15	10	9	9	41	25	44	22	7	17	31	5	45	50	24	18	11	14	41	9	46	28	26	4	47	16	7	39	47	
27	3	4	7	21	39	48	24	49	26	43	15	25	41	29	24	37	2	41	13	31	35	32	48	20	37	13	31	24	49	25	49	40	29	2	3	23	47	42	33	38	44	17	22	12	32	24	6	34	18	3	34	36	19	22	42	9	21	13	39	
43	49	40	20	13	2	43	48	30	19	44	8	26	10	15	1	29	17	46	5	5	3	13	19	38	20	23	6	18	20	12	24	39	12	3	8	18	34	7	16	17	7	22	34	25	18	29	19	17	36	41	41	9	38	37	35	8	14	45	28	
11	12	4	15	35	4	37	8	4	41	42	20	35	44	50	35	35	13	37	15	32	31	27	15	33	39	5	7	47	42	7	33	1	7	19	14	33	8	2	35	44	3	31	32	33	48	36	6	44	1	38	4	8	46	21	9	9	19	40	32	
49	46	10	6	25	48	4	46	18	24	6	46	43	33	14	43	17	48	44	20	27	42	34	23	40	19	42	2	14	38	46	37	4	16	10	24	34	7	17	12	43	32	16	40	1	41	31	42	11	28	3	38	41	10	27	17	17	40	35	11	
34	6	17	50	13	9	33	49	6	24	8	35	34	15	50	37	12	5	11	50	11	35	18	45	21	25	26	7	26	29	10	13	22	19	14	8	21	9	6	40	31	3	24	28	2	15	28	32	48	17	50	4	44	29	27	37	11	11	43	33	
44	8	29	5	19	1	4	24	2	38	11	26	44	2	24	48	9	29	26	29	23	19	48	42	48	22	20	45	35	20	40	48	45	12	45	44	33	26	39	47	9	48	18	10	8	21	10	6	28	34	35	38	35	50	44	29	39	7	43	27	
30	22	50	41	31	25	11	11	13	50	25	24	39	25	12	5	46	46	48	39	40	38	37	8	5	17	43	2	43	43	25	50	7	19	44	27	19	33	18	12	39	48	18	2	32	18	37	12	12	14	11	6	23	32	48	34	36	26	40	6	
19	40	4	34	27	45	28	29	48	16	24	38	50	38	31	40	25	43	35	42	37	5	39	11	34	27	39	28	23	30	12	11	49	35	48	10	6	49	30	42	4	42	27	43	49	41	12	2	16	13	3	9	44	3	44	41	38	44	31	12	
6	15	28	45	27	4	48	15	26	13	45	37	38	5	43	37	48	10	45	25	32	28	43	6	5	6	42	31	33	2	36	35	38	49	7	24	11	17	13	25	33	19	21	26	40	5	8	37	22	13	17	8	8	33	8	28	50	26	30	20	
42	25	32	49	49	36	18	4	2	10	43	27	43	27	46	8	33	1	46	34	24	50	36	18	12	22	20	16	40	29	47	37	50	50	2	17	13	22	40	20	49	21	18	9	24	19	40	25	48	5	47	7	34	21	45	34	19	23	7	31	
46	23	35	20	3	27	30	21	36	7	1	26	4	18	9	8	35	38	30	45	13	45	23	31	45	40	25	39	20	31	48	26	17	20	36	30	44	40	24	7	13	41	15	35	10	17	6	14	17	27	9	5	17	42	8	2	10	22	43	42	
45	18	9	46	29	14	46	17	5	24	39	38	38	35	36	18	24	36	1	38	49	46	28	22	11	26	3	37	27	29	35	42	42	25	26	7	24	46	32	10	5	44	7	41	49	1	31	18	26	41	6	19	45	2	2	14	22	1	11	49	
25	23	40	46	49	44	4	18	18	22	31	25	17	15	8	10	11	18	45	22	35	29	20	2	28	35	20	29	6	39	25	21	39	48	17	34	48	30	2	43	20	16	15	1	47	32	41	35	17	47	4	3	49	28	28	42	12	3	7	50	
47	45	7	46	21	30	46	41	39	19	16	41	24	16	10	35	8	9	46	11	41	47	6	46	45	36	20	28	14	24	6	23	44	7	35	23	13	13	43	32	44	17	26	24	10	46	10	50	10	40	46	26	48	23	17	8	44	45	2	31	
39	20	48	45	36	25	28	25	24	1	27	40	47	6	36	29	28	4	17	9	10	4	19	21	17	37	42	18	46	35	4	39	5	45	49	43	41	38	42	31	1	38	34	10	14	24	48	35	1	46	46	48	23	7	45	47	4	8	21	32	
44	45	21	19	25	50	15	30	42	8	45	30	8	10	26	24	19	36	37	10	49	7	36	8	43	11	41	29	28	9	30	11	11	2	6	26	25	33	15	45	44	39	36	18	36	40	28	4	30	10	46	29	34	33	47	9	11	4	43	16	
49	44	48	24	31	12	31	39	8	13	29	35	3	43	24	12	18	12	39	1	47	39	9	26	16	28	39	25	26	26	25	14	26	50	42	16	48	16	34	47	5	5	33	37	50	20	27	7	19	49	11	3	27	43	40	26	14	2	43	21	
34	15	12	36	28	11	32	4	21	50	9	23	24	39	46	11	28	15	15	50	27	16	14	39	11	15	45	25	29	5	43	38	42	11	34	50	19	29	6	28	17	2	38	40	36	13	36	8	23	21	28	34	32	16	22	10	12	33	27	30	
49	33	9	4	19	31	23	5	22	20	23	37	15	8	50	38	8	4	24	4	4	36	22	22	11	12	45	47	40	9	15	18	1	28	50	23	27	45	48	49	41	32	45	19	24	20	36	50	48	39	38	14	12	17	44	5	27	38	14	31	
1	35	39	44	46	4	24	24	43	3	14	9	25	14	20	5	28	6	16	14	13	30	20	12	3	42	41	13	31	39	44	23	12	20	31	33	48	35	29	8	15	39	31	36	33	12	18	49	25	15	34	14	2	18	19	46	43	1	19	29	
On machine	2
5	47	7	3	34	4	43	39	12	14	30	35	14	3	25	1	20	21	8	28	42	45	35	19	41	13	5	18	31	32	28	32	26	39	25	46	7	28	46	33	2	31	30	20	43	7	45	3	50	22	33	27	14	45	1	26	22	35	29	9	
2	11	45	7	49	9	24	30	14	31	2	49	35	26	3	40	42	33	27	30	17	21	3	22	23	12	34	35	28	26	35	19	11	41	48	45	6	34	33	44	18	15	21	27	12	3	41	4	26	43	23	27	11	14	32	44	48	38	23	24	
6	6	31	11	16	24	17	29	41	6	1	32	43	20	18	46	5	2	40	23	39	15	9	48	14	39	38	35	40	39	26	44	45	13	50	48	29	31	19	16	29	32	31	15	42	12	26	45	9	24	32	5	18	44	44	35	38	24	6	8	
33	21	20	35	30	49	24	22	2	31	26	1	19	20	8	50	44	27	37	33	15	6	16	20	30	38	42	23	23	22	46	3	22	46	37	44	9	16	7	33	14	6	44	25	6	23	13	21	7	32	5	15	41	48	33	13	35	21	37	3	
19	5	14	29	46	21	11	14	38	31	21	19	5	39	48	46	30	15	19	35	18	42	25	31	35	1	41	34	8	19	32	23	24	12	9	25	37	2	13	4	22	44	27	26	15	47	3	19	43	31	43	24	26	23	29	31	40	13	34	42	
32	20	16	23	27	27	46	48	9	28	1	19	26	36	38	7	22	25	25	1	43	7	18	9	37	4	1	25	42	50	9	50	33	47	33	48	31	21	47	17	1	7	17	20	6	6	2	5	23	20	50	45	34	29	16	38	8	49	9	40	
5	24	2	33	6	3	29	22	30	44	30	23	33	24	40	42	35	32	21	7	20	44	2	6	22	29	27	28	3	20	26	34	5	33	49	38	50	42	1	18	21	29	6	15	47	31	40	26	28	28	19	37	45	26	3	49	5	25	44	8	
50	9	47	3	49	3	39	34	11	49	37	8	3	24	21	15	39	33	35	24	45	37	37	28	26	40	2	31	5	46	17	11	21	10	19	15	17	46	18	48	49	8	9	34	42	26	39	18	8	44	30	5	41	3	36	21	2	30	12	48	
46	7	42	46	15	34	5	30	6	39	31	2	49	37	22	9	31	35	46	13	18	15	34	19	17	33	48	43	24	2	19	17	7	22	8	13	28	33	26	35	19	38	12	19	8	16	26	28	40	12	45	25	48	44	29	22	15	5	41	19	
1	32	11	19	17	2	21	17	30	18	5	2	40	2	13	16	3	45	15	3	20	15	13	9	31	46	45	23	43	40	37	25	25	40	13	19	29	23	22	38	42	44	31	32	48	36	7	50	5	36	42	20	46	10	9	38	1	35	18	9	
18	10	25	14	12	48	19	28	27	47	41	31	25	47	19	46	50	46	20	36	10	35	11	28	24	1	46	29	17	5	36	24	3	23	19	46	11	44	43	9	3	32	12	42	19	47	17	25	12	38	14	29	46	5	45	29	37	32	43	40	
50	34	23	33	21	29	11	21	11	47	18	3	16	18	18	36	43	48	25	6	17	47	4	24	20	22	8	14	32	43	37	16	50	34	25	28	22	33	22	30	30	39	50	7	49	46	49	44	28	34	30	18	36	40	26	6	29	27	26	20	
29	42	1	13	46	11	23	43	41	37	21	4	33	8	11	10	31	22	13	12	48	38	9	46	39	5	2	5	17	31	34	36	47	30	28	45	7	9	18	29	15	6	30	32	11	18	28	22	32	15	21	49	24	41	23	31	41	23	21	2	
43	40	36	29	15	49	14	27	35	35	29	37	48	40	11	29	2	17	14	28	24	30	5	3	34	11	50	25	49	26	47	7	38	26	6	4	25	47	27	22	43	27	48	16	39	40	8	11	37	19	37	23	21	19	15	11	25	11	40	1	
1	32	25	2	16	14	33	8	27	30	34	29	2	39	19	15	28	18	37	42	41	22	13	22	43	2	40	5	48	3	33	5	11	1	25	42	34	37	1	27	20	14	8	41	16	27	37	14	22	4	34	21	4	37	18	50	30	9	35	36	
37	47	17	47	6	47	49	40	43	1	6	40	27	47	26	38	45	9	37	25	34	29	23	10	23	24	26	38	46	10	12	49	1	23	36	50	41	48	38	36	5	7	17	32	3	31	48	26	50	37	6	29	26	16	42	4	25	27	16	41	
29	50	1	11	29	23	36	5	31	32	36	39	14	41	7	12	44	46	40	37	32	47	29	18	18	45	41	46	34	37	35	7	5	10	4	47	3	24	32	38	36	24	22	33	21	1	50	45	12	5	20	4	22	19	21	37	11	43	30	15	
48	14	21	37	1	38	37	23	19	12	43	31	46	50	14	13	7	19	26	38	11	36	10	26	44	4	41	9	17	48	30	16	48	32	10	10	48	29	40	28	35	14	43	11	29	49	12	11	15	11	49	8	38	34	18	16	4	48	4	45	
40	34	28	27	5	43	43	25	47	25	9	26	50	19	40	26	45	14	9	50	50	23	3	7	3	12	20	21	16	49	47	48	32	25	14	35	6	36	16	9	16	4	4	39	42	29	29	49	34	13	11	29	24	36	26	48	14	26	31	21	
38	35	8	10	4	41	50	30	9	33	27	9	49	40	25	8	3	34	24	45	50	4	32	19	49	26	42	17	1	36	50	40	10	18	45	16	49	20	15	49	26	36	7	18	35	43	40	8	18	32	45	31	17	38	3	17	48	2	27	42	
29	31	1	9	16	22	36	6	33	32	45	48	41	14	46	31	9	1	38	42	33	45	45	6	15	34	26	7	2	11	31	4	38	18	4	32	30	27	46	29	38	43	8	42	18	31	32	35	16	21	42	47	9	3	50	35	44	10	7	50	
21	41	34	48	42	35	4	40	44	22	9	41	38	24	43	36	31	7	26	10	10	39	18	47	29	24	2	47	50	49	19	46	48	50	25	36	39	3	13	50	39	12	11	37	17	3	46	44	2	20	25	7	29	26	42	38	9	7	34	6	
27	35	42	39	30	12	25	26	36	8	47	5	30	7	43	22	44	33	27	3	43	4	45	37	21	35	19	27	26	14	44	5	10	30	37	42	15	31	14	13	36	36	43	24	22	44	50	39	8	9	3	21	16	38	4	49	22	16	17	26	
33	41	35	39	16	50	25	12	26	46	16	3	2	37	41	31	49	9	28	23	46	28	44	35	9	31	12	16	38	5	12	20	45	50	1	49	3	7	9	29	48	40	50	5	42	43	13	23	9	22	43	34	43	19	19	19	36	47	23	21	
35	49	48	6	24	19	48	28	10	45	11	13	9	19	36	37	8	22	24	40	43	1	48	3	41	10	40	24	25	45	18	3	17	31	36	49	6	24	41	15	18	8	10	41	19	16	10	45	1	21	38	47	18	49	33	21	28	26	1	5	
47	1	28	8	8	47	11	8	10	39	28	19	7	41	1	35	49	13	13	24	46	20	40	28	35	46	8	35	4	10	49	43	21	21	7	21	37	12	43	33	13	41	45	41	12	50	18	50	10	44	27	33	13	12	18	12	48	41	35	16	
46	22	20	9	23	31	7	37	1	2	38	29	22	34	47	24	3	26	45	38	29	23	14	38	35	30	46	50	15	35	27	9	13	33	18	15	30	1	21	7	3	29	38	26	19	23	11	32	9	42	41	23	27	12	27	39	5	46	19	19	
16	20	5	1	2	33	50	14	5	4	25	6	41	19	6	30	18	15	15	4	1	4	14	34	36	44	34	3	29	40	35	50	44	11	41	17	45	44	43	30	30	26	37	33	11	48	25	34	45	44	25	21	31	50	44	30	48	43	12	32	
40	16	9	1	20	3	9	42	46	2	14	48	12	18	36	29	36	6	45	25	48	14	23	20	46	33	10	35	2	20	3	17	17	18	31	35	11	37	3	50	44	12	8	44	37	19	46	5	31	1	24	45	43	42	33	30	3	2	15	21	
49	20	5	27	16	1	5	9	10	24	22	22	34	22	16	13	2	9	39	18	11	37	20	26	3	29	26	19	4	13	34	49	15	15	35	19	38	2	24	16	39	4	33	31	7	1	43	30	48	5	42	46	46	37	9	11	35	23	49	12	
13	47	3	35	23	15	29	10	12	43	38	24	18	2	40	24	49	50	48	6	45	8	50	24	8	35	6	29	32	25	32	43	39	4	36	4	8	24	11	37	12	11	43	31	7	24	35	36	8	31	28	28	42	29	49	11	25	37	46	4	
6	45	25	19	19	30	49	39	30	16	38	15	6	40	42	1	12	24	26	12	28	45	33	42	32	31	41	8	3	41	17	47	12	31	16	40	18	7	22	27	32	28	26	30	43	14	9	42	18	22	45	3	27	3	13	13	19	28	30	22	
14	17	43	12	12	11	26	41	29	13	47	35	15	28	21	11	46	17	36	19	22	22	39	3	39	18	26	18	36	47	26	16	22	27	33	43	37	29	16	3	22	12	44	30	23	17	28	25	20	48	50	6	32	8	13	9	40	17	11	38	
41	46	8	49	33	41	35	8	22	45	16	45	47	28	39	9	50	1	16	31	12	3	17	14	16	16	41	45	2	26	49	48	43	35	41	15	5	36	15	29	3	17	26	10	49	40	50	6	15	9	45	30	14	13	38	48	40	44	31	27	
9	40	20	45	23	22	27	1	33	26	10	43	23	20	30	2	15	38	24	14	49	41	27	11	48	8	3	35	11	25	10	6	4	47	44	16	27	31	20	50	12	39	10	2	22	42	17	42	13	29	12	16	45	13	44	23	13	33	16	10	
33	5	14	15	44	39	23	38	12	16	11	47	47	21	22	39	1	40	31	14	6	38	39	35	22	4	12	36	36	12	42	16	20	49	41	18	46	22	49	18	10	33	46	19	20	28	46	41	23	19	14	25	31	1	47	2	28	42	19	45	
21	23	27	18	1	2	16	11	40	16	49	28	4	36	5	45	7	38	10	34	44	29	17	21	42	26	32	24	25	24	7	4	21	41	20	7	45	8	47	45	14	27	20	3	17	10	5	50	1	25	3	24	35	44	41	5	34	46	25	44	
50	8	2	41	45	5	27	46	36	27	25	10	23	21	12	18	16	39	18	15	1	13	27	1	39	11	6	22	48	30	45	50	38	5	36	37	33	7	36	25	1	36	36	21	46	36	47	20	33	9	32	9	34	22	10	49	18	15	38	10	
20	32	15	35	13	7	39	19	19	32	24	21	28	42	10	34	39	39	46	14	10	50	8	30	9	9	43	41	23	6	46	42	31	17	22	49	36	36	18	16	50	20	39	37	38	3	4	29	25	12	19	31	33	30	25	43	44	42	45	27	
3	15	30	18	22	33	49	35	36	17	26	39	33	39	29	16	38	40	8	8	15	37	30	24	50	43	35	45	33	24	31	44	32	22	38	29	29	46	25	23	11	37	43	30	39	43	32	9	4	9	14	15	37	10	10	5	37	39	38	49	
37	8	39	22	16	23	24	41	18	4	33	38	2	34	29	27	27	46	49	8	37	14	37	21	28	31	29	5	17	45	8	32	23	27	9	31	4	30	43	23	50	33	44	9	44	45	49	42	9	34	9	10	18	7	43	31	21	24	24	3	
3	5	21	23	7	28	19	46	21	3	8	40	28	31	50	6	47	20	41	26	19	39	8	5	18	24	18	32	40	39	7	46	42	11	4	47	13	29	15	4	8	36	48	27	1	6	43	8	39	28	27	40	8	7	10	4	9	31	35	10	
26	15	4	25	20	24	6	14	46	9	32	29	13	21	26	11	13	21	37	47	5	21	12	47	33	20	14	31	37	47	4	48	44	45	30	3	38	34	31	45	4	47	22	3	49	31	31	44	38	14	31	20	42	29	28	6	33	7	30	11	
13	18	36	17	40	21	3	1	8	49	31	17	13	7	41	15	37	6	18	49	42	44	45	25	45	32	5	15	38	44	28	13	38	9	14	44	19	50	44	48	2	5	49	49	29	14	49	31	13	19	44	9	1	34	35	1	49	29	10	10	
44	43	21	29	10	1	23	16	31	22	45	31	8	43	29	30	49	12	23	4	38	41	6	31	43	22	10	31	18	48	15	22	7	44	39	42	42	38	19	27	7	23	48	24	1	33	17	45	38	27	33	27	20	6	2	27	16	14	31	2	
30	1	11	3	7	9	16	24	19	16	9	42	2	7	2	46	25	25	32	17	48	50	27	5	28	4	32	37	32	13	16	27	42	17	8	12	26	43	39	8	41	43	4	3	20	47	41	2	30	8	12	25	15	19	46	29	7	34	19	19	
1	18	47	10	1	34	18	18	1	19	15	32	37	47	20	25	6	5	49	9	31	44	29	8	35	25	29	48	35	29	37	27	43	17	49	24	19	14	44	28	1	41	4	7	44	19	39	48	18	4	36	6	19	5	42	26	47	4	40	5	
28	5	12	20	2	41	28	8	1	13	22	41	5	32	34	2	14	49	34	1	45	23	25	36	32	17	32	50	35	29	43	48	21	45	43	14	38	8	12	15	50	21	8	12	37	26	41	44	41	25	11	37	32	46	13	40	33	48	17	21	
13	16	5	30	21	45	29	50	38	14	15	31	26	8	9	6	16	43	25	18	34	36	32	34	5	21	50	10	1	43	13	40	22	35	14	47	33	17	42	42	17	41	22	28	4	32	9	9	38	49	43	13	24	36	6	9	35	42	22	47	
36	13	46	14	49	2	44	39	38	7	21	14	17	49	20	2	16	42	4	32	29	46	36	12	12	47	4	38	39	39	1	9	24	20	22	42	40	1	23	29	14	9	7	7	11	2	49	39	31	26	13	10	25	14	16	21	35	33	45	20	
7	24	26	16	26	7	38	29	21	13	28	38	49	15	17	12	46	10	3	36	18	34	41	2	9	19	17	37	13	13	33	47	32	23	46	35	11	34	9	37	31	33	46	38	10	1	47	37	36	34	12	27	33	32	48	41	37	24	5	11	
12	39	12	32	27	27	41	35	32	23	37	3	16	9	45	45	8	9	34	50	32	28	41	37	39	20	28	34	49	7	17	24	5	39	44	12	36	46	13	50	50	16	8	38	36	4	15	18	34	44	34	10	38	3	12	34	47	46	31	30	
44	14	14	25	31	48	11	48	1	18	32	44	37	17	17	9	31	28	14	3	36	10	5	15	49	48	29	8	7	6	5	31	49	37	6	7	4	10	50	29	5	35	21	20	11	33	38	25	32	23	7	1	12	31	42	38	2	17	35	22	
38	12	38	18	18	4	39	3	17	39	13	28	45	49	28	36	19	48	5	19	2	49	7	11	4	25	45	26	1	50	7	1	49	10	40	9	36	21	31	37	25	43	44	32	42	48	29	9	34	1	17	12	27	12	34	50	26	30	30	32	
41	48	15	3	10	45	1	49	30	48	35	6	26	36	21	13	17	34	43	14	27	25	28	3	28	37	44	43	46	10	36	19	31	30	7	16	6	39	7	4	8	38	42	46	1	9	23	4	32	27	41	16	26	20	44	47	46	46	29	41	
4	35	3	20	21	32	38	17	29	38	2	16	19	30	29	23	3	1	2	26	11	12	11	20	41	19	44	20	43	42	48	3	34	38	27	14	9	37	2	24	4	28	11	15	25	12	23	4	32	38	30	42	27	35	31	21	8	39	21	9	
32	14	17	25	38	15	37	33	6	43	25	28	32	37	19	44	5	37	43	32	35	27	12	25	41	46	28	8	25	43	45	7	47	44	20	44	39	46	17	16	29	16	37	28	39	16	6	13	22	41	26	8	17	20	43	32	13	9	4	25	
36	42	16	13	27	22	12	27	26	13	20	12	45	18	25	45	2	4	32	10	42	6	23	23	30	39	19	16	30	6	43	21	10	34	26	36	25	44	33	23	14	42	22	44	13	29	6	12	19	37	48	47	40	50	13	27	4	4	24	37	
43	29	1	38	32	12	47	23	39	46	26	11	29	29	29	5	37	11	40	30	25	18	6	25	36	5	24	6	48	33	43	26	26	24	37	11	45	36	28	45	44	6	41	42	11	32	6	34	33	40	37	12	23	31	10	18	45	4	38	26	
29	10	34	24	20	2	45	12	3	32	14	34	10	24	6	7	25	43	19	22	12	11	25	26	35	26	19	46	42	23	23	22	11	35	39	28	21	3	41	23	6	6	9	25	20	29	46	5	2	20	4	6	13	30	21	31	40	1	29	47	
On machine	3
16	9	32	23	5	7	2	9	28	2	7	12	19	34	1	45	17	33	31	11	44	20	48	43	20	7	12	44	1	38	20	2	47	9	42	12	30	38	40	44	10	41	17	26	29	36	15	13	21	12	20	19	40	31	28	15	44	12	21	4	
16	17	27	15	31	13	29	34	17	28	38	6	21	41	28	17	21	34	27	36	1	10	11	18	15	25	22	11	42	19	21	26	5	34	4	49	6	1	9	3	26	35	18	34	38	42	1	46	42	16	19	13	32	3	2	37	45	36	46	30	
48	48	45	15	28	34	42	42	38	27	30	27	13	41	22	49	2	45	31	28	14	1	42	3	20	13	44	9	49	36	18	23	27	37	22	2	4	43	19	17	23	35	47	3	10	4	44	39	31	38	20	3	41	39	16	17	2	16	27	29	
22	41	8	37	50	3	39	37	17	38	15	11	17	12	50	19	43	34	47	21	5	4	38	23	20	32	13	44	35	17	9	28	6	19	23	39	5	31	49	15	29	26	29	13	4	14	15	36	20	4	34	32	18	29	40	23	10	12	46	12	
47	36	33	17	40	37	42	6	39	5	12	2	45	49	15	40	30	29	39	9	6	39	41	37	3	46	38	36	45	45	42	6	3	10	16	40	35	7	13	22	27	6	38	7	32	47	29	15	18	40	21	29	32	29	10	21	42	35	44	46	
10	27	37	3	35	26	43	22	3	11	18	42	21	34	41	30	36	41	14	49	23	37	31	31	19	27	17	29	11	44	23	13	12	38	47	36	34	50	31	24	12	11	45	49	21	35	6	8	31	50	50	14	5	17	7	23	3	39	8	12	
31	21	11	8	23	25	48	30	1	2	7	15	13	3	15	14	4	5	20	40	34	30	19	21	9	33	26	18	30	15	34	14	33	10	29	21	25	30	46	48	36	13	48	40	33	13	7	32	7	4	23	30	29	14	22	5	36	31	32	8	
25	43	32	32	29	38	5	19	29	47	38	13	12	46	17	34	43	19	1	8	45	47	9	19	18	38	32	7	36	10	23	38	39	24	40	22	21	50	49	41	8	17	39	5	34	35	29	4	44	11	11	17	28	38	8	45	25	36	9	46	
32	50	19	12	39	4	34	35	46	4	42	34	11	50	33	11	34	7	24	15	12	31	7	45	32	38	3	17	45	4	29	43	14	14	7	7	13	34	9	39	48	9	36	3	17	2	10	6	20	8	38	26	37	20	10	31	21	22	29	35	
39	26	42	29	31	12	44	26	17	13	33	32	45	21	37	44	30	11	43	25	17	16	33	15	6	14	32	9	23	44	10	4	25	30	46	28	42	22	26	26	1	17	40	46	11	28	32	8	4	16	10	45	38	23	20	37	28	18	15	36	
46	44	38	41	21	46	47	17	37	18	49	8	37	46	33	12	3	4	18	3	18	21	9	31	46	39	49	37	13	21	24	8	26	26	9	49	3	21	5	32	15	28	31	46	33	8	24	10	31	1	9	17	13	10	7	22	46	20	20	50	
28	40	28	28	5	12	5	25	42	11	10	50	39	22	25	1	23	49	4	49	46	21	37	21	23	20	8	31	38	8	40	19	2	26	33	41	45	17	11	21	38	46	44	5	13	10	5	14	13	41	41	44	45	35	6	47	29	33	36	31	
34	23	50	9	47	31	11	17	45	10	14	48	1	32	41	38	40	45	31	30	13	12	33	33	21	7	24	17	24	33	16	34	27	4	30	47	45	2	25	15	22	27	40	39	38	27	36	32	33	13	48	33	5	35	19	32	40	22	30	13	
44	34	13	23	48	5	42	47	47	39	3	49	49	47	1	3	50	19	36	9	46	36	39	1	1	50	39	24	2	29	41	18	36	2	43	9	45	44	5	28	45	3	15	46	30	4	8	39	49	16	35	48	35	32	26	36	41	9	3	6	
49	24	37	12	45	48	24	41	43	39	5	39	43	10	29	36	46	42	33	18	7	21	11	37	29	33	45	26	44	2	40	28	19	21	38	28	23	17	30	46	45	26	18	15	5	21	18	24	41	27	44	5	11	35	47	19	35	25	8	38	
5	31	20	32	26	48	50	26	5	5	19	35	13	1	37	17	10	29	10	39	3	35	48	19	25	14	45	16	42	40	23	12	48	46	25	19	16	33	14	21	16	21	22	33	26	14	26	46	12	26	17	34	48	11	5	23	21	5	27	49	
12	24	40	25	11	17	32	11	23	37	41	36	46	41	16	18	1	12	17	43	12	23	5	36	35	29	47	35	21	44	34	21	23	42	11	34	40	44	47	5	19	50	13	20	45	21	41	43	22	25	13	25	37	42	44	47	22	16	37	14	
36	29	30	6	13	38	24	46	12	40	49	40	27	16	16	8	24	37	17	3	13	47	6	13	12	26	39	40	39	31	30	8	29	24	27	31	45	23	39	34	11	3	40	43	6	38	4	48	24	9	1	31	33	39	19	23	33	9	47	15	
19	26	48	45	34	27	10	4	49	44	12	35	3	14	2	19	7	26	16	7	12	28	37	38	11	29	50	8	18	48	33	46	33	43	35	18	17	17	19	20	27	23	9	20	33	20	8	26	40	34	16	27	16	44	25	37	44	25	47	29	
21	48	27	42	15	34	35	18	24	4	41	31	15	22	34	42	4	27	50	47	13	14	14	11	14	44	12	19	3	33	47	5	12	42	47	30	12	5	13	41	24	17	40	14	8	28	20	35	16	1	39	24	29	3	13	49	38	31	40	13	
4	44	36	45	3	15	30	49	31	23	5	37	33	47	10	38	30	14	8	34	12	31	23	22	1	1	15	22	37	21	45	26	11	30	40	35	22	35	4	38	42	5	33	35	45	20	4	24	11	20	41	3	32	27	34	31	20	12	43	19	
3	13	4	36	15	14	20	12	1	1	9	21	9	3	4	37	19	42	40	7	1	33	33	10	45	42	13	12	22	33	40	20	20	40	48	42	49	30	26	42	8	43	44	32	23	16	14	14	3	3	42	42	5	23	34	50	42	20	48	36	
5	12	21	28	22	49	45	7	9	15	40	30	50	42	9	29	21	40	8	35	28	27	35	26	10	24	11	22	33	14	1	31	45	33	16	3	18	35	11	46	22	38	1	40	50	12	23	41	18	7	24	5	15	33	49	45	45	20	38	2	
35	44	49	32	28	22	11	30	12	12	22	16	39	47	32	41	39	30	46	42	25	45	28	37	50	7	34	28	20	45	7	3	45	14	45	29	6	45	30	35	20	7	16	34	24	44	27	42	45	8	36	26	44	18	47	34	48	50	41	42	
3	15	13	49	36	8	8	7	36	43	29	17	36	28	26	37	36	10	16	46	20	39	38	31	25	1	7	25	32	32	7	14	43	11	3	35	28	44	10	22	7	43	22	33	15	3	31	37	30	41	33	28	35	29	2	16	13	20	5	12	
5	36	28	9	49	11	49	1	19	39	27	5	4	39	23	12	42	4	1	39	2	50	48	36	47	3	47	49	31	50	23	20	31	26	12	34	43	46	19	38	50	23	39	43	3	4	49	9	10	23	40	3	14	49	15	9	32	19	15	21	
43	34	47	50	20	36	27	6	6	11	7	49	42	45	10	47	43	30	37	37	27	32	39	31	37	33	30	11	41	16	10	16	48	26	34	7	25	27	21	27	33	48	3	10	9	20	9	6	26	37	31	13	25	1	26	28	20	44	36	31	
19	14	13	21	33	48	44	8	11	45	32	42	10	17	26	2	30	40	42	43	49	49	7	49	37	2	17	31	8	42	34	13	4	49	38	19	16	22	37	38	23	19	20	5	8	42	21	17	6	35	17	27	15	18	44	26	18	38	25	44	
24	34	41	24	3	41	5	27	28	2	12	12	13	25	25	43	18	15	48	18	39	48	12	16	30	14	28	5	38	7	26	31	50	42	13	43	9	8	49	26	42	39	7	50	1	24	15	40	16	25	41	27	6	20	6	7	5	40	27	47	
10	31	40	29	16	5	9	36	48	17	14	17	12	16	24	27	29	40	20	37	1	26	31	7	46	11	37	7	32	10	48	43	27	22	10	18	29	29	23	42	7	16	42	43	33	19	4	43	19	13	11	49	18	39	12	25	41	12	23	11	
48	9	19	6	7	48	33	49	6	35	3	43	49	36	48	4	32	45	27	9	25	18	27	16	11	34	18	42	5	9	5	6	50	36	50	39	33	3	11	15	45	23	50	28	2	27	48	39	45	28	40	5	23	6	30	17	46	14	18	9	
45	44	42	3	30	37	8	18	14	37	26	33	3	29	18	27	18	16	13	14	38	12	43	21	19	19	30	22	38	11	34	49	44	35	34	5	11	26	13	14	38	27	6	26	33	3	15	7	14	15	33	1	36	27	40	19	1	40	28	10	
44	25	42	29	1	2	29	36	22	31	2	16	22	17	37	27	15	27	35	15	1	2	18	43	10	3	6	40	32	41	8	49	3	25	3	21	37	13	12	45	41	16	37	7	41	17	36	25	42	34	39	34	16	4	29	47	45	49	33	8	
1	19	10	14	10	37	49	20	24	20	9	22	23	20	8	46	17	34	48	48	35	3	30	5	8	11	18	5	31	25	34	9	13	44	8	40	27	44	33	15	40	5	26	49	19	5	34	10	18	30	27	17	24	16	42	28	41	14	3	33	
28	22	11	36	30	13	13	15	6	25	25	49	46	2	11	29	39	43	47	6	23	9	11	40	38	16	17	26	3	37	39	24	34	31	48	23	46	9	8	19	48	6	49	41	29	40	45	25	5	10	37	45	37	11	7	39	29	47	47	11	
11	3	35	28	43	26	36	41	16	28	27	27	46	16	18	32	19	15	13	7	20	28	43	46	13	5	27	35	16	3	9	6	30	48	20	48	47	27	15	41	35	31	24	49	38	48	44	39	43	7	37	15	11	33	10	19	11	47	17	31	
24	42	22	21	14	42	25	1	30	40	33	11	18	48	23	38	25	25	28	20	40	44	9	34	37	15	19	47	41	5	46	15	27	22	19	25	50	21	3	38	4	35	5	43	15	22	17	21	18	20	24	20	42	2	41	24	31	24	2	21	
21	50	34	49	8	34	5	45	19	5	23	6	11	29	31	44	44	45	39	49	5	9	22	45	10	24	28	48	25	14	29	40	31	44	21	22	31	48	41	31	27	41	10	22	20	25	1	4	35	11	37	11	40	11	33	41	17	1	41	29	
9	17	8	25	47	41	16	48	1	37	20	6	13	46	43	13	28	39	40	44	8	40	15	42	18	14	35	41	29	7	49	28	36	2	47	5	39	21	1	8	37	37	39	18	5	2	34	13	10	2	7	3	15	8	29	29	30	6	28	26	
41	15	41	34	5	31	11	3	3	48	23	33	35	17	33	22	50	40	1	27	36	32	18	14	34	3	22	37	27	3	47	9	27	29	14	24	24	20	14	11	17	35	38	2	36	29	40	32	13	22	14	38	39	7	7	32	5	29	6	2	
24	7	34	19	22	37	13	17	14	31	10	12	3	43	32	8	27	7	34	49	32	8	12	49	43	23	30	38	32	21	31	35	27	34	45	50	5	25	21	2	24	44	3	50	41	2	32	50	4	32	42	36	30	28	6	41	20	8	39	3	
8	17	16	39	8	50	25	45	2	27	7	33	30	4	50	9	11	19	34	15	12	3	44	42	32	6	26	33	38	41	15	20	28	49	48	37	30	3	8	29	46	11	45	45	39	34	50	42	50	22	35	33	34	18	6	10	34	37	36	18	
40	12	19	27	9	1	5	48	38	5	45	10	21	12	11	22	32	46	16	50	25	1	5	41	38	40	33	38	50	25	24	31	46	32	19	13	33	23	13	11	19	5	40	14	50	42	32	18	3	31	15	17	14	12	48	31	1	29	29	33	
20	11	11	32	24	40	33	28	24	27	4	7	37	27	33	8	4	50	26	44	44	45	2	7	42	45	5	41	41	31	37	41	10	2	23	16	5	26	18	16	39	13	12	41	36	17	21	21	48	1	27	21	38	12	36	5	24	39	22	8	
29	38	39	34	1	50	38	9	26	30	16	5	7	7	25	43	24	49	50	33	8	37	24	23	46	34	8	5	8	28	11	37	6	42	13	21	32	27	21	7	5	38	41	17	41	23	17	46	15	33	20	50	24	6	25	3	11	35	1	6	
35	33	7	14	12	17	48	9	20	17	23	13	41	4	38	31	25	38	32	46	21	26	34	39	44	50	7	15	50	31	15	33	39	22	14	35	46	5	14	19	32	6	18	22	39	29	12	34	29	42	2	27	31	49	1	36	10	27	20	45	
43	43	36	33	1	30	38	41	6	9	3	20	26	43	42	4	35	32	50	3	31	13	7	12	16	8	47	4	14	30	30	28	32	3	3	47	14	37	40	8	49	19	10	4	18	11	27	50	27	13	44	20	49	5	36	34	35	24	34	28	
23	33	40	31	36	10	12	2	14	29	50	5	24	20	1	49	10	26	34	10	40	5	20	12	23	28	10	33	14	1	28	19	48	39	26	37	2	49	5	19	16	33	49	43	29	15	6	12	25	49	32	43	27	20	46	28	29	19	9	20	
20	39	17	10	12	6	48	43	8	48	35	28	11	28	9	21	39	22	34	23	20	12	24	11	37	42	36	39	5	13	25	33	1	6	20	11	17	37	17	31	23	39	18	10	5	12	18	30	21	27	6	17	24	9	33	37	47	47	12	42	
7	50	9	1	17	2	16	33	25	34	3	29	12	15	45	7	15	46	1	17	9	8	50	5	17	18	19	18	25	15	32	25	12	47	13	42	2	9	15	34	13	34	6	2	3	5	6	5	33	4	20	39	10	1	30	38	35	47	44	21	
23	41	2	30	13	38	9	13	5	41	49	11	48	1	35	8	19	19	31	23	48	48	42	42	45	17	46	25	29	7	24	41	20	31	24	14	11	41	39	17	2	31	35	2	45	22	46	8	6	32	17	28	11	16	17	29	44	4	34	48	
44	36	47	30	1	12	28	31	22	4	46	42	31	37	15	14	44	9	36	9	45	20	50	24	16	16	1	8	4	6	32	12	36	41	50	11	50	43	34	34	4	41	13	18	7	7	9	20	17	13	39	6	41	37	33	37	4	4	1	19	
9	17	2	16	22	13	8	34	32	44	48	12	12	32	42	2	23	31	30	25	48	26	5	50	12	9	8	22	41	34	11	15	28	31	38	13	49	38	50	5	18	39	47	30	27	41	37	4	3	39	26	14	25	32	39	3	3	22	35	39	
8	44	31	31	4	24	24	13	40	36	42	37	10	48	24	25	10	13	4	13	30	35	13	27	40	5	33	30	5	30	27	35	30	3	8	41	11	18	44	6	47	43	2	35	37	41	47	10	29	24	4	20	47	31	28	9	7	7	48	23	
36	19	36	4	40	11	16	39	14	3	21	30	50	11	49	24	24	21	16	7	6	15	34	44	46	46	28	35	38	12	50	47	26	25	32	26	36	20	9	32	9	37	12	3	8	5	11	11	5	6	20	21	31	15	28	24	9	35	24	48	
5	14	3	24	1	31	3	41	44	12	32	48	5	7	13	50	24	42	46	2	13	9	33	40	28	44	40	27	17	20	9	2	41	2	16	1	30	3	26	11	34	3	31	22	17	33	20	18	45	4	35	13	4	50	1	6	49	10	8	26	
44	38	4	23	27	14	9	31	9	6	48	23	20	39	39	13	28	49	36	31	15	4	28	19	1	10	38	48	22	2	25	32	42	23	8	11	34	40	26	41	32	5	1	36	44	18	26	22	26	25	49	32	3	22	12	2	33	17	43	7	
19	39	21	35	7	9	28	6	30	50	16	50	20	30	21	22	13	1	46	6	33	45	47	25	25	36	47	33	28	35	39	46	44	9	46	10	48	30	5	27	12	30	42	16	3	43	30	18	24	16	26	46	12	7	26	22	26	22	37	7	
23	43	48	4	8	13	33	28	1	34	37	26	38	32	45	40	28	21	35	44	22	20	12	15	4	9	49	5	9	8	49	30	50	17	14	39	38	37	23	12	15	38	36	18	44	6	11	43	30	24	17	38	45	43	1	25	32	50	31	50	
10	3	15	6	22	32	17	21	37	47	40	13	49	34	22	40	10	36	16	6	11	43	6	48	10	24	31	13	42	26	44	8	4	29	36	10	26	48	40	28	33	7	28	38	8	21	50	19	29	5	40	2	32	40	36	26	45	20	2	39	
On machine	4
47	46	28	31	49	27	36	12	13	40	19	39	36	15	5	18	6	44	9	40	37	41	15	42	32	34	13	21	42	19	9	23	48	40	23	20	14	4	5	29	43	30	44	30	35	21	19	8	5	27	45	28	16	9	43	11	28	17	10	15	
33	10	30	2	13	17	44	44	8	44	6	34	42	22	40	49	27	33	8	19	9	48	22	34	27	22	46	36	32	27	7	20	31	29	9	31	4	38	4	47	41	37	39	23	28	38	2	18	7	34	14	5	18	49	8	13	39	7	14	18	
18	16	30	20	28	46	17	46	42	39	41	17	30	17	20	2	11	32	14	32	27	30	31	9	12	36	20	15	18	39	27	47	23	5	16	36	8	48	40	11	44	31	43	44	40	20	20	13	17	23	10	25	39	33	5	48	12	48	36	41	
45	30	31	6	8	44	32	37	20	31	16	49	40	34	34	30	11	44	15	26	49	27	27	10	39	49	2	13	3	25	12	39	22	37	46	16	34	18	6	42	21	47	42	36	37	36	10	48	30	7	47	34	20	27	9	37	45	4	11	37	
16	3	29	11	2	15	40	40	17	43	26	50	15	28	12	9	34	26	34	30	46	22	49	37	21	41	32	15	11	36	35	42	5	17	20	18	28	6	22	33	7	36	24	11	17	4	25	43	48	36	7	13	33	5	19	42	24	16	12	7	
48	3	4	25	9	5	39	25	8	47	33	38	46	7	32	37	36	22	3	5	33	38	19	27	29	34	28	11	27	32	14	38	47	40	28	38	4	34	22	42	43	10	23	40	4	24	2	15	42	41	34	4	45	46	42	10	1	3	2	20	
5	19	9	37	43	48	40	10	37	37	30	16	14	29	8	31	31	12	24	1	19	43	43	19	46	10	19	19	24	8	29	44	47	40	7	23	32	1	42	27	7	44	41	19	28	40	5	10	19	50	38	28	44	19	10	25	12	13	50	27	
21	7	42	40	2	1	32	27	39	46	24	14	30	6	5	48	35	28	40	49	24	16	42	19	6	27	48	50	31	35	31	4	8	42	7	32	15	15	48	17	33	1	28	20	49	1	4	9	3	41	37	34	46	49	48	23	6	27	11	29	
32	37	1	50	47	40	42	22	22	40	4	16	30	32	29	18	2	8	45	9	21	28	44	46	30	11	25	25	3	23	19	6	30	33	16	40	12	19	20	17	43	49	38	27	2	3	28	41	4	39	1	35	12	21	6	2	31	38	26	23	
39	7	15	3	24	34	35	4	18	38	32	35	39	16	38	39	40	26	41	43	48	38	16	47	38	33	26	36	50	6	11	34	30	48	25	23	34	30	20	27	45	36	25	47	49	29	13	49	25	34	8	3	40	13	6	10	12	26	12	6	
15	1	40	50	25	18	31	37	20	33	37	24	33	29	44	34	7	8	24	30	49	1	35	6	49	40	37	28	19	28	20	33	2	27	8	24	45	50	16	47	37	33	23	10	37	39	28	33	28	9	7	9	1	6	15	29	32	41	46	20	
27	48	12	5	28	38	35	14	45	32	18	1	4	3	14	30	16	33	46	5	18	49	26	25	14	26	45	23	49	24	41	38	29	29	33	21	6	34	23	15	1	47	27	6	32	31	36	33	16	26	5	35	32	46	6	35	1	33	27	13	
33	26	12	11	48	47	22	3	12	34	27	34	11	9	2	4	27	40	50	12	3	38	16	50	13	49	3	27	14	37	47	30	13	3	42	8	18	41	30	15	49	18	27	1	41	20	7	48	25	49	5	29	26	30	45	16	7	42	13	22	
23	42	11	47	31	39	12	6	33	17	14	11	48	37	49	19	5	41	25	15	40	10	18	23	46	2	6	24	47	6	50	21	41	22	44	29	37	36	42	40	2	29	35	15	18	6	26	48	49	3	26	38	10	43	11	40	50	30	23	21	
2	5	13	29	39	14	12	44	12	14	20	31	42	33	42	50	27	20	12	41	8	2	14	24	7	46	22	2	1	46	49	46	29	17	25	27	4	36	43	3	33	3	23	48	32	15	14	37	27	6	28	38	1	47	16	22	13	3	13	32	
45	8	45	12	16	39	8	19	48	25	42	9	1	37	13	29	13	41	6	11	11	12	34	6	19	32	28	37	16	13	32	1	20	26	41	20	45	29	6	14	48	15	46	21	48	14	38	3	5	47	24	14	18	29	22	2	50	17	47	31	
6	3	26	17	43	26	19	49	29	30	49	32	3	39	33	4	50	47	32	25	38	49	44	5	29	48	9	5	14	24	43	41	32	7	35	10	7	33	49	48	23	2	20	32	13	29	11	33	11	14	50	36	21	30	29	43	6	13	47	38	
38	45	2	27	35	34	13	39	21	35	2	44	41	2	22	14	20	1	48	39	31	10	17	25	25	36	43	3	6	47	38	11	11	2	1	27	6	30	4	50	33	21	22	3	32	2	12	19	45	2	10	41	36	30	44	31	46	14	6	24	
45	38	41	11	2	33	32	10	41	37	1	30	41	46	19	44	1	42	47	10	3	24	17	22	16	48	10	23	31	27	39	48	20	42	17	46	24	24	29	31	20	29	40	24	1	46	26	18	48	8	40	8	20	32	29	14	35	24	36	39	
31	1	50	24	38	29	31	35	15	46	5	26	32	16	21	17	31	9	26	10	22	22	8	28	19	2	4	14	41	47	39	44	48	32	35	28	33	2	12	2	13	15	18	9	26	36	33	20	13	50	25	15	28	35	50	22	31	45	24	3	
6	6	26	24	41	11	23	41	20	11	35	26	49	17	6	3	1	14	17	48	4	36	13	2	20	31	39	33	2	49	5	40	30	7	42	13	17	45	33	19	5	41	21	16	30	32	30	20	25	18	3	42	9	35	36	14	29	43	33	43	
21	8	18	40	43	21	31	24	26	10	3	25	11	9	45	50	10	46	2	25	22	19	3	34	23	28	6	33	27	39	44	14	21	42	34	11	2	34	45	4	29	27	5	28	49	29	6	46	4	35	21	15	18	38	36	29	6	27	7	34	
21	48	19	9	50	9	15	46	10	14	35	18	16	34	17	8	29	32	34	1	3	49	9	3	39	7	6	40	47	46	27	48	24	18	26	35	45	12	21	1	30	47	22	11	42	3	18	30	6	49	17	31	31	47	4	34	37	12	21	2	
10	29	38	30	30	11	33	3	27	3	3	37	20	47	3	11	48	36	10	22	45	9	43	47	18	9	31	19	10	18	24	26	24	22	18	41	10	40	1	4	42	36	13	22	50	46	18	41	12	1	11	31	38	19	35	46	9	26	2	33	
16	22	29	31	8	33	11	20	30	15	4	30	47	26	23	31	3	45	35	32	19	32	44	33	26	11	40	1	43	26	16	4	43	24	36	40	14	36	33	8	33	27	6	17	28	25	25	49	36	38	38	36	15	48	19	7	24	24	40	11	
3	14	9	17	6	35	30	20	1	26	40	25	26	3	6	41	18	16	44	31	37	4	15	17	11	27	47	24	10	16	3	47	34	17	33	2	48	49	3	10	11	39	1	44	26	49	41	1	40	46	49	42	39	40	8	22	26	34	12	47	
6	13	15	2	10	21	49	9	8	46	29	8	29	48	9	15	9	6	1	21	50	43	6	36	3	36	27	32	9	36	14	27	15	1	1	13	47	31	1	13	16	2	21	17	48	42	25	43	35	29	44	15	29	22	37	10	17	4	3	25	
2	41	26	25	46	20	7	40	26	17	35	13	36	7	12	16	26	5	15	26	20	39	50	7	37	27	48	49	14	34	19	27	43	13	22	8	44	6	11	34	4	33	2	33	41	37	20	38	50	9	47	1	26	21	17	40	13	37	50	30	
23	2	47	17	50	42	13	18	6	13	30	50	17	46	8	35	28	32	17	46	15	20	26	29	13	13	46	50	22	40	40	3	50	45	9	19	49	24	33	18	32	41	2	5	44	8	39	26	30	47	29	39	13	6	26	46	32	14	26	48	
26	16	34	28	46	1	16	44	12	50	46	31	12	9	32	38	12	33	8	48	17	20	49	6	15	16	23	27	30	10	49	36	48	35	4	1	40	43	14	43	40	42	25	36	49	15	32	10	23	5	29	22	25	20	9	13	50	48	16	6	
50	46	43	21	5	5	6	46	38	39	3	11	46	6	26	22	42	43	46	8	26	20	31	7	18	2	27	31	12	48	5	22	44	6	3	18	25	14	47	42	12	8	32	47	1	13	43	30	31	5	7	46	14	23	38	18	2	14	24	7	
5	46	9	43	44	21	17	50	33	2	43	29	7	34	29	45	9	3	39	47	23	49	50	21	23	11	36	16	49	44	24	10	44	38	20	36	45	20	19	48	12	18	40	14	14	33	50	50	30	43	32	49	31	1	49	10	4	46	2	28	
5	4	36	35	24	50	46	18	48	29	18	47	28	50	25	49	6	40	22	36	25	4	6	1	49	9	11	12	34	3	14	13	12	28	26	31	16	10	18	22	40	9	40	44	4	48	4	14	43	33	47	34	27	34	18	42	34	14	15	2	
1	24	37	1	6	29	42	41	3	8	18	27	28	38	32	23	42	46	34	39	6	25	40	12	3	32	11	21	49	25	42	41	21	17	9	7	22	3	3	12	29	18	47	33	18	9	44	9	9	26	44	46	28	15	41	33	9	34	15	25	
42	18	44	2	7	38	48	13	1	28	35	21	34	49	47	15	28	8	44	21	44	18	33	2	45	27	40	14	33	35	44	15	33	16	8	12	16	45	45	35	30	50	45	46	37	37	40	21	3	10	39	46	37	4	17	44	16	24	16	30	
7	47	50	12	41	25	10	42	49	41	14	14	45	43	29	6	33	6	25	9	34	40	21	1	35	28	16	33	45	15	15	32	7	2	5	25	45	15	8	50	50	46	35	19	4	35	37	32	28	6	30	40	3	49	4	39	32	36	8	9	
17	7	4	26	37	26	17	37	2	25	35	3	13	45	7	36	14	14	36	41	25	25	25	39	41	6	1	25	33	23	2	11	27	7	39	27	49	29	48	24	46	5	5	44	4	42	2	29	10	22	50	44	21	45	32	30	38	33	32	42	
37	29	27	42	47	39	40	22	17	38	12	1	10	26	8	2	6	4	8	39	37	47	3	6	24	36	6	15	33	13	35	35	22	14	16	43	11	24	20	6	33	42	11	21	15	4	16	50	9	11	22	24	49	46	40	36	20	13	10	5	
35	30	1	22	45	50	25	11	34	16	23	31	28	17	13	33	49	6	36	33	49	31	38	39	3	1	8	48	42	40	40	49	24	13	24	44	39	29	25	22	5	19	1	11	17	34	45	6	27	46	17	8	8	27	5	41	40	1	25	29	
14	15	48	39	17	48	19	50	16	5	42	19	9	33	37	26	5	17	30	1	41	6	25	33	15	10	45	15	4	49	13	10	40	16	1	38	13	14	22	29	17	16	40	40	27	26	39	50	26	34	36	3	28	32	12	25	22	46	28	2	
30	42	12	44	38	5	43	50	39	6	33	10	27	13	34	14	17	16	15	18	29	5	43	4	3	20	15	44	43	10	47	49	16	13	16	24	15	10	48	7	31	2	45	49	24	18	26	9	49	17	26	34	34	48	22	3	44	12	28	40	
42	44	32	13	4	44	4	1	11	25	13	45	23	47	18	39	19	29	38	50	38	43	22	11	47	33	45	40	5	4	27	18	22	10	46	4	31	18	43	34	9	6	4	39	44	49	47	16	12	32	12	4	27	26	20	2	50	6	22	46	
21	21	13	27	2	46	43	11	31	11	21	22	22	11	39	23	47	35	34	37	4	7	27	44	37	27	26	36	48	20	33	9	2	21	4	3	9	28	43	10	26	20	26	5	21	33	41	40	16	11	13	22	18	36	12	17	30	40	14	14	
29	1	23	25	36	44	18	8	49	26	21	36	8	5	18	28	24	6	19	22	30	32	25	10	24	49	5	31	6	27	11	45	41	17	31	10	9	44	48	29	24	30	39	49	42	27	24	15	9	38	2	26	46	7	28	48	39	42	24	43	
49	46	47	28	47	26	11	11	48	29	22	8	47	10	43	45	39	26	14	8	20	31	21	47	48	21	2	23	23	10	11	27	11	23	41	20	32	10	5	10	29	17	18	28	7	17	34	17	37	29	4	26	5	21	43	22	15	27	44	34	
47	47	27	41	2	13	47	37	28	41	39	14	37	44	39	48	26	37	18	41	4	24	48	46	48	24	9	48	40	13	8	31	44	44	33	18	31	7	19	14	32	15	12	22	35	46	36	31	15	4	31	42	4	16	24	36	37	44	22	42	
39	10	48	9	8	12	17	19	13	27	36	47	30	23	9	24	14	42	17	2	33	50	36	48	8	45	25	1	44	44	47	31	13	4	21	34	30	39	11	40	13	42	26	40	9	4	35	48	10	44	8	4	18	41	29	26	36	30	16	39	
15	22	46	49	50	27	23	34	9	15	25	37	19	40	7	2	28	48	43	15	21	22	38	42	33	23	25	2	48	5	14	23	11	10	37	33	23	42	17	20	23	47	16	7	17	5	14	18	29	26	48	2	41	2	7	12	39	12	12	12	
39	8	25	49	37	20	22	33	11	48	4	19	15	4	32	22	6	39	3	28	29	26	27	29	20	18	1	11	40	33	12	28	10	37	37	36	6	30	26	23	10	6	7	41	36	6	37	25	27	8	48	31	25	34	13	18	28	28	24	33	
19	32	16	32	25	26	45	11	28	2	24	45	7	13	46	8	30	22	50	50	49	10	30	15	7	2	11	4	23	30	1	12	35	34	38	29	42	6	47	9	27	10	46	19	16	43	34	31	41	20	27	9	37	43	29	43	30	31	27	11	
27	15	46	19	44	33	7	17	50	40	9	23	20	30	42	42	32	42	32	12	38	16	43	31	33	6	46	5	39	3	19	34	6	11	5	37	30	36	29	29	31	26	32	33	32	4	14	27	46	17	26	44	2	10	9	9	9	41	39	42	
26	33	32	46	21	5	30	18	38	18	22	11	41	9	42	46	39	5	1	37	23	8	16	41	8	32	42	7	14	12	12	7	12	20	34	8	47	9	43	40	7	49	45	32	24	31	46	8	24	37	11	34	23	23	9	47	11	28	40	13	
25	11	44	8	29	26	41	23	33	42	17	42	24	50	8	32	25	20	26	8	32	5	40	9	22	48	47	39	41	46	41	38	46	16	17	30	38	14	10	1	23	10	29	14	47	43	45	45	7	18	28	8	37	48	21	9	6	41	44	10	
42	47	5	4	12	15	31	43	40	45	49	9	27	34	44	41	38	30	19	25	24	49	5	25	10	15	1	19	17	34	13	18	37	41	41	18	18	36	21	14	37	30	36	19	46	32	12	29	31	30	38	21	29	38	45	2	12	7	40	20	
49	17	24	1	25	36	46	33	18	32	28	47	24	42	50	16	27	39	37	46	22	25	40	21	49	3	26	41	19	44	24	13	19	23	15	36	16	42	3	4	32	24	14	19	4	9	10	38	27	39	40	44	21	17	18	2	42	19	21	31	
50	41	35	23	26	18	27	41	35	49	32	50	39	36	23	19	45	36	4	48	16	17	49	37	32	2	2	15	25	21	50	36	4	44	35	36	11	50	21	39	47	13	40	43	47	3	39	4	43	13	40	15	8	19	10	14	17	28	9	6	
28	13	11	45	5	18	22	5	28	3	29	15	14	24	3	26	38	25	14	11	23	28	10	19	31	27	4	32	20	42	25	41	44	45	41	6	9	43	20	47	25	21	1	4	45	17	17	23	46	6	3	27	32	17	43	25	19	37	19	29	
15	21	38	26	40	49	47	36	47	30	33	17	45	20	41	7	7	29	47	9	28	10	17	37	5	36	41	43	40	45	42	44	30	11	9	9	32	29	43	14	48	40	7	44	9	8	7	25	14	30	13	6	4	20	16	13	45	17	40	6	
3	12	17	45	11	39	32	47	27	46	39	5	31	15	18	31	16	15	23	3	22	21	19	3	21	34	32	18	24	12	45	4	13	13	20	4	47	45	38	35	13	15	21	4	49	16	1	37	28	49	5	45	20	34	25	35	40	31	19	5	
20	3	16	34	21	26	34	2	21	21	49	11	23	50	39	25	26	47	23	31	16	19	20	42	5	35	42	25	32	7	44	35	12	25	32	35	37	40	9	28	27	7	49	16	14	12	17	41	22	1	42	39	47	49	35	43	18	6	17	20	
