Factories	2
Families	20
Machines	6
SetupType	3

Number of Jobs in each Family
8	5	6	3	8	6	7	6	7	8	4	2	4	6	9	6	4	9	10	8	

Jobs in each Family
0	1	2	3	4	5	6	7	
8	9	10	11	12	
13	14	15	16	17	18	
19	20	21	
22	23	24	25	26	27	28	29	
30	31	32	33	34	35	
36	37	38	39	40	41	42	
43	44	45	46	47	48	
49	50	51	52	53	54	55	
56	57	58	59	60	61	62	63	
64	65	66	67	
68	69	
70	71	72	73	
74	75	76	77	78	79	
80	81	82	83	84	85	86	87	88	
89	90	91	92	93	94	
95	96	97	98	
99	100	101	102	103	104	105	106	107	
108	109	110	111	112	113	114	115	116	117	
118	119	120	121	122	123	124	125	

Total number of jobs
126

Processing times of jobs
5	6	2	2	10	2	
2	3	2	4	8	5	
5	4	10	5	4	5	
2	7	5	6	9	8	
6	6	1	5	4	5	
2	1	6	6	6	3	
5	5	8	2	9	3	
1	2	5	9	9	6	
3	8	3	5	3	3	
1	1	8	2	2	9	
9	7	2	2	9	8	
3	5	3	5	3	9	
10	1	4	9	1	10	
6	3	9	3	1	3	
8	10	6	8	1	5	
8	10	3	2	8	5	
9	9	2	9	9	8	
1	6	8	1	2	1	
7	8	3	4	1	2	
8	8	9	10	2	8	
8	3	6	7	10	2	
8	7	1	3	3	8	
2	10	1	5	10	9	
7	7	6	9	6	8	
1	5	4	1	8	9	
2	3	5	2	10	6	
3	8	10	3	2	6	
2	2	2	5	7	3	
8	5	3	10	6	6	
7	9	10	4	5	8	
3	9	10	8	10	4	
2	6	9	4	4	3	
5	8	2	1	8	5	
1	3	1	2	5	3	
10	10	9	4	4	3	
6	4	2	10	10	7	
10	8	3	2	2	5	
7	7	2	10	1	1	
1	10	1	10	6	3	
9	2	7	5	8	2	
6	8	5	8	3	10	
1	3	6	6	4	9	
1	9	4	2	3	10	
9	2	7	4	2	3	
3	2	1	6	5	2	
10	2	9	10	10	1	
6	10	10	8	9	3	
3	2	7	2	7	6	
5	3	7	9	5	8	
5	6	6	6	2	1	
3	6	7	3	7	3	
10	8	10	10	1	1	
5	6	6	2	8	6	
6	8	3	6	3	10	
4	10	8	5	6	7	
2	3	10	6	7	6	
5	9	2	10	4	7	
8	3	2	9	2	6	
5	1	10	9	9	3	
3	6	8	2	3	6	
10	7	4	3	2	9	
5	2	6	2	4	2	
1	3	3	2	4	5	
1	2	1	4	3	8	
4	2	2	1	3	8	
5	8	1	2	6	10	
6	1	8	3	3	4	
6	1	3	7	5	4	
9	9	1	3	10	2	
5	6	9	3	7	1	
10	4	10	9	4	6	
4	9	3	9	1	10	
6	1	10	2	4	5	
8	10	1	10	2	5	
3	9	5	8	6	8	
8	7	10	6	6	7	
9	9	7	1	3	5	
10	8	1	9	10	7	
9	2	4	4	4	3	
1	9	1	8	9	5	
4	6	7	8	8	10	
2	2	4	9	9	8	
3	7	5	10	7	8	
8	9	7	2	4	1	
6	10	2	3	8	9	
5	9	2	6	5	4	
9	8	10	4	6	9	
1	4	1	9	1	3	
5	7	8	3	9	2	
10	4	5	2	3	3	
2	4	8	9	10	10	
6	5	7	2	2	4	
10	9	7	9	10	3	
6	8	7	6	4	6	
9	6	1	8	8	5	
4	3	2	5	9	3	
5	7	4	10	2	3	
7	6	6	2	9	8	
1	9	8	4	10	10	
2	1	5	1	3	4	
8	9	7	2	1	6	
6	3	3	7	5	5	
3	5	2	9	7	7	
2	9	2	1	4	8	
3	4	10	7	9	3	
4	3	4	4	3	2	
8	1	5	2	7	8	
6	7	7	6	4	10	
6	6	8	8	2	7	
6	8	10	2	10	1	
9	2	9	4	8	4	
3	4	5	1	8	9	
10	2	7	1	8	10	
9	10	3	3	5	1	
5	1	9	9	4	4	
4	1	5	8	8	2	
4	3	10	3	1	10	
1	8	6	5	8	10	
7	1	9	6	9	7	
10	9	6	2	5	7	
4	9	7	2	3	5	
8	9	1	9	4	9	
1	1	3	3	8	1	
8	7	5	5	6	9	
5	5	7	8	2	4	
2	4	10	6	6	10	

Stepup times between Families, where [f][f] represents initial setup time
On machine	1
73	35	7	36	18	46	11	90	1	45	57	29	6	15	86	9	48	86	44	72	
9	7	66	61	1	13	91	95	75	19	98	94	11	86	45	98	15	47	48	10	
84	24	1	50	43	57	66	71	12	89	66	6	62	22	52	36	24	25	32	61	
36	41	43	60	36	51	9	22	41	6	45	13	96	8	85	55	50	76	6	11	
92	18	50	83	15	72	40	26	60	58	53	24	11	8	57	7	13	34	71	13	
75	4	48	20	2	96	8	5	75	93	75	52	48	89	16	10	40	41	12	80	
53	62	77	63	20	20	91	72	29	59	59	82	46	58	38	74	28	31	56	99	
43	22	9	6	66	62	32	35	49	9	86	5	12	79	85	98	92	81	70	79	
4	62	20	14	88	79	3	12	29	43	35	78	57	49	16	79	28	17	89	16	
39	88	16	30	4	60	10	58	2	23	19	75	51	95	20	1	19	78	62	90	
54	11	38	89	29	57	40	60	45	82	96	10	45	90	24	42	25	41	70	79	
71	78	32	32	8	94	45	42	98	37	77	59	13	27	9	21	20	93	60	4	
89	65	17	92	52	91	70	54	68	38	37	68	30	11	73	16	49	11	68	9	
98	95	42	24	45	67	80	6	33	39	93	17	93	58	100	36	50	36	20	66	
83	19	69	42	87	16	80	44	2	10	80	52	34	95	54	84	19	87	70	11	
84	74	27	99	52	69	49	26	81	31	5	5	21	100	12	25	30	58	23	62	
26	8	31	56	34	15	81	24	26	63	84	80	98	42	50	7	23	55	19	87	
29	85	96	20	23	77	31	79	92	66	44	6	41	35	15	20	71	58	63	60	
58	15	14	67	13	55	22	53	88	54	52	87	20	71	30	18	59	66	42	47	
84	98	85	100	95	72	54	42	95	64	71	23	99	83	36	93	80	89	38	8	
On machine	2
61	87	42	97	96	27	51	32	60	95	85	3	94	80	95	27	33	80	86	2	
5	73	18	9	62	19	82	61	60	20	31	1	50	91	38	30	9	91	39	13	
22	8	16	68	55	70	57	59	58	38	99	49	70	53	84	68	22	60	36	9	
91	88	37	51	21	53	76	73	85	98	73	10	98	66	78	37	46	94	93	97	
2	37	43	7	12	41	53	5	79	24	33	17	24	65	60	67	40	4	43	23	
2	19	6	58	39	79	37	75	55	7	57	93	62	23	13	75	94	39	77	23	
66	45	66	6	87	27	76	48	99	98	12	79	44	88	63	50	21	5	7	57	
18	29	78	26	24	19	92	25	88	80	80	39	6	37	11	72	89	43	28	19	
48	66	80	86	41	4	30	6	85	50	60	100	48	47	52	33	75	64	85	71	
83	33	89	36	87	34	64	82	13	15	34	96	37	56	25	28	35	35	71	97	
98	72	18	91	1	51	11	73	56	48	84	99	10	92	65	84	90	50	40	81	
55	49	8	14	41	31	15	92	81	9	52	92	88	74	92	95	79	24	58	63	
77	78	64	1	77	59	8	7	26	47	77	52	92	75	39	5	65	5	4	79	
44	26	3	10	12	79	9	16	64	50	99	78	73	6	91	82	5	92	54	26	
63	4	97	52	75	31	19	55	8	5	98	24	30	46	97	68	57	89	86	97	
47	13	76	51	5	68	11	49	93	25	43	17	2	49	77	44	68	47	39	41	
30	44	91	44	66	33	75	34	67	23	59	23	96	94	66	70	32	16	97	52	
85	16	14	43	70	57	9	37	80	57	65	30	51	80	61	54	13	79	78	71	
50	49	16	53	28	75	53	46	6	19	37	80	34	59	80	29	23	22	45	75	
66	24	95	48	24	54	41	19	17	45	89	95	11	15	32	88	34	69	88	20	
On machine	3
7	91	7	31	43	81	57	22	77	51	84	77	22	76	34	43	92	58	18	2	
1	21	22	51	13	89	37	67	87	21	93	83	12	97	3	77	20	38	29	59	
77	68	83	71	93	9	86	56	95	33	30	80	29	32	99	71	49	51	9	39	
1	77	90	88	24	21	72	61	89	86	84	4	30	78	82	27	34	51	62	83	
34	65	3	37	50	35	6	46	38	65	85	23	70	46	8	10	7	24	19	72	
51	17	77	40	37	35	9	50	77	94	8	11	4	27	14	60	19	84	4	89	
64	11	85	17	34	5	79	50	22	52	64	34	53	51	6	43	60	76	12	59	
66	30	6	53	29	72	31	46	36	1	88	39	35	82	84	22	7	29	2	96	
24	99	83	82	84	8	65	50	57	89	91	8	58	19	41	76	30	34	2	66	
82	73	92	93	24	88	8	16	19	89	15	63	61	44	36	88	11	40	23	49	
16	7	33	61	52	81	1	41	50	35	66	33	80	15	14	3	30	90	39	83	
9	95	56	23	78	42	70	70	50	35	16	23	79	48	11	91	28	40	46	63	
33	38	49	31	34	17	63	44	81	97	42	46	30	50	38	38	14	39	23	49	
25	42	15	77	92	10	21	74	11	85	3	51	16	27	61	51	56	26	11	52	
34	63	37	38	9	58	5	25	69	22	45	87	5	75	33	7	91	43	7	29	
32	34	69	69	62	65	31	61	7	58	70	53	4	30	32	67	54	55	41	31	
71	31	45	24	37	20	15	100	38	77	68	17	8	40	81	72	63	2	11	2	
22	61	56	92	71	21	18	8	18	77	97	86	13	22	82	68	49	87	43	32	
95	59	94	37	61	88	40	73	75	33	36	22	18	83	16	80	44	3	76	85	
95	24	31	18	42	31	38	70	78	26	1	40	18	16	19	98	61	29	89	7	
On machine	4
79	2	32	40	18	68	7	75	22	98	71	59	32	64	1	72	43	78	11	58	
71	79	15	48	85	94	40	79	55	10	39	3	86	37	41	89	62	28	85	1	
1	9	89	98	10	93	68	24	19	31	22	29	88	60	75	71	78	52	65	37	
36	49	33	44	1	83	24	4	66	75	10	35	41	52	66	9	31	79	64	1	
74	42	43	91	70	12	43	18	32	66	30	68	75	25	92	7	23	94	33	94	
23	86	46	45	95	27	64	45	34	50	24	91	72	75	34	91	31	43	49	84	
16	60	82	7	52	18	100	55	48	15	3	11	40	99	92	58	42	18	93	93	
43	35	54	40	6	14	74	50	34	92	62	90	56	6	30	66	28	71	13	45	
32	66	56	46	65	23	18	22	27	21	50	86	91	96	60	45	63	24	61	63	
84	37	53	83	79	96	30	31	42	98	59	93	92	56	66	31	63	67	30	79	
85	16	55	96	85	27	55	37	23	83	13	99	31	81	64	65	98	66	26	23	
42	6	33	34	7	35	98	7	37	65	69	26	48	68	12	34	49	18	51	62	
31	21	71	70	6	96	5	93	63	37	50	45	88	39	33	97	85	77	64	54	
75	59	82	18	76	19	77	53	16	63	99	60	90	48	91	91	50	87	89	21	
81	43	86	3	89	38	29	33	27	32	68	24	38	16	19	1	26	30	61	12	
65	85	53	64	100	58	85	86	77	88	100	21	52	5	37	41	60	41	58	19	
32	2	30	79	33	71	62	11	13	46	62	12	52	7	3	94	90	94	84	88	
90	68	58	24	9	56	60	16	98	89	95	22	88	70	89	90	80	94	68	41	
13	21	62	96	10	83	42	29	79	47	5	69	58	95	86	87	75	78	99	56	
41	18	54	99	52	4	42	63	44	52	61	43	35	33	65	45	53	68	34	38	
On machine	5
87	23	20	40	71	2	46	89	70	37	82	96	75	33	81	66	34	15	1	82	
32	9	69	24	46	68	61	14	72	82	11	80	27	13	85	58	24	19	64	67	
79	12	60	13	64	36	61	26	49	69	2	72	32	97	24	17	38	68	25	100	
100	9	77	8	1	89	44	14	29	12	73	49	73	34	71	22	14	61	14	8	
62	13	97	65	40	80	25	9	72	52	88	75	87	1	67	62	48	35	60	45	
71	43	45	18	60	49	1	16	79	42	64	67	43	7	25	64	1	86	77	17	
31	55	31	14	24	74	94	5	29	23	19	59	17	42	47	83	73	16	59	58	
91	45	38	80	83	63	47	82	70	11	20	8	63	99	90	38	80	76	2	29	
2	5	19	39	43	35	61	43	2	79	77	21	88	37	2	46	71	6	43	38	
44	15	98	79	40	15	21	70	69	23	39	47	54	13	21	74	37	84	25	23	
6	98	67	85	28	77	86	58	57	78	45	61	69	59	91	14	67	23	31	79	
85	28	56	27	97	100	97	95	100	80	92	2	66	45	32	1	74	67	95	99	
87	4	5	51	99	65	14	56	75	19	50	4	100	69	43	32	8	60	78	7	
76	47	46	85	96	12	25	97	71	98	1	74	33	56	30	83	70	27	20	6	
89	19	24	26	60	24	90	79	90	78	46	89	87	77	7	99	35	71	58	43	
38	66	47	15	61	91	78	38	24	99	2	51	64	19	22	32	27	71	90	11	
76	83	3	58	35	58	98	65	83	10	55	12	43	63	79	41	69	79	27	39	
87	71	13	8	80	100	100	19	41	52	43	61	56	53	70	9	99	78	48	91	
37	65	32	87	62	81	79	65	81	74	42	18	27	29	20	48	13	20	61	23	
16	41	81	53	88	50	23	43	67	57	22	12	56	57	89	58	20	12	100	54	
On machine	6
47	10	74	77	54	95	54	100	72	92	71	87	50	48	75	66	20	16	89	100	
12	15	18	53	89	52	13	89	48	13	62	69	49	73	29	62	94	19	82	83	
20	9	72	96	47	76	98	73	62	45	50	95	9	5	40	93	18	35	45	49	
95	38	25	26	95	30	97	57	50	87	77	43	85	45	1	73	57	96	26	1	
88	44	72	17	87	9	62	5	53	7	77	86	47	76	84	31	19	96	23	23	
35	50	79	9	24	90	42	83	46	82	7	3	97	5	44	61	80	44	26	52	
62	47	57	83	74	80	69	19	55	37	3	60	8	88	68	11	88	18	71	2	
85	1	57	90	86	31	6	100	2	91	45	55	43	86	16	1	92	68	14	8	
62	32	89	39	73	17	24	29	21	83	11	5	95	57	28	95	10	12	86	9	
81	32	35	58	58	6	76	39	87	26	92	79	93	45	17	76	11	17	30	34	
32	24	76	48	39	50	7	77	53	19	27	41	19	13	48	28	58	66	7	6	
65	4	75	35	31	20	10	61	80	100	75	59	20	93	32	60	25	12	23	49	
63	72	67	88	66	12	40	90	28	45	70	49	74	52	6	37	52	85	77	87	
86	78	47	24	17	25	32	9	5	44	68	19	49	4	56	49	82	75	2	27	
43	37	9	57	36	84	2	68	28	16	82	61	13	64	42	72	47	38	79	2	
12	8	78	50	78	1	35	96	37	77	31	79	11	17	24	26	25	82	44	37	
28	6	9	89	88	96	56	71	63	67	67	24	21	1	17	27	15	28	27	79	
49	62	24	44	65	41	98	91	88	57	18	44	43	93	58	91	47	19	88	82	
12	92	6	30	88	87	92	29	50	33	82	83	45	1	14	8	31	85	4	32	
86	89	80	44	65	2	52	24	10	74	7	21	71	45	61	53	10	27	76	57	
