Factories	3
Families	20
Machines	4
SetupType	1

Number of Jobs in each Family
4	2	4	9	2	4	6	2	5	8	6	2	4	10	7	10	8	5	1	2	

Jobs in each Family
0	1	2	3	
4	5	
6	7	8	9	
10	11	12	13	14	15	16	17	18	
19	20	
21	22	23	24	
25	26	27	28	29	30	
31	32	
33	34	35	36	37	
38	39	40	41	42	43	44	45	
46	47	48	49	50	51	
52	53	
54	55	56	57	
58	59	60	61	62	63	64	65	66	67	
68	69	70	71	72	73	74	
75	76	77	78	79	80	81	82	83	84	
85	86	87	88	89	90	91	92	
93	94	95	96	97	
98	
99	100	

Total number of jobs
101

Processing times of jobs
8	3	8	8	
6	2	10	7	
1	10	10	2	
2	6	2	2	
2	9	2	1	
4	2	8	5	
9	1	3	7	
4	10	3	6	
5	10	4	2	
9	5	8	7	
5	10	2	6	
5	9	3	5	
9	9	6	8	
10	6	10	5	
9	7	10	9	
3	2	9	9	
2	2	10	10	
9	8	5	10	
9	5	1	2	
10	6	8	3	
3	6	5	5	
6	7	5	3	
4	5	7	4	
8	9	2	2	
5	7	3	8	
2	10	8	2	
8	4	3	5	
7	3	2	4	
10	4	7	5	
8	9	5	8	
9	2	9	1	
5	6	9	8	
8	1	1	2	
3	6	6	4	
6	8	3	6	
2	7	4	2	
1	6	2	2	
2	2	5	7	
3	6	6	6	
5	3	2	1	
7	3	4	1	
5	10	5	8	
4	7	3	10	
8	6	1	8	
8	4	7	5	
1	9	4	5	
8	9	8	7	
1	5	1	7	
6	3	9	9	
3	1	3	3	
1	9	3	4	
8	1	2	7	
1	3	6	3	
8	10	1	3	
3	7	9	9	
9	1	9	2	
8	3	8	7	
9	1	9	2	
3	3	2	2	
9	6	6	1	
4	3	3	8	
7	1	4	1	
1	8	3	9	
4	7	4	7	
8	5	10	3	
6	6	7	8	
5	6	3	10	
10	3	10	8	
2	7	1	3	
9	4	9	2	
6	5	2	6	
1	3	10	6	
5	7	5	7	
8	2	7	4	
10	10	1	4	
3	8	5	3	
2	9	8	6	
5	9	2	5	
1	6	6	9	
10	10	7	3	
3	1	1	10	
5	7	2	1	
8	10	7	9	
4	6	9	8	
6	4	8	6	
1	3	6	7	
4	5	3	4	
10	1	10	6	
4	1	1	3	
7	10	4	10	
5	10	6	4	
2	7	4	6	
7	6	6	5	
4	5	6	7	
4	4	3	7	
10	8	8	5	
7	1	7	8	
7	9	4	3	
10	10	9	4	
6	1	10	1	
2	2	2	10	

Stepup times between Families, where [f][f] represents initial setup time
On machine	1
13	19	19	2	10	13	13	15	2	20	17	1	3	17	9	19	3	11	20	3	
14	6	17	2	3	1	4	5	19	16	17	2	2	16	7	7	2	14	20	10	
1	1	17	10	14	8	8	17	3	19	8	15	10	4	9	6	13	17	1	14	
3	5	3	2	7	4	9	19	15	11	11	5	5	3	6	1	9	20	17	18	
12	5	7	2	7	18	9	2	2	15	11	8	6	15	2	13	17	15	11	7	
18	20	6	13	5	14	3	1	3	11	9	17	13	11	9	9	1	13	9	19	
10	1	14	20	9	8	7	14	3	9	7	11	9	9	13	17	14	6	5	10	
20	15	13	19	14	11	18	3	8	3	17	1	19	5	2	1	7	10	10	18	
10	6	6	6	10	7	19	14	10	15	4	10	13	2	16	19	8	7	17	9	
1	13	12	15	11	1	18	20	20	19	2	1	5	14	16	9	13	20	17	8	
8	13	8	7	1	2	9	10	6	2	16	6	19	16	3	14	13	15	16	5	
1	13	13	18	8	10	1	15	8	5	8	2	4	20	9	9	20	9	15	11	
16	7	13	4	2	6	11	1	10	18	14	7	9	2	9	10	19	4	13	9	
1	11	6	8	3	1	15	5	11	18	19	7	6	20	9	4	15	13	5	17	
1	2	9	11	4	1	19	20	19	5	15	14	20	16	15	12	20	18	17	7	
1	9	5	6	17	4	16	4	1	11	16	5	18	15	12	8	14	10	3	13	
3	18	12	11	3	6	5	7	15	1	16	2	14	6	17	19	8	19	13	20	
4	2	15	14	10	5	17	3	4	17	1	12	3	1	16	4	4	8	6	20	
13	4	16	10	10	9	11	11	4	5	14	3	13	9	13	16	7	16	10	4	
17	18	12	2	4	8	19	20	3	2	12	4	1	1	5	20	2	6	18	13	
On machine	2
4	2	17	18	15	19	11	14	19	12	12	2	14	9	17	15	9	17	20	4	
2	19	13	2	15	6	18	8	9	13	19	10	4	2	19	5	6	2	1	1	
14	5	11	5	2	2	17	18	2	14	1	19	7	1	9	8	20	9	13	10	
20	6	6	17	8	10	8	15	6	13	3	20	7	7	19	10	9	9	2	16	
16	2	8	5	1	15	14	18	7	1	8	13	6	9	7	7	5	12	7	16	
8	8	12	8	2	3	4	17	15	10	12	4	1	1	14	8	13	5	11	17	
16	10	20	5	15	6	18	7	10	17	10	1	11	7	2	8	19	11	17	9	
17	14	1	3	20	15	7	6	9	19	11	13	4	16	17	15	3	10	14	18	
3	10	11	2	12	2	11	5	11	16	19	15	10	11	7	8	2	16	11	11	
16	13	19	13	18	19	18	3	3	15	13	12	5	5	11	2	14	1	16	3	
9	11	2	15	6	14	16	16	1	4	13	20	7	12	7	14	10	19	1	12	
6	14	1	8	3	12	18	2	9	13	1	13	1	6	6	3	18	20	10	14	
4	3	11	13	12	14	19	15	8	4	8	7	12	12	19	19	1	17	12	1	
17	20	5	3	8	3	3	14	17	20	17	15	12	17	19	5	2	16	18	17	
17	6	4	3	18	8	10	12	8	2	20	20	7	11	18	6	13	17	4	18	
7	17	7	11	11	2	6	5	1	3	1	12	20	1	1	17	19	1	16	16	
7	6	4	15	2	3	2	10	8	3	7	4	17	13	18	17	3	6	19	4	
6	9	1	3	13	13	19	4	7	17	3	6	14	16	14	5	18	6	2	15	
18	11	6	3	10	15	8	14	12	17	16	11	16	16	4	2	5	3	9	13	
2	7	13	19	2	2	19	14	4	2	2	15	17	16	10	12	14	10	7	1	
On machine	3
1	16	15	13	15	10	2	15	11	9	20	20	13	7	12	3	6	7	10	12	
19	5	10	17	4	2	10	2	10	16	20	19	2	17	13	11	8	5	17	15	
16	4	5	8	8	4	20	9	18	3	9	16	11	9	9	7	4	1	12	6	
16	16	2	7	19	10	2	9	10	3	7	1	14	9	2	1	17	16	19	10	
18	14	18	17	5	1	16	9	15	13	6	11	3	6	11	2	5	5	6	2	
17	18	6	14	11	3	7	13	14	2	15	9	15	16	7	13	12	9	20	9	
12	18	9	2	4	14	17	12	11	4	1	14	18	1	4	17	10	13	18	13	
6	7	14	19	16	17	18	8	12	20	2	4	19	8	5	3	13	12	9	12	
9	10	18	11	3	12	1	12	16	17	9	16	5	1	10	19	2	18	16	19	
5	16	5	8	5	8	18	17	13	9	11	6	19	10	7	6	11	7	15	11	
8	6	1	8	12	9	20	10	15	17	8	2	4	12	4	13	1	20	16	17	
20	11	11	20	10	6	18	18	3	2	1	15	10	7	10	1	10	7	11	8	
5	19	12	8	4	20	14	19	8	1	10	10	3	7	5	15	17	13	19	1	
5	13	18	20	19	6	16	12	4	16	17	12	20	17	18	1	18	16	16	1	
16	4	10	1	5	9	16	18	5	3	8	19	4	20	15	5	18	14	15	17	
16	2	8	18	2	13	3	15	13	17	18	19	11	11	10	17	11	14	17	14	
1	4	16	9	20	3	20	11	19	19	6	3	8	6	9	15	5	1	19	7	
17	13	20	2	9	20	6	7	19	16	12	6	9	4	6	3	10	7	1	9	
18	13	11	7	12	1	20	15	1	3	10	4	14	13	6	2	20	17	16	15	
19	1	9	16	13	11	19	12	5	10	5	8	20	13	16	20	10	14	5	1	
On machine	4
16	13	19	16	9	10	19	14	14	12	7	4	14	12	8	9	18	17	15	8	
10	13	5	12	12	1	2	19	12	4	7	18	16	10	3	7	9	6	9	7	
15	8	6	2	1	16	4	12	7	7	10	1	11	9	2	4	11	14	20	15	
6	5	20	18	8	1	7	2	14	6	14	8	1	5	10	18	19	15	18	13	
1	19	15	1	6	16	10	4	7	20	8	17	6	12	6	20	1	8	5	1	
13	19	14	2	10	18	7	4	8	4	19	10	6	14	4	4	3	8	13	10	
10	20	20	1	6	16	2	16	14	18	13	3	5	4	11	8	13	1	17	16	
17	3	4	12	20	17	7	11	12	3	13	15	8	4	13	10	17	19	20	15	
15	19	9	9	14	4	4	11	19	5	7	20	9	8	16	10	15	6	13	5	
3	3	16	6	7	6	11	8	8	4	15	17	13	11	7	18	1	9	4	7	
14	14	14	11	16	15	2	10	13	3	2	4	7	7	20	4	13	20	14	1	
6	7	5	5	14	6	5	15	1	6	16	3	5	13	3	7	10	4	5	8	
16	11	1	9	1	19	11	16	2	4	6	6	15	4	12	20	4	4	9	7	
10	11	16	20	13	8	8	16	8	3	2	13	8	9	12	18	4	15	1	12	
8	13	6	18	7	4	1	13	19	14	7	11	12	20	20	13	20	8	1	8	
9	16	5	17	15	15	1	11	12	15	16	20	5	14	11	15	15	5	12	13	
18	6	17	15	16	13	19	15	13	13	4	20	6	3	18	7	19	8	13	12	
6	3	7	5	8	13	9	5	2	8	16	20	1	9	6	6	1	14	19	13	
8	16	15	7	17	1	8	12	11	12	16	19	8	7	13	3	2	1	8	17	
16	9	15	9	4	16	1	1	16	19	6	12	10	7	4	14	8	4	1	19	
