Factories	3
Families	40
Machines	2
SetupType	3

Number of Jobs in each Family
10	10	8	6	8	4	1	7	5	7	5	3	1	8	8	5	2	4	5	1	8	8	10	5	3	7	7	10	6	7	5	9	8	4	10	5	10	7	8	4	

Jobs in each Family
0	1	2	3	4	5	6	7	8	9	
10	11	12	13	14	15	16	17	18	19	
20	21	22	23	24	25	26	27	
28	29	30	31	32	33	
34	35	36	37	38	39	40	41	
42	43	44	45	
46	
47	48	49	50	51	52	53	
54	55	56	57	58	
59	60	61	62	63	64	65	
66	67	68	69	70	
71	72	73	
74	
75	76	77	78	79	80	81	82	
83	84	85	86	87	88	89	90	
91	92	93	94	95	
96	97	
98	99	100	101	
102	103	104	105	106	
107	
108	109	110	111	112	113	114	115	
116	117	118	119	120	121	122	123	
124	125	126	127	128	129	130	131	132	133	
134	135	136	137	138	
139	140	141	
142	143	144	145	146	147	148	
149	150	151	152	153	154	155	
156	157	158	159	160	161	162	163	164	165	
166	167	168	169	170	171	
172	173	174	175	176	177	178	
179	180	181	182	183	
184	185	186	187	188	189	190	191	192	
193	194	195	196	197	198	199	200	
201	202	203	204	
205	206	207	208	209	210	211	212	213	214	
215	216	217	218	219	
220	221	222	223	224	225	226	227	228	229	
230	231	232	233	234	235	236	
237	238	239	240	241	242	243	244	
245	246	247	248	

Total number of jobs
249

Processing times of jobs
5	8	
9	6	
3	9	
4	5	
5	7	
1	4	
10	5	
2	7	
3	7	
1	2	
8	4	
1	6	
6	7	
9	5	
1	2	
10	2	
3	2	
6	9	
7	10	
9	2	
8	3	
7	10	
1	9	
8	6	
4	8	
7	3	
2	4	
4	9	
7	1	
7	9	
3	1	
3	6	
2	3	
10	3	
7	4	
9	5	
3	6	
9	3	
8	6	
5	4	
9	10	
6	4	
4	9	
3	6	
7	10	
1	5	
8	8	
9	1	
2	6	
1	8	
6	2	
8	2	
6	10	
7	8	
4	10	
7	4	
3	6	
4	6	
1	1	
9	6	
5	4	
2	3	
2	9	
5	10	
10	1	
6	5	
3	8	
7	6	
7	7	
7	9	
6	5	
4	8	
6	3	
5	6	
4	8	
2	6	
4	1	
8	9	
5	9	
10	10	
3	1	
4	1	
6	7	
2	7	
4	3	
8	8	
10	1	
4	3	
3	9	
4	5	
10	4	
9	6	
10	9	
7	3	
6	7	
9	8	
5	2	
6	5	
4	8	
9	4	
5	9	
6	6	
4	7	
1	10	
3	8	
5	9	
7	2	
6	1	
10	5	
6	8	
10	3	
8	2	
3	10	
2	6	
6	1	
7	7	
1	4	
5	5	
3	1	
6	1	
8	4	
4	5	
2	4	
7	7	
5	1	
5	2	
6	10	
5	5	
10	3	
3	7	
8	5	
5	4	
9	8	
10	3	
4	8	
4	7	
5	7	
7	2	
8	7	
9	9	
9	7	
4	6	
10	8	
10	2	
2	3	
7	7	
4	2	
1	7	
6	10	
4	10	
7	1	
9	6	
1	9	
9	9	
1	4	
8	1	
6	6	
5	6	
8	5	
7	8	
2	7	
10	6	
7	6	
3	9	
10	10	
3	5	
9	4	
7	7	
8	6	
5	3	
6	8	
8	4	
9	7	
3	4	
3	3	
10	2	
3	3	
7	1	
8	3	
2	8	
5	6	
1	10	
5	7	
6	2	
9	5	
5	7	
3	2	
1	1	
7	1	
1	1	
6	3	
1	10	
5	1	
6	3	
2	9	
6	2	
8	6	
5	6	
7	7	
7	4	
1	10	
3	2	
10	2	
10	3	
7	1	
1	8	
6	3	
2	1	
9	8	
5	1	
6	3	
7	5	
8	5	
9	7	
4	1	
1	8	
10	5	
9	2	
8	7	
6	1	
4	3	
3	3	
8	2	
5	3	
5	4	
10	10	
2	3	
3	4	
4	3	
1	6	
3	3	
6	3	
4	8	
6	2	
1	5	
3	1	
10	1	
7	4	
8	6	
6	5	
2	6	
8	7	
4	4	
5	4	
4	3	
9	6	
2	8	
6	4	
6	1	

Stepup times between Families, where [f][f] represents initial setup time
On machine	1
36	35	27	25	91	84	37	56	4	52	54	66	35	99	29	35	38	31	29	67	84	24	70	66	4	90	23	8	29	85	83	10	85	28	50	93	38	24	34	54	
60	51	13	90	56	56	36	35	36	42	16	54	100	13	88	74	49	59	7	81	76	51	64	89	62	58	39	70	65	62	38	18	45	8	76	62	72	37	48	95	
74	13	45	87	29	31	96	60	68	22	35	73	79	24	77	97	14	40	7	80	57	10	9	1	60	88	11	64	78	13	73	75	60	12	33	40	7	70	52	85	
69	81	32	4	32	37	85	20	43	63	40	16	99	3	64	6	89	94	31	54	40	13	52	52	21	53	7	23	37	43	36	60	12	41	32	59	4	82	37	27	
67	58	8	100	44	34	50	16	67	71	58	83	92	25	84	52	38	81	7	7	25	22	94	8	12	84	50	24	99	6	15	67	95	62	55	53	87	87	75	33	
23	6	99	67	39	24	61	84	11	59	17	64	81	34	64	7	2	34	43	16	20	82	26	74	87	55	72	99	87	1	75	72	66	56	63	89	25	10	76	5	
92	48	34	98	18	68	82	12	38	54	13	19	48	6	74	62	55	88	27	23	43	8	83	65	58	89	44	35	58	45	76	54	57	91	65	44	19	99	6	31	
60	45	75	46	60	97	92	29	99	54	32	11	88	97	91	23	51	12	13	84	22	6	9	86	29	66	95	72	38	60	62	16	96	54	89	47	6	67	2	89	
38	20	12	49	62	48	85	80	83	38	51	16	64	36	16	7	22	93	55	17	61	10	33	39	89	98	60	100	70	49	31	69	45	27	38	19	37	28	15	11	
8	90	17	11	41	96	96	68	2	2	85	44	49	30	68	20	9	69	67	84	42	71	56	13	12	22	22	71	56	34	24	45	72	65	83	14	9	77	13	5	
54	58	73	19	98	60	73	27	42	66	38	42	80	80	23	49	19	94	24	88	69	81	53	56	69	30	97	35	28	85	60	70	50	40	84	39	4	63	50	76	
93	30	13	88	82	49	39	85	30	7	81	14	22	46	64	5	48	30	88	83	62	92	87	27	81	61	93	68	71	92	31	3	54	40	73	61	42	77	69	13	
96	96	41	64	72	61	23	64	80	16	27	34	42	56	45	28	29	48	21	3	2	58	75	21	72	53	82	69	29	17	8	5	91	6	98	16	39	81	50	25	
87	81	98	29	74	94	7	69	20	63	34	70	6	30	34	28	13	28	42	20	82	48	80	17	37	88	22	81	50	54	63	93	43	21	98	6	28	13	79	30	
75	10	10	63	59	99	24	5	27	70	7	86	75	39	69	21	79	99	64	35	35	18	76	54	77	43	30	39	81	42	24	75	98	38	37	8	77	82	54	13	
55	86	72	39	18	50	88	69	48	74	53	54	24	98	61	14	5	96	14	98	44	40	70	48	12	63	13	63	76	19	63	30	85	97	10	15	92	96	44	34	
30	18	23	78	22	85	20	23	27	31	79	53	35	49	38	42	63	80	20	18	43	41	83	50	64	91	39	50	81	54	5	30	59	10	64	16	33	16	19	83	
98	77	68	39	36	73	79	67	13	90	77	31	68	68	43	16	58	67	25	48	37	87	4	58	60	7	68	70	65	62	14	45	28	69	29	24	72	73	69	49	
11	100	89	89	45	82	29	83	81	66	8	74	83	52	32	71	9	69	42	13	29	45	91	41	7	52	31	75	31	33	49	26	97	59	99	80	3	48	96	61	
6	63	7	94	81	60	41	63	38	99	38	50	75	13	100	50	52	74	44	58	9	60	18	24	90	22	99	56	42	29	17	73	89	83	86	73	25	16	80	52	
95	6	52	47	17	71	48	6	95	58	27	4	38	87	72	45	4	54	58	69	29	75	70	55	42	17	89	12	16	80	24	97	15	73	93	74	80	83	40	88	
91	37	41	9	17	69	36	11	97	91	54	3	73	26	54	95	92	2	69	69	54	3	13	14	87	93	80	97	51	100	43	56	46	14	64	37	51	87	61	61	
54	44	82	42	15	15	66	29	93	78	24	78	78	94	12	26	23	61	9	50	60	35	81	22	18	38	83	17	80	44	59	43	11	98	43	2	1	30	65	77	
11	96	1	62	66	52	80	47	83	18	25	64	1	19	78	79	56	24	30	75	80	69	39	93	88	12	19	95	43	18	67	3	3	44	17	17	60	2	41	100	
83	76	78	2	44	81	51	33	92	37	18	36	67	14	3	95	29	87	69	38	63	83	56	28	12	56	74	34	77	87	43	61	90	54	3	94	23	33	43	45	
10	9	34	92	20	54	50	81	61	62	65	73	79	19	5	14	68	33	51	39	1	16	67	18	94	81	9	3	78	18	94	19	17	15	47	36	29	22	37	31	
65	50	88	13	53	44	53	42	85	90	69	87	52	80	52	79	1	56	50	21	19	97	73	12	38	3	31	22	48	41	54	77	9	43	33	3	43	34	96	77	
1	76	31	70	21	36	99	65	8	24	93	44	92	25	7	26	53	30	48	40	69	28	48	63	49	32	4	49	45	22	63	97	34	22	13	72	38	56	2	78	
58	64	15	60	79	46	88	51	58	60	30	44	22	18	95	18	57	89	18	29	29	63	73	96	92	90	7	17	97	43	55	71	57	1	6	97	30	30	1	21	
73	64	55	20	6	76	68	20	28	23	38	14	66	6	78	84	41	25	14	90	99	54	42	81	55	30	33	43	70	3	93	54	2	19	17	87	88	53	66	26	
7	86	36	11	59	23	87	55	92	74	49	9	47	36	9	22	61	92	41	55	22	81	72	49	68	77	83	97	41	26	49	13	30	2	29	94	21	9	71	48	
12	57	37	23	51	62	34	96	67	63	88	19	16	5	7	58	16	65	2	65	73	31	10	3	17	1	79	30	64	49	34	23	90	76	44	85	49	95	85	49	
53	30	73	88	14	6	97	76	78	47	65	41	60	91	28	38	72	26	97	91	4	86	68	84	66	28	88	41	90	88	60	47	87	18	44	51	53	42	34	85	
2	100	40	8	86	23	19	5	90	55	64	45	60	89	98	50	99	28	29	72	22	85	53	68	52	26	94	90	1	86	6	48	60	36	79	10	66	30	88	7	
49	40	14	60	90	14	75	31	39	26	33	59	65	89	52	10	57	31	22	91	2	80	94	77	75	46	39	95	21	45	38	34	83	11	86	68	16	44	80	75	
16	14	18	13	75	88	3	48	58	12	44	1	64	16	77	64	88	23	59	40	75	88	97	17	41	69	1	1	35	83	20	20	51	25	80	45	75	36	20	10	
3	26	21	67	34	46	92	22	31	38	56	23	56	2	57	44	99	56	57	92	78	64	95	47	84	99	53	33	94	70	74	36	56	69	20	7	29	77	6	73	
20	36	21	53	92	23	7	79	12	56	96	3	15	71	5	24	39	51	23	52	33	21	66	54	68	76	57	32	69	73	47	58	23	33	62	38	50	44	90	6	
94	93	74	63	16	83	43	67	64	34	49	42	89	11	55	100	13	92	92	54	78	27	3	1	63	52	95	55	67	49	19	89	75	62	21	33	91	1	60	41	
90	43	40	79	37	16	33	66	13	68	98	49	80	19	95	43	82	29	49	6	15	9	29	8	40	3	83	7	14	85	72	56	2	15	11	99	48	41	84	88	
On machine	2
81	97	90	61	38	84	66	34	74	2	31	65	70	57	52	91	61	61	48	79	34	49	56	10	72	94	26	42	1	78	89	23	44	42	29	66	17	51	24	80	
88	16	57	70	44	48	16	19	93	56	14	71	2	36	83	13	24	27	57	44	77	78	19	69	92	12	54	4	89	7	38	67	59	62	92	23	85	59	74	50	
82	15	95	9	4	40	85	27	6	42	57	9	24	14	78	79	23	18	49	83	22	61	71	61	9	98	74	95	80	30	77	94	90	71	47	16	98	86	91	27	
77	68	89	5	98	17	63	90	98	85	42	39	60	44	15	81	44	60	94	18	82	84	69	9	2	31	36	44	9	17	56	68	27	13	61	33	86	12	33	80	
25	5	74	81	46	49	91	58	93	25	77	59	83	73	23	69	54	12	76	16	69	2	96	28	22	88	94	59	18	42	40	51	68	81	64	75	30	24	9	74	
68	8	1	20	79	39	6	64	69	37	58	18	42	36	24	94	23	14	51	13	20	12	33	49	43	22	40	59	62	40	84	60	5	3	53	28	65	47	14	32	
89	67	51	69	31	68	47	38	69	19	8	61	61	50	55	36	85	11	79	67	63	93	49	28	24	3	98	51	11	88	4	28	12	42	34	53	42	73	33	80	
62	38	86	33	73	39	10	27	51	41	32	33	89	37	6	6	28	50	11	82	19	72	27	87	51	37	99	86	17	84	10	24	48	43	16	23	63	55	31	46	
17	75	95	55	35	13	46	38	82	56	80	83	30	71	95	95	78	5	82	85	69	89	71	54	64	87	42	61	9	32	44	5	11	86	13	67	31	92	94	52	
62	73	5	15	88	82	52	87	45	5	32	28	46	67	35	38	2	94	21	38	85	23	40	28	49	86	5	64	11	32	96	89	68	28	63	70	73	53	67	79	
64	70	76	64	31	23	82	93	2	91	84	13	8	79	32	23	98	62	3	78	44	13	66	71	20	21	77	41	100	63	35	71	94	7	82	38	82	84	21	49	
60	19	75	12	30	2	70	82	48	7	83	1	2	76	44	7	58	29	79	18	22	8	53	75	16	97	3	28	53	35	23	23	91	21	19	58	70	88	57	9	
5	24	34	29	96	53	97	86	37	100	50	90	31	50	4	23	66	60	62	43	41	51	85	76	32	18	82	39	22	22	62	92	98	86	23	22	72	95	85	10	
38	57	77	14	83	66	4	96	32	27	67	96	10	33	33	54	3	69	43	79	76	16	79	35	6	76	59	4	44	15	68	1	93	29	96	9	42	63	65	84	
54	66	67	26	59	69	57	19	48	7	59	62	65	1	2	91	67	51	33	67	65	48	98	93	86	55	88	30	39	35	24	100	59	54	25	4	26	42	41	13	
59	8	100	77	57	1	15	94	63	42	77	67	23	55	20	40	20	12	8	95	44	70	80	5	60	75	77	8	17	88	91	30	51	19	45	74	52	66	32	61	
71	18	3	60	78	51	78	73	56	51	60	55	27	77	61	5	25	20	12	41	77	4	49	77	93	97	50	70	94	2	27	93	51	27	4	35	89	77	6	75	
3	1	57	94	29	92	24	58	74	22	89	39	50	42	82	78	37	37	88	82	22	69	40	4	15	84	79	42	21	97	70	12	91	26	57	59	30	70	20	2	
47	21	84	6	20	78	19	72	59	76	6	24	17	56	65	24	95	86	8	70	79	2	61	63	4	33	67	100	9	28	93	95	67	60	81	10	6	46	15	81	
51	25	28	46	95	6	64	68	46	96	84	36	61	100	36	92	80	38	64	32	52	73	84	40	52	95	45	19	66	5	90	76	61	69	27	58	8	21	24	96	
5	91	74	91	11	33	42	43	9	63	78	32	77	66	28	88	96	55	51	33	22	37	88	9	20	100	50	42	12	26	94	51	100	50	94	50	7	58	55	44	
33	1	44	78	9	30	21	77	20	72	52	84	3	78	54	48	17	17	57	72	66	3	53	63	75	30	1	95	27	94	15	3	14	59	46	15	76	74	87	58	
64	25	10	36	77	62	19	46	56	60	21	94	63	60	69	39	62	95	34	73	88	47	55	81	37	11	45	51	73	70	15	63	83	95	39	53	75	38	52	33	
65	11	25	51	3	92	47	71	12	12	41	63	78	53	70	84	1	9	12	31	34	73	84	40	27	6	91	32	39	21	7	26	87	55	29	15	54	56	45	63	
31	25	46	11	85	65	17	69	100	10	100	25	61	68	71	57	22	21	65	63	7	44	74	90	56	91	41	26	88	28	22	75	77	88	58	96	37	99	10	41	
72	82	67	74	95	62	11	91	89	80	37	12	24	34	1	35	58	85	10	60	8	79	27	76	27	90	24	58	93	58	31	54	14	96	55	19	76	20	4	40	
32	28	31	1	6	5	62	95	62	49	99	85	64	1	42	84	44	66	73	73	23	71	88	46	6	65	16	95	52	29	42	13	6	17	11	56	1	97	31	76	
96	64	49	5	98	44	38	72	82	86	76	18	25	21	47	35	52	44	44	5	2	2	50	38	25	42	58	68	64	11	8	8	35	58	11	92	31	49	19	57	
75	66	17	63	40	21	74	23	3	62	49	87	48	74	7	92	51	68	96	24	84	31	51	65	45	94	81	78	46	83	82	5	48	59	92	81	75	34	92	92	
5	18	14	40	76	75	25	33	1	38	55	82	89	72	18	73	44	77	3	100	69	31	86	34	77	29	42	44	76	53	22	76	80	25	40	64	11	86	13	67	
11	1	17	29	75	35	92	39	69	54	94	88	26	76	83	74	26	75	50	89	89	94	11	22	45	31	66	26	81	49	2	52	4	44	73	17	74	79	18	19	
44	46	53	76	79	52	90	7	79	42	80	18	35	92	3	62	68	59	12	56	17	64	20	58	58	32	24	30	90	57	3	49	45	12	56	26	94	87	14	27	
35	13	41	65	98	12	67	8	32	74	78	53	21	86	28	8	67	69	85	88	26	8	15	53	3	21	56	36	71	34	59	16	19	45	84	64	38	5	69	88	
15	15	73	78	95	96	41	70	48	98	12	7	27	33	83	31	68	17	20	100	20	1	61	33	7	37	73	49	46	84	4	46	39	95	84	93	48	30	39	95	
69	72	9	67	37	52	33	35	42	79	56	16	47	19	77	54	27	26	53	51	56	48	25	42	53	65	12	91	88	83	98	21	86	50	93	84	72	12	15	1	
82	99	21	39	98	13	99	39	27	60	75	65	30	90	50	84	89	54	100	32	62	39	87	95	7	97	55	7	15	50	13	77	95	42	13	65	87	30	41	96	
10	58	3	57	41	25	58	97	67	61	36	41	88	43	37	49	59	20	31	10	56	61	34	64	47	44	11	49	31	39	49	13	30	80	17	86	29	94	85	87	
90	64	20	76	84	27	41	68	59	68	6	43	85	30	14	40	52	85	72	17	53	72	30	98	29	96	70	16	34	25	36	75	19	8	1	26	7	14	18	10	
39	29	39	44	63	64	85	2	12	83	62	24	43	12	84	71	100	11	29	71	71	73	38	34	66	19	98	48	49	85	84	24	23	98	2	27	22	64	76	31	
81	65	60	58	95	35	8	37	58	44	71	43	53	51	15	82	95	25	47	61	38	79	15	38	51	43	80	30	62	54	6	85	67	65	91	40	74	42	93	46	
