Factories	3
Families	60
Machines	2
SetupType	3

Number of Jobs in each Family
2	3	2	1	5	1	2	1	5	6	5	5	1	9	1	9	9	3	9	2	2	9	2	4	6	10	1	10	3	6	8	10	1	5	3	3	9	8	4	4	1	10	2	9	3	6	5	3	3	5	9	3	2	3	3	2	4	7	4	3	

Jobs in each Family
0	1	
2	3	4	
5	6	
7	
8	9	10	11	12	
13	
14	15	
16	
17	18	19	20	21	
22	23	24	25	26	27	
28	29	30	31	32	
33	34	35	36	37	
38	
39	40	41	42	43	44	45	46	47	
48	
49	50	51	52	53	54	55	56	57	
58	59	60	61	62	63	64	65	66	
67	68	69	
70	71	72	73	74	75	76	77	78	
79	80	
81	82	
83	84	85	86	87	88	89	90	91	
92	93	
94	95	96	97	
98	99	100	101	102	103	
104	105	106	107	108	109	110	111	112	113	
114	
115	116	117	118	119	120	121	122	123	124	
125	126	127	
128	129	130	131	132	133	
134	135	136	137	138	139	140	141	
142	143	144	145	146	147	148	149	150	151	
152	
153	154	155	156	157	
158	159	160	
161	162	163	
164	165	166	167	168	169	170	171	172	
173	174	175	176	177	178	179	180	
181	182	183	184	
185	186	187	188	
189	
190	191	192	193	194	195	196	197	198	199	
200	201	
202	203	204	205	206	207	208	209	210	
211	212	213	
214	215	216	217	218	219	
220	221	222	223	224	
225	226	227	
228	229	230	
231	232	233	234	235	
236	237	238	239	240	241	242	243	244	
245	246	247	
248	249	
250	251	252	
253	254	255	
256	257	
258	259	260	261	
262	263	264	265	266	267	268	
269	270	271	272	
273	274	275	

Total number of jobs
276

Processing times of jobs
7	1	
10	8	
4	1	
6	9	
1	2	
3	5	
2	9	
10	3	
5	2	
5	4	
4	7	
7	5	
1	1	
4	2	
10	1	
1	3	
7	3	
4	9	
6	8	
8	9	
6	6	
9	6	
1	4	
1	7	
1	10	
8	7	
4	1	
9	8	
1	4	
8	4	
4	9	
9	10	
7	4	
6	8	
7	4	
3	1	
6	2	
3	5	
2	9	
9	1	
6	7	
2	3	
5	1	
10	10	
10	9	
1	10	
10	2	
1	4	
10	8	
9	2	
1	2	
5	3	
7	2	
10	3	
9	5	
4	5	
10	10	
4	6	
9	1	
7	5	
3	10	
2	9	
2	9	
4	9	
9	8	
9	5	
7	1	
3	9	
1	6	
8	10	
4	4	
10	1	
7	1	
5	4	
8	6	
1	1	
9	6	
10	7	
4	3	
3	3	
1	3	
7	9	
2	8	
4	6	
6	3	
6	5	
2	5	
5	7	
4	3	
7	1	
6	2	
1	8	
4	10	
2	7	
9	3	
8	8	
8	4	
4	3	
6	4	
9	7	
1	9	
9	5	
9	7	
1	4	
8	10	
1	9	
5	8	
3	1	
6	1	
10	10	
4	6	
9	4	
7	4	
6	2	
5	6	
6	4	
7	5	
2	2	
9	9	
8	3	
2	10	
10	9	
3	7	
5	2	
10	10	
10	8	
3	2	
7	8	
2	3	
9	6	
1	7	
2	8	
4	5	
1	6	
4	8	
8	2	
5	4	
8	9	
8	10	
10	4	
8	2	
2	7	
10	6	
9	10	
1	3	
6	2	
10	7	
2	5	
4	4	
10	9	
4	7	
4	10	
2	7	
9	5	
7	8	
9	10	
4	8	
10	4	
2	3	
5	8	
7	3	
10	6	
2	5	
6	3	
6	7	
4	1	
2	5	
3	3	
10	9	
4	1	
5	6	
6	4	
3	4	
2	4	
5	10	
4	2	
8	3	
6	8	
9	8	
8	4	
2	9	
8	3	
7	8	
4	1	
8	10	
8	7	
6	5	
4	10	
6	3	
1	3	
5	10	
3	8	
8	10	
5	8	
7	7	
3	4	
4	9	
3	4	
10	3	
9	10	
3	1	
10	5	
6	9	
4	7	
9	4	
10	6	
9	6	
8	8	
9	1	
7	6	
2	3	
8	3	
5	2	
9	6	
3	7	
4	8	
7	2	
1	3	
10	9	
10	10	
9	4	
4	9	
3	9	
6	8	
2	1	
10	4	
10	5	
6	7	
5	7	
7	6	
2	1	
8	4	
10	8	
1	5	
4	3	
10	3	
7	2	
5	2	
5	9	
4	9	
8	5	
9	10	
4	8	
9	1	
7	4	
2	2	
2	4	
10	4	
2	7	
2	9	
4	2	
3	7	
10	5	
5	7	
10	9	
8	5	
5	9	
5	9	
3	4	
5	3	
7	2	
4	2	
3	7	
6	3	
10	9	
9	5	
8	4	
5	2	
2	8	
5	6	
9	7	
10	7	
1	4	
1	9	
3	6	
4	8	

Stepup times between Families, where [f][f] represents initial setup time
On machine	1
35	30	29	6	51	89	51	84	29	61	95	4	9	35	58	84	42	8	40	3	98	31	61	51	4	62	23	17	50	56	16	3	6	1	34	28	75	86	92	61	59	36	26	50	28	13	52	11	84	56	15	44	45	18	48	82	53	67	69	8	
13	43	29	4	52	56	64	51	15	47	55	40	42	92	93	75	89	51	62	69	76	88	95	5	92	15	78	87	55	16	75	100	90	33	39	1	69	66	59	1	78	44	25	59	46	21	19	37	64	15	49	78	51	3	4	75	7	76	74	20	
94	80	59	63	65	65	88	13	20	28	28	23	94	18	97	96	38	68	84	50	17	77	79	58	41	94	26	84	45	97	68	70	94	48	3	15	9	16	38	91	43	93	2	78	41	57	11	54	28	41	69	37	27	23	34	25	82	40	10	86	
11	51	40	29	11	75	46	90	80	38	89	21	40	6	42	4	52	48	84	5	90	99	9	73	96	38	38	100	50	14	31	79	33	82	15	17	41	31	61	71	20	22	55	54	56	35	38	27	83	92	79	53	5	31	40	48	10	53	26	29	
84	47	57	45	91	9	92	55	15	16	43	54	62	4	30	70	99	71	40	53	70	29	36	1	56	76	91	37	77	5	14	29	33	24	57	14	84	93	19	93	66	84	20	55	90	57	81	53	84	95	27	72	8	70	7	19	29	39	16	92	
59	73	26	49	13	57	86	68	98	65	53	85	34	48	45	2	39	61	25	47	65	46	40	19	10	35	57	74	78	8	38	85	67	39	35	99	8	45	68	66	39	34	97	45	59	78	32	39	67	39	88	32	24	89	46	82	9	21	93	99	
32	66	98	68	68	95	55	93	73	16	83	88	100	47	99	59	16	2	28	62	16	20	41	88	22	44	77	28	87	28	36	92	83	53	74	77	83	10	13	74	70	52	44	57	25	61	84	74	55	36	70	47	83	39	33	91	51	22	22	11	
52	99	16	50	31	30	33	96	84	56	14	54	57	58	90	87	14	4	23	70	22	22	24	18	16	41	58	18	6	91	35	94	30	51	44	5	44	85	7	58	63	80	76	72	67	33	86	65	18	47	64	26	74	27	85	51	86	10	23	75	
57	12	31	29	63	40	73	86	25	29	21	45	99	3	90	6	36	63	27	99	74	98	99	56	99	5	9	35	83	5	8	39	38	33	51	12	84	29	69	19	51	31	62	86	58	20	33	27	32	28	37	78	42	79	1	35	56	5	81	8	
45	22	46	15	54	61	33	24	45	90	43	66	66	82	79	98	58	68	20	43	98	29	100	8	66	11	53	75	75	98	80	92	37	71	8	41	17	61	8	27	50	4	15	85	82	67	14	39	72	55	79	58	12	94	29	6	10	29	84	16	
54	76	46	89	39	29	78	55	3	88	36	66	23	23	22	2	19	90	5	91	92	100	86	8	20	38	31	44	58	39	29	34	62	61	48	53	55	19	21	28	63	87	74	2	39	38	38	7	28	82	20	44	94	27	26	98	71	38	10	7	
45	21	8	2	39	95	17	50	37	34	76	27	47	62	69	9	32	86	22	90	67	100	17	76	9	33	94	94	20	89	95	93	64	96	49	90	25	42	9	66	92	77	95	22	45	40	1	80	48	6	75	38	30	87	54	78	22	58	67	97	
57	48	77	20	23	60	61	71	31	63	13	32	49	90	10	44	46	69	75	24	27	15	75	39	78	80	46	22	37	81	63	8	8	94	44	86	54	80	59	82	7	38	8	96	56	89	30	61	14	95	58	28	91	100	13	13	78	6	74	99	
46	91	80	89	2	32	77	73	72	33	7	25	35	38	38	90	13	100	6	69	44	11	46	31	83	94	26	44	100	82	9	47	57	80	94	41	71	22	19	8	47	70	14	2	72	59	39	90	71	52	7	100	6	12	96	87	30	65	93	52	
82	47	87	85	1	14	59	93	19	47	74	38	33	80	99	79	5	23	12	28	8	51	72	82	2	7	59	67	85	92	6	17	2	70	4	85	96	40	73	40	18	83	43	57	75	30	58	90	64	3	16	80	46	9	57	43	73	71	15	55	
80	60	33	23	2	71	53	64	8	72	48	9	75	63	17	8	33	57	36	98	11	38	40	38	66	14	62	11	63	94	73	19	7	60	91	18	98	29	49	56	30	99	70	94	36	11	20	83	23	41	84	34	47	50	67	78	68	56	96	47	
83	96	35	43	5	93	39	83	76	17	77	78	70	52	41	54	15	7	68	90	80	1	34	96	40	87	41	24	4	6	50	73	87	55	100	91	4	98	81	60	90	94	43	94	55	36	4	13	64	21	6	53	25	65	99	11	66	26	2	17	
13	38	88	14	57	68	57	47	50	24	66	62	66	45	85	21	71	30	84	95	5	16	41	44	34	3	29	7	33	95	51	11	20	1	59	27	50	93	64	71	80	58	21	2	62	13	35	85	84	19	12	56	61	78	74	83	99	52	63	44	
84	13	51	44	6	50	50	34	94	78	32	11	46	98	18	18	42	63	19	36	83	62	68	16	59	16	67	75	4	99	6	46	73	29	26	2	65	50	97	57	49	95	41	95	91	9	74	56	44	87	91	64	76	96	44	31	64	29	47	6	
81	98	16	37	82	74	61	23	17	36	13	47	14	39	96	100	41	5	84	19	35	64	35	15	58	25	73	85	76	9	95	9	17	13	28	9	100	77	35	89	68	89	21	55	59	62	28	84	42	34	20	82	54	98	93	15	11	32	38	98	
31	38	61	5	53	49	86	51	18	21	24	34	40	92	57	3	54	9	33	25	95	23	67	83	14	54	7	38	33	74	27	87	36	22	20	88	49	18	15	49	66	79	64	9	46	6	70	6	40	80	32	9	88	69	88	93	27	16	76	7	
81	46	45	34	1	89	8	12	17	3	82	56	74	83	20	78	82	63	83	12	28	34	44	14	93	12	23	48	9	27	29	30	95	17	39	88	4	60	58	4	24	33	99	61	11	88	52	53	32	38	100	69	36	52	13	90	1	31	24	84	
11	56	21	59	67	66	2	30	62	78	92	11	56	7	27	46	13	38	78	98	100	43	69	93	10	73	48	79	93	46	88	33	90	59	72	34	12	78	4	7	27	12	37	63	19	66	33	29	88	7	84	25	41	36	51	60	8	62	16	32	
70	54	58	63	7	19	95	39	96	45	27	62	22	54	38	3	6	57	65	25	12	52	77	62	32	78	17	50	16	38	13	17	14	87	87	6	88	40	28	10	5	66	66	41	5	19	73	23	29	37	16	49	100	60	97	49	37	40	16	7	
98	46	32	86	65	56	38	27	97	20	45	31	80	13	58	55	70	48	81	35	84	2	21	51	1	37	77	14	72	64	74	40	48	22	23	7	49	78	87	88	72	12	74	2	44	4	54	11	50	4	63	27	26	87	64	74	35	15	12	97	
5	34	97	91	69	25	5	92	76	41	90	86	15	94	74	40	11	88	46	51	45	76	14	75	24	36	38	98	26	19	59	23	59	43	5	33	60	4	15	9	79	75	12	82	4	34	65	39	47	32	43	50	27	8	22	99	38	3	45	99	
66	29	100	26	76	23	88	75	62	98	27	2	42	23	96	2	13	92	95	80	38	2	27	12	3	35	39	39	44	77	72	21	50	48	49	31	50	45	24	51	51	8	72	3	69	59	98	40	91	15	9	60	86	74	29	9	18	17	78	79	
74	25	44	40	11	5	14	75	98	26	29	71	39	53	42	88	84	72	19	86	53	11	10	90	51	1	54	77	52	40	14	60	80	53	35	64	17	51	61	41	20	49	65	34	41	14	62	18	30	53	70	98	57	45	30	61	79	7	88	21	
21	41	47	28	61	41	60	97	8	31	56	64	71	79	74	43	42	58	79	3	41	39	39	99	89	5	66	19	33	55	62	75	13	55	10	21	78	10	83	47	92	76	91	30	24	83	76	68	67	82	37	1	95	1	94	9	78	2	4	87	
96	85	16	4	84	35	26	85	7	56	45	51	12	11	16	70	44	70	65	72	2	34	77	50	32	24	16	83	20	73	31	36	41	11	71	45	93	96	83	54	12	14	61	79	18	84	81	32	73	24	19	91	11	89	66	44	42	63	29	43	
47	9	88	60	24	19	90	60	37	40	30	42	72	93	63	1	60	66	61	11	47	36	25	21	92	80	64	86	100	47	67	4	94	63	53	62	56	69	17	47	48	27	74	11	61	76	60	83	59	53	61	57	88	3	80	26	11	62	32	95	
1	48	44	18	3	42	57	94	99	30	5	4	30	10	87	40	65	56	35	27	7	67	80	97	66	96	26	2	5	16	85	77	30	41	19	69	80	11	33	28	71	77	85	25	19	97	2	57	29	96	20	99	27	49	78	8	43	28	54	77	
19	14	71	83	87	15	28	6	6	94	36	48	41	60	69	4	58	87	14	37	13	69	92	97	21	70	75	48	97	86	61	11	22	47	98	81	28	25	52	75	61	34	18	23	65	68	78	3	92	37	75	74	33	87	70	52	19	84	24	94	
29	63	57	33	1	35	35	19	28	8	18	57	96	4	63	67	87	99	79	13	37	26	5	7	56	37	86	92	58	43	68	70	90	94	33	97	2	87	13	65	17	67	31	33	1	31	44	45	67	25	16	58	9	27	81	96	39	11	17	81	
46	52	47	17	54	52	89	64	79	71	25	99	41	51	37	77	66	100	64	41	88	57	77	62	32	68	10	78	22	47	50	11	22	43	62	21	43	89	2	55	54	42	90	85	1	83	66	34	20	18	91	16	19	48	67	81	93	68	61	7	
1	50	85	42	4	35	8	87	6	92	63	92	20	49	92	35	53	57	22	49	91	54	82	48	48	90	93	3	90	35	92	20	88	39	34	34	2	73	77	72	7	26	72	65	72	63	39	78	68	42	87	61	82	32	60	35	51	18	84	16	
17	38	33	5	51	68	18	11	5	60	86	6	30	26	78	25	76	81	4	24	44	16	59	9	63	63	5	84	56	4	71	4	75	1	100	95	77	69	72	29	33	89	50	11	78	73	36	23	34	87	86	30	59	63	9	71	72	19	66	22	
74	34	2	87	68	39	39	40	7	11	8	44	46	7	9	86	13	83	50	13	83	92	13	9	46	74	22	14	54	30	78	23	11	25	69	82	3	89	28	42	1	42	83	77	3	59	68	47	41	51	64	10	99	64	42	47	93	46	61	10	
89	81	9	78	17	11	9	71	21	83	3	47	71	77	64	14	37	41	90	57	95	41	75	98	26	61	88	86	72	87	66	63	93	51	87	59	69	28	1	4	71	40	26	53	84	45	32	8	17	40	67	66	27	62	82	89	12	64	99	49	
10	76	22	73	17	70	37	22	90	52	5	59	67	68	27	7	94	45	77	12	44	5	87	69	36	62	70	99	40	48	80	3	52	33	59	76	19	98	10	3	30	2	26	54	93	40	26	36	71	86	37	9	61	3	35	10	84	28	98	40	
99	7	34	70	31	87	88	4	89	16	19	22	55	2	79	95	75	44	69	18	8	47	23	78	11	95	50	17	9	57	34	56	45	29	89	53	33	6	26	89	24	32	39	47	50	53	56	32	35	99	70	48	85	85	32	73	73	100	9	67	
44	52	30	91	38	27	5	68	62	65	39	63	88	73	70	62	55	95	30	72	71	42	100	34	34	96	63	37	32	59	7	18	5	22	47	90	42	1	35	15	44	81	2	22	16	59	44	35	98	75	51	91	45	4	60	100	38	83	32	18	
8	71	8	43	91	19	56	59	88	10	58	10	57	9	71	63	14	4	54	46	54	82	14	96	26	42	44	18	2	22	68	59	57	25	68	66	96	2	41	71	82	38	19	85	66	50	43	12	88	73	87	28	93	75	56	29	85	31	75	80	
54	67	74	74	3	69	4	28	58	67	31	3	94	59	53	20	55	40	97	31	83	29	23	91	97	59	63	29	64	77	38	54	34	39	34	38	77	74	95	79	6	23	65	57	69	2	92	76	96	90	21	78	47	50	7	1	39	10	30	32	
5	69	79	97	10	9	40	27	13	33	49	93	24	50	95	39	82	26	64	99	45	89	48	11	95	12	42	100	43	11	66	79	89	93	73	43	30	79	33	14	9	33	67	20	12	100	18	84	87	5	90	82	13	28	89	89	17	12	28	82	
21	86	53	68	68	89	20	9	65	65	64	73	6	83	48	62	58	35	73	95	98	79	85	2	66	76	68	99	35	6	94	90	4	68	58	4	62	56	53	32	72	20	94	9	11	50	80	2	69	26	12	74	4	5	29	17	50	40	86	31	
42	5	27	15	77	29	86	19	90	83	95	26	95	40	97	26	38	91	20	40	6	79	36	20	65	71	27	33	37	69	21	4	2	10	11	63	76	80	91	14	18	49	66	57	30	60	23	97	33	54	78	23	49	46	16	65	41	16	46	8	
17	18	100	6	47	16	59	25	25	78	4	19	36	91	51	4	60	57	72	88	13	10	69	17	34	16	8	9	64	5	82	12	33	52	88	89	13	8	9	5	36	82	1	68	81	69	89	98	87	14	14	1	34	24	58	65	81	89	76	80	
33	61	92	68	80	39	67	69	71	58	32	91	36	93	3	87	53	34	84	17	1	88	39	38	52	79	15	31	93	68	97	74	53	65	27	43	7	26	96	30	66	33	89	51	79	87	9	42	23	63	73	24	11	10	43	97	94	88	31	59	
99	66	58	55	96	20	67	59	18	30	12	88	74	53	38	37	31	47	27	23	37	87	78	59	13	53	100	9	58	18	63	74	79	70	92	47	42	55	88	47	33	42	61	23	79	67	66	17	49	62	81	60	37	31	58	82	55	97	32	5	
10	94	25	18	33	73	9	79	3	54	91	27	27	99	69	84	64	11	85	76	77	63	36	12	72	6	94	69	36	93	38	83	87	31	63	16	45	43	99	41	26	92	75	95	30	36	44	13	19	80	72	8	42	23	72	35	26	53	68	8	
49	37	27	70	61	38	85	40	86	55	62	91	68	38	65	99	56	38	96	24	66	91	98	98	62	17	43	53	55	63	15	71	98	63	54	26	7	75	57	47	86	90	76	19	50	15	16	39	6	92	23	59	2	87	92	75	3	34	83	22	
14	93	39	82	47	12	51	79	7	65	41	7	19	39	99	79	29	68	40	24	100	59	97	96	55	33	16	49	54	65	39	30	32	83	37	9	8	67	30	85	75	85	29	6	18	30	31	93	4	72	17	84	13	43	64	73	61	89	56	18	
59	79	35	65	74	68	64	73	17	86	80	72	96	38	71	14	34	37	50	47	6	88	52	28	7	55	90	68	55	98	32	56	9	16	4	79	70	5	41	40	25	29	68	61	94	49	49	17	41	2	50	27	34	67	76	17	92	76	47	84	
46	1	50	57	54	91	29	57	60	9	46	95	41	37	7	42	25	70	3	46	93	77	98	83	97	23	17	57	5	33	17	60	42	93	52	28	28	93	99	49	50	85	89	71	57	54	19	100	84	39	71	16	3	23	43	34	67	21	32	42	
98	91	98	34	91	59	37	61	84	85	84	72	14	96	42	51	21	31	6	60	37	23	83	29	35	40	76	28	24	19	72	74	11	22	97	9	9	10	34	59	30	4	66	75	1	95	99	62	32	29	16	36	50	76	66	96	5	99	33	45	
48	33	81	11	35	73	99	53	80	79	34	12	94	93	5	4	91	62	22	86	76	15	71	50	28	11	73	81	17	84	63	33	22	70	68	24	52	64	3	34	27	57	21	91	87	73	35	41	40	28	98	86	59	62	41	84	79	31	87	28	
94	49	92	72	67	91	32	65	92	88	81	52	11	93	7	48	11	100	74	28	100	54	44	69	6	17	10	20	78	29	84	65	13	55	58	6	7	52	5	69	76	17	53	72	24	27	69	20	84	73	82	79	30	55	3	33	29	5	32	40	
74	24	36	68	70	9	45	80	70	64	11	54	7	90	20	24	34	54	74	89	47	68	97	37	59	3	47	85	28	54	13	26	84	57	12	62	13	17	44	68	52	27	3	87	47	92	89	73	9	95	87	20	91	31	69	10	20	32	9	81	
86	67	68	57	26	60	3	89	14	99	63	79	84	2	28	84	70	46	48	15	84	93	98	65	62	15	25	5	78	60	51	97	76	88	26	77	56	24	1	70	92	12	18	22	71	5	63	9	77	49	30	43	36	85	97	53	94	51	6	32	
On machine	2
72	99	32	54	90	35	54	98	68	93	23	46	25	24	6	35	85	75	11	43	84	41	78	51	9	94	64	98	37	41	27	94	45	86	65	22	4	33	4	28	25	8	48	35	7	38	30	24	70	45	36	80	31	97	48	33	51	73	9	62	
97	93	20	63	4	13	100	58	82	81	4	43	58	29	17	11	19	35	78	59	70	70	66	65	6	74	73	79	78	26	70	23	98	92	89	44	66	31	76	94	44	53	59	19	36	7	64	24	65	70	11	46	33	27	90	95	88	63	64	47	
77	52	15	7	86	30	23	71	79	81	61	19	89	61	52	28	31	19	55	8	96	4	4	84	78	88	91	40	7	64	45	92	6	3	34	56	24	38	49	81	31	94	56	63	78	94	48	75	50	1	45	82	21	72	41	8	94	44	77	97	
13	55	49	70	23	28	53	64	63	20	76	6	77	59	48	44	87	80	17	66	75	72	23	9	37	83	22	20	5	48	25	71	43	14	91	1	25	27	87	2	8	58	22	15	79	55	61	60	12	54	45	2	16	16	36	7	54	21	20	51	
7	7	66	53	84	33	59	4	79	95	49	94	83	37	21	70	99	19	40	93	68	61	64	88	26	38	92	71	72	9	90	65	95	85	64	78	50	73	89	33	87	81	46	44	63	20	81	37	34	79	64	38	93	48	12	58	61	34	64	49	
49	80	97	94	39	8	8	4	67	74	30	4	55	61	78	40	14	73	88	78	56	86	1	38	41	40	11	78	9	91	82	33	55	69	16	66	41	86	17	66	52	11	5	35	24	66	42	18	50	4	76	23	68	48	19	59	57	36	25	83	
98	18	76	35	84	25	3	77	10	59	3	16	73	36	51	39	74	84	96	62	76	66	88	67	80	99	79	40	1	9	92	68	23	50	98	83	82	67	22	20	54	20	42	54	54	11	82	64	21	97	26	8	80	79	45	33	70	60	1	9	
89	3	38	99	21	12	67	50	14	20	18	21	89	21	71	31	34	98	93	26	81	6	80	4	6	42	14	51	87	46	3	38	88	5	58	71	92	88	59	94	67	87	14	37	94	5	85	14	43	73	53	70	9	41	65	83	82	60	39	44	
15	63	31	87	87	75	97	48	12	81	82	88	47	9	10	97	58	36	45	48	63	17	12	38	98	54	85	59	91	76	77	100	73	3	56	92	62	51	42	22	21	23	69	89	12	2	51	51	37	76	38	98	59	85	29	76	40	85	40	30	
66	11	95	11	23	87	46	9	5	70	93	53	98	3	83	99	39	21	92	93	23	34	12	76	55	38	76	26	67	1	55	38	99	57	5	65	55	59	66	75	32	51	94	1	60	97	80	8	96	63	37	73	12	53	11	78	90	12	6	62	
47	58	17	13	62	49	31	46	34	50	39	8	11	16	2	22	92	40	81	14	67	67	31	13	35	59	72	13	26	18	9	26	47	5	78	65	51	27	42	10	28	85	50	45	93	61	16	72	15	61	65	71	55	42	97	100	62	72	30	7	
9	41	64	56	45	46	47	88	13	72	17	42	73	47	13	35	19	59	49	43	24	8	72	46	86	75	39	81	95	69	77	70	72	36	16	91	47	76	30	21	50	76	48	24	9	73	70	44	17	54	23	88	10	20	75	86	2	91	38	10	
79	18	38	24	3	4	31	35	2	16	62	55	48	66	72	5	79	94	25	22	67	65	8	25	72	65	69	25	36	90	17	2	90	42	96	43	74	17	84	24	57	73	68	96	16	79	36	70	28	63	40	64	100	85	84	44	11	96	82	10	
4	47	48	37	75	26	95	13	76	54	24	94	66	16	10	99	45	27	64	97	72	55	45	17	38	13	73	59	31	93	66	1	41	75	79	95	20	73	12	76	59	3	50	45	19	36	35	68	17	93	97	68	99	76	91	11	51	58	81	56	
8	59	38	46	41	97	3	24	43	16	45	15	53	57	70	77	73	82	92	55	98	37	82	93	29	47	31	89	32	67	88	49	49	55	41	37	10	74	23	100	37	6	61	66	11	88	36	22	24	26	88	96	73	92	79	50	21	86	72	79	
61	97	16	56	4	64	48	18	13	77	92	36	62	56	81	81	36	67	49	44	72	31	91	76	18	98	93	18	36	33	54	21	2	76	7	88	55	95	57	81	66	15	32	6	45	34	27	92	90	47	48	76	49	50	33	93	57	34	7	69	
74	52	77	7	6	7	40	93	87	16	98	67	5	8	53	51	56	67	46	15	83	51	89	76	62	94	39	96	2	89	49	47	35	61	70	77	46	34	76	83	92	46	27	30	49	11	71	48	29	36	47	82	12	8	5	41	84	32	96	50	
52	26	92	91	91	43	56	87	46	43	18	66	61	33	27	11	11	24	12	35	37	48	32	5	97	26	7	32	28	23	84	33	92	46	86	7	81	64	52	41	18	23	18	22	92	51	78	99	83	88	86	18	56	36	36	48	74	80	47	39	
71	16	84	10	94	92	61	35	51	84	73	27	58	9	69	23	15	57	52	28	49	15	9	99	66	87	84	87	67	27	62	56	100	19	63	90	18	81	25	41	47	89	23	82	18	7	9	13	99	6	54	52	77	60	11	84	46	14	98	19	
87	90	95	38	1	27	21	68	40	73	29	98	86	16	6	20	1	29	92	96	84	39	78	38	19	16	66	8	18	53	61	18	32	37	2	76	32	96	55	51	23	31	1	6	55	100	19	78	96	32	10	12	10	91	19	69	18	87	93	70	
68	31	49	42	84	78	52	92	51	72	84	33	88	28	85	33	44	94	21	5	83	8	38	34	56	52	26	79	35	48	57	72	21	64	71	65	80	27	56	5	55	56	60	53	71	75	66	80	79	13	32	100	22	96	28	96	36	70	17	83	
50	15	33	81	73	61	94	77	43	40	6	35	44	11	27	99	28	29	75	9	90	91	33	74	96	68	8	35	36	82	99	9	63	13	5	25	19	22	10	17	83	46	70	2	85	51	94	11	71	81	56	54	43	24	67	61	11	78	55	52	
41	20	45	73	62	6	42	36	97	34	80	4	62	85	97	22	87	52	60	77	96	100	94	9	38	97	70	36	85	48	52	82	10	35	18	67	86	65	18	78	73	46	54	44	29	64	42	79	91	11	58	97	86	30	24	4	17	18	10	62	
31	10	99	56	69	72	14	3	60	3	55	43	24	62	79	20	20	3	78	21	75	20	75	91	10	18	86	66	86	86	48	81	9	37	36	72	16	98	85	41	100	7	85	28	26	41	28	100	91	96	52	65	87	22	67	27	60	21	5	54	
59	58	71	20	35	73	20	29	85	6	84	89	38	70	19	23	90	35	7	100	81	40	88	53	13	89	78	53	8	70	12	30	82	13	64	19	76	5	47	22	10	76	54	72	58	60	13	53	70	21	43	88	56	78	26	34	7	83	53	70	
53	37	19	17	8	24	38	34	21	61	27	13	99	83	4	28	67	84	99	79	16	67	33	76	94	56	15	53	63	53	27	24	9	100	82	71	56	19	65	6	78	42	82	97	94	55	64	14	23	58	58	19	85	60	59	96	96	62	14	52	
3	78	100	44	46	45	2	16	20	17	81	21	43	24	11	98	41	50	32	67	72	40	77	67	1	49	7	92	86	25	95	41	95	88	97	79	17	64	90	72	58	26	15	16	60	23	27	44	22	41	32	41	11	91	60	5	96	73	85	29	
67	49	43	26	73	7	73	87	98	58	39	59	67	15	58	79	33	26	16	92	23	35	82	38	59	50	52	91	65	61	100	45	5	41	85	85	72	16	12	46	16	3	16	65	83	8	62	43	81	65	80	64	33	22	64	9	54	26	44	8	
14	65	16	37	42	22	61	21	67	87	23	47	21	46	1	75	42	20	40	26	77	45	99	17	75	86	17	53	54	42	4	7	45	96	61	46	47	47	87	6	67	47	13	33	79	8	18	71	15	88	35	94	81	10	96	71	79	68	46	88	
68	20	80	6	99	87	92	62	40	17	96	43	84	85	82	94	43	20	4	70	48	44	83	61	41	79	3	47	43	31	14	13	96	28	33	20	55	97	60	91	61	4	60	38	38	8	91	69	89	87	74	89	51	7	17	25	56	12	36	63	
100	33	81	72	86	40	62	97	95	74	41	88	1	19	29	58	76	17	98	14	77	16	20	38	9	53	28	1	12	43	20	73	54	83	68	29	10	69	20	85	1	92	79	24	42	18	37	71	60	72	54	97	18	28	47	35	38	51	36	80	
47	78	90	23	81	87	89	96	55	73	30	28	63	13	7	53	14	94	23	9	76	52	72	74	82	83	2	22	29	61	94	44	54	65	58	67	57	5	91	1	34	12	96	38	35	25	57	10	70	51	75	73	57	97	94	77	87	76	45	45	
8	30	9	16	13	61	52	84	61	21	43	84	75	90	70	28	46	5	83	79	81	28	58	57	66	4	87	26	38	83	17	79	69	99	21	8	88	93	77	21	78	9	79	41	62	50	45	4	23	57	75	92	9	78	79	94	73	93	83	86	
94	85	64	36	9	99	30	8	30	35	13	92	60	4	94	77	63	76	92	43	4	4	12	33	28	56	95	13	81	75	7	39	37	70	17	20	64	83	33	92	44	60	18	8	31	60	44	82	34	61	63	86	87	30	3	66	39	27	36	40	
65	51	14	82	97	66	81	7	38	99	17	80	91	54	34	81	83	58	14	61	82	37	19	71	13	77	86	39	58	95	48	36	2	48	85	64	28	7	74	37	38	78	67	12	12	9	8	19	11	1	47	71	4	75	99	72	26	74	59	13	
57	7	19	62	40	47	62	11	32	40	91	78	9	84	97	41	38	25	69	98	16	85	87	78	48	24	23	91	70	44	82	66	28	79	15	41	30	24	83	37	1	79	73	70	32	98	14	69	56	40	87	26	98	96	35	4	82	3	52	34	
60	33	78	59	78	9	14	64	58	6	15	32	49	48	70	81	88	96	19	81	33	69	49	44	97	76	86	84	61	41	29	68	49	41	95	1	73	94	39	53	82	18	87	42	39	49	48	47	100	41	10	78	94	66	16	22	21	57	100	97	
58	5	70	92	26	97	77	50	63	45	59	31	27	71	18	22	54	83	47	69	91	90	14	42	15	92	94	65	82	32	98	81	70	8	76	44	13	53	33	48	17	8	53	86	25	66	60	48	99	1	54	45	84	23	47	39	60	50	2	78	
59	49	91	15	7	30	86	87	38	48	94	49	26	7	9	34	72	30	94	8	98	52	33	40	44	7	94	84	13	48	36	95	5	11	91	63	5	62	20	21	3	15	56	95	32	71	100	31	7	16	55	73	27	99	92	19	71	6	29	36	
73	72	5	86	40	14	34	37	18	68	78	6	70	77	75	69	65	4	36	25	68	63	15	65	85	44	20	12	1	69	59	77	33	12	60	81	56	48	53	1	84	22	69	42	13	47	40	10	6	17	12	100	97	36	2	88	85	95	15	49	
70	8	13	34	1	64	33	18	44	86	75	95	65	1	48	53	38	96	27	4	91	62	61	72	39	59	9	24	68	1	88	89	21	18	53	83	37	69	65	23	38	31	89	15	39	92	80	4	21	17	46	50	44	33	1	89	10	43	19	74	
19	86	92	91	67	92	2	84	93	6	78	98	68	41	9	69	39	89	43	85	44	98	99	100	4	59	23	63	61	93	81	90	49	13	29	17	56	41	77	9	68	61	3	70	39	32	18	81	84	92	59	21	22	46	17	18	1	51	63	75	
46	36	37	68	89	55	10	22	4	6	89	50	83	27	49	67	23	9	17	92	48	10	96	5	74	94	93	52	49	55	74	35	91	25	57	25	50	23	56	66	35	46	10	79	83	74	6	85	95	72	76	88	53	27	96	91	57	33	45	66	
17	91	79	53	89	67	73	23	5	2	70	1	4	14	76	84	25	10	73	16	37	4	90	43	80	62	85	1	63	12	91	41	57	56	86	71	72	63	43	8	6	20	96	19	73	22	16	1	92	83	27	52	63	54	51	7	93	80	99	57	
55	34	75	67	44	86	44	99	39	69	25	6	97	76	58	4	72	1	21	51	19	83	91	17	58	21	76	86	12	52	80	13	63	28	99	25	8	24	48	44	28	32	67	95	38	78	93	44	2	76	43	68	89	41	97	35	78	34	80	94	
72	23	22	52	25	82	66	40	91	55	38	9	45	56	79	2	76	75	12	24	99	62	95	1	47	27	93	95	47	40	3	69	99	12	92	94	10	71	1	54	30	2	99	4	67	6	67	66	13	55	40	26	2	64	20	19	49	54	68	51	
60	48	49	90	71	44	7	54	94	95	94	89	77	98	57	28	74	66	30	13	3	49	15	67	88	13	54	69	11	73	57	56	50	22	83	57	17	19	22	50	89	15	95	87	40	82	91	21	82	79	1	14	87	26	83	64	38	94	62	14	
33	44	40	63	50	85	97	50	21	44	77	61	75	79	19	2	42	35	82	83	10	46	99	57	56	30	4	95	66	51	71	68	30	1	42	90	98	81	45	65	54	68	84	35	35	90	3	5	65	9	96	82	48	59	44	14	60	79	48	42	
24	87	1	26	79	18	98	55	66	16	9	46	6	78	4	84	90	49	17	48	7	99	8	18	86	33	48	37	97	68	65	84	2	59	1	99	4	75	88	73	100	47	100	21	19	3	76	89	32	8	24	34	21	6	3	23	21	4	20	62	
88	59	15	96	59	50	82	81	85	29	41	91	46	61	22	34	90	14	49	56	21	78	49	49	10	41	47	61	85	6	95	37	37	61	68	56	22	1	16	79	18	75	24	59	53	100	76	9	35	88	82	98	53	59	79	24	36	85	82	97	
77	56	38	99	72	21	42	75	24	7	3	53	90	51	53	88	77	92	57	86	90	40	47	55	59	80	58	7	41	29	64	57	39	100	40	94	5	60	64	25	97	57	72	75	38	66	20	90	6	98	54	58	10	32	96	68	13	57	66	66	
90	38	23	39	9	74	21	19	67	5	75	14	48	30	46	34	23	38	34	9	32	98	17	27	4	93	90	43	49	29	4	46	3	16	37	33	100	2	97	23	11	61	90	46	51	27	10	68	50	59	74	89	50	27	60	83	100	65	4	54	
80	61	71	9	16	42	30	69	24	99	45	100	41	3	73	29	48	76	74	98	22	97	69	38	62	14	23	28	14	60	86	3	17	41	96	32	21	100	64	1	33	41	68	28	17	16	64	31	56	92	48	92	22	54	58	96	34	78	40	48	
14	65	1	28	42	47	97	11	93	88	21	23	14	57	98	1	15	24	16	88	55	52	68	3	85	81	25	71	39	28	77	77	88	9	23	96	73	86	60	23	30	3	57	90	56	3	31	61	34	90	24	36	1	51	28	29	36	96	98	35	
52	99	58	1	75	28	71	43	99	80	29	22	50	88	38	21	19	22	24	99	23	23	96	44	50	46	90	24	51	64	18	93	51	12	1	83	72	29	42	68	12	82	74	86	54	57	46	74	35	87	25	23	90	66	53	74	61	16	6	14	
62	84	36	47	18	19	24	39	91	96	78	5	72	99	65	70	33	66	68	100	100	21	80	20	55	8	26	59	63	66	90	85	49	100	16	35	2	55	98	33	32	54	66	85	11	32	98	77	65	12	9	83	86	77	63	64	30	8	24	100	
56	56	20	96	15	30	31	55	59	84	32	77	51	67	71	4	28	100	27	97	8	67	16	11	64	94	73	42	79	3	65	23	76	69	32	94	85	64	36	45	13	92	89	67	19	6	36	58	96	20	74	33	15	6	45	96	43	73	11	90	
17	1	19	26	94	81	92	73	99	98	59	99	56	57	97	79	29	52	49	76	19	27	82	37	54	81	100	91	35	2	95	92	81	17	25	68	20	94	94	44	53	41	45	87	19	79	76	73	29	88	74	84	77	18	28	40	81	54	30	6	
56	92	84	17	27	75	8	9	32	93	61	31	63	36	13	4	3	51	11	25	83	11	92	75	82	9	47	96	35	54	62	58	89	84	55	79	31	73	67	76	11	29	10	42	64	5	27	46	44	20	13	91	79	21	22	9	49	43	71	37	
14	92	64	91	92	69	50	79	20	48	46	59	41	72	83	33	9	73	31	9	82	27	22	80	20	25	32	43	100	52	24	9	64	78	21	18	19	100	8	98	48	79	2	17	78	50	91	12	75	10	82	52	25	36	71	78	68	39	67	31	
