Factories	3
Families	40
Machines	2
SetupType	2

Number of Jobs in each Family
7	2	2	6	5	8	3	1	3	8	2	3	9	5	10	9	1	5	10	4	7	9	1	6	5	2	9	3	6	8	7	6	3	5	3	2	9	10	10	3	

Jobs in each Family
0	1	2	3	4	5	6	
7	8	
9	10	
11	12	13	14	15	16	
17	18	19	20	21	
22	23	24	25	26	27	28	29	
30	31	32	
33	
34	35	36	
37	38	39	40	41	42	43	44	
45	46	
47	48	49	
50	51	52	53	54	55	56	57	58	
59	60	61	62	63	
64	65	66	67	68	69	70	71	72	73	
74	75	76	77	78	79	80	81	82	
83	
84	85	86	87	88	
89	90	91	92	93	94	95	96	97	98	
99	100	101	102	
103	104	105	106	107	108	109	
110	111	112	113	114	115	116	117	118	
119	
120	121	122	123	124	125	
126	127	128	129	130	
131	132	
133	134	135	136	137	138	139	140	141	
142	143	144	
145	146	147	148	149	150	
151	152	153	154	155	156	157	158	
159	160	161	162	163	164	165	
166	167	168	169	170	171	
172	173	174	
175	176	177	178	179	
180	181	182	
183	184	
185	186	187	188	189	190	191	192	193	
194	195	196	197	198	199	200	201	202	203	
204	205	206	207	208	209	210	211	212	213	
214	215	216	

Total number of jobs
217

Processing times of jobs
3	4	
3	2	
7	2	
7	9	
10	5	
10	1	
9	1	
10	5	
9	1	
3	9	
8	5	
9	8	
6	4	
6	4	
10	3	
5	1	
10	3	
5	9	
8	7	
10	6	
10	3	
9	1	
10	2	
9	7	
3	4	
3	10	
10	6	
7	10	
10	9	
3	5	
2	10	
3	7	
2	9	
1	8	
8	9	
8	4	
8	10	
2	2	
4	10	
7	2	
1	9	
2	5	
1	4	
6	2	
7	9	
1	9	
5	6	
1	5	
7	8	
3	3	
3	7	
3	1	
1	9	
1	3	
8	4	
9	10	
9	1	
9	10	
7	1	
10	8	
3	9	
5	3	
10	2	
5	5	
7	5	
2	4	
7	6	
6	1	
3	2	
5	10	
2	1	
6	6	
6	8	
2	8	
4	6	
4	9	
3	10	
2	7	
9	10	
10	10	
3	9	
1	3	
6	3	
6	8	
6	10	
3	7	
8	6	
8	8	
5	1	
10	3	
3	2	
5	10	
10	5	
2	5	
5	2	
9	9	
10	4	
10	7	
5	9	
9	10	
4	1	
9	2	
8	8	
6	3	
6	8	
4	8	
6	4	
1	1	
1	9	
5	1	
10	9	
8	6	
8	10	
9	2	
1	1	
6	2	
8	6	
2	7	
3	8	
3	8	
5	10	
6	7	
4	3	
9	7	
9	9	
8	7	
6	7	
7	2	
3	8	
2	3	
2	2	
5	10	
1	1	
7	10	
8	3	
7	3	
8	8	
7	7	
1	6	
4	8	
3	8	
8	7	
8	9	
1	9	
7	2	
2	3	
4	10	
3	2	
9	5	
8	3	
5	5	
7	3	
5	10	
5	6	
5	8	
3	8	
10	1	
6	7	
8	6	
5	7	
3	9	
9	10	
2	10	
7	4	
4	1	
10	2	
10	3	
1	3	
3	5	
5	2	
1	6	
8	5	
1	2	
5	3	
10	1	
8	8	
8	6	
7	8	
6	9	
3	10	
10	6	
8	10	
5	1	
10	6	
9	1	
8	5	
3	3	
5	7	
9	2	
3	4	
7	3	
1	2	
4	6	
9	9	
4	8	
4	8	
3	5	
4	7	
3	7	
7	3	
3	3	
6	9	
10	5	
7	10	
6	10	
4	2	
5	4	
6	2	
5	2	
9	3	
3	2	
1	4	
4	10	
9	6	
1	2	
8	2	
7	9	

Stepup times between Families, where [f][f] represents initial setup time
On machine	1
28	48	30	21	41	1	24	21	9	15	38	29	3	36	9	15	44	23	43	33	36	35	12	2	41	34	43	13	19	20	24	20	21	26	43	44	34	6	36	50	
13	41	11	16	39	7	27	30	11	40	22	42	9	13	41	46	19	27	33	35	23	7	10	11	19	32	36	13	24	10	16	38	50	42	50	25	19	34	19	37	
20	42	47	35	11	46	39	7	22	33	19	17	23	43	21	5	34	40	1	13	27	14	26	40	37	14	20	29	7	19	17	25	14	24	32	19	12	30	37	49	
46	23	12	3	38	30	38	5	25	18	32	25	19	30	49	16	31	5	27	33	12	32	42	8	12	48	32	44	42	47	37	48	47	34	24	47	15	2	21	18	
41	40	6	14	18	6	3	17	22	8	25	22	3	3	36	4	31	28	39	45	47	25	9	14	46	4	19	45	28	43	26	27	29	24	27	24	26	37	45	1	
24	1	5	17	26	20	40	40	13	40	25	3	28	42	8	19	5	34	20	46	31	1	16	20	48	22	11	38	1	32	49	2	34	27	49	2	8	9	6	37	
14	26	7	37	3	26	14	24	30	42	11	45	41	24	7	26	14	2	33	26	15	21	11	9	3	30	18	7	36	4	28	49	19	30	31	8	17	20	39	31	
9	44	3	7	13	10	32	18	43	12	50	40	20	45	12	37	2	17	18	21	6	18	47	10	3	9	2	34	7	14	30	33	5	22	26	39	38	36	31	37	
12	3	10	31	23	28	36	6	6	26	17	36	49	11	17	11	25	33	8	4	41	1	44	44	47	42	40	23	30	30	44	36	38	21	45	46	35	44	38	44	
41	16	42	37	15	29	31	30	33	45	7	20	14	20	1	8	17	32	50	29	33	38	14	40	21	13	39	21	19	31	44	4	21	23	3	33	25	46	3	40	
25	32	12	3	49	25	29	2	1	40	26	36	37	48	41	18	22	24	32	30	23	45	44	30	47	16	30	21	20	22	29	50	25	44	37	17	14	38	6	19	
43	45	25	48	6	24	24	40	28	17	46	10	3	6	39	21	6	33	26	44	40	49	30	31	33	37	34	33	22	14	45	35	28	3	41	40	20	19	1	21	
37	17	29	1	14	34	43	2	18	43	9	30	2	15	44	8	49	44	25	28	14	18	2	2	6	44	20	15	18	22	28	33	12	50	28	50	31	13	46	2	
14	10	21	50	36	45	13	14	44	32	33	40	8	36	11	15	23	24	31	28	3	25	14	38	6	41	42	13	32	46	34	30	19	4	5	34	31	7	14	8	
41	1	35	24	3	37	17	42	36	19	26	30	2	45	7	21	23	13	10	38	4	11	36	31	19	3	23	50	4	22	12	36	3	14	31	16	40	1	28	24	
42	49	44	42	23	4	23	11	6	40	22	27	26	11	47	8	29	23	24	5	21	43	44	21	22	37	19	39	5	26	27	42	7	22	29	45	18	20	45	6	
27	9	37	24	41	9	33	5	26	43	48	38	21	38	43	26	5	48	3	9	14	10	50	3	35	41	27	9	34	43	17	30	41	42	5	32	37	1	14	39	
30	8	47	18	25	25	2	36	30	9	38	13	10	15	47	4	45	25	35	29	14	23	11	18	25	23	6	24	28	15	28	20	8	14	32	46	45	19	32	12	
44	30	37	30	14	35	43	14	37	44	9	6	43	10	24	6	39	38	11	1	9	48	48	15	3	20	47	26	42	17	12	5	34	5	28	13	43	32	48	28	
47	49	35	15	2	50	2	43	32	40	10	3	35	40	39	28	37	34	41	36	19	1	9	24	16	8	27	39	5	33	43	50	15	22	5	23	35	26	16	45	
4	41	13	27	21	2	15	9	10	30	50	49	6	18	25	18	21	48	20	10	24	44	12	21	20	29	30	21	12	46	36	12	48	44	46	12	13	8	44	8	
1	16	44	9	50	44	2	8	1	47	12	17	34	6	21	40	39	2	43	38	16	26	4	41	15	9	26	17	16	15	30	26	33	48	48	31	35	9	32	28	
27	10	13	25	29	28	29	32	24	3	28	32	40	6	29	45	22	21	38	15	48	45	30	43	41	12	24	8	48	21	10	45	10	44	49	41	33	12	26	44	
41	47	39	46	40	30	27	20	43	20	22	46	40	20	40	6	3	15	36	7	46	6	2	6	40	33	5	9	48	14	28	13	36	44	50	32	17	38	32	6	
2	38	2	11	11	26	38	30	11	23	17	33	21	22	42	30	22	13	12	5	18	37	46	20	28	19	4	19	46	6	13	4	30	34	22	2	1	36	9	23	
1	21	23	34	6	41	21	8	15	37	28	19	35	16	2	19	15	35	16	7	37	39	9	48	6	33	45	34	37	30	22	1	18	46	40	29	29	3	46	7	
47	20	9	5	37	3	32	33	45	14	20	4	4	42	16	3	35	43	43	29	45	27	3	18	22	26	49	32	31	13	45	2	21	28	16	22	50	15	11	32	
23	16	34	24	14	19	30	20	33	39	32	48	28	45	24	36	33	31	28	45	13	23	32	9	16	44	47	36	20	16	35	39	48	45	50	8	5	7	33	26	
31	9	5	48	17	31	1	28	31	22	42	41	40	21	10	13	44	46	34	38	16	38	49	40	16	7	25	18	11	8	43	38	50	25	5	39	20	33	32	35	
11	44	47	43	32	5	49	29	23	32	33	42	35	13	41	36	19	39	7	40	32	38	35	14	26	7	30	20	26	31	3	10	27	29	29	18	47	45	5	26	
4	30	47	22	37	1	45	44	24	44	28	6	41	13	32	3	37	9	44	17	16	20	2	29	27	4	15	19	12	39	23	31	46	34	5	37	45	48	2	50	
28	8	39	29	42	36	14	43	44	15	2	15	34	9	21	5	23	27	33	34	22	35	1	11	24	36	37	42	6	32	6	31	22	48	46	21	34	17	29	15	
12	43	10	20	19	28	24	31	2	8	16	7	46	32	19	27	16	30	25	31	16	28	36	7	27	16	24	50	8	37	28	5	26	9	26	45	2	36	7	36	
49	5	16	9	48	8	50	8	5	5	21	36	12	12	28	19	21	8	35	20	19	26	19	8	42	45	14	45	13	21	5	25	25	24	19	18	41	41	48	13	
10	17	14	2	12	23	14	35	32	40	11	28	49	29	38	41	30	50	21	31	40	25	5	26	20	37	2	1	44	8	7	38	1	5	30	41	11	4	37	28	
13	27	35	48	42	38	50	47	8	18	34	6	2	4	33	8	34	50	25	17	39	21	6	20	5	42	47	12	32	23	3	29	29	11	45	41	38	31	1	27	
16	13	23	47	10	14	47	47	32	49	18	31	6	22	26	4	32	46	30	44	43	20	44	10	25	39	16	43	1	47	41	19	26	29	14	5	39	39	30	45	
19	37	16	50	34	33	5	43	49	5	31	40	25	14	5	47	3	5	24	47	11	11	23	38	22	44	3	20	6	17	32	23	33	16	41	38	22	29	13	12	
3	34	3	45	33	24	42	49	15	20	1	38	7	29	6	21	46	49	1	7	9	32	39	50	19	18	13	16	32	30	42	44	2	50	21	46	21	36	39	4	
39	4	12	7	24	40	49	31	40	1	27	23	4	37	40	45	38	27	11	10	39	11	19	30	50	21	48	18	19	47	41	31	29	19	27	19	25	30	47	21	
On machine	2
35	26	37	45	14	46	31	39	40	25	15	10	28	22	28	20	44	28	28	11	20	9	23	39	21	35	3	45	32	3	1	34	28	45	3	28	50	40	4	50	
26	42	6	37	12	34	35	33	43	1	13	14	9	2	3	27	9	42	34	2	16	26	30	3	42	14	35	33	40	36	44	8	37	42	6	30	13	32	27	50	
36	36	23	44	3	6	27	16	17	11	48	24	21	38	39	37	11	19	49	27	21	13	3	46	29	20	3	40	19	30	12	6	20	27	48	38	43	1	3	21	
15	44	10	24	26	32	3	49	15	30	40	38	8	14	36	24	33	2	4	22	46	32	33	30	7	20	48	25	19	31	3	11	30	9	40	35	48	45	4	15	
45	33	15	29	11	3	37	7	10	15	25	26	16	49	21	5	33	23	3	8	11	40	20	31	23	25	10	18	3	5	20	12	4	44	46	9	35	5	14	18	
32	37	11	34	17	47	43	40	35	28	44	14	48	23	35	35	45	26	12	4	16	44	5	11	7	32	25	7	31	45	18	38	17	23	16	15	32	37	35	16	
4	43	6	44	19	18	14	28	26	9	7	34	25	9	44	23	27	25	31	12	9	33	49	38	8	31	10	31	22	33	35	41	33	25	33	41	40	34	9	30	
10	25	42	41	13	8	32	17	2	24	30	19	41	8	29	30	14	50	18	47	22	28	5	28	18	12	45	19	8	30	43	47	34	34	37	43	41	3	27	16	
30	24	40	47	30	42	47	49	34	50	2	24	16	48	40	47	27	26	39	17	44	40	10	27	47	33	28	5	11	2	27	23	6	19	34	21	3	25	16	37	
14	20	26	43	50	19	39	44	32	1	31	16	50	38	4	40	42	16	7	11	28	49	34	41	33	41	18	44	19	25	17	47	46	10	23	13	11	50	3	20	
49	9	39	21	41	27	40	17	5	30	17	22	49	48	17	22	43	12	21	22	28	47	13	1	16	41	31	28	50	11	4	20	44	16	32	7	38	24	21	43	
40	13	5	6	16	25	34	1	32	46	9	4	29	7	27	16	36	11	22	43	14	43	17	8	27	8	20	13	11	49	36	11	5	26	37	21	12	49	43	6	
21	30	14	45	27	6	50	45	32	6	41	36	41	32	6	43	30	48	29	12	25	1	7	41	6	28	35	13	1	26	41	9	12	8	9	42	44	13	5	4	
42	20	2	45	49	19	49	5	3	20	40	6	5	30	30	4	45	38	5	41	24	40	27	1	47	31	32	16	43	40	39	10	12	21	34	43	38	2	49	17	
39	2	21	18	3	32	21	19	18	45	22	17	14	11	39	17	4	9	27	8	50	35	20	23	2	36	11	49	28	1	26	7	43	24	41	45	1	39	10	23	
47	7	16	27	21	41	47	47	14	11	25	23	4	46	16	14	2	44	19	2	9	32	4	30	28	32	42	26	44	47	7	15	50	23	1	34	18	10	28	8	
42	5	44	19	36	17	31	9	24	25	35	19	9	47	43	45	40	20	14	42	19	16	46	12	42	13	32	22	10	20	26	20	10	12	18	43	4	10	8	3	
48	36	5	38	38	41	24	19	31	30	38	8	41	24	7	11	14	13	47	50	25	33	25	32	41	30	36	37	50	1	42	39	11	37	26	3	50	13	30	13	
22	20	14	39	20	32	36	14	1	3	35	1	25	16	41	30	30	26	41	48	21	49	31	46	48	36	50	35	8	25	47	7	38	32	26	35	14	12	34	46	
35	1	12	1	32	43	47	41	19	50	31	48	15	46	27	47	37	39	17	30	43	40	15	8	19	7	31	35	5	7	2	8	40	37	6	43	24	45	32	50	
11	15	20	31	50	30	18	1	17	18	32	37	38	18	28	12	34	31	22	23	39	6	47	5	23	25	36	1	49	49	42	1	6	19	10	33	14	43	9	48	
7	29	9	15	29	1	29	26	10	28	25	6	38	31	29	36	13	45	22	4	29	29	41	7	47	40	5	31	18	5	30	25	19	9	10	29	10	17	35	26	
39	48	8	30	38	4	7	22	5	7	39	38	10	45	47	10	21	4	13	9	19	36	11	20	44	26	20	36	20	4	17	29	6	29	19	48	17	26	33	10	
19	6	49	46	8	4	27	41	44	25	14	39	1	6	35	7	16	31	43	18	8	4	10	32	8	21	16	23	33	34	23	2	39	50	30	13	27	27	9	4	
29	25	5	39	46	17	38	33	2	27	35	28	5	6	41	33	35	26	4	39	8	46	18	23	11	49	33	44	35	38	31	12	29	14	3	30	46	36	27	3	
9	44	39	42	33	28	37	21	42	9	28	23	34	27	8	9	21	25	28	8	44	40	10	50	44	33	29	43	17	45	29	48	5	32	3	50	44	27	47	46	
10	34	2	7	41	29	37	35	23	2	4	8	29	19	11	11	38	36	41	11	27	44	25	3	41	22	26	41	36	6	4	29	31	31	10	32	46	14	3	17	
11	34	5	43	43	43	20	46	18	47	31	49	18	29	11	48	26	43	44	18	13	29	30	50	43	32	38	14	16	30	7	27	23	27	27	15	31	48	9	46	
35	16	14	7	24	14	39	14	12	7	45	36	49	50	15	44	27	45	27	22	41	39	2	27	15	50	17	19	1	16	3	10	34	17	5	9	31	45	35	30	
2	7	40	28	38	34	20	40	44	34	36	21	14	3	30	22	14	21	13	24	9	29	16	28	40	32	24	6	49	32	4	43	2	39	23	16	24	28	9	21	
17	7	11	46	12	16	33	40	13	42	19	5	34	2	44	27	39	45	29	38	30	18	27	44	5	25	43	28	9	14	46	46	45	6	36	24	33	23	43	49	
31	45	27	11	19	15	41	14	45	42	44	2	10	46	33	28	26	43	36	19	26	21	38	15	6	21	29	7	30	44	23	24	30	14	16	33	2	29	42	46	
1	36	31	19	48	40	8	2	27	47	22	33	36	11	5	15	38	45	13	18	5	6	47	35	22	45	33	18	16	41	24	28	26	7	7	2	3	25	5	27	
13	11	26	35	10	28	6	44	44	30	30	7	19	50	17	35	26	36	12	6	4	9	32	33	18	5	39	34	40	5	2	4	36	21	10	4	28	48	7	7	
3	48	24	30	29	46	10	7	9	15	43	40	22	27	43	46	40	6	17	45	37	20	23	29	27	33	20	3	4	29	20	32	5	19	44	50	37	32	5	7	
46	13	14	40	35	35	44	7	9	38	15	50	38	39	31	49	43	16	7	5	43	15	32	21	19	47	7	40	4	11	34	28	41	20	4	17	40	9	22	11	
43	45	45	23	42	14	46	23	35	20	9	44	46	42	15	48	8	30	21	7	5	18	33	24	30	31	42	39	25	4	14	32	3	37	20	47	30	32	20	50	
33	47	16	3	42	19	27	34	46	4	6	8	10	23	23	38	39	3	30	45	9	40	49	48	12	5	44	44	11	25	8	1	13	11	37	46	1	48	11	33	
21	18	9	49	47	25	28	22	6	28	36	20	3	40	41	10	18	20	33	43	3	44	40	5	13	46	4	24	13	34	3	43	32	20	10	46	29	38	44	1	
1	28	2	34	49	22	4	31	2	8	48	15	4	37	42	17	29	30	14	49	38	46	49	37	19	6	27	43	21	12	17	22	2	42	17	50	15	23	41	25	
