Factories	3
Families	40
Machines	2
SetupType	3

Number of Jobs in each Family
6	8	9	4	6	8	6	7	3	5	10	10	1	1	3	1	2	1	2	2	9	3	10	9	7	7	4	5	6	10	5	1	7	7	1	3	6	4	6	5	

Jobs in each Family
0	1	2	3	4	5	
6	7	8	9	10	11	12	13	
14	15	16	17	18	19	20	21	22	
23	24	25	26	
27	28	29	30	31	32	
33	34	35	36	37	38	39	40	
41	42	43	44	45	46	
47	48	49	50	51	52	53	
54	55	56	
57	58	59	60	61	
62	63	64	65	66	67	68	69	70	71	
72	73	74	75	76	77	78	79	80	81	
82	
83	
84	85	86	
87	
88	89	
90	
91	92	
93	94	
95	96	97	98	99	100	101	102	103	
104	105	106	
107	108	109	110	111	112	113	114	115	116	
117	118	119	120	121	122	123	124	125	
126	127	128	129	130	131	132	
133	134	135	136	137	138	139	
140	141	142	143	
144	145	146	147	148	
149	150	151	152	153	154	
155	156	157	158	159	160	161	162	163	164	
165	166	167	168	169	
170	
171	172	173	174	175	176	177	
178	179	180	181	182	183	184	
185	
186	187	188	
189	190	191	192	193	194	
195	196	197	198	
199	200	201	202	203	204	
205	206	207	208	209	

Total number of jobs
210

Processing times of jobs
5	5	
2	3	
9	1	
4	9	
4	7	
5	6	
8	7	
7	10	
8	8	
7	2	
2	7	
6	5	
3	5	
2	2	
4	9	
6	10	
6	6	
8	8	
8	8	
9	6	
10	8	
10	6	
5	5	
3	3	
1	4	
1	1	
7	2	
6	2	
8	9	
4	5	
1	8	
1	2	
8	2	
5	7	
1	2	
2	7	
8	7	
10	2	
2	5	
4	9	
10	5	
9	4	
9	10	
5	10	
6	3	
10	4	
3	6	
8	8	
9	10	
10	1	
10	10	
10	8	
8	5	
2	6	
10	10	
9	4	
4	3	
8	10	
6	5	
4	8	
6	10	
5	1	
8	8	
1	4	
4	6	
7	6	
4	1	
10	6	
3	5	
7	6	
5	4	
7	4	
1	7	
5	5	
3	10	
7	2	
4	5	
10	2	
2	7	
5	7	
6	8	
5	7	
7	4	
3	5	
2	7	
7	10	
9	2	
1	1	
10	7	
2	8	
5	5	
3	2	
2	5	
6	9	
7	8	
3	10	
5	8	
5	5	
9	2	
4	1	
7	6	
6	2	
3	5	
5	3	
7	4	
1	10	
1	4	
9	2	
4	9	
7	2	
5	1	
3	9	
5	9	
5	4	
5	3	
5	10	
8	4	
5	1	
2	6	
9	4	
6	5	
2	5	
9	2	
1	6	
6	8	
9	2	
4	7	
4	2	
4	1	
6	10	
7	2	
10	6	
8	7	
5	3	
2	2	
4	2	
2	5	
9	5	
7	4	
4	6	
1	9	
5	1	
6	8	
9	10	
7	9	
10	1	
6	9	
10	3	
1	2	
10	9	
7	7	
5	1	
9	7	
8	7	
10	3	
7	4	
2	5	
8	9	
5	10	
4	1	
4	3	
5	3	
8	9	
8	2	
7	2	
5	10	
8	6	
9	9	
1	4	
4	8	
2	8	
8	3	
8	6	
10	8	
7	2	
8	10	
1	2	
10	1	
5	2	
5	1	
9	2	
3	2	
3	7	
5	1	
3	7	
6	6	
7	5	
5	7	
1	5	
6	6	
5	1	
2	7	
7	5	
9	3	
10	1	
9	7	
9	5	
2	9	
8	9	
5	1	
4	6	
3	2	
6	10	
5	4	
1	2	
1	1	
6	5	
6	5	
7	9	
10	5	

Stepup times between Families, where [f][f] represents initial setup time
On machine	1
41	55	16	37	43	55	65	26	79	34	55	46	59	22	69	28	79	46	18	28	48	89	73	83	36	47	72	72	35	9	79	20	98	62	20	23	34	62	61	70	
87	21	52	25	82	34	9	18	95	45	92	5	63	79	97	21	1	51	17	14	7	92	87	8	20	78	51	41	76	57	86	95	83	89	11	45	17	47	43	6	
6	2	59	81	1	33	66	50	66	32	44	37	12	5	7	35	28	82	79	85	40	80	5	60	11	66	100	37	90	70	34	36	38	98	42	52	70	19	28	24	
99	74	58	25	30	40	65	51	23	20	44	17	36	30	80	45	31	91	59	67	99	70	67	32	4	53	5	78	14	100	23	42	88	4	38	91	41	40	48	57	
95	49	36	64	74	32	34	38	27	44	9	66	77	40	28	38	36	25	61	19	45	60	56	56	9	55	44	81	65	78	1	5	84	68	21	50	3	97	80	83	
98	78	50	61	60	63	60	78	85	17	97	100	78	76	90	98	57	99	80	76	21	81	34	23	24	14	10	99	75	66	68	68	70	21	56	18	56	76	71	25	
61	71	82	43	2	48	18	48	45	18	31	53	34	66	50	96	93	98	60	71	42	99	33	1	45	40	17	28	73	47	94	33	18	36	58	74	5	31	59	70	
9	67	88	22	100	76	81	18	60	41	38	18	31	15	48	34	56	44	32	19	22	59	92	8	37	99	83	79	79	42	29	77	37	40	23	93	15	12	20	3	
50	34	56	64	67	22	3	39	46	16	78	15	89	25	89	36	82	25	92	48	88	84	4	63	37	42	21	72	47	30	22	77	100	46	38	29	82	57	60	69	
53	77	77	9	56	48	70	19	73	85	66	99	96	54	25	5	100	48	9	69	31	9	3	18	41	85	85	65	76	44	71	58	95	27	99	55	12	53	14	75	
45	24	60	86	70	4	55	64	75	43	27	23	77	21	8	85	87	30	12	24	85	62	14	23	13	1	20	42	16	91	65	6	92	25	78	92	51	77	58	46	
94	18	91	70	59	96	8	17	72	6	43	59	17	84	99	97	67	11	99	26	98	35	24	59	56	17	33	1	79	41	87	9	13	38	34	49	58	19	3	76	
50	40	47	48	47	42	30	95	5	10	68	96	20	17	90	66	34	32	84	61	66	22	29	27	4	42	95	62	22	1	89	97	94	5	39	76	20	19	37	48	
23	58	75	66	83	24	55	75	78	77	35	88	91	33	60	54	90	43	59	80	38	40	91	36	31	76	80	24	88	27	14	2	76	54	13	58	27	5	7	14	
23	32	66	62	8	17	89	61	89	97	89	35	95	96	24	97	43	74	36	70	35	67	80	52	37	39	49	86	56	27	95	63	95	55	38	95	35	100	51	68	
63	95	61	28	86	18	37	100	28	55	93	28	17	67	88	9	30	97	31	68	49	51	62	14	68	71	22	31	97	70	74	42	97	42	27	89	5	78	37	45	
7	54	10	41	93	6	45	67	35	79	83	87	20	96	13	11	39	87	67	50	86	40	18	37	66	45	20	51	16	3	92	52	84	75	92	20	56	93	91	1	
52	49	46	86	51	35	15	46	24	45	67	61	34	78	68	84	60	21	83	78	57	49	66	53	55	68	22	7	6	23	27	35	28	80	32	15	63	35	64	27	
59	29	28	2	72	43	39	67	57	93	69	31	30	62	20	97	96	18	28	9	43	53	79	9	73	12	35	17	44	53	80	43	99	64	34	18	5	83	40	50	
23	26	76	4	45	8	73	46	6	56	51	34	7	27	6	47	9	32	61	4	22	69	16	32	53	50	12	14	69	76	74	46	8	23	82	59	44	11	5	50	
38	84	5	86	37	12	57	86	13	97	57	52	24	18	51	84	18	58	69	28	44	47	41	17	16	66	79	54	75	24	29	35	64	10	89	73	11	4	14	44	
84	74	20	69	83	97	57	33	71	69	24	98	6	23	33	8	73	72	61	47	24	18	48	15	8	87	8	95	43	84	16	94	72	68	20	63	35	25	39	1	
19	70	38	27	38	14	39	47	21	35	10	96	10	58	26	80	82	39	48	24	82	96	31	85	15	27	76	75	20	11	92	86	13	90	21	50	26	56	74	43	
26	23	49	91	88	100	28	8	17	97	72	29	16	35	92	51	2	6	49	43	10	54	8	6	28	96	25	69	56	42	18	86	34	43	11	19	19	87	41	90	
30	65	88	8	100	26	22	10	77	65	81	4	84	79	39	96	25	65	12	19	53	92	76	86	18	44	43	100	35	56	81	33	26	25	17	94	95	80	9	24	
4	73	55	63	92	34	34	100	84	81	92	96	81	45	15	98	1	82	1	22	32	66	61	59	26	63	22	88	98	34	34	11	31	42	67	22	48	90	37	86	
41	67	84	32	35	34	63	25	25	20	90	37	81	70	55	7	77	39	79	52	7	16	40	98	61	19	94	15	9	44	50	30	80	88	89	59	17	82	13	25	
52	94	52	61	88	40	30	65	42	90	9	84	22	77	31	28	83	29	87	76	99	83	39	28	76	47	13	37	97	34	80	65	99	17	18	78	27	43	83	33	
36	55	11	79	53	58	39	67	41	72	42	39	77	48	63	24	54	25	47	30	48	29	80	65	2	41	53	4	11	99	4	99	96	88	93	96	6	26	93	22	
95	51	72	66	72	10	46	78	62	9	20	98	82	28	53	24	81	89	75	19	55	89	80	64	46	6	80	97	27	38	81	53	29	46	59	91	89	58	5	98	
32	24	46	34	78	83	36	96	80	30	7	4	77	85	91	74	26	11	71	41	62	73	85	100	42	78	6	41	26	75	15	76	16	5	80	60	86	69	92	76	
58	3	89	37	99	46	14	30	67	7	42	52	32	36	51	19	92	7	54	80	92	3	53	85	53	61	54	37	24	19	14	81	32	89	2	63	79	57	84	81	
51	5	49	86	88	22	86	50	85	32	25	32	94	3	49	11	69	8	49	54	49	24	57	73	2	44	41	27	11	61	33	89	12	90	29	35	92	84	58	49	
82	66	18	93	14	29	1	95	42	33	20	65	21	65	1	97	24	27	10	35	24	23	22	31	39	58	93	83	34	66	28	85	30	20	78	55	98	61	1	90	
37	69	67	60	36	13	22	17	70	11	26	65	53	3	38	4	8	72	30	54	79	99	23	44	99	87	27	74	67	66	31	63	37	51	39	90	89	97	29	42	
67	71	52	24	4	44	97	51	78	76	11	32	95	76	60	59	39	63	32	74	9	5	73	33	84	24	59	6	54	5	85	98	96	24	92	15	79	19	44	63	
67	52	80	37	18	76	85	51	27	19	6	44	15	94	3	34	32	76	95	62	97	12	50	27	25	29	99	12	59	91	50	18	73	53	97	18	87	8	8	50	
87	99	39	6	15	40	55	49	95	30	95	41	63	18	85	51	6	51	67	86	88	13	83	35	17	77	31	25	80	99	33	38	35	56	98	45	71	7	95	74	
67	86	84	91	96	84	69	80	47	61	39	73	50	92	72	58	7	28	97	39	75	70	90	13	35	18	63	82	20	52	14	24	100	85	1	60	43	90	82	32	
71	8	32	41	28	65	72	71	3	50	19	77	21	65	73	21	6	16	27	99	30	19	69	29	64	43	91	96	22	75	33	13	60	44	44	58	16	55	3	14	
On machine	2
84	26	70	49	6	51	69	25	21	91	25	50	77	79	7	100	81	47	17	11	19	4	88	10	12	32	82	56	36	11	77	71	52	16	97	69	49	21	27	1	
8	27	69	82	5	93	72	98	65	26	47	49	59	97	46	91	12	5	35	35	17	5	35	46	25	53	28	48	44	90	26	9	43	75	88	42	25	44	68	65	
74	83	97	54	2	97	96	40	67	6	97	60	91	100	48	23	44	45	68	94	85	67	2	93	26	67	85	48	22	41	64	94	92	95	64	71	43	8	92	57	
67	84	82	25	93	85	77	66	33	35	32	18	5	79	23	41	8	40	40	43	16	16	19	25	57	82	19	6	84	87	81	90	58	98	42	95	29	67	16	60	
71	16	16	94	4	15	18	29	27	38	13	39	63	92	57	15	56	31	10	68	27	54	40	39	6	77	75	31	5	51	51	67	92	79	92	61	86	22	42	45	
41	76	77	48	23	49	95	2	96	78	2	62	77	12	71	84	93	92	59	59	66	60	66	100	14	29	77	27	26	33	16	93	63	83	15	78	91	60	80	75	
10	60	34	94	78	94	41	85	23	24	18	5	92	79	67	24	74	42	2	28	2	44	15	61	20	22	20	73	32	17	52	71	42	93	22	2	42	87	75	22	
90	25	82	27	34	48	28	81	32	1	40	36	92	2	83	86	66	34	99	73	83	39	80	41	64	28	99	89	16	72	95	24	68	54	97	51	14	30	49	65	
31	30	41	88	49	16	88	50	3	67	68	18	81	71	59	84	27	62	36	22	22	85	52	29	55	80	55	96	86	13	20	19	37	30	4	82	92	85	27	22	
88	40	23	80	69	45	49	22	41	31	53	71	10	85	22	99	69	42	54	53	11	42	35	67	100	37	70	87	11	30	91	51	65	81	5	64	58	84	3	18	
32	42	15	35	9	89	14	72	79	57	8	8	85	89	9	16	25	66	57	72	64	30	68	36	98	27	97	40	95	4	36	19	81	11	97	14	78	40	91	6	
72	81	40	16	8	78	87	88	68	2	64	31	84	58	39	56	35	54	63	78	65	42	88	59	56	31	51	40	15	34	85	39	30	77	87	93	83	59	76	90	
73	40	67	97	67	38	47	9	79	45	12	76	56	30	99	81	8	66	9	41	22	65	85	93	11	13	28	91	16	43	44	42	3	49	87	67	49	57	96	74	
19	25	63	72	92	19	66	81	47	19	16	13	1	43	9	35	32	70	55	94	13	92	87	12	75	37	87	36	38	87	18	42	99	26	44	28	32	86	52	35	
31	39	91	20	94	72	72	53	29	100	4	83	23	62	30	52	26	87	47	63	73	66	74	27	79	51	68	46	42	66	10	40	73	77	67	54	10	13	47	47	
90	58	92	72	26	35	92	30	78	88	19	78	100	11	87	52	43	12	86	89	52	84	91	66	5	26	22	8	96	54	4	33	91	49	42	42	5	80	22	31	
39	71	72	72	1	41	74	93	90	66	98	17	35	56	39	6	14	22	78	8	2	34	74	43	27	8	94	5	86	23	58	17	75	9	18	69	60	58	46	38	
78	5	12	62	95	21	26	68	6	72	3	43	46	21	18	93	11	20	29	74	55	52	75	69	64	45	43	93	99	90	75	27	45	64	17	16	75	75	21	73	
71	93	39	38	53	73	18	79	11	5	74	23	77	75	34	20	44	32	49	32	41	58	29	17	20	84	48	39	57	75	87	91	22	72	12	79	15	35	28	81	
51	90	69	62	48	23	97	80	69	29	83	10	81	70	73	74	18	80	46	91	19	97	12	76	91	73	58	24	92	14	88	60	35	48	63	34	68	88	51	11	
79	5	2	11	48	25	62	19	73	77	70	28	82	76	85	98	62	70	51	56	19	72	5	58	58	86	83	78	40	83	12	87	72	68	72	23	78	84	16	89	
71	39	84	74	34	41	17	7	75	5	21	62	61	29	11	36	1	56	5	100	5	80	92	38	94	97	43	30	39	94	16	30	85	1	68	17	35	72	16	70	
17	62	68	28	95	94	34	3	64	16	78	7	7	74	64	71	47	17	71	85	70	92	69	80	11	43	47	14	44	12	19	71	69	2	6	1	91	35	63	49	
99	64	97	67	58	18	60	74	49	23	26	34	85	9	79	49	93	50	20	83	27	89	24	5	59	93	93	33	93	11	49	12	14	40	38	84	42	55	74	55	
9	84	90	26	26	98	79	39	99	50	35	9	18	96	58	22	7	6	100	36	19	3	36	83	100	57	53	94	11	86	100	2	54	79	55	46	10	71	60	93	
80	74	17	13	54	9	6	85	80	89	8	58	51	50	100	29	39	35	71	97	52	34	53	51	98	93	23	69	89	95	10	74	77	31	1	9	42	99	86	70	
4	68	43	79	11	49	42	8	61	69	67	93	26	16	14	22	39	18	12	42	86	26	78	60	14	37	35	15	28	59	73	5	21	32	12	43	21	87	58	19	
19	59	30	14	61	4	89	51	66	53	50	11	59	17	75	78	71	43	44	46	90	8	40	35	60	24	28	94	41	77	6	46	84	51	22	92	57	93	17	22	
15	70	71	83	70	8	73	68	80	49	99	14	46	87	53	82	37	50	53	77	69	19	72	25	50	91	53	23	13	72	59	99	82	87	61	69	84	95	72	22	
24	56	48	66	82	96	74	55	56	62	26	30	72	40	39	68	27	3	79	36	35	84	41	34	11	53	47	43	1	96	1	48	77	76	83	48	18	22	59	78	
4	85	63	62	49	21	80	43	13	20	63	25	97	98	18	24	33	35	70	12	60	62	15	34	29	60	45	3	52	81	26	56	58	51	93	46	77	5	65	94	
94	45	17	52	44	5	38	47	69	99	45	16	3	91	67	52	57	33	49	43	10	43	53	75	79	67	23	88	96	21	96	17	38	59	29	7	24	22	10	33	
55	21	36	91	4	44	35	55	92	26	56	40	26	69	48	41	48	46	37	26	53	92	65	61	39	46	68	84	85	57	5	92	19	54	83	9	80	4	94	45	
88	48	5	71	66	46	45	4	68	7	32	27	62	63	59	80	71	65	40	6	50	5	23	54	69	22	71	7	79	79	13	7	11	11	12	74	71	15	10	66	
26	15	15	62	9	38	62	88	68	21	8	60	40	54	93	58	72	88	31	83	57	3	22	10	86	70	73	22	80	43	67	46	29	1	6	33	16	8	50	75	
12	17	1	72	84	86	2	63	9	92	4	74	2	93	12	68	57	85	97	87	75	56	34	39	6	78	33	39	40	25	32	15	4	38	69	93	43	34	34	43	
89	48	8	13	5	100	3	47	88	61	99	6	34	98	61	31	37	62	41	44	76	98	7	30	3	40	67	11	84	93	1	21	65	73	9	62	99	58	12	61	
27	6	11	45	10	78	55	49	54	8	81	16	55	59	71	26	51	18	64	42	10	45	76	69	48	66	83	23	16	95	13	40	77	3	74	42	55	24	57	41	
81	49	54	83	44	95	12	58	10	8	7	6	92	66	62	39	37	25	16	22	56	96	13	95	27	77	7	63	29	87	62	67	53	88	67	41	48	23	19	61	
97	91	56	19	7	53	88	35	79	26	42	25	27	37	73	86	53	92	6	74	92	48	66	39	67	74	76	86	39	11	4	21	48	51	11	29	67	30	45	9	
