Factories	3
Families	60
Machines	2
SetupType	2

Number of Jobs in each Family
6	4	8	1	9	5	9	10	4	9	1	4	2	3	4	9	4	8	3	1	2	8	8	10	8	4	9	6	3	6	4	3	6	3	8	3	8	3	9	9	2	1	10	4	7	6	6	9	6	8	8	7	7	1	3	3	8	8	6	1	

Jobs in each Family
0	1	2	3	4	5	
6	7	8	9	
10	11	12	13	14	15	16	17	
18	
19	20	21	22	23	24	25	26	27	
28	29	30	31	32	
33	34	35	36	37	38	39	40	41	
42	43	44	45	46	47	48	49	50	51	
52	53	54	55	
56	57	58	59	60	61	62	63	64	
65	
66	67	68	69	
70	71	
72	73	74	
75	76	77	78	
79	80	81	82	83	84	85	86	87	
88	89	90	91	
92	93	94	95	96	97	98	99	
100	101	102	
103	
104	105	
106	107	108	109	110	111	112	113	
114	115	116	117	118	119	120	121	
122	123	124	125	126	127	128	129	130	131	
132	133	134	135	136	137	138	139	
140	141	142	143	
144	145	146	147	148	149	150	151	152	
153	154	155	156	157	158	
159	160	161	
162	163	164	165	166	167	
168	169	170	171	
172	173	174	
175	176	177	178	179	180	
181	182	183	
184	185	186	187	188	189	190	191	
192	193	194	
195	196	197	198	199	200	201	202	
203	204	205	
206	207	208	209	210	211	212	213	214	
215	216	217	218	219	220	221	222	223	
224	225	
226	
227	228	229	230	231	232	233	234	235	236	
237	238	239	240	
241	242	243	244	245	246	247	
248	249	250	251	252	253	
254	255	256	257	258	259	
260	261	262	263	264	265	266	267	268	
269	270	271	272	273	274	
275	276	277	278	279	280	281	282	
283	284	285	286	287	288	289	290	
291	292	293	294	295	296	297	
298	299	300	301	302	303	304	
305	
306	307	308	
309	310	311	
312	313	314	315	316	317	318	319	
320	321	322	323	324	325	326	327	
328	329	330	331	332	333	
334	

Total number of jobs
335

Processing times of jobs
9	2	
6	9	
1	9	
4	9	
10	6	
1	6	
10	8	
3	5	
4	6	
9	4	
5	1	
1	7	
10	10	
3	5	
3	7	
3	1	
9	5	
10	10	
1	5	
7	4	
7	3	
8	2	
10	6	
5	7	
9	8	
7	1	
6	3	
6	5	
7	3	
9	4	
1	10	
8	2	
3	10	
2	8	
10	4	
4	10	
6	7	
5	10	
6	6	
7	4	
8	9	
4	2	
2	9	
6	6	
10	3	
7	6	
3	1	
9	8	
2	2	
6	1	
3	10	
7	6	
6	3	
6	4	
1	5	
1	8	
6	2	
8	8	
5	3	
6	2	
7	4	
1	3	
3	3	
10	4	
7	5	
7	7	
2	9	
5	2	
9	2	
10	6	
9	4	
7	1	
8	4	
1	8	
9	6	
7	2	
9	7	
8	3	
3	5	
3	8	
8	4	
4	10	
1	6	
9	4	
3	10	
10	7	
1	3	
7	4	
4	4	
9	5	
9	3	
9	7	
6	5	
5	2	
10	7	
9	9	
1	9	
2	4	
7	5	
8	4	
9	4	
10	4	
9	1	
9	1	
8	7	
2	6	
5	10	
8	9	
8	9	
3	2	
2	10	
5	1	
2	4	
9	1	
4	9	
8	3	
1	7	
9	5	
1	3	
2	4	
8	3	
6	1	
3	1	
3	5	
5	6	
6	1	
7	2	
8	5	
9	9	
9	1	
3	10	
1	3	
7	2	
5	5	
8	10	
1	1	
9	3	
10	3	
10	3	
3	9	
1	6	
10	2	
10	4	
10	3	
9	2	
2	3	
8	8	
4	7	
9	6	
3	4	
10	5	
5	6	
5	3	
9	8	
8	8	
8	2	
7	8	
7	1	
6	2	
3	4	
1	4	
5	3	
7	5	
2	5	
8	8	
8	8	
7	6	
8	3	
8	7	
4	8	
10	7	
1	8	
4	6	
8	10	
5	7	
8	2	
3	10	
8	3	
9	7	
3	10	
7	1	
8	5	
2	2	
6	8	
9	6	
1	1	
8	1	
3	4	
5	8	
7	9	
3	8	
10	8	
3	7	
3	9	
2	7	
4	6	
8	4	
6	1	
6	9	
6	6	
7	9	
8	1	
2	10	
4	7	
2	7	
2	6	
4	7	
6	10	
1	5	
6	1	
9	8	
8	1	
7	6	
7	4	
1	9	
1	7	
10	2	
8	10	
9	6	
1	6	
7	8	
5	9	
2	10	
6	5	
4	5	
4	8	
10	9	
3	10	
10	9	
5	8	
7	3	
3	10	
8	9	
2	2	
9	7	
7	2	
5	5	
9	2	
4	2	
2	1	
3	2	
7	9	
3	4	
4	2	
8	6	
2	3	
10	10	
1	10	
10	3	
1	8	
4	7	
8	7	
8	8	
10	8	
9	3	
2	7	
8	9	
7	8	
1	10	
8	7	
6	8	
2	6	
8	1	
4	7	
6	8	
1	10	
3	7	
9	6	
2	8	
8	3	
9	4	
2	6	
7	7	
4	8	
8	6	
9	8	
8	6	
10	9	
10	3	
4	9	
8	5	
6	3	
6	8	
5	1	
8	9	
5	1	
6	6	
8	1	
6	10	
3	5	
8	9	
1	9	
10	7	
2	3	
3	6	
8	8	
6	3	
2	6	
5	10	
6	1	
1	4	
6	10	
9	8	
8	5	
9	7	
9	7	
3	6	
1	4	
4	6	
2	3	
7	2	
3	6	
9	3	
9	3	
1	10	
10	4	
9	7	
8	2	
10	1	
4	6	
1	6	
5	2	
8	5	
10	9	
6	4	
3	3	
2	10	
9	2	
8	4	
1	8	
5	6	
4	1	
5	2	
1	5	
1	8	

Stepup times between Families, where [f][f] represents initial setup time
On machine	1
22	13	13	26	47	50	26	17	33	24	19	3	13	41	4	34	1	6	9	25	42	5	29	18	5	2	24	36	12	45	43	28	39	22	5	35	49	33	3	48	3	39	44	24	19	24	44	27	35	42	18	31	48	46	17	20	42	12	1	16	
40	14	20	48	38	17	31	48	20	13	3	23	16	24	29	7	36	25	43	20	22	22	3	40	19	48	48	27	48	33	2	26	21	29	43	22	38	30	32	14	49	19	11	30	50	43	30	2	18	22	1	8	41	34	1	23	38	9	39	21	
19	24	26	18	12	46	14	23	19	45	22	24	42	13	1	12	16	31	12	26	24	22	36	30	22	4	18	38	16	5	29	27	11	41	17	35	29	24	49	3	25	26	31	43	14	7	43	38	33	50	23	28	45	15	34	48	6	2	8	39	
38	30	45	7	27	25	13	41	1	36	21	36	43	21	26	25	26	45	50	50	35	13	49	9	14	41	20	29	10	18	20	15	6	46	49	14	10	44	29	43	35	2	42	2	36	40	47	49	34	35	20	12	13	17	9	12	27	36	22	19	
44	4	31	1	12	11	25	45	36	4	27	4	47	46	6	21	1	13	31	18	3	35	37	35	38	4	31	37	24	22	36	49	36	15	27	3	15	47	39	1	6	5	11	43	2	21	10	42	6	33	42	41	12	21	20	13	28	4	8	9	
40	36	29	13	4	15	46	33	30	30	32	41	33	49	50	25	7	8	8	32	37	42	42	36	17	30	26	35	26	42	6	27	24	44	39	6	10	41	9	30	36	14	43	50	41	37	4	31	14	31	4	2	20	34	48	45	19	35	15	30	
37	41	7	45	31	15	21	35	48	10	28	40	7	22	4	17	37	19	31	24	37	35	23	4	11	47	14	32	15	22	1	17	13	25	16	27	33	31	36	30	20	34	49	30	44	6	43	8	31	6	30	20	35	6	43	27	44	39	46	21	
11	46	16	23	31	35	7	26	42	25	13	26	8	13	38	27	44	36	27	44	2	32	1	24	45	40	27	22	33	30	19	23	43	41	46	15	15	25	42	37	20	9	50	1	4	42	30	46	31	28	30	3	37	26	31	19	14	1	45	44	
32	42	48	28	42	9	30	32	18	15	30	44	35	31	33	8	48	33	50	48	41	34	8	25	16	48	44	26	3	35	49	6	45	46	13	11	49	48	27	43	1	41	25	23	21	4	36	37	2	45	38	28	23	20	39	33	2	10	16	8	
32	38	30	29	1	8	50	42	33	25	49	36	22	23	29	23	22	19	33	5	14	42	8	27	32	34	50	48	16	5	42	34	1	34	14	24	9	14	33	47	45	36	44	40	18	43	13	18	6	6	2	1	3	47	8	39	26	7	10	10	
40	25	22	15	5	20	48	43	4	30	2	24	23	12	14	24	1	36	39	3	11	6	25	22	4	18	5	19	19	35	5	17	20	9	44	50	31	18	50	29	50	38	2	31	25	33	46	1	16	32	16	19	44	11	37	41	45	11	39	9	
3	27	25	28	46	47	43	34	29	3	20	15	39	4	14	49	32	26	33	38	30	30	30	9	30	27	7	18	33	34	16	28	18	49	46	21	34	14	30	47	30	32	33	6	10	24	24	33	39	1	35	28	44	27	29	44	4	42	29	22	
1	40	15	2	27	24	47	19	32	12	49	12	39	9	31	19	28	42	2	44	32	18	16	4	16	33	38	16	42	30	11	47	47	49	33	29	11	45	9	31	28	45	18	26	24	6	42	7	2	23	6	36	14	33	26	40	18	46	47	42	
4	43	18	8	44	46	22	32	24	20	20	28	26	15	35	42	48	10	47	35	20	41	45	34	44	24	36	47	34	22	33	12	23	1	18	33	44	36	18	25	50	20	50	17	4	8	40	23	2	4	2	37	16	7	50	9	30	26	19	33	
38	23	46	43	14	6	29	33	28	33	44	45	37	19	41	17	24	5	38	20	22	42	41	6	18	30	39	48	6	47	2	9	22	6	20	41	1	25	8	49	39	21	28	22	4	5	38	33	34	8	10	26	21	39	23	10	30	14	14	34	
1	23	49	27	3	45	40	33	21	40	33	26	27	14	32	7	23	49	39	33	36	44	34	9	8	29	28	43	38	1	33	43	22	7	40	49	10	30	50	24	3	50	14	17	43	28	6	42	38	1	28	36	21	49	12	22	37	24	17	50	
22	46	20	50	40	1	29	5	48	30	24	26	26	4	36	2	46	23	19	29	42	15	10	4	10	32	30	18	38	40	44	6	34	20	22	11	50	23	6	40	1	1	9	22	24	13	33	30	6	15	12	24	2	5	7	11	18	23	43	48	
40	39	45	22	48	41	4	37	42	39	46	50	17	13	6	4	15	6	28	44	8	29	41	43	34	7	48	46	39	32	14	9	46	33	9	39	23	30	36	14	22	32	27	25	5	32	36	5	8	29	47	9	8	7	4	7	30	50	47	46	
45	3	21	22	5	30	32	31	38	21	40	17	5	48	31	13	32	11	19	1	26	25	16	16	17	11	15	30	27	50	18	35	19	43	30	46	11	11	41	2	8	46	7	45	48	1	44	31	13	32	47	35	16	33	18	10	14	47	43	29	
41	50	50	13	6	26	27	15	20	46	38	28	17	21	33	21	40	38	19	26	6	11	2	14	42	31	21	48	29	37	26	34	30	32	31	19	12	27	49	38	16	44	43	8	5	10	30	28	47	3	15	31	15	45	32	33	9	26	47	23	
35	23	4	12	18	21	20	33	22	33	42	47	43	46	43	48	27	11	19	20	11	22	8	23	6	30	4	11	17	22	17	22	34	41	40	5	34	11	15	26	47	16	32	15	25	40	32	48	32	20	36	8	24	21	14	34	3	14	8	23	
47	9	12	23	21	12	29	13	43	28	14	9	45	46	50	22	14	46	22	46	31	14	22	12	48	26	17	22	30	39	18	22	36	5	45	5	21	38	25	7	47	12	18	19	3	41	49	37	4	3	10	3	10	37	5	44	15	9	18	16	
19	49	14	32	24	15	48	13	3	4	12	35	50	4	17	47	48	3	33	25	5	42	18	5	19	48	47	1	30	46	11	22	28	37	23	16	20	5	41	10	11	11	15	18	30	42	19	10	40	33	26	36	19	19	14	13	38	40	33	44	
44	38	18	1	1	26	17	15	18	44	50	3	25	41	28	2	44	13	17	33	32	12	39	45	8	15	9	11	19	19	49	5	4	9	22	8	35	26	48	8	3	33	47	35	29	28	47	4	8	22	28	14	39	22	2	18	50	12	12	24	
50	25	19	4	16	43	4	16	43	24	5	48	24	16	15	29	37	32	38	18	36	21	19	24	1	44	1	16	28	10	21	17	9	47	50	6	49	42	2	28	32	42	17	12	21	44	36	13	45	19	36	44	37	12	43	42	27	8	38	17	
29	37	38	45	18	4	39	47	49	8	36	1	2	18	14	19	19	46	28	2	20	50	16	40	30	43	9	5	43	24	34	10	23	7	1	7	13	2	20	6	10	7	33	50	18	20	28	45	45	35	13	23	31	3	18	2	11	16	26	8	
47	36	37	40	37	30	30	6	23	24	11	17	18	5	5	49	34	18	14	5	47	20	34	25	37	22	38	39	25	12	25	32	45	4	21	12	50	2	5	35	7	38	18	42	20	32	50	9	8	44	10	5	10	45	18	47	44	13	42	26	
40	26	39	38	16	5	22	19	8	16	4	32	36	10	31	42	8	37	20	35	34	50	24	29	19	37	32	22	37	2	15	3	23	24	4	9	8	11	44	11	48	44	46	4	20	8	45	46	4	12	2	36	37	19	38	10	18	20	7	1	
40	13	11	45	47	33	28	32	43	45	40	13	20	29	32	2	5	44	9	14	25	38	21	33	39	11	49	31	45	32	34	15	13	18	22	22	38	13	19	39	22	14	1	41	23	28	33	31	44	50	41	2	30	24	5	33	4	42	8	42	
37	15	4	49	24	5	41	24	27	42	38	17	40	38	8	3	26	27	45	8	2	21	29	7	41	12	50	19	25	8	39	3	5	39	26	47	50	10	1	35	41	12	21	29	39	21	25	24	33	16	28	36	5	19	13	15	7	12	42	33	
25	35	32	15	6	42	47	40	1	4	18	9	20	29	18	24	36	47	4	47	39	14	31	44	26	3	20	33	9	13	34	36	34	1	33	36	25	8	35	39	11	21	28	13	31	17	50	31	46	20	48	13	17	22	23	19	14	34	13	32	
1	4	32	18	14	32	21	13	42	7	26	5	11	10	40	49	19	15	8	15	9	21	33	9	39	44	9	6	30	18	29	35	18	9	46	41	38	35	15	3	31	24	27	47	8	40	14	12	24	45	8	17	30	33	19	11	49	45	13	37	
46	31	49	7	22	13	39	40	24	1	4	1	47	23	30	24	42	7	12	39	49	42	26	19	40	40	21	1	26	41	29	3	48	29	34	38	6	2	45	44	48	36	25	12	37	4	49	11	24	27	34	36	38	27	49	8	45	3	37	21	
37	12	7	21	29	16	25	7	1	30	47	33	36	27	23	29	25	13	33	48	17	11	49	9	2	50	31	15	19	18	6	16	49	6	29	30	48	31	1	2	9	47	20	35	3	14	13	37	34	32	34	38	23	5	12	28	8	47	30	25	
11	15	18	12	3	3	17	27	22	25	45	16	19	3	7	13	48	13	26	45	29	21	7	5	8	20	1	41	36	47	21	17	46	4	15	19	21	15	43	14	15	36	9	3	1	12	34	7	27	28	15	37	2	8	46	35	17	32	28	5	
15	33	36	6	15	43	26	23	19	50	35	38	2	47	33	20	20	25	33	30	29	44	38	50	44	22	9	29	21	2	39	47	29	5	7	19	48	11	35	34	26	3	23	31	2	8	22	34	19	18	24	34	47	41	37	16	2	34	15	40	
21	18	21	41	29	38	5	37	43	28	45	39	45	30	5	22	45	17	8	36	19	38	45	1	43	36	23	41	4	40	28	18	12	6	30	10	4	48	18	35	38	19	10	10	10	8	37	27	7	24	21	5	50	32	2	11	18	12	30	3	
8	11	5	43	50	36	20	8	14	43	23	25	34	7	22	48	18	42	39	35	43	42	28	49	26	8	41	42	38	11	8	36	31	19	20	2	19	49	22	9	6	49	18	28	11	28	28	24	8	38	38	11	2	47	1	43	35	42	24	43	
48	48	30	19	18	4	33	37	50	45	31	13	41	10	47	23	23	38	8	19	46	16	45	10	8	20	13	25	7	42	37	21	1	18	38	16	28	2	25	13	32	29	1	40	8	16	33	11	43	1	48	2	15	29	28	27	36	21	42	39	
24	16	49	23	29	30	7	37	25	50	12	25	19	36	16	9	23	25	30	19	47	23	17	38	4	12	19	16	33	27	18	50	24	37	1	5	29	9	39	48	12	14	32	50	40	32	2	20	18	24	46	46	48	36	43	8	47	35	25	4	
12	28	26	37	9	43	36	10	20	49	16	18	8	31	41	31	4	17	50	20	30	1	42	17	45	38	16	25	45	47	2	39	43	48	34	28	7	35	32	11	4	21	25	30	35	48	48	43	31	21	41	26	46	43	50	12	20	30	3	5	
5	30	14	17	46	27	48	29	41	21	25	13	25	49	8	33	42	31	32	27	20	44	26	32	12	37	38	38	34	40	36	3	29	48	25	49	16	3	29	5	34	34	14	37	42	5	41	44	19	46	11	43	46	48	22	6	19	49	9	6	
24	48	2	1	49	33	16	44	42	31	6	10	28	8	9	41	22	41	37	43	5	19	35	6	13	11	18	20	36	49	37	3	21	32	43	5	10	31	10	47	11	15	28	19	36	9	48	20	12	11	14	6	31	48	12	10	4	28	27	24	
27	49	17	6	35	36	49	10	49	34	47	47	17	20	46	2	23	4	44	16	35	49	6	18	9	27	31	38	14	43	6	5	1	1	28	50	40	20	19	3	31	6	21	20	5	34	1	21	25	39	30	24	11	41	38	17	41	50	23	46	
13	12	6	10	13	18	21	10	17	10	17	10	16	22	12	18	23	22	50	37	15	45	24	48	20	3	18	34	46	8	50	14	3	29	29	43	27	10	16	34	45	13	13	49	12	22	17	1	6	16	38	11	15	17	30	33	21	50	41	42	
36	43	50	30	29	32	29	29	1	9	17	29	15	17	46	29	19	49	26	2	11	33	46	21	24	1	24	14	35	46	25	16	47	29	25	7	12	29	48	20	28	25	2	41	25	29	23	48	47	42	43	11	10	17	42	23	19	6	32	17	
26	20	36	45	49	36	34	13	39	22	47	10	3	32	18	41	23	4	43	29	36	5	11	26	32	31	14	46	4	41	19	4	23	3	31	39	21	38	3	25	23	16	5	29	39	8	44	27	33	28	17	19	40	28	7	19	7	3	20	44	
32	17	16	38	27	3	50	29	19	5	30	24	2	47	42	17	9	27	1	30	5	3	32	21	1	12	33	35	22	28	37	42	12	19	15	29	22	34	38	23	12	21	48	20	46	16	26	23	45	27	27	11	3	48	9	48	31	44	5	26	
44	14	10	7	34	25	18	50	21	19	45	38	29	24	10	13	36	40	17	49	27	32	45	22	20	44	21	1	30	24	28	37	15	20	26	48	1	38	38	28	27	2	1	30	31	31	8	4	47	3	4	40	12	31	21	34	43	27	13	5	
44	3	28	36	28	21	34	48	40	12	19	34	40	2	31	26	34	38	16	42	33	19	20	33	17	24	49	29	17	10	17	46	35	47	17	46	30	38	27	42	9	33	13	43	25	29	39	31	38	31	48	13	41	18	32	20	40	32	48	46	
20	23	31	13	20	36	7	16	19	8	46	15	10	19	21	24	36	38	21	38	3	38	36	11	47	32	23	35	38	8	40	33	5	12	27	19	16	50	49	3	18	23	38	19	8	6	33	50	10	47	38	18	13	41	14	5	24	38	34	2	
14	17	47	39	4	39	10	5	13	37	14	4	12	16	36	13	42	26	7	38	24	26	9	27	36	50	8	19	3	30	8	19	48	24	13	11	14	32	25	32	3	41	44	20	47	41	24	34	19	11	22	42	38	29	19	32	32	11	8	36	
44	18	22	7	1	47	3	32	36	17	32	35	34	38	31	32	48	14	24	25	33	43	42	43	37	4	24	24	39	17	8	29	4	28	43	47	40	15	48	11	4	36	1	27	15	23	39	8	1	3	13	17	12	50	20	26	35	38	48	32	
39	26	24	29	48	34	21	41	17	40	4	30	31	30	32	41	36	2	49	7	21	38	1	1	44	15	44	38	7	41	41	27	45	13	7	7	7	26	12	34	38	1	9	44	23	3	12	2	13	35	49	10	17	19	36	42	28	28	38	12	
8	14	33	22	12	34	28	7	1	10	6	26	12	26	5	1	29	14	5	42	43	42	45	10	41	26	3	12	22	19	29	39	19	20	41	36	41	14	11	50	32	8	16	27	36	40	5	6	14	16	1	18	47	47	46	4	28	5	6	4	
18	46	33	22	14	3	24	12	28	39	34	10	49	22	37	1	39	37	42	37	50	11	35	43	45	20	13	47	34	32	36	38	30	17	47	33	35	9	3	17	13	32	10	41	5	7	23	22	42	8	35	45	24	3	6	36	16	49	46	16	
2	4	21	44	21	23	29	35	45	14	25	25	49	9	41	12	22	27	40	5	47	41	21	7	31	27	4	44	17	18	13	50	29	27	23	1	15	37	15	34	41	28	2	35	31	39	11	26	29	37	50	18	14	9	43	41	13	30	35	35	
18	29	3	42	9	13	9	38	28	13	2	7	42	42	38	20	18	40	11	18	3	50	8	7	2	34	12	34	41	32	29	2	47	31	40	8	15	32	1	1	6	6	50	26	18	28	35	41	28	13	3	21	28	50	31	28	12	35	25	2	
12	12	45	43	49	24	2	41	32	42	37	14	40	18	27	15	46	28	18	19	45	20	45	19	21	33	34	18	40	32	17	18	34	34	22	33	43	40	3	6	38	31	42	6	49	19	50	42	1	28	12	49	27	45	24	40	7	12	2	14	
27	9	26	28	47	28	29	22	12	7	28	40	40	39	31	30	30	25	29	50	15	34	33	14	10	14	40	19	40	17	42	5	10	50	26	1	48	22	19	45	13	7	46	10	7	15	35	50	25	20	2	1	20	46	45	26	28	11	14	50	
On machine	2
21	39	31	8	35	39	44	14	14	10	40	33	2	32	33	2	19	15	23	47	2	2	32	19	23	2	3	14	6	9	42	28	9	24	44	11	29	21	10	34	2	2	2	37	11	29	47	43	49	3	18	34	28	19	35	36	25	34	45	2	
1	3	48	46	10	31	32	40	29	13	40	22	26	6	37	4	35	6	36	35	17	31	45	40	44	20	44	17	11	26	15	24	12	19	17	33	40	32	47	20	49	9	21	8	1	47	17	16	11	20	15	5	40	31	13	26	22	47	17	11	
1	10	9	13	15	16	15	12	12	37	43	25	15	40	43	49	28	13	13	48	25	14	5	35	7	1	7	20	11	14	26	17	19	17	6	2	3	14	30	43	47	32	12	8	34	48	31	41	13	11	48	48	4	42	44	48	40	5	9	28	
38	13	32	46	29	9	43	41	7	5	35	45	50	24	47	42	5	43	49	42	15	46	21	41	39	12	42	43	36	37	25	29	7	22	17	28	7	50	44	40	7	27	27	12	29	15	45	28	5	17	11	7	26	18	28	23	12	42	45	9	
7	44	27	41	3	29	31	23	25	34	31	32	27	50	35	27	28	40	44	5	7	12	20	11	49	1	21	16	40	22	35	39	8	50	28	43	21	44	9	26	49	21	50	11	36	8	24	14	49	4	44	37	11	17	14	25	45	41	21	44	
28	35	29	39	38	34	23	34	15	38	28	9	39	2	48	6	13	40	33	38	39	21	37	45	11	4	3	36	8	26	36	12	44	14	32	34	7	37	13	5	6	50	28	35	1	20	26	5	50	10	19	22	6	43	48	23	18	12	46	50	
38	3	44	46	5	31	20	24	40	49	1	39	39	36	7	39	20	15	23	42	34	35	39	12	18	48	24	25	13	44	9	31	4	4	24	28	34	47	37	3	2	26	44	7	18	45	31	46	39	44	26	33	12	32	42	27	43	38	50	8	
26	18	26	18	11	41	28	49	35	28	48	34	23	41	1	8	49	49	20	11	17	9	16	40	8	11	26	11	6	5	9	25	18	20	34	9	16	46	41	25	6	22	3	24	44	29	33	44	11	48	11	3	38	50	4	48	13	40	25	33	
45	47	10	31	6	50	8	3	16	13	39	25	8	23	6	3	32	12	9	10	47	24	47	25	46	19	7	16	6	11	31	35	42	7	10	27	20	8	8	47	5	2	28	46	26	11	46	41	1	25	13	25	24	10	42	49	36	16	10	27	
15	20	17	32	7	13	4	31	21	41	48	24	23	7	41	9	13	13	19	1	25	2	49	46	9	4	24	34	25	11	39	21	13	10	44	47	47	5	41	25	44	46	10	43	35	20	44	5	27	3	21	33	7	43	44	26	28	35	14	5	
28	37	50	45	47	7	30	29	45	25	8	46	23	37	16	4	36	13	36	22	24	26	1	14	12	14	26	34	33	49	50	37	36	40	40	2	31	50	7	31	28	31	40	20	33	43	18	44	33	29	43	47	6	37	28	24	49	11	43	21	
25	25	6	49	37	3	43	23	20	49	47	14	20	11	30	16	44	22	14	11	8	20	21	49	49	10	42	9	21	50	44	9	15	39	41	50	43	7	41	9	46	25	39	33	23	19	22	41	11	4	12	11	43	44	17	17	27	33	19	44	
10	9	37	23	23	17	39	39	35	28	7	4	7	33	15	12	32	26	48	44	5	29	32	1	28	17	29	45	10	44	39	6	26	1	9	19	18	18	16	24	48	12	33	41	11	43	17	2	22	34	23	34	4	37	22	22	47	29	25	41	
24	31	32	37	8	34	24	41	25	47	23	18	32	35	30	12	41	24	48	44	11	28	2	5	5	4	23	29	30	28	42	13	29	43	17	41	39	17	44	36	4	12	3	41	15	25	14	14	29	44	28	19	46	27	10	30	4	17	42	25	
5	32	22	15	44	33	15	29	45	11	18	33	19	18	17	25	36	5	49	37	47	39	12	16	4	45	39	19	42	14	25	50	4	40	9	6	16	35	36	17	35	4	18	9	19	35	8	3	29	15	8	10	34	42	11	32	19	48	17	10	
20	32	18	16	27	18	16	2	20	30	40	30	8	4	50	41	27	14	11	38	4	10	33	36	3	15	22	36	8	14	30	8	2	40	24	33	17	12	11	44	26	50	40	1	42	50	21	41	12	45	11	44	21	14	14	29	30	42	25	24	
46	27	12	36	11	40	13	8	29	34	31	28	49	9	24	35	12	43	46	27	3	26	47	47	11	46	50	20	4	17	6	11	37	30	21	29	2	16	27	31	26	12	32	46	31	35	8	13	19	39	42	31	10	39	46	12	7	10	9	35	
38	38	39	24	32	1	13	40	3	49	8	46	36	26	40	7	12	42	19	38	43	39	24	34	19	1	34	45	31	41	7	41	8	14	49	12	39	16	2	21	41	20	19	3	15	50	36	34	24	5	15	39	42	11	1	31	11	10	45	25	
38	5	19	12	7	4	47	32	17	17	20	2	21	13	11	42	12	10	2	35	10	50	43	18	35	21	30	37	45	28	31	6	5	19	3	11	30	20	46	31	11	30	2	36	21	5	20	50	38	30	40	10	26	20	39	14	21	1	38	27	
44	4	43	50	28	15	22	43	7	3	34	46	21	43	35	19	22	42	4	29	1	1	39	36	22	22	35	32	25	17	42	29	36	44	10	25	42	42	44	19	44	41	30	22	18	46	28	50	42	34	21	44	34	9	24	11	11	28	38	41	
34	15	42	17	37	30	6	21	11	44	17	42	42	40	42	12	21	27	9	38	34	9	32	32	32	28	26	8	48	46	26	26	14	8	26	20	15	18	31	39	14	3	30	39	30	6	14	10	6	22	8	16	39	23	22	5	37	8	6	24	
19	26	9	22	23	22	34	6	38	50	35	20	20	9	27	43	15	9	43	15	17	20	42	23	15	36	25	15	34	5	19	12	19	8	4	26	34	20	43	36	18	50	3	9	13	44	17	30	14	19	47	34	6	19	32	41	11	36	47	6	
20	1	18	35	7	11	45	7	14	27	34	27	44	42	45	14	20	30	50	29	43	3	12	50	19	4	37	5	39	47	12	26	3	48	44	26	1	50	20	11	23	17	26	20	1	47	35	12	48	27	24	47	40	29	10	18	48	8	29	45	
24	40	48	16	2	11	24	14	31	43	38	35	18	16	18	30	34	19	36	6	29	40	28	47	46	14	2	33	15	13	24	47	1	1	4	26	16	22	40	13	40	41	43	23	14	12	35	14	33	26	31	21	41	45	20	16	4	21	33	16	
14	49	6	18	14	16	31	25	37	43	8	48	49	6	32	41	9	27	4	35	19	22	42	26	27	26	42	47	10	50	37	29	25	13	25	29	24	3	15	43	35	6	32	50	21	4	41	42	44	32	4	13	4	7	37	45	2	23	41	11	
33	29	16	21	18	33	23	49	48	30	32	17	27	37	17	24	1	11	38	9	18	46	32	43	48	31	45	43	33	6	18	14	38	4	7	3	7	20	40	15	34	11	39	25	6	14	8	49	25	25	16	44	45	39	26	8	3	26	26	42	
23	7	26	5	3	3	22	4	6	50	6	45	25	46	4	1	27	13	1	28	41	23	17	26	17	12	8	37	50	6	30	39	44	46	35	43	33	19	19	50	50	34	19	35	24	32	41	20	7	44	12	38	14	29	4	5	37	47	1	43	
15	36	25	22	42	23	41	7	42	28	49	39	26	10	48	40	29	31	21	28	24	47	27	30	47	2	29	42	34	28	1	35	36	10	14	16	10	19	4	36	29	38	12	7	42	4	14	4	19	5	32	36	34	11	33	29	6	1	8	21	
21	1	24	10	46	39	38	8	35	14	8	7	45	21	12	16	25	4	24	10	29	16	33	38	22	10	8	17	38	14	50	13	15	14	19	40	38	2	27	40	15	39	21	7	12	17	24	35	24	15	8	19	11	22	40	5	49	29	28	33	
32	47	45	1	48	46	26	36	50	39	11	26	9	23	13	29	7	16	26	24	35	23	12	26	7	49	15	16	5	41	10	26	40	38	41	22	48	25	32	18	1	26	6	27	24	27	44	40	21	18	46	16	15	47	19	8	8	5	13	40	
45	47	3	47	41	39	17	39	4	44	19	29	34	22	17	37	6	28	10	14	4	45	37	2	18	40	34	45	47	30	20	36	14	46	15	43	42	21	13	38	31	30	31	5	5	46	16	45	20	18	5	50	4	15	50	31	23	36	32	38	
2	46	12	3	4	42	2	13	13	15	29	46	23	23	35	36	33	6	47	30	35	38	33	3	47	28	43	42	7	49	5	1	32	40	32	16	17	16	8	20	1	41	8	47	3	33	35	18	46	21	7	11	35	45	14	20	2	3	10	46	
4	45	31	22	38	50	15	23	2	16	47	30	31	30	45	1	6	14	37	28	3	29	27	47	1	29	37	4	15	16	44	16	13	24	46	38	49	45	10	13	35	37	1	30	23	46	38	19	10	22	16	10	5	14	45	41	3	29	31	32	
12	37	13	26	45	44	34	4	39	26	21	46	18	29	10	39	9	21	3	28	40	12	37	50	16	10	31	14	30	47	8	23	50	42	3	13	36	37	35	9	44	10	4	30	3	1	12	42	48	33	46	6	29	2	31	30	27	33	30	35	
7	37	36	35	42	29	36	17	37	48	41	2	13	46	7	20	49	16	1	20	13	28	5	7	7	11	17	13	24	17	18	24	28	33	16	19	14	25	19	8	6	17	48	3	5	50	38	37	26	14	23	24	19	49	43	42	50	41	50	29	
24	43	47	28	44	4	22	45	22	21	16	3	34	22	20	42	39	35	34	39	5	22	43	1	8	22	3	31	27	7	41	42	18	39	15	34	21	32	30	15	35	29	23	21	2	3	28	8	29	14	31	24	43	46	30	33	38	22	21	31	
1	27	13	28	11	18	27	19	50	50	36	12	10	22	24	32	42	16	23	43	38	49	1	15	49	45	26	27	9	24	15	42	1	13	19	48	35	43	9	18	34	20	37	19	40	6	27	28	25	19	50	14	3	17	38	44	21	23	3	17	
49	50	42	8	28	48	41	8	16	38	5	24	6	25	20	35	6	23	37	16	1	14	1	48	6	28	35	30	7	17	24	10	30	40	44	38	30	42	35	37	12	31	11	20	24	7	5	5	6	25	31	36	35	42	24	42	41	24	28	36	
49	48	21	2	24	12	49	7	19	24	23	39	37	14	29	30	10	14	4	13	46	18	24	5	32	17	36	21	15	48	17	29	29	1	28	28	5	6	24	27	50	21	50	39	21	25	30	15	47	21	41	32	45	36	16	47	31	26	8	49	
45	36	41	2	29	45	34	37	35	23	2	32	4	9	48	22	36	7	35	33	30	37	31	27	32	32	11	30	10	22	31	29	44	45	23	6	7	46	29	27	13	28	42	35	45	29	47	11	50	28	39	27	48	36	43	4	18	6	30	24	
11	17	31	5	16	31	29	32	15	37	41	43	24	43	14	4	26	6	17	7	25	27	4	35	33	45	16	11	1	7	19	7	38	29	2	49	31	47	35	44	19	31	17	17	5	29	48	26	16	29	18	31	36	24	14	33	32	32	1	49	
17	2	38	50	21	20	32	50	37	43	46	47	28	10	41	8	46	20	8	4	27	3	41	46	36	36	20	37	50	39	15	47	22	19	4	32	4	22	3	29	6	41	48	35	13	5	16	28	28	46	12	9	50	16	15	8	19	49	29	24	
39	34	19	5	22	8	37	37	42	12	7	23	8	5	31	32	21	42	32	50	9	19	14	38	34	37	5	8	46	14	34	22	47	5	44	33	31	30	6	22	34	34	16	33	9	3	7	45	32	31	49	21	45	1	36	10	29	2	31	1	
2	43	11	39	29	2	29	14	27	42	41	37	23	16	28	13	31	32	5	11	14	35	14	40	20	19	6	6	23	13	15	44	3	1	10	23	24	27	46	38	12	26	50	40	31	48	9	41	30	39	24	36	4	26	25	6	25	15	22	26	
5	34	48	4	24	20	33	9	11	30	37	34	40	39	48	27	27	22	42	40	21	20	20	20	29	13	35	17	18	48	33	29	22	49	26	36	35	29	50	8	30	42	49	9	20	39	39	34	19	46	16	18	15	22	31	2	27	2	16	14	
47	9	6	14	33	22	47	41	5	4	21	21	21	11	30	22	43	16	41	44	15	8	38	44	15	21	49	30	1	48	28	29	27	4	32	24	22	33	10	23	41	6	38	25	32	50	48	28	24	24	29	5	35	12	38	43	37	11	37	25	
44	23	14	22	11	39	5	38	10	46	5	25	17	28	32	2	5	6	8	3	27	21	48	45	40	28	12	14	9	32	10	30	50	47	8	34	19	16	19	43	36	37	5	35	48	29	4	10	28	3	20	12	24	25	46	32	20	29	43	30	
4	10	22	32	2	20	10	24	48	9	21	38	22	35	38	28	31	46	26	28	19	39	28	15	36	8	21	21	11	11	4	39	23	36	27	40	31	30	8	18	37	17	50	9	37	14	34	8	4	23	2	44	36	39	45	9	26	2	43	29	
28	11	16	10	45	12	33	21	11	10	9	16	38	8	9	29	39	50	10	14	36	29	43	5	37	40	6	34	16	26	4	27	12	46	25	39	8	29	1	32	13	24	42	31	33	49	5	18	19	17	34	45	38	2	45	30	37	38	15	19	
13	28	13	30	15	28	23	14	48	24	49	21	2	19	19	10	31	24	1	35	12	5	16	7	34	44	26	28	17	2	14	35	12	9	31	22	22	25	32	40	47	13	23	9	18	47	44	47	19	46	10	44	10	34	45	13	28	25	35	16	
16	22	29	10	40	48	8	13	22	46	50	36	25	16	30	11	33	33	32	35	44	11	17	18	24	44	18	17	33	11	32	37	34	18	5	25	15	25	48	24	37	39	3	27	22	17	44	10	48	23	11	16	49	1	41	38	18	20	38	46	
40	4	5	20	35	8	10	42	7	20	37	13	35	45	15	26	34	32	42	19	36	29	21	34	22	27	8	40	11	14	35	2	36	34	3	7	12	30	14	28	5	42	36	11	41	28	14	7	3	41	4	5	40	44	43	27	45	47	44	1	
22	44	33	12	35	17	38	9	48	48	24	3	34	37	22	43	28	11	50	14	33	28	28	43	7	24	27	4	31	22	29	41	7	26	42	41	13	16	47	31	42	33	30	34	43	10	11	38	13	2	40	18	5	2	37	48	49	12	7	33	
17	44	28	19	29	42	38	47	10	41	34	32	19	29	45	40	8	5	37	19	7	25	7	47	14	27	35	11	38	48	22	5	21	38	13	35	49	8	20	9	5	23	7	33	15	35	37	50	22	13	20	28	50	2	24	50	47	13	33	46	
43	3	15	36	20	8	38	12	35	20	24	33	44	39	27	41	12	16	4	35	15	4	19	20	42	22	37	4	36	20	9	4	9	47	49	49	5	12	28	49	20	40	2	30	31	45	40	39	39	50	21	36	2	34	28	3	16	19	26	24	
11	22	45	16	10	20	4	41	44	18	14	31	31	15	30	22	50	19	31	1	47	13	28	4	40	41	27	46	9	32	8	17	25	29	12	17	49	38	14	15	32	48	12	41	6	19	49	34	12	18	38	24	38	1	20	15	13	10	49	5	
41	12	4	47	31	47	12	50	5	37	35	34	46	3	20	31	44	45	9	1	25	45	49	30	20	22	11	48	18	9	15	45	11	23	5	49	24	15	23	12	36	34	7	31	18	3	47	26	23	38	8	28	21	42	9	31	2	33	3	10	
47	5	31	39	8	3	19	21	8	1	36	48	29	26	25	17	15	27	15	27	50	34	34	34	48	44	30	44	34	44	49	14	19	32	7	15	4	30	44	30	39	30	20	4	14	15	3	42	27	29	4	11	8	43	43	40	45	5	28	16	
42	41	7	47	49	39	39	28	14	2	46	4	11	1	40	35	4	44	25	13	25	38	44	40	9	2	44	9	33	11	22	45	2	29	37	2	29	4	9	4	11	15	43	42	14	50	1	4	48	13	27	42	8	16	18	24	12	14	34	29	
7	44	20	5	47	14	18	32	14	27	37	12	37	17	27	35	36	45	10	46	32	30	32	5	34	29	47	39	15	33	28	9	25	4	12	31	8	15	2	29	19	19	27	26	5	33	38	49	25	33	10	40	49	41	49	45	42	4	23	9	
