Factories	3
Families	40
Machines	2
SetupType	1

Number of Jobs in each Family
3	5	7	7	2	3	9	1	8	5	6	4	8	2	7	7	3	5	2	4	10	6	1	4	7	9	4	3	1	1	1	3	7	4	5	6	7	10	9	7	

Jobs in each Family
0	1	2	
3	4	5	6	7	
8	9	10	11	12	13	14	
15	16	17	18	19	20	21	
22	23	
24	25	26	
27	28	29	30	31	32	33	34	35	
36	
37	38	39	40	41	42	43	44	
45	46	47	48	49	
50	51	52	53	54	55	
56	57	58	59	
60	61	62	63	64	65	66	67	
68	69	
70	71	72	73	74	75	76	
77	78	79	80	81	82	83	
84	85	86	
87	88	89	90	91	
92	93	
94	95	96	97	
98	99	100	101	102	103	104	105	106	107	
108	109	110	111	112	113	
114	
115	116	117	118	
119	120	121	122	123	124	125	
126	127	128	129	130	131	132	133	134	
135	136	137	138	
139	140	141	
142	
143	
144	
145	146	147	
148	149	150	151	152	153	154	
155	156	157	158	
159	160	161	162	163	
164	165	166	167	168	169	
170	171	172	173	174	175	176	
177	178	179	180	181	182	183	184	185	186	
187	188	189	190	191	192	193	194	195	
196	197	198	199	200	201	202	

Total number of jobs
203

Processing times of jobs
8	4	
4	5	
2	1	
1	4	
2	3	
10	7	
8	5	
9	4	
8	10	
5	1	
7	4	
8	1	
2	8	
7	8	
1	2	
5	2	
6	1	
9	4	
1	6	
9	5	
7	6	
10	3	
3	8	
4	1	
4	8	
7	2	
6	2	
3	7	
3	2	
2	1	
3	9	
2	2	
6	7	
10	5	
9	2	
8	8	
9	2	
8	10	
10	10	
7	4	
3	8	
4	9	
4	8	
3	8	
10	9	
2	5	
6	4	
9	2	
10	2	
8	3	
1	9	
3	6	
10	6	
10	7	
8	3	
2	5	
3	1	
8	6	
4	9	
3	1	
3	10	
4	2	
8	8	
2	8	
3	7	
5	8	
1	4	
6	9	
7	2	
6	7	
7	6	
5	5	
3	10	
4	9	
3	8	
5	4	
5	1	
5	2	
1	10	
8	6	
3	10	
9	5	
10	5	
5	7	
8	2	
4	2	
7	7	
9	8	
3	6	
1	10	
3	8	
6	9	
10	5	
5	6	
5	1	
4	10	
6	8	
5	6	
10	2	
3	10	
7	10	
4	5	
3	7	
1	10	
1	8	
4	3	
2	3	
9	4	
5	1	
1	2	
4	6	
4	4	
10	2	
2	1	
1	8	
1	10	
3	7	
1	8	
5	2	
2	8	
8	6	
10	4	
1	8	
6	7	
2	8	
6	4	
7	2	
5	9	
10	1	
9	7	
2	10	
8	4	
2	7	
6	10	
3	7	
3	8	
2	7	
3	7	
2	9	
10	3	
7	1	
2	7	
9	9	
8	10	
3	6	
7	2	
5	4	
8	6	
1	4	
4	5	
3	1	
2	1	
2	8	
7	2	
5	2	
4	4	
5	3	
9	7	
10	8	
9	3	
1	7	
2	9	
10	2	
7	1	
2	1	
7	8	
4	6	
9	2	
2	4	
7	7	
2	4	
8	2	
2	1	
4	2	
4	3	
3	5	
8	9	
2	10	
2	9	
9	4	
7	4	
7	2	
9	6	
1	7	
10	4	
2	5	
6	8	
10	7	
4	8	
4	8	
4	10	
8	4	
4	4	
10	10	
8	3	
8	9	
9	10	
7	7	
6	4	
7	9	
9	7	
6	6	
6	4	

Stepup times between Families, where [f][f] represents initial setup time
On machine	1
9	7	16	3	2	8	2	20	15	12	8	13	9	13	17	17	8	12	14	6	8	10	13	4	11	17	19	10	18	8	6	8	18	8	15	14	16	12	16	4	
7	19	9	18	5	9	12	10	9	15	6	8	11	11	8	13	4	4	13	3	19	1	20	19	16	12	10	16	16	16	5	4	18	11	16	16	17	6	6	1	
9	14	8	4	2	5	2	2	19	3	13	9	3	9	12	17	18	7	3	6	2	5	15	16	3	1	10	4	8	6	6	19	6	16	14	17	7	2	12	12	
12	12	9	8	15	7	9	13	16	9	6	19	4	5	12	1	6	7	18	14	14	8	7	19	11	8	14	1	2	8	2	10	19	10	6	10	2	6	12	12	
18	6	5	12	16	14	9	7	20	14	15	9	12	7	2	10	9	20	17	1	5	1	16	13	13	1	8	20	20	16	2	13	17	15	18	4	10	2	14	9	
16	18	16	17	12	1	7	16	7	15	2	16	6	7	10	16	17	1	15	13	10	16	20	5	4	10	14	12	20	11	10	4	18	4	6	19	9	13	14	20	
13	5	15	19	1	8	11	4	20	18	2	6	2	14	5	19	15	9	13	4	4	4	3	7	7	10	5	3	8	15	3	7	12	6	2	1	16	14	5	5	
9	16	15	14	15	14	12	20	3	18	19	11	14	4	11	11	2	6	5	8	11	3	1	16	6	10	9	7	13	20	6	10	8	3	16	7	14	20	4	7	
7	11	8	1	4	1	19	7	7	3	17	11	5	1	9	4	17	9	6	8	11	6	3	20	13	15	18	10	1	12	18	6	19	19	15	20	20	18	7	12	
11	12	15	7	19	13	19	6	5	20	6	5	19	12	11	18	9	8	1	14	19	2	18	18	12	1	1	5	1	19	6	2	1	19	9	9	19	12	3	15	
5	5	8	10	4	14	20	5	19	14	4	3	4	3	12	13	13	7	7	3	12	20	18	20	9	11	4	5	7	4	1	18	1	5	10	6	18	20	4	20	
16	6	17	7	17	9	15	11	6	4	14	12	11	9	1	2	12	12	20	6	3	18	4	13	13	5	2	5	1	14	17	12	18	2	14	19	1	17	5	15	
15	4	9	20	5	14	12	2	16	2	16	4	17	11	6	17	14	11	1	5	14	16	1	8	11	12	12	14	9	4	8	6	13	3	11	20	19	16	19	1	
12	1	10	9	4	9	5	16	11	9	7	8	16	18	16	6	11	10	7	2	19	20	13	4	7	1	11	8	19	5	10	10	5	13	20	14	9	18	18	14	
20	17	16	2	8	8	12	19	20	14	15	11	1	15	8	8	6	14	10	3	8	18	16	11	9	10	7	18	13	8	16	6	2	17	11	20	16	3	19	5	
8	3	3	18	11	11	16	6	13	6	16	18	18	19	7	20	7	16	19	18	17	9	13	13	20	20	9	5	18	1	7	8	2	16	20	15	11	14	3	8	
8	10	13	20	18	13	9	10	15	12	20	1	9	4	11	11	2	17	3	10	14	12	2	19	11	19	10	1	3	7	11	19	7	8	20	14	7	2	15	5	
14	20	5	17	3	16	4	15	4	6	11	15	10	18	17	3	6	15	17	5	18	6	13	14	3	5	15	11	9	12	13	16	7	5	8	6	13	11	17	1	
3	14	13	3	8	1	11	8	7	8	5	14	13	14	5	18	15	10	8	4	9	10	6	12	18	16	19	17	10	4	5	14	10	5	15	11	4	8	18	5	
19	6	14	17	11	17	11	6	15	1	4	17	2	11	4	4	16	15	19	14	11	7	3	6	14	3	3	18	12	10	4	14	20	9	11	6	16	18	18	20	
8	20	7	9	12	5	9	13	20	20	19	16	7	16	2	12	6	16	11	1	14	13	6	4	16	5	17	8	8	1	16	12	9	6	12	8	4	7	10	2	
10	13	13	8	18	15	4	9	18	8	1	20	1	8	20	11	11	6	20	15	16	11	15	11	18	14	1	4	8	17	11	12	15	4	11	1	8	16	7	12	
6	4	13	13	10	3	14	2	20	8	4	4	7	14	8	1	8	18	12	14	3	19	3	19	18	12	19	12	10	16	3	6	11	6	13	15	12	18	4	14	
19	4	4	3	14	7	7	17	13	17	18	17	14	9	12	6	11	17	15	5	7	9	6	15	12	7	11	20	11	5	17	19	16	20	14	15	7	18	19	20	
4	7	7	7	19	15	16	17	11	11	15	11	7	20	15	10	13	12	13	9	7	12	14	3	12	6	12	9	20	4	10	5	18	20	2	16	13	17	20	18	
20	10	1	15	3	6	13	15	7	11	1	9	13	15	11	17	14	20	11	16	17	11	18	1	1	4	13	5	12	3	16	18	17	6	19	16	18	9	9	20	
17	10	8	13	12	14	8	3	6	4	3	13	12	9	20	12	20	3	10	10	13	5	12	20	7	19	11	6	1	19	11	2	11	19	9	8	5	10	1	14	
1	8	8	8	3	8	16	1	4	13	18	18	7	12	7	6	4	5	3	3	6	6	15	16	2	16	10	7	6	13	13	17	18	10	9	4	18	2	9	12	
15	18	17	17	3	2	19	12	11	16	8	17	11	8	12	3	1	4	13	6	13	8	9	13	5	17	19	2	15	1	5	18	7	6	19	1	11	17	10	7	
4	12	1	4	15	8	20	6	16	15	15	4	18	8	13	9	10	20	19	1	12	15	14	11	20	18	20	4	13	11	17	3	16	10	20	9	3	9	5	7	
16	16	20	13	15	3	13	2	14	5	2	9	12	19	1	2	13	12	19	18	5	18	4	11	6	20	7	11	2	9	20	2	11	1	16	15	10	7	1	19	
1	19	3	8	8	1	10	20	10	1	1	8	17	16	18	20	11	12	19	4	16	3	1	8	8	1	7	19	11	3	4	5	17	14	5	16	11	13	9	12	
15	10	10	13	11	3	13	13	17	12	16	9	10	19	11	5	16	20	20	12	12	10	20	16	4	14	19	17	5	3	17	19	1	13	2	19	18	18	7	7	
10	10	10	12	6	9	8	16	1	18	20	3	15	14	3	11	1	15	6	12	11	19	15	5	6	8	5	7	19	1	5	9	9	16	1	13	3	1	10	14	
2	8	7	7	3	6	10	15	16	5	14	5	7	13	16	9	9	2	2	11	13	15	15	8	3	4	12	4	18	11	14	19	19	12	5	2	1	6	8	11	
6	9	11	19	19	1	14	4	15	15	10	19	16	6	12	20	11	17	4	15	17	4	4	9	17	11	6	8	4	6	15	16	10	9	1	7	3	3	17	13	
2	10	9	7	17	1	18	16	13	3	13	13	11	14	7	3	11	5	13	7	8	2	9	13	17	18	19	20	6	8	3	1	17	1	15	17	2	13	7	16	
10	5	11	8	4	10	1	11	14	11	20	12	5	18	8	19	17	17	2	7	4	14	6	11	5	19	12	20	17	4	16	10	13	17	2	17	13	1	20	6	
4	3	9	13	12	10	18	1	4	20	18	7	9	18	16	12	5	4	15	6	10	3	9	11	18	6	17	15	13	9	5	7	7	7	13	18	8	10	19	8	
18	5	19	9	10	13	7	3	5	12	14	19	12	2	18	10	13	5	13	18	8	4	8	6	15	1	7	7	6	7	1	16	13	18	5	20	18	14	19	9	
On machine	2
13	11	11	13	11	17	18	17	11	8	2	12	3	12	5	9	14	19	17	19	20	11	10	16	19	9	11	10	5	16	18	14	6	6	19	5	7	1	15	12	
15	8	20	7	17	19	15	10	10	20	17	2	20	20	20	5	7	1	7	8	8	13	6	5	3	7	9	10	9	12	7	4	1	13	3	19	6	3	4	17	
18	8	12	1	14	4	17	6	18	14	7	12	5	12	9	3	9	7	15	13	16	8	19	9	14	3	7	17	15	18	6	15	19	18	18	8	8	13	14	12	
19	12	12	14	19	4	5	19	6	14	11	5	12	19	7	6	17	7	3	13	19	11	14	4	4	4	7	14	8	5	18	3	18	10	17	1	15	7	15	10	
4	5	7	4	10	15	14	8	7	3	12	6	18	18	4	19	17	9	11	16	13	18	15	18	20	18	8	18	19	12	18	7	15	6	1	2	1	11	10	14	
10	9	6	4	12	15	7	4	6	17	13	13	16	15	19	17	15	3	3	13	14	7	4	7	1	19	13	20	1	2	5	1	8	15	17	5	6	18	13	13	
4	4	18	2	20	15	7	9	6	6	11	9	9	12	3	10	20	19	1	18	10	10	4	20	17	19	4	18	7	11	4	11	2	11	6	2	13	20	11	2	
18	17	16	18	3	3	16	7	4	13	15	3	9	18	15	16	7	20	13	6	4	14	17	17	17	8	5	18	8	9	19	11	17	1	10	17	4	17	15	6	
3	11	5	16	13	2	1	5	16	6	6	7	19	15	16	13	16	8	19	14	4	2	15	13	6	2	13	6	4	12	8	1	3	20	13	20	19	6	8	2	
19	16	12	1	10	19	1	15	11	3	7	1	1	19	2	11	17	17	16	8	4	13	19	5	11	4	4	4	6	18	14	11	9	4	19	5	13	4	15	12	
10	14	19	8	15	20	13	10	11	4	16	20	7	8	19	17	20	7	17	20	10	6	4	18	5	5	6	19	11	7	7	20	6	11	13	2	3	17	20	2	
11	13	9	14	17	6	9	15	1	17	6	3	11	3	2	20	15	11	11	6	16	13	6	18	2	8	6	16	12	15	19	10	13	14	3	5	11	1	13	11	
14	18	17	17	2	7	12	4	15	2	16	15	16	20	13	15	10	15	9	9	14	16	14	15	2	1	14	13	12	19	15	2	15	6	19	3	14	15	17	8	
10	6	14	13	8	18	3	10	15	10	12	2	18	1	16	4	5	8	17	3	20	7	15	20	17	13	8	13	20	19	11	20	11	12	13	13	7	6	11	12	
15	8	13	10	19	7	10	18	18	1	2	3	16	16	16	8	7	11	12	18	6	12	20	9	19	2	17	10	17	7	16	16	5	9	1	14	2	12	4	4	
14	7	7	12	15	4	15	18	1	17	6	3	14	4	9	15	8	1	17	9	6	3	7	11	6	12	12	18	13	10	10	11	20	14	17	11	9	14	5	12	
12	13	12	4	4	13	2	13	16	2	14	10	3	1	12	1	16	19	10	17	14	15	16	14	12	6	11	15	14	2	7	16	19	8	4	20	2	14	14	8	
15	11	13	12	7	9	11	9	6	1	19	16	12	9	5	10	14	11	11	13	19	8	8	2	3	19	7	11	18	14	15	15	3	6	20	3	19	3	4	20	
17	14	10	10	12	11	15	11	19	17	3	8	19	12	15	15	18	9	13	14	3	7	15	19	14	17	7	5	10	15	10	5	4	6	16	20	17	17	12	20	
18	4	4	17	3	2	19	14	10	17	5	13	18	8	7	11	20	6	8	19	12	5	2	17	7	2	9	18	3	6	1	2	16	4	10	4	14	18	9	4	
14	9	13	19	2	5	3	16	7	16	17	8	9	5	8	15	6	12	9	3	3	12	1	16	11	1	5	20	20	20	9	1	3	8	15	17	3	18	10	2	
5	6	11	18	10	3	20	8	14	5	20	7	20	14	10	3	5	20	13	10	5	12	7	8	12	13	4	18	13	15	10	12	17	18	18	1	6	4	10	7	
10	17	13	7	18	8	14	14	10	7	1	13	2	19	6	10	13	18	8	15	9	4	17	10	8	7	18	14	18	14	17	17	2	1	13	3	9	10	3	18	
4	19	2	18	6	15	16	6	11	10	19	4	6	13	12	10	5	13	15	5	12	14	7	18	3	19	17	10	2	17	11	10	5	9	17	16	9	9	11	1	
12	1	16	8	9	2	19	17	8	12	4	9	18	17	10	13	8	13	2	17	4	7	10	7	17	11	7	16	16	14	12	11	3	11	4	11	17	15	2	6	
1	12	19	11	20	9	7	7	5	17	7	3	11	9	18	9	2	19	3	2	18	12	15	19	5	12	4	14	18	13	16	15	13	1	2	18	16	12	13	15	
15	5	3	9	4	19	5	7	10	16	20	5	7	5	8	1	8	1	5	9	12	14	11	16	19	19	2	11	20	5	10	18	1	8	9	15	14	18	9	6	
1	5	17	5	4	20	18	18	19	12	14	15	20	4	9	14	4	11	18	5	19	19	4	11	19	18	6	12	9	20	12	1	17	20	19	12	20	4	6	2	
10	18	2	5	17	9	7	1	10	11	12	17	6	12	17	3	10	10	2	12	6	15	11	1	16	4	6	15	15	7	20	12	10	16	20	11	19	11	9	8	
19	16	14	11	8	15	11	6	12	10	1	17	8	17	9	18	17	13	14	1	6	4	8	1	6	12	13	15	19	12	10	8	7	11	13	6	13	16	14	7	
16	17	10	4	7	20	16	3	1	3	6	7	7	15	2	13	10	7	5	4	8	14	16	8	20	14	13	3	10	3	8	15	3	11	15	16	4	3	2	16	
3	2	15	8	5	16	1	3	3	10	20	20	2	4	17	9	12	7	6	13	17	8	19	9	19	12	14	14	14	6	12	2	19	2	6	10	5	15	15	7	
16	4	2	20	1	2	2	6	3	5	11	1	17	11	5	14	15	5	12	1	5	1	2	13	1	15	5	6	9	12	14	14	5	8	14	7	18	11	7	20	
3	7	2	6	15	16	8	13	7	20	9	7	18	15	20	12	2	14	12	19	20	7	19	8	7	12	13	14	12	9	11	15	18	11	13	9	17	15	4	15	
4	6	9	20	3	2	14	8	17	13	9	9	6	5	2	20	13	11	15	12	8	19	8	14	7	20	13	9	6	9	3	12	17	20	11	14	11	9	7	12	
14	9	6	2	16	20	2	19	3	5	4	2	9	18	8	5	7	6	18	3	2	12	8	7	3	20	4	10	15	9	4	9	6	11	13	3	1	17	5	20	
5	10	16	15	11	16	8	10	1	1	20	11	14	13	6	8	16	7	8	10	13	20	17	3	16	17	12	7	10	5	9	20	8	18	6	8	10	14	20	18	
17	1	14	4	9	17	6	20	18	14	7	18	16	7	10	13	4	9	12	16	13	2	19	6	15	13	4	13	15	20	8	16	11	2	13	3	19	2	16	3	
13	12	17	2	4	18	7	12	7	9	8	10	8	10	7	11	7	11	4	1	13	14	3	10	16	16	13	7	1	14	12	4	15	8	2	1	14	18	11	11	
16	15	18	14	3	19	16	19	7	16	3	5	4	17	15	20	7	19	6	5	18	19	13	12	2	20	5	11	9	5	7	14	11	18	20	8	8	15	8	13	
