Factories	3
Families	40
Machines	6
SetupType	2

Number of Jobs in each Family
10	7	7	4	9	2	10	1	6	10	10	4	5	2	4	4	6	6	9	10	9	2	7	6	8	9	4	3	7	7	10	7	1	1	1	8	5	4	5	4	

Jobs in each Family
0	1	2	3	4	5	6	7	8	9	
10	11	12	13	14	15	16	
17	18	19	20	21	22	23	
24	25	26	27	
28	29	30	31	32	33	34	35	36	
37	38	
39	40	41	42	43	44	45	46	47	48	
49	
50	51	52	53	54	55	
56	57	58	59	60	61	62	63	64	65	
66	67	68	69	70	71	72	73	74	75	
76	77	78	79	
80	81	82	83	84	
85	86	
87	88	89	90	
91	92	93	94	
95	96	97	98	99	100	
101	102	103	104	105	106	
107	108	109	110	111	112	113	114	115	
116	117	118	119	120	121	122	123	124	125	
126	127	128	129	130	131	132	133	134	
135	136	
137	138	139	140	141	142	143	
144	145	146	147	148	149	
150	151	152	153	154	155	156	157	
158	159	160	161	162	163	164	165	166	
167	168	169	170	
171	172	173	
174	175	176	177	178	179	180	
181	182	183	184	185	186	187	
188	189	190	191	192	193	194	195	196	197	
198	199	200	201	202	203	204	
205	
206	
207	
208	209	210	211	212	213	214	215	
216	217	218	219	220	
221	222	223	224	
225	226	227	228	229	
230	231	232	233	

Total number of jobs
234

Processing times of jobs
7	1	9	7	7	4	
3	10	10	1	9	5	
10	2	2	10	4	5	
7	4	9	2	9	9	
10	6	5	3	4	6	
9	2	7	1	4	1	
1	4	6	3	7	6	
8	2	2	5	1	1	
8	6	4	9	8	3	
10	3	5	8	8	7	
2	6	3	3	8	6	
1	2	6	2	4	8	
9	8	2	7	4	5	
10	8	6	9	10	6	
10	2	6	3	3	10	
5	4	2	4	9	10	
9	7	7	9	9	1	
5	4	5	3	2	5	
4	10	5	9	1	9	
1	1	10	2	6	8	
2	7	2	3	7	3	
9	8	7	9	5	9	
5	3	4	2	4	1	
8	8	1	1	3	1	
10	4	5	3	7	9	
1	10	9	1	7	1	
2	9	8	10	4	2	
9	7	8	7	1	7	
8	10	2	7	2	2	
5	6	6	7	1	6	
4	9	8	2	9	8	
10	8	5	4	7	1	
5	3	1	8	8	7	
4	10	4	4	4	5	
6	7	10	3	9	8	
10	3	5	8	4	2	
2	3	1	3	9	8	
10	10	8	10	1	5	
5	5	2	5	9	1	
1	9	7	10	2	4	
10	1	2	6	6	8	
4	7	10	9	1	4	
8	7	5	10	4	9	
7	1	3	9	2	9	
1	1	8	8	9	3	
3	2	3	10	5	3	
10	9	5	6	8	6	
3	2	2	3	10	8	
2	10	10	8	2	3	
6	5	1	9	7	1	
5	4	2	8	7	3	
1	7	10	5	5	7	
2	3	7	3	9	8	
4	8	2	9	1	9	
7	8	5	8	8	1	
8	5	4	1	3	5	
9	6	10	9	1	8	
2	3	6	2	7	6	
2	6	8	1	1	2	
10	10	3	1	2	9	
6	5	3	6	9	3	
10	10	1	3	1	9	
3	4	10	10	8	3	
2	2	7	10	3	10	
1	10	1	3	5	6	
6	1	5	7	5	7	
10	8	2	5	4	10	
1	1	7	4	2	1	
9	4	10	10	2	8	
8	6	7	5	9	3	
1	4	1	5	2	3	
8	4	6	2	5	7	
8	4	4	8	8	2	
2	10	6	7	7	1	
10	7	5	10	6	6	
4	3	2	5	10	2	
2	3	4	3	8	6	
10	2	2	5	10	4	
2	2	10	8	1	10	
2	9	6	8	4	1	
7	10	2	5	3	7	
5	9	2	7	6	1	
6	7	5	5	5	5	
4	6	2	6	3	8	
8	3	7	5	4	9	
5	4	2	5	8	3	
8	6	8	4	6	8	
7	1	4	2	10	6	
5	4	4	9	8	4	
2	5	7	7	5	2	
5	8	4	3	9	5	
4	6	7	4	8	6	
9	10	5	7	7	8	
2	6	1	8	8	6	
6	4	9	4	3	2	
2	5	4	4	10	7	
6	8	1	4	5	7	
9	10	2	6	10	3	
6	7	3	10	6	1	
3	8	5	4	8	1	
4	1	8	9	3	6	
6	6	9	2	7	10	
3	6	3	9	5	5	
9	10	1	9	1	8	
4	3	1	2	9	1	
4	3	2	3	4	7	
5	2	5	3	10	10	
2	4	1	7	6	10	
7	3	4	6	9	9	
9	5	6	1	8	5	
8	3	5	5	10	1	
10	10	6	9	9	2	
2	10	1	2	8	1	
3	6	8	2	5	8	
5	1	5	7	9	5	
3	1	4	4	3	4	
5	2	6	1	3	9	
2	7	4	9	10	10	
1	1	7	8	7	2	
6	1	4	10	3	7	
9	7	6	3	2	4	
8	2	3	2	3	9	
3	2	7	6	9	9	
9	4	2	9	4	10	
8	7	8	10	10	5	
10	3	8	9	6	6	
7	1	1	9	10	4	
8	4	4	4	7	2	
3	1	7	7	4	3	
2	1	8	2	4	8	
1	6	9	4	3	9	
5	3	4	1	5	9	
1	7	1	1	9	9	
1	5	4	7	10	4	
6	7	4	9	6	3	
8	8	4	5	6	5	
9	1	3	3	1	8	
2	8	2	5	6	5	
5	5	9	3	1	6	
10	10	2	1	8	6	
10	6	6	3	2	3	
7	3	5	7	7	7	
10	4	4	7	3	1	
1	3	6	1	5	8	
1	10	4	1	3	8	
2	5	7	3	6	3	
8	4	10	1	6	1	
3	6	4	9	1	6	
8	3	2	10	6	3	
7	9	9	6	8	10	
8	4	7	9	4	10	
5	9	10	1	3	7	
4	7	1	9	10	8	
10	2	4	3	8	1	
9	6	1	9	1	8	
9	2	7	5	7	8	
2	7	1	9	9	8	
2	8	1	10	10	1	
6	1	1	3	10	9	
6	9	9	1	1	9	
5	5	4	6	10	7	
8	10	1	10	2	3	
6	10	1	2	4	2	
5	2	9	6	10	7	
4	5	4	9	8	6	
5	6	1	9	2	7	
4	2	3	8	1	1	
7	6	9	7	1	7	
10	7	6	5	10	7	
8	9	4	4	2	10	
8	3	6	2	1	6	
5	5	10	2	6	8	
5	2	3	7	4	1	
9	6	5	7	7	5	
7	8	2	6	8	2	
8	6	9	2	3	9	
1	10	6	5	3	5	
5	5	10	8	2	8	
4	9	8	6	8	6	
10	9	3	3	4	10	
7	4	1	2	5	3	
4	8	1	9	10	9	
2	3	3	8	4	1	
10	5	2	9	4	4	
2	10	9	6	9	8	
2	3	9	1	10	1	
4	5	3	3	9	1	
7	4	3	6	5	2	
10	8	10	3	7	4	
8	1	1	7	7	2	
3	6	7	2	4	9	
5	10	10	2	1	9	
1	8	3	8	2	10	
1	10	5	2	10	4	
5	10	10	3	3	4	
7	4	5	9	7	3	
9	6	8	8	7	7	
6	7	2	1	1	4	
4	10	5	5	1	7	
10	9	4	8	2	2	
9	1	5	4	4	7	
8	1	7	8	9	7	
6	6	2	2	5	4	
7	7	6	2	10	10	
3	9	2	9	4	8	
3	7	5	2	5	1	
10	6	6	1	10	7	
6	6	8	6	4	3	
1	3	1	5	10	8	
10	7	10	9	5	1	
7	2	7	10	3	9	
1	5	5	6	6	4	
6	4	2	5	10	5	
6	5	2	2	4	3	
1	6	1	7	2	3	
2	10	9	6	4	4	
5	8	6	1	3	7	
5	7	6	8	10	3	
4	5	10	5	3	1	
7	9	6	10	3	6	
6	4	3	7	2	8	
6	8	4	3	9	6	
5	3	9	9	1	9	
8	8	6	7	3	3	
6	10	9	2	3	9	
3	7	5	2	2	3	
4	1	4	9	10	4	
4	7	9	8	10	1	
8	10	2	5	5	5	
7	6	3	1	9	4	
7	2	9	8	1	6	
9	4	3	6	3	10	
6	3	7	7	4	8	
10	1	4	9	9	9	

Stepup times between Families, where [f][f] represents initial setup time
On machine	1
50	22	49	43	44	36	44	10	39	25	21	1	12	28	17	45	42	35	33	17	29	46	46	50	31	30	48	42	11	6	29	47	47	15	15	5	24	10	39	11	
21	25	25	6	9	28	10	8	44	1	12	31	34	42	4	7	15	2	3	7	33	31	8	32	39	44	1	25	41	7	49	24	23	14	1	16	35	42	40	19	
22	4	36	34	45	29	41	22	10	38	38	47	45	5	3	26	19	6	2	48	43	9	27	4	30	50	42	15	25	25	20	17	10	2	46	32	44	47	33	36	
40	44	12	45	10	4	18	40	25	44	34	5	43	10	13	8	5	37	5	28	7	13	45	37	36	3	29	18	21	12	29	29	38	40	4	38	39	41	12	27	
8	13	44	4	8	6	31	40	21	11	7	24	41	25	19	17	5	15	17	47	10	14	14	6	19	46	47	7	4	44	27	46	29	40	22	40	6	23	43	21	
47	44	46	25	27	14	44	37	18	47	50	24	9	1	28	10	40	14	24	20	5	4	11	34	26	29	40	37	16	21	44	17	11	1	28	15	14	46	27	36	
22	19	4	20	28	41	9	45	3	47	42	36	18	47	31	12	4	3	9	23	6	23	6	18	7	2	22	48	7	21	12	42	37	18	23	7	49	1	18	18	
5	9	7	7	17	47	23	15	24	32	7	49	49	36	45	3	20	44	26	4	47	19	27	40	17	17	36	15	40	11	21	45	39	50	33	42	36	26	11	30	
24	36	2	28	18	36	22	25	31	28	16	2	29	8	24	25	8	50	46	3	26	2	50	37	7	20	47	5	21	40	2	22	26	49	11	24	23	40	44	11	
16	16	43	5	31	46	38	26	34	50	9	13	12	20	43	22	41	29	5	19	44	26	11	27	25	41	8	13	49	22	27	48	46	24	25	12	25	15	40	22	
49	4	45	50	29	42	39	39	18	9	23	15	41	38	4	38	48	42	35	28	7	50	3	26	2	11	33	49	23	42	42	8	17	11	17	41	37	49	32	1	
25	38	10	47	41	9	49	43	14	4	37	7	6	8	9	46	28	40	45	33	5	3	4	7	44	16	23	4	24	13	18	27	13	8	42	24	21	9	34	50	
19	39	30	11	48	1	33	47	31	37	21	3	26	40	42	31	20	3	25	29	43	29	11	28	6	47	35	16	48	3	35	25	25	27	47	30	31	39	37	42	
41	43	42	38	3	11	23	35	26	17	14	17	19	35	33	22	30	30	50	32	4	9	47	8	36	17	28	8	46	9	31	4	5	18	10	29	47	40	37	11	
39	36	12	24	42	40	5	16	17	47	12	22	31	40	33	30	17	33	13	45	14	23	30	44	44	18	31	36	48	49	8	11	46	38	26	29	49	48	18	26	
28	38	23	27	50	26	47	28	28	21	13	17	17	46	21	15	10	49	10	10	24	8	47	26	47	15	38	37	49	14	3	42	37	7	29	10	26	12	41	17	
41	5	42	7	48	38	42	26	32	49	8	45	22	40	33	25	4	27	12	42	16	9	6	25	12	44	40	43	4	44	41	15	40	45	17	38	44	11	19	28	
17	38	7	11	47	45	4	44	38	48	1	32	39	50	47	50	33	17	38	38	18	17	6	15	36	30	44	9	21	44	44	29	31	18	7	43	37	42	10	47	
34	34	43	47	11	38	11	9	7	30	8	32	38	3	49	34	5	17	43	24	42	42	32	44	24	9	44	46	5	48	10	7	5	42	30	21	8	43	10	36	
20	48	23	35	42	47	6	31	43	44	9	28	28	15	2	44	38	46	8	35	26	47	14	18	37	8	39	45	35	44	18	10	18	41	23	48	16	6	11	21	
48	32	4	24	29	22	24	10	40	25	24	45	36	3	34	49	36	3	36	32	37	9	50	13	45	39	38	12	14	19	40	26	45	17	30	5	23	49	6	11	
28	13	41	44	18	46	20	43	14	30	37	8	24	31	39	34	36	40	29	26	48	41	49	43	37	17	3	4	35	2	40	26	12	9	39	26	31	40	41	31	
43	39	15	32	34	26	23	39	8	42	32	11	38	42	3	42	1	50	14	31	16	3	24	22	29	23	38	42	45	48	38	8	29	16	9	24	16	5	25	18	
1	25	1	50	40	27	17	2	31	16	38	15	47	36	7	41	43	37	44	2	27	28	17	3	20	7	47	12	13	46	38	14	40	15	43	44	31	46	43	23	
29	15	21	14	49	5	42	50	35	26	30	3	19	26	44	5	20	30	25	48	16	8	41	48	20	24	18	24	22	1	21	48	28	25	27	7	44	8	19	21	
6	1	11	4	14	50	47	10	3	14	28	39	38	31	18	30	39	29	21	22	46	42	6	44	35	47	23	14	10	13	48	36	24	4	15	50	23	6	13	39	
34	39	41	17	25	24	36	26	50	36	22	33	1	35	48	34	6	39	1	46	26	37	22	16	34	28	14	48	12	20	48	50	24	17	3	39	33	11	3	47	
19	36	37	5	31	44	41	33	24	31	49	22	43	24	43	6	41	27	26	24	36	12	6	47	8	24	41	3	15	47	25	25	29	38	25	30	23	31	38	27	
14	17	12	34	9	23	11	39	14	9	8	31	48	22	36	19	20	22	17	44	14	18	17	31	15	12	26	20	8	28	25	31	50	5	38	14	37	13	49	30	
13	28	24	29	40	2	15	1	6	1	15	9	38	30	9	46	15	46	20	49	47	11	11	12	47	3	43	19	12	36	13	43	14	20	2	35	40	39	29	49	
3	19	19	31	24	33	1	7	40	43	4	44	26	9	24	15	2	37	14	47	34	22	50	21	34	8	27	7	48	1	48	25	30	16	34	23	17	47	34	25	
15	20	50	26	31	46	8	22	35	12	26	37	14	28	40	9	4	22	33	8	12	21	47	36	48	32	17	48	9	5	14	3	42	15	26	6	38	48	16	11	
33	47	21	32	25	13	1	15	15	49	29	13	40	34	34	24	13	22	50	49	3	21	17	50	35	27	25	32	3	39	34	28	7	50	45	19	33	33	20	35	
3	21	40	16	20	2	23	10	30	20	43	6	13	28	10	50	3	38	43	15	28	41	50	29	31	22	16	25	1	29	21	22	16	21	31	38	16	25	30	3	
24	14	35	26	18	6	7	26	33	12	7	34	41	42	25	11	41	15	2	17	17	37	48	21	48	29	50	39	20	48	40	36	23	38	10	19	1	2	13	25	
22	13	23	48	14	32	20	28	18	31	24	2	20	13	46	16	49	25	47	4	4	33	28	34	27	26	10	7	46	26	20	4	31	19	7	2	1	46	37	41	
3	18	9	13	35	25	1	15	39	4	46	41	16	39	34	10	21	26	45	49	48	8	50	40	30	12	18	17	31	36	26	34	1	43	37	6	6	25	47	3	
26	25	7	17	18	30	22	5	42	22	28	30	28	5	20	20	19	48	50	4	13	2	43	19	23	2	38	10	34	31	41	18	14	36	40	39	15	29	40	13	
48	27	10	26	18	27	26	5	43	24	14	15	32	46	14	26	47	44	14	12	49	10	9	9	5	42	27	36	24	44	37	39	3	19	45	17	14	13	24	12	
39	12	46	43	2	32	48	45	27	45	34	39	46	42	46	13	42	3	35	13	5	31	39	25	49	11	37	12	6	21	49	50	25	37	14	3	33	8	12	43	
On machine	2
30	4	27	26	10	8	20	41	32	43	19	48	1	48	2	40	8	47	30	39	10	40	12	17	46	6	7	4	28	38	6	39	47	27	17	16	6	41	29	46	
42	32	5	28	27	48	19	10	29	36	3	3	6	40	25	4	25	23	35	9	20	2	36	12	36	42	4	42	10	33	30	6	34	26	1	11	31	33	5	1	
25	39	37	49	36	43	20	22	12	10	26	39	18	43	24	34	46	5	20	28	12	14	49	20	14	45	22	48	18	42	12	50	50	28	20	12	32	15	13	42	
24	36	29	41	10	39	47	12	22	44	18	3	10	26	45	28	5	27	36	31	26	26	8	21	38	10	22	35	26	10	44	45	48	20	14	35	30	15	4	49	
36	12	39	39	14	13	18	29	32	38	11	7	18	17	20	5	19	41	3	19	12	9	36	46	20	48	33	46	24	48	45	18	40	31	46	15	48	32	34	15	
5	13	4	31	19	49	4	28	48	9	4	19	38	14	34	24	7	35	13	10	10	10	4	34	13	5	31	33	11	7	32	45	29	2	25	16	15	36	26	9	
29	17	45	35	6	20	34	43	14	15	48	17	42	25	7	5	30	19	10	5	50	10	34	24	15	18	38	1	39	44	36	40	38	1	6	22	39	27	38	28	
13	50	35	16	50	30	46	42	26	29	23	11	20	46	18	14	24	28	6	44	32	33	17	23	4	29	10	24	44	30	32	28	34	6	42	14	4	14	32	15	
14	17	38	14	23	3	13	30	26	11	17	30	50	19	10	14	26	1	29	47	18	23	39	12	6	45	23	22	24	13	16	21	2	31	16	24	39	1	2	50	
3	10	26	20	42	27	7	29	20	35	42	16	5	34	36	45	32	11	35	31	41	30	50	28	10	4	3	49	9	6	42	7	50	7	41	43	50	49	38	39	
28	10	13	50	27	7	19	12	11	48	38	15	30	31	38	43	21	18	13	37	18	21	17	5	4	9	24	8	17	47	35	8	37	24	6	23	17	49	4	40	
37	19	27	28	24	16	39	33	42	37	14	5	49	10	5	45	48	23	40	28	4	27	13	3	13	6	10	17	20	2	27	31	16	26	22	46	7	1	49	39	
30	22	45	18	24	25	20	12	10	45	7	24	27	11	14	4	46	2	13	39	42	37	43	26	32	32	7	18	19	18	48	26	47	35	29	23	15	45	10	1	
31	46	47	25	41	41	10	28	28	23	42	37	18	13	30	21	29	24	37	50	33	47	39	30	7	2	28	15	6	16	42	17	25	16	31	50	30	3	14	17	
24	45	9	14	9	48	28	11	31	40	6	42	12	16	40	48	48	49	40	44	35	18	38	17	41	41	40	41	25	18	21	21	27	26	30	31	23	30	40	22	
40	4	44	32	35	38	10	14	18	20	31	14	44	29	8	4	2	11	37	49	33	38	35	29	11	42	6	7	47	45	15	9	50	33	12	13	38	21	45	26	
13	1	38	26	33	25	14	2	26	45	36	33	5	48	40	3	8	16	27	19	8	9	25	1	21	12	18	7	21	10	39	13	6	18	19	32	42	31	33	24	
26	41	43	38	39	49	29	32	50	18	1	16	16	9	44	16	5	29	44	7	14	30	9	36	16	26	32	29	47	6	37	11	10	4	16	39	43	23	42	12	
8	21	21	23	24	22	33	29	14	15	19	47	37	19	27	41	4	45	42	18	13	42	10	24	49	31	27	47	5	4	29	10	34	12	4	38	29	2	40	24	
26	2	2	2	42	3	31	20	44	27	12	44	21	26	27	34	6	38	9	49	21	2	38	20	24	25	17	14	25	44	15	26	42	22	27	37	25	35	46	34	
5	24	16	6	42	30	31	36	7	22	44	41	1	33	4	42	37	30	13	16	49	42	28	31	45	39	24	7	8	20	37	23	1	6	38	29	44	24	38	31	
41	48	32	6	2	8	2	34	42	43	1	13	31	10	18	28	27	49	17	11	27	28	20	44	40	3	41	28	10	12	12	45	21	43	49	35	3	5	22	10	
35	48	8	32	1	42	29	48	11	30	44	2	11	10	45	35	26	49	19	27	26	46	8	43	9	34	16	13	17	18	10	25	43	8	29	40	15	12	7	24	
26	24	31	23	37	2	36	22	6	24	2	37	32	8	46	31	26	33	14	11	32	3	32	8	20	4	15	30	2	33	2	35	4	28	28	12	22	2	1	2	
40	27	28	13	40	50	38	25	21	49	42	44	15	36	23	49	47	34	2	17	10	23	32	31	14	46	18	26	48	10	49	18	32	50	48	32	43	37	44	44	
24	38	31	49	26	41	37	37	1	7	48	24	11	27	4	5	24	21	16	48	7	24	15	16	31	24	23	29	27	15	47	3	5	24	22	21	39	40	16	42	
4	19	11	15	6	48	9	37	29	42	15	37	20	40	49	34	14	8	45	29	42	32	16	2	33	13	6	31	8	21	3	8	37	30	20	27	40	24	42	3	
20	31	25	38	2	39	21	1	3	12	14	33	13	16	7	1	37	43	24	37	42	20	13	15	31	14	25	5	37	27	35	46	29	10	38	8	29	47	7	21	
15	10	44	29	27	47	10	33	42	2	9	38	33	26	48	35	4	13	26	34	18	5	40	23	5	16	21	26	42	41	48	19	45	9	24	50	36	31	21	42	
47	42	11	45	1	19	44	35	27	15	30	7	26	30	28	43	21	14	43	43	4	50	43	48	15	48	28	32	48	48	1	7	18	15	16	37	41	2	24	49	
9	13	28	25	23	1	39	43	13	8	27	4	44	44	25	13	10	1	30	23	22	37	5	35	11	38	13	37	14	26	16	26	26	7	32	11	10	15	1	49	
43	49	29	27	34	35	47	15	42	3	29	22	40	21	4	21	13	43	48	40	38	37	14	31	13	36	40	29	18	24	29	43	40	35	25	3	10	43	34	26	
4	8	23	26	14	42	17	20	39	48	31	35	28	1	22	42	14	3	35	2	39	39	39	35	21	46	33	13	15	8	9	7	13	34	31	15	34	19	25	25	
31	13	29	48	11	29	37	11	22	40	39	43	29	24	34	2	35	30	35	46	26	1	37	14	49	49	10	17	33	24	25	21	44	38	44	46	25	17	36	26	
40	1	10	37	37	23	22	2	27	17	21	35	24	23	15	8	37	35	35	45	28	9	30	49	25	33	13	39	50	26	43	35	48	33	23	45	38	14	45	13	
15	1	27	32	41	44	31	25	47	10	18	7	7	10	47	29	2	44	16	27	17	50	20	45	21	1	10	18	23	23	50	39	33	26	49	30	2	15	39	4	
44	3	23	12	23	12	12	30	30	14	43	47	29	46	17	1	47	37	3	15	22	43	35	4	10	19	17	15	26	4	30	48	21	12	20	34	41	45	21	34	
42	50	45	16	37	6	17	41	41	2	23	17	33	12	3	13	49	4	47	48	43	41	50	12	17	30	29	1	19	26	49	47	48	12	40	20	36	38	26	6	
46	26	26	31	44	5	12	6	34	4	9	45	47	8	47	11	26	22	42	11	44	20	16	47	38	39	13	3	14	12	34	32	50	3	3	5	6	13	18	48	
12	28	9	45	7	36	6	17	48	46	19	42	14	5	4	50	15	21	42	20	41	19	4	47	36	41	2	42	31	36	50	28	22	46	38	13	40	19	13	41	
On machine	3
17	28	8	11	6	10	36	21	6	12	19	31	30	27	49	47	33	34	21	21	9	30	6	27	30	14	43	36	20	2	9	35	35	44	9	39	41	16	36	6	
2	16	25	33	20	37	19	20	12	4	29	25	45	13	22	32	19	17	6	13	22	31	40	29	30	16	27	41	19	14	15	15	3	38	26	35	47	38	2	35	
7	27	48	17	15	5	17	22	28	40	27	44	11	47	18	20	26	35	35	23	1	29	7	14	8	26	10	36	26	28	24	42	46	8	36	10	32	2	19	14	
9	3	13	6	14	8	10	19	21	39	8	46	24	37	44	4	8	31	15	25	30	7	22	38	20	17	4	15	27	24	36	35	27	5	38	1	19	6	2	40	
15	47	10	29	8	45	13	4	39	22	36	13	15	5	49	40	48	41	2	44	36	18	49	19	39	28	48	21	46	45	36	3	45	13	41	49	11	9	38	45	
32	29	34	23	44	40	34	42	8	49	44	36	16	30	8	21	33	36	21	45	40	49	1	9	16	24	36	23	28	33	31	44	13	32	27	29	28	20	48	12	
27	43	37	38	4	40	18	23	41	11	10	32	8	5	12	26	38	46	19	27	40	5	19	31	3	29	15	18	35	45	30	40	6	7	5	19	17	44	35	49	
22	31	34	9	33	49	36	15	24	45	14	24	12	11	6	32	15	32	6	48	2	6	39	22	9	7	7	6	15	50	17	8	13	42	19	1	31	32	38	28	
7	6	16	2	35	3	8	14	29	17	39	34	2	47	36	17	45	23	40	16	18	36	13	23	33	36	23	16	25	6	45	9	37	39	8	28	43	13	32	1	
15	46	27	50	9	28	4	50	1	4	23	42	11	28	37	34	38	42	44	6	35	22	28	5	5	43	40	20	34	11	22	24	24	28	36	12	39	21	45	29	
27	46	22	50	23	33	27	27	4	32	47	49	42	44	50	41	33	31	2	5	35	44	5	2	50	19	32	36	23	36	31	11	13	9	45	29	41	7	18	11	
31	49	36	24	21	21	10	31	20	45	2	36	49	8	49	14	15	11	21	21	14	9	50	16	34	39	20	25	17	21	39	2	29	32	33	25	44	15	8	13	
11	48	48	21	22	18	2	31	21	42	26	3	49	46	17	2	21	28	40	9	31	16	35	37	38	35	31	32	8	39	14	16	24	49	23	26	1	19	7	45	
29	50	27	23	23	2	43	17	37	36	38	11	7	42	35	31	12	48	25	17	7	39	22	26	48	5	26	10	5	23	36	23	13	23	50	48	42	9	48	1	
1	19	17	48	27	19	44	5	43	22	31	25	46	42	5	36	6	23	13	1	32	22	34	5	10	13	32	2	44	22	50	3	49	1	15	13	9	16	47	36	
43	26	33	8	42	38	30	31	24	27	22	22	13	43	33	8	31	22	8	3	42	8	9	25	43	38	23	40	42	32	35	43	12	46	4	11	37	22	30	2	
19	38	30	50	19	44	17	20	19	35	20	2	11	47	14	12	40	1	21	36	13	17	21	19	46	15	2	2	24	33	40	14	36	10	35	24	32	30	39	4	
26	16	42	16	37	7	48	1	7	26	21	15	21	2	33	14	7	49	3	4	18	10	17	38	33	29	17	33	49	11	7	47	16	33	38	13	3	18	28	34	
24	16	42	16	22	17	41	35	12	28	41	16	31	26	6	23	12	31	31	14	42	38	31	42	35	46	40	19	17	8	37	13	34	6	6	19	41	26	13	13	
28	32	13	45	4	1	32	39	38	16	31	8	16	15	8	10	31	5	32	21	2	8	16	26	22	47	35	9	6	5	22	3	13	9	26	20	22	22	14	13	
18	34	11	28	12	48	21	7	8	38	40	11	21	44	8	21	18	36	41	15	14	18	13	34	5	35	36	46	31	7	4	14	23	17	14	50	26	19	41	50	
8	5	36	36	20	44	40	23	15	23	35	2	2	5	14	9	6	22	3	50	6	40	6	17	15	47	40	1	7	30	6	12	33	17	50	5	20	48	29	41	
16	5	20	15	36	26	9	5	7	47	41	18	33	39	11	39	40	20	24	2	37	32	40	8	37	50	30	13	22	48	7	49	37	12	48	50	29	22	16	23	
48	16	49	41	45	20	1	3	50	15	4	46	9	21	43	41	47	43	27	49	21	34	34	38	38	37	25	16	19	15	40	6	45	39	47	4	47	11	38	6	
12	44	36	20	42	30	27	24	50	38	44	43	23	12	46	26	6	44	43	39	9	10	9	50	45	36	23	46	13	46	39	38	2	33	33	15	35	22	13	26	
33	24	9	44	12	36	24	23	42	40	15	28	10	32	31	30	37	31	4	14	24	35	44	10	26	40	25	48	30	41	38	22	24	23	28	12	19	12	13	43	
7	19	24	43	12	29	41	9	5	44	1	49	22	40	8	24	16	27	45	9	33	33	9	15	45	22	18	1	33	23	49	10	22	22	39	35	34	23	38	24	
46	13	32	28	14	22	45	42	3	31	15	29	43	6	41	11	17	5	13	48	8	5	2	39	21	19	47	13	7	49	30	4	17	4	47	36	47	23	31	29	
25	43	7	10	21	6	28	9	3	41	47	20	23	41	30	48	50	19	41	13	5	22	37	49	20	5	17	20	1	19	19	46	16	17	32	1	22	38	24	32	
44	16	11	38	37	16	6	1	50	8	32	40	49	26	7	20	37	47	34	28	49	48	45	39	22	8	36	20	30	28	31	23	8	45	49	49	20	42	47	50	
22	41	17	42	36	8	17	15	9	48	26	3	40	36	15	14	2	36	19	27	8	46	6	7	11	8	23	23	21	19	18	36	44	2	49	42	24	50	20	27	
23	36	25	42	20	3	22	18	39	17	48	4	45	50	10	7	47	7	48	2	47	10	4	46	43	29	30	18	35	46	35	20	12	43	30	36	14	21	45	22	
48	39	15	44	41	24	41	10	16	50	28	7	38	41	12	33	38	34	2	25	20	42	19	47	33	33	46	48	5	25	1	4	21	32	26	13	28	22	13	10	
20	35	16	46	27	7	1	32	25	37	42	4	2	50	16	39	42	48	13	32	41	35	23	31	44	12	12	31	31	46	13	36	2	7	8	50	5	4	32	13	
31	1	30	26	6	44	4	15	21	35	7	15	45	1	20	30	48	45	3	48	33	14	15	12	1	25	28	26	14	37	6	6	25	7	32	30	46	50	33	36	
15	34	44	49	5	39	31	16	42	26	36	29	1	42	45	4	48	47	43	39	34	50	21	32	7	3	35	50	19	43	39	2	11	38	3	43	34	17	1	32	
48	19	47	41	23	44	31	31	5	50	5	26	14	31	35	33	35	48	29	25	30	11	11	6	45	22	23	15	25	47	29	6	33	34	12	47	41	37	38	8	
29	22	34	33	7	20	22	12	16	20	39	1	13	29	40	10	44	40	10	20	32	11	33	26	38	31	6	26	33	15	35	35	37	37	3	43	50	24	25	42	
49	47	29	50	49	16	21	25	49	50	38	25	20	21	33	39	35	38	47	26	11	42	28	4	23	15	9	18	37	41	9	24	11	3	31	17	26	40	22	11	
10	20	39	15	15	38	37	31	27	43	49	3	11	44	25	2	47	26	31	41	44	28	8	47	7	12	12	37	47	25	41	8	40	40	9	37	40	22	22	45	
On machine	4
23	6	33	6	17	17	4	1	42	26	16	4	23	36	26	43	23	49	28	35	9	35	17	40	48	43	33	29	44	34	1	16	13	16	40	7	7	2	44	34	
23	14	7	4	3	47	37	29	35	18	39	30	38	22	26	30	2	12	16	16	5	47	43	49	32	26	46	15	1	38	32	21	14	40	39	46	28	45	16	3	
36	40	4	10	34	1	42	18	15	1	2	48	12	19	15	13	43	42	31	37	2	19	39	28	34	21	41	44	48	12	28	19	43	4	39	25	48	4	16	4	
32	7	49	19	48	24	10	11	18	17	11	12	21	16	2	7	48	24	40	35	13	28	4	48	36	10	28	46	21	11	46	47	3	28	40	42	43	49	1	24	
27	19	38	9	49	17	34	2	48	45	20	27	34	39	49	11	22	44	26	3	42	18	35	27	26	12	43	24	38	15	35	40	17	16	35	19	2	44	32	16	
39	30	1	25	31	25	50	13	4	38	22	31	8	5	9	31	48	3	26	45	50	8	13	36	31	40	9	41	10	31	45	4	36	7	21	35	18	47	18	37	
30	10	44	9	31	46	42	24	4	31	14	25	43	49	1	13	4	24	42	15	32	32	8	3	49	40	3	40	41	29	30	5	43	25	6	20	47	3	31	41	
11	23	17	27	41	4	39	14	17	16	48	18	3	13	29	35	33	36	12	49	21	33	35	45	28	44	40	23	25	18	10	9	27	3	49	1	15	5	18	6	
14	45	26	39	6	7	50	29	21	39	44	21	27	47	20	12	19	17	18	50	42	13	28	12	12	48	9	6	44	36	2	44	47	25	18	21	46	46	50	42	
41	6	35	49	18	47	20	32	41	5	42	24	5	31	29	9	14	17	34	26	5	29	3	11	35	49	12	33	29	45	45	33	16	11	39	8	18	3	28	24	
14	16	10	7	46	42	33	33	9	12	28	35	1	28	6	11	3	11	3	34	35	17	3	7	46	43	45	17	11	5	38	45	25	12	48	41	47	18	5	37	
25	43	3	30	14	15	33	5	39	37	39	23	9	24	29	40	11	25	17	22	28	24	32	44	49	19	22	15	48	11	11	37	28	26	3	34	4	17	7	13	
12	36	22	8	22	44	15	15	1	41	1	20	8	26	25	30	42	9	2	20	15	25	33	37	12	3	26	7	28	10	6	47	15	13	35	2	38	3	22	6	
35	28	46	38	5	14	22	15	37	40	25	43	32	26	26	31	37	5	41	35	33	21	10	22	22	44	21	43	3	11	48	46	9	22	40	21	48	7	48	18	
48	35	16	23	5	32	32	37	22	35	37	15	13	25	36	31	15	48	23	27	24	27	43	7	31	23	20	44	46	1	27	3	48	46	21	14	20	10	45	32	
14	9	38	45	27	46	20	37	11	13	2	5	49	5	12	50	22	32	33	36	19	48	23	40	38	46	36	14	27	40	46	32	38	44	40	50	24	24	36	49	
47	40	11	40	24	36	29	32	27	29	8	48	16	26	22	2	14	36	14	47	15	18	17	46	14	22	20	13	32	12	9	11	10	19	17	14	23	26	38	45	
8	12	25	44	44	33	22	26	3	50	43	24	43	10	45	34	7	3	34	39	44	33	36	27	47	48	41	17	13	44	16	24	18	43	20	7	43	30	31	15	
38	8	11	13	6	8	40	24	9	37	16	9	25	7	16	11	32	9	28	32	41	44	17	27	38	38	17	46	46	45	9	22	1	5	14	12	32	24	42	39	
10	16	7	26	23	17	50	26	19	37	22	15	47	11	25	21	30	20	23	42	11	4	16	49	1	26	47	3	9	50	14	20	42	19	1	19	46	49	11	3	
39	26	39	13	36	43	47	30	47	34	17	38	29	49	2	26	25	33	11	26	40	12	6	25	48	4	9	22	31	37	42	21	19	10	13	44	3	43	41	17	
24	24	48	27	31	6	2	6	5	7	10	50	32	34	20	22	34	46	35	28	41	45	34	41	46	16	49	38	8	25	20	37	5	45	50	18	49	13	3	35	
18	8	16	45	43	7	45	2	50	6	11	20	19	21	40	23	34	22	36	13	4	38	34	33	28	39	42	2	36	10	14	12	50	32	5	44	42	35	24	49	
9	2	12	39	2	47	24	23	45	6	6	9	23	26	17	44	30	12	18	18	29	35	13	14	36	21	38	16	24	6	2	50	16	42	30	48	6	50	42	6	
19	42	19	27	8	3	40	29	4	2	4	42	22	24	30	20	3	17	50	5	27	6	8	20	7	12	11	36	39	42	2	22	20	40	29	8	14	45	47	21	
25	11	47	5	41	16	32	41	23	44	25	17	8	5	47	12	45	34	18	32	42	50	13	14	28	38	35	15	39	16	29	28	46	27	15	50	38	9	40	37	
31	26	19	24	42	3	40	7	35	27	7	23	46	35	38	17	32	28	33	20	46	20	22	15	11	35	26	24	41	38	45	15	21	19	6	28	41	20	42	2	
49	38	12	19	29	3	14	40	35	31	11	18	6	3	6	21	12	35	6	50	28	36	23	33	18	44	32	2	6	35	48	44	49	39	28	35	30	12	40	30	
46	1	18	12	37	2	20	9	4	8	44	23	35	35	36	49	7	19	10	28	36	48	40	15	46	27	13	15	18	18	27	26	41	6	19	27	31	25	4	16	
16	39	7	32	10	15	18	16	32	16	41	11	5	21	34	4	7	32	32	7	5	11	30	27	5	50	18	50	17	10	36	35	8	24	25	21	11	23	23	23	
36	35	15	45	19	36	2	28	17	2	39	50	46	44	14	17	18	33	19	19	42	43	45	19	17	27	50	21	12	37	39	39	22	26	36	21	27	19	13	6	
17	17	34	9	44	18	44	9	40	5	15	17	37	44	14	10	26	8	5	11	9	18	24	1	20	39	33	45	22	16	30	35	43	3	42	36	13	39	22	22	
23	48	2	16	27	31	32	39	27	31	34	38	48	42	40	27	23	6	20	5	27	17	17	18	47	41	23	10	9	22	38	45	16	44	12	31	30	6	1	15	
11	3	45	10	50	20	21	13	34	6	29	40	23	50	4	50	40	37	8	31	3	35	33	49	9	22	45	46	28	1	49	17	24	36	21	7	34	40	18	14	
1	37	31	32	6	5	27	46	43	50	13	10	42	26	35	3	8	26	22	8	28	33	22	16	47	34	48	33	8	28	2	24	35	43	14	24	14	39	27	49	
22	39	22	31	35	9	42	8	14	21	20	50	3	14	36	25	17	41	12	50	31	22	30	44	7	18	5	42	18	40	28	9	24	24	44	47	3	50	39	50	
34	32	47	32	15	7	9	13	38	11	38	45	20	27	32	31	33	6	34	43	11	11	24	29	38	15	37	27	28	10	30	26	42	17	19	36	9	27	11	23	
19	48	4	42	39	29	4	2	41	15	31	38	33	25	32	26	16	28	13	40	2	49	38	20	21	20	20	37	6	17	34	4	19	24	38	10	27	47	29	30	
4	35	33	46	39	33	19	1	37	19	37	49	32	28	9	11	32	46	19	47	38	36	42	34	6	25	25	22	20	34	12	45	5	24	12	8	24	2	7	1	
8	41	45	8	33	42	5	17	31	36	42	5	34	12	47	40	10	1	2	9	1	24	28	2	22	22	44	9	12	50	20	11	49	25	9	8	49	13	11	10	
On machine	5
5	44	11	40	31	18	3	49	39	38	27	28	7	31	19	11	14	48	4	6	41	26	20	22	7	41	36	1	21	33	45	22	46	7	9	21	31	11	26	36	
30	1	40	8	12	21	13	10	14	40	41	47	42	28	17	18	7	20	35	29	48	24	49	44	49	13	35	25	29	31	9	8	47	6	38	36	29	44	46	40	
37	49	26	3	41	19	15	8	19	26	26	7	26	10	30	6	11	46	41	19	13	49	45	6	48	33	21	22	19	8	2	2	39	12	41	20	8	13	50	3	
25	41	21	8	30	10	35	26	50	40	1	42	22	3	32	35	22	44	25	17	18	45	21	3	6	10	14	20	41	5	28	28	2	43	12	10	43	28	31	18	
7	29	38	13	49	29	2	3	50	5	22	47	9	50	45	42	37	28	21	44	3	22	11	10	19	10	19	3	45	47	1	31	32	11	32	2	2	11	42	7	
26	39	1	46	18	13	20	39	23	14	42	45	14	22	9	36	45	39	19	30	12	5	36	9	28	17	49	6	18	18	8	21	38	9	12	17	4	12	10	42	
19	13	10	31	41	32	5	17	4	34	27	11	13	49	43	2	50	11	5	30	27	32	26	29	37	23	33	43	48	37	36	36	21	6	29	32	45	26	36	3	
22	24	25	3	29	29	35	50	39	6	23	15	6	18	24	14	16	22	48	12	28	44	49	17	42	23	21	7	17	27	40	19	13	16	17	6	3	43	25	50	
23	29	11	32	22	24	35	9	32	48	47	34	1	41	44	34	19	23	30	20	5	7	11	13	5	32	24	46	4	38	49	22	50	22	13	38	26	47	28	45	
2	3	39	30	35	48	13	14	16	16	17	40	7	3	8	10	24	44	6	18	48	10	27	31	24	31	7	34	44	15	23	3	6	29	47	8	9	2	4	22	
13	26	32	12	15	4	31	6	20	24	9	47	11	2	17	13	27	44	31	44	12	8	14	49	32	28	4	3	32	21	34	47	49	14	43	39	43	9	32	4	
39	40	14	9	16	27	28	25	39	21	20	29	49	1	11	6	17	2	10	21	21	24	24	21	41	34	21	46	9	5	14	17	21	47	40	6	44	25	10	20	
50	1	31	47	32	35	11	39	8	22	1	12	40	14	15	47	34	25	43	34	3	8	35	29	37	10	10	1	9	5	43	39	42	20	23	9	32	38	33	36	
30	2	34	14	49	3	33	19	18	43	3	26	27	1	23	49	50	47	12	44	14	10	15	15	13	17	44	17	49	15	48	31	17	27	37	5	34	9	22	9	
45	23	49	22	47	15	43	27	19	23	26	26	46	11	18	1	2	12	10	15	30	38	11	7	19	28	20	42	25	44	20	6	13	19	32	41	22	14	43	22	
30	4	34	46	31	45	25	46	30	40	22	19	48	31	17	43	46	19	50	14	16	40	9	31	26	31	6	13	23	43	44	14	32	20	18	25	10	18	33	20	
41	1	19	6	37	12	31	39	14	14	29	45	44	24	13	21	40	27	29	44	47	32	36	40	33	33	18	46	36	17	25	50	14	46	12	22	9	1	16	5	
27	42	30	38	44	40	8	27	3	39	27	23	24	41	47	15	39	37	20	28	5	10	3	23	48	23	45	39	9	34	43	24	27	28	11	29	41	16	38	3	
37	50	29	23	22	15	20	6	34	45	38	48	23	31	21	28	27	47	50	23	18	45	20	18	16	36	34	40	39	42	19	27	48	21	38	32	28	8	25	26	
27	31	34	10	47	30	38	50	26	14	11	41	5	16	21	2	30	5	46	3	25	28	38	22	1	34	6	32	1	47	11	41	22	4	25	5	20	5	18	30	
33	21	34	8	6	14	25	15	14	11	33	36	25	28	12	46	39	18	21	48	15	38	36	42	21	5	28	32	5	6	23	47	31	44	11	21	47	19	16	16	
23	44	49	4	29	34	20	18	1	49	29	10	5	36	6	29	21	40	2	34	36	27	38	41	45	44	16	43	8	44	26	42	8	26	19	23	7	32	38	31	
35	3	21	21	32	13	36	26	25	15	5	40	48	50	35	23	49	14	16	20	13	18	14	5	47	29	34	39	2	10	30	30	19	6	34	28	36	7	6	10	
3	32	49	37	48	19	19	45	26	13	44	10	36	19	18	2	48	7	46	34	40	37	29	10	26	48	18	46	4	32	34	4	2	47	49	24	26	45	4	36	
37	46	4	46	9	41	36	43	14	28	17	49	39	31	40	15	7	6	45	38	49	12	8	2	11	45	8	19	47	34	34	28	38	21	18	30	8	41	13	25	
40	46	21	33	46	25	38	32	23	14	23	35	45	26	35	22	50	44	47	49	41	48	44	46	48	25	15	41	41	46	16	38	34	26	46	39	38	36	47	7	
48	45	31	30	13	10	44	41	15	7	23	30	45	25	20	7	46	46	23	16	41	12	3	11	17	2	1	50	49	30	31	28	50	4	33	3	18	7	15	24	
33	22	17	39	12	41	36	49	38	36	42	14	3	12	44	47	2	39	33	50	46	3	40	50	43	25	47	25	50	37	16	15	23	16	24	40	34	30	49	17	
10	15	7	2	34	18	1	10	34	2	24	17	4	18	44	10	33	10	26	43	31	25	30	25	18	39	11	6	22	18	42	33	43	17	42	23	2	32	37	13	
13	35	28	4	27	5	15	29	42	43	12	26	44	35	3	10	11	19	33	50	8	4	28	42	28	8	21	24	3	26	20	18	41	36	31	1	15	5	27	42	
16	22	32	19	16	43	39	50	4	17	30	44	7	26	27	28	20	36	25	11	12	16	16	24	43	32	44	25	29	32	44	1	29	13	16	21	18	28	37	47	
47	27	46	47	10	16	27	50	29	17	16	13	30	20	18	5	8	33	44	15	6	9	48	4	21	14	12	43	1	10	47	28	3	42	29	29	19	8	20	9	
3	14	13	35	24	23	34	6	21	12	29	18	49	44	24	22	5	20	43	32	9	50	21	11	9	4	8	49	33	2	18	27	28	5	6	4	33	5	9	50	
40	31	19	7	1	11	41	29	26	27	31	11	14	38	12	5	15	38	23	7	9	46	34	19	19	17	17	5	11	47	43	48	22	45	16	42	34	32	26	46	
21	27	33	30	35	45	31	40	2	48	28	26	19	18	22	5	36	31	25	45	8	14	38	21	19	10	29	10	2	46	7	46	22	16	49	22	17	9	9	25	
7	42	16	5	46	16	2	50	1	3	44	11	17	16	47	42	10	46	2	1	16	37	14	12	41	50	7	18	34	34	40	21	16	20	32	29	13	1	14	4	
48	25	41	23	25	33	14	16	34	9	15	2	17	44	14	1	17	39	28	35	21	4	26	49	24	8	10	31	12	33	35	46	6	22	36	14	48	39	48	47	
11	2	1	37	7	18	28	27	35	21	18	34	43	23	23	22	8	3	16	13	42	37	29	25	47	47	3	2	30	46	17	18	2	7	13	35	17	41	47	25	
40	3	1	48	40	22	39	41	50	25	23	32	45	40	30	32	39	42	1	3	44	43	1	18	35	27	43	37	22	47	29	43	36	39	36	50	17	16	33	31	
17	7	39	43	46	14	40	50	44	10	28	34	8	22	7	10	11	10	33	7	8	18	4	48	11	14	42	40	18	7	37	10	49	31	8	1	46	33	1	18	
On machine	6
19	19	32	6	16	5	25	13	27	23	29	28	26	2	24	36	45	35	2	37	6	6	35	35	35	30	28	40	21	2	4	17	35	5	32	35	8	29	47	6	
11	12	13	12	31	9	7	2	10	48	17	40	34	27	13	36	20	48	32	48	48	24	28	49	37	36	18	13	35	50	38	24	50	9	37	28	47	37	9	9	
44	7	48	16	34	46	44	21	16	1	9	23	25	21	6	9	1	12	16	21	46	19	14	41	41	7	9	18	23	47	38	1	45	45	38	44	49	27	5	47	
44	16	33	17	37	28	40	16	29	15	19	17	11	41	29	24	44	49	1	15	2	31	6	1	35	23	16	7	2	10	42	7	2	35	28	43	37	11	20	45	
36	10	45	28	37	12	20	45	50	49	43	24	6	15	29	5	38	41	49	14	9	6	39	39	19	3	44	37	47	20	19	45	33	41	43	24	35	1	14	4	
24	14	33	8	3	23	44	18	19	46	7	14	32	21	46	13	34	10	44	22	14	39	1	7	22	23	37	37	49	24	43	36	26	2	40	42	36	13	36	16	
3	32	14	14	9	44	4	4	46	15	2	32	15	14	28	46	4	17	15	47	30	28	1	22	14	3	49	34	14	5	30	32	29	43	12	44	27	16	37	12	
49	24	2	9	34	11	3	16	4	49	8	32	12	41	10	46	5	7	38	5	4	39	6	27	45	5	46	7	12	23	25	8	3	25	7	32	23	22	48	46	
46	13	10	41	22	29	40	2	44	50	13	29	35	18	42	32	47	44	32	50	40	3	31	5	24	6	10	24	42	46	50	38	13	31	40	13	45	16	33	7	
22	4	9	27	47	44	7	20	8	50	40	38	11	24	40	8	24	37	29	31	10	41	23	35	48	47	2	31	17	14	17	35	8	5	24	3	26	20	38	39	
43	49	38	2	8	20	10	46	45	3	14	3	43	16	29	41	43	48	36	33	13	15	40	17	48	21	28	6	37	11	10	26	17	9	40	38	37	10	43	18	
24	22	36	37	39	14	35	27	31	39	17	12	24	45	38	44	32	21	44	43	21	35	29	9	32	39	3	4	2	7	23	37	22	43	5	49	35	23	45	10	
9	42	27	23	16	25	45	27	49	35	34	26	30	40	27	7	28	23	10	33	17	29	24	1	50	18	49	46	48	37	47	46	33	26	30	7	33	47	36	37	
12	46	24	8	31	22	22	14	1	31	46	13	25	21	50	33	28	10	14	29	24	41	2	30	39	43	30	49	34	15	4	19	47	19	15	49	48	47	48	13	
40	29	13	23	13	13	5	16	2	15	17	35	37	22	7	34	8	27	48	25	36	31	15	6	7	17	43	34	6	40	45	43	46	5	21	14	48	15	27	21	
17	47	13	13	22	36	43	35	13	44	11	30	4	17	33	41	27	17	29	7	16	47	5	22	4	21	11	17	22	7	28	43	28	17	10	48	9	34	44	35	
27	29	31	6	25	7	45	24	47	49	15	49	8	12	6	3	37	43	49	13	23	31	36	19	32	19	34	37	22	48	34	43	47	42	6	48	5	19	25	44	
24	4	47	49	37	9	48	48	17	20	33	13	36	46	34	42	26	28	47	14	31	48	5	42	47	32	19	28	6	1	31	31	7	9	24	22	20	46	48	28	
7	30	18	15	22	24	23	47	12	4	50	36	17	48	33	22	49	11	28	5	5	22	9	25	8	22	44	5	18	47	29	39	20	1	8	8	4	24	45	44	
44	4	46	40	23	28	3	47	20	42	5	32	5	42	6	37	15	16	49	11	21	34	14	12	7	10	14	38	48	17	22	28	31	50	24	13	17	20	29	22	
19	49	29	17	20	27	27	2	15	47	8	7	29	45	31	24	4	20	32	12	34	23	35	7	14	32	9	22	49	37	35	27	50	10	46	8	11	37	42	48	
1	21	36	23	7	34	46	40	38	20	26	6	4	14	48	13	11	4	32	20	31	5	11	31	34	32	42	50	15	20	27	24	48	40	30	22	28	36	8	17	
45	35	17	23	8	24	13	13	35	2	6	36	16	19	16	9	12	22	34	35	16	32	42	38	22	7	38	47	12	3	20	37	31	21	25	6	10	39	33	38	
8	45	34	8	4	22	32	46	42	4	49	4	41	35	2	22	42	8	14	45	4	2	41	35	4	34	10	21	35	26	2	40	37	17	21	29	5	20	25	33	
40	49	45	2	29	36	9	15	43	24	32	39	47	34	47	5	23	31	31	25	38	32	12	42	49	19	25	31	26	7	15	21	39	11	2	14	30	40	31	30	
49	26	2	42	45	45	32	36	20	44	4	50	14	23	10	12	20	33	40	7	18	3	8	45	42	26	36	1	23	7	26	18	39	42	1	7	45	1	34	20	
11	12	31	17	23	14	30	9	21	24	13	23	43	48	31	22	38	30	17	46	30	6	24	12	5	21	31	28	24	13	17	38	3	20	31	24	4	33	25	13	
33	22	48	18	41	45	13	4	4	23	32	8	6	9	36	8	38	26	26	40	2	45	41	17	49	50	29	38	3	10	21	11	15	39	45	39	13	31	19	36	
34	5	42	50	10	50	43	34	49	36	42	18	46	22	46	5	29	20	35	38	17	19	24	18	39	38	29	38	9	26	37	19	48	8	25	48	2	33	2	23	
16	44	20	27	49	24	44	21	35	9	13	7	15	22	17	1	3	11	28	12	15	13	35	46	43	14	13	11	17	25	17	47	29	28	7	8	33	40	19	47	
22	33	31	22	49	11	30	5	4	35	38	11	21	42	8	16	44	1	24	46	37	24	48	21	37	31	17	42	16	12	4	2	6	3	39	15	46	27	16	32	
45	36	8	28	6	29	34	2	8	2	29	28	19	29	6	16	18	25	50	32	9	48	20	48	9	33	11	23	44	42	33	37	10	37	25	47	14	38	25	37	
15	7	19	26	50	41	43	27	10	36	46	7	35	36	28	50	41	16	41	12	32	11	19	6	28	44	11	7	14	49	2	42	43	46	6	17	46	2	41	23	
31	18	45	4	29	31	36	37	49	28	24	19	17	41	39	27	38	13	42	23	23	9	1	45	48	27	20	32	34	9	5	48	12	11	22	47	1	19	26	4	
44	27	41	22	43	16	41	45	42	32	48	1	16	28	13	31	46	26	45	47	17	25	45	35	26	33	44	5	47	37	31	10	32	8	29	22	11	22	25	33	
37	3	9	33	15	17	16	12	15	47	50	39	45	9	23	8	5	6	27	1	49	2	6	35	31	5	10	14	34	12	47	34	30	29	12	44	21	3	40	38	
10	16	10	32	47	18	34	32	33	12	23	34	38	16	26	34	19	27	9	48	4	1	46	19	23	28	10	6	43	26	34	16	36	20	36	21	10	14	13	15	
50	6	23	25	38	11	15	49	3	28	36	29	24	23	1	12	13	50	13	40	5	28	2	31	18	47	22	42	18	18	50	50	42	50	21	21	5	35	37	35	
35	13	23	23	9	25	10	29	42	26	31	35	23	13	18	3	16	17	50	5	34	36	33	8	7	10	11	9	1	2	42	18	43	48	23	35	17	21	5	13	
47	22	45	42	28	5	39	27	49	46	26	42	47	40	6	34	39	2	44	49	21	42	14	13	4	21	20	11	20	23	23	10	43	1	7	30	9	9	12	43	
