Factories	2
Families	40
Machines	2
SetupType	2

Number of Jobs in each Family
2	5	4	6	7	1	10	3	8	9	1	2	4	7	6	6	2	5	7	7	8	3	9	5	3	8	3	3	4	9	5	10	10	7	10	3	4	4	6	4	

Jobs in each Family
0	1	
2	3	4	5	6	
7	8	9	10	
11	12	13	14	15	16	
17	18	19	20	21	22	23	
24	
25	26	27	28	29	30	31	32	33	34	
35	36	37	
38	39	40	41	42	43	44	45	
46	47	48	49	50	51	52	53	54	
55	
56	57	
58	59	60	61	
62	63	64	65	66	67	68	
69	70	71	72	73	74	
75	76	77	78	79	80	
81	82	
83	84	85	86	87	
88	89	90	91	92	93	94	
95	96	97	98	99	100	101	
102	103	104	105	106	107	108	109	
110	111	112	
113	114	115	116	117	118	119	120	121	
122	123	124	125	126	
127	128	129	
130	131	132	133	134	135	136	137	
138	139	140	
141	142	143	
144	145	146	147	
148	149	150	151	152	153	154	155	156	
157	158	159	160	161	
162	163	164	165	166	167	168	169	170	171	
172	173	174	175	176	177	178	179	180	181	
182	183	184	185	186	187	188	
189	190	191	192	193	194	195	196	197	198	
199	200	201	
202	203	204	205	
206	207	208	209	
210	211	212	213	214	215	
216	217	218	219	

Total number of jobs
220

Processing times of jobs
5	6	
2	3	
10	6	
3	10	
10	2	
2	9	
1	7	
7	3	
7	4	
4	8	
1	7	
8	7	
8	8	
4	8	
7	7	
7	5	
4	4	
3	3	
8	6	
7	2	
4	3	
1	1	
5	7	
3	5	
3	1	
1	4	
8	3	
5	9	
4	4	
2	8	
9	3	
5	5	
8	1	
10	7	
3	7	
1	1	
5	1	
5	10	
6	6	
4	6	
7	1	
4	10	
6	9	
5	1	
9	4	
5	4	
9	5	
3	10	
7	1	
9	3	
7	6	
5	2	
7	10	
1	6	
4	10	
6	7	
3	2	
6	5	
7	4	
7	3	
1	7	
1	5	
9	3	
10	5	
4	8	
1	5	
5	9	
1	8	
9	5	
10	6	
3	7	
1	6	
8	9	
3	3	
10	2	
2	4	
10	9	
2	10	
9	10	
2	3	
10	7	
4	2	
6	9	
3	6	
8	1	
2	2	
2	2	
6	8	
5	1	
9	5	
2	8	
8	8	
3	6	
6	2	
6	8	
1	1	
3	3	
6	5	
10	1	
5	1	
8	8	
5	5	
3	9	
5	7	
1	2	
5	9	
7	8	
1	10	
3	6	
5	4	
1	3	
1	10	
4	8	
7	3	
2	3	
8	10	
4	6	
3	7	
6	5	
8	2	
4	9	
7	8	
8	3	
6	8	
2	1	
8	7	
7	5	
4	9	
3	9	
7	7	
4	2	
10	1	
5	4	
4	5	
2	7	
6	3	
7	8	
10	6	
4	9	
9	1	
10	10	
8	7	
3	10	
5	5	
5	10	
5	5	
9	1	
9	7	
9	8	
2	10	
8	5	
8	5	
10	3	
10	4	
4	8	
8	4	
4	6	
6	3	
1	8	
5	1	
3	5	
10	9	
6	1	
5	5	
3	3	
7	10	
4	1	
2	7	
4	10	
1	9	
2	3	
10	9	
10	5	
2	6	
1	1	
4	1	
1	6	
5	10	
5	5	
7	8	
2	7	
1	2	
10	6	
4	4	
6	9	
8	2	
6	10	
1	5	
10	2	
10	7	
4	3	
4	8	
8	2	
2	2	
6	7	
4	7	
6	9	
6	10	
3	4	
2	3	
10	8	
9	10	
1	10	
9	2	
4	5	
1	5	
5	10	
1	5	
8	9	
7	8	
6	6	
10	7	
7	3	
5	1	
9	4	
4	6	
3	10	
7	7	
2	5	
1	1	

Stepup times between Families, where [f][f] represents initial setup time
On machine	1
1	2	49	5	27	19	28	13	40	6	27	1	23	30	3	37	20	5	19	49	16	18	6	16	9	37	14	6	31	12	18	28	29	15	46	8	48	14	16	31	
29	26	40	16	17	35	35	36	24	37	23	27	38	31	10	15	13	40	2	37	27	3	16	20	1	46	45	29	24	9	3	8	17	11	30	18	42	27	4	23	
48	28	11	6	2	7	1	34	48	2	40	4	31	8	43	2	30	10	32	50	11	12	15	43	13	26	38	47	25	46	35	40	34	28	15	49	37	22	42	15	
40	43	26	2	45	11	43	44	45	17	16	20	39	17	22	26	38	34	38	22	7	28	27	38	24	24	18	47	31	49	38	9	26	49	28	4	34	18	50	42	
14	10	25	1	40	10	43	38	42	8	24	17	38	27	46	8	22	19	7	48	2	44	43	29	15	5	34	35	37	46	47	35	24	16	3	11	33	35	3	17	
18	9	45	29	2	11	12	13	41	11	7	21	14	48	32	7	35	44	1	16	24	13	23	13	34	43	3	7	23	29	27	8	7	13	18	16	39	31	16	28	
5	36	10	12	38	47	1	16	39	32	8	39	42	37	38	29	50	15	43	38	21	12	13	15	39	41	47	39	49	35	34	14	16	38	44	8	26	28	46	4	
24	16	17	20	47	31	34	22	6	4	47	28	33	4	7	48	31	17	6	37	16	39	10	26	26	35	13	49	24	11	2	44	16	46	14	16	30	29	10	43	
15	16	40	36	14	39	15	21	36	13	21	1	16	23	13	6	8	3	33	4	41	48	7	14	19	48	50	27	20	26	50	47	16	6	19	20	24	37	25	45	
40	49	23	18	35	3	43	41	20	24	12	30	46	37	35	1	16	36	17	38	45	5	24	15	13	10	1	39	7	28	46	50	21	43	30	14	39	37	7	3	
6	25	24	41	35	30	46	50	34	36	23	48	24	6	23	50	17	11	20	45	17	14	40	10	40	33	26	36	22	23	29	44	32	14	47	26	3	40	3	42	
44	8	49	9	25	26	41	13	37	47	46	47	33	25	5	21	48	1	18	9	20	2	5	3	49	19	49	47	18	30	7	6	46	28	27	29	7	39	39	24	
8	15	25	46	33	24	43	2	8	13	14	14	35	33	16	27	10	12	47	43	47	16	44	40	19	3	27	29	11	6	3	40	12	15	33	14	3	39	41	16	
12	20	45	38	28	10	46	4	8	17	46	6	31	25	4	15	18	39	20	15	2	49	33	11	41	13	1	15	10	15	24	44	16	18	25	42	6	20	18	12	
1	24	19	3	28	17	13	45	45	25	32	36	8	25	4	13	34	38	47	22	31	15	38	1	34	36	24	47	18	19	4	4	39	3	12	11	1	2	32	20	
27	16	9	33	5	23	40	42	20	50	27	29	20	45	11	49	24	23	13	44	26	31	16	24	19	27	23	45	13	40	28	31	24	30	30	34	43	30	5	20	
44	14	13	23	12	47	29	44	8	19	50	20	22	40	1	3	14	28	1	12	18	37	3	35	3	23	32	13	50	15	12	26	26	39	32	47	34	14	27	3	
38	38	12	47	7	35	27	34	44	43	35	8	19	18	45	3	29	10	3	44	2	50	49	11	18	1	34	36	8	32	15	30	38	3	49	40	46	48	44	46	
40	39	30	22	25	19	14	22	24	40	33	15	34	50	36	38	30	41	49	45	5	8	49	2	32	7	27	6	28	32	46	48	9	32	48	30	12	47	20	30	
10	49	17	1	27	49	14	7	34	2	15	43	1	12	10	40	37	22	17	22	23	36	22	17	5	22	33	3	15	5	26	27	2	18	1	2	40	44	45	9	
48	5	38	1	7	47	31	37	50	23	27	29	13	6	21	24	11	35	37	1	28	11	37	34	41	41	37	25	9	21	26	43	2	37	13	14	4	31	16	26	
40	30	17	16	8	10	41	31	50	7	10	5	12	18	3	13	16	50	11	18	14	41	25	48	34	4	15	6	26	50	19	48	13	47	16	22	10	26	2	19	
28	11	12	24	34	25	18	35	42	7	28	21	2	17	46	21	14	43	31	18	12	36	33	21	45	26	8	21	19	50	42	16	44	45	15	24	42	33	7	43	
45	4	1	9	40	9	46	31	5	22	27	19	50	21	36	14	13	21	29	12	45	24	2	22	9	1	31	42	29	39	34	6	29	35	8	7	31	30	17	9	
14	25	25	20	5	20	10	7	2	30	2	35	8	12	11	6	45	36	12	6	47	7	49	47	31	42	15	21	34	38	8	5	28	1	2	2	2	45	41	6	
9	40	36	22	44	3	1	21	34	27	23	21	47	16	23	16	28	34	40	3	21	42	17	28	45	19	18	6	30	43	14	4	10	11	27	8	12	23	40	17	
23	47	21	49	36	46	44	36	41	47	24	28	8	48	14	45	23	40	21	29	19	43	6	2	42	12	41	42	3	12	50	24	35	17	45	5	6	23	21	37	
38	22	41	46	42	47	22	45	49	45	14	10	15	35	29	9	36	20	46	40	18	42	2	29	37	9	25	50	36	23	34	25	33	48	3	46	12	44	17	11	
40	48	15	44	6	49	27	42	2	15	30	46	17	17	28	6	25	43	7	47	5	40	17	7	16	9	9	41	2	28	11	30	39	25	33	1	40	39	20	41	
11	25	35	45	8	27	20	6	23	5	42	5	20	14	35	24	3	27	27	18	27	16	1	15	14	5	14	40	49	49	27	37	13	26	39	11	44	22	49	19	
35	16	17	4	47	17	14	13	28	1	44	6	25	46	41	2	37	30	34	30	3	34	6	33	36	46	23	7	38	38	16	47	5	38	7	13	14	8	26	13	
14	14	1	40	1	17	35	18	16	8	14	10	4	32	15	26	1	40	38	23	30	26	29	8	45	25	4	28	30	21	32	28	32	50	27	29	34	15	8	29	
39	45	4	47	16	30	1	34	10	16	21	41	9	2	46	50	39	21	36	36	28	11	50	6	29	24	18	39	34	3	38	12	26	49	46	47	26	32	14	19	
23	30	46	11	20	14	14	42	19	44	7	45	4	47	12	3	13	32	6	29	20	47	6	49	5	8	47	5	7	39	39	31	32	4	24	29	7	42	33	29	
13	39	33	6	35	31	21	48	7	22	49	28	7	29	46	28	16	26	4	43	37	35	49	42	4	25	17	14	23	2	39	29	7	18	4	8	40	29	36	27	
41	36	49	43	38	25	28	27	27	24	2	20	25	5	21	35	18	46	43	5	35	2	18	33	49	40	30	19	47	25	19	2	28	36	4	1	1	32	43	39	
35	36	7	24	40	45	15	2	50	2	21	37	1	40	31	25	19	1	21	42	1	49	46	23	3	50	38	7	46	10	17	36	49	12	7	46	14	22	29	36	
19	44	7	34	46	25	6	11	4	42	27	21	21	50	5	48	20	50	38	4	32	1	47	6	4	4	30	1	24	30	17	24	20	20	27	41	33	49	7	38	
39	3	1	31	39	6	12	10	4	46	37	9	50	48	1	26	14	44	2	14	38	18	47	29	49	30	27	31	24	17	19	43	16	26	44	46	31	13	25	15	
45	11	27	13	32	41	29	10	39	12	22	16	9	28	31	18	23	23	4	33	44	41	47	40	28	15	1	33	4	31	36	42	12	49	30	18	23	19	6	49	
On machine	2
32	22	8	45	28	38	27	34	24	43	13	14	23	8	31	12	8	27	32	37	39	20	9	14	32	16	9	43	14	7	6	42	8	36	30	46	17	40	31	42	
31	22	24	2	12	6	33	35	36	46	17	5	49	40	8	25	15	30	14	21	23	6	43	43	12	50	14	6	11	26	31	33	13	50	45	14	46	38	32	47	
35	43	23	26	3	29	19	27	28	29	11	37	13	35	48	47	46	41	1	50	37	2	44	20	36	9	22	40	31	8	28	1	25	37	21	50	37	47	13	46	
50	45	21	4	39	34	23	24	30	17	41	13	35	10	45	43	45	4	34	29	28	33	43	48	37	42	20	12	13	14	49	48	7	48	38	24	23	18	6	1	
24	38	14	4	22	3	43	29	47	10	1	37	47	47	48	7	10	10	10	24	38	19	7	42	4	17	36	5	46	3	6	46	14	26	27	20	29	35	18	49	
6	3	41	27	39	35	39	45	34	5	39	39	47	48	31	42	36	20	48	32	30	23	48	32	22	23	33	50	28	42	4	10	36	4	13	18	19	43	8	12	
6	43	41	49	2	37	26	35	31	19	40	43	32	26	18	44	42	48	44	25	21	28	2	49	26	19	26	40	29	3	40	20	17	34	16	39	28	4	10	1	
23	28	47	5	47	24	12	35	12	40	38	33	41	25	2	40	45	34	12	8	42	11	5	38	41	26	6	14	28	49	9	46	15	23	13	5	37	47	20	20	
20	35	48	33	45	33	12	12	24	19	37	50	5	13	22	40	9	44	19	26	50	22	31	9	50	50	12	40	5	7	14	36	43	36	26	12	18	2	11	23	
34	42	36	13	10	20	35	41	31	16	31	26	19	5	41	45	15	17	23	27	35	48	22	10	10	9	44	27	26	46	30	20	29	5	49	5	48	25	6	50	
14	18	12	28	38	45	6	10	27	2	30	29	20	46	24	46	36	22	43	45	29	12	39	5	41	23	36	41	2	20	32	12	23	24	45	37	23	4	46	36	
46	9	18	48	17	10	19	17	37	41	37	7	47	44	8	7	27	28	9	24	14	30	49	16	38	6	1	29	16	43	49	48	14	31	27	21	25	28	10	26	
39	12	38	10	29	21	29	27	42	35	49	49	42	45	11	24	14	38	37	5	8	26	43	26	48	38	31	34	38	10	20	26	47	33	49	25	19	4	12	7	
16	25	9	3	21	5	7	3	3	24	33	40	46	10	5	23	27	2	9	24	48	8	25	36	6	32	6	33	23	1	6	30	44	24	11	11	28	46	32	31	
18	35	3	1	9	22	18	18	23	25	27	7	7	46	37	39	31	40	18	18	5	6	26	36	29	46	47	8	22	40	2	25	16	23	44	43	18	50	18	12	
41	29	35	2	9	8	3	2	22	15	45	39	46	6	44	22	39	49	43	36	36	23	15	43	16	5	47	14	7	21	45	32	26	44	39	38	28	32	44	42	
15	16	49	33	20	24	32	12	49	43	48	8	2	14	41	48	48	50	19	19	40	21	21	27	20	42	10	1	19	17	31	20	4	36	33	39	7	18	33	31	
18	37	47	47	10	29	22	47	38	40	2	50	22	40	25	22	25	18	13	30	43	13	22	38	27	31	15	24	7	7	47	34	26	3	26	32	13	33	31	20	
6	23	24	44	22	15	7	33	8	6	10	45	11	20	9	35	36	41	19	26	25	11	2	12	4	46	9	2	10	45	33	2	16	31	21	13	36	12	31	13	
27	2	1	35	25	20	44	44	27	23	20	26	48	14	37	18	40	40	8	48	9	9	10	21	28	26	27	4	23	19	4	40	2	36	24	32	17	9	7	38	
22	10	48	42	23	18	40	9	23	22	1	7	49	23	48	12	13	37	18	10	34	34	50	4	49	18	18	25	14	15	40	30	7	44	3	37	6	39	3	50	
10	10	21	37	43	31	19	33	36	24	14	27	1	9	28	46	45	28	26	41	35	2	45	42	11	40	36	13	19	25	39	47	31	25	23	21	3	31	30	1	
10	31	15	12	33	39	36	37	46	40	46	17	49	30	34	33	11	16	34	11	43	11	28	29	19	15	45	16	50	46	12	5	37	49	17	9	49	24	22	31	
1	30	42	14	48	23	39	5	24	24	43	50	19	21	7	1	4	47	13	35	50	36	27	42	20	39	41	7	49	41	41	30	21	22	16	18	5	42	6	35	
14	10	21	33	37	22	12	22	13	3	22	1	32	25	13	35	19	4	6	16	41	38	33	39	15	7	43	50	3	27	25	23	9	40	35	27	46	41	19	45	
49	32	40	39	17	4	22	44	8	17	21	3	32	24	5	22	13	39	13	44	20	18	50	42	44	28	35	20	5	2	21	45	44	46	1	6	25	45	45	20	
5	2	46	27	21	9	39	34	13	24	4	8	15	1	6	23	20	37	9	39	36	19	50	23	9	41	8	25	17	22	12	25	5	9	47	3	35	35	49	2	
7	12	49	35	20	34	6	5	27	43	47	39	24	12	5	17	45	43	23	47	50	35	49	42	50	26	23	38	47	26	20	11	27	9	49	32	15	17	34	49	
24	41	44	45	46	9	42	42	22	16	37	48	8	37	43	45	24	22	45	14	7	7	8	22	5	15	42	27	25	4	38	25	24	24	46	41	24	13	49	20	
49	32	50	43	23	48	30	49	26	29	22	16	27	14	5	50	17	46	36	36	4	14	27	44	24	16	37	21	11	31	3	45	47	1	46	35	19	2	31	27	
13	31	44	6	32	36	38	4	47	35	40	38	12	27	5	6	10	25	38	47	2	33	34	20	20	46	28	23	49	16	41	25	39	24	41	37	21	12	40	30	
11	14	4	14	11	45	20	37	18	39	2	9	37	4	8	6	43	39	4	26	11	36	41	43	19	42	15	19	42	24	44	19	18	31	26	6	36	48	2	50	
45	48	9	38	36	48	44	18	25	4	34	37	47	44	27	46	30	14	34	19	20	44	20	47	7	45	28	27	36	34	16	20	46	23	19	4	46	15	32	1	
50	41	15	27	44	36	19	50	24	49	4	10	8	36	44	38	7	39	15	18	20	47	19	8	6	33	15	34	24	5	30	33	30	6	13	2	35	26	7	48	
17	11	1	40	50	50	8	50	48	20	14	22	10	49	17	5	39	30	17	46	41	33	17	4	42	17	32	47	30	39	49	5	22	9	19	32	43	19	44	49	
16	33	39	10	4	20	20	35	20	33	29	18	28	47	7	12	35	40	27	16	33	36	7	12	10	1	42	14	4	4	33	30	12	2	38	10	31	32	24	34	
50	24	10	32	29	44	3	42	10	43	7	8	11	27	11	14	14	47	21	41	17	37	13	6	31	35	15	20	30	30	46	14	45	1	6	26	28	2	43	41	
7	7	36	29	27	19	30	50	29	1	27	39	7	47	8	2	29	7	39	33	49	20	24	20	13	14	47	1	44	50	33	6	12	30	12	39	18	2	17	49	
29	19	17	27	12	42	42	48	41	20	6	49	35	8	28	30	41	43	18	42	20	32	36	50	27	7	21	22	3	16	32	12	30	42	21	12	33	34	10	47	
28	13	42	7	27	50	17	40	46	49	5	30	44	6	32	5	40	3	33	25	10	15	35	17	13	20	35	43	13	31	32	10	30	41	14	20	27	34	38	38	
