Factories	2
Families	20
Machines	2
SetupType	2

Number of Jobs in each Family
7	3	3	2	1	7	5	8	7	3	4	5	10	4	1	2	2	1	5	5	

Jobs in each Family
0	1	2	3	4	5	6	
7	8	9	
10	11	12	
13	14	
15	
16	17	18	19	20	21	22	
23	24	25	26	27	
28	29	30	31	32	33	34	35	
36	37	38	39	40	41	42	
43	44	45	
46	47	48	49	
50	51	52	53	54	
55	56	57	58	59	60	61	62	63	64	
65	66	67	68	
69	
70	71	
72	73	
74	
75	76	77	78	79	
80	81	82	83	84	

Total number of jobs
85

Processing times of jobs
8	6	
2	5	
2	3	
5	4	
10	10	
7	2	
6	5	
5	5	
1	10	
2	8	
1	7	
1	5	
5	5	
1	2	
6	9	
2	1	
5	8	
1	8	
5	8	
6	6	
9	3	
8	5	
9	4	
6	2	
6	4	
3	1	
1	6	
6	7	
4	3	
8	5	
5	6	
4	8	
1	8	
5	5	
2	6	
7	1	
4	5	
2	1	
3	3	
5	7	
8	6	
3	9	
1	3	
7	7	
10	1	
5	5	
10	10	
8	6	
1	4	
3	10	
7	8	
2	3	
1	5	
3	10	
3	9	
4	10	
1	9	
7	7	
4	6	
3	1	
2	5	
7	8	
5	4	
3	2	
4	5	
8	6	
4	7	
10	4	
2	4	
6	10	
10	3	
9	9	
10	1	
7	3	
6	9	
10	9	
7	10	
2	8	
9	2	
1	8	
6	4	
10	7	
8	6	
6	10	
4	9	

Stepup times between Families, where [f][f] represents initial setup time
On machine	1
16	13	21	32	31	50	22	2	26	6	39	39	49	15	20	12	23	19	14	45	
46	15	33	6	32	43	20	32	35	29	50	7	23	48	3	13	10	44	38	15	
9	2	32	35	3	18	50	17	1	40	32	29	18	1	16	28	49	28	22	5	
41	16	10	19	24	32	37	1	8	47	28	32	45	49	33	32	8	2	17	6	
26	31	8	39	26	37	43	31	37	24	32	8	31	33	32	25	50	49	19	46	
33	43	22	44	37	35	46	41	3	35	37	44	44	46	18	30	36	33	28	18	
47	43	31	20	46	2	49	12	43	28	33	5	20	30	2	18	15	18	30	40	
23	21	29	11	12	40	4	13	8	39	34	33	2	17	41	22	48	23	33	43	
9	15	15	27	22	2	50	43	31	1	16	49	17	10	50	49	31	1	31	5	
29	1	49	43	8	23	32	5	3	14	24	3	29	40	38	31	44	25	6	48	
41	36	5	30	25	34	25	7	32	49	14	16	14	15	10	8	32	23	47	2	
12	7	15	21	46	13	29	32	8	43	42	20	22	8	28	34	49	43	16	25	
4	18	24	9	23	42	11	28	31	8	16	34	14	34	6	30	1	42	2	15	
48	32	50	40	35	3	10	4	40	19	19	48	33	25	49	29	28	7	46	40	
13	6	3	15	15	10	43	7	7	38	5	25	25	36	28	40	31	38	42	39	
23	41	22	46	33	20	49	19	46	20	30	11	28	40	9	12	45	29	15	15	
28	39	42	27	10	14	11	29	8	43	35	30	18	3	45	15	15	19	20	18	
4	6	13	9	37	18	7	6	48	3	28	29	2	20	32	32	19	4	16	42	
24	19	4	39	8	2	48	38	48	19	28	39	25	23	34	32	31	47	21	44	
30	43	24	47	14	4	21	22	17	16	16	18	34	26	1	24	36	49	5	42	
On machine	2
12	34	41	33	10	7	35	13	27	43	13	5	38	27	48	36	11	9	35	18	
25	2	37	40	37	11	48	12	26	16	14	9	2	26	29	11	5	48	40	48	
35	31	47	2	19	31	33	43	15	9	41	1	27	18	8	27	8	4	33	23	
43	15	11	47	39	5	2	40	50	50	16	34	1	11	21	44	43	25	15	37	
45	18	20	26	38	16	29	42	37	30	17	16	48	19	33	35	5	33	38	44	
30	49	29	15	25	4	42	42	46	36	16	45	32	42	30	36	47	34	32	39	
6	49	47	28	33	15	35	29	29	35	35	22	8	46	49	21	19	8	31	35	
6	18	12	30	50	46	45	17	24	21	42	45	27	18	26	12	13	11	10	8	
16	34	43	11	11	25	32	24	27	23	18	19	30	44	10	3	2	29	9	11	
16	27	15	8	20	14	37	21	3	26	40	23	32	22	50	26	39	1	37	36	
19	15	13	11	2	30	14	12	20	5	50	37	15	2	29	23	23	24	39	42	
9	30	39	1	40	22	13	20	8	43	29	12	41	30	49	38	18	49	20	42	
47	23	4	49	26	28	34	36	46	37	7	40	49	25	42	45	47	38	7	2	
44	45	22	29	39	49	14	33	5	2	35	26	2	45	43	48	10	33	43	39	
29	7	18	33	4	13	9	9	3	8	16	27	33	5	2	23	31	15	30	21	
14	5	15	15	19	49	19	19	31	31	47	42	8	5	25	18	1	24	28	28	
22	50	4	35	41	17	9	49	1	8	6	33	9	24	37	4	7	29	30	11	
40	50	18	20	12	15	28	44	41	10	30	22	11	34	8	41	30	43	32	9	
43	21	2	24	48	8	48	42	23	27	36	7	5	50	50	13	50	5	1	6	
39	2	12	22	25	10	34	37	18	10	2	9	12	28	20	42	38	3	49	40	
