Factories	2
Families	20
Machines	2
SetupType	2

Number of Jobs in each Family
7	10	9	2	4	3	7	5	7	6	6	9	4	2	9	4	1	2	8	2	

Jobs in each Family
0	1	2	3	4	5	6	
7	8	9	10	11	12	13	14	15	16	
17	18	19	20	21	22	23	24	25	
26	27	
28	29	30	31	
32	33	34	
35	36	37	38	39	40	41	
42	43	44	45	46	
47	48	49	50	51	52	53	
54	55	56	57	58	59	
60	61	62	63	64	65	
66	67	68	69	70	71	72	73	74	
75	76	77	78	
79	80	
81	82	83	84	85	86	87	88	89	
90	91	92	93	
94	
95	96	
97	98	99	100	101	102	103	104	
105	106	

Total number of jobs
107

Processing times of jobs
9	10	
8	1	
10	7	
9	3	
5	10	
8	6	
1	5	
4	1	
1	8	
1	4	
4	7	
4	1	
8	9	
5	10	
7	8	
6	2	
5	10	
7	4	
6	9	
10	6	
7	6	
4	4	
6	3	
7	2	
2	10	
6	7	
1	1	
1	7	
1	9	
10	1	
3	10	
8	3	
6	10	
9	8	
8	6	
3	3	
6	9	
6	10	
2	2	
8	8	
7	5	
9	5	
3	5	
8	5	
10	9	
2	4	
9	10	
4	2	
4	3	
8	2	
3	8	
2	2	
5	5	
10	10	
8	7	
5	10	
8	1	
9	9	
2	10	
9	8	
3	4	
1	10	
9	5	
1	1	
3	6	
4	1	
10	5	
9	4	
7	5	
3	3	
3	10	
8	1	
2	6	
8	6	
3	9	
6	1	
1	7	
4	10	
2	9	
1	2	
1	3	
8	7	
6	10	
4	9	
10	9	
3	2	
9	10	
6	6	
10	1	
4	7	
5	7	
4	7	
7	10	
5	2	
4	3	
2	2	
8	1	
4	7	
6	4	
6	10	
3	8	
6	4	
1	7	
6	10	
3	6	
9	7	
6	4	

Stepup times between Families, where [f][f] represents initial setup time
On machine	1
45	17	35	34	40	1	39	34	1	10	38	3	16	23	48	19	12	18	20	20	
11	24	30	37	2	3	25	14	8	35	1	5	31	43	38	35	42	7	6	18	
22	24	49	25	3	33	4	16	23	6	16	38	26	25	42	42	34	48	24	12	
29	5	2	35	19	45	6	40	41	19	6	45	35	8	16	20	42	4	20	47	
36	11	20	30	39	36	34	22	19	46	50	14	28	4	42	40	43	32	46	17	
16	49	33	2	49	29	24	38	5	5	22	50	32	44	42	14	17	15	33	42	
43	46	7	42	28	30	38	29	6	2	3	45	21	36	27	42	27	39	36	15	
28	10	43	47	22	40	19	50	44	47	27	11	12	7	19	28	19	3	8	14	
16	24	39	37	38	13	43	37	38	47	10	33	40	34	32	22	23	40	34	2	
11	25	15	25	19	8	30	40	44	48	27	23	15	31	7	21	46	32	9	22	
45	25	16	42	1	49	45	11	38	46	29	12	26	46	8	11	40	24	34	6	
17	2	36	1	50	23	41	6	1	36	15	13	41	47	37	39	43	2	34	16	
39	45	27	44	15	37	10	27	11	33	33	26	38	39	15	2	19	10	34	36	
2	29	15	28	17	44	48	4	34	31	31	1	4	19	11	37	29	25	21	47	
29	38	28	29	28	5	12	3	43	29	43	38	15	4	6	15	16	11	1	16	
45	29	27	1	44	6	41	17	36	49	6	29	35	16	44	9	7	11	15	10	
26	2	17	50	42	9	15	24	21	42	33	4	35	47	10	28	25	1	7	6	
22	38	34	43	21	36	20	28	20	19	24	28	10	30	50	45	24	1	44	49	
16	41	1	26	48	13	10	45	47	41	12	12	12	11	26	47	13	5	4	30	
47	14	21	29	42	2	16	14	19	13	27	5	23	7	43	26	14	24	22	49	
On machine	2
1	34	15	21	16	28	42	26	43	40	42	37	50	11	10	33	2	30	3	42	
39	15	24	34	16	6	46	12	17	20	49	50	11	31	25	37	16	4	25	32	
27	46	39	43	34	43	11	40	8	36	1	50	49	3	4	15	20	1	35	42	
44	34	9	42	38	38	11	14	11	48	26	50	36	38	28	38	21	37	4	38	
15	32	24	40	3	30	19	7	50	7	34	21	3	36	45	18	30	25	1	20	
38	41	43	49	45	5	6	9	19	10	49	42	15	18	19	15	37	22	13	18	
41	49	12	5	2	5	12	19	5	25	21	6	37	40	17	43	44	39	29	44	
3	19	28	2	34	39	37	39	26	32	41	40	26	44	30	45	38	10	44	1	
32	38	24	20	34	38	18	16	33	43	15	48	8	12	27	47	3	11	35	12	
15	49	38	9	32	29	44	31	10	10	21	37	3	16	41	46	8	8	44	47	
27	12	46	40	19	10	3	11	40	39	33	47	2	6	32	35	34	19	26	46	
6	8	48	17	12	5	30	28	9	28	22	31	28	43	10	36	4	27	11	5	
46	5	13	29	3	26	47	1	9	18	21	10	46	43	28	25	4	4	30	50	
41	13	24	32	26	11	11	38	37	49	14	7	31	33	2	33	42	22	36	46	
42	1	38	4	39	48	8	33	15	39	22	38	40	39	30	45	12	33	31	13	
30	35	26	11	35	32	19	6	39	47	11	38	33	39	14	10	33	11	43	43	
11	27	50	4	31	40	2	28	50	28	26	6	45	6	49	28	7	43	33	40	
39	48	46	12	24	23	45	9	40	29	3	37	35	42	3	7	27	37	45	23	
38	12	18	33	1	34	18	14	11	38	18	45	21	41	29	16	36	36	26	49	
30	7	36	50	27	29	29	7	45	31	44	6	11	18	24	25	16	35	12	12	
