Factories	2
Families	20
Machines	6
SetupType	2

Number of Jobs in each Family
2	2	3	5	5	5	9	4	6	9	9	3	5	1	1	8	1	4	3	1	

Jobs in each Family
0	1	
2	3	
4	5	6	
7	8	9	10	11	
12	13	14	15	16	
17	18	19	20	21	
22	23	24	25	26	27	28	29	30	
31	32	33	34	
35	36	37	38	39	40	
41	42	43	44	45	46	47	48	49	
50	51	52	53	54	55	56	57	58	
59	60	61	
62	63	64	65	66	
67	
68	
69	70	71	72	73	74	75	76	
77	
78	79	80	81	
82	83	84	
85	

Total number of jobs
86

Processing times of jobs
7	1	4	5	8	1	
8	6	8	8	5	3	
1	8	10	4	4	10	
3	6	5	1	9	6	
2	7	5	8	5	7	
1	7	5	6	9	4	
5	6	2	9	4	5	
1	3	3	4	5	8	
9	5	1	7	8	2	
2	10	8	9	5	3	
3	3	10	5	10	7	
8	5	4	6	6	6	
10	7	5	9	10	2	
10	1	1	8	8	2	
1	9	3	6	2	10	
10	6	10	7	10	9	
9	3	1	10	7	7	
8	2	1	5	1	4	
4	3	1	5	4	8	
10	1	1	4	5	10	
10	2	9	4	7	2	
9	8	5	7	10	6	
5	6	10	7	4	1	
7	10	8	9	9	4	
9	10	2	3	5	8	
4	2	10	9	1	3	
6	10	5	1	8	8	
3	1	1	8	3	5	
7	10	9	4	8	2	
9	2	4	1	5	8	
2	2	10	6	1	10	
10	2	5	2	4	10	
2	1	10	5	7	3	
6	6	2	2	2	2	
4	8	10	7	9	9	
7	2	6	7	8	4	
4	6	8	3	4	2	
4	7	3	8	1	6	
7	2	8	4	10	4	
10	4	3	1	3	7	
1	4	5	1	5	10	
3	2	7	7	2	5	
8	8	1	9	10	10	
4	8	1	7	10	9	
5	4	7	1	7	6	
4	2	2	4	6	1	
3	10	4	8	2	7	
5	4	2	9	9	7	
1	8	7	8	4	4	
8	4	7	5	6	1	
4	7	7	6	10	7	
8	1	2	2	1	9	
6	1	1	3	10	4	
4	1	10	3	6	3	
2	2	10	1	1	2	
4	10	5	5	3	10	
8	8	8	4	3	7	
9	3	1	7	5	1	
8	9	10	2	8	10	
6	9	5	4	7	9	
1	8	5	2	8	5	
5	6	6	4	9	8	
6	5	5	6	7	6	
2	5	2	10	10	6	
4	8	2	1	9	7	
10	1	7	6	2	7	
8	3	7	7	4	1	
7	8	9	3	9	6	
6	1	8	4	5	2	
3	9	2	6	9	9	
8	2	7	1	4	6	
10	8	1	3	10	6	
1	8	1	4	4	3	
3	9	9	3	2	10	
7	1	6	5	8	7	
7	3	9	7	7	3	
6	1	9	6	1	1	
3	4	2	3	5	2	
8	9	4	3	7	7	
2	6	2	10	1	6	
4	6	2	9	5	4	
1	5	8	8	1	3	
7	7	8	2	9	6	
5	8	2	8	9	6	
2	6	1	6	7	9	
4	10	6	9	9	1	

Stepup times between Families, where [f][f] represents initial setup time
On machine	1
41	26	25	5	24	26	39	12	7	26	36	42	44	25	47	14	40	37	49	14	
48	7	24	8	18	14	34	8	36	35	35	35	5	33	8	14	10	34	26	7	
34	37	14	11	47	45	46	25	30	22	38	39	47	32	21	16	44	50	2	16	
44	21	33	38	3	32	4	4	29	19	19	4	20	20	34	38	12	12	12	3	
22	31	44	46	40	40	13	2	12	2	20	37	42	34	38	12	48	14	24	35	
29	4	29	27	19	14	40	49	43	35	17	21	1	23	35	7	30	18	11	46	
21	34	5	16	6	9	36	6	22	22	39	45	34	48	28	12	22	39	3	25	
4	28	12	18	47	46	4	16	24	21	15	30	37	16	48	45	44	7	45	35	
9	27	19	8	31	40	2	34	7	21	22	22	37	24	10	32	34	23	25	23	
43	30	44	16	30	27	39	2	38	25	22	41	16	21	25	44	17	20	48	27	
40	7	42	50	28	22	49	17	31	19	16	4	22	34	39	32	28	39	13	43	
22	4	40	40	33	21	14	41	39	41	21	12	34	22	36	34	27	39	18	7	
4	19	39	41	6	44	6	5	22	9	29	28	17	44	15	38	6	17	38	19	
13	24	10	39	15	30	36	14	5	18	28	6	24	36	19	24	30	16	12	43	
41	40	27	10	12	28	23	29	32	26	43	12	25	20	7	11	3	34	22	43	
3	10	5	45	48	21	42	18	35	39	49	24	22	5	10	29	16	4	37	38	
12	4	7	4	17	16	8	40	41	28	19	45	19	20	36	39	7	17	22	7	
43	17	42	2	49	37	5	38	45	42	43	21	16	46	29	12	13	43	49	30	
27	34	8	41	33	16	15	22	45	24	17	7	34	7	24	19	29	7	20	25	
29	35	49	17	2	39	25	50	44	36	10	40	10	41	5	13	28	49	41	41	
On machine	2
46	49	30	48	20	43	7	11	6	46	7	7	5	16	49	34	48	26	37	18	
26	25	3	35	44	20	35	15	26	35	13	24	16	23	28	28	20	28	32	2	
40	42	31	2	13	27	8	39	15	10	20	8	43	9	29	27	49	8	33	47	
17	26	31	33	41	1	1	27	37	27	15	43	32	22	49	10	43	15	25	20	
5	1	20	20	19	13	23	27	36	6	11	41	13	15	6	46	35	30	24	39	
13	10	41	20	2	37	32	14	42	20	20	28	36	12	18	29	45	38	46	45	
49	18	48	30	25	39	11	39	24	27	42	40	40	6	13	49	4	12	42	26	
23	39	18	31	31	2	33	28	32	7	34	39	37	22	47	25	38	36	44	37	
43	23	35	42	32	47	3	16	12	50	26	11	42	42	12	44	50	50	33	45	
31	15	5	1	4	41	38	26	22	24	49	14	9	15	42	36	38	30	8	1	
5	20	1	48	15	40	46	33	22	45	27	19	39	19	6	3	2	33	49	26	
33	42	36	9	30	46	11	28	27	35	37	4	16	41	1	31	38	34	7	31	
13	32	24	8	31	12	24	19	6	17	17	19	13	38	2	13	30	16	7	10	
7	37	10	19	43	31	37	21	35	34	25	48	23	30	39	34	46	49	30	3	
10	18	11	31	7	47	27	12	20	46	1	34	36	33	44	28	44	37	29	11	
5	5	45	32	25	32	36	19	27	4	17	7	14	35	6	6	16	16	19	44	
34	35	45	24	44	28	46	8	7	11	46	42	13	37	38	43	11	5	19	17	
23	28	43	4	33	9	41	16	8	46	15	9	22	34	18	14	11	35	24	35	
43	47	49	19	17	27	18	7	24	41	45	28	18	30	44	26	5	2	18	20	
37	14	23	45	21	8	13	42	6	8	43	36	17	28	26	18	3	49	50	2	
On machine	3
48	3	23	25	46	5	35	7	20	1	15	38	15	19	42	49	41	39	46	25	
50	20	29	36	27	47	45	26	32	46	35	18	47	32	30	38	16	28	39	47	
5	2	5	25	31	36	35	38	8	38	49	13	21	42	9	9	45	17	5	13	
18	23	43	44	44	7	34	18	4	10	12	44	6	43	25	36	39	13	38	44	
35	21	31	20	43	13	46	45	27	47	43	49	11	3	36	22	13	31	1	30	
4	6	49	12	38	29	35	5	35	3	40	30	8	45	12	14	33	33	22	15	
30	31	14	4	28	39	19	6	30	49	39	4	35	26	29	49	7	47	12	34	
44	38	32	26	28	42	40	5	7	42	25	38	38	23	29	26	43	20	27	16	
8	12	2	6	47	21	38	48	49	18	25	7	36	4	27	10	37	33	25	25	
35	36	8	38	29	19	48	17	30	15	43	20	15	28	24	45	29	49	8	37	
41	27	20	40	24	42	35	26	11	31	4	34	26	1	1	30	40	18	7	43	
20	44	4	6	3	48	13	16	9	44	18	9	29	44	24	13	38	41	30	34	
45	5	9	10	6	34	10	18	27	33	5	16	43	36	30	6	11	10	41	31	
11	45	5	8	28	31	24	42	44	5	43	42	7	16	21	46	5	19	41	32	
15	25	33	34	18	46	19	22	32	30	42	13	2	17	22	41	22	27	34	22	
11	36	21	25	30	14	41	32	38	13	39	40	48	23	14	28	49	1	30	1	
46	45	9	4	34	30	12	46	33	6	31	49	47	21	19	21	24	42	5	11	
8	2	15	22	8	5	44	22	44	36	16	39	17	16	35	28	44	12	47	32	
20	39	37	33	27	10	3	37	43	30	26	22	7	44	37	10	46	9	3	30	
14	26	9	19	15	47	33	41	40	16	13	35	25	49	19	34	15	22	39	10	
On machine	4
18	3	41	19	9	16	23	30	18	14	45	8	41	22	20	18	44	30	1	31	
48	36	39	42	32	19	36	44	7	2	15	44	13	25	36	24	42	43	31	47	
27	24	20	16	6	30	18	49	12	16	45	50	33	21	16	5	22	24	28	5	
24	35	49	9	30	13	42	24	23	19	18	35	39	32	40	29	15	47	37	19	
31	31	2	4	13	46	46	11	17	42	12	5	4	14	41	20	41	16	14	20	
4	14	48	6	14	37	44	32	24	45	4	40	16	36	1	41	6	40	10	24	
41	44	18	1	39	22	12	12	19	50	38	48	37	37	49	48	3	16	17	35	
10	36	26	19	34	5	16	32	2	12	33	14	19	24	35	29	6	18	35	35	
9	24	31	23	17	42	46	23	26	16	22	23	35	37	35	29	38	4	34	23	
12	7	1	41	49	22	48	28	20	16	41	20	7	6	48	29	20	34	4	15	
22	26	31	32	33	13	10	44	4	49	20	31	13	28	29	25	30	9	19	33	
50	3	36	47	15	19	11	46	43	30	3	18	3	27	32	48	23	44	9	1	
23	20	49	5	7	19	44	41	48	6	9	12	15	10	45	12	19	29	50	22	
40	1	15	17	11	7	4	21	27	4	33	4	27	34	41	5	28	47	16	20	
9	18	17	15	40	22	46	45	42	5	26	19	11	12	45	13	15	7	22	1	
3	10	9	23	32	32	14	45	50	22	12	4	38	28	27	43	36	18	4	20	
43	12	28	31	31	50	21	12	17	32	7	38	48	34	15	26	41	33	41	36	
28	11	25	6	15	22	46	7	32	13	2	49	4	35	37	20	28	42	15	29	
21	39	22	46	26	39	36	16	26	41	31	4	27	18	27	16	21	32	45	43	
45	2	46	24	23	1	29	13	47	42	35	14	37	13	43	22	22	45	18	5	
On machine	5
15	39	31	6	11	43	18	26	42	9	4	26	27	30	9	18	4	12	28	16	
22	23	24	1	40	9	8	42	42	48	4	28	2	30	37	38	30	4	27	8	
30	33	20	36	20	40	33	21	48	9	36	20	23	20	45	4	31	42	18	22	
42	45	31	49	18	9	4	3	24	48	27	18	14	37	27	35	16	12	35	6	
19	7	11	34	5	22	14	35	44	16	48	2	17	35	30	31	34	45	50	9	
32	27	3	46	2	46	12	13	42	49	44	44	43	45	45	10	44	44	33	41	
1	28	36	26	47	28	11	18	22	50	38	42	32	34	33	45	8	9	32	32	
18	12	18	37	1	21	8	4	2	41	12	50	40	30	1	2	34	18	30	24	
38	39	41	24	38	2	9	31	1	17	47	32	24	38	8	39	46	39	8	19	
44	26	38	5	40	15	4	20	47	16	18	8	44	36	27	42	17	21	49	43	
1	32	36	35	19	18	45	17	32	11	23	40	42	35	45	1	30	1	33	21	
11	14	4	27	21	24	27	12	20	43	2	46	48	9	31	13	42	37	3	4	
33	19	5	19	46	27	9	10	12	46	6	6	50	37	25	43	5	25	49	35	
41	4	24	40	1	44	5	7	7	34	3	34	10	26	16	5	49	36	21	24	
22	14	4	1	46	40	33	9	48	18	46	11	20	34	35	41	42	21	27	1	
28	43	42	4	43	30	16	48	47	21	30	15	16	46	33	39	31	32	23	17	
25	24	31	23	5	2	19	28	18	17	8	15	4	49	28	28	18	22	42	30	
3	32	50	7	19	4	45	40	41	30	2	21	29	21	48	33	44	3	17	46	
17	15	40	33	9	17	1	18	19	16	41	29	19	6	37	1	47	42	22	20	
15	42	20	41	40	26	18	39	5	22	1	45	11	22	27	7	31	16	8	20	
On machine	6
21	36	41	9	47	24	44	36	28	38	37	13	44	17	9	31	8	47	22	36	
12	35	19	48	9	5	32	17	15	41	44	28	49	23	29	48	28	8	32	30	
35	27	26	36	26	25	8	7	2	1	4	1	39	5	15	35	39	34	14	47	
41	23	30	2	1	36	20	24	6	17	28	50	20	17	24	17	41	33	36	23	
46	12	3	46	50	43	12	12	34	39	42	28	43	41	48	32	9	47	10	30	
28	3	17	30	26	44	36	37	22	9	10	27	16	43	50	12	23	24	45	37	
28	23	34	20	22	42	13	29	25	42	4	38	26	25	13	34	33	12	3	26	
45	30	18	1	8	17	25	5	11	7	39	2	43	14	49	37	4	49	12	45	
38	48	34	41	4	19	8	46	37	36	39	47	14	49	34	26	1	9	16	35	
19	2	34	29	38	11	6	38	29	26	29	5	42	27	13	14	1	22	41	45	
39	36	38	6	8	41	4	32	50	8	24	40	37	28	16	38	23	9	41	35	
26	28	27	46	11	38	32	25	41	33	41	9	45	27	22	31	41	39	4	33	
43	23	46	40	27	11	32	33	28	37	30	2	30	14	30	22	14	42	23	14	
6	42	21	17	44	27	23	15	31	17	24	19	38	37	39	41	18	3	5	17	
38	38	30	47	7	5	23	17	35	28	35	50	41	7	1	13	48	47	39	29	
13	22	30	22	13	8	20	45	10	43	19	24	7	8	40	9	31	26	21	18	
27	41	41	2	2	19	15	22	35	36	41	47	28	41	14	47	47	19	19	36	
25	46	41	40	41	50	22	12	26	10	46	6	15	14	9	38	41	34	23	36	
24	3	14	8	3	37	50	37	45	23	46	49	16	35	10	45	1	26	19	9	
19	16	2	31	12	26	5	9	17	7	15	31	35	13	3	16	33	13	5	50	
