Factories	2
Families	60
Machines	6
SetupType	3

Number of Jobs in each Family
2	9	10	1	10	9	6	7	2	6	3	4	5	3	2	5	5	8	2	9	10	10	3	7	1	8	8	2	9	7	3	5	9	4	3	5	9	9	1	5	9	6	9	3	3	4	8	6	6	2	4	4	7	4	10	10	1	1	1	6	

Jobs in each Family
0	1	
2	3	4	5	6	7	8	9	10	
11	12	13	14	15	16	17	18	19	20	
21	
22	23	24	25	26	27	28	29	30	31	
32	33	34	35	36	37	38	39	40	
41	42	43	44	45	46	
47	48	49	50	51	52	53	
54	55	
56	57	58	59	60	61	
62	63	64	
65	66	67	68	
69	70	71	72	73	
74	75	76	
77	78	
79	80	81	82	83	
84	85	86	87	88	
89	90	91	92	93	94	95	96	
97	98	
99	100	101	102	103	104	105	106	107	
108	109	110	111	112	113	114	115	116	117	
118	119	120	121	122	123	124	125	126	127	
128	129	130	
131	132	133	134	135	136	137	
138	
139	140	141	142	143	144	145	146	
147	148	149	150	151	152	153	154	
155	156	
157	158	159	160	161	162	163	164	165	
166	167	168	169	170	171	172	
173	174	175	
176	177	178	179	180	
181	182	183	184	185	186	187	188	189	
190	191	192	193	
194	195	196	
197	198	199	200	201	
202	203	204	205	206	207	208	209	210	
211	212	213	214	215	216	217	218	219	
220	
221	222	223	224	225	
226	227	228	229	230	231	232	233	234	
235	236	237	238	239	240	
241	242	243	244	245	246	247	248	249	
250	251	252	
253	254	255	
256	257	258	259	
260	261	262	263	264	265	266	267	
268	269	270	271	272	273	
274	275	276	277	278	279	
280	281	
282	283	284	285	
286	287	288	289	
290	291	292	293	294	295	296	
297	298	299	300	
301	302	303	304	305	306	307	308	309	310	
311	312	313	314	315	316	317	318	319	320	
321	
322	
323	
324	325	326	327	328	329	

Total number of jobs
330

Processing times of jobs
1	6	2	4	6	1	
2	3	6	7	9	3	
1	5	6	3	6	5	
8	7	7	4	1	10	
4	9	9	3	9	3	
8	3	9	1	7	3	
1	3	2	2	6	2	
3	3	8	6	4	6	
2	7	9	6	8	2	
4	4	3	10	3	2	
4	5	4	10	1	7	
1	1	6	6	1	8	
9	8	10	7	6	5	
9	1	1	8	2	8	
10	7	9	6	8	3	
7	1	3	4	3	7	
1	1	2	8	2	8	
7	5	7	7	4	1	
4	5	7	6	3	5	
3	5	4	1	3	5	
4	5	3	6	6	2	
5	10	6	4	8	6	
4	5	8	9	7	8	
1	7	10	10	5	4	
1	4	10	7	7	5	
5	4	3	1	4	7	
9	10	6	3	10	3	
6	3	2	10	9	8	
7	3	8	3	6	8	
8	3	9	1	1	4	
2	8	7	6	9	8	
2	9	4	8	4	8	
2	7	9	1	10	1	
8	2	1	3	6	10	
3	2	8	10	3	7	
8	4	4	1	8	8	
9	7	2	4	6	8	
3	10	10	10	5	8	
10	9	8	9	8	7	
3	6	1	8	9	7	
5	9	1	1	8	9	
3	4	5	6	3	5	
10	7	6	4	8	9	
5	4	7	7	4	7	
5	10	10	5	10	9	
1	3	5	9	2	3	
9	1	8	3	3	2	
3	3	10	4	6	8	
5	8	3	10	2	7	
5	7	10	7	2	7	
7	1	1	4	4	8	
9	7	10	4	2	7	
8	9	7	4	2	7	
2	9	1	1	8	3	
2	1	1	5	3	9	
7	8	6	9	3	5	
1	6	2	5	9	2	
5	4	8	7	4	6	
2	2	6	1	4	9	
9	5	8	4	4	5	
7	1	6	6	4	9	
9	10	7	2	6	7	
8	8	8	9	6	5	
10	2	1	2	8	2	
7	7	6	3	7	1	
2	1	6	3	2	9	
7	7	2	7	2	8	
8	7	1	6	10	9	
9	2	8	9	3	5	
5	10	8	3	6	1	
4	6	3	9	6	6	
7	4	1	9	1	8	
2	9	5	1	3	10	
9	5	4	6	3	3	
8	10	2	7	9	8	
8	1	2	5	9	5	
9	8	8	5	1	3	
8	1	4	2	9	5	
1	10	4	8	1	1	
3	7	5	3	2	3	
3	10	10	7	8	7	
6	9	10	3	8	3	
5	2	1	1	4	4	
6	7	9	6	3	6	
1	8	6	9	10	4	
4	2	8	8	9	8	
8	4	10	10	5	10	
7	4	10	2	9	1	
2	8	3	7	5	9	
3	1	7	5	9	3	
2	2	8	9	5	8	
10	8	8	3	1	10	
8	4	7	1	4	6	
8	7	1	2	3	5	
1	6	9	4	3	1	
7	1	6	2	8	2	
6	5	1	10	3	5	
2	8	3	5	5	5	
5	8	8	8	5	3	
4	6	10	6	10	9	
1	6	9	3	3	6	
3	5	9	6	9	5	
3	3	2	6	2	1	
8	2	10	5	9	8	
7	9	9	2	4	5	
10	4	8	4	6	1	
1	6	8	2	7	7	
2	3	2	8	6	5	
6	5	5	3	7	3	
2	3	3	7	9	10	
3	8	3	3	2	4	
2	7	6	7	9	1	
10	7	3	9	9	2	
8	5	2	1	2	2	
8	2	10	1	3	1	
2	9	2	2	9	4	
1	7	5	2	10	5	
7	6	2	2	9	2	
2	2	10	5	7	8	
3	1	8	10	9	8	
4	8	9	6	2	8	
6	1	8	3	6	6	
10	7	3	1	4	9	
8	5	9	6	1	5	
1	2	10	7	9	10	
10	9	2	7	9	2	
7	3	8	2	1	8	
8	3	5	4	7	5	
5	4	1	9	5	3	
2	8	6	9	1	2	
9	2	10	8	7	4	
10	9	1	6	2	4	
10	1	5	9	6	1	
1	9	3	10	1	2	
3	1	4	10	5	1	
4	10	9	7	1	6	
10	10	9	2	6	8	
9	9	4	8	8	8	
3	9	2	9	8	2	
8	1	9	3	1	4	
2	4	7	9	9	8	
4	2	3	3	7	3	
8	1	10	3	6	4	
6	2	7	10	8	10	
6	3	6	6	5	6	
5	8	9	7	6	9	
8	5	3	6	4	6	
6	3	1	2	7	6	
6	4	5	7	8	3	
3	10	7	4	4	3	
9	2	6	2	3	5	
7	5	10	8	1	2	
8	7	4	8	9	2	
10	8	6	9	4	8	
8	8	9	5	6	4	
3	8	8	2	6	4	
2	6	8	10	5	9	
3	6	10	1	8	9	
8	4	10	7	8	6	
8	4	6	6	7	7	
8	6	2	1	10	2	
5	8	5	1	3	10	
4	10	9	2	2	7	
5	9	4	1	10	9	
2	2	3	3	6	9	
3	9	7	8	2	10	
7	1	2	9	6	8	
8	6	7	2	10	9	
6	2	4	8	9	2	
5	6	10	10	1	8	
2	8	2	1	9	5	
9	7	4	9	8	6	
9	7	4	2	1	10	
8	4	2	9	8	1	
4	4	5	4	8	10	
7	9	10	8	9	10	
8	8	5	4	3	5	
10	1	9	9	2	4	
4	2	4	9	8	4	
1	6	10	2	1	2	
7	1	4	4	9	10	
7	4	9	10	3	10	
3	6	4	1	2	7	
8	10	2	5	7	7	
10	8	1	10	9	8	
8	6	10	10	5	3	
8	3	10	10	9	10	
2	3	8	1	3	4	
4	1	9	8	4	9	
9	2	10	3	3	1	
5	1	4	2	8	4	
9	8	1	5	8	6	
4	7	10	8	8	7	
8	2	2	6	4	1	
8	4	5	8	3	4	
8	2	5	5	8	4	
1	8	8	8	2	1	
7	6	10	8	2	10	
8	7	9	1	1	4	
1	7	6	10	8	1	
10	5	2	6	7	10	
2	4	7	9	4	1	
7	1	5	8	3	5	
3	3	8	6	4	9	
9	3	1	3	1	9	
2	3	10	1	4	3	
1	3	2	10	5	10	
6	8	5	5	6	2	
2	7	1	5	1	10	
4	8	10	4	6	3	
9	10	8	2	5	9	
9	5	10	3	9	4	
6	4	5	6	7	8	
5	1	2	6	7	5	
3	8	6	3	8	6	
1	4	2	3	9	1	
10	5	1	3	8	6	
5	1	9	5	9	5	
1	5	3	3	4	4	
4	4	6	3	6	4	
5	4	3	4	9	3	
7	10	9	6	7	1	
1	9	10	3	5	2	
7	9	9	10	7	8	
1	2	2	2	3	4	
5	10	10	7	6	3	
2	7	3	6	2	8	
9	2	10	8	4	2	
5	5	8	8	1	7	
5	3	6	7	8	6	
10	4	8	4	2	3	
9	2	6	1	1	6	
10	4	10	6	1	4	
6	8	10	8	8	10	
6	5	10	4	6	1	
4	8	1	8	9	10	
3	8	3	6	1	1	
2	8	5	2	5	2	
7	5	9	7	9	2	
2	10	8	6	4	3	
8	8	9	6	1	9	
9	2	5	9	6	7	
9	1	7	10	7	9	
6	6	6	10	8	5	
7	2	5	4	5	3	
10	6	3	7	6	6	
6	9	9	10	4	8	
5	2	9	1	8	5	
8	2	2	4	10	10	
1	10	4	10	3	3	
2	10	1	8	3	10	
9	4	8	5	3	10	
5	10	2	1	9	6	
2	2	1	8	2	7	
8	8	10	10	4	3	
4	7	7	7	5	9	
4	6	1	4	6	3	
10	1	1	8	6	10	
10	5	10	9	7	2	
6	9	2	1	8	9	
9	5	9	1	7	5	
5	9	8	3	8	3	
5	7	9	9	8	1	
6	1	8	10	4	9	
2	6	4	7	3	1	
4	6	10	1	7	5	
9	5	3	9	2	1	
1	5	5	8	2	2	
4	6	10	6	5	8	
6	2	6	5	2	7	
5	3	4	7	1	3	
3	1	4	5	8	3	
3	7	1	5	6	3	
8	7	3	7	5	1	
10	9	7	4	5	9	
10	2	6	1	1	8	
8	4	2	10	8	1	
5	3	7	4	3	4	
2	8	5	2	8	5	
9	10	3	1	6	7	
10	2	4	10	9	9	
4	3	10	5	2	4	
9	2	10	9	8	8	
5	6	5	7	3	3	
1	8	9	7	10	8	
10	3	8	3	8	5	
10	2	5	2	6	3	
1	2	7	2	6	5	
8	3	7	5	5	7	
8	10	6	3	10	9	
4	4	10	6	9	1	
4	1	7	3	1	5	
8	1	10	8	9	8	
2	3	6	4	2	3	
2	8	5	2	2	6	
3	8	1	8	8	8	
3	3	4	2	8	7	
1	6	2	5	8	3	
8	3	6	3	8	9	
9	4	1	7	6	3	
2	2	6	10	3	2	
6	9	2	10	4	9	
2	3	3	6	1	4	
3	5	1	10	3	8	
4	5	3	3	1	9	
3	7	8	6	7	5	
7	7	9	8	2	8	
6	6	6	7	6	1	
5	3	6	6	10	10	
10	2	9	5	8	6	
3	3	1	1	6	4	
2	3	7	6	4	1	
8	7	8	4	2	1	
2	7	4	5	6	8	
4	6	5	9	4	2	
1	5	5	10	1	9	
8	1	1	4	10	7	
1	4	7	10	1	7	
6	6	6	2	8	8	
5	1	5	7	10	7	
5	9	5	6	6	7	
1	3	8	5	8	4	
10	4	5	5	5	5	
10	8	1	6	5	4	
8	4	6	4	1	3	
10	4	6	6	2	3	
8	3	8	3	6	3	
10	4	5	5	9	2	
8	7	6	1	5	2	
1	7	9	7	2	1	

Stepup times between Families, where [f][f] represents initial setup time
On machine	1
89	83	100	82	58	40	64	58	19	5	17	9	62	87	84	2	30	94	35	7	23	45	51	16	60	11	7	81	91	15	43	48	25	12	45	73	59	33	50	9	20	51	16	76	48	4	63	57	45	62	22	24	68	84	75	96	25	25	17	2	
46	35	57	96	5	29	83	97	61	72	55	98	23	78	72	97	90	73	19	25	31	2	67	6	29	81	95	73	24	20	92	86	8	11	49	49	21	19	92	83	64	45	76	25	88	100	36	50	50	89	53	29	74	84	54	29	95	100	42	56	
93	51	3	10	76	2	34	90	52	5	24	25	75	95	39	38	27	5	100	74	29	9	59	42	44	17	75	41	54	100	4	33	87	40	67	12	88	88	53	16	95	52	13	52	99	23	30	34	39	56	40	9	66	9	27	18	34	55	3	86	
65	58	98	45	47	56	46	2	14	79	45	73	70	64	69	93	16	56	33	27	41	54	5	63	35	60	9	98	88	54	53	4	26	81	71	78	70	34	82	14	31	72	6	90	45	20	80	70	6	43	22	47	73	11	58	72	46	86	84	66	
2	82	86	7	35	61	63	38	70	91	22	22	50	22	64	79	48	72	80	77	53	92	3	68	59	42	72	40	48	72	92	94	95	77	9	35	93	52	11	7	15	46	67	28	89	75	8	69	18	82	47	5	76	98	76	88	79	71	34	71	
89	26	69	99	37	86	70	28	40	64	42	55	27	60	88	70	30	31	53	66	88	15	5	41	1	50	99	14	28	32	4	66	57	79	80	47	18	31	33	58	84	29	16	33	12	36	5	79	98	55	79	63	42	82	52	43	18	27	98	69	
60	62	26	91	7	20	16	56	15	41	71	30	68	4	86	4	99	83	15	23	49	27	23	1	16	61	38	62	92	66	20	63	9	8	21	47	1	28	29	56	24	15	3	46	42	4	67	86	68	85	61	2	11	58	20	71	34	44	50	86	
22	58	46	83	99	23	16	67	33	40	68	97	28	65	25	75	24	3	67	74	87	65	27	80	16	45	98	40	3	60	93	67	46	88	15	69	44	2	23	45	36	52	44	6	97	9	10	22	67	94	91	48	76	19	81	53	95	11	82	34	
21	13	46	89	66	63	63	41	39	79	95	15	14	11	25	94	53	69	13	18	26	31	37	4	6	57	32	85	89	69	22	88	2	14	1	68	60	84	50	35	31	30	99	35	2	30	47	59	5	9	30	94	67	26	67	18	6	52	67	4	
70	90	33	86	51	47	26	52	6	71	5	35	93	4	75	35	14	72	35	76	81	70	38	84	16	11	69	82	20	63	19	2	82	35	56	96	20	74	6	26	84	71	43	77	13	25	16	42	24	62	44	69	64	63	56	19	75	13	58	41	
84	12	98	75	5	24	93	2	20	24	64	64	16	21	13	10	67	56	84	48	81	11	27	14	24	42	16	26	78	12	14	17	14	3	94	80	22	64	7	68	44	8	72	83	20	16	58	32	18	2	94	9	5	60	59	67	11	68	94	3	
33	17	41	15	17	9	75	39	50	24	95	78	9	4	79	60	90	73	14	24	48	74	99	17	48	36	48	68	38	7	47	9	50	56	76	28	51	14	84	46	50	91	39	60	81	100	12	37	52	35	45	51	59	93	1	28	69	92	62	38	
29	71	6	4	7	84	46	90	62	73	77	51	43	14	58	94	48	93	43	92	34	67	12	23	72	19	47	62	61	4	30	79	68	71	16	80	54	14	75	23	15	83	90	80	28	32	25	40	84	19	89	31	42	28	70	2	63	83	26	75	
57	39	11	44	86	68	32	30	41	45	84	61	94	47	3	15	68	74	82	79	84	21	45	96	43	32	67	98	92	61	72	83	87	54	22	69	73	90	22	40	25	6	84	90	70	46	73	46	66	60	60	65	27	16	83	94	44	80	47	37	
74	2	67	74	55	64	9	39	99	8	98	35	97	44	83	77	68	95	36	88	59	33	87	44	14	95	88	61	22	38	19	94	42	94	3	64	3	42	50	84	61	34	17	67	19	36	86	69	33	55	38	25	91	25	20	70	97	59	23	100	
89	58	47	25	20	100	15	70	5	83	13	54	3	54	46	61	89	46	23	68	95	94	73	5	70	29	74	17	83	43	28	85	97	15	93	37	12	57	51	6	10	8	64	80	92	93	33	31	40	29	21	17	2	83	76	44	80	29	97	75	
66	64	87	15	29	10	15	84	14	76	35	22	30	61	29	5	82	54	35	31	12	29	65	48	60	39	96	90	36	96	62	46	24	74	1	58	43	3	64	37	37	42	8	60	21	9	95	63	11	6	55	11	9	84	41	5	59	49	59	19	
27	59	35	85	22	68	9	14	29	5	21	48	83	47	48	70	3	45	79	61	4	68	41	53	11	55	56	16	9	42	4	79	9	74	83	60	48	15	64	16	84	92	56	22	70	90	86	27	35	84	24	59	73	62	18	40	29	93	83	57	
4	21	12	46	42	84	95	87	6	22	64	26	39	25	44	5	39	44	23	74	46	67	2	1	85	80	89	83	16	72	88	53	29	63	45	28	90	57	25	2	88	74	88	9	64	60	10	66	82	24	13	21	1	57	13	11	58	63	70	32	
56	24	1	10	19	87	74	70	52	54	52	85	37	26	85	94	93	72	84	21	42	83	47	11	65	75	86	61	94	87	53	62	5	6	10	21	96	50	51	10	65	91	21	68	86	11	25	75	72	30	17	99	89	84	66	48	13	100	44	75	
22	3	11	53	59	66	66	23	2	84	69	90	1	7	66	99	87	65	51	13	75	62	25	82	73	64	21	72	84	1	72	89	50	68	27	81	9	7	81	70	98	96	3	12	36	35	90	38	44	3	83	1	51	47	85	64	31	30	40	55	
89	38	49	59	10	17	62	86	24	58	95	32	68	99	69	50	82	94	82	34	81	41	22	30	83	93	100	55	23	67	31	33	41	26	15	54	17	55	87	12	72	2	13	63	80	80	100	38	23	33	100	9	73	9	15	55	93	33	38	85	
92	35	79	10	24	42	6	56	13	62	54	64	25	52	29	29	85	100	67	14	74	52	91	40	53	4	14	2	35	19	24	60	72	29	47	87	26	49	87	3	84	93	23	12	91	71	70	81	61	31	22	45	92	46	67	56	69	5	91	90	
38	30	17	74	45	22	76	98	2	36	81	73	75	76	71	97	81	52	53	18	34	44	65	63	1	32	37	59	93	89	23	75	30	71	65	66	48	29	20	76	46	50	76	36	82	81	13	56	45	11	28	22	17	91	37	36	97	85	64	43	
81	83	1	77	79	33	12	24	73	67	9	86	20	60	53	34	20	81	13	23	65	83	70	56	46	29	58	60	43	69	12	11	8	49	94	12	52	33	35	56	96	99	55	58	57	94	55	69	95	31	12	100	62	64	52	100	40	58	58	99	
73	10	37	82	72	55	17	100	23	46	1	46	80	94	8	58	25	71	54	16	61	16	65	21	28	12	69	82	5	13	83	17	25	18	60	30	19	83	58	89	34	5	71	66	11	92	2	45	63	63	14	3	59	7	32	84	22	32	17	46	
35	43	52	74	72	65	93	70	86	46	57	95	30	98	72	100	87	76	81	14	49	40	96	73	21	38	26	55	42	95	84	84	75	31	97	98	58	12	42	6	97	75	27	66	59	72	88	48	69	2	31	59	57	55	91	20	58	89	66	32	
54	91	55	40	93	74	31	82	63	11	45	18	23	99	95	82	40	96	67	94	96	4	22	39	72	59	80	51	76	49	48	78	95	68	5	71	40	4	41	16	2	5	33	74	30	29	98	24	27	33	50	71	66	83	29	46	10	86	42	54	
93	78	53	53	37	3	43	15	22	96	95	93	96	58	99	54	96	75	18	66	78	32	76	25	93	86	77	68	26	100	17	38	86	7	31	85	23	56	67	29	65	66	38	2	33	64	61	22	58	93	17	22	22	4	9	85	15	31	65	29	
78	86	5	89	15	49	53	34	67	82	75	18	46	3	93	29	41	100	69	58	68	80	99	98	55	14	42	100	50	46	73	49	60	20	39	76	60	51	92	92	15	26	91	100	97	39	28	100	48	9	67	23	1	4	46	4	76	54	30	61	
74	96	57	84	1	69	38	87	56	2	74	83	88	91	65	45	38	9	56	98	85	49	26	59	19	76	56	47	91	35	89	47	17	25	86	18	69	58	58	91	25	2	98	31	42	34	79	72	5	58	68	42	22	8	46	60	32	13	32	66	
74	97	96	16	58	12	7	3	36	34	12	70	5	18	76	25	33	74	40	12	89	74	32	18	29	31	87	68	45	6	95	99	66	70	90	43	32	45	12	92	38	38	7	90	89	30	33	51	56	52	53	83	35	80	97	41	15	50	74	73	
74	88	40	85	47	3	39	83	92	58	70	31	54	97	15	33	25	60	68	98	76	64	81	48	39	76	54	95	24	56	22	81	26	62	39	92	1	43	4	46	14	85	96	37	29	32	33	97	12	61	97	51	30	65	16	23	53	71	39	60	
3	66	43	14	63	45	12	56	47	88	75	51	89	70	15	59	79	55	88	29	4	40	9	28	51	4	15	36	13	45	68	16	6	19	45	11	95	89	24	77	7	30	39	2	67	98	29	7	56	65	32	88	71	66	7	79	82	80	88	99	
42	53	34	11	83	12	97	55	55	21	14	23	7	50	5	19	78	28	24	95	84	54	18	88	6	90	39	55	34	90	86	40	17	24	8	89	27	64	63	52	63	10	39	58	8	56	51	70	43	93	59	34	18	7	21	20	89	66	98	67	
86	17	74	67	34	61	7	26	30	88	97	17	91	99	94	46	42	75	44	8	34	1	71	32	23	96	45	28	51	90	87	33	55	70	90	72	77	9	89	99	55	52	89	50	95	37	55	20	44	95	48	95	79	95	11	100	63	85	26	36	
78	99	86	64	61	80	93	32	46	52	28	50	4	47	18	35	22	47	10	6	20	62	24	16	22	68	39	80	6	60	25	16	40	37	24	40	60	72	7	33	64	13	8	52	43	58	61	68	69	94	92	66	76	9	91	67	62	11	96	43	
56	36	97	24	30	55	71	69	12	58	49	16	41	25	23	14	81	92	20	97	56	18	12	94	57	95	30	97	84	29	32	29	20	79	63	100	24	46	46	63	12	9	30	2	71	95	47	38	26	46	29	19	51	94	90	16	11	38	51	100	
28	98	10	78	76	50	65	29	54	73	6	30	26	54	94	93	3	35	32	30	58	7	48	76	14	10	95	90	54	74	92	54	50	1	35	58	38	100	81	81	3	45	93	10	56	76	74	43	36	35	72	93	24	56	64	29	52	59	70	6	
73	72	20	18	30	30	61	74	23	1	11	41	9	10	22	11	39	88	33	51	96	53	77	62	10	29	93	55	66	77	71	87	93	84	28	3	63	82	51	24	50	87	86	42	62	51	57	5	86	21	31	36	53	93	31	39	70	53	47	12	
4	36	34	88	6	21	39	99	3	65	45	45	77	80	98	34	71	100	71	29	7	100	21	64	36	64	32	23	97	76	31	74	70	86	72	31	8	56	37	13	52	90	32	69	62	56	99	15	68	59	15	21	84	73	82	82	93	50	22	14	
51	43	48	63	20	82	41	67	99	12	67	69	35	10	7	29	71	56	5	100	100	69	86	83	34	11	58	54	56	74	20	76	63	18	58	53	97	22	43	48	15	74	36	71	95	21	14	87	98	39	93	84	73	49	58	49	45	11	53	92	
81	32	27	41	35	24	17	63	63	74	92	26	95	18	44	39	30	58	74	41	15	22	67	13	73	20	17	21	73	24	68	92	39	66	49	69	69	6	46	28	68	52	79	17	48	7	87	9	86	93	50	86	96	49	25	14	77	85	94	29	
13	63	26	98	23	85	77	56	74	72	92	70	81	5	76	38	86	97	26	1	4	79	22	49	79	51	61	99	13	78	66	7	63	27	52	70	81	12	8	62	58	45	60	88	22	27	96	67	57	69	12	15	72	4	43	92	46	53	98	24	
64	47	84	18	53	77	60	48	45	5	20	16	36	45	89	66	2	50	98	85	44	59	58	67	98	67	80	38	75	66	85	97	32	45	16	26	56	92	65	93	35	32	4	72	58	49	7	68	15	50	55	72	73	62	6	21	78	5	77	47	
87	31	69	10	3	68	3	23	76	13	36	7	54	34	56	23	74	57	42	78	75	38	13	41	66	95	94	62	95	29	58	75	1	40	54	35	54	47	100	72	25	72	43	47	96	95	93	94	77	92	47	25	83	70	34	98	16	69	54	16	
50	92	56	10	43	48	76	24	45	59	75	67	78	88	13	54	39	70	34	35	91	35	37	87	95	43	26	21	55	81	44	97	99	21	18	76	71	95	32	17	56	19	36	100	88	6	6	10	16	56	15	40	12	58	57	93	50	25	67	53	
51	91	54	99	50	49	33	57	18	51	77	67	22	84	76	25	39	61	39	21	43	56	17	24	3	87	77	19	10	91	55	65	39	10	32	32	31	52	4	9	84	5	31	72	65	18	26	35	19	46	59	2	91	51	95	74	38	13	63	94	
21	62	29	31	60	11	56	23	89	77	43	48	5	40	75	86	55	92	98	86	20	12	74	88	85	88	53	8	83	10	11	56	16	93	42	90	59	21	32	43	25	13	42	59	20	93	84	39	21	82	17	31	69	100	20	61	38	32	71	77	
15	47	75	31	83	85	53	78	45	61	59	54	95	23	38	24	7	63	94	81	43	78	50	24	100	6	30	88	12	79	42	61	77	47	41	25	61	41	6	67	5	74	2	59	3	44	78	92	44	100	38	42	52	69	46	18	79	53	95	13	
55	4	1	44	87	27	21	92	76	10	18	88	22	93	48	14	13	87	22	44	48	16	7	36	70	90	59	30	43	86	4	100	9	88	65	38	59	58	53	39	74	12	19	80	87	77	49	55	69	69	39	27	71	80	89	90	67	14	27	10	
100	76	4	93	60	86	93	55	15	37	75	82	88	74	52	40	57	7	53	2	70	18	12	52	68	16	1	84	4	24	98	76	93	84	7	88	54	27	21	75	45	19	14	25	70	65	2	1	96	23	65	23	5	97	69	97	65	7	86	41	
93	42	30	75	3	25	49	93	17	14	33	74	10	49	31	51	24	60	35	59	68	20	24	38	78	15	47	5	56	94	16	39	97	96	93	55	15	44	67	68	2	92	58	97	37	27	77	30	78	76	94	14	41	19	59	44	17	51	29	19	
74	72	91	69	70	23	70	59	79	36	52	85	8	44	99	82	64	80	100	41	7	36	31	59	86	31	29	23	33	26	43	13	19	30	40	71	82	67	54	37	51	63	29	37	93	27	40	38	89	56	8	17	44	5	15	56	12	25	86	40	
92	71	29	62	95	48	86	34	58	47	84	96	93	66	48	26	31	77	10	74	21	33	6	36	73	87	53	67	63	92	14	76	12	19	72	2	45	25	14	96	10	20	40	48	68	19	23	42	19	29	84	24	68	37	93	63	66	61	69	14	
19	49	22	57	98	81	31	41	10	89	2	42	2	85	18	1	71	50	26	19	37	100	10	62	42	92	62	74	79	47	64	59	32	35	81	97	42	42	51	47	75	57	92	44	49	51	91	96	7	10	59	47	21	9	53	91	26	11	67	98	
23	70	13	56	53	16	91	22	55	58	46	93	85	37	52	19	93	62	42	39	80	76	88	56	90	17	20	78	37	29	26	9	63	34	8	31	76	77	12	74	35	28	51	9	63	60	80	33	52	73	100	35	33	48	69	100	22	59	63	93	
32	39	15	32	47	11	18	3	23	100	33	44	100	57	35	32	32	15	34	4	39	12	39	24	44	49	88	10	7	80	15	35	1	61	40	44	79	83	17	28	27	53	74	40	87	92	56	95	51	82	34	30	50	17	9	75	59	95	27	66	
62	96	47	36	4	66	71	32	51	41	36	58	51	95	9	17	20	86	9	28	17	96	62	57	68	61	10	22	31	23	29	100	19	94	83	28	75	23	68	67	2	79	4	77	69	11	80	13	75	34	2	97	94	85	60	84	63	31	12	3	
12	65	99	92	65	43	51	75	80	19	53	39	30	69	39	5	83	9	90	51	83	69	60	64	54	2	100	86	89	80	37	16	30	4	100	2	42	46	64	73	89	35	48	83	17	88	32	22	2	20	68	31	62	3	78	59	33	55	12	61	
On machine	2
23	43	17	95	41	85	60	42	40	48	9	14	76	42	64	83	100	56	84	80	6	32	68	6	78	15	100	8	74	7	94	16	93	90	90	39	44	43	35	4	40	36	51	30	17	33	10	43	31	64	45	59	11	94	49	10	56	97	82	5	
22	19	65	11	82	1	46	75	72	71	42	64	42	39	100	10	94	28	21	11	21	45	73	72	33	42	20	92	71	78	57	77	25	2	10	54	92	97	84	69	61	49	24	78	98	89	14	80	22	2	29	19	32	39	8	97	27	3	91	84	
21	66	37	80	35	61	39	33	9	38	13	48	19	84	53	55	47	93	93	65	88	56	26	83	78	61	96	47	18	30	33	3	52	37	76	38	72	23	27	24	10	23	20	40	54	72	34	49	46	3	79	54	13	77	65	99	92	99	67	99	
66	31	10	75	34	77	44	7	27	78	75	79	87	65	73	73	77	2	26	98	43	40	98	69	57	18	29	79	30	82	57	95	71	37	51	82	89	13	84	75	62	31	77	3	56	75	16	3	5	18	21	20	34	68	18	32	83	78	63	19	
99	78	84	9	65	40	7	82	57	11	89	30	7	52	60	46	84	78	70	54	59	23	4	21	39	90	17	94	57	58	1	28	93	66	10	16	51	21	30	21	68	79	57	56	27	97	40	13	25	6	70	86	24	42	54	15	62	19	21	74	
77	42	45	100	26	95	75	87	71	52	97	57	69	35	6	73	62	81	66	85	85	62	29	52	27	59	15	72	26	7	98	26	52	5	91	9	63	56	93	96	99	60	79	32	27	96	92	66	15	77	81	64	57	22	69	74	95	81	88	7	
76	45	94	65	22	83	93	45	60	82	98	46	84	98	44	37	95	29	17	81	31	80	85	96	89	76	92	37	27	40	72	84	76	33	71	39	99	1	1	50	20	12	61	41	73	9	20	76	17	35	63	4	23	11	11	80	80	13	78	30	
56	89	59	51	78	80	96	64	95	75	31	10	73	59	3	13	88	62	100	5	17	61	58	45	73	14	54	27	16	4	85	35	54	44	69	4	82	66	86	20	29	77	17	63	29	11	87	66	15	12	31	60	42	57	68	54	65	56	98	35	
35	50	15	38	29	72	19	87	47	46	99	19	22	1	33	96	21	95	53	32	15	76	30	97	93	47	11	73	57	30	28	47	98	6	16	54	56	2	20	28	82	49	74	73	30	6	74	45	1	12	21	43	16	94	36	80	22	32	83	84	
8	19	86	55	49	90	46	62	17	49	9	3	51	78	60	26	81	66	97	26	9	5	92	32	50	61	17	97	69	52	50	94	77	28	47	3	87	98	43	80	26	58	85	4	2	10	83	55	71	49	21	7	1	91	5	25	53	30	73	12	
94	54	66	78	97	88	8	15	98	35	22	51	40	93	12	39	39	65	18	34	99	84	62	36	24	93	84	55	60	80	61	42	41	59	58	46	36	20	99	63	52	45	44	23	79	77	10	97	81	30	13	36	3	19	28	45	75	8	26	15	
80	12	68	49	9	62	99	37	97	3	11	71	74	43	12	4	2	90	32	84	74	73	97	70	53	29	24	46	6	8	42	31	94	17	10	15	19	32	40	23	58	6	92	75	76	58	10	6	75	37	57	22	12	68	77	38	26	43	13	3	
21	72	88	97	43	80	64	2	39	81	41	44	25	89	23	31	54	53	30	69	60	78	25	45	8	92	37	14	69	17	92	61	12	84	97	3	50	41	65	20	97	24	78	37	15	35	79	8	59	69	81	69	94	1	5	75	65	36	42	33	
96	30	11	46	86	41	80	75	66	63	49	63	37	17	36	36	76	85	29	56	29	86	46	78	49	12	60	78	5	25	63	30	25	18	24	67	76	75	93	68	14	66	9	73	22	29	78	10	64	2	35	9	54	91	86	37	1	82	14	4	
66	30	88	75	45	74	7	17	98	61	5	70	55	100	32	77	38	64	45	59	66	79	23	17	43	80	75	48	57	97	55	88	13	25	45	99	80	18	98	2	56	48	95	100	85	62	38	78	87	1	23	52	12	59	13	46	28	22	31	48	
71	41	64	42	90	94	47	70	26	21	67	80	6	92	19	48	4	83	72	2	94	93	78	51	60	79	19	42	88	25	18	42	89	19	85	30	33	95	77	84	47	84	10	54	23	88	13	97	79	45	72	52	70	4	86	22	47	35	87	35	
97	8	42	28	68	59	84	99	26	57	68	5	42	62	13	79	5	40	26	99	51	88	9	16	77	64	65	27	5	42	84	4	41	60	25	76	63	16	99	12	12	86	63	29	84	4	98	25	66	93	13	3	97	45	76	98	33	52	49	64	
41	45	11	9	97	81	31	16	72	99	53	10	48	30	82	84	45	77	76	11	43	99	47	91	27	40	99	14	39	82	82	23	65	7	63	93	61	74	98	82	53	43	2	22	51	73	93	66	69	78	24	37	24	85	74	76	21	84	65	33	
87	47	50	34	87	53	60	50	12	19	84	69	44	73	31	20	14	10	5	32	36	59	77	19	16	48	89	42	69	13	86	37	85	74	55	56	88	30	87	19	56	37	20	9	79	5	15	32	96	73	41	8	29	27	99	25	17	96	25	98	
53	25	39	59	61	36	8	45	88	43	54	92	11	88	15	62	30	78	31	95	32	71	1	51	34	51	82	35	5	44	36	22	3	1	59	80	98	44	98	25	7	51	35	74	86	39	92	88	43	88	9	99	49	56	98	18	41	86	15	45	
17	12	13	60	9	20	46	62	65	19	92	20	68	43	66	19	9	67	15	83	28	25	47	81	24	79	87	64	75	81	45	35	41	29	28	86	4	80	61	18	50	52	70	82	1	95	42	96	60	19	96	3	35	30	37	30	89	41	36	76	
31	7	49	34	48	67	66	42	87	69	23	77	29	12	88	67	100	38	19	61	74	20	24	40	82	10	61	45	64	45	26	8	43	93	65	84	68	33	54	34	96	4	48	14	94	39	15	27	34	33	85	47	73	34	34	50	58	54	1	45	
84	68	80	78	77	58	59	78	47	12	32	4	5	89	49	88	28	48	98	14	6	91	85	4	27	96	3	89	86	81	65	64	42	61	66	72	74	47	95	25	18	95	84	55	23	19	29	41	32	28	61	13	90	21	62	66	97	18	89	46	
32	29	23	85	83	53	1	5	74	60	91	16	69	15	39	91	62	47	24	64	26	42	41	38	60	50	52	79	31	21	27	39	22	98	5	72	69	76	8	61	21	88	69	22	71	43	72	16	74	48	95	29	18	27	53	71	97	67	88	77	
28	97	62	90	61	77	38	4	84	69	91	20	63	48	5	33	86	60	36	30	10	59	65	24	68	26	21	94	17	48	61	39	74	13	88	13	85	10	43	47	98	48	30	30	51	43	5	20	24	54	26	37	60	36	86	53	56	92	50	21	
40	60	59	24	7	42	3	62	2	68	3	44	69	35	22	35	6	6	7	34	86	84	50	33	14	26	70	36	81	17	23	94	86	63	98	78	20	68	26	51	88	12	58	24	39	91	34	15	84	57	6	13	56	19	28	54	37	69	26	41	
96	100	32	27	46	7	23	96	61	10	14	62	90	58	84	61	70	87	51	15	13	39	27	40	42	2	61	28	25	30	89	84	9	13	82	63	86	29	5	18	57	64	37	10	57	48	46	48	47	33	99	41	89	20	89	15	100	82	56	88	
13	61	92	1	44	6	92	10	100	96	45	68	30	3	11	7	45	17	71	25	37	13	52	38	11	29	40	86	41	50	33	60	7	73	57	73	80	64	86	43	24	62	70	22	18	35	94	96	42	51	83	16	98	84	26	11	16	14	88	53	
66	3	93	5	81	35	38	62	51	86	73	68	64	3	4	100	10	79	92	91	40	99	99	26	68	82	15	34	77	82	6	96	23	12	11	88	80	38	87	17	7	70	35	60	59	56	31	6	86	92	56	67	2	64	66	77	80	42	61	81	
35	30	57	76	52	91	12	63	16	67	10	99	21	28	71	87	20	49	64	65	10	41	79	1	61	74	56	71	46	13	48	18	37	81	1	71	77	57	26	24	8	26	45	54	17	45	50	90	60	97	78	7	97	67	99	31	85	51	74	94	
70	50	70	87	66	80	95	42	73	4	67	94	10	14	28	40	74	77	62	35	99	9	74	53	21	82	34	66	46	1	47	16	3	78	37	19	37	63	86	66	5	68	58	96	76	20	17	68	22	23	34	91	21	80	50	4	68	73	48	10	
20	24	35	84	23	36	68	85	75	57	55	33	57	88	32	52	35	19	2	61	79	88	74	26	81	3	64	74	19	36	12	35	83	45	23	66	88	97	60	83	36	46	4	17	65	81	68	49	83	52	66	61	50	51	71	41	77	21	36	97	
34	40	46	78	18	79	94	41	79	45	20	80	16	40	71	76	85	35	58	7	20	74	22	91	91	1	20	30	67	7	80	20	96	29	78	73	42	32	56	75	32	39	4	40	10	100	15	80	60	13	2	78	13	6	77	19	78	97	97	63	
20	84	74	70	11	50	17	58	75	29	45	15	98	40	9	95	56	21	61	84	88	19	17	78	4	87	63	69	10	8	91	98	36	42	21	97	65	96	82	31	9	28	30	53	51	23	9	5	88	44	28	23	15	98	26	91	99	50	80	77	
69	9	33	33	22	86	54	24	35	99	37	58	71	5	70	69	85	33	62	66	15	44	28	51	78	70	66	1	79	51	17	59	25	50	99	63	20	50	68	31	49	30	58	38	91	60	86	88	45	21	68	39	13	79	70	35	65	90	52	53	
24	1	93	51	67	20	14	11	40	22	15	74	54	33	66	35	35	52	29	52	31	16	34	82	62	69	57	59	19	27	8	29	53	73	57	70	70	17	41	75	31	86	15	29	56	65	25	44	40	61	43	18	63	85	84	88	45	92	17	87	
34	21	6	6	88	26	15	46	32	45	92	74	13	76	13	52	41	18	45	95	46	96	100	26	44	69	86	82	15	77	46	67	24	18	31	65	19	45	74	28	67	51	23	36	38	23	80	83	82	27	48	15	60	21	69	33	35	52	17	18	
60	50	29	32	26	9	6	12	7	73	63	45	45	52	35	13	97	45	53	42	75	33	33	96	32	55	45	41	80	89	100	86	76	91	49	56	92	20	71	61	84	43	76	43	52	76	75	29	51	19	59	33	68	19	45	98	8	11	52	72	
79	9	71	40	55	8	82	72	29	56	79	82	81	10	68	84	65	54	100	36	64	44	90	45	60	42	38	45	73	56	43	92	48	51	75	34	97	92	1	20	67	92	21	53	72	92	55	10	43	30	9	22	4	44	98	40	73	98	14	94	
51	83	65	23	27	92	71	19	37	99	5	29	84	13	37	45	95	22	13	47	4	86	18	72	39	37	64	8	13	26	53	31	66	43	90	64	71	20	27	78	80	38	55	5	81	10	79	29	27	66	51	38	78	75	51	100	45	24	63	11	
41	2	78	81	45	77	91	63	25	90	55	65	34	77	5	42	78	48	12	43	48	8	33	71	22	96	77	59	61	72	63	99	69	47	21	97	21	49	30	83	21	70	52	27	11	39	41	74	47	66	40	90	74	59	89	86	76	82	79	30	
36	99	33	2	96	53	98	61	95	14	2	42	75	69	17	12	90	77	42	95	15	45	49	6	56	52	9	38	68	48	13	59	18	49	28	34	44	87	66	63	37	84	92	67	59	67	67	100	57	58	49	72	27	5	37	23	52	79	76	65	
41	44	20	60	27	23	72	22	15	22	28	49	19	65	18	70	92	51	93	71	98	83	29	61	51	73	11	77	52	87	39	55	32	94	79	79	51	81	13	46	6	10	64	37	55	46	55	11	55	86	3	1	38	71	78	61	71	18	91	65	
21	16	4	38	26	99	18	94	49	38	28	29	25	34	67	10	91	50	44	2	8	7	9	39	37	67	21	58	59	83	78	85	55	95	42	35	28	99	10	48	82	67	24	17	39	94	39	11	8	47	47	32	35	91	8	55	90	39	12	19	
7	49	11	66	21	80	14	10	65	41	69	49	82	31	66	65	34	59	99	90	62	73	30	43	72	90	3	94	31	14	98	92	58	75	79	72	61	46	82	47	84	78	58	73	85	87	17	49	12	5	36	58	41	49	81	92	6	27	14	97	
30	73	88	10	81	58	48	32	13	30	97	11	48	41	82	91	27	79	33	22	34	19	24	59	5	23	50	84	15	34	34	2	60	91	52	51	56	1	28	36	90	56	75	80	10	31	27	77	47	42	30	90	76	90	78	1	49	98	84	73	
93	52	70	83	29	33	89	44	91	85	75	46	4	7	61	84	74	60	52	39	27	36	57	6	70	53	27	28	7	71	56	97	21	29	6	42	49	18	59	69	42	30	87	53	7	23	90	33	68	75	2	75	45	79	53	6	31	45	9	48	
13	25	35	38	34	17	7	17	3	95	19	19	84	27	78	80	18	69	62	89	68	68	23	58	50	8	22	43	65	50	75	65	72	37	18	2	54	10	12	43	9	31	48	36	50	45	3	17	62	1	6	59	37	72	17	88	97	93	25	83	
62	19	86	88	59	74	97	4	87	11	73	55	89	87	26	45	56	91	63	19	31	94	77	34	29	59	24	33	76	86	57	8	31	48	84	51	20	93	58	75	30	30	23	19	68	83	26	87	6	14	5	74	89	53	91	24	78	8	63	94	
13	3	2	16	36	6	20	27	1	42	15	65	95	83	69	2	6	22	47	53	56	38	85	66	68	37	60	16	77	72	30	33	38	11	9	57	92	37	22	53	55	60	43	37	82	27	63	100	34	41	53	78	82	90	40	83	72	31	93	82	
1	14	37	84	81	38	89	26	37	56	67	59	2	75	83	71	79	94	5	45	54	59	1	52	11	42	48	41	4	74	57	10	16	67	37	41	46	69	10	66	25	88	6	83	66	9	30	95	25	87	72	33	36	57	74	78	96	39	36	56	
41	67	81	68	36	7	29	34	7	80	41	75	33	65	71	56	7	35	80	53	81	87	51	24	53	75	20	8	37	65	73	12	95	66	56	8	98	49	21	58	70	70	41	60	57	90	3	41	56	60	53	37	92	13	75	47	17	4	48	74	
90	79	41	89	82	14	2	98	26	18	37	4	81	28	98	49	76	11	57	72	46	70	2	24	91	58	86	60	39	96	24	96	62	82	99	99	54	52	31	22	28	9	78	66	54	1	96	14	28	49	97	44	13	17	2	36	97	26	10	88	
37	28	83	38	51	13	51	91	62	71	88	45	68	63	19	3	42	62	48	47	99	96	67	85	97	74	93	14	17	88	11	56	97	68	82	48	35	53	14	7	67	92	76	45	25	23	17	3	64	39	93	52	66	19	88	55	74	37	44	15	
74	61	67	86	40	71	75	22	51	90	79	25	29	54	91	24	4	42	75	22	14	15	32	17	21	63	59	82	55	61	50	41	81	68	4	36	94	18	77	40	51	87	86	19	12	26	62	88	25	79	1	16	82	2	27	15	80	7	61	58	
25	23	36	46	70	5	22	56	87	80	32	98	78	13	20	67	84	32	76	3	64	3	55	37	1	33	37	28	42	44	45	39	68	26	84	32	93	78	99	36	18	22	45	5	58	11	8	39	48	83	49	43	81	22	6	73	71	100	47	61	
29	2	47	49	40	95	44	85	85	97	61	27	89	28	15	19	5	66	22	45	77	51	58	2	91	47	33	9	28	50	3	63	79	20	47	45	65	81	23	4	8	46	43	80	70	9	70	18	52	1	15	88	48	34	10	87	63	71	61	27	
11	56	48	32	21	74	66	13	70	25	58	72	36	54	94	45	70	65	67	56	19	49	13	72	74	49	5	22	49	89	24	44	34	46	86	18	35	85	75	74	57	91	80	87	34	85	37	37	1	22	21	75	14	49	95	33	38	7	72	46	
57	38	40	77	71	75	45	20	84	13	18	13	56	34	81	28	85	14	76	40	42	93	80	29	60	14	42	7	59	42	65	49	47	61	1	4	7	19	22	13	26	57	20	16	40	35	50	27	95	21	60	98	47	21	49	56	38	32	20	62	
92	42	39	66	67	11	41	7	62	47	37	63	95	58	52	65	49	61	33	28	51	64	47	91	34	100	31	43	48	30	36	62	98	60	71	17	48	12	46	96	55	51	4	13	52	32	26	78	26	73	45	91	64	68	11	99	60	18	22	90	
On machine	3
42	77	11	75	37	100	71	38	11	31	8	85	48	46	69	23	77	98	3	69	53	90	19	92	31	72	32	31	53	20	15	17	24	48	75	65	41	57	6	46	28	8	65	81	67	73	3	69	33	20	18	17	12	21	25	92	100	86	73	29	
76	5	92	88	54	60	38	29	46	19	8	7	27	57	67	28	45	95	7	7	74	3	55	38	24	29	90	29	74	94	70	70	95	71	72	55	75	68	56	61	55	32	2	2	51	99	41	66	50	33	8	45	2	23	38	8	77	39	70	60	
75	21	75	27	12	63	28	14	20	5	59	90	77	29	43	32	34	29	96	3	86	66	30	71	78	31	40	39	98	31	18	58	13	99	85	38	36	56	30	45	73	74	25	77	24	69	43	39	94	17	79	11	92	63	57	25	78	52	44	39	
17	8	77	77	81	67	3	13	39	15	13	44	38	24	42	12	40	2	15	89	68	71	22	62	81	84	2	91	66	85	11	52	64	67	55	87	63	6	81	18	37	95	33	24	39	71	44	57	13	100	62	24	84	44	97	92	34	44	40	42	
93	71	12	86	76	91	89	74	59	3	84	59	41	74	15	43	87	42	77	99	26	96	16	74	17	92	89	37	64	20	71	60	97	90	99	45	57	57	74	72	56	19	19	3	41	56	74	78	79	6	29	30	73	10	6	77	33	46	97	33	
30	75	96	47	100	61	68	69	51	32	2	31	64	57	70	53	87	66	54	22	31	70	34	69	76	21	87	27	82	46	93	80	51	98	2	17	47	48	24	99	33	41	26	85	41	58	1	75	8	24	28	13	15	83	6	6	36	66	43	31	
69	6	98	79	54	36	45	4	66	52	86	33	20	64	61	81	4	74	57	68	95	37	63	9	51	33	68	92	48	36	87	45	18	44	11	60	36	58	74	54	8	17	18	76	97	72	83	15	85	28	21	96	82	70	55	49	19	19	57	79	
86	84	90	73	5	56	5	21	97	60	64	65	75	58	93	65	81	62	28	35	71	17	94	91	35	46	29	84	10	41	84	87	52	50	88	3	93	75	2	24	37	57	19	80	57	100	98	31	67	21	29	69	68	80	19	13	92	78	68	88	
77	80	77	96	23	65	77	71	68	44	68	67	64	26	72	95	95	43	97	73	46	58	81	61	70	62	48	26	59	69	52	76	88	20	36	90	11	85	82	61	96	80	46	77	17	34	50	17	85	90	99	57	49	8	5	35	90	50	81	91	
12	16	89	52	31	20	46	50	64	23	22	41	34	39	57	45	9	2	41	76	42	53	91	14	9	64	83	3	28	5	31	98	33	3	16	64	81	13	30	54	2	19	78	95	94	84	36	65	56	45	97	43	4	21	37	40	62	73	61	54	
68	94	17	40	5	5	64	44	68	6	60	83	76	96	24	56	67	20	59	96	42	100	95	42	21	86	81	94	16	76	79	94	49	58	75	42	79	91	58	8	70	80	85	50	47	75	98	34	6	26	83	26	55	30	42	14	70	51	80	74	
47	37	4	80	64	81	50	58	12	48	53	52	92	23	32	61	7	31	100	62	12	55	74	79	19	20	39	45	79	89	97	39	98	7	32	49	25	50	65	46	64	25	29	56	86	30	41	62	56	97	52	53	39	67	47	43	93	46	48	72	
28	51	77	13	55	35	51	19	96	30	20	92	63	61	30	13	59	38	93	91	26	97	80	33	28	61	91	70	42	43	95	47	52	26	11	21	100	20	18	96	97	24	96	50	40	17	61	69	73	22	51	26	88	78	64	80	42	77	40	48	
34	100	64	75	37	78	31	85	89	23	7	63	64	45	84	39	32	80	57	81	42	34	55	70	48	77	82	85	95	100	9	62	5	100	69	2	57	10	49	62	16	27	33	19	88	76	52	74	44	28	42	26	31	68	22	63	84	89	8	24	
21	50	90	94	26	80	52	30	73	2	90	40	8	73	93	14	14	46	81	9	82	94	9	27	28	18	47	8	41	3	73	52	73	90	84	29	11	39	85	73	97	71	21	40	28	25	89	47	6	19	29	59	58	68	41	55	5	24	6	75	
34	26	74	11	27	25	6	48	2	94	62	29	60	13	22	44	77	38	12	98	80	70	67	36	54	34	14	36	89	67	15	67	85	59	34	88	75	31	16	65	84	25	45	45	20	91	18	74	95	25	83	95	8	80	44	24	20	31	73	5	
25	3	75	16	16	61	5	19	64	27	51	94	9	99	22	48	11	82	44	44	22	89	17	86	45	36	18	99	77	56	49	13	13	55	57	91	85	13	99	92	27	37	26	46	64	72	7	16	94	34	16	40	33	91	58	95	100	3	60	74	
82	29	74	66	5	95	18	54	86	87	57	75	53	62	1	32	11	98	46	76	49	66	91	41	10	14	78	66	5	48	55	59	28	61	72	47	41	97	52	6	19	14	50	52	44	42	49	30	8	14	10	4	39	10	40	94	35	35	78	91	
8	84	61	31	78	20	96	88	77	79	6	75	86	47	7	56	60	56	85	47	88	51	100	24	18	3	79	81	29	86	17	47	45	27	52	98	66	67	93	5	92	61	97	26	57	97	86	69	83	61	37	59	87	31	42	8	88	21	32	45	
16	54	20	52	71	68	12	1	62	50	40	98	51	12	59	17	74	65	10	88	75	16	45	6	40	30	63	80	42	47	40	98	51	55	69	47	96	7	67	78	4	44	40	11	38	99	3	10	15	10	24	94	57	26	26	60	25	53	44	44	
92	10	18	48	36	26	78	89	14	17	59	3	1	46	25	9	93	71	49	31	92	17	42	81	1	66	43	25	48	92	67	21	34	73	95	39	97	95	23	44	74	10	72	46	32	11	55	34	4	12	66	70	59	89	31	95	63	53	37	73	
26	30	3	45	51	9	42	11	7	81	34	34	43	9	68	77	47	84	51	47	82	17	65	53	67	60	59	95	55	47	59	40	43	8	24	37	49	34	75	37	38	61	13	58	43	39	57	99	96	37	64	61	24	19	2	34	39	83	86	24	
76	43	5	94	51	25	59	62	18	67	58	23	62	67	15	67	16	72	22	12	36	93	38	62	14	25	77	4	36	4	37	40	76	82	83	68	6	70	67	70	67	36	32	74	58	22	61	27	87	15	96	83	23	72	78	28	56	52	71	47	
22	59	60	18	93	43	14	96	35	54	100	59	92	78	12	59	44	42	66	21	40	52	86	78	53	16	19	13	38	88	39	19	29	7	33	78	16	47	61	43	67	50	75	12	44	1	98	48	66	100	38	9	39	72	12	28	90	22	57	91	
72	64	54	36	24	33	66	60	56	53	68	6	2	50	67	88	25	24	95	43	81	24	82	75	72	43	6	97	1	13	81	81	17	16	59	50	17	45	90	84	11	98	88	15	8	5	12	69	25	36	58	42	12	33	96	43	46	100	13	13	
23	71	10	86	58	89	14	45	46	6	70	18	63	90	20	32	25	91	47	14	85	69	83	79	21	72	75	93	87	56	84	41	64	96	56	92	63	35	55	1	60	8	96	50	81	44	8	52	28	74	94	35	1	94	79	52	2	8	40	17	
41	98	20	71	100	53	95	34	88	45	63	2	70	28	23	12	89	17	73	35	94	11	12	88	88	91	1	27	25	66	41	91	40	87	32	96	79	26	64	28	40	20	65	93	98	6	28	88	63	8	14	4	39	81	82	49	16	81	45	31	
24	30	89	72	6	91	8	44	48	22	26	6	17	67	65	52	30	33	89	10	99	86	43	21	15	90	86	74	71	24	24	60	39	71	24	66	42	49	16	4	29	77	74	16	97	99	12	92	60	30	9	59	76	30	84	73	42	66	27	3	
62	87	56	74	48	53	47	94	7	45	33	98	44	81	95	55	49	40	33	90	78	5	20	97	99	61	70	84	11	94	73	56	49	79	44	1	94	29	53	65	46	69	18	84	18	79	69	69	61	49	1	20	17	57	47	6	24	2	12	42	
84	18	89	5	48	83	29	65	28	47	34	93	59	82	3	80	46	46	8	51	40	63	30	92	76	42	13	76	23	90	71	67	55	37	30	35	58	88	37	90	67	74	75	52	62	91	69	8	30	44	85	13	80	93	50	13	61	77	34	53	
92	33	77	80	61	43	85	48	33	57	99	100	67	35	55	57	94	38	38	19	68	89	63	16	95	55	68	54	10	30	19	96	78	10	81	63	69	18	64	94	15	64	95	52	87	82	50	75	13	43	17	65	33	62	38	98	18	43	33	89	
68	32	43	80	50	78	72	69	21	32	77	71	61	18	82	32	21	54	29	24	29	99	83	61	1	95	67	53	69	87	44	21	47	68	70	27	28	32	88	78	59	17	28	97	87	37	27	93	67	83	23	99	39	73	62	57	16	79	33	83	
88	59	5	86	63	81	32	12	52	45	76	43	96	58	47	66	24	17	78	88	94	58	92	84	95	71	57	36	58	99	48	14	66	72	36	52	35	40	50	55	50	24	60	74	16	66	28	28	26	89	92	3	70	91	24	39	64	6	85	10	
78	90	53	49	52	82	2	55	21	100	75	60	2	58	81	21	35	43	58	10	31	94	72	20	39	85	100	76	40	36	37	91	97	85	15	40	10	48	10	59	11	78	56	47	39	3	18	27	45	14	54	88	32	16	98	90	9	1	31	23	
97	57	85	60	71	71	98	22	60	38	81	32	66	46	100	84	82	26	31	35	69	61	59	89	9	73	63	60	27	22	22	56	32	69	77	91	96	25	94	49	6	98	78	39	54	67	7	87	39	99	60	59	37	24	45	91	57	64	38	44	
78	25	72	67	93	19	42	61	32	83	56	84	40	73	77	6	74	62	9	93	34	3	22	6	11	35	45	17	66	91	3	21	46	42	77	96	51	87	51	78	14	36	63	79	41	90	34	98	32	74	99	80	46	62	45	16	95	12	89	39	
2	31	87	71	23	60	93	68	60	2	88	19	11	37	60	63	6	11	14	44	2	72	64	81	41	36	31	65	59	38	31	82	94	3	92	70	1	63	37	21	30	28	82	86	64	89	82	50	87	8	60	2	29	15	84	77	37	59	70	89	
46	11	59	48	18	32	37	62	7	53	56	9	22	4	40	89	46	25	61	69	88	94	28	66	93	52	4	26	39	10	53	96	63	59	16	26	38	49	47	23	10	91	22	34	52	11	78	94	4	100	57	32	1	89	51	58	45	91	95	10	
7	71	57	54	59	100	78	84	5	95	64	25	11	32	72	18	88	68	61	7	21	59	95	100	1	84	8	40	71	95	89	87	16	34	64	67	18	39	45	7	89	17	35	76	79	81	69	59	49	72	96	31	12	74	86	47	85	48	55	99	
29	84	47	67	68	65	40	35	60	11	50	29	48	68	92	48	93	9	37	43	45	90	67	66	2	68	78	66	5	56	24	54	12	8	24	41	9	1	93	63	72	1	84	100	91	80	40	46	96	70	96	69	2	99	7	43	15	93	44	98	
97	21	32	63	48	64	72	49	80	89	73	45	52	92	99	50	14	84	98	40	35	80	95	85	69	83	22	32	79	26	15	66	17	3	67	45	73	15	35	14	69	82	83	82	26	18	44	29	100	25	62	32	63	12	10	87	46	29	3	28	
58	63	55	73	41	61	31	84	86	79	54	74	56	43	60	39	95	75	30	64	55	86	41	24	100	94	43	87	84	5	11	63	51	95	89	41	32	99	6	64	29	60	97	16	100	38	93	79	59	12	25	34	97	92	86	82	2	45	96	49	
93	81	56	33	31	35	100	41	39	98	15	69	76	27	58	44	23	75	83	29	25	41	97	69	71	6	61	72	64	10	60	17	63	70	61	99	70	87	68	57	30	42	94	48	72	36	99	43	23	39	6	51	35	25	7	44	5	69	11	28	
52	24	91	15	43	59	58	19	48	46	1	57	29	54	28	47	1	30	35	79	93	86	48	72	67	89	43	51	46	93	87	45	28	44	6	19	65	74	24	90	41	28	36	57	75	3	40	15	78	81	82	69	73	79	11	83	2	44	87	30	
32	97	21	19	97	86	48	21	13	15	14	68	100	78	4	57	66	28	35	96	93	51	17	45	26	91	6	10	60	99	53	73	49	42	58	46	99	57	94	94	94	59	97	78	78	28	30	5	48	78	95	3	4	89	7	88	2	65	22	44	
93	46	80	84	6	95	17	54	77	85	6	92	33	54	15	42	99	69	100	97	22	41	14	10	4	74	52	28	3	22	94	5	92	4	68	19	31	33	66	67	9	28	18	21	11	23	26	50	87	82	33	45	44	76	32	31	57	36	13	11	
82	54	98	49	86	49	82	83	4	3	49	13	45	59	18	99	21	63	34	20	6	38	2	77	53	23	63	69	98	67	9	63	15	96	62	64	39	50	77	58	92	30	55	48	70	53	24	32	86	9	81	10	20	66	81	6	11	24	37	67	
65	80	24	30	97	20	51	35	83	63	74	81	17	77	51	96	40	63	18	66	9	42	93	35	96	54	1	22	64	28	61	31	96	47	35	2	10	43	48	80	22	71	51	69	17	81	49	45	11	12	76	39	13	13	73	15	75	77	58	35	
45	62	84	100	100	95	49	57	20	53	42	16	96	11	86	88	21	22	74	52	14	2	64	98	11	47	2	98	65	36	73	67	42	24	37	42	93	13	30	82	48	81	3	60	80	47	15	88	73	83	93	67	11	33	16	43	31	80	3	67	
42	22	65	60	95	86	60	97	23	8	11	17	34	96	81	94	55	98	100	64	8	93	19	79	72	94	23	18	93	83	48	72	21	51	46	32	27	61	38	97	10	49	11	18	6	42	100	100	69	76	71	95	12	83	42	37	66	65	74	55	
65	37	17	24	20	97	89	25	87	37	1	78	41	60	18	21	11	37	62	88	10	14	47	47	55	62	100	60	68	13	84	98	70	33	71	4	25	54	28	22	8	41	60	72	77	56	76	46	14	8	53	72	98	40	45	27	66	77	40	95	
88	35	29	75	53	64	49	90	29	78	30	27	39	41	32	79	78	9	62	61	36	53	65	30	24	33	40	63	89	85	87	92	40	47	81	94	42	1	64	91	56	46	48	24	55	83	83	63	12	16	75	18	83	13	68	4	53	70	40	31	
56	14	12	30	74	23	9	83	21	89	79	51	70	94	72	13	79	44	88	20	10	97	16	49	79	67	80	5	13	78	9	87	50	67	63	24	8	98	4	46	26	75	98	79	38	13	81	74	90	19	35	47	14	63	75	71	6	72	96	5	
8	14	12	7	12	89	1	84	34	58	58	76	76	89	73	81	29	19	52	75	53	70	57	70	62	83	6	46	94	87	89	80	42	90	36	11	66	31	29	89	10	88	88	43	17	92	97	98	83	22	19	28	52	1	65	19	67	48	25	87	
96	49	74	34	54	5	34	71	56	50	31	47	98	87	41	68	43	26	45	67	76	51	53	61	59	93	79	16	9	75	6	59	16	69	83	39	90	87	85	7	46	13	67	34	100	87	21	24	67	71	1	95	52	29	75	87	98	66	100	23	
72	72	55	37	14	28	20	99	96	89	29	24	88	61	78	27	82	38	1	26	92	14	94	81	94	66	11	100	44	43	7	95	75	66	40	16	34	54	6	50	89	15	2	36	49	5	47	28	49	18	40	77	40	16	66	99	20	66	40	73	
30	29	88	87	43	50	19	38	39	10	4	92	57	64	69	81	90	34	3	78	76	59	66	95	17	45	36	80	20	22	42	35	5	95	12	57	68	31	82	62	15	1	22	30	87	93	53	5	51	12	84	81	77	18	32	11	52	12	33	24	
83	54	90	24	38	26	57	56	82	82	80	91	32	42	45	58	8	82	74	42	64	70	44	42	30	42	17	73	25	65	67	30	5	1	51	98	20	41	50	72	49	94	58	87	79	50	72	46	49	97	17	38	44	53	79	95	20	41	33	12	
36	97	25	32	49	28	53	28	94	41	56	57	73	52	55	17	35	56	79	88	76	69	21	91	29	12	95	10	71	72	48	74	73	4	72	25	85	26	52	65	55	26	25	95	57	31	7	37	30	25	19	82	89	48	58	44	73	4	14	85	
3	57	95	54	7	57	83	38	47	40	37	51	52	75	12	2	46	28	42	83	46	69	59	90	30	43	60	93	85	92	100	22	12	8	37	65	100	5	46	33	12	9	52	1	21	41	58	26	84	67	21	39	20	35	7	6	5	53	56	13	
On machine	4
61	17	27	16	61	57	59	29	30	63	61	71	20	94	3	51	86	47	73	51	87	59	27	74	76	79	20	25	28	35	1	98	17	59	49	66	15	63	80	23	97	96	73	44	86	79	64	17	18	62	19	54	39	77	9	70	54	35	29	3	
45	36	44	55	52	1	97	70	14	42	76	71	55	68	69	45	28	7	62	31	15	25	68	49	95	80	73	24	86	36	14	99	9	93	32	40	91	40	84	87	94	67	55	14	7	90	17	96	96	11	58	41	23	17	66	13	12	53	93	20	
51	33	64	71	39	1	69	94	6	75	29	45	67	2	50	6	80	42	62	54	15	14	38	43	79	26	75	91	86	39	65	87	86	8	45	74	29	81	23	35	25	83	32	4	44	66	24	52	51	82	27	76	9	33	52	85	3	47	35	58	
81	3	84	3	79	21	4	96	37	41	27	36	64	79	37	56	74	72	1	5	20	71	80	81	42	3	44	60	66	16	60	21	29	4	1	30	38	73	98	26	28	48	100	81	23	20	33	93	9	23	66	36	39	48	34	56	77	89	17	46	
34	79	80	22	1	88	3	11	59	40	29	46	2	27	98	7	21	1	55	4	5	76	34	92	75	58	80	87	84	75	3	68	17	17	35	100	39	92	63	5	89	33	76	77	63	93	34	96	99	95	48	11	54	82	77	11	58	20	54	93	
1	40	66	35	48	57	7	26	49	46	91	54	61	45	31	3	82	83	15	50	17	82	2	35	83	50	100	40	62	92	69	54	37	16	27	37	83	29	94	38	48	70	87	81	32	71	31	73	5	28	45	47	55	9	51	97	58	76	33	42	
84	6	51	21	68	28	5	48	94	5	3	7	83	39	77	58	71	80	23	69	42	49	57	53	12	41	43	15	77	15	71	35	44	39	3	76	9	60	76	23	72	34	87	33	40	54	19	9	77	83	99	73	78	54	42	15	42	41	68	43	
81	47	99	46	41	71	74	98	46	83	48	97	98	68	41	16	77	7	64	2	93	1	32	95	97	14	88	60	83	18	96	27	42	10	67	87	69	89	22	36	97	62	90	60	5	2	73	92	83	45	93	57	54	21	1	49	54	18	12	34	
28	19	75	21	3	61	18	18	70	58	54	64	87	49	34	79	10	4	39	25	22	8	44	10	45	49	34	13	43	17	57	96	89	69	95	35	14	55	25	16	73	46	50	27	8	23	34	38	20	52	68	80	26	93	23	45	6	18	4	97	
58	84	95	54	98	28	62	55	21	30	86	39	94	95	7	69	91	84	12	37	26	91	3	51	63	20	94	94	65	46	58	44	96	50	26	100	6	99	91	56	81	86	31	28	68	60	28	31	38	93	47	92	39	48	100	3	36	32	80	6	
97	21	60	26	93	68	79	74	18	27	7	86	14	48	16	7	53	95	98	55	47	34	84	35	24	21	56	65	54	98	69	47	4	70	14	19	21	17	9	32	26	63	17	21	47	28	23	81	55	69	43	78	95	78	57	10	1	78	50	95	
29	78	77	94	4	30	73	27	51	66	37	78	6	32	1	37	10	97	34	4	71	53	73	41	22	26	100	50	38	36	34	19	73	87	45	12	34	77	64	22	97	43	5	33	58	33	23	78	1	16	89	46	49	27	72	47	76	30	41	97	
95	11	13	95	38	65	12	75	54	94	96	76	37	63	92	31	66	7	20	16	89	4	54	25	57	13	34	67	68	36	99	12	79	30	94	49	43	9	78	49	7	73	52	89	24	35	95	25	97	65	43	91	46	38	63	11	82	37	69	35	
88	15	58	40	23	94	1	68	14	43	4	5	59	80	64	65	41	54	48	84	44	64	89	12	80	17	72	87	34	3	28	54	54	93	62	35	12	78	71	76	9	42	45	34	60	84	4	37	14	13	74	54	83	32	28	13	2	98	67	85	
71	52	76	56	27	55	52	7	11	31	47	56	57	11	17	14	47	67	29	71	69	55	61	69	10	36	82	99	93	65	98	52	42	36	20	41	98	40	59	78	47	8	21	66	57	77	100	64	44	17	34	33	35	53	89	76	76	21	79	39	
74	53	4	54	79	10	80	4	1	49	15	54	63	6	61	89	15	89	35	56	63	26	27	85	44	99	71	2	83	2	93	67	95	58	94	70	37	38	56	48	2	37	40	22	86	29	48	9	33	54	21	78	31	29	65	93	32	44	75	97	
53	4	78	85	48	70	63	60	90	62	25	30	7	85	23	17	65	20	41	11	56	41	91	34	2	2	79	83	39	64	67	84	95	58	98	92	95	62	39	36	96	91	38	47	86	96	76	93	4	100	9	73	60	2	32	72	42	94	45	85	
72	25	41	43	5	37	27	51	98	73	78	91	36	80	32	59	52	99	5	17	59	92	98	80	97	52	32	64	8	29	20	26	76	16	20	98	99	21	87	60	90	57	29	67	42	55	13	26	84	78	48	73	1	97	39	44	15	60	39	23	
76	38	66	62	68	20	21	57	76	93	9	50	75	98	3	53	66	16	8	73	32	8	36	93	64	22	65	78	37	21	94	83	9	90	34	52	29	39	87	76	61	18	38	49	93	69	8	57	47	72	46	58	82	57	93	57	58	80	94	92	
20	20	100	89	89	32	41	22	50	69	94	95	58	27	93	17	52	34	77	36	10	7	9	3	23	83	8	30	52	95	85	64	61	32	57	42	50	17	25	91	54	95	6	34	99	97	74	46	31	80	5	24	36	76	52	30	15	31	96	90	
2	94	78	68	53	58	58	16	49	37	29	83	68	61	24	65	28	43	25	64	48	84	84	11	54	8	43	61	86	8	34	98	79	45	22	82	99	54	22	9	94	59	46	51	89	66	35	73	49	22	71	27	85	17	99	63	83	74	62	46	
35	8	24	66	81	62	79	76	70	99	1	95	44	91	42	81	85	35	91	60	45	97	43	91	67	4	97	34	94	19	66	75	63	19	5	87	18	58	56	60	5	33	72	36	49	14	99	90	92	83	9	76	25	73	90	80	17	28	86	91	
46	62	59	31	11	50	98	99	59	28	2	37	13	18	74	71	43	52	41	30	49	83	96	87	17	30	30	15	65	30	35	13	80	96	19	30	85	69	96	64	56	33	15	11	42	39	39	92	79	100	71	18	2	62	20	75	65	83	70	14	
73	42	43	34	64	53	40	20	61	67	48	52	17	84	2	18	8	7	63	71	65	63	69	100	93	77	82	70	36	61	19	99	10	19	2	69	78	8	57	17	57	93	70	85	65	91	48	94	62	56	71	27	61	48	95	94	75	68	73	86	
52	95	71	52	48	6	32	78	62	42	55	69	55	86	64	2	49	42	84	7	61	42	14	2	14	44	54	42	64	6	49	18	15	62	60	59	59	38	50	41	3	42	57	20	77	43	68	55	34	31	50	89	98	14	37	80	57	43	61	58	
83	47	91	10	86	9	69	34	54	80	99	86	46	5	67	82	45	51	77	11	5	59	34	72	99	80	83	95	11	8	40	21	58	45	10	21	77	57	55	27	15	79	52	53	87	34	37	99	19	55	84	24	1	5	33	88	32	67	52	32	
46	80	67	6	51	33	78	29	20	38	56	17	56	44	40	71	42	6	60	47	97	23	40	25	13	14	58	34	63	63	76	91	22	74	55	23	59	14	95	57	98	19	20	52	98	42	59	78	79	4	7	3	46	82	61	66	20	13	61	36	
98	46	48	20	53	79	35	79	50	74	90	77	52	45	41	76	97	62	65	63	89	21	30	5	33	13	55	76	87	32	11	59	79	17	87	84	37	86	44	14	95	89	86	14	38	67	89	32	13	52	43	35	46	57	90	95	99	59	59	33	
98	7	15	96	48	3	41	29	92	68	1	68	36	64	100	70	36	78	15	98	41	47	4	80	44	15	94	75	20	81	72	70	25	87	29	5	53	18	55	85	24	100	34	13	83	59	46	34	74	41	80	50	46	12	56	100	68	44	26	19	
7	70	55	63	24	56	22	44	12	70	32	94	57	99	83	17	17	57	30	74	72	33	54	94	32	94	68	49	49	31	83	29	10	71	94	41	6	41	69	72	12	56	4	18	69	25	1	52	54	30	56	75	65	97	23	3	3	74	3	61	
77	37	72	75	47	20	7	10	100	43	62	8	76	32	68	100	26	73	51	19	14	80	86	39	10	90	51	17	35	83	53	87	26	98	45	56	39	44	6	31	27	37	2	78	29	41	11	95	10	16	74	84	89	93	14	80	51	8	41	41	
71	46	3	58	58	20	67	8	78	27	93	77	84	4	100	33	71	20	17	81	27	1	56	48	2	49	24	64	52	82	81	77	61	43	3	56	51	58	12	27	92	10	74	39	66	67	48	61	98	64	99	77	66	49	63	76	18	53	66	5	
28	93	31	62	87	81	28	80	73	34	35	13	45	25	41	52	48	55	46	14	81	54	96	23	38	87	71	30	1	96	82	66	49	88	68	97	6	21	15	6	46	77	33	30	4	64	84	74	57	8	11	8	26	34	8	7	73	48	30	76	
23	100	44	58	37	60	11	48	6	82	30	98	8	94	16	6	74	69	57	72	78	33	66	27	7	67	67	29	21	44	10	8	20	70	50	11	1	4	56	49	14	77	100	100	53	98	39	37	95	15	39	66	79	51	48	87	37	41	30	77	
51	54	87	88	35	40	62	32	37	29	79	31	63	5	14	36	27	40	66	15	43	60	71	24	48	21	72	69	63	73	16	83	19	70	47	75	13	34	99	49	93	79	69	26	18	59	86	19	94	49	78	68	66	56	56	62	60	8	30	51	
7	63	73	63	69	90	24	61	2	31	82	34	4	41	90	93	81	54	30	35	44	25	94	21	11	48	90	12	45	87	58	14	20	74	42	86	97	51	65	38	54	36	53	79	59	76	84	98	61	63	86	93	80	43	83	64	68	36	1	22	
49	71	9	3	61	91	62	62	82	32	23	29	57	13	87	56	66	51	73	100	97	50	21	82	93	51	87	87	91	7	10	88	41	16	74	60	91	21	62	25	29	51	1	24	66	77	17	85	17	7	92	59	39	34	63	4	64	6	100	44	
5	10	96	58	9	49	25	63	74	33	36	49	58	68	75	11	11	72	73	39	96	95	50	67	65	96	36	49	89	72	22	25	73	85	72	92	92	74	47	50	9	15	6	32	45	84	5	76	22	68	46	100	3	72	1	48	64	3	25	83	
88	84	63	48	61	58	40	35	20	37	67	99	70	14	56	16	18	75	60	72	64	86	88	5	89	65	83	59	56	16	12	60	64	91	85	99	3	52	2	77	71	83	57	13	27	71	92	95	56	20	51	51	76	77	12	39	31	15	40	22	
33	82	4	11	11	41	87	97	4	9	86	96	78	7	69	32	25	77	92	76	96	75	71	97	64	42	29	100	21	66	27	90	90	78	38	19	35	29	18	90	8	62	46	46	97	74	100	91	76	89	87	14	91	38	54	95	70	16	39	70	
71	69	48	20	24	100	44	18	37	19	37	62	23	70	100	37	32	23	90	96	64	46	6	19	14	11	18	55	8	81	43	80	48	85	47	94	71	71	49	19	33	20	12	61	65	82	96	87	42	100	57	14	72	53	72	42	60	38	19	63	
60	17	32	41	74	13	17	34	67	4	74	86	58	48	59	99	49	69	36	70	8	25	99	13	94	97	69	23	8	72	63	29	10	25	94	51	51	62	93	86	88	34	34	63	6	54	71	56	32	64	26	37	31	28	91	93	84	95	45	14	
25	36	64	99	16	97	46	21	72	11	23	36	42	22	73	78	83	71	87	44	70	18	61	24	24	74	85	19	7	55	41	83	64	99	17	52	36	48	30	75	85	85	100	31	44	19	95	7	54	66	88	7	23	44	66	83	98	41	46	89	
95	36	92	15	65	33	59	63	32	19	21	57	54	12	58	18	43	34	1	42	67	52	36	21	87	78	60	46	76	13	85	32	79	95	63	76	52	17	73	42	34	5	16	23	62	27	84	43	59	99	86	92	25	77	1	27	29	43	23	29	
69	78	55	45	69	7	12	79	72	8	55	96	11	63	45	49	82	43	67	53	16	69	7	11	18	68	3	67	87	23	99	96	42	35	54	22	35	41	25	93	59	1	78	33	66	5	63	55	6	43	13	56	6	92	78	73	20	89	69	47	
63	28	93	95	79	20	60	56	90	24	86	60	95	97	56	25	77	98	90	13	10	20	37	64	24	73	81	64	60	14	39	37	2	52	100	54	20	14	97	8	82	37	69	77	53	40	56	76	50	2	71	11	94	5	4	17	3	40	24	21	
86	56	29	11	15	51	17	86	53	69	95	1	26	87	80	57	25	13	15	58	2	34	13	18	74	39	48	91	80	44	5	97	34	70	71	3	20	38	30	49	57	12	68	26	12	8	19	91	55	8	87	39	81	70	53	84	53	1	56	26	
56	94	26	95	24	82	6	83	99	48	89	20	93	44	3	41	26	49	12	22	74	22	67	88	43	73	53	79	88	80	89	27	10	26	74	94	63	28	86	86	41	10	6	92	50	72	5	65	65	60	49	76	67	63	63	39	75	32	39	81	
91	72	89	64	53	27	6	64	12	85	41	12	6	72	51	3	57	45	17	86	25	9	14	60	38	42	64	57	39	95	99	60	22	76	71	42	64	81	1	52	87	68	13	25	54	45	62	79	77	18	63	24	70	87	17	62	43	80	97	75	
97	29	11	94	100	37	67	98	96	25	67	54	20	3	21	25	49	26	99	91	17	56	80	31	71	15	68	86	94	5	42	23	14	30	21	81	27	38	18	30	69	23	45	50	98	51	66	40	90	70	52	90	4	95	46	91	66	33	98	88	
86	84	16	67	26	15	32	64	57	4	43	40	7	94	97	36	95	55	22	2	18	26	7	82	91	46	56	20	97	4	40	4	5	25	54	65	72	28	45	39	35	30	6	95	37	15	86	88	37	24	80	71	37	30	75	86	78	62	11	34	
45	52	16	50	17	45	64	47	62	100	51	81	89	93	16	58	57	21	65	98	69	13	1	7	59	77	1	2	53	34	25	81	22	90	80	30	47	68	3	72	6	20	6	84	67	69	59	95	65	69	20	78	59	48	67	38	64	51	20	46	
27	95	25	41	47	22	12	92	3	25	2	100	85	3	63	55	36	77	70	33	98	43	26	49	91	29	97	89	67	29	60	18	26	52	83	27	10	7	55	1	48	85	41	55	51	54	96	18	53	14	22	4	64	82	23	85	72	65	59	14	
21	79	49	66	32	54	80	81	33	66	45	39	32	95	40	61	60	33	15	78	26	79	73	32	70	82	48	75	27	72	66	7	83	20	76	86	14	21	43	17	45	75	46	35	89	8	36	38	67	95	88	21	15	49	86	45	98	64	60	92	
69	73	73	86	78	5	52	90	92	48	44	41	10	29	87	2	40	15	8	78	1	12	42	88	68	3	74	67	94	8	19	18	59	65	16	9	69	1	58	75	5	39	68	63	28	56	87	34	61	17	77	65	59	89	1	95	53	34	92	58	
11	81	42	27	20	83	40	94	87	41	28	83	83	3	42	22	2	1	30	41	47	58	14	87	6	82	53	79	21	5	8	6	5	44	44	34	87	8	36	59	35	9	32	39	72	92	38	57	73	36	93	50	12	49	31	28	81	70	43	54	
49	53	66	68	68	45	97	38	51	23	40	91	50	48	98	88	5	30	9	10	85	24	82	32	22	47	20	73	91	30	14	58	61	58	59	30	59	59	74	25	57	89	100	38	40	26	44	16	2	15	49	48	50	50	64	49	34	15	50	36	
43	53	2	1	73	3	18	13	80	50	38	58	69	38	73	16	85	37	92	1	71	54	33	43	52	89	68	4	20	58	4	34	18	96	40	49	48	49	59	70	61	75	81	85	71	45	99	73	96	58	86	94	35	25	14	27	75	78	84	53	
40	51	38	48	32	35	51	49	8	95	39	19	75	78	91	34	99	91	88	89	27	100	32	34	43	84	54	72	42	40	95	32	41	47	25	56	37	5	59	28	23	50	93	10	61	62	85	17	76	63	70	12	64	56	32	75	60	25	28	74	
46	56	50	61	25	6	80	72	89	31	12	32	22	61	37	25	65	56	38	62	79	58	48	18	96	17	17	84	36	81	25	33	47	34	88	76	42	91	63	39	11	96	87	20	81	85	28	14	33	43	23	77	72	11	6	51	19	57	12	13	
On machine	5
79	30	39	81	13	1	13	93	65	43	79	68	68	5	92	68	100	82	5	56	83	32	38	90	3	35	37	87	29	12	68	62	47	88	84	15	43	46	21	13	21	77	79	1	56	57	89	32	62	91	48	31	33	55	82	6	8	45	12	71	
89	44	1	47	50	11	44	61	11	12	5	18	24	13	55	45	43	73	44	88	40	89	85	51	71	67	72	83	74	34	84	73	40	98	51	64	21	30	85	85	23	68	52	37	36	81	47	76	69	64	44	56	26	91	21	60	59	16	30	58	
47	66	47	35	18	52	91	61	76	17	53	9	56	73	42	19	11	83	8	30	6	99	41	8	64	26	3	34	60	8	67	88	53	16	39	59	67	2	52	35	23	17	36	95	58	76	88	90	55	27	65	47	97	38	16	33	18	57	28	49	
5	68	91	75	41	29	47	55	99	4	26	96	82	50	32	33	81	85	25	32	56	66	59	63	91	32	8	97	72	25	35	45	95	51	3	37	78	60	68	54	30	69	38	37	32	43	87	17	76	63	21	67	28	24	9	82	72	54	86	53	
29	77	40	30	70	30	66	77	54	70	73	27	43	33	35	3	71	29	93	98	68	30	69	41	69	64	11	5	60	35	80	70	46	34	71	8	5	8	72	10	75	94	50	44	95	57	62	16	13	15	80	67	18	68	92	45	97	27	73	66	
42	100	84	26	67	24	37	52	78	75	9	70	3	9	64	68	10	25	57	86	30	86	30	46	19	42	6	51	46	24	48	30	16	92	50	91	88	82	21	64	3	43	90	72	84	31	54	67	16	44	90	67	12	29	34	86	74	83	23	83	
77	44	35	98	40	16	92	44	92	53	55	14	65	53	90	44	18	83	8	5	76	15	88	33	34	41	93	39	18	73	52	77	97	46	42	32	15	32	88	80	17	84	44	68	84	1	50	2	27	30	90	78	60	25	76	71	59	26	54	57	
22	52	60	57	40	67	22	30	76	59	73	45	49	36	43	96	52	6	65	6	49	11	13	18	70	23	37	48	36	95	9	88	95	21	76	23	52	47	10	87	97	6	16	2	65	4	16	28	29	45	63	100	14	71	28	17	15	44	19	86	
1	33	94	48	17	100	23	95	38	69	46	62	85	36	76	91	61	61	4	98	10	53	100	76	64	29	36	3	35	17	31	52	42	31	58	54	36	36	57	73	54	57	54	85	19	42	41	72	85	87	94	69	64	87	61	78	100	82	79	37	
13	94	40	94	34	58	60	16	36	33	22	73	8	8	67	79	80	35	95	53	72	69	86	37	27	99	53	63	73	94	15	41	31	50	78	80	7	53	4	15	40	53	63	95	32	26	29	4	20	56	51	58	43	31	88	29	71	92	53	37	
93	8	44	76	75	86	37	90	7	29	39	28	37	13	47	52	37	59	62	48	26	64	80	91	74	79	89	75	72	30	91	53	14	72	76	63	34	57	6	88	3	10	60	65	23	56	42	42	96	21	36	35	56	80	19	76	25	18	56	66	
77	3	1	20	49	43	37	56	36	80	32	87	15	23	3	36	94	80	41	43	61	11	94	85	4	80	95	13	44	99	34	63	67	20	71	88	98	85	59	13	41	58	91	13	50	36	21	15	86	9	63	81	8	59	61	86	67	63	100	91	
31	44	42	88	62	52	51	95	45	1	56	17	80	88	24	11	38	30	73	44	66	24	92	70	33	5	71	58	45	54	86	44	41	17	84	66	50	88	91	23	93	36	86	55	59	21	94	42	57	85	67	62	44	65	73	33	47	35	38	53	
42	68	34	22	79	55	36	17	55	83	66	74	36	42	85	45	12	2	98	44	40	28	20	73	62	91	77	77	88	34	90	20	98	10	19	91	73	38	91	97	41	7	77	31	16	78	31	70	48	99	90	11	75	56	95	81	33	23	4	96	
42	1	58	9	88	43	9	33	3	49	48	95	3	92	23	90	30	44	18	46	47	35	56	13	2	77	32	21	72	36	19	61	81	37	26	1	25	88	5	78	100	17	55	25	10	28	96	67	62	81	17	21	88	59	7	40	12	2	83	99	
33	99	8	92	67	89	86	13	93	89	98	8	54	73	69	77	66	60	85	90	83	69	41	75	57	46	84	31	18	19	13	46	38	4	26	61	15	39	75	23	44	45	76	82	67	94	61	97	79	58	36	3	83	99	84	20	72	89	54	70	
89	89	97	63	80	30	50	20	88	47	7	9	65	16	55	80	32	91	43	3	92	82	96	2	4	64	17	68	58	12	81	92	39	48	20	48	19	17	22	5	7	46	13	50	50	20	80	25	97	89	8	78	19	84	34	63	43	67	89	63	
75	58	90	83	76	3	80	66	23	62	45	100	80	44	94	22	25	94	22	31	58	84	27	66	42	70	84	78	48	21	62	50	86	95	99	10	58	39	88	81	24	85	83	38	31	84	36	100	91	37	82	85	66	43	48	82	82	43	9	19	
90	74	39	67	25	16	59	53	31	12	97	54	61	97	61	1	71	59	98	26	48	35	87	95	94	46	63	4	63	57	97	79	91	53	72	23	94	5	75	12	24	85	41	47	75	67	66	18	70	60	53	75	100	100	93	18	34	11	13	43	
8	25	33	28	93	22	90	91	66	1	21	68	57	98	27	54	78	86	79	6	42	92	20	83	54	69	20	56	30	27	45	75	83	18	28	88	89	55	32	77	17	69	60	47	66	96	47	65	50	3	10	91	28	31	27	90	24	2	13	30	
46	97	88	76	50	64	58	61	31	97	82	51	59	96	52	62	11	99	34	42	75	94	33	51	52	28	14	100	20	14	79	44	98	91	81	86	14	17	24	1	51	71	5	16	7	31	86	74	99	66	30	39	72	22	44	48	26	71	34	50	
27	82	54	83	25	57	40	46	79	51	89	74	5	70	40	75	47	74	45	57	64	98	62	14	35	40	5	56	13	61	50	38	64	33	35	45	48	84	29	94	53	66	45	66	32	65	7	62	33	52	73	4	52	2	27	22	18	95	38	66	
98	38	3	33	89	28	81	16	47	32	53	35	15	55	45	8	61	62	2	44	90	49	11	24	35	95	75	83	22	56	94	54	85	13	11	4	28	42	12	90	50	36	31	6	79	98	4	16	40	45	2	53	46	75	58	4	71	32	93	49	
10	50	18	39	66	39	8	45	78	80	9	53	72	41	59	41	63	66	98	18	69	8	26	21	64	27	42	15	35	10	86	40	88	26	17	63	49	12	70	89	3	70	15	32	19	62	14	78	20	87	63	62	99	44	39	44	82	28	56	15	
22	33	33	40	26	59	59	45	65	98	47	1	39	63	66	70	77	56	79	47	9	19	32	76	40	27	52	18	66	91	83	71	81	44	26	65	34	50	40	53	64	76	9	40	26	67	99	65	23	90	18	50	56	67	100	36	50	69	17	39	
25	55	35	35	16	96	33	31	22	19	85	76	16	24	64	1	71	15	37	60	21	1	76	18	59	2	20	38	42	58	34	67	71	46	57	75	47	80	39	18	74	45	45	44	42	3	34	46	88	31	36	11	83	37	4	14	83	82	11	54	
16	52	16	95	79	16	83	75	17	97	67	75	40	33	37	42	54	40	85	98	23	95	80	94	44	49	2	68	32	55	49	76	92	86	50	13	71	43	44	99	88	54	89	12	10	78	99	34	11	76	28	17	60	9	82	33	61	97	47	43	
46	94	6	45	5	70	36	14	97	24	65	31	6	64	54	74	74	97	5	69	99	54	20	59	89	72	81	32	42	19	57	99	1	63	87	15	84	17	87	87	46	49	68	31	8	82	57	6	58	65	19	77	84	27	96	12	1	2	78	47	
47	52	71	60	8	17	83	24	42	50	58	54	78	2	68	47	46	6	34	82	94	83	99	36	55	22	100	32	87	40	67	83	24	51	94	22	85	33	54	58	73	34	85	69	21	87	73	7	95	69	70	12	84	75	35	8	20	72	88	39	
48	21	11	22	73	34	52	73	50	46	53	55	97	72	81	51	42	99	92	88	17	49	60	35	63	20	75	35	74	53	65	53	48	69	23	69	13	33	44	5	56	17	91	29	20	9	69	87	75	90	88	16	90	30	76	90	38	22	65	43	
31	12	42	26	91	66	53	73	21	53	82	39	30	61	76	18	64	96	85	27	58	37	89	65	83	3	3	51	54	46	75	10	93	38	11	7	84	18	8	100	21	6	91	29	66	87	80	69	74	94	78	22	100	76	52	93	80	33	4	21	
55	8	40	55	13	26	77	14	5	53	60	100	29	43	38	96	30	59	100	14	82	3	71	88	76	98	60	6	57	60	19	68	25	87	57	54	31	49	51	60	96	24	6	68	40	57	3	61	87	32	28	65	4	62	68	5	72	84	93	26	
37	31	100	96	15	84	13	59	43	50	94	62	10	10	4	51	12	15	11	38	45	50	18	86	44	51	85	53	2	73	92	23	1	30	12	5	50	55	60	10	92	46	76	31	31	12	13	79	47	58	97	13	8	87	20	89	57	96	47	80	
88	62	56	52	50	22	62	27	55	15	47	91	16	97	47	78	46	22	10	95	6	1	9	69	88	32	77	2	20	22	93	30	52	6	17	81	66	7	3	30	24	4	44	38	97	2	66	17	85	55	9	91	33	65	40	53	64	8	61	65	
97	68	72	79	22	82	100	26	89	60	2	11	89	52	57	3	76	1	38	91	38	52	81	79	28	14	25	47	21	53	5	6	4	76	10	72	28	26	55	55	45	66	31	64	52	12	50	50	44	8	14	39	6	8	59	47	74	51	48	30	
11	99	4	65	9	98	81	15	37	29	33	84	44	13	14	22	51	94	46	96	51	44	86	39	57	48	6	71	44	84	2	46	90	71	47	67	67	91	69	17	16	76	7	9	19	99	16	10	28	2	1	71	59	72	63	30	95	48	78	71	
30	3	57	7	18	81	52	46	24	55	32	51	6	38	15	46	86	31	48	90	25	28	95	88	54	26	27	52	59	43	59	87	8	93	64	89	90	68	65	27	70	29	48	87	51	16	24	55	85	51	30	20	59	19	5	44	42	50	77	41	
30	25	62	71	10	93	16	100	7	93	26	47	90	94	33	99	95	29	58	16	72	48	31	58	77	83	70	50	79	61	82	69	52	16	94	60	20	5	87	16	1	7	37	89	84	69	49	22	85	90	74	90	58	81	62	30	69	85	54	65	
11	51	96	73	9	85	91	4	41	77	60	9	48	87	96	56	39	83	6	91	42	70	87	83	73	51	11	23	57	45	54	31	37	51	50	51	57	67	50	73	30	30	63	51	20	100	27	98	32	71	20	8	87	94	9	57	99	65	46	93	
34	10	88	75	72	65	84	8	16	15	98	13	31	28	37	15	28	35	48	46	56	42	57	72	78	46	13	50	8	72	16	27	64	81	79	68	89	75	87	41	81	76	51	26	40	70	1	35	90	76	77	84	57	48	91	83	75	69	98	20	
22	95	9	79	79	53	100	68	44	67	86	48	13	88	94	22	72	33	83	17	20	26	21	7	3	44	77	73	12	28	28	38	52	63	27	100	82	75	61	78	80	1	25	63	80	43	2	67	33	68	92	91	75	81	85	29	48	95	12	70	
19	78	92	23	93	48	84	6	79	54	29	54	63	14	93	44	82	26	79	72	9	32	15	95	11	63	68	77	98	72	38	6	69	100	9	81	26	93	39	17	12	91	1	64	7	45	21	25	27	81	58	65	45	24	80	59	87	13	62	64	
47	56	14	73	71	98	59	63	55	51	28	14	26	74	68	60	49	80	85	64	54	39	66	21	1	81	32	17	69	34	23	48	41	98	33	67	30	99	82	37	36	13	100	75	69	82	14	11	45	72	42	55	44	57	91	34	93	83	90	64	
55	84	36	70	77	59	77	81	97	55	15	51	8	12	46	17	60	20	55	63	71	55	23	57	77	14	17	11	88	17	86	64	50	43	76	22	10	74	1	5	86	75	57	73	1	23	39	17	21	15	100	85	23	65	40	62	5	83	25	8	
43	75	97	45	26	20	19	45	46	84	69	64	19	27	33	83	97	91	25	21	74	84	84	89	16	81	81	26	16	92	50	34	98	63	78	35	58	79	30	25	75	5	62	15	82	66	62	45	29	7	34	38	16	38	7	8	19	56	51	37	
65	92	97	39	81	50	93	26	28	71	40	67	42	92	71	12	4	41	60	71	53	33	70	45	43	42	62	16	20	82	25	19	50	27	60	28	40	91	22	78	14	45	5	60	15	10	60	77	44	55	71	58	40	2	83	17	22	20	36	79	
95	94	28	24	33	98	97	21	75	4	54	47	5	32	78	38	42	62	46	29	4	73	100	12	88	28	35	25	91	51	13	4	72	32	63	72	47	29	28	55	73	89	88	57	89	61	6	19	30	93	84	87	82	15	46	62	75	59	65	79	
56	75	70	18	62	46	74	47	96	67	31	76	75	15	4	32	90	15	61	70	69	55	78	37	87	88	69	49	34	86	58	14	26	22	46	95	71	89	21	2	51	85	16	54	41	30	59	57	3	67	84	7	37	7	40	94	91	60	94	63	
53	10	77	70	17	73	73	26	49	59	41	83	25	47	55	67	83	17	20	54	25	17	2	93	63	81	63	74	74	25	72	46	4	3	62	15	9	11	15	83	5	60	13	76	63	4	42	17	68	69	36	8	61	84	43	78	99	86	18	25	
16	96	11	17	46	76	98	85	21	98	29	22	98	68	65	91	47	68	39	47	82	21	61	4	76	49	27	57	80	38	86	27	32	80	24	47	60	17	15	80	79	26	66	79	10	2	66	78	29	40	34	84	31	46	33	93	81	15	71	74	
100	88	26	60	79	75	74	90	11	55	92	68	37	80	71	74	7	54	31	79	99	12	41	10	8	91	67	22	87	43	18	57	97	1	10	36	13	97	93	49	85	26	42	13	60	96	87	75	74	89	56	8	15	67	6	16	57	13	88	9	
5	48	73	51	4	80	86	31	62	63	73	40	18	69	3	79	80	5	82	66	51	83	10	8	39	78	100	78	10	76	67	33	52	75	35	10	37	2	83	22	54	5	99	63	40	69	46	98	96	59	20	15	66	47	11	19	1	8	56	20	
86	47	16	74	16	87	100	11	95	83	40	83	56	82	86	2	57	81	95	99	82	72	94	2	94	38	54	84	38	14	36	14	90	70	100	75	53	77	56	78	4	50	5	55	38	10	11	53	38	6	15	40	12	9	23	60	5	15	76	9	
85	71	99	52	46	99	86	82	55	89	88	48	38	99	75	47	6	99	41	96	99	80	49	19	95	65	23	99	13	83	31	1	20	17	58	2	98	23	58	6	85	94	43	43	26	7	89	93	69	10	44	96	12	82	85	58	15	54	3	85	
27	86	78	32	49	77	63	21	46	77	12	87	9	21	61	65	16	18	99	67	38	34	12	95	1	33	60	51	19	84	2	60	3	71	94	71	89	69	53	43	38	31	85	34	93	89	43	68	8	20	2	72	31	49	2	54	41	56	81	21	
29	52	52	86	21	30	61	52	24	33	64	53	45	1	96	85	46	7	20	86	26	39	37	43	30	23	61	50	98	88	40	23	35	46	14	70	8	96	46	80	38	68	93	52	24	8	74	13	39	74	16	70	9	14	24	14	92	17	1	41	
54	36	38	15	98	13	11	3	53	9	54	55	22	63	99	54	19	12	89	90	22	83	52	84	18	19	28	20	41	51	63	33	13	17	21	48	46	86	59	95	24	12	7	10	38	29	34	61	26	84	63	53	37	14	42	43	33	2	88	25	
73	96	46	84	65	50	12	10	79	60	3	33	45	94	100	75	12	39	15	52	60	65	92	4	73	38	29	45	90	24	60	93	84	53	78	64	53	68	48	85	1	52	17	89	28	82	77	16	45	85	17	54	27	6	14	77	82	52	82	37	
41	81	8	24	41	77	52	96	72	7	7	25	47	70	4	83	100	77	59	95	5	18	76	17	13	64	19	6	56	75	35	79	93	44	9	78	49	49	51	47	71	78	84	78	30	13	25	19	15	23	45	42	31	15	61	32	27	70	3	57	
86	52	15	15	71	94	50	51	16	72	55	39	86	66	12	96	94	1	38	81	71	67	43	83	1	39	30	43	1	65	40	29	6	50	43	74	23	82	32	3	50	7	72	3	73	30	41	23	55	83	62	5	29	66	77	80	89	51	74	10	
On machine	6
47	93	20	85	46	94	69	94	81	69	29	95	99	74	39	59	39	3	97	76	28	95	45	72	61	19	80	24	12	94	74	5	68	73	6	55	11	99	71	68	65	91	99	49	78	80	19	3	14	92	84	65	71	64	96	48	98	95	96	39	
22	41	44	20	85	1	75	2	41	38	57	68	78	19	10	59	8	94	73	51	12	78	84	36	74	43	50	14	90	41	47	17	39	19	55	27	74	79	82	50	43	11	25	51	50	6	4	79	78	71	20	99	34	16	91	63	98	39	76	67	
3	42	67	78	86	17	43	14	27	12	59	95	31	1	73	19	55	39	39	99	13	60	76	60	100	35	45	92	7	21	96	17	26	25	3	46	60	75	37	17	60	19	18	29	87	89	57	62	26	82	51	5	76	64	49	96	85	3	60	29	
1	77	100	62	3	23	79	41	90	60	28	57	41	54	16	8	64	10	63	46	14	73	18	19	66	80	80	16	83	99	98	16	51	54	72	76	57	44	96	47	42	65	1	100	21	49	84	57	50	89	37	57	93	22	98	91	50	95	68	81	
8	72	35	92	30	25	54	53	42	3	33	85	20	37	70	31	9	41	3	62	69	78	23	62	17	49	26	7	1	19	73	97	93	13	53	28	82	85	52	100	20	57	51	69	98	81	77	83	97	42	95	48	84	15	87	76	99	79	19	50	
27	17	52	58	90	55	14	94	19	19	1	9	48	33	16	52	18	92	26	71	33	71	62	100	25	99	63	65	3	80	64	36	72	83	88	66	75	38	93	29	25	70	62	83	34	36	78	47	93	27	47	58	16	53	52	36	94	20	42	8	
45	23	1	13	84	65	61	47	71	73	43	33	52	7	26	12	2	77	97	36	39	94	34	26	32	23	87	42	60	23	13	69	29	92	79	61	46	2	44	68	60	80	59	6	87	85	9	67	67	73	7	65	76	28	74	2	19	54	5	68	
67	43	23	92	10	9	88	92	47	59	40	85	72	24	17	16	59	89	59	68	63	52	94	12	24	22	16	61	38	61	86	64	54	9	84	5	1	99	34	86	43	88	9	65	28	37	37	96	28	91	85	48	8	77	82	23	10	23	39	1	
1	33	56	44	6	72	100	84	62	37	1	52	94	100	11	94	31	94	84	8	26	86	86	93	43	88	77	73	27	39	79	29	72	34	17	90	4	73	72	22	45	97	48	32	64	63	67	3	75	48	33	49	89	27	63	100	91	35	29	38	
44	36	73	1	2	31	20	13	34	44	27	57	18	63	47	3	52	6	56	76	70	18	72	83	20	93	38	21	2	71	65	93	90	64	11	93	64	36	90	25	20	8	89	14	68	28	82	6	27	77	55	77	49	73	2	71	28	53	33	53	
38	91	26	12	40	71	88	26	82	35	66	38	20	45	75	66	73	56	50	11	97	15	99	87	96	81	30	39	89	98	64	6	21	65	95	66	1	26	85	38	68	49	96	28	33	28	96	99	59	54	54	60	70	53	88	100	47	57	12	13	
19	77	73	14	53	69	68	95	16	89	84	82	18	49	8	3	54	49	29	83	11	3	82	55	58	78	82	61	62	18	85	51	2	98	98	83	58	52	17	36	66	7	56	94	84	5	11	71	20	95	40	72	61	22	95	34	77	3	70	99	
48	91	56	79	89	24	39	43	18	42	31	23	67	25	5	95	69	97	84	72	71	43	27	100	64	8	68	32	10	32	99	88	39	76	17	16	6	43	54	68	28	66	37	25	75	6	96	15	30	82	60	47	78	25	81	50	61	92	53	48	
82	56	17	21	17	51	69	54	79	36	37	52	39	100	44	42	9	71	20	40	43	52	9	30	91	64	23	53	49	55	46	20	81	28	61	71	19	62	23	77	69	3	35	66	56	22	38	11	67	35	29	64	40	78	85	58	88	76	32	27	
38	77	92	43	71	87	66	29	32	65	71	40	11	71	93	34	3	85	17	58	7	67	72	73	68	1	84	4	54	98	52	67	28	17	42	17	15	33	60	30	70	89	49	61	75	25	54	28	55	20	57	85	98	95	92	94	65	72	12	66	
9	30	88	53	77	72	29	6	15	24	68	32	91	74	70	60	31	73	50	32	10	57	44	86	8	70	93	38	53	16	91	46	13	87	70	13	87	13	96	70	5	70	41	70	48	63	25	15	56	46	78	86	18	40	12	23	76	32	75	67	
73	64	85	43	90	82	60	59	88	53	95	73	62	43	91	96	9	72	51	79	62	32	28	74	16	18	4	59	44	51	31	92	89	53	100	88	71	82	46	15	58	11	62	76	62	72	26	10	94	31	30	64	97	13	22	28	60	83	9	85	
22	12	17	69	81	99	58	11	57	12	11	26	62	16	38	69	85	41	51	63	46	70	21	86	45	90	72	100	90	30	58	63	27	34	83	42	52	85	26	11	84	88	67	46	87	67	14	45	78	93	29	22	27	29	61	22	29	25	21	23	
6	32	63	48	43	51	7	99	91	7	45	80	92	49	86	16	39	41	90	97	98	92	21	32	19	25	100	82	6	38	5	75	19	32	81	64	57	59	96	80	70	67	70	46	89	59	37	93	76	18	11	11	65	100	10	58	87	9	97	80	
36	37	56	54	66	19	79	35	95	11	50	73	85	70	1	37	22	39	47	79	75	21	100	45	7	26	48	80	55	46	24	22	19	21	35	38	71	17	69	13	83	83	34	83	52	35	82	77	72	1	76	96	4	15	25	85	84	45	43	90	
62	72	34	18	87	46	61	57	6	93	75	22	50	42	3	92	35	84	70	90	60	12	73	46	47	35	99	85	95	19	68	69	70	30	85	74	43	61	18	85	67	55	66	78	100	13	78	37	89	81	64	68	39	33	21	79	7	62	45	64	
10	32	22	39	25	69	52	64	29	70	51	84	1	52	89	70	33	75	37	71	87	63	77	31	68	48	92	30	42	79	67	5	67	97	33	10	60	16	52	59	19	68	30	93	10	72	100	44	25	69	58	56	57	10	99	68	10	96	91	46	
98	79	46	94	39	14	58	40	95	68	15	95	62	8	26	35	80	46	4	85	83	58	9	42	79	5	64	65	60	41	49	61	36	30	73	78	38	6	12	35	38	65	80	44	73	33	64	20	52	11	48	42	20	27	88	28	84	9	20	76	
55	40	58	54	76	71	84	5	11	58	75	49	12	54	68	6	38	44	34	99	53	43	24	29	20	55	89	57	26	89	57	51	31	5	6	89	85	51	95	23	12	73	56	20	35	87	74	49	79	32	23	44	97	61	37	92	35	76	67	27	
11	18	45	40	96	71	42	10	57	57	99	44	91	16	85	35	33	93	74	41	21	46	44	7	50	89	2	9	21	15	3	81	64	11	64	93	25	35	9	77	98	18	99	80	73	74	65	62	63	40	20	46	28	90	4	24	97	28	11	26	
1	22	8	47	65	25	40	92	36	12	12	34	73	5	48	8	86	92	49	53	60	71	13	28	64	63	3	80	14	18	73	86	4	37	86	65	78	88	11	52	75	11	85	73	98	95	68	38	25	38	91	40	86	35	92	52	97	50	9	73	
25	38	67	65	98	56	73	27	54	71	24	49	63	32	90	35	41	72	69	43	24	71	74	39	83	23	81	44	98	62	11	52	42	45	89	35	47	33	30	73	66	82	40	31	56	30	15	74	25	59	67	32	85	8	71	82	52	32	77	69	
8	68	32	82	96	66	12	71	91	83	12	59	38	75	30	74	13	85	79	99	91	24	56	11	49	88	20	81	41	34	91	52	40	59	84	9	8	70	54	47	69	72	72	57	82	39	10	22	32	71	26	95	3	72	10	54	56	44	88	100	
90	40	79	19	39	20	80	94	50	100	9	67	95	92	89	51	94	77	41	83	11	77	64	100	41	83	13	95	54	63	32	83	55	3	74	28	24	23	23	50	78	9	53	33	79	65	3	82	26	59	61	65	83	62	30	100	73	12	95	72	
90	58	10	91	47	18	87	38	13	99	45	4	72	85	37	82	74	60	50	96	13	65	24	8	56	95	50	62	55	20	30	56	50	97	69	98	64	49	74	68	32	36	75	31	95	27	89	50	31	12	27	30	48	52	22	84	38	15	55	69	
58	75	5	10	56	43	89	66	88	42	4	76	7	80	68	21	64	8	53	37	76	6	93	33	39	80	98	98	72	44	26	55	47	20	49	72	97	76	75	65	56	75	56	49	99	32	40	17	19	7	14	76	99	93	100	4	50	52	100	20	
8	62	13	35	34	71	5	73	37	41	26	53	91	72	86	39	76	55	71	7	48	77	71	65	66	39	65	22	96	8	28	51	96	10	59	5	19	53	25	77	39	70	74	69	3	62	30	98	73	95	2	95	63	13	64	2	7	40	95	17	
83	70	87	28	57	48	69	77	90	98	42	48	5	50	8	32	86	85	37	78	63	64	32	69	60	84	50	49	90	81	62	36	29	92	32	50	14	31	6	47	18	41	30	82	37	30	10	48	25	48	30	27	23	91	26	65	22	98	60	4	
25	2	66	70	47	38	59	16	29	36	30	27	32	31	47	39	76	14	99	100	88	39	46	29	95	100	75	3	18	70	2	26	82	38	100	33	97	81	44	60	64	30	33	41	44	51	25	84	66	93	12	56	31	16	32	65	95	38	95	47	
72	25	1	74	43	78	87	80	95	69	40	9	21	38	28	65	86	66	39	71	86	55	87	32	61	12	16	13	77	5	70	17	60	26	56	42	22	1	44	55	40	53	15	94	2	44	62	24	46	40	13	61	22	9	55	96	40	34	34	86	
27	67	9	10	9	9	43	21	36	80	14	46	57	93	75	45	79	51	8	56	59	48	79	79	56	55	41	60	50	96	3	65	3	5	47	40	5	24	86	35	40	43	5	94	54	58	10	21	62	91	32	50	87	74	18	79	13	16	31	56	
24	86	82	56	67	98	16	36	46	53	86	72	92	41	85	85	23	24	87	82	97	86	64	47	8	40	85	19	85	73	75	96	86	1	43	37	47	8	77	47	89	56	54	88	18	18	15	24	80	7	15	20	2	13	28	29	19	75	80	17	
68	65	17	41	39	9	71	82	13	95	17	63	42	2	51	35	51	75	22	95	25	62	84	28	91	7	74	2	39	86	20	63	93	21	96	1	81	53	61	33	68	72	52	98	32	31	40	33	55	36	22	3	77	85	96	60	89	62	52	17	
6	14	92	72	30	93	8	1	90	18	49	29	51	11	27	43	9	58	5	3	2	48	64	62	45	49	95	5	87	94	69	37	10	46	32	31	49	24	17	54	35	27	23	74	39	39	81	5	71	72	2	91	31	84	23	6	21	66	4	51	
79	76	62	48	64	76	56	22	59	83	12	78	32	81	12	71	12	77	46	42	75	68	36	50	52	8	35	49	53	19	59	87	31	7	94	49	96	68	21	96	3	61	76	83	25	52	56	58	54	68	19	93	93	19	86	61	43	71	65	89	
72	36	40	63	76	77	57	84	58	64	98	33	99	38	21	24	37	19	73	38	48	45	22	14	85	32	12	70	89	85	72	41	100	51	4	65	86	95	8	17	54	45	36	13	93	24	55	36	50	2	61	43	52	100	10	73	66	96	19	59	
42	51	12	96	7	70	86	75	69	67	93	60	71	65	26	48	43	81	47	41	94	62	27	73	92	48	24	26	34	35	54	38	21	61	66	36	86	9	2	11	33	85	59	41	22	56	40	18	71	93	61	6	22	3	59	29	61	61	42	5	
11	12	45	21	88	98	45	84	17	89	76	88	25	37	7	68	35	18	26	68	70	41	51	51	5	32	22	73	58	68	99	30	34	71	29	15	37	35	21	52	64	73	81	17	98	25	7	33	94	30	81	36	3	61	39	8	5	66	23	70	
53	93	59	66	62	57	24	64	33	3	94	28	78	99	97	48	68	88	86	45	67	40	76	35	72	76	72	25	96	28	87	81	17	75	47	95	77	26	25	8	76	55	25	88	64	40	82	56	95	44	32	26	42	9	59	70	43	2	95	34	
11	83	8	68	89	19	50	14	9	74	1	55	6	71	73	52	83	86	78	89	35	10	98	81	62	69	95	15	25	17	74	15	70	3	100	24	82	84	85	72	44	99	42	9	94	86	87	60	8	93	32	19	19	21	63	67	56	59	23	8	
26	82	11	33	41	99	51	42	8	51	58	95	20	16	39	10	21	92	13	65	74	93	73	58	12	73	99	50	40	92	27	87	26	20	98	62	16	23	59	81	86	28	43	97	61	39	1	62	32	74	94	69	64	92	39	46	82	52	43	20	
46	55	4	22	4	9	90	63	38	37	6	96	70	46	39	68	81	60	78	33	44	72	63	57	45	5	49	56	37	32	26	8	29	77	93	48	81	85	71	49	5	6	11	45	82	26	7	54	43	45	36	91	44	85	18	98	78	86	28	26	
49	81	36	65	98	93	82	100	46	9	17	74	67	41	11	83	83	79	2	78	30	63	83	5	23	2	18	70	71	64	54	29	98	24	30	25	82	80	100	44	89	33	69	48	93	56	85	62	69	42	8	80	47	65	70	73	4	3	15	11	
56	6	42	2	31	9	55	35	91	86	58	47	70	28	26	25	74	71	89	38	72	74	38	16	18	100	61	28	20	55	26	64	13	88	56	11	65	71	51	59	61	2	72	5	23	63	52	79	52	87	60	27	95	60	31	57	19	99	68	67	
3	22	57	92	13	64	5	94	56	10	58	9	78	60	10	18	78	93	35	97	89	4	76	13	12	75	87	25	81	28	76	20	53	53	83	9	77	88	40	49	60	44	73	81	84	98	49	78	77	31	96	14	2	69	32	48	29	16	38	56	
21	63	51	49	78	92	1	10	17	24	93	78	4	82	59	19	37	61	8	17	58	80	15	84	27	98	29	80	59	39	41	68	76	53	4	81	85	70	73	35	25	81	73	43	86	63	37	15	83	4	20	60	29	37	30	6	84	53	81	89	
86	91	15	62	31	90	56	43	19	44	18	44	53	34	98	10	4	41	21	45	55	85	63	1	40	18	47	32	16	31	83	23	25	9	41	86	1	69	73	61	96	29	57	13	32	41	71	42	63	32	26	33	4	40	59	29	74	34	61	26	
53	7	71	27	66	20	93	8	45	95	66	26	100	94	65	30	87	59	97	99	3	77	21	20	40	42	76	73	14	50	1	36	5	95	94	79	99	77	9	41	78	47	60	62	19	2	50	35	59	90	34	9	63	40	44	92	17	75	56	51	
53	57	17	26	45	15	47	57	53	19	89	15	5	10	54	25	76	38	80	48	73	10	81	100	61	8	22	55	16	62	93	21	47	36	27	77	57	64	34	35	24	83	91	8	78	80	60	35	1	14	84	9	12	67	15	28	75	58	79	63	
1	32	19	69	27	26	7	79	16	46	40	55	79	57	69	82	41	20	70	80	56	93	85	35	43	51	59	53	58	93	36	18	92	88	80	17	91	88	95	13	84	68	24	60	56	88	75	15	86	6	17	12	74	4	3	60	53	61	13	63	
34	6	36	2	56	11	70	16	41	42	58	72	7	83	94	85	29	80	83	98	96	87	16	84	59	90	19	37	15	31	89	83	59	80	23	53	23	16	20	18	14	99	57	94	50	82	35	4	7	30	67	38	73	19	92	46	50	60	8	31	
89	10	44	31	60	56	65	50	99	32	15	70	54	91	14	73	37	62	73	56	2	58	62	61	35	29	47	79	92	9	6	57	23	13	81	96	38	66	63	93	17	59	78	58	37	79	11	79	4	98	87	41	98	39	29	38	23	58	95	36	
30	58	78	78	49	68	76	63	94	29	41	62	93	68	45	29	11	43	99	70	78	67	58	95	14	74	91	57	64	14	64	27	14	83	83	8	86	77	58	82	30	93	85	53	98	76	100	63	27	90	79	49	73	93	52	54	8	55	32	90	
40	47	88	66	60	87	9	42	7	78	62	7	86	96	13	10	22	70	100	72	38	49	57	36	87	67	44	82	34	29	100	89	49	20	85	100	94	27	73	91	4	19	32	17	76	27	100	61	7	47	52	69	68	76	28	98	73	26	87	47	
25	68	36	90	12	95	15	72	39	86	18	49	89	57	65	95	10	77	86	50	50	42	5	96	45	14	17	21	34	77	11	77	77	38	75	41	33	49	48	92	58	37	16	23	62	87	28	55	73	48	4	1	67	100	18	30	65	63	43	72	
