Factories	2
Families	40
Machines	6
SetupType	3

Number of Jobs in each Family
8	6	2	9	7	9	10	5	9	10	7	1	3	2	7	5	3	3	2	10	2	7	10	1	10	9	8	1	5	7	8	6	7	6	1	6	2	8	5	9	

Jobs in each Family
0	1	2	3	4	5	6	7	
8	9	10	11	12	13	
14	15	
16	17	18	19	20	21	22	23	24	
25	26	27	28	29	30	31	
32	33	34	35	36	37	38	39	40	
41	42	43	44	45	46	47	48	49	50	
51	52	53	54	55	
56	57	58	59	60	61	62	63	64	
65	66	67	68	69	70	71	72	73	74	
75	76	77	78	79	80	81	
82	
83	84	85	
86	87	
88	89	90	91	92	93	94	
95	96	97	98	99	
100	101	102	
103	104	105	
106	107	
108	109	110	111	112	113	114	115	116	117	
118	119	
120	121	122	123	124	125	126	
127	128	129	130	131	132	133	134	135	136	
137	
138	139	140	141	142	143	144	145	146	147	
148	149	150	151	152	153	154	155	156	
157	158	159	160	161	162	163	164	
165	
166	167	168	169	170	
171	172	173	174	175	176	177	
178	179	180	181	182	183	184	185	
186	187	188	189	190	191	
192	193	194	195	196	197	198	
199	200	201	202	203	204	
205	
206	207	208	209	210	211	
212	213	
214	215	216	217	218	219	220	221	
222	223	224	225	226	
227	228	229	230	231	232	233	234	235	

Total number of jobs
236

Processing times of jobs
9	3	10	6	8	6	
6	9	7	4	3	1	
9	4	5	10	10	9	
3	5	7	7	1	1	
4	1	1	6	7	3	
6	9	1	6	10	2	
8	8	2	9	1	2	
4	8	1	2	9	6	
1	6	4	9	6	10	
10	6	3	4	4	9	
4	7	6	7	4	9	
1	3	5	10	9	5	
3	3	9	4	2	8	
8	7	3	2	3	8	
4	2	4	7	7	7	
6	8	2	4	4	9	
7	10	9	3	2	10	
3	7	2	3	4	4	
9	1	7	2	9	5	
8	7	1	3	2	8	
6	10	1	1	8	5	
4	5	4	9	3	9	
8	2	6	8	7	8	
7	9	10	1	4	5	
4	1	10	2	6	1	
1	8	5	10	2	9	
4	2	4	2	2	8	
1	8	10	6	8	5	
7	1	4	10	9	7	
7	10	6	6	5	2	
6	7	4	1	1	6	
4	5	5	7	2	5	
9	5	7	6	2	10	
10	4	4	10	5	7	
8	3	1	4	4	4	
6	2	4	5	8	2	
4	2	5	10	8	8	
5	10	2	3	10	1	
1	6	3	3	10	8	
7	5	6	1	6	10	
2	4	5	1	2	9	
10	4	7	9	7	9	
2	3	10	2	10	10	
2	6	4	7	1	3	
1	10	7	7	6	9	
8	2	1	10	10	2	
8	8	5	8	9	5	
10	7	1	10	6	9	
5	4	6	5	1	7	
2	8	1	10	2	6	
8	3	6	2	4	4	
2	10	6	2	10	5	
5	4	5	5	9	7	
10	1	6	7	4	5	
9	2	1	5	4	4	
6	1	8	6	10	5	
9	6	5	8	10	1	
5	7	9	2	4	1	
7	2	3	4	8	9	
4	9	10	8	2	9	
8	4	4	3	2	10	
5	7	5	2	6	10	
4	5	8	3	1	1	
7	4	4	4	2	2	
6	4	5	4	7	7	
5	3	3	8	8	1	
10	4	5	3	5	1	
5	5	2	4	5	1	
4	1	9	5	6	9	
8	10	8	8	7	3	
9	7	3	10	5	7	
6	5	7	9	6	8	
5	4	6	3	6	7	
3	6	5	7	2	5	
8	4	10	10	8	10	
2	7	6	2	10	3	
7	7	9	10	8	1	
9	3	4	5	8	5	
10	3	4	10	9	9	
7	3	1	10	6	7	
1	2	7	9	2	7	
2	3	2	9	5	4	
1	4	4	1	2	5	
9	1	3	8	4	4	
8	4	9	6	7	4	
10	2	2	9	5	9	
10	4	10	8	1	3	
10	8	6	8	3	3	
2	2	7	6	2	1	
4	7	2	1	9	5	
1	7	10	5	3	10	
7	8	2	1	2	1	
6	6	8	4	10	3	
3	2	3	2	9	9	
10	8	3	9	3	6	
3	4	4	3	7	6	
9	9	3	2	4	6	
9	7	7	8	8	7	
10	2	10	4	1	5	
7	4	1	7	1	2	
5	1	1	8	2	9	
2	5	3	10	3	1	
6	1	7	3	5	7	
5	8	4	3	10	6	
5	9	1	6	7	8	
8	1	4	9	5	2	
4	6	9	8	5	8	
3	10	1	4	4	10	
1	10	5	1	5	5	
10	1	4	8	4	7	
5	5	5	6	10	1	
2	1	1	6	8	2	
8	2	1	8	1	1	
1	7	6	9	8	3	
8	2	7	10	10	4	
4	5	10	6	4	8	
5	5	1	4	9	6	
1	4	3	2	4	7	
9	6	8	5	3	9	
8	8	6	3	7	2	
9	4	4	5	9	10	
3	2	7	4	5	8	
2	8	9	10	2	7	
2	1	10	7	1	3	
6	10	6	9	3	4	
2	8	1	2	10	5	
3	3	8	1	9	10	
2	10	3	4	9	3	
9	9	9	5	9	7	
5	5	9	9	10	10	
7	9	3	7	6	8	
10	1	10	8	4	10	
8	9	5	1	5	9	
2	5	3	4	7	1	
2	10	7	4	1	6	
8	4	5	9	6	7	
10	10	7	7	6	8	
10	4	3	3	4	10	
3	7	9	10	7	6	
1	10	7	6	5	8	
1	3	7	10	6	8	
1	1	1	10	9	4	
2	7	4	2	4	8	
1	7	5	5	7	10	
8	1	5	9	8	5	
5	1	3	6	8	10	
1	1	6	1	5	10	
2	2	7	1	2	5	
5	4	7	5	1	1	
9	3	1	9	3	3	
9	3	9	8	10	9	
1	10	6	6	2	9	
6	6	5	10	1	6	
4	7	5	1	6	3	
9	10	8	10	6	10	
10	5	4	6	1	8	
4	7	6	1	9	8	
7	8	2	1	1	2	
4	4	3	1	5	3	
6	4	9	8	1	9	
3	6	1	6	9	10	
10	9	4	2	10	9	
4	3	3	1	9	6	
2	1	5	2	6	10	
3	3	7	7	9	3	
2	9	9	8	2	1	
10	6	5	6	5	9	
7	1	9	7	5	2	
9	7	4	4	6	4	
5	3	2	7	4	9	
7	5	5	5	1	4	
7	8	9	2	8	5	
5	2	5	2	4	7	
8	9	5	7	7	8	
7	1	4	9	3	10	
6	7	9	4	8	1	
9	8	3	8	9	10	
5	1	3	6	6	7	
7	4	10	7	6	8	
7	2	2	1	9	7	
3	7	5	9	3	7	
4	7	6	8	6	7	
7	2	8	4	10	3	
1	9	10	8	5	2	
1	10	7	9	8	1	
4	6	10	10	7	10	
1	3	2	3	9	6	
2	7	4	8	4	1	
5	9	5	9	9	4	
10	5	10	3	10	6	
8	7	2	4	6	7	
1	4	3	4	8	1	
4	10	1	10	6	8	
6	9	4	3	4	10	
1	6	3	6	9	2	
10	5	6	1	2	4	
8	9	7	5	1	3	
6	6	10	4	6	6	
3	6	4	1	7	3	
6	3	7	9	2	3	
9	5	7	1	7	2	
8	2	3	4	5	8	
2	4	8	7	10	1	
8	8	2	8	10	6	
1	2	9	8	10	9	
10	1	9	1	8	5	
6	4	8	4	8	1	
6	10	9	3	7	6	
2	9	1	1	2	8	
4	4	9	8	10	2	
4	10	7	3	1	2	
7	6	1	2	5	9	
9	8	10	5	2	6	
4	8	8	4	7	6	
7	5	7	10	3	10	
9	5	1	8	1	5	
4	3	4	9	5	3	
9	4	3	8	9	3	
8	3	6	5	9	3	
2	9	2	7	3	2	
6	10	2	3	2	8	
1	7	5	8	8	7	
4	1	6	9	6	5	
2	1	10	4	10	5	
2	10	5	7	8	8	
2	6	3	8	8	4	
2	10	5	4	8	1	
3	5	5	10	3	10	
1	9	3	9	6	4	
5	2	2	5	5	3	
5	6	7	5	8	8	
8	8	6	6	10	4	
8	2	9	5	9	8	
8	2	1	10	2	4	
9	3	4	2	8	10	
4	4	8	9	3	8	

Stepup times between Families, where [f][f] represents initial setup time
On machine	1
18	56	2	52	96	87	88	100	80	19	9	84	10	17	68	19	24	49	50	69	49	18	10	10	14	24	8	63	4	29	72	100	42	89	66	19	16	43	97	77	
28	15	84	90	41	41	65	62	1	26	32	85	39	14	98	58	24	81	31	31	73	38	44	80	6	93	13	14	30	96	66	26	83	100	81	7	95	48	23	35	
14	46	30	29	74	41	54	19	65	80	98	69	30	1	38	98	23	51	83	5	56	36	47	12	4	78	45	16	72	61	63	36	100	26	18	60	90	49	22	76	
4	39	75	73	38	50	18	90	51	49	88	51	48	5	12	74	35	16	27	32	36	52	25	99	74	12	77	99	88	1	70	89	57	11	28	34	25	65	4	29	
29	30	8	65	18	21	56	25	92	20	46	85	76	9	37	36	60	53	23	58	91	44	81	28	13	49	94	29	75	41	64	63	2	78	62	86	36	58	25	21	
40	22	89	99	11	36	10	32	31	30	76	4	87	40	64	62	75	67	49	29	73	92	53	47	100	5	35	47	8	35	49	53	22	56	17	59	86	53	14	46	
66	54	56	61	61	100	11	78	91	83	68	27	30	46	84	10	58	56	87	67	29	20	81	26	23	19	58	69	44	28	99	44	61	68	54	15	87	84	34	62	
86	12	33	74	83	9	86	88	92	5	10	23	24	65	28	79	73	43	12	92	85	13	38	99	21	50	68	35	8	100	97	42	31	34	26	47	31	74	72	91	
99	65	100	19	12	2	80	65	51	92	11	48	73	72	58	57	61	75	28	56	53	72	19	23	6	60	68	9	70	49	81	38	82	76	24	46	41	47	83	71	
42	95	94	83	37	90	5	42	77	19	2	28	52	8	5	49	7	40	47	17	56	59	36	87	26	15	51	53	19	32	3	30	48	46	2	30	60	61	77	81	
73	54	28	99	96	64	80	3	3	13	90	87	6	74	8	3	57	84	22	15	51	69	22	14	76	39	15	16	26	34	28	43	2	20	81	70	2	44	53	46	
13	59	27	86	67	15	62	57	17	25	10	97	68	90	76	34	82	32	77	23	44	38	92	72	59	21	36	69	48	100	91	41	62	18	88	79	79	19	46	65	
58	72	30	18	99	3	95	42	3	19	8	23	53	83	98	83	17	29	42	11	76	5	77	97	57	98	10	49	43	73	28	81	74	67	29	27	62	37	17	100	
45	22	91	17	17	63	21	36	63	44	15	4	90	73	14	26	82	40	65	73	58	76	95	31	75	41	26	24	75	34	76	73	3	63	88	57	65	21	95	29	
25	70	11	82	84	73	59	15	97	14	61	18	80	46	57	19	44	62	42	4	18	20	54	72	6	33	89	90	52	81	2	99	11	40	81	63	84	90	56	28	
79	93	9	73	30	82	72	54	14	65	37	51	93	1	88	42	72	84	91	17	62	82	47	28	10	20	91	63	46	19	1	99	11	82	58	22	22	100	21	52	
92	16	3	7	70	67	33	10	88	36	25	65	8	50	54	36	17	43	99	83	48	7	78	37	89	79	24	68	99	27	39	36	66	46	71	1	77	89	35	2	
91	41	65	51	60	20	67	83	8	6	74	86	100	88	54	61	22	22	63	8	98	13	80	38	32	51	79	60	4	22	20	22	60	15	45	51	25	80	13	36	
72	72	16	22	9	37	86	92	61	77	31	61	85	85	83	64	3	27	93	61	37	4	5	84	55	78	10	96	60	2	13	39	40	68	64	100	72	81	18	97	
6	78	24	72	87	87	7	91	98	71	22	43	55	18	26	69	44	42	4	74	27	34	100	41	56	24	96	18	16	66	78	82	30	88	1	40	93	12	65	42	
50	41	10	32	67	32	71	8	44	23	43	66	77	12	31	98	41	67	54	36	97	15	46	23	56	70	99	58	17	34	25	7	70	30	69	48	8	30	15	94	
46	2	79	76	90	53	17	41	62	52	87	97	100	72	25	77	80	58	54	9	73	10	2	22	14	30	50	1	42	44	88	74	22	57	31	63	43	87	85	7	
63	9	47	74	99	57	4	36	79	43	38	98	1	16	74	96	46	34	70	88	29	54	68	90	53	97	92	80	39	63	50	43	100	25	54	31	73	79	24	35	
75	53	95	57	99	73	95	9	83	28	89	67	90	92	60	34	34	3	90	70	75	78	49	34	74	24	99	83	19	56	10	83	3	16	68	5	65	51	46	52	
76	38	63	54	72	70	16	99	69	49	89	98	13	10	70	40	32	58	11	74	35	93	13	27	36	24	11	87	91	4	91	90	97	15	88	21	20	17	43	89	
43	9	21	20	39	21	21	60	63	51	18	6	76	10	100	92	100	33	70	6	91	34	82	90	91	46	64	27	4	7	3	47	83	58	57	19	36	86	30	70	
69	20	56	68	30	76	22	42	62	99	37	87	15	27	22	65	48	17	58	60	26	69	42	58	29	35	7	32	17	32	44	51	65	51	61	11	78	5	88	80	
66	15	70	82	39	82	5	34	39	47	43	97	78	44	61	45	66	78	9	86	53	1	33	59	72	93	5	4	59	99	58	18	69	31	32	62	97	47	5	90	
9	52	59	6	50	54	12	41	89	58	12	70	76	16	47	57	64	99	31	78	45	72	12	42	74	36	50	27	87	89	55	33	52	79	18	78	60	41	3	85	
6	79	99	91	51	49	31	82	52	47	20	87	1	22	82	45	25	83	29	98	36	54	71	2	3	78	67	94	20	92	25	90	1	41	56	18	65	56	40	9	
64	87	20	39	18	28	87	26	83	54	5	23	65	5	24	14	11	96	92	61	36	78	60	76	39	80	37	42	6	73	60	27	69	97	51	39	52	85	68	26	
15	3	18	69	89	54	36	20	3	14	11	76	10	53	70	38	95	60	4	44	50	20	53	92	50	91	1	43	51	71	49	28	69	77	79	65	52	93	85	53	
15	6	49	58	73	52	44	13	90	49	82	64	42	33	8	71	67	11	61	34	28	13	10	86	38	91	2	26	90	35	32	48	99	85	34	20	50	59	85	72	
87	44	6	65	81	28	29	37	92	3	60	53	19	87	15	96	25	59	37	65	40	70	61	82	80	59	25	98	92	74	19	36	94	75	75	100	100	5	44	69	
74	74	98	63	26	49	83	95	78	28	69	10	61	71	8	38	65	73	28	15	47	45	24	92	35	3	28	80	57	80	97	92	77	100	75	85	43	7	19	27	
58	42	90	20	77	30	28	9	2	97	41	88	91	72	66	73	7	25	75	74	38	18	55	97	35	53	95	31	25	49	48	43	35	13	23	39	73	84	62	27	
56	40	37	92	61	67	95	83	21	99	90	73	27	29	35	57	38	73	65	36	60	47	79	36	28	17	66	8	92	55	74	99	66	7	28	92	24	59	47	33	
33	87	21	62	98	79	9	11	77	64	31	28	25	90	79	69	94	62	85	19	10	81	12	70	48	69	58	7	5	94	16	11	76	43	54	13	57	78	37	80	
29	98	71	88	95	76	63	83	75	56	13	59	96	44	76	95	67	61	74	18	90	97	44	43	61	61	8	89	4	52	95	88	44	43	38	60	39	26	70	94	
22	39	58	5	45	82	22	35	30	53	98	60	33	81	29	30	44	96	38	46	97	76	14	30	52	35	83	7	19	41	21	53	27	84	60	89	17	10	89	25	
On machine	2
89	80	48	94	78	100	53	79	93	4	41	29	62	9	47	15	97	7	64	18	29	35	96	56	35	93	30	34	97	96	6	10	9	42	17	4	27	96	21	39	
21	36	77	42	14	93	30	54	61	25	39	41	89	42	55	73	93	39	18	88	68	51	21	70	96	2	1	65	18	27	20	33	20	14	14	76	66	15	19	36	
46	23	74	43	45	9	50	45	33	91	74	92	70	9	66	64	73	94	95	42	78	63	96	91	56	57	19	16	89	47	94	52	92	95	31	52	75	63	16	91	
64	47	51	6	75	81	29	89	37	49	1	58	32	59	43	49	79	81	1	38	87	77	83	39	53	75	46	21	82	86	42	100	69	45	40	85	84	63	49	84	
98	28	57	58	63	50	10	53	44	71	33	37	56	41	1	5	95	21	29	90	35	37	4	71	48	15	3	38	20	31	19	94	43	93	68	50	19	90	1	52	
23	73	61	5	53	23	21	1	30	63	50	94	57	60	30	42	42	23	34	100	76	13	87	6	72	37	46	57	41	46	36	8	97	4	33	88	97	91	63	47	
76	60	91	54	40	79	4	93	38	32	71	64	99	50	85	81	62	88	70	67	32	34	58	53	93	76	67	87	69	62	39	77	35	72	30	85	64	38	25	77	
68	6	12	78	33	32	97	19	36	3	58	21	56	86	61	95	80	70	53	32	12	34	8	60	50	22	88	24	78	57	82	22	77	73	65	13	86	32	30	95	
95	72	60	55	37	18	27	45	40	60	81	43	94	88	56	43	14	36	84	67	53	44	52	95	84	93	8	1	91	75	10	57	81	20	1	56	100	58	25	27	
3	59	77	60	15	21	81	76	58	33	12	33	58	19	92	37	89	94	20	63	79	95	15	62	20	68	73	73	56	23	7	70	73	44	74	14	36	11	8	55	
94	5	62	30	88	54	53	99	36	32	80	11	38	82	42	74	12	3	4	77	49	35	48	42	32	22	71	65	76	88	77	45	14	37	67	59	67	34	34	2	
82	67	9	12	57	2	10	64	71	12	93	33	20	75	42	54	42	64	6	26	51	26	15	22	19	15	27	80	47	25	22	46	94	23	95	27	79	41	25	41	
87	49	10	57	100	68	3	23	10	80	85	1	73	19	72	65	56	24	78	4	77	80	90	66	84	52	29	72	80	66	9	93	95	29	57	28	50	88	96	40	
21	41	85	53	15	74	14	66	18	80	59	40	96	100	34	74	9	79	9	54	65	92	75	11	12	36	11	46	92	61	77	38	38	83	86	67	77	83	62	87	
71	36	16	16	76	64	98	56	36	22	29	5	28	53	51	95	93	54	84	69	12	57	18	88	65	42	36	54	53	49	24	97	33	38	59	50	82	35	82	5	
46	35	58	14	100	60	57	86	10	62	87	46	53	2	78	71	91	54	90	47	33	30	92	75	28	68	5	57	73	95	5	88	29	100	68	25	30	9	61	32	
43	43	74	84	92	63	3	75	10	55	2	37	4	29	81	71	26	36	6	35	69	39	8	78	23	3	31	9	4	80	54	88	21	74	63	76	60	28	59	91	
1	41	30	41	11	98	57	45	45	92	49	77	86	10	15	26	7	58	27	27	97	33	78	83	47	100	79	81	57	64	31	92	13	48	39	63	60	6	6	62	
9	78	64	98	37	70	6	50	42	83	99	62	82	44	31	52	70	33	50	41	40	25	58	17	80	4	25	66	58	71	1	98	24	4	41	39	25	26	45	14	
95	57	100	91	25	74	93	40	84	81	3	56	28	42	66	83	9	42	55	39	30	58	2	96	8	13	81	31	51	2	51	23	18	92	82	78	20	25	70	99	
96	21	40	56	1	99	65	81	24	88	71	89	6	83	20	81	20	45	52	27	10	6	61	53	68	99	69	46	59	58	81	52	55	91	31	54	3	92	21	8	
22	71	11	21	5	11	20	12	1	8	58	6	58	95	36	55	52	92	85	75	57	78	37	31	55	100	13	24	3	70	84	36	14	52	88	26	7	20	23	26	
34	74	38	37	79	71	17	22	18	46	93	71	26	3	31	78	39	85	30	66	68	59	26	76	88	57	14	21	57	8	99	35	15	15	5	80	22	87	3	17	
94	2	26	27	42	7	47	70	55	17	94	68	90	40	5	48	13	76	40	46	58	17	41	86	52	67	40	86	90	15	45	17	21	2	20	30	73	40	85	30	
67	67	20	73	26	5	95	45	64	68	88	64	78	77	24	71	62	66	57	60	23	40	46	66	46	51	79	53	16	4	100	84	84	69	62	85	23	31	98	3	
65	20	12	63	78	26	82	23	76	49	44	69	82	92	63	87	2	57	79	67	63	50	66	36	58	26	38	65	93	76	60	62	85	90	41	57	45	26	65	46	
2	14	59	2	26	25	72	72	91	88	64	26	64	41	77	95	19	2	41	97	77	14	86	36	2	97	71	79	63	16	10	87	93	62	60	70	75	1	5	27	
35	85	81	78	37	27	14	8	41	33	98	56	6	68	31	16	7	61	34	92	44	84	9	67	12	26	76	78	78	2	78	25	30	14	83	64	57	39	44	37	
79	47	43	39	44	9	73	32	69	66	65	78	97	70	70	46	71	100	75	54	10	91	90	85	82	45	90	12	29	57	21	43	66	76	74	37	16	91	6	52	
2	64	6	77	21	94	24	91	55	18	25	13	75	11	34	96	45	8	26	9	16	73	84	32	41	48	29	63	37	53	15	90	97	39	63	90	81	92	20	78	
63	38	98	100	42	60	18	25	83	41	18	64	14	67	60	84	96	27	82	20	55	43	100	95	91	71	49	73	100	16	31	92	39	58	1	46	34	13	70	42	
38	39	96	44	43	31	62	51	27	37	41	37	47	64	17	61	30	76	80	37	30	98	43	21	72	69	15	8	43	94	74	59	64	66	94	78	20	74	22	92	
79	6	56	34	11	34	41	56	44	35	39	86	51	58	32	28	61	31	20	33	49	79	61	33	92	17	81	78	92	86	59	11	43	27	42	50	50	84	2	84	
1	58	16	82	8	93	64	86	18	67	68	26	1	24	56	88	67	90	97	51	96	40	47	13	83	22	18	86	53	63	78	60	83	91	33	42	4	17	49	6	
64	35	79	14	70	69	68	59	8	12	17	61	66	93	76	50	12	81	73	33	74	65	6	72	52	76	87	77	35	60	60	9	1	26	13	18	25	34	86	55	
51	7	55	30	100	47	59	9	21	26	67	40	96	71	6	17	48	91	74	85	62	100	17	18	76	92	93	46	60	24	29	59	36	3	93	67	54	92	60	55	
10	11	96	42	27	9	85	63	17	42	61	54	8	67	28	70	42	54	20	33	2	57	64	60	24	56	16	11	46	26	99	91	92	90	23	4	8	24	73	53	
57	71	86	69	53	3	89	37	5	66	94	68	100	2	42	22	78	91	12	84	58	71	79	30	58	49	53	77	38	38	80	72	40	85	87	66	42	34	79	70	
44	77	83	34	36	76	72	48	79	62	41	38	29	25	58	55	44	71	23	6	77	65	7	11	16	19	9	40	82	67	68	22	83	7	94	4	53	77	46	18	
49	90	30	14	32	38	46	59	63	40	39	59	82	23	42	35	83	47	32	44	73	93	42	56	91	5	5	5	19	23	12	50	90	96	77	75	62	41	8	78	
On machine	3
41	72	81	91	36	90	25	51	80	4	72	21	76	86	74	45	51	85	94	26	99	9	2	37	18	98	16	79	79	82	28	15	17	15	31	87	19	84	79	4	
60	26	81	72	81	1	91	96	87	97	10	43	87	14	3	14	19	82	84	35	4	89	41	54	68	49	71	86	4	11	54	82	54	45	14	89	7	6	43	30	
72	83	73	91	38	4	52	86	99	98	56	49	19	74	73	17	56	86	22	17	26	58	80	12	2	97	64	51	67	21	92	39	85	93	38	62	65	18	77	36	
6	28	10	81	3	65	98	66	20	6	9	68	81	25	10	31	24	47	59	66	35	50	27	54	54	2	63	6	82	20	90	18	30	55	24	15	57	38	81	1	
40	17	57	50	62	32	47	78	53	57	99	31	46	10	88	16	20	21	10	60	24	50	55	96	9	58	84	25	19	17	2	3	13	63	97	63	19	43	53	6	
64	24	51	98	32	31	99	72	62	92	12	59	96	100	23	39	58	51	40	78	80	79	33	87	10	21	95	36	3	42	38	70	77	80	53	78	18	98	40	10	
76	22	1	21	21	42	67	59	38	45	16	64	64	78	61	46	80	29	21	85	87	61	100	35	93	18	47	40	91	7	42	60	2	87	16	58	59	100	12	39	
20	52	74	28	56	19	95	80	53	29	81	81	77	12	57	73	87	96	42	75	100	39	26	88	25	23	99	7	26	78	67	72	52	80	72	9	35	59	31	92	
35	23	16	57	36	23	13	27	83	44	54	68	19	56	28	6	40	38	60	60	3	96	31	89	62	5	80	67	41	100	49	31	78	85	73	68	92	42	26	85	
46	85	67	59	22	36	8	31	20	100	44	68	97	91	23	31	91	35	96	56	43	28	53	16	76	49	34	59	34	94	38	40	55	42	100	43	40	38	10	87	
84	45	71	4	76	13	10	78	22	42	29	18	4	10	63	44	39	21	17	34	77	89	83	28	34	5	10	77	2	5	97	73	28	78	93	67	5	95	17	17	
84	35	50	53	16	29	86	82	18	32	11	84	33	85	75	20	16	29	57	4	63	63	22	26	60	61	34	46	75	90	20	44	15	48	41	18	32	19	15	7	
78	50	40	29	7	88	51	1	80	34	5	29	7	83	21	61	69	31	85	52	6	61	51	60	69	86	80	29	67	95	34	67	94	7	64	11	34	56	66	59	
50	8	18	11	79	57	86	31	82	85	43	58	79	55	58	9	10	18	88	89	29	53	7	21	86	67	51	59	42	28	66	89	62	35	68	67	18	89	25	95	
11	21	8	24	5	2	76	42	76	46	49	94	90	73	90	34	18	62	64	64	56	55	45	63	65	99	26	4	60	31	38	58	77	1	16	33	20	81	30	80	
21	36	23	66	15	83	54	9	67	20	76	40	59	43	52	26	14	16	33	23	1	55	4	60	43	55	71	61	93	51	60	59	77	55	70	14	31	27	60	59	
88	37	95	23	99	43	91	30	14	70	69	12	34	45	96	16	53	77	16	42	47	58	30	46	18	66	85	73	27	65	88	71	14	73	29	42	17	91	82	66	
11	41	50	82	74	1	70	18	32	26	28	97	6	93	88	89	98	3	37	1	85	5	2	6	87	20	26	80	15	67	1	67	67	77	92	6	6	75	66	95	
74	30	23	9	86	64	1	9	16	25	94	46	52	72	90	64	98	71	1	51	59	39	75	41	86	55	18	43	68	64	15	19	30	77	85	80	68	59	26	34	
49	64	96	49	97	72	23	52	12	48	76	48	41	87	53	67	83	53	85	14	34	82	99	70	17	26	70	38	23	55	4	95	52	44	87	6	26	26	95	54	
43	77	37	34	80	43	3	1	50	17	53	90	100	26	20	98	41	99	1	72	52	34	92	37	89	61	78	72	98	7	48	59	46	44	45	86	92	83	13	72	
95	53	22	76	60	9	99	98	9	52	72	90	85	37	77	7	72	71	18	92	37	33	15	63	57	39	95	79	53	40	91	84	67	71	92	24	68	57	12	36	
50	71	13	91	12	16	22	30	58	34	27	33	96	42	47	5	20	12	21	39	4	52	28	44	60	45	30	85	76	16	18	52	94	73	57	99	21	72	82	2	
46	6	25	24	22	85	18	62	28	85	89	54	8	48	73	5	49	81	14	27	90	77	35	32	59	14	43	100	22	55	98	94	17	75	72	12	55	25	82	86	
49	41	4	33	61	37	26	58	15	50	50	15	20	47	61	25	1	74	9	28	93	99	62	50	57	30	95	6	99	16	52	36	97	64	42	44	20	41	7	100	
92	56	87	33	65	84	17	34	23	6	33	47	38	50	22	91	72	57	60	38	19	21	24	12	98	2	15	46	68	34	56	6	83	35	40	93	86	95	79	24	
73	56	93	78	51	42	10	41	74	42	33	27	74	20	50	55	55	3	35	52	49	39	64	21	77	23	95	93	42	100	39	42	75	74	70	64	30	86	45	35	
85	35	87	21	53	9	66	13	49	83	53	37	72	23	81	65	69	88	74	60	81	3	76	6	70	70	87	74	59	77	100	14	43	90	26	58	35	100	27	41	
6	18	58	98	72	76	1	1	67	62	70	40	19	24	92	40	37	58	31	32	88	61	35	26	64	53	29	27	32	53	79	100	1	88	6	86	77	65	13	62	
91	45	79	73	29	31	5	77	4	49	25	89	95	29	94	58	2	6	78	51	16	80	16	61	11	37	25	14	47	42	20	91	74	33	97	25	14	76	88	25	
75	18	35	18	51	25	9	74	99	32	87	36	20	69	54	1	34	41	43	86	67	7	16	5	23	59	28	77	71	24	69	63	35	43	55	14	25	73	31	11	
34	7	9	46	39	65	31	72	73	41	59	57	52	8	11	27	94	81	75	11	26	25	91	48	43	31	22	34	44	45	2	45	68	79	68	6	62	22	2	29	
80	11	47	80	79	9	71	22	52	64	47	95	66	40	88	39	8	22	39	54	96	65	8	95	72	24	23	64	7	45	6	72	16	93	41	26	15	58	46	93	
40	1	88	21	4	54	10	73	13	88	16	13	1	69	30	18	94	18	72	55	52	23	8	11	56	89	53	96	28	51	40	54	82	82	78	4	86	25	30	94	
18	1	27	99	72	14	31	81	98	37	77	8	41	26	88	87	48	5	61	41	42	33	47	90	11	69	1	84	15	99	40	17	99	65	89	2	48	66	29	25	
89	89	75	42	4	72	82	91	25	43	16	10	50	30	73	95	70	49	44	26	91	70	83	2	41	48	50	23	65	78	94	94	82	14	38	34	75	64	77	16	
58	41	33	70	63	52	52	37	83	14	65	86	74	80	93	46	7	55	98	33	56	51	15	11	10	84	42	15	45	49	83	65	35	66	69	19	29	89	98	55	
51	83	22	39	53	20	52	21	6	48	88	49	76	99	72	4	8	36	62	10	67	97	90	48	20	82	48	2	53	51	48	66	21	46	80	58	48	30	97	74	
88	64	82	54	13	56	25	74	32	8	15	3	88	87	15	45	54	25	98	29	2	24	93	94	81	54	2	34	33	34	20	26	55	68	74	82	84	69	26	33	
42	1	54	61	84	15	90	17	57	91	51	68	72	18	43	98	3	27	94	52	18	67	97	37	47	22	97	29	28	65	42	96	47	52	29	85	60	97	2	60	
On machine	4
95	76	6	6	20	16	92	18	32	49	94	19	70	55	91	73	50	24	87	80	85	26	30	20	66	60	32	90	46	25	93	13	42	12	100	56	97	89	57	99	
27	36	43	68	86	30	19	81	66	36	83	75	20	79	66	5	31	56	57	89	41	11	21	21	89	59	9	90	83	91	6	25	25	36	21	87	88	78	86	39	
71	52	27	81	27	32	78	22	50	74	2	17	94	15	99	72	32	77	9	35	18	21	63	87	73	66	76	23	99	100	78	72	51	99	29	55	97	45	82	83	
76	45	32	31	91	45	27	56	52	26	80	43	75	63	100	54	63	36	60	13	64	12	39	11	8	69	6	44	43	26	13	9	77	96	51	46	11	57	56	44	
68	67	37	23	17	49	48	98	35	27	60	84	25	46	99	61	53	86	42	85	79	31	25	60	59	57	99	3	58	28	60	10	17	86	33	43	1	59	20	33	
2	84	1	21	53	51	72	33	75	74	25	74	44	32	60	3	12	55	84	34	1	76	97	3	73	9	92	90	50	93	84	14	27	49	11	67	12	21	27	12	
41	89	78	62	7	85	11	15	3	50	53	22	35	75	12	78	62	90	74	49	44	28	96	71	14	100	86	87	63	38	21	93	31	19	62	25	62	26	61	11	
9	2	88	16	52	43	37	100	19	51	71	55	27	58	28	73	80	43	62	73	93	60	59	9	1	84	41	100	35	76	76	80	52	100	7	15	69	50	24	72	
89	78	19	5	72	28	75	95	52	20	74	4	86	33	4	100	88	72	83	75	78	1	10	54	66	34	99	80	1	46	8	7	63	57	17	19	10	31	50	90	
38	2	64	84	19	16	38	17	3	31	24	65	37	18	36	36	63	93	23	94	88	1	51	20	45	39	70	40	69	41	53	81	54	97	6	11	63	80	27	13	
6	82	4	11	54	28	82	38	34	33	73	98	67	94	27	8	80	40	22	68	6	48	72	33	65	72	81	2	54	87	25	51	66	39	98	73	1	46	28	45	
47	39	47	24	37	25	1	35	95	76	49	97	72	26	79	53	42	65	73	36	52	40	41	36	30	51	87	6	40	35	38	17	14	65	46	59	22	74	25	8	
26	95	30	72	11	65	33	22	74	79	33	11	14	27	66	79	59	67	87	54	33	9	67	21	28	61	42	16	10	37	66	75	21	77	87	36	64	100	48	92	
56	14	50	19	59	20	82	29	87	97	82	50	99	95	52	98	56	77	7	98	50	26	50	26	73	2	70	51	66	51	22	90	96	3	85	41	68	71	55	82	
100	55	28	22	55	4	21	64	14	99	52	66	21	33	19	22	21	82	72	69	81	53	40	53	46	12	64	53	12	16	38	33	21	20	84	17	44	98	18	70	
26	38	59	3	92	38	70	34	14	93	17	3	65	92	9	88	75	70	19	14	95	71	3	58	59	31	79	44	6	52	75	16	65	9	42	86	98	29	51	4	
10	12	5	89	39	35	19	80	54	9	88	12	81	4	78	71	29	2	77	30	74	22	11	3	11	26	22	46	99	50	98	16	51	13	99	50	18	62	84	52	
8	26	5	93	31	96	39	25	23	72	14	32	42	16	64	11	90	100	23	40	19	90	34	63	21	5	4	38	43	5	34	1	99	79	80	23	28	45	21	51	
18	81	58	62	69	22	92	55	8	75	69	16	75	19	68	77	79	93	60	95	85	13	19	98	41	30	91	62	88	97	41	83	60	1	20	87	36	81	4	28	
80	27	23	9	46	95	61	97	100	15	7	14	8	44	43	25	22	5	82	59	24	14	71	29	16	4	42	67	25	75	67	29	3	32	18	48	72	84	94	4	
35	45	25	54	8	47	100	63	72	62	75	89	71	42	3	10	23	62	38	87	75	77	31	99	79	98	22	52	58	8	38	17	13	50	97	93	38	46	32	42	
73	23	21	81	61	39	81	82	3	75	25	55	90	72	98	50	95	66	75	98	31	33	44	33	44	65	41	31	81	86	69	30	12	14	43	23	91	83	36	44	
15	80	91	66	67	90	93	69	44	38	85	17	83	45	55	51	44	60	11	33	81	25	61	66	26	22	2	62	16	97	53	32	3	75	23	13	97	85	60	52	
36	87	95	70	34	7	32	16	11	34	32	47	47	69	13	67	26	67	94	99	84	88	37	96	88	29	50	39	32	19	95	36	86	18	87	1	33	3	87	44	
55	87	32	80	10	41	12	21	68	69	19	29	76	46	9	22	65	7	1	49	57	42	14	61	58	65	47	85	56	61	56	58	27	83	42	1	66	80	36	59	
25	80	44	33	30	10	48	2	10	39	74	71	11	81	20	46	93	30	60	15	37	29	59	91	96	18	64	29	40	8	47	49	39	84	79	23	85	32	17	73	
12	55	37	20	34	15	34	16	46	79	18	14	46	67	67	46	100	56	100	45	15	92	94	72	5	97	62	26	98	16	31	42	2	50	100	41	58	6	100	67	
45	46	48	23	74	87	41	4	30	25	59	88	39	20	13	12	92	3	6	34	99	14	63	27	24	51	33	65	44	97	46	70	67	61	79	77	77	81	61	48	
51	85	49	51	52	91	60	60	14	14	94	60	3	27	33	17	67	52	86	49	48	80	88	73	30	58	48	69	72	25	27	43	41	29	17	54	59	23	75	17	
98	79	44	8	26	69	17	42	62	80	69	40	84	63	61	29	37	96	21	46	70	43	91	20	55	15	81	36	55	47	53	22	80	76	10	37	77	41	46	42	
21	59	3	75	34	2	19	66	61	39	71	18	44	8	56	88	93	68	59	34	69	80	11	92	45	14	50	100	91	24	34	60	68	77	75	17	1	37	36	83	
24	47	9	10	60	42	52	63	68	77	8	3	52	16	81	79	84	42	26	72	36	12	83	49	36	26	43	19	21	88	9	57	61	80	81	80	16	50	21	100	
3	64	20	92	20	68	19	46	5	30	99	86	69	86	14	37	72	26	33	89	91	60	49	3	13	62	69	72	68	17	28	32	30	51	23	4	49	32	65	30	
89	24	72	66	13	75	71	23	65	97	10	62	34	71	26	78	38	53	90	21	2	82	92	58	66	89	84	36	80	85	46	6	99	95	83	59	84	54	45	47	
18	59	74	95	71	90	58	46	3	41	68	20	64	92	51	95	66	65	5	8	76	85	75	59	7	82	70	70	59	82	22	59	43	64	61	35	12	34	54	42	
53	83	26	53	30	17	95	91	66	97	88	63	33	42	88	12	66	27	10	94	77	1	32	48	64	29	78	55	67	69	6	14	78	33	94	91	2	4	38	41	
46	68	10	33	8	78	69	34	34	97	83	84	38	34	64	76	54	4	3	18	8	77	62	79	81	76	70	2	78	53	6	9	99	26	83	79	16	67	26	28	
58	64	5	15	71	21	58	47	92	2	46	45	97	88	54	65	6	1	19	7	85	43	51	4	96	55	86	17	37	63	50	7	19	28	95	56	67	50	42	73	
2	40	24	12	96	16	33	71	46	90	49	18	76	72	11	74	50	99	5	82	12	40	23	27	15	57	43	98	10	25	27	69	25	96	89	22	24	88	8	38	
36	29	32	38	34	83	8	6	56	6	58	75	75	81	75	47	21	19	39	22	12	98	83	63	8	84	64	64	66	84	3	14	24	33	44	28	35	5	20	97	
On machine	5
50	20	38	16	57	22	59	36	58	78	48	68	82	5	60	88	11	47	7	89	29	28	30	54	35	81	100	39	51	12	9	50	48	85	37	48	47	83	14	37	
56	99	66	99	55	30	99	16	39	61	80	38	21	64	21	54	8	91	17	12	83	97	23	74	11	78	18	39	67	60	98	99	25	44	96	100	64	5	60	94	
75	1	80	6	74	48	27	19	55	74	79	15	58	36	100	89	46	5	15	82	64	5	89	45	53	78	8	18	63	47	18	11	15	77	11	82	85	56	22	57	
72	42	46	67	100	50	95	18	1	75	98	29	47	82	53	40	70	94	12	54	10	86	11	94	95	96	41	77	9	8	28	87	96	39	74	84	58	77	15	93	
41	29	4	51	18	71	40	55	22	18	49	31	53	35	53	48	4	62	45	28	31	76	58	2	10	41	94	71	47	6	25	87	69	69	45	81	12	100	54	3	
65	44	3	2	66	23	85	49	33	15	37	27	30	80	7	33	75	24	71	88	71	42	37	16	37	69	65	6	54	49	21	4	97	62	89	39	55	28	63	12	
27	23	59	25	14	57	61	53	30	96	74	54	3	36	87	63	78	32	79	71	66	11	15	49	64	66	29	73	88	12	34	61	100	91	64	95	51	57	90	10	
91	29	8	46	2	87	62	93	95	57	41	48	63	60	70	7	90	75	45	24	55	14	28	97	19	53	71	36	6	81	51	23	22	95	48	96	28	81	72	74	
76	82	37	96	57	58	100	53	5	44	30	5	14	94	95	92	89	42	38	5	2	14	20	56	64	35	5	63	70	17	43	13	18	6	92	64	89	75	10	68	
27	63	48	20	16	91	40	25	32	27	23	77	95	51	61	10	32	15	62	59	71	42	88	62	64	61	33	63	58	5	55	8	11	83	99	61	6	63	87	81	
11	70	23	61	98	7	90	29	58	41	68	57	11	22	75	10	98	11	94	21	92	82	45	36	26	24	18	10	23	13	80	23	2	4	38	81	22	80	42	28	
83	11	11	89	58	100	91	57	20	88	73	100	16	96	42	56	51	2	11	46	3	97	14	52	94	58	68	88	3	81	74	32	26	95	15	70	45	8	42	6	
7	20	76	42	80	50	31	13	46	1	52	63	74	15	74	44	50	27	21	58	41	69	62	41	51	23	7	81	67	86	22	38	46	35	41	51	35	96	44	91	
47	70	22	85	29	87	97	14	82	6	4	25	97	90	2	90	67	29	53	21	45	63	76	4	70	61	81	24	50	66	73	17	35	23	69	94	19	81	69	87	
42	21	31	10	26	67	74	27	29	76	15	83	30	13	72	65	21	91	39	45	99	80	58	56	37	5	76	23	93	46	2	90	35	99	12	96	45	44	45	5	
65	60	34	15	30	61	93	57	57	83	1	89	9	2	26	15	89	32	33	2	57	48	58	64	69	64	35	85	65	9	41	52	23	9	46	56	21	79	81	19	
46	94	53	24	77	80	26	43	76	13	98	83	86	32	51	20	66	4	22	73	94	34	68	35	88	51	62	38	36	24	58	68	62	81	16	40	85	10	94	28	
89	58	96	74	73	31	19	11	28	11	96	13	64	76	51	63	27	46	96	14	38	66	5	27	99	98	50	82	51	40	50	97	68	45	27	74	48	23	48	96	
34	73	84	81	40	69	41	51	53	86	26	96	51	59	54	24	25	35	51	93	87	63	2	87	30	13	91	39	30	2	46	76	41	74	83	76	45	34	4	56	
85	95	9	19	60	37	21	65	82	43	50	99	28	89	9	41	2	69	91	86	3	78	11	59	83	70	93	91	31	40	94	42	59	29	97	76	44	86	46	96	
32	9	16	52	74	79	84	11	24	55	100	19	11	77	53	92	42	45	86	73	47	1	84	12	19	44	50	51	47	73	84	65	43	83	22	65	21	74	31	87	
81	74	62	65	27	42	10	32	10	84	33	27	100	19	34	78	90	29	27	83	70	14	48	1	61	48	42	38	90	96	66	35	36	98	57	77	19	61	100	42	
53	33	12	16	26	8	92	61	7	2	62	72	11	72	2	4	12	56	84	94	100	87	65	27	61	95	1	66	45	6	32	91	89	77	1	61	58	34	90	85	
82	16	89	71	65	29	62	45	99	51	66	50	95	2	51	44	76	69	14	65	99	1	97	90	42	97	49	74	87	8	79	17	40	92	77	28	17	48	31	8	
71	49	38	77	83	44	74	38	46	84	83	65	96	50	45	24	50	4	44	86	69	25	68	66	84	76	1	78	17	73	35	15	86	62	54	8	65	99	28	4	
78	44	1	15	53	69	74	53	27	45	5	57	53	63	13	12	26	54	39	82	40	32	80	91	19	2	4	94	73	38	70	78	25	45	96	55	72	30	5	8	
37	30	26	4	50	17	62	10	95	5	69	91	95	2	99	11	15	13	80	48	61	77	35	2	17	19	36	12	96	49	42	29	46	70	69	67	64	27	79	56	
26	45	45	46	44	73	72	17	4	4	48	38	19	16	85	26	100	62	52	43	82	26	13	66	8	40	63	10	95	17	15	55	35	85	49	15	85	54	71	57	
57	49	7	55	58	71	94	38	94	39	18	23	60	9	30	36	50	82	80	51	72	63	76	83	46	39	5	85	74	33	15	92	58	57	24	52	91	6	32	71	
30	8	8	21	49	31	56	38	45	35	19	5	86	85	20	59	68	50	75	36	93	51	81	54	68	1	8	32	84	1	45	96	84	31	99	64	29	2	12	6	
76	39	26	6	54	55	56	72	48	26	17	42	56	94	98	82	62	51	35	96	39	20	73	58	48	66	39	33	13	20	70	16	39	98	43	15	54	94	51	57	
47	79	69	28	71	100	79	89	24	81	80	31	48	40	74	45	87	7	44	36	4	95	54	85	74	16	83	15	29	4	87	87	72	82	61	49	72	19	95	30	
83	58	29	50	66	55	90	48	11	41	69	68	34	21	76	73	34	98	98	46	80	2	2	42	39	73	2	10	57	89	33	66	46	85	100	89	77	7	87	36	
79	59	3	53	64	41	99	43	82	42	40	42	5	25	53	41	76	93	63	50	50	93	32	32	33	32	47	39	89	22	47	48	24	51	75	37	85	78	8	67	
27	17	33	88	27	19	16	48	60	78	94	55	37	26	21	37	40	30	59	88	79	6	7	69	60	68	10	53	45	74	76	27	87	56	68	35	2	50	55	32	
38	1	5	41	100	74	48	33	12	11	35	41	78	49	22	87	42	98	79	64	56	84	88	40	60	57	10	49	43	100	86	1	10	96	49	13	82	100	45	7	
100	75	38	66	82	57	70	65	7	93	49	84	27	12	27	37	90	18	91	58	92	31	44	6	49	65	14	3	20	48	100	60	69	18	99	18	15	49	13	39	
2	37	91	89	25	14	20	16	95	1	79	15	24	22	86	4	74	6	24	94	45	82	52	95	30	68	59	42	62	96	100	54	51	14	50	12	79	26	82	21	
9	4	82	28	68	1	88	95	17	89	71	31	53	10	62	93	35	89	58	78	71	52	67	30	58	36	70	41	48	64	86	33	76	85	39	28	86	76	10	82	
19	77	86	81	96	28	42	5	52	73	4	53	80	48	2	58	4	55	67	55	16	32	20	12	82	6	95	8	65	7	4	77	35	65	70	37	27	77	92	92	
On machine	6
26	81	45	83	95	68	81	71	16	16	57	26	31	11	92	53	29	58	34	79	58	2	1	69	29	19	91	15	57	79	64	89	76	3	96	81	11	12	31	76	
62	65	63	80	2	99	33	93	60	33	40	46	8	17	27	18	77	66	57	86	90	75	97	69	38	64	47	11	57	28	33	54	63	11	10	3	100	45	25	79	
100	55	33	73	55	92	52	91	36	2	44	15	95	90	17	84	57	21	16	64	83	44	91	61	74	35	58	3	89	46	2	96	80	12	4	75	67	15	73	65	
38	83	95	89	35	90	34	21	88	60	32	21	7	9	57	24	3	76	71	81	30	80	53	72	48	92	15	64	41	22	37	19	93	5	63	52	67	33	49	45	
67	39	54	22	5	49	39	12	67	77	49	92	42	41	54	38	28	51	28	42	32	66	78	46	91	56	64	42	9	17	77	91	75	9	84	25	48	41	96	4	
93	12	63	17	77	39	65	70	53	5	44	30	28	81	50	10	99	29	54	17	75	64	92	40	99	21	56	21	36	78	77	48	21	20	55	96	44	36	65	49	
38	74	98	79	10	52	26	78	61	42	25	25	72	5	16	75	11	29	7	16	97	2	82	38	36	72	31	56	50	3	59	99	7	11	68	58	17	12	66	98	
70	20	5	43	5	55	95	89	92	48	81	15	88	71	63	4	33	74	40	50	95	32	99	47	65	94	92	66	21	76	50	55	93	48	57	66	5	16	59	50	
65	62	86	73	23	55	28	86	20	93	97	53	8	94	93	66	23	9	52	89	19	7	46	77	42	12	18	20	96	99	24	97	34	83	6	39	85	12	68	97	
81	33	56	2	43	47	1	32	9	34	30	35	6	51	37	27	10	97	24	46	67	100	96	79	15	27	24	20	11	13	65	25	49	62	71	53	55	26	2	28	
28	51	10	77	66	39	64	82	32	20	15	18	32	31	29	83	1	38	93	13	71	42	81	97	31	44	35	21	89	19	98	82	59	70	18	3	52	78	19	90	
88	64	70	28	37	52	69	6	95	28	37	37	28	2	5	13	80	79	44	78	19	59	39	27	98	37	8	64	39	66	14	37	39	8	35	60	54	75	42	51	
82	9	84	5	7	11	41	19	27	32	62	89	80	64	34	35	82	95	46	65	67	74	49	22	88	70	92	56	14	57	33	27	20	90	30	17	27	36	12	29	
16	65	25	6	72	67	7	85	62	20	26	5	100	30	39	47	15	93	62	15	45	4	9	86	83	45	6	100	68	25	99	99	99	75	68	40	52	16	37	2	
98	51	53	5	71	38	26	57	49	25	1	27	71	41	96	87	55	15	86	70	74	10	35	62	77	91	36	60	7	12	58	13	63	30	62	9	99	22	64	35	
92	74	36	73	45	41	32	26	62	41	72	69	14	72	66	21	93	3	5	25	85	97	20	19	75	96	63	20	37	87	34	6	63	84	61	88	42	22	82	12	
46	93	41	58	55	5	100	57	3	73	23	84	31	37	96	31	97	21	30	30	31	19	31	37	55	63	10	68	38	90	26	57	91	77	72	96	90	54	27	54	
72	91	6	77	80	6	10	66	34	42	80	56	55	19	9	1	74	87	84	67	2	95	32	16	27	96	47	93	73	47	58	7	47	83	41	35	100	34	41	16	
40	61	29	42	45	8	2	45	71	96	55	59	97	75	55	50	28	49	84	17	54	93	88	49	84	4	86	79	20	95	19	12	10	79	97	15	63	52	67	23	
74	27	99	44	47	45	69	27	13	42	40	97	45	82	2	87	15	74	67	88	59	15	62	59	52	64	39	100	3	1	16	96	24	86	59	47	73	68	36	58	
79	6	71	85	16	24	4	6	89	48	13	99	69	1	7	36	87	49	85	77	85	85	45	66	4	42	84	48	90	30	69	23	69	73	5	52	37	73	81	26	
61	80	23	3	63	41	46	32	46	100	93	81	55	86	70	45	46	32	27	54	38	26	68	15	35	75	74	67	4	3	79	78	36	21	3	53	12	7	55	6	
37	47	32	72	91	35	58	80	91	22	38	25	57	36	20	66	10	8	77	17	71	33	92	30	25	23	55	20	52	87	29	27	49	52	70	3	97	7	2	32	
90	82	9	51	12	88	99	79	68	4	19	51	92	67	37	63	20	35	89	73	47	49	54	71	13	45	46	50	39	100	74	29	75	43	70	5	62	26	63	67	
99	87	8	36	46	89	82	29	57	71	50	100	86	45	32	53	5	20	2	76	43	21	74	77	23	36	47	26	32	42	61	49	35	21	20	37	74	34	15	83	
53	48	21	80	24	11	52	62	82	71	16	74	32	30	46	91	85	59	9	68	68	80	57	54	87	99	35	38	47	20	80	62	99	10	53	50	74	95	89	65	
75	57	37	23	23	3	61	89	93	75	60	15	16	29	70	82	11	43	68	46	61	78	36	37	100	6	1	37	42	30	41	62	64	2	49	60	95	60	73	32	
92	80	4	8	52	63	74	40	39	79	40	30	76	57	32	25	38	10	55	94	2	62	54	71	69	62	40	48	52	9	24	87	68	66	85	43	39	4	27	12	
84	29	76	13	13	51	4	78	39	36	77	96	18	88	34	6	27	61	1	73	30	38	7	31	24	93	82	39	9	22	6	20	1	51	29	8	19	9	4	59	
11	58	95	76	16	89	99	95	49	19	25	76	94	84	69	11	1	21	77	77	50	38	11	93	94	95	66	22	71	23	8	4	68	18	47	90	50	92	57	39	
60	92	77	59	31	65	80	84	89	74	56	24	51	89	26	38	40	19	18	16	75	74	75	59	40	54	36	53	72	4	6	46	27	96	22	14	61	50	26	81	
23	8	40	73	22	90	23	96	66	38	20	78	97	16	18	69	98	76	65	69	56	55	92	31	62	20	67	20	33	56	12	7	47	79	20	7	74	76	25	22	
4	3	77	83	97	63	73	65	63	55	15	67	44	84	49	15	93	78	15	50	54	49	34	6	18	8	26	35	40	97	77	6	38	68	29	31	65	33	60	41	
94	59	62	67	67	14	31	61	21	87	77	67	60	11	72	97	39	49	88	53	22	84	43	84	25	12	56	15	87	4	83	5	67	60	26	13	90	87	79	74	
29	64	66	24	84	72	90	73	55	88	75	84	43	17	39	62	68	51	5	51	39	62	1	70	35	58	22	35	100	90	52	29	73	87	98	1	85	46	7	33	
24	7	23	40	24	92	4	53	84	65	26	11	95	45	64	56	92	89	75	28	17	59	32	47	26	38	57	61	83	28	64	86	16	60	40	59	16	21	60	47	
64	66	41	57	25	72	34	90	49	53	78	38	21	14	85	20	3	27	35	1	95	62	21	47	10	93	38	98	27	64	49	40	80	66	39	44	56	79	32	8	
91	14	57	73	85	91	96	11	64	68	87	100	63	8	54	69	35	92	60	12	97	97	68	68	80	10	80	18	17	18	62	20	16	36	12	95	12	7	5	96	
14	68	10	99	30	74	31	84	58	100	91	7	91	80	1	42	61	72	28	11	91	21	15	7	35	52	45	89	67	28	72	88	35	39	68	29	25	20	67	27	
63	65	19	83	72	54	16	10	58	61	50	84	26	36	4	28	100	88	26	70	40	3	77	75	58	52	97	11	46	50	4	43	43	30	100	61	29	41	36	33	
