Factories	2
Families	60
Machines	6
SetupType	3

Number of Jobs in each Family
2	6	2	10	6	10	4	9	7	9	4	6	9	3	4	8	10	6	9	5	7	10	9	7	5	5	1	6	6	9	8	2	3	2	8	5	9	10	2	1	6	2	1	4	5	5	10	10	1	7	3	10	1	3	4	2	7	1	10	6	

Jobs in each Family
0	1	
2	3	4	5	6	7	
8	9	
10	11	12	13	14	15	16	17	18	19	
20	21	22	23	24	25	
26	27	28	29	30	31	32	33	34	35	
36	37	38	39	
40	41	42	43	44	45	46	47	48	
49	50	51	52	53	54	55	
56	57	58	59	60	61	62	63	64	
65	66	67	68	
69	70	71	72	73	74	
75	76	77	78	79	80	81	82	83	
84	85	86	
87	88	89	90	
91	92	93	94	95	96	97	98	
99	100	101	102	103	104	105	106	107	108	
109	110	111	112	113	114	
115	116	117	118	119	120	121	122	123	
124	125	126	127	128	
129	130	131	132	133	134	135	
136	137	138	139	140	141	142	143	144	145	
146	147	148	149	150	151	152	153	154	
155	156	157	158	159	160	161	
162	163	164	165	166	
167	168	169	170	171	
172	
173	174	175	176	177	178	
179	180	181	182	183	184	
185	186	187	188	189	190	191	192	193	
194	195	196	197	198	199	200	201	
202	203	
204	205	206	
207	208	
209	210	211	212	213	214	215	216	
217	218	219	220	221	
222	223	224	225	226	227	228	229	230	
231	232	233	234	235	236	237	238	239	240	
241	242	
243	
244	245	246	247	248	249	
250	251	
252	
253	254	255	256	
257	258	259	260	261	
262	263	264	265	266	
267	268	269	270	271	272	273	274	275	276	
277	278	279	280	281	282	283	284	285	286	
287	
288	289	290	291	292	293	294	
295	296	297	
298	299	300	301	302	303	304	305	306	307	
308	
309	310	311	
312	313	314	315	
316	317	
318	319	320	321	322	323	324	
325	
326	327	328	329	330	331	332	333	334	335	
336	337	338	339	340	341	

Total number of jobs
342

Processing times of jobs
10	2	3	7	3	8	
5	5	4	10	1	5	
9	7	8	7	8	4	
9	8	9	10	9	3	
10	4	1	9	3	7	
3	6	7	9	3	5	
3	9	6	5	3	2	
1	1	6	1	6	9	
6	8	4	4	5	2	
9	1	1	10	1	2	
7	4	6	10	10	9	
5	7	3	4	6	5	
2	5	1	6	1	1	
6	9	9	7	6	5	
1	9	6	7	3	8	
10	5	9	4	8	3	
8	5	6	1	5	5	
8	6	3	3	5	10	
10	2	8	5	1	8	
4	5	3	4	7	9	
6	7	10	4	2	8	
5	7	9	5	4	3	
1	4	8	10	2	9	
10	10	4	1	4	10	
5	6	6	9	1	2	
4	4	4	2	8	7	
8	1	7	1	1	8	
3	2	10	8	4	10	
9	7	3	7	10	7	
3	7	8	6	6	4	
8	2	5	6	5	9	
3	4	3	6	4	5	
2	8	4	2	8	5	
3	4	10	8	6	5	
6	8	4	2	8	3	
6	6	3	7	9	9	
2	7	2	1	6	8	
7	8	3	6	8	8	
3	8	4	8	4	3	
6	3	10	1	9	9	
9	1	6	6	4	8	
7	1	5	6	1	5	
4	2	1	2	9	2	
3	3	10	6	1	10	
10	5	9	1	2	2	
1	8	1	10	6	3	
7	3	2	4	6	1	
7	6	9	7	8	4	
3	5	10	2	1	8	
1	10	10	7	4	6	
9	5	9	5	7	3	
10	10	10	1	4	7	
6	10	5	3	9	4	
2	4	2	4	8	4	
7	1	6	1	10	3	
6	4	2	5	5	5	
7	10	10	2	2	10	
10	2	9	10	1	1	
3	8	3	1	9	7	
7	5	5	4	9	5	
5	8	9	4	1	5	
9	8	7	10	2	3	
2	6	5	6	8	10	
10	6	3	3	4	3	
1	9	9	6	10	10	
3	7	1	6	2	3	
6	4	2	8	8	4	
4	10	10	4	5	1	
6	8	4	10	7	8	
5	3	1	6	9	3	
2	9	2	3	2	7	
8	8	9	9	9	10	
3	5	10	3	2	1	
5	6	4	3	2	7	
7	6	6	5	10	3	
9	3	7	10	1	4	
4	2	9	10	7	6	
3	2	6	4	10	10	
10	6	9	9	10	9	
8	5	2	4	8	9	
8	4	5	4	1	2	
9	6	4	6	4	9	
6	5	9	3	1	4	
1	7	3	8	2	2	
4	3	5	3	5	3	
10	5	7	4	7	9	
6	10	5	1	1	10	
2	8	2	6	3	4	
3	2	8	10	3	5	
7	6	4	1	8	3	
8	10	10	3	10	10	
8	5	2	3	1	4	
7	7	5	3	10	4	
5	5	6	2	7	1	
10	8	8	4	10	4	
1	7	1	2	6	6	
7	5	1	8	9	4	
5	7	6	7	10	6	
2	8	2	1	4	5	
6	2	1	10	5	2	
2	7	5	1	8	7	
9	6	2	10	2	1	
8	10	6	5	8	10	
3	9	9	1	5	6	
5	2	9	3	2	6	
3	5	10	9	1	9	
10	8	3	4	6	3	
5	2	2	2	3	6	
6	6	9	10	5	10	
7	7	10	8	5	3	
2	7	2	3	3	3	
8	9	1	10	6	10	
7	3	4	7	1	5	
4	1	6	10	7	9	
10	5	6	10	8	10	
6	2	5	8	2	4	
6	10	8	9	3	4	
2	1	2	6	9	7	
9	1	6	8	10	3	
7	6	1	4	6	7	
5	7	10	3	9	6	
7	10	7	5	5	1	
1	5	10	9	1	8	
6	2	3	9	8	1	
1	6	10	1	10	4	
9	8	7	10	10	5	
9	8	2	5	8	10	
10	5	6	4	5	4	
2	6	1	4	3	10	
2	2	2	8	4	2	
10	9	9	9	8	5	
1	4	9	7	8	1	
2	8	4	10	4	10	
9	4	4	3	2	7	
5	3	5	7	1	1	
8	2	7	8	2	8	
1	7	5	8	8	7	
7	6	1	10	1	4	
9	2	6	8	9	4	
5	9	6	5	6	3	
10	9	7	5	5	10	
3	7	8	2	7	8	
4	9	3	6	5	7	
8	8	6	1	4	6	
3	8	2	5	8	3	
5	8	8	3	5	7	
7	4	9	1	9	6	
5	7	9	6	6	2	
9	8	4	1	1	5	
2	5	1	1	1	5	
7	2	7	1	5	9	
1	10	1	3	5	8	
1	2	6	7	6	9	
5	2	5	10	1	9	
6	7	4	8	1	9	
4	6	4	2	10	4	
9	10	8	8	8	8	
9	10	4	1	7	3	
9	7	4	1	7	10	
6	8	1	6	2	1	
7	5	4	4	7	2	
3	10	8	1	8	7	
10	2	4	7	3	7	
4	7	4	7	7	2	
8	8	6	9	7	3	
7	2	4	7	6	10	
5	7	7	5	5	7	
10	9	9	1	4	7	
1	8	10	1	4	10	
7	7	4	5	5	6	
3	7	10	1	9	2	
3	10	2	10	10	3	
9	9	3	9	2	6	
6	10	5	5	4	7	
7	2	2	8	6	10	
10	4	5	5	3	10	
2	9	3	10	4	4	
9	3	6	10	9	9	
5	10	3	8	7	8	
7	9	5	6	9	2	
4	2	6	5	1	4	
5	10	5	1	2	9	
4	4	4	3	4	9	
7	5	6	6	3	5	
1	6	9	7	7	10	
5	7	6	8	5	4	
7	4	4	4	10	3	
7	5	2	5	2	6	
1	8	9	5	3	3	
9	4	5	1	2	4	
8	10	10	6	1	5	
3	5	2	4	3	10	
3	1	3	3	10	3	
8	2	2	4	2	9	
3	2	1	3	3	5	
3	4	4	3	9	1	
5	10	3	8	10	3	
5	5	2	8	6	9	
7	7	3	6	9	6	
5	7	3	10	8	9	
3	10	3	6	3	6	
5	9	4	6	8	7	
3	8	10	7	7	5	
7	4	10	1	5	2	
6	7	10	3	3	5	
7	5	7	10	8	3	
1	10	9	4	1	8	
1	1	8	10	7	8	
4	3	3	10	7	4	
4	10	7	10	2	7	
9	6	4	7	1	8	
7	7	6	4	1	4	
8	2	2	2	4	2	
3	8	5	4	6	9	
2	10	4	6	8	4	
7	8	3	5	10	3	
9	7	9	8	4	6	
5	1	5	3	3	3	
9	1	10	1	8	6	
1	3	7	2	9	2	
10	6	6	10	2	9	
6	2	10	8	8	10	
5	9	10	4	5	10	
6	1	3	10	1	1	
2	7	7	8	8	5	
1	9	10	9	2	4	
5	4	10	5	5	5	
9	3	8	6	5	5	
1	6	1	10	5	4	
5	9	8	5	8	5	
6	9	7	9	3	4	
1	9	4	2	7	4	
1	1	5	8	8	3	
3	7	5	6	4	2	
7	5	8	9	6	7	
5	8	4	5	6	9	
5	3	2	5	9	3	
1	4	8	1	2	7	
8	2	10	1	1	3	
1	3	9	6	7	2	
8	8	7	10	8	3	
9	3	8	7	6	8	
8	10	5	1	2	6	
8	2	4	10	4	7	
2	10	4	9	9	6	
2	1	1	4	6	1	
2	2	2	2	4	5	
5	3	4	1	6	1	
2	9	10	10	7	6	
5	10	10	9	5	8	
10	4	8	6	1	6	
2	6	2	4	3	4	
2	6	10	3	7	8	
2	2	6	2	7	5	
9	10	9	7	3	9	
2	8	3	1	10	3	
6	10	10	9	9	2	
1	1	5	5	8	10	
9	9	8	6	6	2	
6	9	8	6	2	9	
1	2	9	4	8	4	
6	9	2	6	7	8	
2	5	1	4	7	2	
5	9	1	9	7	3	
7	9	8	10	3	3	
6	3	1	4	4	4	
9	10	9	9	6	4	
4	10	5	6	10	9	
8	10	1	4	7	8	
9	10	4	10	5	9	
8	3	9	1	6	4	
4	8	8	5	2	5	
5	7	10	5	6	2	
3	9	2	5	9	7	
6	10	2	7	3	5	
7	8	3	3	9	10	
5	7	4	4	6	2	
3	6	7	9	3	2	
9	7	4	4	8	10	
8	2	2	9	6	3	
8	7	9	5	8	2	
3	10	9	3	9	8	
7	10	4	4	2	3	
1	7	1	10	7	3	
5	1	5	3	9	8	
7	7	9	5	8	3	
6	7	4	9	7	2	
5	2	3	8	4	3	
6	5	7	3	2	5	
1	4	1	3	3	10	
10	3	5	5	4	7	
2	10	10	7	5	9	
6	1	4	2	9	9	
2	1	8	10	10	8	
4	4	3	3	6	5	
2	1	9	1	4	3	
8	1	8	6	2	2	
10	4	7	10	7	5	
6	6	5	2	9	5	
10	4	10	6	9	10	
8	2	6	7	7	8	
6	1	10	8	7	1	
2	1	1	4	3	6	
3	9	2	8	6	4	
7	1	6	7	1	8	
4	1	7	5	10	6	
2	9	1	5	4	10	
3	9	8	4	1	9	
8	6	10	5	7	4	
5	9	2	5	1	1	
3	2	4	5	2	2	
9	8	6	7	9	8	
4	6	1	3	9	6	
3	7	10	3	3	6	
10	5	2	9	4	6	
7	5	8	10	6	8	
2	10	9	1	4	9	
2	10	7	7	8	6	
9	7	5	5	6	4	
9	4	3	7	8	9	
4	9	7	6	9	1	
9	9	1	3	1	9	
2	10	6	8	1	10	
10	10	6	10	8	3	
8	8	4	1	2	5	
4	7	10	4	7	4	
4	10	1	2	7	3	
10	2	5	9	4	4	
8	4	10	8	9	2	
5	5	8	10	3	9	
3	6	4	7	6	10	
4	4	3	3	3	8	
1	5	6	8	9	9	
1	1	1	4	5	6	
5	3	2	5	9	4	
3	2	1	7	9	1	
3	3	1	4	4	9	
8	3	5	2	4	2	
10	6	10	1	4	9	
5	10	10	10	10	7	
9	7	6	3	3	9	
8	1	1	5	2	6	

Stepup times between Families, where [f][f] represents initial setup time
On machine	1
28	22	51	34	51	48	55	39	83	13	59	10	33	40	94	8	16	11	68	7	67	47	75	50	25	55	75	19	31	61	22	50	34	36	60	15	90	31	39	35	78	73	98	5	29	13	87	10	52	31	34	57	73	8	4	97	55	58	17	27	
39	8	34	68	66	29	25	59	8	58	44	15	49	65	40	44	50	91	83	98	74	46	53	14	77	83	48	8	29	18	65	88	63	48	68	77	92	92	23	94	21	13	7	95	4	90	40	76	79	15	62	25	94	19	56	1	28	23	56	59	
14	86	87	30	40	29	70	63	64	61	77	45	8	7	91	75	2	51	70	14	74	76	33	53	4	55	87	80	78	30	74	38	100	23	23	17	42	60	80	71	54	45	19	34	26	36	57	67	28	33	47	100	57	27	99	63	55	33	71	6	
46	32	9	53	93	64	98	41	80	37	97	54	53	92	30	86	95	62	56	3	14	56	30	79	89	11	93	88	48	6	74	67	58	18	30	24	22	86	43	30	100	47	85	50	6	57	97	90	75	94	72	64	16	15	91	28	2	93	73	38	
39	65	75	87	40	28	95	55	66	68	3	76	16	67	100	45	13	5	24	65	62	75	81	40	74	46	15	54	95	97	29	7	36	79	99	50	57	97	34	67	95	3	33	35	49	68	94	9	26	39	88	66	19	99	88	44	47	26	29	96	
74	70	77	73	67	56	12	45	9	81	95	58	95	18	1	31	51	75	48	60	80	72	16	43	52	50	92	37	84	39	5	96	9	16	59	94	79	43	97	54	100	30	60	13	39	54	51	20	50	71	38	65	68	87	40	83	95	41	89	25	
85	44	96	57	13	32	49	13	73	29	10	30	34	50	71	33	87	87	8	91	5	97	30	39	67	45	45	2	93	40	68	66	70	38	97	19	30	38	14	86	37	77	88	22	90	1	32	64	87	4	7	62	49	85	26	80	75	46	85	47	
54	2	12	98	79	61	16	82	12	42	83	84	11	92	78	44	13	72	5	40	71	98	60	86	51	90	17	3	40	29	35	68	93	44	33	79	35	60	69	50	42	10	11	65	55	49	8	78	51	38	20	4	90	100	92	16	45	56	56	36	
36	42	72	12	64	5	72	12	56	87	57	55	46	37	18	64	85	69	79	70	60	5	28	20	53	87	6	67	39	57	94	59	17	43	26	92	17	50	64	48	36	39	19	65	46	1	48	1	64	76	42	34	92	26	14	31	16	6	82	22	
79	14	39	64	93	57	32	18	77	30	73	25	96	16	44	12	39	10	78	12	45	1	57	44	6	87	53	63	27	78	13	63	43	18	31	95	94	23	74	67	72	26	55	94	76	93	26	28	89	94	43	14	4	20	61	46	31	28	53	95	
50	67	70	5	48	39	3	45	69	51	13	51	29	38	31	87	31	55	11	41	99	38	40	73	65	47	5	15	99	44	79	47	36	76	33	91	82	77	82	52	53	57	20	43	18	25	48	20	11	58	87	16	7	89	27	70	7	67	17	91	
78	92	25	95	91	49	62	3	1	57	61	41	4	34	48	17	73	4	83	57	42	33	17	11	19	12	58	6	96	11	1	50	4	48	50	27	73	4	30	16	29	59	86	85	96	82	55	46	67	82	39	47	45	84	13	56	48	2	17	23	
82	81	10	96	20	83	71	16	59	98	20	74	97	18	39	2	90	4	83	3	76	24	80	16	56	24	63	41	6	73	10	87	6	53	39	1	36	21	34	80	12	66	25	53	71	31	28	66	2	49	84	59	12	17	34	77	34	5	67	92	
13	33	79	72	92	12	29	1	98	16	78	56	86	46	52	94	17	49	51	59	100	4	20	49	58	74	22	90	89	22	38	100	20	47	20	76	51	14	31	68	91	5	7	29	15	50	17	35	76	49	10	51	71	30	97	11	64	30	95	100	
51	8	32	20	84	35	95	5	81	58	9	34	34	55	86	65	24	3	48	17	55	62	60	92	25	62	70	76	20	15	29	61	69	70	15	74	33	76	94	17	32	17	3	68	85	87	38	82	89	65	22	76	100	49	22	48	20	77	36	48	
83	42	97	51	83	57	33	17	63	39	32	55	77	70	2	36	2	16	51	42	74	3	86	85	25	90	43	66	37	59	2	22	81	89	34	56	12	60	13	1	74	51	90	39	4	70	1	4	83	76	38	63	95	30	40	42	15	56	99	10	
12	95	56	32	77	88	36	18	2	40	88	78	34	29	7	41	25	12	44	66	26	95	78	39	87	25	57	53	22	76	95	28	96	54	94	41	9	94	24	88	47	69	5	32	14	48	51	49	35	97	84	56	31	26	39	16	7	17	24	48	
6	37	29	12	31	3	29	14	11	88	53	38	96	90	88	47	59	73	51	99	52	1	88	68	8	77	21	21	31	33	37	97	26	16	96	42	75	59	80	41	24	6	99	19	53	24	77	71	13	92	65	75	46	39	64	28	95	79	53	30	
87	82	73	27	12	48	49	42	41	37	48	51	92	43	6	65	6	26	17	84	92	20	47	45	38	35	69	99	74	57	91	3	91	8	51	5	98	90	6	88	97	2	76	72	26	83	11	27	63	33	35	3	47	26	9	93	71	86	1	37	
23	90	81	80	42	98	71	93	21	25	78	73	27	85	52	29	80	3	9	37	51	48	35	70	32	37	62	84	75	64	7	1	63	51	37	53	66	12	41	86	85	94	5	67	70	64	44	76	4	71	61	76	87	88	34	31	5	6	74	64	
32	81	40	49	45	100	66	26	33	20	18	44	2	93	20	27	51	16	97	6	87	42	54	74	3	9	23	96	95	40	77	98	12	87	70	36	63	24	68	19	8	27	33	63	83	41	54	90	18	35	34	40	57	97	68	76	23	2	10	75	
98	8	100	31	33	45	8	82	43	31	8	73	34	52	31	31	9	19	63	10	99	17	91	33	74	75	15	78	87	7	44	42	82	66	94	57	71	21	47	44	82	22	41	38	17	17	35	8	36	94	32	57	14	65	44	36	37	5	100	57	
86	65	20	71	82	25	43	22	24	87	17	72	80	89	88	47	7	18	45	51	16	27	76	46	35	92	54	3	16	7	54	39	37	96	78	1	7	93	60	81	71	97	37	51	9	79	27	21	45	60	73	14	41	65	35	12	49	82	57	85	
81	24	73	97	72	55	35	71	34	32	47	78	11	100	60	33	40	65	68	90	91	23	76	86	6	85	14	73	5	26	31	98	41	89	14	92	11	43	54	19	40	59	43	36	33	63	60	67	51	11	47	72	93	22	89	20	77	51	8	24	
31	60	70	26	7	61	60	27	94	32	75	12	44	21	37	61	45	55	16	35	52	100	30	93	83	54	92	2	20	50	45	13	79	57	9	80	93	88	55	25	80	33	50	22	97	48	23	40	39	55	20	51	96	44	75	71	12	50	42	50	
40	63	77	4	17	65	65	79	49	12	8	24	15	2	44	81	54	32	52	13	62	45	77	93	99	80	37	65	89	19	42	46	77	25	57	41	36	71	29	64	65	27	85	75	33	100	64	89	8	22	69	64	15	85	2	43	16	32	33	19	
70	40	40	76	74	65	92	84	13	72	41	16	95	21	53	50	83	95	99	78	55	26	17	29	51	8	55	44	77	15	38	61	3	70	29	86	81	98	55	9	44	71	81	11	68	39	33	97	41	62	44	49	27	3	96	25	7	22	8	71	
4	70	92	99	84	73	44	90	12	69	44	44	45	45	78	93	11	49	47	84	94	86	43	60	24	9	6	18	46	38	10	70	34	92	95	25	100	84	1	35	20	73	90	94	84	46	71	3	62	10	74	27	92	55	84	76	85	22	4	57	
11	13	25	12	31	6	76	11	89	79	93	33	29	3	14	49	84	29	76	47	19	38	91	90	97	67	32	26	83	76	77	74	1	74	55	5	35	88	58	13	41	12	58	60	98	39	34	82	55	62	22	35	23	75	68	85	26	29	30	68	
98	95	41	14	1	58	54	89	85	73	58	3	1	72	15	60	57	84	97	14	23	19	16	1	50	50	4	44	19	83	34	64	10	32	5	7	19	41	17	100	94	21	55	69	32	94	21	41	36	99	7	47	5	9	42	87	80	54	92	43	
63	18	13	68	3	58	8	63	43	74	16	78	75	17	25	44	88	84	50	79	72	71	37	35	68	91	97	59	92	97	54	43	40	25	42	42	28	38	14	77	53	45	4	23	77	1	68	82	3	86	53	78	37	9	46	45	2	22	88	55	
7	15	5	54	44	73	45	5	79	60	52	56	12	23	12	40	55	72	49	48	2	25	58	47	7	44	62	60	77	9	99	42	14	37	25	66	60	69	22	81	46	35	45	26	74	12	81	59	32	51	27	27	29	61	6	20	57	37	37	14	
58	90	31	88	3	79	51	21	56	30	22	22	94	68	9	62	5	59	29	81	99	18	54	17	12	29	48	2	4	68	20	22	57	49	90	57	34	48	86	9	23	43	32	15	22	82	88	84	66	49	22	39	21	75	47	64	35	6	48	98	
32	40	18	12	42	79	31	13	73	45	90	100	71	5	25	14	32	98	59	32	64	77	36	63	62	53	13	99	33	7	79	38	61	86	4	32	65	76	83	56	86	25	88	16	94	56	44	34	30	88	21	58	33	12	57	83	94	66	24	66	
95	93	28	60	83	89	77	10	1	79	24	78	47	1	30	60	9	3	49	92	25	51	3	34	19	30	19	93	53	59	12	92	33	91	59	95	58	94	61	90	75	33	77	11	26	44	99	84	52	99	76	38	97	43	32	76	95	78	30	23	
14	95	6	23	39	10	81	6	81	36	80	64	68	26	70	47	67	15	100	88	79	71	74	17	58	77	24	20	81	81	12	32	90	67	93	50	97	62	81	27	21	40	51	76	77	48	52	78	84	34	71	24	30	84	2	13	96	57	95	82	
21	2	67	12	97	86	58	45	74	66	23	85	46	21	85	15	25	38	42	65	28	8	75	88	32	45	65	35	30	10	86	26	79	14	70	54	51	57	44	68	60	82	52	44	64	53	55	87	47	34	9	30	50	38	73	64	70	3	9	29	
53	21	36	69	66	60	46	16	40	43	59	91	61	80	54	28	51	65	27	49	70	53	63	63	39	79	15	48	76	77	64	5	25	66	41	37	55	93	62	53	55	97	3	67	6	33	32	33	18	11	99	6	39	18	62	86	23	16	88	52	
6	33	2	5	10	11	62	12	98	40	30	85	58	27	73	34	74	92	27	51	15	71	27	8	54	25	6	53	62	16	97	5	100	36	37	39	8	79	86	88	39	2	38	37	11	100	60	9	67	11	97	70	60	12	29	61	63	12	9	18	
23	12	84	49	17	64	67	45	90	52	97	7	38	19	59	23	15	41	48	65	39	90	41	50	41	95	87	48	73	57	61	99	39	88	48	45	6	37	63	65	30	67	40	64	42	74	4	64	74	65	86	48	63	30	71	79	84	68	8	68	
42	12	65	15	19	87	81	34	99	10	78	2	70	19	18	30	20	20	98	76	59	9	49	92	67	79	12	78	52	6	29	7	12	2	2	82	32	77	76	6	84	16	7	28	91	61	99	31	92	56	43	12	16	4	73	79	95	88	31	33	
40	41	81	92	16	95	95	48	61	51	80	3	33	95	22	11	40	4	80	74	66	51	89	82	55	71	55	7	83	50	9	30	17	26	56	7	1	30	84	29	85	57	41	44	74	58	12	87	7	13	15	79	2	16	60	4	61	86	90	22	
14	64	68	55	55	77	75	80	41	55	81	5	87	66	31	32	50	93	3	92	10	15	91	82	80	68	94	56	17	84	98	18	29	39	14	90	26	61	20	55	58	28	15	56	88	43	87	25	62	29	73	22	79	23	53	39	31	35	5	52	
81	90	28	42	52	54	58	85	73	39	70	28	94	74	89	26	80	76	73	54	62	34	10	13	71	45	43	82	44	48	56	67	44	19	59	18	31	2	29	22	14	62	94	7	47	32	20	91	55	8	75	39	22	83	9	93	21	8	96	31	
59	79	16	12	33	80	59	22	30	43	94	48	27	39	94	52	98	44	66	63	45	7	51	12	65	93	14	95	64	1	76	51	32	46	36	65	81	68	32	78	100	12	37	43	1	70	97	35	82	62	70	15	13	66	80	89	41	19	77	13	
3	35	76	56	78	66	44	97	56	72	71	94	15	89	51	51	60	42	59	49	25	43	45	89	65	69	39	2	76	62	35	40	48	43	83	79	63	70	13	16	61	3	67	58	29	92	39	83	27	3	33	96	65	55	21	59	71	23	62	63	
91	90	27	73	41	52	78	1	69	60	94	62	6	98	5	42	55	10	85	50	68	58	62	66	67	69	73	27	8	25	51	68	22	18	45	2	62	79	3	48	37	44	47	7	33	81	95	35	24	78	17	25	45	35	54	61	43	98	49	99	
55	30	98	98	60	63	54	21	65	96	32	66	59	75	48	19	23	71	48	67	86	2	8	85	63	85	46	35	65	97	81	45	62	51	58	43	83	20	33	17	69	34	29	13	78	77	82	2	60	9	97	95	79	94	41	34	26	85	33	54	
16	27	42	35	11	56	15	80	21	90	38	81	29	13	88	35	92	13	44	93	64	58	40	84	60	43	44	80	10	35	39	4	42	23	20	36	59	40	77	2	91	12	70	3	74	82	67	55	19	23	78	22	91	75	68	84	5	45	26	60	
58	58	21	48	33	62	9	80	98	88	53	48	29	3	7	2	64	41	13	13	64	89	69	90	100	71	69	93	78	67	70	76	52	70	22	2	38	28	19	67	88	71	10	41	59	18	76	98	35	18	75	32	15	61	48	98	56	19	24	57	
95	86	41	65	10	8	22	98	57	8	37	29	61	57	76	55	56	22	42	75	54	95	24	50	52	35	23	40	55	79	75	42	23	85	77	96	53	4	89	12	45	3	96	62	16	4	7	41	49	51	23	53	94	15	96	54	2	12	51	82	
69	66	61	91	87	57	100	35	4	41	56	8	40	16	3	30	58	22	24	70	22	16	6	80	100	8	51	80	51	67	95	18	1	92	47	100	63	29	73	48	25	64	18	30	36	28	46	93	27	15	39	28	43	2	32	4	46	30	18	81	
33	17	99	42	97	55	27	77	79	78	73	66	10	8	96	70	46	90	93	11	35	80	26	82	68	100	79	10	48	63	80	91	73	18	52	81	63	44	24	82	83	80	19	21	97	66	73	4	2	31	53	12	26	33	55	16	5	79	41	40	
28	8	18	91	11	1	53	27	84	74	87	55	10	22	43	40	84	18	93	56	24	50	49	21	51	85	89	62	81	78	90	75	36	96	74	81	78	3	46	40	12	83	95	20	18	32	22	21	47	71	96	99	51	24	81	60	96	68	57	100	
45	10	40	28	66	40	18	10	55	71	55	40	99	99	20	17	9	12	43	91	28	21	51	55	40	1	62	55	83	40	9	62	33	98	85	73	12	87	18	4	79	22	81	19	4	7	30	98	16	35	74	74	6	58	53	62	71	36	47	24	
73	14	63	93	97	71	65	88	3	35	96	81	4	52	3	29	21	51	90	3	50	20	91	98	64	23	90	6	76	94	4	93	25	29	95	55	45	65	94	79	74	72	42	63	71	24	10	94	12	30	55	17	13	53	51	88	19	23	19	57	
39	78	14	76	9	15	76	89	72	23	70	88	31	15	40	64	7	82	5	30	14	37	45	74	59	66	21	30	95	79	15	65	64	33	32	31	55	56	6	92	91	62	65	22	76	68	32	6	62	7	100	57	26	51	41	91	61	64	46	49	
15	46	90	32	10	79	30	5	72	97	45	2	34	73	61	17	22	26	92	35	70	23	55	27	26	13	50	69	79	91	16	65	9	94	44	73	86	39	20	50	100	6	18	45	57	89	24	12	81	42	19	6	84	89	39	21	52	18	76	22	
93	66	33	67	39	55	78	52	92	49	95	82	15	6	8	59	32	50	25	9	37	91	10	91	12	78	99	53	21	87	84	48	3	50	77	5	42	86	84	17	76	14	91	13	69	14	59	34	51	67	53	11	41	42	20	78	14	2	95	73	
13	96	33	58	60	74	38	65	22	99	80	96	10	50	90	27	41	69	47	73	93	60	35	18	83	18	1	39	69	76	64	59	16	48	11	84	5	47	86	29	19	29	52	69	81	12	18	100	88	100	5	63	91	26	47	30	89	36	34	58	
On machine	2
78	92	21	25	50	99	35	33	98	16	37	15	9	5	7	64	34	61	46	12	66	62	64	6	65	33	9	80	52	68	57	39	62	19	94	14	6	34	48	67	15	38	13	38	7	42	85	21	33	36	90	7	3	32	17	53	19	88	54	98	
40	9	8	98	90	29	20	69	50	25	54	29	56	9	88	77	62	85	19	100	26	78	79	93	95	46	47	4	44	76	89	81	20	80	19	3	25	69	82	100	76	4	21	75	72	96	41	46	94	66	72	77	17	39	84	47	41	63	2	7	
22	52	2	58	30	92	13	67	78	60	76	14	52	57	78	45	69	79	33	56	27	72	65	73	25	78	54	75	10	100	26	94	47	49	26	23	76	14	10	56	80	97	74	51	52	63	80	63	37	76	3	19	85	51	48	26	28	59	19	51	
11	28	88	14	4	71	72	37	39	37	94	16	84	17	61	19	15	92	80	34	21	44	99	43	99	41	3	94	20	55	53	13	49	48	55	25	33	29	60	93	31	46	6	9	62	95	64	86	52	69	88	76	52	50	49	72	66	3	2	43	
18	14	71	99	7	79	20	8	89	44	59	82	35	45	53	13	38	85	92	92	44	77	82	26	80	100	26	78	58	24	47	27	53	23	6	43	64	70	69	23	18	75	80	59	41	33	31	22	92	72	96	5	7	92	62	69	43	6	13	70	
43	45	68	80	83	43	97	51	7	21	88	79	14	23	11	18	3	30	5	78	19	26	72	94	61	12	91	71	30	25	75	86	33	33	93	88	14	42	96	90	89	59	53	34	30	63	21	10	82	50	93	72	5	51	96	25	29	59	28	50	
53	85	14	95	4	46	36	14	75	31	36	92	70	68	70	30	2	44	89	91	42	94	82	43	20	26	21	99	73	45	28	36	40	85	52	38	3	64	83	74	78	58	56	89	10	25	73	21	86	53	39	13	47	57	49	17	89	72	10	81	
87	7	36	11	75	6	17	13	83	60	41	31	91	48	44	81	40	26	26	81	57	23	7	96	100	21	68	97	87	48	7	33	36	72	98	37	93	27	51	25	64	30	83	99	34	65	64	64	62	62	83	29	12	90	6	56	75	62	74	3	
12	59	65	89	92	93	18	60	83	9	40	39	70	93	4	5	14	48	29	34	78	14	66	37	35	29	95	9	46	77	96	39	46	45	83	8	90	10	26	75	89	15	48	22	28	26	68	94	57	42	90	51	97	50	18	20	58	28	43	39	
26	90	93	89	94	21	5	17	8	58	84	90	39	50	17	5	68	65	95	92	9	34	80	11	95	33	16	16	73	81	64	26	63	12	49	90	44	80	20	78	24	90	15	97	81	94	1	18	24	32	2	40	70	17	77	6	52	79	27	40	
88	50	20	50	40	15	12	20	40	49	58	82	19	57	68	40	50	34	31	92	65	14	68	30	26	59	71	29	83	1	51	24	62	11	47	92	15	93	91	48	10	1	34	89	77	60	22	39	36	30	84	55	99	45	97	35	48	35	62	2	
9	63	80	85	12	77	60	26	78	32	57	86	1	15	69	87	22	31	17	2	45	84	83	67	65	94	58	77	95	93	61	15	86	56	67	49	38	71	87	66	22	4	6	67	18	76	97	32	73	85	85	81	38	1	92	88	13	44	14	25	
80	59	56	58	6	93	95	65	96	54	100	18	79	46	67	1	81	11	97	12	95	34	59	17	30	36	23	10	57	75	21	4	67	58	51	17	65	82	73	93	58	30	15	60	48	45	95	50	98	53	26	83	84	12	62	60	55	75	65	25	
14	57	32	45	8	65	58	46	95	49	39	78	19	74	61	31	35	50	70	57	33	78	86	61	40	76	78	43	99	14	85	21	8	48	26	99	74	22	70	31	31	81	95	10	92	39	78	70	78	33	5	13	29	33	91	66	67	41	56	55	
3	94	64	23	31	64	79	4	23	49	87	23	10	56	33	66	45	80	16	15	22	21	71	28	91	75	33	51	5	44	3	90	95	91	20	49	42	14	28	39	97	71	55	38	76	75	75	71	30	98	37	5	79	67	68	93	39	31	47	94	
61	84	23	34	19	92	27	88	43	61	36	36	29	56	68	92	5	93	75	96	87	65	84	8	65	82	60	12	13	6	13	80	84	79	81	81	43	22	29	25	96	63	95	42	2	43	97	33	44	95	9	96	44	60	74	28	100	99	36	73	
5	11	59	90	22	41	4	13	86	80	16	78	10	29	61	87	54	80	55	41	79	52	51	77	44	3	38	29	71	10	15	16	31	31	22	2	95	71	44	57	53	43	94	65	56	97	15	82	40	25	68	96	96	29	71	90	20	91	84	15	
39	62	42	57	90	58	48	30	91	61	86	25	4	58	7	100	80	95	68	23	3	35	11	10	20	13	64	39	92	24	64	14	32	95	92	100	67	23	68	17	33	26	4	77	51	46	49	33	28	7	93	51	40	85	61	91	43	13	55	40	
100	77	79	94	82	38	33	61	70	2	51	6	54	7	9	21	94	71	90	11	49	8	21	24	67	49	16	52	28	1	31	93	99	67	36	84	56	47	97	8	23	41	15	75	82	99	62	49	80	36	13	46	32	94	80	51	51	11	47	99	
77	100	72	82	3	85	23	78	28	97	77	90	73	93	19	63	53	27	61	33	19	49	43	50	62	26	94	20	86	64	38	5	24	26	86	3	42	28	41	6	4	57	24	69	86	57	72	10	39	67	61	29	33	100	51	35	70	48	48	40	
42	8	50	47	10	89	46	36	1	68	97	26	61	87	22	26	80	66	89	56	11	54	15	9	67	42	21	9	82	99	53	61	84	78	58	59	75	19	15	45	52	16	15	100	47	33	80	90	92	63	34	73	51	16	1	61	84	78	81	48	
100	40	49	89	92	59	10	83	35	36	22	74	18	25	28	50	14	74	69	39	50	34	79	97	69	2	93	86	70	78	36	60	22	22	41	42	70	2	39	86	1	53	53	84	77	22	15	70	45	36	21	67	61	68	45	65	50	20	95	34	
27	58	37	85	89	22	56	22	1	36	84	3	95	73	26	17	91	75	64	79	1	76	33	81	27	64	27	11	46	69	69	42	12	71	13	95	8	39	86	80	99	64	65	72	3	57	85	99	45	58	12	100	74	5	24	40	30	26	34	36	
16	70	73	59	37	13	2	95	93	66	20	80	86	59	78	56	50	89	68	68	75	53	2	55	92	28	46	86	7	4	16	72	17	3	63	47	30	51	27	19	90	83	68	69	79	9	100	23	100	76	77	82	37	48	26	95	91	100	44	6	
18	47	75	20	14	71	85	24	43	30	45	41	16	29	45	81	10	33	82	69	12	19	8	79	42	8	52	8	71	10	92	40	3	54	51	42	73	2	49	85	7	33	2	91	27	64	84	27	34	64	25	26	92	37	83	49	51	37	29	74	
3	29	25	40	93	23	98	68	26	81	59	74	83	17	48	7	47	78	19	35	57	41	72	90	42	79	88	91	80	78	80	81	100	58	4	10	74	62	50	29	83	48	81	18	11	13	82	51	68	12	9	49	5	77	7	21	35	16	70	93	
65	83	42	74	38	85	55	2	12	24	15	48	50	38	77	95	19	94	45	57	53	37	11	30	91	55	34	47	15	41	70	23	62	78	98	35	33	57	97	16	32	97	15	23	73	40	66	32	91	72	91	88	71	75	7	84	15	40	94	29	
61	74	91	61	79	97	4	45	69	43	10	37	42	44	84	45	66	33	69	1	94	34	20	40	58	42	75	4	29	95	10	89	91	90	29	43	43	44	100	16	1	70	71	27	37	38	33	70	82	90	60	26	18	40	74	76	86	79	23	62	
4	65	82	20	23	90	44	49	3	36	35	93	54	59	15	35	3	90	51	90	72	39	82	79	1	91	7	22	99	82	49	15	1	98	23	79	82	61	57	75	27	60	36	18	56	17	75	26	38	53	73	93	98	99	68	17	40	31	86	5	
40	6	51	97	32	49	56	52	24	88	83	33	35	45	7	1	3	77	77	42	31	87	11	35	18	78	48	74	14	8	24	86	94	28	53	66	93	83	81	29	81	74	67	20	3	95	33	84	63	31	75	49	58	91	53	36	29	13	45	3	
25	77	39	51	13	83	37	88	4	3	79	61	16	48	11	78	90	85	9	41	39	90	21	85	46	73	72	48	31	92	79	41	59	2	1	93	17	100	21	17	69	54	73	35	99	30	49	100	9	32	39	11	4	26	89	48	45	82	11	91	
64	98	31	2	25	88	90	68	66	58	45	16	11	87	99	69	100	63	77	95	96	95	75	98	71	36	53	41	53	74	30	14	63	36	8	88	47	47	61	96	55	2	11	37	75	31	6	78	28	15	81	53	35	7	82	74	50	72	80	24	
59	12	98	67	42	1	14	13	41	30	82	98	14	60	17	43	93	82	17	14	27	44	15	80	34	72	31	74	57	78	99	69	3	65	30	31	43	82	14	75	71	65	33	92	77	23	90	16	81	83	36	89	12	31	91	99	53	37	43	68	
14	52	1	63	13	45	51	23	19	55	35	52	24	18	39	64	17	35	51	19	75	15	11	51	69	51	79	45	35	22	13	92	7	89	34	44	100	35	31	86	86	55	29	74	5	95	3	96	6	34	47	96	66	65	3	12	48	97	85	40	
49	56	17	8	29	67	14	100	65	95	20	67	35	75	81	20	74	80	5	6	55	45	90	7	63	30	15	52	74	28	36	51	11	7	75	17	44	26	14	97	29	26	45	44	24	62	65	46	43	26	69	9	78	55	16	96	30	45	64	79	
75	18	93	98	29	50	52	83	48	32	37	20	30	32	11	60	47	57	24	64	76	97	36	49	57	70	62	88	15	23	44	38	14	35	39	13	94	2	23	70	77	34	16	1	28	28	1	90	69	23	55	98	92	96	86	41	13	90	55	57	
22	12	93	35	57	9	90	44	84	86	77	7	34	47	37	24	1	35	75	76	26	49	88	20	65	67	45	99	2	72	15	60	6	39	63	47	6	85	86	23	29	67	76	88	96	36	26	86	15	16	74	25	22	14	78	54	49	27	51	30	
83	96	63	2	9	100	80	11	2	73	68	98	82	49	2	75	39	64	31	65	23	72	80	9	64	51	77	36	57	36	87	46	86	65	10	37	25	4	86	1	53	37	99	29	47	79	43	90	79	9	58	59	29	46	92	32	29	24	98	23	
52	26	82	87	9	8	96	35	3	31	65	87	71	65	40	97	79	73	61	95	64	15	81	10	57	23	47	66	66	12	16	13	88	36	6	97	21	44	58	82	78	100	79	72	39	68	77	92	60	29	6	12	81	43	100	48	87	95	99	48	
89	92	64	27	31	14	45	81	62	14	59	48	72	8	70	91	75	50	96	27	16	44	65	99	24	17	73	80	82	57	11	76	86	27	8	66	74	13	95	9	4	21	55	80	59	55	90	14	1	72	41	59	100	61	75	75	47	48	58	97	
28	18	23	19	15	42	38	44	25	29	27	22	94	54	3	77	32	84	37	40	74	50	14	94	80	62	11	28	51	5	38	73	27	89	24	78	66	80	10	95	84	97	93	57	13	61	14	57	39	11	85	33	89	27	21	90	80	35	1	46	
99	15	94	99	36	23	77	83	4	46	2	97	31	93	25	48	46	13	32	47	80	61	21	93	44	100	22	18	43	45	78	45	97	95	29	11	66	15	90	31	29	68	60	16	1	35	28	97	10	75	94	63	43	66	78	16	73	92	39	65	
30	60	56	45	47	52	11	97	15	34	52	55	41	29	19	95	19	13	57	70	68	30	66	97	67	29	62	98	14	52	26	69	25	27	61	94	94	19	41	93	65	88	94	14	48	38	48	30	61	91	8	1	43	59	42	29	46	63	100	35	
73	47	62	13	96	62	97	76	82	52	37	51	85	60	60	3	21	62	38	29	87	10	58	89	66	93	10	83	58	55	53	19	26	74	56	1	67	27	43	3	27	30	57	39	99	38	39	84	9	90	13	52	81	13	25	61	38	25	21	36	
35	98	67	79	87	17	43	13	78	51	27	24	13	90	13	5	15	24	30	80	61	37	22	39	42	90	44	51	95	38	51	10	67	60	97	69	75	19	87	17	56	13	17	17	27	27	80	50	97	83	77	83	90	72	75	82	28	30	56	18	
77	37	40	14	89	16	11	50	5	81	48	93	18	55	66	59	62	58	62	20	60	66	4	17	87	58	82	85	77	39	83	58	92	54	57	1	60	46	54	11	70	90	79	5	32	1	65	95	46	58	23	13	37	55	44	70	11	80	11	36	
86	57	24	95	19	76	97	77	61	44	81	74	26	31	95	66	50	80	86	67	75	96	24	71	20	10	44	98	53	50	21	39	34	68	24	89	44	80	16	96	88	3	60	25	5	39	8	70	48	28	82	17	17	28	20	60	49	68	93	89	
78	99	72	15	91	58	5	64	81	1	3	24	93	62	40	19	70	11	55	94	85	88	44	52	7	65	59	86	84	33	94	59	86	52	16	30	7	94	70	44	55	100	1	83	47	98	76	7	58	34	35	31	10	77	80	43	55	15	85	11	
8	56	59	96	81	24	34	1	59	78	60	18	21	60	18	36	76	98	4	75	6	17	77	55	56	54	75	64	35	40	7	74	86	90	48	85	2	88	65	29	71	91	1	40	45	22	95	34	22	52	4	38	56	28	35	92	8	84	23	18	
28	57	89	34	43	34	62	4	27	71	49	60	91	16	28	95	21	50	91	43	50	28	5	80	84	58	95	12	73	39	35	41	50	45	93	29	16	89	84	7	66	62	83	28	19	13	21	72	86	99	2	74	44	36	6	81	40	24	36	73	
78	66	92	69	52	2	9	82	32	2	70	36	4	5	26	76	74	52	37	21	76	82	48	59	39	85	24	21	74	29	63	10	2	17	60	70	91	88	24	61	74	22	29	9	25	67	66	36	93	3	79	92	99	2	78	74	61	33	86	48	
8	6	47	78	10	89	14	8	28	84	15	22	5	8	72	36	52	40	51	15	72	82	27	68	98	20	35	15	84	76	28	38	96	7	16	79	22	50	74	51	21	62	24	97	46	94	27	27	11	74	94	75	87	78	42	96	87	51	92	58	
73	18	66	35	66	11	95	96	10	7	5	64	70	53	22	7	5	85	67	61	28	74	66	59	38	86	58	58	16	8	47	60	76	65	29	84	16	18	3	29	97	13	14	41	45	9	70	82	38	31	7	45	4	7	100	91	76	80	94	1	
6	86	62	63	28	40	88	91	44	57	56	62	97	55	26	11	80	76	62	71	92	84	75	21	71	91	59	43	39	97	39	69	77	42	29	24	87	65	27	65	88	8	94	91	40	98	35	39	21	88	17	39	1	40	11	96	68	38	31	71	
53	27	35	38	24	92	63	80	59	5	43	79	86	46	22	65	11	82	55	47	10	37	51	100	47	1	32	10	37	85	100	16	27	94	29	20	9	39	44	53	41	67	39	3	47	36	39	78	82	18	74	65	59	72	41	47	71	46	1	99	
20	92	15	60	92	98	50	23	30	76	12	81	81	32	35	43	82	65	5	7	8	90	58	15	22	68	90	61	97	89	59	35	66	74	15	76	34	41	37	55	24	90	36	14	15	19	60	70	77	46	41	48	35	28	53	23	50	22	98	33	
36	54	88	87	91	40	68	81	55	42	6	88	95	58	78	22	94	25	89	15	14	83	98	10	25	97	47	44	2	54	94	6	86	43	23	89	47	21	7	41	81	51	85	95	19	43	1	19	96	49	6	84	82	67	85	83	63	8	42	66	
35	11	65	6	97	25	1	42	94	74	55	74	17	1	51	14	39	74	86	75	47	36	44	76	5	50	76	77	85	39	52	76	49	62	95	40	42	15	44	15	87	42	32	10	98	23	87	82	73	63	83	1	60	2	10	87	79	74	5	78	
15	82	64	96	8	66	96	28	77	30	83	2	59	98	55	31	39	61	21	68	35	81	35	97	3	70	92	53	68	4	99	28	60	98	51	41	47	8	77	10	78	69	58	37	74	2	31	99	7	1	98	38	14	25	79	7	63	4	86	66	
71	63	19	46	17	27	23	99	40	96	37	74	8	62	26	14	36	37	32	60	27	65	1	30	34	82	14	27	14	78	37	26	61	96	12	36	71	44	75	50	29	93	73	88	53	21	18	99	17	79	91	9	8	17	94	6	54	61	100	33	
On machine	3
46	69	32	93	10	42	62	81	19	1	8	79	59	23	76	4	47	27	10	82	56	29	35	54	75	30	22	32	7	65	93	53	76	100	72	27	30	95	74	51	88	60	36	64	77	99	98	90	47	72	58	25	2	43	52	23	15	51	36	7	
58	83	42	95	68	93	31	89	65	7	18	29	85	50	54	86	5	25	19	62	29	51	95	55	67	1	26	20	94	66	36	59	77	67	58	16	74	52	67	69	66	88	61	79	37	82	98	26	61	28	84	53	88	69	33	60	3	5	2	5	
34	68	30	16	36	88	50	90	33	18	80	24	55	35	24	86	25	66	85	26	71	93	28	9	6	73	26	100	66	54	19	82	41	59	43	6	13	10	48	70	70	7	48	47	50	74	65	76	53	26	74	31	61	64	83	27	53	80	44	95	
11	98	14	7	12	47	70	89	19	54	50	65	34	42	61	56	80	53	31	30	73	23	5	50	64	3	42	20	82	18	98	69	68	82	14	17	26	16	60	57	37	64	48	57	50	52	55	41	72	44	30	8	93	61	27	26	11	37	92	82	
37	86	44	6	31	37	11	62	85	20	32	34	52	11	92	52	9	40	40	89	92	6	71	23	40	83	35	62	76	12	85	23	77	92	19	94	37	55	89	79	75	58	54	76	52	52	96	65	46	87	10	83	10	95	85	33	27	6	1	68	
29	1	30	2	52	85	2	17	53	86	97	85	6	32	6	39	96	39	67	63	52	76	33	9	95	20	32	11	23	21	46	47	15	63	98	95	60	21	18	28	21	99	42	78	99	23	77	80	46	43	78	32	4	68	87	50	91	49	37	18	
13	61	29	71	46	87	93	89	58	63	37	73	83	93	28	76	5	82	2	81	32	32	24	67	34	95	34	90	42	5	15	25	36	97	26	76	74	48	40	94	18	80	73	70	85	86	20	73	55	1	93	99	23	59	97	48	58	32	9	41	
60	73	46	19	87	10	21	62	14	47	97	29	68	15	86	65	77	22	44	51	36	82	11	83	55	4	22	7	48	92	29	19	32	24	71	6	77	88	47	33	92	75	51	66	87	89	78	72	43	38	55	5	53	99	23	84	4	70	9	20	
91	30	84	68	43	87	57	73	71	90	75	53	66	13	79	89	76	94	67	69	41	58	34	79	99	64	77	49	78	18	73	15	32	43	80	68	17	85	68	20	57	85	30	54	97	69	23	2	88	61	45	34	93	29	59	65	19	34	98	64	
92	99	83	36	67	34	1	27	50	27	61	67	39	16	38	36	17	70	18	89	61	31	82	78	65	28	69	7	12	40	57	40	63	86	73	39	12	12	6	58	2	17	90	78	8	100	45	27	61	5	96	15	87	83	32	41	51	50	65	61	
96	84	70	57	43	15	38	69	35	96	67	67	8	78	70	37	10	24	71	92	35	17	14	62	48	74	86	98	88	16	74	35	9	75	61	26	88	73	34	12	27	43	68	96	38	63	74	8	43	89	83	89	45	43	95	63	42	63	85	59	
79	6	52	17	77	67	71	93	26	40	46	41	62	21	38	15	62	43	8	71	24	99	89	80	36	38	52	95	86	55	80	59	66	87	51	79	9	16	47	33	84	21	85	45	2	33	16	34	25	51	3	22	25	33	45	23	88	23	27	56	
53	93	99	38	59	19	84	41	36	90	86	22	95	44	59	26	96	28	54	19	38	6	19	73	69	7	51	12	52	34	94	56	100	26	82	69	39	88	58	40	44	27	59	1	64	28	5	70	43	57	49	44	83	57	45	85	34	87	88	2	
50	38	84	21	74	46	82	82	90	99	9	26	67	42	50	76	56	50	50	12	69	85	40	75	46	71	64	64	50	2	76	48	4	87	26	29	69	52	30	50	64	51	34	100	99	21	19	52	86	42	54	35	76	80	47	82	48	9	52	40	
2	63	49	8	39	62	75	3	7	81	99	73	52	65	24	79	13	60	11	1	97	95	70	5	30	17	34	64	13	23	18	15	90	84	89	1	87	31	47	51	90	80	75	16	80	56	67	25	76	29	73	28	68	89	45	37	40	44	10	53	
37	52	61	15	74	21	83	47	80	90	55	61	7	70	24	45	10	94	44	24	35	1	37	67	52	65	23	95	77	54	94	81	84	97	9	10	93	3	4	30	53	17	6	73	69	78	54	90	75	3	30	67	25	63	44	20	69	51	40	59	
60	79	19	12	21	13	87	58	12	1	63	70	48	59	100	71	42	5	19	81	11	72	65	70	71	36	45	85	43	34	29	21	60	22	28	74	85	13	14	58	48	29	52	15	71	46	1	95	72	95	85	48	57	73	46	56	82	55	40	32	
69	23	17	29	75	96	73	95	16	69	34	30	34	100	39	81	67	98	34	61	32	27	95	18	55	41	68	7	51	90	70	24	9	53	93	39	47	88	22	72	26	40	56	74	93	77	77	48	20	65	50	37	10	61	6	82	15	65	19	78	
29	53	90	56	97	17	39	95	8	91	52	27	27	46	50	42	100	25	21	33	45	48	98	39	14	27	81	70	54	24	83	45	82	97	28	62	70	63	34	22	48	73	86	53	2	28	15	66	50	51	43	10	68	10	52	67	76	62	100	37	
56	91	5	96	68	86	32	33	100	30	51	90	70	41	56	43	4	22	8	58	24	37	60	61	43	100	50	34	75	45	20	7	41	94	92	7	25	83	87	33	62	82	56	56	33	79	43	51	89	83	83	18	90	35	31	60	99	97	56	70	
48	62	72	36	100	52	45	63	50	1	60	54	38	41	80	93	82	8	34	67	49	92	55	90	4	10	28	85	100	31	64	89	83	73	4	12	62	73	58	2	54	19	96	20	74	16	47	19	49	60	65	77	80	20	68	3	70	30	68	42	
14	26	28	49	56	11	40	55	24	26	25	9	75	62	18	23	91	46	74	36	86	39	17	35	82	32	95	67	51	38	14	73	8	63	32	64	59	84	81	85	83	3	30	21	31	26	58	20	77	20	8	62	96	87	77	28	54	12	67	7	
60	87	70	85	59	82	18	89	75	7	6	87	14	15	20	20	64	50	28	33	24	57	25	99	5	59	85	3	37	3	12	32	66	32	89	81	43	42	60	67	5	68	75	11	20	71	71	72	63	10	53	15	91	31	61	62	55	13	86	82	
71	41	87	100	50	6	98	99	72	96	25	24	70	33	57	74	44	67	51	59	79	28	68	55	80	38	81	15	79	81	71	44	100	16	75	17	91	16	73	42	62	23	42	95	75	36	67	25	67	54	60	47	11	93	17	71	21	35	76	38	
93	72	12	5	39	77	88	38	12	7	98	46	33	88	66	72	83	21	29	42	37	76	23	78	10	76	61	49	87	34	3	95	32	34	57	77	6	99	35	66	60	35	38	11	8	82	17	23	73	41	16	43	74	70	96	18	49	82	35	3	
85	38	41	98	90	54	99	8	87	8	15	23	32	91	100	5	44	22	39	36	44	87	7	34	34	28	93	10	89	26	19	87	61	76	2	39	73	29	41	42	7	60	92	8	84	80	73	25	37	12	41	11	17	60	98	65	40	97	60	14	
71	30	6	12	57	95	90	30	46	62	68	24	26	100	58	9	52	9	52	1	87	83	94	32	96	32	94	75	21	18	100	38	98	90	99	25	95	40	74	27	25	62	6	60	40	96	34	90	27	95	81	66	93	88	59	36	77	50	78	76	
77	54	82	6	21	43	46	8	25	11	13	6	77	81	93	95	48	39	31	67	23	61	48	80	61	38	31	33	35	3	10	7	8	62	33	94	75	33	76	72	35	27	32	24	28	10	49	2	87	81	26	4	70	40	18	40	33	34	94	56	
72	18	63	10	18	17	9	54	21	43	91	61	55	36	45	51	16	82	64	55	97	96	58	49	53	68	2	4	18	3	64	54	6	100	55	24	82	24	62	94	3	34	10	83	79	12	2	77	6	36	84	24	86	45	55	98	76	56	88	66	
32	94	86	85	74	57	48	86	78	75	5	99	17	37	90	50	73	80	75	36	78	84	89	47	34	87	81	96	30	60	77	17	59	79	95	63	68	72	50	66	84	53	45	39	82	25	41	34	71	27	98	50	100	16	77	30	57	32	89	1	
25	38	12	12	82	57	59	14	67	37	80	69	85	35	18	31	67	46	78	75	14	26	37	85	27	58	90	72	70	16	62	58	59	91	85	45	62	16	38	48	1	17	66	27	69	48	21	44	97	87	97	14	73	48	16	91	1	14	11	40	
30	100	44	92	81	62	28	67	92	34	89	88	56	52	16	76	23	85	13	60	14	8	71	53	98	15	53	35	80	57	73	72	97	36	76	41	95	96	22	34	33	80	96	74	33	53	51	49	76	89	78	77	82	15	19	29	99	75	98	65	
81	7	51	63	63	63	57	31	57	52	58	97	52	49	1	97	92	41	2	44	57	65	1	9	51	13	69	79	29	34	26	77	36	19	97	13	59	14	51	33	10	92	37	10	52	23	46	95	9	12	45	91	64	41	57	86	55	89	98	37	
44	85	42	51	32	57	44	50	87	12	79	66	83	20	74	25	4	10	34	55	47	65	33	88	65	100	82	55	20	32	25	5	64	18	45	83	11	95	66	6	17	70	96	68	93	14	25	56	85	43	26	13	24	8	65	29	70	19	45	40	
52	41	46	46	53	9	59	81	95	42	53	9	90	59	78	58	5	91	94	84	7	78	80	54	74	26	85	77	50	29	68	53	47	54	70	27	6	26	76	41	1	89	5	84	82	40	69	36	46	46	30	93	18	26	83	12	54	75	82	55	
84	55	14	86	87	51	52	78	56	91	45	3	61	26	65	25	72	65	6	86	23	76	92	95	2	91	80	36	40	86	87	25	21	8	92	79	75	85	56	62	7	91	9	59	59	21	21	25	46	9	84	40	63	56	85	3	82	3	49	26	
95	96	80	78	45	29	20	24	98	84	59	7	31	96	76	82	34	83	41	73	54	73	64	78	47	100	23	95	47	12	93	31	1	84	81	70	11	77	1	25	97	47	83	41	40	71	15	58	47	96	70	91	53	80	65	32	11	28	68	81	
61	26	8	77	92	35	95	57	45	73	36	70	100	51	27	24	9	35	85	97	75	79	31	5	3	11	3	15	75	5	24	35	52	46	91	46	57	76	97	95	37	25	23	31	55	11	68	80	23	68	78	13	15	65	92	65	32	37	54	53	
15	99	41	35	88	27	61	96	72	76	48	36	20	36	84	93	61	84	96	1	34	72	47	12	22	57	66	93	71	55	59	23	22	53	49	51	40	18	34	41	64	7	79	32	94	27	75	90	7	34	78	43	30	5	71	44	31	32	44	8	
58	84	81	54	77	84	19	93	14	91	55	71	15	84	6	72	63	81	38	39	34	64	26	62	71	51	58	43	33	77	62	93	95	2	48	84	49	51	36	32	20	73	95	28	91	64	53	2	31	71	51	9	32	86	97	47	49	51	45	92	
73	17	32	66	59	6	85	39	55	19	31	36	71	85	22	3	13	42	57	7	77	92	18	78	17	54	26	16	95	69	31	87	15	20	15	42	26	58	75	57	70	27	8	45	50	34	64	100	57	23	97	36	46	97	1	12	87	25	93	91	
46	28	72	44	11	25	14	37	11	6	62	96	21	88	56	23	43	57	46	43	47	50	1	35	54	98	30	58	96	34	55	86	38	72	92	59	61	81	10	31	32	21	55	91	83	58	1	42	72	78	19	68	98	40	6	86	53	30	57	76	
50	54	15	55	47	6	72	8	56	75	30	68	75	68	21	61	93	28	89	66	62	44	28	27	43	89	27	31	98	50	64	77	39	68	21	44	12	58	23	55	41	36	10	28	65	67	24	44	35	35	72	27	77	27	16	56	3	92	56	52	
83	73	29	23	11	30	98	71	19	76	82	40	44	35	34	88	94	29	88	23	13	86	13	25	13	92	83	39	48	58	2	88	34	75	91	21	96	36	49	15	14	71	84	23	81	81	63	90	93	22	34	98	54	34	56	21	74	59	61	76	
38	34	43	19	84	86	51	95	81	91	58	56	50	39	89	44	56	93	36	75	64	39	41	85	36	66	21	45	95	71	75	16	87	41	78	49	1	92	35	21	69	71	50	6	87	73	21	28	88	28	69	20	5	64	86	48	89	15	9	58	
53	97	80	21	25	6	44	86	21	73	2	51	53	59	96	41	80	17	29	45	23	54	91	63	25	4	72	67	98	53	63	21	92	97	56	40	6	2	59	70	87	30	1	94	9	16	80	73	27	78	28	16	87	74	9	42	100	88	31	39	
3	23	3	24	92	85	48	34	68	68	86	73	9	91	46	100	1	73	62	42	94	49	90	14	29	69	7	95	74	39	91	74	23	13	98	29	37	4	59	50	67	57	98	63	33	39	44	6	48	71	83	56	82	81	84	22	16	26	14	92	
30	70	5	65	8	48	91	91	46	48	21	43	17	93	13	12	44	47	63	97	19	90	58	23	31	87	41	7	38	42	73	36	86	17	24	25	84	64	74	65	13	74	31	27	80	7	29	52	61	82	36	7	7	49	83	47	81	30	53	55	
1	16	100	26	64	39	92	8	68	69	80	9	60	93	76	25	10	72	54	87	42	65	86	86	18	12	99	33	43	3	36	65	67	93	96	32	89	20	82	92	32	9	87	42	52	42	72	76	9	67	39	14	45	7	1	96	84	81	57	51	
66	86	43	49	50	89	32	17	88	38	93	95	32	43	22	16	88	80	68	70	2	13	52	67	67	49	62	55	87	29	54	38	3	18	14	74	14	27	32	13	27	86	57	27	43	65	18	51	6	24	66	14	96	69	65	8	40	15	44	57	
65	79	64	27	72	95	87	50	49	72	24	84	4	59	95	39	94	47	57	63	76	49	73	92	93	72	67	67	100	24	19	16	72	48	5	53	97	71	60	8	61	95	21	58	93	67	26	35	70	67	62	4	7	20	46	76	71	30	57	42	
87	16	20	91	18	7	44	15	40	87	60	25	44	9	42	99	64	14	30	34	36	42	37	54	79	61	47	50	3	58	11	92	40	29	73	58	63	58	54	43	63	14	43	59	76	33	88	100	30	97	15	70	83	98	31	30	40	83	27	15	
77	12	85	8	41	80	69	77	25	13	58	4	67	42	58	19	22	96	1	19	2	32	18	26	54	35	3	42	74	23	34	21	37	94	12	20	68	20	21	56	39	61	84	57	88	87	52	29	37	98	71	81	66	30	2	2	8	61	58	39	
36	76	9	65	11	69	3	51	73	19	11	51	56	94	13	100	66	54	62	98	59	46	66	79	72	55	60	46	94	55	42	30	52	27	23	95	14	88	15	57	46	37	78	2	89	15	64	60	77	43	22	44	46	56	96	67	45	1	79	87	
48	73	85	25	80	51	41	44	15	32	47	94	10	63	54	29	62	65	69	97	100	5	98	40	43	85	51	3	9	77	7	3	22	76	59	70	52	81	89	54	70	64	11	18	92	5	72	37	91	91	40	35	17	53	10	7	18	97	35	5	
60	94	88	91	92	36	78	35	70	41	89	55	19	82	67	81	89	30	55	44	75	86	34	67	14	22	12	12	19	27	90	95	29	78	95	96	49	60	72	30	37	78	56	22	58	63	48	3	1	94	20	19	3	14	50	47	12	73	50	74	
17	88	10	24	53	13	59	72	11	33	49	62	92	96	35	82	34	54	33	37	100	83	49	79	16	42	1	32	70	53	100	27	6	32	62	43	5	80	8	32	40	14	23	67	12	92	33	9	48	75	51	65	89	31	84	22	72	18	9	42	
50	71	96	54	28	18	95	2	23	79	31	33	92	100	60	48	77	18	14	94	21	60	100	4	82	70	29	98	83	60	12	66	14	59	4	50	80	46	68	52	51	65	47	46	41	98	99	79	3	18	43	9	26	10	30	3	21	85	46	5	
51	61	86	22	99	4	51	65	14	89	49	73	75	23	100	26	78	21	93	59	9	22	7	10	58	36	1	76	91	55	97	21	94	56	25	28	9	86	58	62	65	63	87	77	73	92	99	79	82	57	4	88	84	93	26	65	96	56	15	69	
44	82	69	9	54	82	63	34	84	75	72	85	59	55	8	80	71	1	43	56	86	65	75	3	21	77	80	30	7	30	90	61	35	23	11	13	53	58	16	90	68	64	37	94	70	62	18	90	23	37	96	61	10	14	59	98	82	78	10	5	
On machine	4
44	55	18	95	22	60	34	25	71	70	74	11	40	40	57	66	27	19	33	88	21	13	82	78	26	15	54	74	63	30	83	74	79	7	69	17	35	1	10	89	74	14	43	76	17	41	69	59	82	3	12	80	99	97	90	39	89	49	3	27	
70	50	100	37	72	65	29	34	71	78	72	61	13	27	70	67	87	67	32	14	34	34	95	75	88	80	99	60	81	39	26	18	69	17	83	43	34	18	57	54	98	41	82	17	59	89	16	27	6	43	34	55	77	35	98	82	23	79	18	73	
32	18	56	77	74	64	54	22	67	93	62	85	88	5	62	9	5	47	52	68	66	81	96	55	81	70	18	7	45	69	17	58	27	90	36	29	23	54	29	55	21	27	91	31	80	72	100	45	27	62	94	98	94	84	61	64	11	49	26	88	
30	79	31	43	70	66	90	35	1	65	14	71	33	96	76	32	19	66	71	77	57	65	2	29	59	17	5	24	15	81	74	95	90	32	49	40	84	66	83	18	55	73	51	80	63	51	89	92	53	9	19	42	10	97	17	65	29	95	29	17	
93	25	59	66	4	41	61	78	15	51	26	37	43	43	72	76	23	48	83	11	66	70	44	22	59	38	22	83	8	63	96	45	1	71	88	4	61	42	18	63	25	89	43	46	19	27	35	2	8	88	21	93	42	84	11	54	29	75	46	17	
40	52	98	27	46	23	81	41	50	26	96	57	31	19	3	36	76	40	98	81	71	75	43	71	41	4	79	87	26	4	95	76	100	23	88	27	89	58	66	44	24	45	68	30	37	90	49	59	78	15	12	23	48	88	38	11	86	45	100	83	
14	27	55	29	38	88	81	24	10	91	88	15	82	76	69	40	99	94	41	35	25	47	22	15	99	48	69	46	74	9	23	28	11	85	90	10	4	86	85	20	77	80	98	49	87	15	27	93	92	90	79	16	84	21	67	61	32	51	13	73	
5	56	91	81	19	65	38	89	19	46	72	26	9	22	97	78	6	53	67	75	13	50	44	86	97	8	15	17	10	28	20	54	15	39	8	54	28	20	21	64	7	55	75	2	48	55	92	30	76	3	3	57	47	87	63	29	70	77	30	19	
51	91	60	87	76	66	38	42	12	53	35	5	63	58	85	60	52	27	39	2	5	1	54	91	92	85	37	25	84	48	69	51	89	53	40	63	95	4	46	23	67	66	90	6	49	86	27	93	34	90	70	84	37	10	25	77	4	35	80	58	
19	68	51	13	17	74	85	78	85	74	83	20	75	39	72	33	99	100	48	43	94	71	62	73	16	14	86	99	93	38	86	41	94	74	25	58	75	49	58	23	94	91	2	77	39	25	48	17	82	15	28	99	84	2	38	57	61	22	100	89	
21	34	27	16	31	61	98	48	58	51	39	56	6	60	14	14	78	52	59	50	38	4	39	37	43	28	98	97	58	2	96	95	1	70	50	32	20	46	42	32	52	23	17	68	77	9	23	39	1	55	28	28	10	31	82	78	96	29	55	79	
61	9	56	13	1	2	83	98	22	4	85	7	87	86	26	47	30	89	1	73	36	75	87	43	44	83	20	24	24	96	64	29	31	92	35	23	77	91	98	88	69	4	92	51	56	99	45	81	27	44	41	86	31	27	48	55	22	5	9	33	
21	58	25	65	95	90	38	54	69	73	11	12	92	34	46	58	31	95	31	58	62	75	2	63	85	36	32	20	29	32	2	3	7	18	55	41	55	96	71	80	68	59	51	77	33	41	67	6	75	50	86	99	72	6	68	41	87	98	74	62	
21	57	46	88	56	57	41	76	9	66	1	30	60	66	26	54	26	65	63	21	2	79	57	18	24	52	88	34	78	16	19	38	90	63	49	87	22	90	87	54	30	7	56	13	7	85	82	85	52	100	7	10	78	3	100	36	28	50	37	12	
48	70	57	34	95	91	80	15	50	46	74	58	94	56	93	15	29	81	21	37	23	31	3	97	60	85	88	33	90	100	83	53	77	13	90	3	69	73	37	38	4	25	60	6	45	36	27	14	36	61	46	82	55	5	73	22	52	62	68	62	
60	17	59	91	35	69	98	34	81	96	15	71	36	98	16	77	31	63	70	29	19	38	10	20	99	84	79	4	50	45	96	65	84	49	92	36	72	73	3	41	32	41	31	74	14	81	87	19	67	11	99	63	89	64	12	87	13	96	4	49	
33	87	13	92	14	61	34	18	62	98	79	78	33	11	3	27	29	64	71	44	42	74	44	6	47	2	92	15	87	22	29	44	35	12	66	54	76	49	70	48	95	60	70	24	59	31	74	58	90	40	35	65	80	40	40	25	77	21	2	36	
18	2	92	90	74	19	15	62	24	24	75	86	51	14	2	30	89	20	17	7	61	48	31	24	41	54	8	4	87	60	75	83	38	31	32	37	59	80	33	26	24	63	89	8	96	88	13	42	8	87	62	3	58	30	84	30	89	52	70	75	
32	72	54	50	14	61	10	18	45	13	35	89	38	29	12	70	49	19	50	7	36	63	7	84	49	2	69	27	87	93	5	90	94	12	27	66	52	42	20	81	82	35	49	91	67	75	5	80	45	87	42	37	29	5	8	75	57	93	35	56	
9	57	58	45	67	13	91	96	58	36	17	27	32	45	15	40	50	81	59	26	77	39	92	8	79	61	80	13	92	99	8	87	25	90	95	52	72	11	57	30	77	39	45	66	17	77	18	8	61	82	59	48	57	4	84	64	81	66	71	20	
12	27	66	94	44	17	18	11	45	85	49	62	57	32	85	28	39	39	85	99	78	70	16	31	49	45	10	13	37	85	21	66	2	90	57	47	13	65	55	63	77	55	64	82	81	22	40	23	90	84	93	85	46	30	38	45	68	3	11	63	
13	33	98	37	29	75	43	84	46	76	57	70	46	14	49	16	71	74	42	13	84	36	57	34	17	70	93	7	87	26	38	54	81	55	67	67	15	11	2	40	29	54	76	41	82	30	60	19	49	76	52	72	15	26	41	14	79	21	14	86	
63	65	52	26	51	51	52	7	66	33	17	83	51	60	56	1	34	78	98	46	8	7	93	26	37	27	21	62	51	4	24	64	70	84	59	16	34	43	39	20	12	50	53	76	68	10	70	56	6	39	42	51	44	68	49	82	20	50	50	40	
31	67	43	7	40	52	13	26	77	14	10	92	31	46	85	57	76	79	85	32	90	69	48	53	25	86	64	28	53	84	91	49	77	45	88	93	23	13	10	62	65	70	40	50	91	44	65	21	39	100	29	32	57	99	20	72	87	46	79	4	
47	56	88	86	26	66	65	88	53	14	89	54	18	72	34	42	46	9	93	100	24	96	94	43	40	97	71	92	65	56	29	62	100	67	94	82	10	83	49	35	88	48	37	40	28	7	91	28	2	12	78	54	36	12	97	35	56	76	60	61	
40	79	43	6	26	92	8	96	36	68	69	30	2	79	53	82	54	52	3	20	53	34	75	48	47	19	86	95	71	20	24	64	20	39	12	88	98	49	6	26	46	56	87	49	91	46	10	82	62	74	94	10	45	58	17	72	69	78	67	23	
73	56	42	79	21	49	56	8	36	59	13	95	18	4	26	16	37	61	30	35	82	66	13	75	43	81	47	87	14	77	10	35	40	17	42	55	62	13	87	82	84	88	24	98	1	23	35	7	43	77	12	5	19	44	3	69	66	34	21	85	
33	55	14	63	66	75	60	36	65	58	50	11	70	72	87	25	11	54	93	46	28	58	65	20	45	47	41	1	88	63	39	59	43	13	72	23	64	44	13	35	20	69	80	5	77	58	90	35	72	56	72	37	1	67	44	7	3	3	57	28	
99	13	46	27	37	42	34	11	38	15	28	94	88	22	9	66	6	63	34	80	39	82	40	68	90	49	49	93	7	69	49	84	12	74	33	83	36	55	18	40	40	14	9	23	33	47	98	68	13	83	98	84	73	44	62	11	75	51	57	3	
71	89	41	59	59	78	100	77	7	59	68	4	78	46	9	97	23	39	66	41	74	49	7	67	7	73	93	51	91	98	22	62	80	66	51	19	92	28	60	31	81	47	87	80	79	18	87	23	93	76	97	95	81	37	27	50	39	62	85	22	
91	54	82	58	58	57	25	50	46	69	71	64	57	7	43	61	25	51	15	7	52	63	36	56	49	29	41	15	37	90	55	9	84	22	13	15	61	82	6	87	15	85	4	92	8	50	96	89	14	32	13	20	8	27	22	99	48	78	38	79	
79	98	74	45	28	78	6	22	84	12	31	9	41	3	68	66	10	40	35	54	66	98	78	34	9	57	19	11	96	51	56	95	71	81	82	76	35	79	61	29	61	79	63	18	89	23	93	4	7	38	79	62	23	84	81	85	71	28	60	70	
33	13	74	9	94	92	8	36	7	49	26	25	90	72	94	25	43	18	14	17	78	60	72	3	76	71	75	73	46	41	31	27	89	47	20	2	64	43	47	36	62	87	26	59	76	71	81	94	6	4	80	21	45	9	54	80	4	15	59	2	
89	87	55	22	43	67	63	55	33	69	51	72	74	2	96	49	26	11	2	37	68	68	82	28	90	18	62	12	40	75	5	36	93	47	73	71	94	1	86	47	89	27	5	19	33	10	84	13	86	21	72	46	39	39	60	83	6	7	24	69	
36	20	33	75	54	29	95	78	27	46	49	85	91	100	84	75	19	30	14	62	66	16	92	33	48	88	94	28	53	51	66	2	64	57	44	15	36	60	24	28	18	78	24	51	100	61	96	11	98	58	59	80	52	41	32	54	79	24	49	76	
95	22	6	43	83	39	45	88	75	29	24	19	91	76	60	84	16	41	37	55	21	67	67	10	62	92	51	54	99	67	60	99	63	77	27	8	39	53	25	91	6	11	20	100	25	61	53	60	7	61	40	11	59	65	28	34	20	60	5	51	
66	72	11	6	62	68	69	97	26	100	82	82	74	11	99	36	86	96	73	19	9	100	92	3	37	71	84	27	52	57	47	54	86	71	99	3	96	66	5	54	33	15	26	23	55	52	9	5	92	82	74	33	98	27	46	36	67	10	50	65	
21	24	88	84	56	74	63	28	9	4	98	76	28	80	81	72	29	19	27	4	16	31	83	6	49	34	12	28	45	13	19	92	58	53	36	75	92	58	55	19	13	38	9	41	70	44	77	23	48	84	24	78	82	26	41	10	43	72	100	16	
22	89	65	49	32	63	60	81	26	46	36	14	56	42	92	42	69	69	28	62	31	78	100	86	34	55	66	13	100	14	46	53	35	18	38	74	83	31	55	5	82	95	49	12	57	91	34	24	55	23	57	51	35	21	48	71	71	87	56	51	
36	27	77	37	9	19	34	40	50	57	81	26	31	12	78	85	37	75	40	9	45	13	65	73	89	94	59	91	10	26	19	25	10	32	21	86	86	20	92	51	47	64	91	14	70	71	56	29	88	47	20	7	43	56	31	52	19	33	81	53	
87	19	5	33	48	8	98	30	94	26	32	80	20	100	64	16	79	20	21	11	38	14	40	4	5	72	11	40	25	30	27	13	62	51	16	9	44	92	20	19	87	45	14	25	54	38	12	96	58	20	64	97	50	9	63	42	6	92	42	89	
45	35	72	75	11	85	92	15	67	80	100	79	31	60	83	24	5	6	3	98	26	99	14	82	94	19	78	8	43	52	70	15	49	23	80	95	29	54	87	49	85	87	42	92	52	96	22	43	61	91	6	86	93	96	81	31	72	93	71	70	
65	65	89	70	82	28	51	73	34	2	67	37	1	21	76	85	88	85	63	48	50	38	12	4	81	92	20	38	57	34	89	79	42	15	99	2	88	2	42	29	96	44	76	77	93	20	32	66	35	98	83	38	3	46	78	76	7	71	63	28	
61	71	73	73	26	29	51	91	47	27	72	31	4	69	68	28	39	1	29	63	11	79	32	8	85	8	18	46	67	27	23	29	63	88	58	67	95	4	1	86	47	40	54	27	66	76	9	13	20	83	20	48	51	85	45	56	100	40	47	71	
17	63	19	34	13	28	76	93	11	16	89	65	7	68	98	18	13	2	46	94	88	100	16	45	6	76	31	45	88	13	34	57	92	17	20	65	97	55	19	99	19	11	32	37	52	96	6	82	59	58	32	58	62	80	89	94	21	51	12	99	
25	91	17	93	54	42	36	11	4	31	8	82	23	12	53	83	10	67	46	84	74	33	38	29	36	12	75	15	88	19	19	14	90	64	55	52	45	57	25	97	94	66	58	20	43	13	60	9	13	79	8	5	11	50	72	95	68	72	35	13	
23	31	33	14	64	41	40	16	66	94	23	42	95	100	46	42	87	19	70	25	25	56	82	35	14	10	94	8	23	91	28	6	25	8	72	91	67	25	25	59	68	59	40	65	6	62	42	93	14	69	10	70	85	47	84	20	42	57	73	25	
1	94	38	63	83	82	75	34	55	41	89	96	21	26	34	20	97	71	48	31	74	52	20	52	35	88	56	19	13	2	20	92	6	64	82	69	70	56	83	65	52	8	40	94	83	15	76	58	70	72	24	29	29	23	85	6	13	42	72	39	
89	70	96	30	78	6	31	54	44	42	22	5	86	32	82	3	99	87	79	95	34	97	92	48	3	15	99	6	4	62	99	38	63	56	67	88	24	15	57	68	21	93	91	43	88	77	12	54	33	74	2	46	69	5	70	59	34	99	5	87	
19	23	34	23	39	97	51	80	93	12	93	41	99	1	6	29	27	32	57	95	1	83	13	93	86	13	38	17	49	24	20	85	16	94	64	46	77	4	72	56	33	41	62	87	96	65	92	48	39	9	38	22	75	62	28	51	39	24	66	60	
59	42	10	100	81	98	41	47	92	62	100	26	64	69	20	1	22	62	48	85	32	79	2	11	42	33	76	65	14	3	60	7	65	48	14	32	39	85	45	10	50	31	85	4	74	56	84	59	99	72	90	23	49	3	93	26	47	57	24	45	
100	37	47	62	19	11	20	13	54	60	53	71	37	74	87	32	86	84	97	57	7	50	79	41	4	96	51	7	86	73	25	36	25	71	88	73	25	38	93	8	90	85	64	82	26	99	44	24	33	26	63	34	12	92	81	21	15	3	9	14	
75	23	70	82	52	73	66	75	42	14	8	79	83	48	43	8	76	88	6	87	43	81	82	17	97	35	83	10	67	20	26	56	50	91	99	24	15	70	29	51	16	62	54	23	68	28	16	63	33	94	100	61	52	67	19	79	69	23	74	20	
16	38	95	19	66	2	96	68	16	43	21	30	77	47	61	69	22	90	70	80	63	80	35	54	32	64	61	41	17	7	60	59	21	37	98	12	33	56	90	87	60	67	11	61	10	4	75	7	89	29	86	72	84	80	58	38	54	41	61	75	
21	12	92	39	80	23	81	88	45	92	52	90	91	39	66	72	87	50	84	67	17	94	74	1	34	6	33	53	100	58	61	1	45	37	63	36	91	21	20	49	83	55	2	44	89	82	11	75	63	1	86	71	54	25	73	45	37	7	68	99	
80	98	7	55	4	55	12	22	55	18	13	17	83	68	37	20	65	73	68	63	84	84	63	77	23	85	47	62	7	7	80	16	11	1	99	90	3	82	23	5	44	23	94	91	32	92	95	88	9	84	87	46	12	68	35	8	14	63	24	98	
7	73	100	36	48	69	67	72	67	69	92	58	2	71	18	54	39	94	31	47	7	6	80	50	32	92	4	52	17	70	61	76	88	41	36	96	81	20	37	83	38	44	92	51	36	84	42	8	97	19	74	33	84	23	17	45	80	73	16	28	
65	10	10	36	87	29	73	58	68	34	29	89	12	12	42	53	100	10	77	32	20	15	66	41	100	80	68	25	12	67	62	26	90	77	45	34	28	51	78	92	74	16	89	4	39	49	70	69	72	23	67	58	8	41	62	41	54	5	61	92	
71	69	11	29	27	53	76	42	54	71	91	24	63	93	63	91	89	70	53	65	77	48	49	30	83	26	59	93	48	58	86	36	86	83	41	89	49	78	2	79	31	58	1	88	71	51	55	94	52	100	74	11	38	43	89	44	83	9	100	27	
16	81	61	92	42	22	15	55	33	21	56	84	73	51	39	10	38	95	27	8	2	71	33	1	81	16	14	12	70	3	73	72	67	81	33	12	37	70	98	41	21	2	60	74	49	3	81	20	3	59	45	11	67	54	71	73	4	35	45	26	
On machine	5
54	95	10	20	45	20	11	64	95	18	40	96	97	100	1	82	51	2	52	9	16	35	60	94	65	29	43	86	41	58	100	26	36	10	56	99	29	46	30	32	26	35	100	68	47	88	92	92	87	79	15	37	87	34	25	97	95	49	13	72	
94	68	90	72	35	51	66	34	69	72	86	80	88	92	50	2	89	57	75	36	53	71	50	27	69	97	82	12	80	74	89	91	35	71	87	5	57	91	8	15	51	62	7	56	66	38	39	8	17	28	21	63	64	57	46	5	49	16	42	43	
61	39	64	39	74	64	92	43	92	82	59	31	64	75	14	92	92	61	58	64	25	8	62	67	21	58	1	26	21	78	2	47	66	21	33	8	25	34	68	60	21	43	10	39	68	24	22	32	22	56	83	12	41	98	91	62	48	98	66	78	
75	59	60	58	75	99	77	22	70	25	39	74	8	39	61	26	59	81	72	4	96	92	95	94	35	53	95	74	85	12	94	82	44	93	7	97	55	98	83	9	59	43	58	23	5	41	61	11	100	9	38	21	41	80	21	84	78	22	90	49	
28	8	55	56	28	37	27	65	95	82	19	89	49	10	36	57	15	94	97	80	29	92	18	5	39	5	37	20	73	77	89	78	88	99	28	85	63	74	69	80	68	22	29	18	63	10	49	42	64	50	41	52	48	43	76	2	20	22	60	9	
33	45	95	68	71	77	73	21	88	73	40	40	32	94	38	53	99	52	34	29	94	99	6	75	34	94	30	98	73	32	17	87	70	79	76	77	95	69	91	13	81	1	44	27	35	19	49	44	19	100	22	82	38	12	50	33	98	4	2	3	
37	74	84	58	68	22	28	12	33	12	65	75	88	8	46	7	11	57	38	13	24	41	5	49	80	59	44	6	86	22	68	4	6	93	13	90	10	43	40	61	12	86	51	57	90	6	5	22	10	7	66	42	54	23	3	90	87	57	69	42	
84	19	2	4	90	45	1	83	22	98	99	92	14	74	90	69	75	96	9	6	42	10	68	85	81	48	1	53	85	25	19	53	46	28	74	57	58	89	55	37	94	2	82	61	37	100	29	93	62	38	75	66	61	82	24	20	49	9	74	30	
16	96	97	51	94	100	11	34	94	62	64	52	87	95	32	68	2	33	28	4	13	79	77	98	15	10	27	33	37	61	27	65	77	69	19	80	88	48	42	83	70	71	22	92	68	6	49	97	81	45	92	13	86	28	90	42	70	90	48	35	
30	74	95	82	16	57	14	48	94	40	82	4	9	33	43	54	39	23	33	49	34	15	72	62	50	80	79	22	45	59	67	74	48	48	70	57	36	44	21	100	43	35	47	81	61	39	79	32	70	89	41	38	73	100	60	26	69	24	42	46	
7	29	12	25	47	76	76	79	95	21	89	6	70	82	13	10	20	86	97	55	3	41	28	29	29	95	32	13	51	4	98	70	85	15	88	70	19	2	66	86	31	52	12	76	16	56	17	7	71	45	5	52	48	3	74	35	55	1	69	27	
67	91	67	98	55	78	10	84	59	97	83	100	9	78	32	12	25	22	58	32	86	29	59	45	86	90	24	18	23	61	70	72	30	41	30	51	81	49	75	76	100	22	35	91	9	47	33	88	73	99	29	98	88	58	59	28	68	78	49	24	
57	28	40	88	52	75	58	31	14	69	18	84	46	32	59	77	99	78	77	70	43	68	84	31	23	91	18	92	48	96	13	43	37	58	30	75	85	33	56	55	91	18	59	17	33	100	82	60	35	32	74	32	20	32	41	40	85	29	60	56	
48	100	13	21	58	82	72	38	49	78	18	92	5	15	26	47	5	93	32	90	24	13	7	5	61	16	44	86	59	79	15	46	61	33	36	81	5	73	6	39	32	67	6	24	94	24	60	78	37	4	93	34	59	96	41	89	88	40	63	39	
49	58	33	81	19	68	34	31	50	78	53	15	29	80	4	49	58	46	12	15	47	45	14	72	88	29	19	84	29	43	36	25	43	54	69	81	54	28	84	58	49	50	44	31	1	52	94	81	79	25	10	92	17	23	39	68	79	5	25	54	
50	26	91	15	52	30	60	30	33	66	92	36	14	48	19	49	48	43	86	18	59	44	31	79	36	66	2	2	84	88	27	31	17	76	50	28	38	58	53	80	98	21	97	52	73	9	35	35	6	74	19	71	24	60	94	6	60	28	5	2	
78	49	66	75	36	42	99	70	83	47	4	47	23	94	24	74	9	9	55	15	79	53	90	100	12	5	95	11	48	18	7	12	18	1	65	50	45	60	17	92	24	17	85	47	53	5	99	55	27	95	91	51	78	43	26	49	19	50	79	21	
2	7	96	24	20	63	21	48	88	57	13	94	80	59	9	61	72	69	9	29	47	60	64	38	12	37	51	9	63	75	97	68	16	49	57	14	48	96	12	97	79	53	90	92	97	74	71	35	95	55	66	77	49	31	40	32	65	14	82	91	
11	33	81	15	31	96	33	74	22	68	97	54	100	89	44	54	33	69	7	14	12	58	15	67	24	49	66	93	21	47	61	48	50	20	7	24	51	53	65	9	81	86	37	9	73	1	3	60	37	57	34	79	81	63	23	80	58	89	27	76	
100	28	30	21	89	67	100	90	51	52	51	41	51	66	82	88	84	76	52	6	77	94	11	4	95	45	90	10	17	8	61	71	93	12	57	30	56	51	23	37	81	44	57	76	74	98	19	9	94	31	74	41	9	7	10	99	18	37	77	39	
58	29	79	2	30	7	5	79	31	55	89	93	19	78	39	32	19	11	16	62	30	1	13	55	5	1	16	6	85	63	35	25	21	21	38	19	37	46	30	88	81	68	85	14	18	85	15	79	1	12	21	33	94	19	6	61	92	51	56	99	
34	70	84	14	1	92	40	43	51	57	84	26	27	54	47	57	2	94	99	67	94	75	91	76	52	69	20	20	20	41	2	49	3	62	33	64	80	21	31	26	8	51	84	75	78	16	51	44	27	20	67	66	20	20	30	6	77	94	84	70	
51	97	7	63	1	69	21	17	92	33	3	84	79	1	1	69	24	34	90	96	88	72	85	55	56	40	48	7	9	62	84	37	42	85	66	43	44	8	48	28	90	23	27	2	77	39	75	54	45	93	31	34	18	14	55	2	2	2	39	63	
28	67	6	27	64	41	19	28	80	26	11	73	82	28	15	26	79	47	35	64	11	53	54	76	18	1	68	51	74	80	74	54	46	86	97	62	11	14	86	18	28	20	65	4	28	91	27	6	3	40	76	78	36	13	16	8	22	77	45	65	
76	87	34	60	14	30	94	45	29	24	96	81	78	17	62	25	7	33	68	52	65	84	50	55	98	14	88	12	74	16	1	27	95	14	78	61	53	24	36	63	83	98	92	17	20	31	14	24	89	78	85	46	23	72	41	9	19	72	82	6	
84	76	80	58	44	86	10	69	55	27	15	86	93	4	95	59	19	66	98	1	24	25	6	31	67	19	26	99	11	42	27	37	30	73	86	71	51	78	14	92	44	13	60	97	63	20	100	69	71	56	13	8	85	46	35	82	95	98	44	33	
8	84	22	52	65	52	88	90	100	96	51	10	52	86	54	64	52	28	51	44	11	18	28	77	31	58	57	77	69	40	96	3	29	71	19	65	41	44	13	91	59	24	92	96	78	72	13	67	38	16	36	48	13	31	29	25	76	81	31	91	
58	66	41	49	41	47	11	87	46	38	17	63	15	91	21	56	92	52	77	38	19	85	20	10	15	28	74	82	50	43	66	28	33	87	71	27	73	95	100	62	76	14	17	76	82	93	67	100	32	68	87	25	48	70	14	20	30	4	43	93	
75	78	77	96	68	8	70	74	1	8	73	34	90	11	60	19	50	69	69	62	75	84	6	57	93	52	6	40	38	73	46	23	85	1	60	99	41	53	51	44	89	49	87	11	22	90	18	97	4	100	79	84	100	56	26	76	13	51	97	61	
23	43	21	15	8	58	23	41	65	73	53	6	88	95	84	33	74	2	96	29	44	41	26	32	21	95	72	79	86	58	98	6	4	11	36	28	22	42	83	58	24	41	81	13	67	57	47	8	19	92	21	46	57	85	85	12	24	37	91	75	
74	42	65	65	38	65	81	40	90	16	39	19	38	24	97	63	87	25	4	41	28	91	53	34	84	35	40	23	98	75	96	86	94	42	66	25	21	84	14	74	63	20	64	90	30	75	59	41	54	92	96	70	51	24	45	60	90	100	92	97	
67	29	25	90	18	11	14	42	13	37	86	37	78	36	44	4	26	9	22	44	32	60	74	32	98	39	44	4	17	64	11	70	59	38	12	73	66	1	32	36	82	83	10	87	27	13	45	94	24	63	35	87	39	73	2	96	90	7	94	61	
33	82	56	70	6	3	52	9	49	43	57	23	96	7	89	27	54	50	75	90	21	29	37	65	41	14	21	96	47	25	31	49	28	54	20	29	39	11	70	53	65	41	68	55	94	85	27	45	86	77	88	22	53	26	68	92	32	40	82	34	
25	12	88	91	72	18	17	43	31	43	17	5	92	72	57	16	53	80	20	9	76	6	82	84	59	63	29	27	50	51	85	41	19	13	92	36	27	20	98	40	90	2	73	52	35	56	60	54	17	80	93	39	92	86	37	74	49	71	11	14	
59	49	71	48	59	95	64	6	71	44	31	12	24	17	47	28	49	84	26	49	2	34	97	4	90	73	71	15	65	75	70	45	41	17	59	21	11	15	23	10	37	19	61	55	13	8	73	84	76	57	14	17	91	78	13	50	14	98	86	67	
92	22	90	60	63	73	17	23	12	24	77	8	44	80	75	26	8	14	18	84	10	46	29	3	74	39	83	10	60	98	93	22	46	49	16	51	48	78	86	14	2	95	34	4	66	100	74	47	95	4	71	44	32	68	85	49	9	70	13	100	
7	20	81	4	15	51	87	90	37	99	88	22	57	56	95	23	93	63	68	12	96	33	22	29	46	11	44	69	21	78	99	17	60	81	17	33	22	13	40	97	90	13	90	7	88	30	55	99	70	56	83	39	36	18	18	13	4	34	78	69	
78	64	68	3	39	9	13	33	97	15	2	44	23	99	69	61	12	62	6	22	97	12	86	18	46	62	35	61	14	9	1	27	44	52	40	56	20	71	93	56	2	20	97	16	35	18	15	40	81	19	65	58	58	34	90	67	24	94	82	18	
35	14	11	14	22	53	67	51	31	7	62	22	38	53	45	47	47	97	59	4	83	94	47	61	24	99	86	40	36	1	54	6	17	62	47	69	89	76	57	79	51	66	95	15	40	97	59	23	100	42	17	74	10	38	92	30	53	26	74	88	
91	60	47	2	58	16	26	34	86	80	51	86	18	4	21	55	50	57	82	74	52	30	10	36	89	92	5	81	55	8	39	59	61	39	86	31	11	38	11	76	58	17	17	91	50	16	6	23	10	28	82	18	51	47	41	11	54	20	48	77	
95	13	36	37	58	93	18	32	83	100	42	67	92	33	81	70	88	7	68	1	33	31	60	49	31	53	54	52	71	9	16	36	89	12	37	38	98	7	23	92	68	51	40	7	3	94	1	75	91	21	31	3	35	10	6	49	42	15	10	77	
77	8	94	17	8	22	54	6	28	20	10	17	76	11	31	32	82	24	28	78	41	9	97	43	68	32	43	81	58	6	44	4	12	84	100	32	42	30	52	21	37	61	78	26	8	7	61	74	54	72	43	99	4	63	84	99	88	57	52	53	
5	41	68	79	55	66	77	77	33	65	30	63	17	18	59	87	16	7	14	65	15	78	84	38	33	48	19	82	86	35	11	93	27	77	11	88	19	37	30	61	78	30	41	8	60	2	10	20	40	21	57	37	97	69	58	47	68	40	7	67	
91	3	59	76	26	42	40	42	21	6	25	74	61	2	11	32	62	81	49	20	35	30	30	87	100	34	26	26	1	50	63	100	68	60	97	28	17	39	39	21	79	72	56	25	82	1	78	44	90	48	59	42	15	61	89	41	63	84	14	91	
44	35	15	20	18	28	52	21	71	13	1	37	50	24	83	70	64	82	62	50	81	87	49	47	78	76	99	64	59	20	41	71	28	22	4	67	12	15	80	77	81	47	97	34	61	78	84	82	84	77	54	92	39	37	89	16	41	79	71	49	
36	1	91	80	74	48	12	81	57	62	33	1	59	34	11	56	74	1	77	47	34	95	30	40	76	63	10	77	76	51	25	87	38	44	73	80	86	88	38	66	64	25	56	13	1	5	35	43	55	58	2	71	66	48	74	32	36	52	40	10	
38	44	98	69	49	20	58	49	24	27	51	26	82	55	92	17	90	69	10	71	5	32	57	36	80	23	14	38	67	85	68	8	41	17	65	21	24	30	78	49	96	89	41	65	59	93	41	30	32	37	19	12	96	68	76	48	96	49	27	28	
88	98	41	13	79	71	50	98	21	26	62	19	1	73	67	16	15	38	36	86	49	98	90	6	72	30	83	86	89	94	65	1	88	50	39	19	5	49	22	87	30	55	65	86	24	16	41	81	41	11	100	35	18	48	100	58	40	76	64	18	
88	33	90	25	23	57	67	96	19	64	91	78	48	18	3	56	69	33	80	25	63	59	85	7	2	54	96	70	85	57	33	59	5	50	12	100	57	65	60	2	81	40	84	90	42	42	56	52	60	77	83	81	43	51	44	52	19	93	79	11	
91	7	33	71	40	70	50	22	53	35	78	43	30	40	66	39	50	12	65	46	73	7	58	11	82	83	48	97	3	48	19	18	10	59	69	37	49	57	5	55	45	26	14	73	32	100	55	13	6	36	29	90	40	60	62	49	80	38	5	21	
44	44	38	90	2	64	72	81	3	14	15	63	3	16	51	95	33	33	6	92	91	77	13	56	40	12	22	54	44	24	12	54	84	44	99	58	59	99	2	83	95	90	7	6	36	9	37	93	38	55	91	60	13	91	8	28	14	10	86	53	
16	42	64	71	20	89	47	56	44	99	83	35	73	68	42	12	52	34	13	3	66	61	23	98	56	27	98	74	82	78	7	8	6	48	49	96	63	91	65	47	58	57	96	14	69	45	34	73	99	42	13	41	63	48	29	84	4	21	31	43	
88	82	52	10	31	22	51	73	87	69	21	27	5	53	20	74	3	53	70	50	24	11	72	71	87	59	14	99	44	32	16	33	59	23	65	51	75	2	15	90	42	84	24	23	57	62	95	24	10	67	18	97	84	70	79	77	87	39	92	88	
69	13	24	25	13	16	2	87	57	83	80	19	73	3	61	65	90	44	54	53	88	3	23	40	99	14	56	55	31	12	57	93	39	40	19	84	84	79	32	42	39	51	83	17	72	71	100	12	15	24	28	31	11	19	40	97	29	20	50	49	
7	37	17	24	18	12	62	88	61	4	66	36	43	83	50	86	87	99	17	56	49	46	5	44	12	40	73	26	70	95	73	23	55	86	50	55	74	85	40	31	84	28	61	57	70	78	7	11	85	48	69	22	13	77	6	62	42	77	67	46	
86	1	30	86	2	69	90	28	10	8	69	23	16	55	20	89	20	60	6	29	88	45	23	32	92	78	10	71	7	35	45	40	80	58	52	64	98	35	73	82	32	85	94	90	71	36	55	20	61	79	62	54	34	63	92	7	45	65	93	2	
29	69	11	30	89	75	35	99	5	43	85	21	18	11	54	75	83	24	58	67	1	73	15	55	52	46	98	71	3	45	56	38	21	73	45	63	89	20	68	81	80	59	20	16	81	39	81	66	73	18	66	76	83	70	1	81	85	81	43	9	
93	50	66	45	79	43	40	23	24	52	2	84	26	19	21	5	68	44	71	2	81	87	58	32	52	91	20	27	71	25	7	75	52	1	79	70	55	57	32	90	41	52	49	63	73	40	73	87	1	63	49	41	35	74	62	16	24	47	97	40	
92	13	80	19	16	46	20	41	17	92	67	12	26	59	82	53	31	42	38	98	2	51	99	50	14	100	47	6	19	7	88	82	90	86	100	91	61	52	67	38	56	6	75	1	97	38	36	44	33	84	27	39	28	25	67	17	52	20	64	16	
93	95	7	32	87	91	47	41	62	80	66	21	81	95	59	69	79	40	75	35	31	2	57	72	43	25	27	79	67	72	37	89	69	94	32	14	32	85	79	52	69	49	57	98	57	27	67	92	100	14	23	46	65	6	94	98	79	10	82	82	
On machine	6
100	89	7	1	76	77	2	72	88	96	34	35	28	68	3	98	97	12	28	15	55	24	33	9	26	77	81	45	36	37	28	63	42	57	89	95	14	7	18	62	41	95	27	72	60	1	68	91	40	37	81	44	78	65	20	40	92	74	38	10	
85	17	26	2	75	96	43	81	83	73	7	60	29	91	19	74	89	71	72	2	73	24	42	88	71	54	93	3	61	27	66	19	3	83	95	64	61	1	77	62	87	87	57	86	77	3	45	85	74	90	4	4	71	74	40	20	7	62	55	78	
50	72	40	2	99	94	51	95	22	73	76	14	33	84	56	12	29	56	25	13	45	99	39	83	63	58	82	78	62	22	38	29	99	26	16	49	86	35	3	25	28	92	67	73	35	56	49	26	49	49	83	70	32	26	85	77	65	25	84	100	
48	89	2	1	63	5	95	86	51	78	22	64	3	5	91	43	3	89	75	97	20	55	28	28	72	86	79	36	77	26	11	89	12	8	36	84	88	68	88	3	45	54	8	74	93	36	66	29	90	88	38	7	16	21	75	96	69	60	16	98	
54	58	70	12	44	14	55	91	68	52	83	90	59	83	22	61	29	87	91	29	79	88	35	94	23	36	21	76	67	44	88	46	37	88	13	7	94	5	71	47	56	64	49	34	86	47	19	51	94	27	71	44	32	6	25	4	86	92	4	41	
41	97	16	75	55	93	5	73	55	26	57	90	88	85	33	91	90	11	15	87	93	39	28	10	3	93	60	39	68	28	78	96	9	99	46	39	86	25	21	74	23	55	80	78	20	38	23	45	3	6	59	21	50	4	25	24	26	51	89	9	
87	17	39	7	53	91	89	65	98	3	45	10	93	24	36	50	27	20	23	16	92	13	54	93	9	89	38	48	31	72	87	80	9	78	93	12	94	1	14	65	13	95	45	9	35	88	14	57	7	35	14	56	34	7	36	91	65	60	88	16	
86	9	26	63	60	68	62	41	23	48	55	3	1	39	30	35	51	28	33	73	42	94	87	45	2	54	69	83	35	57	74	87	33	38	39	18	14	18	42	64	34	77	71	23	24	80	55	84	82	48	73	81	65	14	11	67	42	74	10	21	
92	65	72	88	78	90	53	89	100	33	7	76	57	87	51	49	28	5	85	48	72	7	42	49	35	54	68	70	66	17	10	73	53	40	70	81	35	90	56	67	65	93	47	76	26	39	45	58	46	40	30	88	100	93	77	93	58	83	16	35	
64	84	86	55	65	13	37	25	50	49	64	62	47	85	25	26	43	81	31	40	61	53	80	94	84	47	73	13	96	72	63	72	54	38	44	100	23	89	49	44	76	8	58	30	32	70	54	21	80	52	49	36	83	53	3	91	74	69	59	57	
99	70	88	26	62	60	22	86	74	11	28	94	64	27	9	9	29	79	85	57	83	16	98	67	34	56	41	36	95	50	54	53	33	97	19	42	14	65	20	47	55	100	44	99	44	25	86	88	98	25	18	58	94	95	10	3	27	49	20	83	
7	3	6	18	50	84	60	62	75	47	28	93	54	16	40	79	38	78	51	3	87	55	33	16	99	30	73	34	94	65	8	54	70	67	59	74	96	31	63	60	12	98	36	18	79	58	41	22	11	87	62	74	63	58	51	91	48	28	40	58	
19	71	83	68	15	39	18	70	61	84	57	11	63	67	60	32	58	2	81	48	99	44	71	2	48	65	39	71	62	78	25	97	73	16	71	44	48	3	82	63	27	24	46	86	66	90	10	97	38	61	42	73	38	96	24	5	80	49	10	13	
100	67	3	81	82	15	40	100	3	70	79	27	60	46	48	59	66	30	92	84	89	27	48	50	31	48	31	81	88	86	86	3	92	65	75	96	56	97	68	87	25	8	66	88	81	80	93	33	75	72	41	52	29	59	1	61	60	64	96	80	
15	95	37	62	68	72	75	5	24	26	85	53	22	75	26	84	61	98	88	44	77	27	50	39	99	98	52	87	99	63	49	32	99	69	43	11	61	77	94	88	6	45	58	46	77	52	39	5	94	81	54	60	23	28	78	36	26	51	22	77	
1	21	16	16	54	75	26	64	43	92	53	41	69	99	4	46	39	46	10	54	94	49	18	49	71	67	41	43	92	39	84	10	50	43	53	27	58	22	24	75	22	52	35	44	39	79	81	33	65	87	42	50	90	29	56	79	43	59	87	16	
95	54	87	65	1	85	6	11	65	89	85	91	74	54	48	89	90	46	28	19	77	95	31	63	38	89	20	46	72	76	89	55	88	59	91	52	80	30	89	27	56	65	99	95	46	13	100	20	87	35	26	12	100	15	69	44	42	75	79	51	
86	47	50	45	11	31	34	50	49	19	73	51	62	82	4	1	87	38	56	29	78	27	37	93	33	15	9	93	25	32	4	88	88	28	3	52	24	81	34	98	73	15	91	7	37	39	83	20	53	29	11	57	67	69	100	64	42	22	30	26	
69	87	19	86	16	94	2	57	71	66	82	6	52	39	37	67	83	17	61	32	32	41	22	58	41	54	31	38	61	84	77	39	68	70	89	42	12	82	37	61	51	45	55	81	26	3	70	55	93	99	45	49	16	54	71	41	9	82	59	52	
99	43	53	80	43	17	25	14	85	83	24	6	17	91	68	95	66	42	7	76	11	10	15	11	100	74	40	59	35	24	91	44	64	96	22	46	30	9	47	96	51	14	38	89	41	43	17	20	85	16	26	16	1	49	99	62	53	26	69	14	
31	61	11	20	68	98	44	79	20	66	24	78	25	47	82	91	47	22	42	92	64	42	2	44	46	89	38	42	7	1	24	28	1	80	16	83	26	95	44	8	59	79	99	86	97	81	59	35	79	16	64	48	16	28	3	45	20	45	83	59	
70	69	71	32	65	10	13	100	91	55	1	42	73	85	28	7	21	37	94	64	36	92	10	22	100	5	62	53	9	70	27	17	82	66	1	45	30	19	54	41	84	7	27	39	83	55	16	64	58	26	9	4	35	55	89	15	3	62	2	85	
58	92	44	89	55	17	35	33	57	50	35	73	63	67	63	41	89	74	38	11	4	84	24	62	80	84	87	28	16	46	11	38	62	82	20	9	36	1	52	43	94	51	69	92	88	10	8	34	83	97	18	67	27	41	81	94	95	32	70	23	
72	26	2	27	75	81	51	83	42	92	28	7	9	47	39	66	25	69	58	28	40	53	28	84	26	43	22	36	24	62	46	33	35	30	86	47	95	72	11	9	97	51	36	69	54	70	78	23	8	99	70	6	58	14	13	14	11	66	14	44	
63	7	1	23	73	41	67	12	80	48	54	57	57	32	38	25	68	59	61	27	7	13	63	8	15	55	64	73	20	43	54	54	63	43	37	52	62	4	10	81	40	4	76	57	13	79	65	87	80	91	44	6	96	50	49	49	84	65	86	42	
34	62	32	50	25	53	62	47	5	82	9	66	68	49	19	43	99	60	70	79	34	85	59	20	51	3	4	67	52	99	26	3	69	2	2	100	73	93	30	38	19	100	23	23	79	27	5	10	13	97	3	77	98	38	51	62	86	24	97	77	
61	94	44	69	40	36	12	88	51	61	43	48	48	37	97	28	11	57	65	22	92	9	75	6	56	50	7	90	52	56	91	11	73	53	76	52	5	55	69	11	18	94	44	69	80	66	45	5	50	68	76	7	8	2	26	4	47	60	95	29	
32	32	47	17	2	25	39	33	86	80	9	51	92	71	58	25	35	46	74	58	5	27	93	61	4	5	25	28	65	52	60	68	51	75	84	92	50	34	60	50	12	18	32	5	75	46	84	72	37	66	16	43	36	43	80	40	62	5	99	83	
20	83	25	29	1	34	18	82	69	39	43	17	47	70	99	18	88	75	34	30	45	34	4	96	91	31	49	40	60	14	40	87	45	49	26	34	78	80	93	48	37	76	41	41	90	91	29	16	39	63	64	87	24	17	61	6	37	48	25	49	
19	70	65	78	23	53	8	34	13	74	46	66	44	91	13	61	47	62	38	13	55	14	47	95	42	72	4	3	96	25	39	91	27	63	89	39	60	8	62	16	75	72	76	65	40	65	99	51	56	91	7	32	54	79	58	74	35	82	15	73	
6	31	4	90	76	9	20	69	46	98	24	98	69	81	47	51	91	93	83	82	62	69	70	80	66	78	25	41	42	84	36	82	28	46	11	99	93	85	95	86	58	50	7	63	36	69	12	82	82	68	30	58	77	85	98	83	48	9	17	10	
41	9	3	80	41	89	60	4	11	87	77	21	96	96	38	27	55	61	58	65	20	69	11	83	17	46	84	80	72	42	81	99	10	10	14	29	47	85	31	58	31	70	58	54	8	77	53	70	5	41	93	19	99	38	15	25	70	89	86	59	
66	53	9	86	66	31	95	43	96	1	49	14	23	46	94	49	98	9	32	8	5	80	62	50	97	63	1	84	87	70	87	24	77	95	74	21	93	39	69	49	30	46	17	55	59	21	34	82	89	11	36	85	76	75	96	13	15	42	81	28	
65	4	4	27	71	59	23	78	14	27	49	27	71	99	83	28	53	52	21	49	26	48	4	13	6	46	27	40	69	4	7	21	64	31	40	36	34	46	48	39	23	78	82	69	68	17	3	51	83	26	60	58	70	55	17	36	59	72	47	82	
67	96	76	95	16	80	67	3	39	28	58	47	78	65	4	82	16	96	18	71	34	17	17	1	2	9	69	63	95	53	73	9	32	31	67	46	88	39	81	29	78	52	32	73	12	83	16	60	37	39	8	31	90	57	23	55	29	62	34	4	
13	50	88	69	78	36	65	39	86	19	75	92	98	75	34	31	61	89	80	43	33	23	31	45	43	35	63	6	70	37	28	64	19	79	1	24	67	73	68	64	52	53	68	93	96	88	37	24	60	94	18	85	97	99	61	24	85	67	91	95	
100	35	77	52	51	47	15	55	52	46	22	19	95	69	44	45	61	64	55	92	87	67	18	91	5	60	81	12	43	88	18	43	16	27	91	70	18	51	62	26	37	36	83	26	63	14	44	42	27	11	55	7	48	68	55	81	57	37	84	49	
19	95	52	52	66	93	54	60	31	46	2	13	77	95	49	47	8	96	7	62	55	80	6	5	28	80	73	59	68	3	76	44	47	71	30	76	18	23	60	21	8	45	24	13	54	50	98	69	13	12	65	99	88	95	30	91	75	44	72	42	
44	73	75	35	32	61	79	82	59	75	87	24	31	84	11	32	94	34	89	83	39	86	79	63	24	21	90	31	9	59	17	64	7	100	9	63	49	64	91	53	31	53	51	3	25	90	39	64	50	22	87	11	78	93	40	45	49	30	26	26	
86	46	99	75	66	48	85	32	44	37	54	23	28	66	82	25	78	48	49	47	90	31	39	40	26	38	28	17	32	69	59	77	1	52	6	5	52	16	55	79	31	28	49	39	63	30	26	22	54	97	8	39	38	80	69	90	83	12	91	3	
97	59	52	46	47	46	51	4	83	49	15	38	27	76	51	65	3	36	98	58	17	69	12	78	37	2	46	13	85	68	2	6	88	92	81	35	60	24	13	67	25	30	6	79	52	77	65	13	38	48	67	65	66	58	50	86	49	1	16	25	
35	45	96	84	100	71	35	70	40	1	92	5	4	16	47	68	66	17	22	47	71	40	7	71	6	6	40	98	56	52	5	10	78	44	2	37	86	36	45	81	95	21	24	80	94	38	70	39	29	73	18	75	29	53	41	72	77	17	65	66	
95	8	17	84	26	53	11	83	15	72	87	62	96	18	70	3	56	37	83	55	68	80	5	57	93	78	66	60	23	88	30	58	85	28	31	27	27	83	75	23	41	3	18	75	24	45	49	30	5	57	7	15	52	64	68	37	27	41	96	64	
24	3	73	58	72	13	75	88	65	7	42	41	40	24	69	43	95	53	14	37	79	85	74	81	17	37	86	3	18	6	82	6	95	5	89	98	82	34	85	9	95	52	21	1	10	40	52	26	25	76	76	48	64	14	26	48	71	76	64	64	
40	86	28	11	58	26	7	58	97	8	78	72	42	3	83	20	65	30	23	12	2	78	7	67	69	47	85	76	54	9	68	74	15	61	11	36	99	24	45	2	83	55	81	51	66	67	24	92	74	47	51	25	17	44	75	51	86	25	18	93	
13	91	64	39	24	54	22	3	47	12	54	10	96	70	98	24	67	13	73	63	93	50	79	53	32	18	77	34	99	63	2	91	97	67	40	9	63	62	93	66	29	65	7	10	78	89	14	29	9	29	17	27	62	40	68	16	9	31	36	5	
7	86	59	94	26	4	82	22	20	88	41	12	11	41	46	79	19	57	24	44	63	30	4	30	9	25	49	34	81	44	73	97	64	89	24	91	52	63	4	96	30	45	53	24	95	28	2	7	37	90	32	40	70	20	15	95	49	52	70	91	
87	36	66	60	44	77	42	4	3	27	14	65	19	84	33	56	18	71	71	40	62	48	59	20	75	97	85	97	16	78	23	72	33	48	25	27	72	62	35	90	6	5	14	76	97	30	61	91	24	2	6	100	83	25	63	58	19	42	50	94	
32	98	45	91	61	7	86	15	95	63	74	34	59	25	70	29	61	19	98	45	21	80	94	25	71	100	91	89	57	70	71	25	2	17	15	34	84	2	47	87	15	73	3	54	96	78	73	4	63	22	11	98	93	54	79	6	20	47	56	81	
72	78	7	78	53	78	93	11	18	9	2	54	50	91	15	36	22	77	12	97	70	56	17	30	55	63	70	78	76	22	24	2	87	93	6	57	67	66	84	4	83	95	70	14	38	58	77	98	9	89	2	20	76	40	75	89	96	36	97	63	
72	55	38	52	27	29	48	82	10	73	3	91	67	88	36	10	73	89	73	54	36	43	87	65	55	39	21	51	72	96	63	96	92	43	82	63	88	90	78	21	67	66	10	50	93	1	43	2	32	41	60	54	17	22	71	12	36	20	7	28	
43	52	89	93	76	32	89	32	2	10	95	90	46	50	10	92	27	10	95	66	14	42	40	44	34	3	55	49	71	96	26	29	73	40	61	90	47	38	34	57	37	38	63	25	71	40	17	57	31	79	92	58	73	27	32	71	40	85	66	52	
60	50	17	96	61	19	94	99	87	85	6	99	64	89	75	39	90	25	98	20	73	58	99	54	11	9	93	47	91	89	28	46	58	7	64	3	44	6	65	88	90	68	35	55	24	28	86	30	98	64	54	23	59	30	3	74	21	71	97	48	
14	63	26	65	42	99	28	88	95	40	8	1	77	59	67	15	61	82	9	80	84	62	71	37	28	29	89	90	79	6	23	18	39	78	71	35	8	65	16	93	55	54	25	2	84	39	58	41	91	1	54	47	52	94	44	34	59	48	4	90	
17	13	36	33	96	63	3	90	36	54	12	52	3	67	8	4	34	92	38	23	62	57	59	13	26	45	82	19	97	70	20	43	86	97	6	33	22	1	59	16	62	17	13	71	90	28	12	97	41	13	21	19	29	15	92	68	86	39	67	58	
62	71	41	99	56	73	52	58	89	37	34	47	6	51	94	17	31	37	53	26	99	35	63	52	50	63	11	58	27	7	65	88	38	81	32	60	17	94	67	81	37	2	88	69	43	23	71	25	83	89	7	84	25	33	98	10	15	80	6	38	
34	22	16	77	16	89	48	8	46	24	61	72	13	89	74	13	66	10	45	97	38	100	51	41	91	88	72	13	89	35	28	15	47	63	75	90	90	42	45	9	38	30	49	68	62	46	71	59	91	96	23	96	56	47	16	23	85	91	8	80	
71	87	90	15	86	51	70	93	54	10	36	41	79	89	95	6	73	76	91	39	18	36	57	54	1	94	30	1	82	3	11	65	99	89	63	73	31	45	45	84	41	85	100	38	35	84	76	52	27	44	2	33	99	63	47	35	8	96	85	62	
48	64	59	51	75	13	83	77	78	82	89	57	87	20	37	75	32	72	75	76	55	1	73	1	41	48	70	35	14	2	34	76	29	49	11	55	44	26	78	31	74	70	65	10	31	91	83	48	76	52	24	9	12	92	95	87	37	4	45	82	
59	16	21	62	30	11	36	59	50	48	9	51	60	92	17	2	83	97	99	33	64	29	32	14	97	52	57	19	35	82	73	5	87	97	88	88	2	9	16	44	41	60	59	74	88	36	33	28	85	59	4	21	11	51	18	25	11	38	10	5	
