Factories	2
Families	60
Machines	6
SetupType	2

Number of Jobs in each Family
9	5	9	5	1	10	6	7	9	6	2	7	2	2	7	2	9	6	6	2	6	8	5	10	10	8	6	3	2	6	9	2	6	2	8	4	2	4	8	10	4	4	3	1	1	7	9	8	1	7	1	4	10	3	6	2	5	10	4	7	

Jobs in each Family
0	1	2	3	4	5	6	7	8	
9	10	11	12	13	
14	15	16	17	18	19	20	21	22	
23	24	25	26	27	
28	
29	30	31	32	33	34	35	36	37	38	
39	40	41	42	43	44	
45	46	47	48	49	50	51	
52	53	54	55	56	57	58	59	60	
61	62	63	64	65	66	
67	68	
69	70	71	72	73	74	75	
76	77	
78	79	
80	81	82	83	84	85	86	
87	88	
89	90	91	92	93	94	95	96	97	
98	99	100	101	102	103	
104	105	106	107	108	109	
110	111	
112	113	114	115	116	117	
118	119	120	121	122	123	124	125	
126	127	128	129	130	
131	132	133	134	135	136	137	138	139	140	
141	142	143	144	145	146	147	148	149	150	
151	152	153	154	155	156	157	158	
159	160	161	162	163	164	
165	166	167	
168	169	
170	171	172	173	174	175	
176	177	178	179	180	181	182	183	184	
185	186	
187	188	189	190	191	192	
193	194	
195	196	197	198	199	200	201	202	
203	204	205	206	
207	208	
209	210	211	212	
213	214	215	216	217	218	219	220	
221	222	223	224	225	226	227	228	229	230	
231	232	233	234	
235	236	237	238	
239	240	241	
242	
243	
244	245	246	247	248	249	250	
251	252	253	254	255	256	257	258	259	
260	261	262	263	264	265	266	267	
268	
269	270	271	272	273	274	275	
276	
277	278	279	280	
281	282	283	284	285	286	287	288	289	290	
291	292	293	
294	295	296	297	298	299	
300	301	
302	303	304	305	306	
307	308	309	310	311	312	313	314	315	316	
317	318	319	320	
321	322	323	324	325	326	327	

Total number of jobs
328

Processing times of jobs
9	10	10	6	9	5	
1	6	10	1	5	5	
4	9	7	2	8	5	
7	10	3	4	7	4	
6	5	8	5	5	8	
1	3	5	6	3	2	
2	3	3	3	3	8	
3	4	9	4	8	4	
1	4	6	5	9	6	
8	9	1	10	5	1	
7	7	5	9	10	3	
7	10	9	10	10	8	
7	6	4	1	1	3	
9	6	1	1	5	6	
9	10	9	5	10	9	
8	6	2	4	10	3	
8	7	3	6	6	1	
10	1	7	8	2	2	
2	10	9	9	8	3	
8	1	6	3	8	3	
1	7	4	8	6	3	
1	5	2	1	7	6	
5	9	4	5	9	9	
3	8	3	3	5	5	
2	3	3	9	2	10	
1	3	2	3	5	1	
7	3	9	6	10	3	
4	1	2	7	7	6	
5	9	7	10	7	3	
4	1	5	10	5	4	
6	7	6	7	6	10	
7	10	5	1	1	10	
6	7	7	3	3	6	
8	7	6	7	5	8	
10	8	4	9	1	4	
1	5	8	7	8	1	
7	5	4	5	7	4	
7	8	10	6	8	5	
1	9	6	6	5	2	
6	9	10	7	1	4	
7	10	9	6	6	3	
6	1	5	7	10	7	
10	7	9	2	5	1	
2	3	5	5	1	4	
8	1	3	9	5	6	
2	8	6	6	4	4	
5	8	10	1	5	8	
7	3	2	3	1	5	
2	6	9	10	9	3	
3	9	3	5	10	10	
6	4	2	6	1	10	
9	6	7	9	8	1	
3	9	3	8	5	5	
2	7	5	7	2	8	
1	9	7	4	2	7	
7	4	8	4	5	9	
6	3	2	1	10	1	
4	4	8	8	6	9	
9	6	1	2	4	7	
2	4	6	2	8	3	
9	4	5	5	3	1	
6	2	3	2	6	6	
5	9	1	10	10	1	
4	6	7	10	3	9	
5	2	7	8	6	9	
6	1	5	1	9	8	
1	8	2	8	3	6	
2	7	10	7	9	2	
7	1	7	2	3	4	
3	9	7	3	8	3	
1	3	10	4	1	9	
4	9	2	8	1	9	
2	2	6	5	7	4	
8	7	10	3	5	6	
9	6	3	6	9	3	
9	5	4	9	1	4	
7	4	2	5	3	2	
8	10	2	8	1	6	
3	4	1	7	9	5	
10	4	6	10	1	9	
2	9	3	9	1	2	
9	5	3	5	3	9	
10	2	9	2	8	4	
3	3	2	6	5	8	
2	1	7	3	7	9	
3	10	9	6	1	1	
2	1	9	3	8	5	
7	9	1	5	3	7	
6	9	3	8	3	10	
10	3	4	2	9	7	
10	4	5	9	7	5	
1	3	2	2	2	9	
6	1	4	1	7	3	
7	10	7	5	6	10	
8	5	4	5	2	6	
1	6	5	7	2	8	
3	5	10	9	7	10	
6	8	5	4	4	7	
10	10	1	3	9	7	
2	8	9	8	10	8	
3	10	9	10	7	3	
1	9	6	1	5	7	
8	10	10	6	8	9	
5	5	1	5	8	6	
8	10	6	8	9	5	
8	5	2	4	3	1	
2	6	2	10	7	9	
2	7	1	5	3	4	
7	7	7	1	6	5	
1	4	7	10	10	9	
8	3	2	4	4	4	
10	4	4	1	3	1	
6	6	8	5	10	10	
1	4	4	2	8	5	
3	4	8	9	2	3	
9	3	1	4	4	1	
4	3	1	3	7	8	
6	8	7	2	4	8	
2	4	10	4	10	9	
9	8	5	4	9	10	
2	2	10	3	8	5	
1	4	9	10	6	1	
8	10	2	4	9	5	
2	6	3	8	3	2	
10	1	7	10	10	2	
10	1	3	9	10	9	
5	10	2	9	6	5	
8	1	2	4	1	3	
6	2	2	5	7	5	
9	6	8	3	1	9	
5	6	3	5	9	7	
3	2	3	4	9	10	
7	2	2	1	5	4	
3	6	8	2	5	7	
1	10	7	6	4	8	
5	7	10	1	10	2	
1	5	3	5	8	6	
4	10	6	2	2	1	
5	3	1	2	8	7	
2	6	1	5	3	5	
4	5	1	2	3	4	
3	4	5	3	2	1	
4	2	9	5	7	9	
9	5	6	1	8	9	
10	10	8	6	3	1	
10	5	2	5	10	2	
3	6	2	5	7	1	
4	3	4	10	1	10	
3	8	8	7	7	5	
6	1	3	9	8	5	
6	1	1	3	1	9	
5	9	2	4	9	1	
8	7	9	9	4	1	
4	8	1	2	1	2	
6	9	4	3	5	4	
6	7	7	6	4	6	
6	4	5	2	8	9	
4	9	6	7	8	8	
8	1	2	1	4	6	
9	10	9	6	5	8	
8	6	10	3	4	3	
8	2	3	8	6	7	
2	4	5	9	9	10	
8	2	1	7	6	3	
5	1	1	6	3	5	
9	6	5	7	1	3	
3	1	3	1	6	8	
2	5	3	7	2	8	
6	8	10	7	2	2	
5	2	3	8	3	4	
9	1	2	2	10	7	
2	1	5	7	9	2	
2	9	1	7	6	9	
4	10	7	4	10	10	
3	3	7	8	3	8	
1	5	5	3	9	10	
1	4	9	7	8	1	
1	10	5	6	9	9	
9	8	10	8	1	6	
6	4	4	3	4	6	
10	1	4	3	9	6	
5	8	9	5	1	1	
8	2	3	1	5	2	
6	9	4	4	5	10	
10	2	5	6	9	3	
1	9	1	2	7	3	
10	5	9	2	2	6	
1	5	1	10	5	10	
3	2	8	10	3	10	
7	8	2	5	8	5	
6	6	8	3	2	4	
1	1	8	4	10	4	
2	6	1	3	8	7	
7	3	1	7	9	1	
8	7	4	3	8	8	
2	7	10	3	1	5	
3	6	8	8	5	4	
10	4	8	9	2	10	
6	6	4	2	3	9	
1	2	2	5	1	1	
10	7	3	4	4	4	
8	1	5	3	7	10	
7	2	9	9	6	8	
2	10	4	6	5	7	
8	5	5	4	9	10	
9	9	8	2	8	9	
10	4	10	1	4	8	
9	2	7	3	6	7	
1	8	6	6	9	3	
7	8	3	6	8	7	
9	7	2	3	5	10	
6	6	10	7	1	3	
10	6	6	4	6	10	
2	7	1	8	7	2	
4	1	4	3	6	1	
5	9	10	6	7	6	
4	7	9	1	9	5	
8	4	6	3	5	4	
5	2	1	8	2	1	
5	5	2	5	4	4	
7	7	10	8	9	8	
1	4	4	2	2	8	
1	5	10	4	10	4	
6	4	5	8	4	8	
1	9	3	1	10	7	
2	9	2	9	1	10	
8	4	6	3	10	8	
3	9	10	4	2	10	
9	5	6	6	7	4	
8	9	8	1	6	5	
5	8	1	1	3	4	
1	7	7	3	5	5	
3	6	2	4	9	4	
4	8	5	4	1	8	
4	7	7	1	8	1	
8	1	5	5	5	2	
7	5	3	3	1	4	
1	8	8	3	6	3	
7	9	1	9	4	10	
6	10	7	1	10	8	
3	2	9	4	6	9	
1	2	5	5	6	4	
3	2	6	7	8	10	
9	9	3	2	8	7	
9	2	8	5	1	6	
4	9	9	8	7	10	
7	7	8	9	5	10	
6	3	3	8	1	1	
6	8	9	10	7	3	
10	2	8	5	9	5	
6	7	1	6	5	4	
1	4	6	2	10	9	
1	9	10	4	3	6	
5	2	8	7	10	10	
3	3	4	10	3	8	
4	10	10	3	5	3	
1	7	5	10	9	7	
2	10	8	3	9	1	
10	9	2	9	6	6	
5	5	7	1	10	1	
3	5	6	4	2	4	
3	3	7	8	5	10	
7	2	1	8	4	1	
5	8	2	10	8	10	
6	4	5	9	5	6	
8	8	1	8	10	5	
7	10	8	6	2	2	
8	4	10	8	7	4	
5	4	6	7	3	4	
10	3	1	8	7	10	
7	5	6	1	8	7	
4	5	10	10	1	10	
5	1	3	4	3	5	
7	10	4	7	7	6	
10	2	7	2	10	3	
5	2	5	5	9	5	
3	7	6	6	7	6	
9	1	1	4	4	1	
2	3	4	5	3	1	
7	1	3	7	6	9	
7	6	7	9	7	1	
8	8	3	3	1	10	
8	3	10	4	6	4	
7	2	1	7	2	7	
4	8	10	3	6	6	
10	9	8	2	10	7	
5	1	8	5	7	4	
4	4	5	9	4	1	
2	6	9	5	3	4	
7	1	10	5	6	10	
10	8	5	8	9	2	
5	3	2	4	3	8	
6	3	3	2	6	10	
8	6	3	1	5	7	
8	2	10	3	2	7	
1	8	1	2	7	3	
7	3	10	5	9	5	
1	6	7	4	3	3	
5	1	9	6	9	6	
8	6	7	3	6	4	
6	5	9	8	9	8	
1	7	8	3	8	7	
3	5	9	1	10	9	
3	8	10	7	3	9	
2	6	1	4	2	6	
6	4	2	2	9	6	
9	7	8	4	2	3	
2	7	4	7	4	8	
1	1	5	5	3	2	
9	1	6	6	10	7	
3	7	2	2	8	9	
6	10	4	8	8	4	
2	6	4	9	1	8	
1	9	4	10	6	2	
8	4	8	8	1	3	
3	5	3	5	4	8	
4	9	2	8	2	2	
4	5	9	7	1	1	
4	1	4	7	10	5	
9	8	4	8	10	6	
1	9	7	4	4	4	
8	1	5	7	3	9	
5	8	7	9	1	7	
10	7	1	2	1	4	
6	7	10	2	6	6	
4	6	10	5	1	7	
6	10	8	1	8	6	
5	5	9	1	3	7	

Stepup times between Families, where [f][f] represents initial setup time
On machine	1
36	20	23	8	11	30	24	45	27	3	48	40	35	43	49	17	4	36	8	18	47	21	6	4	7	42	15	41	17	10	37	10	44	14	15	32	30	5	3	19	36	32	42	11	15	40	37	39	31	9	44	38	24	3	42	14	26	30	49	41	
29	41	35	28	31	6	30	9	42	30	40	41	20	25	18	37	48	16	19	21	30	45	37	22	36	15	24	17	2	37	11	40	27	45	26	36	29	36	23	35	25	37	49	32	36	43	12	38	19	24	48	3	44	3	31	50	1	34	48	22	
9	28	10	7	18	19	29	32	28	1	41	24	32	18	16	14	47	8	5	30	20	4	10	5	39	2	44	20	19	46	18	8	47	28	47	40	40	14	10	26	16	22	44	40	32	15	13	40	2	13	38	47	7	37	1	13	29	36	28	8	
48	24	14	5	47	36	4	23	38	43	46	30	5	30	37	11	33	35	19	44	37	11	48	5	25	11	14	29	19	34	41	44	9	20	16	20	1	7	39	37	41	5	8	36	5	26	2	29	11	40	25	30	8	43	50	35	7	43	32	21	
47	38	37	37	1	22	29	31	25	3	41	46	36	25	14	21	48	7	16	22	14	28	34	28	4	10	36	33	39	1	21	5	7	46	36	47	4	45	2	10	4	11	6	45	21	4	24	39	24	37	2	15	7	12	10	38	41	1	10	44	
8	12	40	46	27	27	45	48	20	8	13	49	27	42	12	14	23	29	46	49	36	9	11	30	12	24	45	26	47	47	39	31	5	29	42	8	22	46	7	45	19	43	5	20	34	13	31	48	31	50	47	40	43	21	3	43	47	37	28	20	
23	22	32	36	23	27	42	39	29	3	21	46	42	33	43	43	21	33	44	39	45	18	37	32	22	48	36	8	9	50	38	50	43	35	29	37	12	21	48	49	18	8	17	7	1	4	7	23	18	17	14	11	43	14	26	29	41	18	10	11	
7	17	38	12	10	40	29	40	3	21	50	18	47	12	33	28	26	8	20	46	25	22	27	6	14	5	49	33	16	2	39	24	43	32	30	15	22	47	27	19	2	20	32	38	30	41	24	48	32	34	2	45	47	29	3	49	28	34	34	44	
36	45	13	15	15	18	34	35	7	23	45	49	15	27	36	35	28	6	19	33	40	33	2	23	39	25	22	44	45	34	42	15	41	17	3	3	14	49	42	14	16	27	3	16	1	33	50	2	10	49	25	3	42	24	9	28	47	22	21	44	
6	46	42	43	9	9	4	36	48	44	26	42	19	6	12	23	8	45	27	26	33	50	12	39	12	6	27	42	33	21	36	38	30	20	14	26	37	21	25	48	43	44	4	43	6	35	48	26	34	20	46	49	48	11	12	23	14	47	39	46	
28	33	47	44	49	7	35	47	9	26	20	19	15	48	24	21	18	24	43	10	16	9	44	26	4	26	35	37	30	9	18	1	4	7	29	48	17	24	26	16	28	8	37	47	47	27	38	14	36	29	13	7	26	21	41	43	12	30	47	9	
44	25	38	5	49	2	17	32	10	20	2	45	2	36	37	44	10	14	2	9	25	12	33	17	22	37	17	2	39	50	2	3	14	5	48	19	6	47	9	14	36	42	7	30	5	7	23	22	46	10	11	24	38	20	5	9	33	29	45	7	
20	33	41	30	48	32	22	17	19	17	48	41	10	23	45	11	2	24	44	25	29	28	8	43	46	17	12	9	9	28	46	25	13	5	37	47	8	11	21	43	6	40	18	42	31	4	17	16	9	46	44	29	41	4	26	16	8	1	29	50	
49	19	49	4	28	27	5	32	24	23	6	3	32	1	38	49	19	3	18	18	43	43	47	25	13	11	31	27	35	46	27	29	27	49	30	43	40	6	41	10	47	7	43	23	20	31	33	23	48	7	37	39	12	38	19	5	1	33	31	4	
10	15	22	4	49	33	43	25	37	19	50	3	34	7	19	23	12	27	23	8	10	14	24	3	40	13	5	7	7	30	31	31	49	30	24	36	10	16	36	28	15	3	32	19	41	8	36	25	2	32	27	30	50	29	43	46	6	10	45	37	
44	46	30	50	24	4	39	36	40	29	1	31	33	34	18	26	28	20	25	17	4	13	38	33	1	12	2	5	26	6	5	1	37	37	21	42	9	39	15	45	40	47	12	47	15	45	13	14	26	28	25	18	34	43	44	21	50	32	49	1	
50	24	17	33	22	16	8	33	47	44	16	18	14	18	33	17	5	10	39	1	37	40	23	28	31	19	14	20	16	16	18	1	16	8	22	3	49	18	41	32	35	38	47	13	2	9	8	34	16	30	5	24	45	1	13	17	34	44	9	3	
42	32	50	2	31	8	22	46	39	4	32	14	26	46	27	35	29	20	45	24	19	41	5	31	41	36	7	31	5	14	3	22	7	17	48	42	24	19	47	12	34	26	19	3	35	31	17	22	27	19	10	26	50	8	42	5	19	7	7	4	
4	32	15	32	40	37	41	32	25	6	39	15	12	23	4	7	39	34	41	8	28	15	45	46	15	34	47	47	41	17	27	14	50	39	5	2	44	15	41	36	34	13	35	37	37	46	15	11	13	2	4	13	17	43	28	24	26	47	10	19	
22	26	45	45	45	36	18	48	39	47	17	2	38	33	50	10	26	32	42	38	2	21	48	21	18	11	8	12	10	46	6	19	48	37	14	22	43	48	5	40	49	34	35	22	11	41	26	12	34	30	21	8	23	34	36	16	5	32	32	46	
39	25	30	23	8	8	17	41	39	38	12	27	1	39	40	26	29	14	36	3	1	44	31	22	44	30	19	28	41	30	8	28	43	33	44	11	44	38	31	27	11	29	34	22	43	11	35	24	5	25	45	47	3	15	31	16	39	14	29	23	
24	18	4	44	33	44	19	10	2	34	44	24	7	1	39	23	41	11	6	38	21	46	13	50	38	31	6	38	29	5	7	31	5	50	36	24	49	21	22	12	45	25	41	39	44	23	12	43	46	19	28	29	47	49	31	41	21	1	38	20	
48	42	43	15	6	3	11	37	4	37	47	23	25	34	32	46	29	6	26	28	34	24	41	17	4	39	13	6	5	25	1	28	38	6	18	35	35	30	33	43	48	35	50	35	48	39	9	50	20	17	21	38	12	40	32	27	35	18	40	39	
15	26	2	26	4	35	27	1	35	21	34	25	47	18	32	36	19	9	22	5	27	15	46	15	12	24	10	28	3	23	17	8	40	3	20	8	16	42	24	23	6	43	7	28	8	13	40	32	49	2	16	48	48	33	46	19	30	34	35	24	
19	19	12	21	11	41	50	3	31	45	26	43	30	20	39	28	39	3	13	43	21	37	1	49	1	10	26	42	37	41	24	35	6	9	24	28	27	23	44	21	11	39	28	18	10	15	32	21	17	14	4	21	32	38	43	27	37	27	4	4	
3	20	24	44	17	38	40	33	5	33	22	5	34	8	2	1	19	18	45	48	42	43	7	18	21	2	41	14	33	21	24	48	38	5	11	18	7	7	14	5	50	14	12	14	19	8	1	2	37	38	48	34	12	47	32	19	45	20	2	44	
13	22	11	42	1	3	4	7	39	45	26	42	38	34	32	20	18	5	19	38	40	14	48	19	34	3	34	6	11	19	48	31	25	13	32	39	26	28	16	42	45	48	37	42	13	19	4	15	21	24	49	31	48	21	16	10	12	16	6	10	
50	20	26	23	18	5	17	46	47	19	25	21	23	9	33	7	22	50	22	36	19	25	8	31	9	10	14	45	42	47	44	30	10	35	13	17	46	47	9	9	33	6	1	22	27	27	42	13	1	34	42	4	11	46	26	6	32	22	25	10	
3	31	35	12	29	13	11	40	47	48	25	32	41	24	11	25	30	3	44	8	50	32	34	5	30	17	46	6	24	38	30	25	29	10	44	34	45	15	22	38	46	5	31	11	35	34	30	22	27	2	42	4	30	17	43	42	8	3	21	31	
49	16	18	8	6	33	13	25	31	38	5	20	23	25	34	32	25	5	31	39	28	27	20	27	33	49	12	31	35	14	31	27	3	1	25	11	39	23	33	10	34	23	50	12	10	36	23	6	47	10	12	4	35	5	21	21	23	46	10	8	
37	2	36	9	39	46	15	17	5	45	19	49	36	33	5	20	40	41	28	45	1	17	4	40	16	19	16	27	31	20	49	3	42	37	42	3	45	12	49	40	50	19	31	17	5	25	50	20	4	17	9	47	11	13	28	19	26	12	26	19	
12	16	41	48	47	36	29	25	45	36	28	45	22	25	27	4	27	24	8	32	8	33	7	20	39	46	2	14	43	16	41	3	38	12	5	5	4	35	25	47	34	41	18	45	7	47	24	32	28	17	13	28	14	14	1	26	12	22	5	46	
25	20	21	35	17	4	40	7	35	15	36	49	42	44	46	20	43	29	35	5	33	32	28	47	36	41	38	23	29	16	27	17	39	5	49	3	47	48	38	28	46	28	10	35	3	3	15	30	4	6	33	45	41	34	28	5	40	5	7	33	
41	15	5	49	20	40	22	10	8	5	24	47	30	33	11	49	4	31	43	1	36	2	19	20	36	32	14	5	15	3	6	50	6	28	34	41	22	4	15	23	1	11	45	23	21	31	27	46	2	48	41	11	37	30	25	17	20	39	16	16	
50	6	49	42	45	40	6	26	19	32	12	12	33	9	46	14	15	15	10	13	40	36	46	33	7	13	23	16	34	44	10	34	39	42	27	18	40	23	41	6	23	1	28	26	46	19	33	44	16	48	38	40	47	28	10	25	34	48	2	4	
4	12	34	43	46	46	23	44	37	25	38	10	30	45	38	15	32	48	40	3	32	3	20	28	8	19	27	43	7	6	25	46	42	44	34	22	50	13	1	26	21	1	22	2	40	1	12	43	40	11	12	47	6	45	25	29	40	9	38	23	
37	46	36	36	31	36	20	2	43	8	20	12	30	33	30	12	43	20	32	6	4	13	24	45	15	10	14	45	32	6	28	39	22	37	20	40	6	39	13	29	43	38	13	22	20	22	11	18	41	5	7	18	12	35	9	32	44	41	47	42	
11	7	26	23	44	23	44	3	41	26	14	12	27	2	30	18	19	45	43	14	32	19	42	7	19	48	33	48	43	41	28	50	39	4	23	31	40	33	34	2	43	32	14	45	41	5	30	20	22	19	46	10	8	49	20	33	37	13	1	24	
36	37	20	4	46	40	39	45	48	41	28	31	41	46	37	38	33	45	50	23	48	37	5	14	20	6	1	7	45	32	2	44	12	26	50	14	2	37	4	31	30	30	27	49	16	15	31	13	38	5	36	5	33	15	13	1	37	22	7	19	
11	30	14	8	37	33	22	11	44	25	27	21	46	36	43	30	2	12	45	44	27	31	50	29	49	42	29	27	15	8	6	26	35	8	15	28	21	39	3	22	47	17	11	32	11	7	30	30	22	28	32	39	26	25	13	39	40	14	33	13	
30	26	8	3	42	21	8	4	1	50	2	7	21	10	38	40	12	7	40	23	16	2	11	50	45	10	42	12	49	21	9	32	9	1	39	36	6	36	40	13	15	25	23	44	48	2	19	9	37	17	34	47	28	28	45	49	32	37	14	41	
29	4	27	2	34	47	31	33	9	6	41	17	2	18	19	21	46	31	23	1	44	3	5	22	37	19	8	21	37	28	34	48	46	20	41	11	7	35	48	27	28	28	48	25	24	24	17	48	32	14	2	8	11	37	19	50	47	36	2	50	
15	47	38	40	6	40	47	9	31	24	48	37	37	3	42	16	27	9	39	14	16	37	15	7	3	5	40	1	8	8	40	40	21	31	2	23	33	1	20	12	50	2	17	17	38	26	38	46	12	14	38	23	22	13	19	37	4	42	10	42	
10	26	15	35	33	10	1	17	41	9	47	21	6	42	33	32	22	47	4	23	31	22	41	29	31	13	46	42	50	47	50	37	14	17	13	39	31	17	20	29	25	28	9	50	46	12	40	48	1	25	44	35	10	23	6	35	26	26	43	25	
31	3	4	3	15	38	17	28	46	31	39	9	4	48	48	11	22	3	9	13	22	9	19	8	4	28	3	43	43	7	14	42	27	43	50	21	47	47	18	34	18	1	15	25	50	46	3	36	19	13	3	39	21	20	2	9	12	7	11	38	
4	44	32	47	35	31	43	37	44	29	4	20	49	50	19	9	35	10	20	19	45	47	16	42	16	23	14	8	17	39	23	21	34	20	38	42	50	27	29	47	29	8	23	44	32	43	45	15	2	36	46	38	42	16	37	30	50	38	15	8	
19	28	24	4	29	7	10	45	47	14	21	44	28	38	6	1	47	5	40	4	19	4	50	1	7	41	11	15	47	26	48	9	40	45	12	20	21	20	15	26	12	32	6	40	17	20	38	33	26	28	3	24	14	24	16	50	6	49	4	24	
6	37	49	14	24	11	16	33	28	43	35	50	23	28	34	24	47	21	6	31	20	1	36	4	26	31	7	11	24	24	19	31	25	50	33	35	31	46	3	22	3	5	45	31	23	23	32	24	18	45	1	35	16	50	13	8	29	11	11	23	
19	7	22	27	42	31	23	4	26	17	25	45	23	25	50	2	14	12	9	11	34	18	15	2	24	11	7	29	46	13	45	24	29	30	10	35	44	19	43	20	43	42	7	50	32	44	13	8	46	32	12	43	2	13	50	34	38	23	1	25	
43	22	24	4	19	17	22	11	25	29	6	27	4	20	5	27	42	29	26	29	42	9	23	24	18	4	33	20	4	39	6	8	32	2	2	29	37	31	42	25	15	48	22	2	33	35	20	2	23	38	31	25	26	26	46	40	28	42	7	10	
42	47	11	32	18	39	34	21	33	27	35	30	43	25	48	42	23	14	44	47	26	48	42	40	42	7	20	46	49	18	40	43	19	9	32	24	5	7	15	14	13	30	40	11	13	10	31	35	22	26	4	20	9	34	35	34	39	35	22	40	
50	45	29	17	28	14	15	4	19	6	37	8	34	11	27	38	29	30	33	10	12	10	15	26	16	39	50	30	34	50	11	9	39	30	33	14	27	8	1	9	35	11	21	2	39	30	42	10	34	19	45	40	29	15	41	35	8	50	6	36	
31	45	23	36	42	20	4	50	48	8	41	12	39	38	28	12	44	35	44	9	20	37	16	48	17	32	5	17	2	44	30	25	4	27	24	1	38	34	41	7	6	9	31	29	27	22	38	34	49	34	38	17	36	13	24	37	15	22	26	6	
18	20	11	17	47	38	22	1	27	32	5	12	3	26	30	30	24	27	1	30	23	42	39	30	34	24	12	47	36	7	1	4	12	21	35	35	5	44	3	19	27	1	14	12	47	34	7	31	35	43	4	46	40	29	4	44	48	29	13	13	
47	48	22	27	8	44	48	29	32	10	1	32	28	13	37	1	11	14	8	16	4	7	20	26	26	43	7	5	5	35	7	5	16	30	25	41	20	31	43	20	26	46	10	49	37	19	33	22	9	21	28	48	29	44	24	12	12	36	44	23	
31	18	3	23	49	26	9	26	42	7	3	24	12	45	16	50	18	11	40	17	39	3	18	26	25	40	13	48	12	34	46	41	37	30	3	33	3	23	15	31	32	13	27	40	34	38	21	26	49	33	42	12	36	43	10	12	14	29	17	22	
46	40	50	49	9	49	38	35	26	42	33	16	22	40	39	36	1	44	50	1	50	23	34	27	21	5	17	1	50	2	8	43	3	10	6	40	15	4	1	27	28	32	26	26	42	27	27	7	31	10	46	49	43	12	41	38	2	23	39	21	
27	23	37	15	8	29	27	3	44	39	28	5	14	30	7	24	32	45	23	33	26	21	8	26	19	32	28	47	25	2	47	32	6	43	17	44	42	34	18	42	24	34	2	31	4	34	12	48	6	31	35	28	39	36	16	20	19	46	43	27	
20	47	32	8	5	25	36	30	17	22	15	47	15	11	31	19	5	9	44	26	2	5	21	18	14	42	8	33	26	3	27	10	37	26	2	41	24	22	1	29	17	14	31	19	48	47	24	10	11	1	12	47	37	50	11	49	28	43	21	21	
40	9	29	1	13	21	6	37	20	27	5	23	16	5	39	27	29	30	44	48	36	12	6	50	18	20	15	43	45	40	2	32	15	32	17	49	21	5	6	3	16	5	6	14	36	14	25	25	42	19	19	25	13	47	29	9	22	26	25	28	
On machine	2
49	4	25	37	22	42	30	20	7	4	27	25	42	47	26	17	40	16	38	10	14	50	24	13	12	7	8	27	11	24	40	9	29	30	9	50	39	35	22	46	15	19	18	6	10	3	44	14	24	29	1	48	38	14	6	4	23	14	1	40	
37	3	39	26	7	41	37	20	44	32	26	26	12	47	45	35	7	42	6	35	22	10	36	5	32	24	13	34	5	47	28	16	33	32	27	17	11	12	34	28	22	26	32	3	34	1	15	44	19	44	12	8	38	21	5	11	42	5	36	9	
3	26	18	23	24	3	24	4	38	46	20	3	39	4	31	7	37	40	13	1	22	15	30	31	27	20	5	10	8	4	42	16	4	30	46	43	17	31	43	21	4	35	27	24	36	22	36	17	14	29	19	39	24	44	3	28	34	50	3	50	
20	40	27	5	4	45	33	44	42	20	40	4	27	28	32	37	21	13	43	25	9	39	12	37	22	36	35	11	37	50	20	39	2	8	16	28	11	28	42	23	45	18	35	37	16	47	8	49	38	36	5	7	22	34	27	13	1	15	45	4	
20	30	28	22	6	44	45	17	19	46	17	42	14	28	10	20	12	10	20	21	20	18	9	19	36	17	44	10	13	45	10	33	1	38	19	5	45	39	15	6	2	23	28	30	19	28	6	2	11	16	46	45	35	16	46	37	24	46	10	8	
14	33	19	19	3	3	9	29	22	10	13	9	29	21	26	34	34	36	43	45	11	32	27	42	37	24	26	31	28	11	9	1	32	45	40	18	18	39	10	3	10	32	13	24	48	33	36	44	37	12	37	48	34	24	27	20	15	27	47	23	
24	47	46	47	26	48	1	1	8	17	46	47	17	34	28	11	31	33	46	40	9	3	29	8	14	36	13	33	32	3	8	1	44	43	42	40	47	7	46	23	4	36	1	49	41	39	4	32	20	10	43	26	33	17	26	32	43	35	22	17	
18	2	48	2	22	1	25	20	31	37	23	35	24	15	37	44	29	10	44	16	22	5	34	46	13	19	10	15	3	13	40	27	7	29	35	40	11	19	42	45	32	1	30	4	23	33	46	3	16	14	31	37	39	37	29	5	7	47	42	35	
21	33	48	29	1	37	2	3	18	36	7	19	44	30	27	48	42	43	48	42	9	30	27	39	17	31	10	23	40	12	26	47	34	35	18	42	24	43	40	37	37	12	43	47	24	17	32	16	42	18	5	14	30	42	5	42	10	50	40	5	
8	1	49	26	43	33	7	31	3	30	1	44	14	50	19	49	8	24	9	6	37	28	9	15	25	39	32	22	26	3	29	5	29	5	20	44	8	13	10	12	49	50	2	34	14	27	13	45	28	8	19	13	9	46	15	27	42	40	18	50	
8	1	25	6	38	27	13	40	4	35	3	33	12	13	18	23	43	8	34	19	37	47	49	5	30	1	20	14	29	32	24	13	15	48	28	28	41	24	13	2	29	18	7	38	46	22	35	22	37	18	1	37	45	13	48	5	6	50	34	40	
27	46	15	49	50	23	11	37	12	11	35	48	15	37	39	25	37	3	22	9	23	38	46	33	43	29	8	12	49	38	12	47	9	36	39	41	31	43	28	32	14	44	34	30	17	10	39	20	28	19	20	9	47	41	10	5	47	34	35	48	
1	34	19	31	48	29	36	25	46	17	28	9	13	20	30	49	23	40	32	35	32	45	3	16	7	7	12	34	23	50	46	22	31	17	33	35	13	9	11	35	2	14	20	31	42	8	3	5	9	43	17	11	29	10	37	37	20	37	20	16	
40	43	20	26	40	36	9	49	32	39	27	17	47	19	41	47	9	3	30	45	21	41	20	22	21	5	35	28	43	9	43	29	38	4	11	1	2	50	47	48	45	15	27	5	27	35	5	49	18	22	14	35	6	45	15	42	28	22	18	48	
16	25	18	33	42	29	6	1	7	43	28	39	6	46	30	27	11	13	42	14	48	26	37	22	19	8	21	27	9	48	23	47	35	8	45	6	16	23	32	45	18	34	39	8	8	13	2	31	19	19	24	19	31	30	24	16	30	22	49	15	
8	41	26	30	12	45	36	22	42	45	13	8	17	6	16	13	28	37	37	10	8	18	15	39	48	8	48	15	15	22	6	26	37	38	21	17	15	4	12	23	5	34	2	20	38	12	22	23	18	47	40	42	40	38	45	45	23	7	7	26	
34	48	27	30	15	27	10	45	31	35	8	15	11	47	28	21	34	47	30	3	12	13	10	20	11	49	21	47	26	31	46	8	34	32	42	29	10	41	3	10	1	25	36	4	2	17	17	24	17	31	26	43	47	28	25	35	22	6	42	48	
20	28	4	21	35	13	43	40	47	17	46	32	17	36	3	11	19	3	38	13	43	37	8	22	31	42	24	9	25	10	39	2	49	47	31	38	23	21	49	45	17	37	25	39	45	1	26	22	31	19	22	19	13	33	19	42	44	49	26	2	
28	15	2	45	29	17	5	31	39	42	25	44	37	20	20	33	30	17	36	8	21	20	29	6	25	42	44	33	16	12	7	1	22	18	34	13	47	4	19	38	42	6	13	15	35	42	25	7	30	15	23	36	26	19	29	37	50	48	32	25	
30	6	26	41	20	39	47	24	43	50	38	31	14	28	50	26	13	40	28	38	47	18	25	39	3	19	39	6	46	20	42	48	7	25	18	12	23	39	34	42	7	4	43	12	3	50	37	33	47	38	43	8	24	27	3	50	31	13	34	9	
19	37	46	14	39	7	11	31	31	22	30	35	36	20	41	49	30	23	30	36	27	1	48	8	41	45	36	19	21	2	5	5	20	20	42	49	18	47	15	50	16	27	19	17	44	29	36	26	17	5	6	42	15	20	50	14	12	4	9	7	
40	45	33	16	11	46	9	30	40	31	15	1	22	7	40	34	16	33	6	43	24	7	25	27	41	26	14	50	6	21	38	12	44	9	14	37	13	49	18	31	40	50	26	50	41	17	17	15	8	14	12	16	12	18	22	30	24	40	34	38	
28	40	16	45	3	47	36	38	48	20	21	43	20	20	25	11	6	4	33	22	26	1	41	10	33	33	48	29	35	5	5	20	2	15	14	34	27	43	2	28	8	41	11	7	18	1	47	32	19	8	45	49	15	7	23	35	1	39	39	45	
34	27	22	14	40	35	48	22	11	32	5	25	22	3	45	43	11	4	24	42	16	22	27	36	23	14	3	7	7	30	40	14	27	45	17	45	38	35	46	35	7	43	39	17	38	18	25	25	10	20	16	19	39	35	12	27	33	26	34	50	
43	35	10	27	31	13	15	43	48	3	49	46	31	27	37	22	24	24	48	20	33	9	30	38	31	38	29	13	49	12	16	44	3	50	13	32	12	3	16	47	23	19	4	29	6	29	30	42	18	15	3	13	30	25	13	12	22	50	16	13	
11	24	28	14	18	4	2	16	8	46	3	40	20	4	44	39	21	30	42	28	27	44	10	24	22	29	45	13	30	10	10	3	12	23	7	33	5	37	46	47	6	49	17	36	33	22	21	48	26	5	44	44	12	3	34	20	19	37	31	33	
23	3	3	34	16	46	37	11	36	28	35	26	18	41	10	37	8	40	39	43	31	20	32	23	21	8	32	47	31	24	38	44	27	16	8	44	37	38	31	17	17	48	32	47	6	9	31	22	10	17	30	8	21	28	35	27	4	34	24	23	
22	23	44	2	49	46	4	17	47	30	27	9	42	6	13	12	3	13	41	18	45	36	14	13	20	26	4	21	31	13	42	44	27	39	42	12	2	15	9	5	17	48	14	39	24	39	49	47	27	22	8	25	49	8	31	6	48	33	23	33	
9	30	13	38	15	3	15	23	3	48	14	24	38	41	17	11	31	23	21	50	17	27	33	34	31	10	27	39	18	26	19	21	31	34	24	33	12	18	43	25	20	16	38	22	8	29	12	9	15	5	23	47	33	27	10	39	23	1	26	43	
10	8	13	32	9	26	8	25	26	45	34	17	9	10	45	15	7	11	36	1	15	42	43	18	35	47	12	50	37	25	50	13	22	18	5	4	43	35	25	7	23	4	25	33	9	13	29	16	36	41	1	22	25	15	32	18	22	16	2	39	
26	19	30	15	9	7	23	30	3	11	33	1	32	2	47	5	36	14	12	3	35	10	34	16	4	47	2	7	46	21	30	48	11	25	29	26	11	30	25	50	10	11	46	1	42	8	25	13	18	30	22	22	26	39	6	18	6	13	39	41	
9	25	49	49	18	49	30	6	35	19	9	35	40	2	10	43	10	27	46	39	24	30	25	47	38	3	14	39	11	2	13	26	38	31	27	30	39	28	37	33	45	11	5	23	39	39	33	3	25	8	26	28	42	29	7	42	3	17	16	43	
44	23	3	50	8	15	29	27	40	31	40	31	41	15	23	18	36	36	15	49	36	4	41	24	11	27	50	27	3	41	20	6	13	9	15	1	2	26	10	11	39	30	32	42	40	20	27	4	18	31	2	3	6	12	46	22	11	35	34	12	
41	18	24	6	45	18	18	13	18	39	9	48	37	21	30	5	30	33	35	35	5	2	2	15	38	19	8	47	20	20	49	36	26	39	38	19	22	15	9	25	10	19	18	23	25	9	11	10	39	38	19	42	23	33	50	21	19	17	37	41	
39	41	45	20	16	49	36	2	10	39	31	33	2	21	33	19	49	6	47	10	8	41	49	8	31	35	45	4	25	25	40	12	6	13	34	34	9	33	17	29	48	3	32	4	36	8	40	19	3	31	26	26	39	27	41	49	11	40	28	30	
18	15	18	48	25	8	9	17	21	2	28	39	26	44	48	41	25	1	1	50	36	9	28	44	30	14	36	44	29	5	35	47	10	7	15	39	5	23	37	19	36	39	24	4	4	5	3	18	35	44	28	44	38	25	25	32	18	1	23	25	
7	28	33	35	20	36	22	38	46	10	49	40	27	35	7	45	29	7	17	21	18	36	26	14	43	2	37	40	47	5	49	50	14	49	12	6	1	17	24	33	42	16	35	16	5	39	39	14	35	6	40	24	30	38	26	35	30	5	48	50	
24	5	26	15	31	11	28	22	27	38	35	23	50	41	33	44	12	41	47	30	22	19	32	41	30	15	39	1	43	41	12	12	30	34	8	46	36	3	15	28	8	42	29	12	37	28	8	4	16	18	48	11	17	18	13	15	11	7	37	23	
32	20	35	22	50	1	46	36	45	17	32	16	26	15	41	49	33	44	3	43	35	27	7	4	25	3	19	4	24	12	21	39	30	13	32	27	20	6	17	41	44	37	1	9	44	32	4	32	12	12	20	25	4	11	14	43	46	27	41	15	
34	16	17	25	10	14	14	21	10	4	27	50	20	6	6	2	17	45	27	43	25	29	28	29	50	3	9	11	42	35	6	40	48	31	2	2	46	9	2	48	50	25	29	4	1	6	44	47	17	25	13	31	6	17	34	27	17	48	40	50	
17	47	29	18	23	44	7	8	50	37	44	20	35	24	34	39	31	26	36	36	20	5	26	4	9	5	12	17	3	27	13	26	41	21	38	3	2	15	46	46	18	33	18	27	28	47	33	43	9	29	16	3	6	22	44	43	8	28	13	3	
24	16	38	31	6	42	41	50	48	27	26	20	20	35	15	9	16	9	42	34	35	2	17	22	5	39	6	9	46	31	12	11	17	42	11	27	26	20	41	11	31	3	33	47	5	23	18	42	39	23	45	14	14	42	42	10	36	10	27	8	
39	46	1	14	40	29	26	38	46	32	33	19	35	42	32	11	34	4	38	31	36	39	15	16	5	48	47	34	20	26	19	1	1	33	49	50	1	4	41	8	17	36	44	10	1	33	46	30	33	20	49	28	3	12	5	39	1	15	28	28	
17	22	37	29	37	24	31	39	47	39	21	8	26	14	42	35	5	5	45	16	30	42	37	6	22	40	48	15	34	9	44	41	5	41	16	47	2	39	25	32	45	7	47	44	33	15	7	38	27	13	46	1	26	11	30	34	10	14	34	7	
50	35	14	5	11	29	34	26	24	43	31	19	47	11	22	6	27	2	1	39	14	49	24	16	41	46	38	10	5	12	36	13	25	44	21	16	41	44	16	6	15	8	30	48	9	27	18	14	10	45	42	46	38	32	33	4	47	36	11	22	
13	3	16	25	29	7	40	38	29	50	13	4	6	9	13	19	22	32	28	4	28	48	46	7	2	20	5	27	35	12	17	33	30	14	22	23	6	1	27	31	34	15	37	8	1	48	35	31	16	18	28	10	18	32	42	49	34	47	19	46	
19	15	26	42	33	48	24	49	2	31	46	6	14	18	14	50	38	19	24	14	7	17	4	50	4	17	33	49	44	34	13	35	47	39	14	15	41	12	23	44	50	40	10	39	17	29	13	13	24	38	11	34	11	44	4	8	12	2	18	15	
45	14	19	34	36	39	26	29	40	22	27	34	1	13	6	23	8	23	15	32	7	27	29	18	33	47	35	49	20	42	27	24	25	7	1	3	25	7	7	12	20	17	12	6	29	23	2	47	8	14	31	20	33	35	46	44	16	10	19	37	
43	30	49	46	3	23	48	28	22	45	44	28	39	43	29	35	42	22	43	1	23	14	12	24	3	49	39	40	2	9	2	2	50	37	1	23	5	1	42	15	23	12	37	33	44	7	5	41	35	29	2	25	45	32	6	38	5	48	12	30	
23	43	13	22	47	23	27	43	39	31	34	1	40	23	30	5	16	35	32	10	40	27	29	5	2	43	43	26	14	4	50	24	47	18	39	27	42	37	37	40	38	48	11	4	41	18	12	50	44	30	13	12	9	19	41	45	11	9	42	15	
6	24	29	28	41	33	28	41	13	37	14	20	34	27	26	11	13	11	18	42	27	35	9	47	27	50	7	14	6	14	20	13	45	43	24	16	33	42	11	8	39	4	23	18	49	15	43	21	29	39	43	19	46	34	46	18	24	21	49	27	
43	21	5	12	14	2	2	9	29	8	22	3	8	30	38	48	37	35	4	50	17	32	9	38	10	48	29	36	38	43	48	6	45	30	4	2	1	34	43	11	28	48	50	31	38	42	28	13	9	32	31	48	7	23	36	17	32	27	3	3	
20	16	45	30	42	14	50	25	46	11	4	40	27	23	20	34	20	27	26	44	10	27	50	10	30	23	4	10	49	42	28	16	36	11	26	47	45	40	37	49	22	12	20	18	30	2	8	49	13	47	38	37	24	13	9	33	40	49	3	49	
47	41	24	3	39	45	7	5	26	15	42	48	11	7	4	9	27	22	29	30	17	3	5	6	3	10	27	15	43	24	35	20	34	41	26	26	37	5	31	16	3	50	13	41	11	43	50	49	25	36	32	29	12	19	6	47	35	7	21	13	
14	31	34	5	3	39	9	45	4	38	19	42	15	50	49	28	25	20	24	34	20	48	24	32	37	28	19	20	29	22	16	5	33	41	4	18	18	32	28	22	5	29	20	10	8	42	7	47	24	13	45	32	12	21	23	24	46	6	17	4	
14	45	20	17	14	50	37	42	29	15	17	13	6	23	28	12	27	30	41	44	2	7	20	4	1	8	11	35	17	32	15	21	4	40	47	23	8	11	12	21	39	20	20	27	43	4	49	7	24	5	30	21	33	25	37	12	40	20	13	50	
26	9	41	15	17	43	44	31	38	18	22	35	22	2	29	36	35	13	17	4	33	34	19	24	36	46	11	17	6	26	16	48	8	18	18	25	25	1	2	11	28	25	24	10	1	23	41	45	45	32	8	23	9	6	42	1	27	10	21	16	
44	35	18	11	30	10	28	7	17	48	20	35	40	35	16	22	10	25	4	11	33	34	32	38	14	4	34	30	10	46	37	31	31	46	46	32	14	28	37	33	39	12	27	41	20	19	9	15	43	33	26	18	47	17	23	1	10	15	20	23	
27	39	10	38	4	17	21	24	2	7	35	23	5	25	49	48	20	47	41	11	37	34	40	20	5	50	25	36	26	2	22	9	21	16	1	46	49	43	43	14	38	21	5	46	46	46	36	24	25	17	48	36	50	1	44	2	13	12	30	42	
34	33	5	44	22	27	34	24	24	30	5	9	21	1	11	20	17	6	21	2	28	32	26	26	36	5	47	11	10	39	7	4	2	21	49	22	48	32	42	30	37	24	48	35	50	2	11	13	26	26	27	49	37	24	46	22	10	50	34	17	
On machine	3
25	38	39	6	41	46	9	31	50	45	22	1	35	26	2	17	47	39	26	8	13	21	42	14	16	24	10	8	18	2	37	31	38	11	47	29	29	3	2	47	19	4	48	39	18	49	33	25	36	15	19	3	44	43	47	8	30	44	32	21	
28	16	49	3	49	47	37	23	11	24	6	41	33	42	20	14	3	7	46	49	11	39	34	14	31	2	35	15	17	34	21	30	11	6	7	45	14	46	42	34	7	46	14	14	18	27	5	24	49	8	8	9	18	30	6	35	28	1	10	10	
49	2	10	34	40	5	10	35	18	43	50	40	19	18	8	40	41	20	26	39	47	3	2	41	22	32	2	46	27	48	22	6	17	44	49	32	27	44	18	49	8	37	37	5	6	26	21	20	6	23	38	39	25	12	33	47	28	42	48	24	
48	42	14	45	35	1	28	40	34	4	19	15	46	29	35	22	26	15	8	36	33	30	2	23	31	50	3	27	42	35	1	28	23	8	41	4	1	35	4	21	31	46	48	41	32	48	19	17	44	19	7	40	47	38	14	19	1	35	10	33	
22	6	42	20	16	39	38	23	32	47	23	20	16	18	48	20	50	26	13	47	10	15	49	32	28	40	28	8	7	47	31	12	31	27	15	23	44	26	34	8	17	1	45	3	15	9	10	4	7	6	49	5	24	3	9	6	22	32	25	17	
39	35	19	10	37	30	12	43	44	15	15	50	14	12	42	43	38	33	32	18	29	36	8	45	11	6	23	30	48	34	32	6	41	10	20	42	20	47	48	36	10	39	35	35	1	24	13	36	45	12	30	17	8	24	45	7	31	5	9	30	
44	11	39	3	9	38	31	39	23	38	20	8	50	24	41	18	26	3	21	6	22	5	10	19	13	13	28	45	44	21	25	35	49	49	45	46	31	25	3	41	36	4	3	29	47	39	38	33	39	4	2	46	33	1	40	44	9	28	20	31	
49	19	28	23	43	5	13	45	42	2	20	12	36	21	14	33	15	26	46	35	9	23	8	42	3	22	16	43	2	10	12	30	34	33	14	1	36	50	47	39	13	41	45	25	5	36	15	9	26	46	46	20	45	33	19	1	23	20	49	33	
50	14	40	11	33	6	47	14	15	39	49	32	7	37	31	23	45	38	16	21	1	8	45	8	7	46	40	29	5	36	40	14	12	48	16	10	23	7	16	16	14	23	16	27	36	25	46	46	41	22	36	36	36	40	47	45	7	45	7	47	
11	1	38	49	38	44	1	6	15	27	22	31	41	6	38	30	16	16	1	33	1	43	40	21	9	29	35	47	44	8	32	37	46	37	35	4	26	12	48	33	41	46	41	32	5	35	33	8	16	43	4	22	21	12	2	36	1	1	50	25	
22	19	8	21	28	39	2	39	48	47	6	3	33	24	17	22	2	48	17	11	26	16	24	17	44	46	13	49	50	43	30	42	47	2	2	13	15	45	3	34	9	39	16	28	13	5	33	37	30	38	11	39	4	14	20	6	22	23	34	34	
11	29	42	8	44	19	30	31	19	47	17	17	36	34	50	38	21	27	3	48	10	41	21	11	11	27	38	21	41	38	11	23	42	24	29	18	43	13	16	22	33	15	49	46	25	50	24	28	18	17	17	3	45	50	12	3	14	2	27	14	
24	17	49	41	37	37	45	30	8	25	15	33	28	37	47	31	10	16	49	36	31	11	47	20	29	14	9	30	15	9	19	36	12	9	30	46	47	45	26	50	40	47	43	28	20	34	42	13	9	48	46	7	30	18	4	47	4	38	1	7	
17	9	7	1	37	48	35	46	4	23	15	4	44	2	40	36	19	24	4	46	28	21	17	50	49	4	1	34	21	23	50	24	45	3	10	6	29	34	15	17	48	15	21	12	31	44	48	15	31	6	36	3	24	3	23	17	11	11	4	43	
14	5	38	28	26	18	27	50	24	47	42	45	50	38	43	14	24	47	14	45	37	1	17	41	12	47	21	50	10	50	15	21	37	13	17	12	26	35	32	41	10	2	25	2	23	2	9	13	8	43	17	48	2	19	19	44	4	34	45	19	
40	30	44	10	46	17	21	49	42	30	17	29	43	13	41	10	16	42	48	11	16	38	27	50	12	32	29	48	36	19	24	44	48	11	10	7	20	11	28	12	32	30	45	36	23	4	22	37	24	16	7	43	15	15	31	42	21	46	10	6	
13	45	1	10	23	29	15	3	39	42	29	9	32	10	13	40	27	27	16	19	38	5	20	10	16	42	40	44	23	29	4	15	8	15	10	34	18	45	35	38	35	7	25	45	39	31	40	50	24	33	49	7	31	30	10	44	27	48	10	29	
44	6	14	27	18	6	48	36	41	11	11	40	13	34	27	40	13	44	46	38	33	23	40	31	26	39	15	29	30	4	10	16	49	7	37	39	21	34	26	11	20	48	10	27	10	29	9	46	22	26	8	42	14	46	35	42	6	17	34	26	
5	32	36	7	5	3	49	15	49	4	10	27	3	43	10	9	40	7	8	33	33	30	33	19	25	33	28	5	35	42	23	48	5	4	47	22	18	8	22	35	10	16	18	12	6	47	17	5	29	22	20	35	6	27	39	23	47	50	40	14	
17	49	7	9	5	24	44	41	44	26	21	9	42	26	27	30	35	27	2	32	26	49	4	18	11	36	22	40	47	5	1	49	38	46	15	36	45	6	41	2	10	48	5	49	21	43	6	41	46	18	45	12	35	40	29	48	15	9	7	38	
44	33	8	5	9	50	27	23	39	9	33	31	14	45	49	15	43	40	38	24	47	49	34	12	12	25	27	5	30	29	13	50	9	8	46	23	7	32	48	26	35	8	20	30	22	7	31	47	41	43	1	37	6	40	25	48	28	15	7	37	
7	47	39	10	21	7	17	47	48	25	27	21	32	11	37	26	3	32	2	37	34	34	17	23	20	30	31	20	49	21	23	7	4	8	23	18	25	21	14	36	16	16	43	32	5	25	43	15	47	11	31	26	46	8	4	39	8	6	27	40	
3	21	42	7	43	15	39	37	36	11	12	28	49	32	36	31	27	2	42	7	47	8	20	18	17	13	22	7	9	5	35	8	27	21	23	33	35	25	19	29	5	12	42	47	20	44	6	6	9	18	33	12	17	42	14	1	42	4	11	17	
1	26	19	19	41	50	38	9	12	21	35	26	38	2	2	13	9	28	50	11	16	39	29	22	3	26	37	43	3	28	25	5	11	40	23	49	34	44	22	45	5	45	13	18	43	30	30	32	10	33	9	31	33	19	35	11	26	45	42	50	
20	38	6	43	23	44	35	43	4	46	34	30	6	26	1	37	16	4	31	20	42	2	35	50	43	7	33	21	6	42	8	4	28	15	48	32	3	8	40	12	11	41	32	3	17	36	9	38	18	23	34	16	41	14	9	21	23	41	21	5	
3	32	11	7	21	42	36	24	24	39	45	12	6	2	19	38	33	4	43	14	37	43	14	34	46	42	38	9	33	48	38	35	44	42	19	24	23	30	1	16	44	41	26	19	9	12	35	20	34	32	20	23	9	41	5	41	34	17	26	29	
35	15	19	14	44	18	33	19	17	11	34	44	7	3	15	35	28	10	27	21	36	13	19	36	7	40	39	4	4	24	6	26	29	16	44	13	22	15	27	40	37	24	21	5	29	9	27	4	4	9	44	23	8	48	31	41	8	34	12	1	
34	25	19	18	34	21	38	14	30	13	37	33	50	4	28	11	25	48	49	11	1	47	34	30	22	29	4	10	44	5	22	14	44	37	3	46	5	18	36	3	8	32	13	10	18	2	16	10	16	17	1	8	49	1	4	24	22	3	22	27	
13	16	23	4	42	35	25	39	20	5	18	45	20	47	34	13	29	33	38	47	44	18	46	30	19	22	25	19	1	42	40	46	18	29	39	32	1	2	10	41	23	39	45	37	26	13	18	4	48	50	11	14	1	48	9	31	14	3	27	15	
41	30	11	1	49	21	26	26	16	29	16	9	14	33	20	29	11	36	2	7	41	12	44	38	19	39	9	42	14	29	38	41	45	48	50	7	16	35	34	43	20	29	7	3	8	39	41	32	13	30	45	30	12	20	27	27	11	20	44	47	
25	19	28	9	1	10	48	14	13	46	22	9	13	5	30	45	14	34	18	8	2	38	22	30	30	18	26	40	33	39	22	42	48	42	45	49	15	34	25	1	7	31	17	14	16	4	8	24	21	36	6	19	38	22	15	27	22	17	20	15	
5	21	48	26	17	34	35	1	32	30	47	17	15	9	16	30	21	27	26	28	38	5	38	23	34	35	20	29	16	45	34	8	22	45	3	25	4	24	36	27	18	13	41	38	27	23	33	11	38	20	12	28	50	23	25	46	24	24	13	2	
28	28	16	39	27	35	16	2	15	46	46	17	21	5	10	46	17	8	40	29	30	12	40	42	40	10	6	28	6	22	10	50	44	39	49	46	6	1	5	35	43	48	11	47	28	39	36	13	47	38	26	2	49	48	14	23	43	35	15	27	
39	24	9	25	48	39	3	14	23	32	38	33	4	9	23	4	14	3	33	35	30	26	50	16	47	23	46	37	34	48	30	33	12	29	20	9	1	46	19	11	17	36	45	36	30	8	12	43	39	8	4	35	19	31	6	22	16	12	12	34	
39	46	42	15	39	44	43	37	28	3	40	18	16	48	28	36	8	41	28	36	31	23	19	3	50	46	47	18	11	8	50	12	22	46	2	43	16	35	10	21	45	26	26	5	12	25	7	6	43	14	26	20	8	25	20	12	47	10	4	37	
33	34	38	35	49	42	24	5	10	23	32	11	2	22	32	49	37	50	28	17	31	24	43	11	38	49	31	36	4	50	18	44	28	50	22	34	23	20	31	49	45	36	28	33	19	41	37	18	22	46	27	41	48	25	40	29	10	34	5	8	
17	17	43	15	18	7	38	2	15	34	28	13	9	46	15	1	35	36	2	4	8	8	12	13	11	28	45	22	33	31	21	18	19	37	13	34	38	45	20	1	19	16	43	9	30	45	35	41	43	20	15	22	35	25	8	3	24	17	26	25	
19	28	19	14	15	25	21	42	16	34	26	42	13	21	21	21	21	19	44	31	41	12	8	12	29	8	42	10	39	4	32	48	34	36	4	1	25	5	38	17	30	9	47	49	13	14	13	12	33	25	41	11	11	23	8	3	2	9	49	20	
17	18	4	40	11	46	21	25	11	25	13	32	11	39	18	12	36	31	37	28	34	46	23	5	5	21	38	19	5	3	43	47	2	20	32	31	8	49	12	37	32	22	26	31	43	8	45	41	21	29	33	15	32	37	44	40	44	31	16	35	
42	22	34	23	8	20	47	48	29	48	16	50	42	25	48	5	50	44	25	40	27	14	8	32	3	48	23	16	40	33	1	23	17	10	43	27	22	42	44	1	3	18	29	44	3	20	13	6	1	36	19	29	29	8	29	41	40	30	5	25	
3	21	2	5	23	45	35	21	28	15	9	50	44	42	12	33	26	49	36	26	12	10	29	31	28	13	5	34	46	46	14	35	30	2	37	35	5	49	19	19	19	7	45	1	38	44	20	25	15	13	20	49	45	29	24	46	5	47	9	33	
37	13	35	48	40	37	1	35	47	1	1	30	39	47	11	14	2	21	19	16	33	20	21	32	15	22	10	43	47	13	9	13	19	10	33	32	39	31	35	38	15	38	29	12	34	16	15	10	27	9	36	46	30	35	32	21	43	50	32	7	
13	45	49	12	2	2	30	39	17	25	7	46	32	19	17	25	5	41	42	29	8	42	10	43	36	14	31	37	21	4	33	36	13	6	4	19	27	30	49	34	1	23	34	42	24	48	1	9	22	19	37	39	22	33	41	12	40	19	19	29	
5	29	49	12	9	47	41	20	46	8	3	13	5	29	38	26	17	12	17	38	7	7	22	11	38	47	25	25	18	38	43	11	44	14	13	34	33	28	8	50	7	9	34	10	31	48	26	45	9	46	27	48	19	18	35	47	7	32	19	38	
44	47	31	14	36	17	48	45	40	1	44	12	33	28	30	34	47	46	43	47	33	21	37	45	40	22	23	33	34	30	24	5	33	31	20	37	1	41	28	43	17	21	20	38	46	18	40	49	44	42	33	44	28	34	17	16	50	14	43	49	
30	4	3	28	1	17	7	23	27	10	34	39	42	21	16	46	7	40	25	33	31	19	35	49	18	40	12	11	2	45	16	46	5	30	13	43	34	3	20	15	23	42	26	7	41	5	43	33	48	45	40	28	23	27	29	36	45	16	15	50	
17	8	22	20	41	35	8	16	5	30	32	27	33	24	29	9	32	19	18	47	33	24	16	41	15	44	12	50	23	48	45	47	39	20	22	35	24	7	34	15	23	26	40	48	23	5	40	33	48	18	7	31	33	44	17	48	32	21	5	49	
1	45	14	36	28	36	19	6	7	24	34	39	2	33	40	4	25	39	39	5	44	28	38	35	22	26	31	6	25	16	25	24	16	6	16	31	50	21	47	23	17	19	45	50	22	10	4	35	31	38	49	45	31	50	16	34	23	36	11	35	
5	12	16	31	9	20	6	12	5	47	31	16	12	5	47	29	5	44	35	13	30	21	37	43	14	27	38	4	2	27	50	6	15	30	20	26	35	38	47	43	29	43	9	43	8	10	35	5	35	11	10	10	15	48	49	19	14	40	19	21	
39	10	24	42	39	50	3	11	9	29	36	32	16	43	18	12	39	10	30	6	5	12	20	30	17	34	27	42	10	30	44	43	3	4	34	44	45	30	13	42	46	24	23	44	8	27	50	31	24	2	14	26	26	35	16	41	20	5	7	12	
41	27	33	43	16	18	43	11	2	28	6	4	47	41	44	35	3	10	46	40	21	24	16	40	32	18	30	29	12	27	33	48	46	50	46	9	22	19	11	29	20	12	1	47	19	7	11	31	33	35	39	26	6	5	41	40	37	26	34	45	
12	4	17	49	37	13	42	46	28	32	23	47	25	27	31	20	50	24	44	38	3	47	43	27	8	32	37	47	14	27	35	37	18	30	11	14	10	36	4	9	19	5	43	45	48	21	3	25	22	16	45	32	50	41	31	45	26	28	3	37	
19	23	10	6	6	46	29	4	31	24	46	32	11	41	32	4	6	35	19	25	12	30	10	48	38	25	40	50	16	14	9	13	14	42	35	31	27	43	31	3	35	32	9	17	42	5	9	38	3	1	29	34	40	25	11	41	25	21	49	8	
30	30	44	31	8	33	35	25	31	25	38	4	29	31	30	30	18	16	8	24	46	7	10	48	26	46	2	49	46	43	32	3	45	39	33	41	22	8	37	1	43	47	1	34	21	38	5	5	3	33	6	6	26	48	31	46	43	14	44	23	
19	4	11	1	23	33	20	13	43	48	21	3	37	43	11	21	25	23	43	23	6	9	6	45	24	29	43	36	35	23	14	31	50	35	49	32	12	7	24	47	38	27	40	8	41	5	42	6	21	16	49	47	46	1	26	15	40	8	39	29	
32	25	29	39	14	47	41	27	32	15	7	10	22	8	29	39	4	44	43	47	44	20	37	43	9	42	44	23	25	3	43	17	17	48	21	47	5	19	5	14	34	2	46	18	22	46	32	8	10	33	10	18	33	31	34	20	35	5	50	27	
3	23	19	25	43	21	32	35	5	29	8	6	29	35	12	16	35	20	37	20	47	50	32	42	47	30	44	38	18	4	10	48	32	16	48	7	48	20	1	17	33	47	45	12	27	39	20	5	16	33	13	31	38	14	28	37	11	12	2	43	
33	26	22	24	39	23	35	3	10	43	25	5	41	6	2	6	10	33	10	9	35	27	39	11	12	33	42	44	26	24	49	9	34	48	42	41	24	23	48	18	7	30	31	28	4	38	32	34	10	5	40	26	18	37	22	16	33	27	33	29	
23	23	11	42	3	41	20	19	21	37	36	3	21	22	39	46	16	22	44	49	30	2	7	31	25	35	46	31	1	17	3	29	39	41	19	34	28	30	24	26	19	42	35	12	37	25	1	34	41	43	46	26	12	47	42	33	21	38	26	24	
34	22	33	44	33	13	3	24	3	31	26	29	8	25	20	46	42	48	45	19	12	38	5	35	48	17	30	24	8	34	19	12	8	25	48	40	47	1	38	16	23	19	28	26	48	11	32	21	30	27	7	23	17	44	34	33	19	15	7	45	
On machine	4
4	4	45	30	48	11	16	31	11	27	23	45	1	8	14	48	22	18	1	2	27	35	41	20	10	46	5	20	22	2	2	18	18	17	1	24	49	48	38	33	25	30	6	50	38	37	25	45	28	17	12	39	30	21	9	15	18	11	6	32	
47	29	38	31	27	16	47	26	45	44	5	25	8	13	44	13	6	18	50	26	19	25	14	11	43	24	49	11	5	23	34	19	12	1	31	20	45	22	38	32	6	22	5	16	33	13	40	20	45	4	18	39	39	29	16	49	16	9	49	30	
1	45	46	17	29	35	29	41	20	9	3	38	2	38	4	38	42	17	24	36	48	24	9	44	44	8	22	45	10	27	36	39	27	28	13	22	41	21	41	26	5	26	38	4	42	7	29	50	29	25	7	8	47	43	27	18	31	33	48	44	
31	9	3	40	4	47	48	17	15	4	34	27	8	46	47	8	37	20	20	42	30	19	24	18	6	38	5	33	34	13	5	40	28	23	19	15	40	37	45	14	18	5	23	44	39	34	15	43	5	8	43	6	24	36	41	45	14	41	38	48	
21	49	50	24	35	42	32	30	31	35	24	42	21	17	16	25	24	29	2	13	28	24	42	32	38	20	19	1	27	25	32	5	47	34	31	20	18	19	50	17	43	42	18	48	2	27	35	35	12	22	46	12	10	16	8	26	11	36	10	30	
18	34	40	41	39	32	45	33	4	43	46	38	40	12	38	22	17	8	10	20	24	4	33	12	44	33	25	10	20	13	33	8	21	27	37	10	7	50	31	4	15	29	15	8	12	38	22	26	14	45	1	10	14	14	40	49	22	35	6	37	
46	46	13	11	48	46	17	32	17	19	23	4	49	14	4	37	17	8	21	32	15	28	14	47	6	5	44	45	26	7	8	9	26	12	42	47	18	10	31	43	5	40	18	50	21	11	31	50	47	34	28	34	3	20	31	11	30	33	27	36	
5	7	18	11	9	23	35	38	39	46	10	13	41	10	41	12	49	5	32	10	18	45	17	19	1	9	28	41	31	15	37	40	46	48	48	44	38	16	38	25	33	36	10	39	32	14	26	43	37	43	33	39	44	38	38	25	20	40	13	14	
44	38	32	8	7	5	24	8	7	37	10	42	29	39	2	39	39	11	6	25	28	23	8	47	48	40	22	7	24	35	1	4	9	49	48	38	28	22	16	33	44	6	16	30	9	17	1	42	10	35	19	39	32	20	23	20	49	10	43	19	
27	35	23	48	14	1	1	32	43	2	38	2	33	28	20	22	23	11	15	14	45	9	6	37	30	17	23	50	11	10	35	12	50	7	18	4	3	39	49	16	46	5	18	24	9	26	13	38	42	49	16	34	32	48	46	28	42	19	1	6	
10	44	30	2	48	45	36	6	40	32	28	24	41	2	41	49	29	35	50	44	39	18	19	30	24	23	17	45	2	39	40	41	31	8	1	42	48	26	41	26	8	20	22	50	20	33	26	36	19	40	9	38	44	13	1	46	18	47	38	14	
1	17	20	41	24	33	2	28	42	42	8	48	8	4	7	38	3	15	32	43	7	29	17	4	1	15	19	42	26	39	27	46	1	44	50	41	45	31	32	9	14	25	38	22	50	22	5	47	40	19	47	16	41	14	11	5	30	3	20	27	
30	10	11	33	45	40	33	39	19	2	32	47	50	40	48	33	6	40	32	5	27	28	5	9	6	16	5	37	47	7	16	23	32	46	45	36	5	14	47	35	8	36	25	41	18	17	27	11	7	45	49	17	31	29	1	14	41	45	44	46	
42	16	47	39	39	18	12	9	45	34	20	27	44	30	25	47	30	26	47	37	3	16	13	9	7	50	42	35	5	18	15	24	11	44	32	46	9	10	8	27	40	5	23	29	10	4	26	14	44	25	22	44	10	21	9	4	13	10	29	46	
23	12	50	49	47	30	48	14	20	29	41	29	50	8	3	36	44	5	18	15	25	45	45	6	35	38	13	4	43	35	25	33	10	24	11	13	15	18	19	15	37	21	43	2	35	32	22	42	21	37	33	25	22	28	39	39	36	50	17	48	
44	26	4	31	19	29	5	40	36	43	16	33	29	7	28	15	12	24	17	42	35	25	15	1	41	37	34	49	22	15	8	22	34	25	50	42	1	41	31	36	48	16	50	36	34	14	4	22	33	18	37	29	14	36	39	17	20	12	10	48	
11	48	47	43	31	11	12	15	47	45	1	7	24	35	29	27	24	30	38	6	36	25	29	9	27	29	40	44	4	12	22	43	1	19	27	45	42	7	47	37	35	3	40	10	12	7	26	17	30	28	15	1	44	45	11	26	44	37	27	36	
5	26	38	8	31	12	14	31	45	45	27	19	9	37	47	27	24	32	17	8	30	8	22	23	37	22	5	50	37	13	44	11	39	11	16	14	41	10	44	11	50	7	49	42	5	36	39	48	29	31	1	29	8	47	49	1	12	1	22	21	
33	38	26	41	43	4	18	1	41	10	41	3	42	8	22	38	6	21	2	37	31	16	27	44	36	39	26	36	37	43	17	42	10	18	17	40	39	42	9	22	28	12	7	35	23	14	34	34	35	11	10	16	38	8	13	29	19	25	46	5	
30	5	11	1	2	44	46	44	35	28	2	47	36	8	10	3	30	50	1	23	20	43	42	13	8	32	34	30	17	16	16	35	2	46	32	47	44	3	48	17	10	16	39	13	33	13	10	17	7	17	18	35	5	35	23	46	6	25	31	5	
10	15	49	6	27	8	23	2	39	38	3	23	46	1	23	16	10	3	27	23	48	20	38	9	22	33	24	44	49	10	2	15	28	17	39	8	18	27	35	29	49	30	22	27	10	22	33	43	9	7	11	10	18	22	30	5	22	10	43	5	
39	5	9	48	45	6	11	18	27	47	16	30	34	20	25	23	26	22	45	24	41	46	25	22	17	30	39	27	10	24	41	4	18	47	26	29	30	23	28	10	38	31	24	33	10	23	13	22	50	20	14	24	7	33	24	13	3	19	3	18	
29	44	39	37	10	16	36	13	8	32	6	21	42	21	50	5	9	43	43	21	27	7	2	7	42	19	9	9	29	12	24	12	20	45	3	33	10	36	1	4	26	25	16	28	47	49	39	4	3	9	7	42	37	50	40	17	16	16	8	28	
26	33	15	48	50	8	43	47	19	32	29	22	32	47	42	48	15	21	19	29	18	41	20	11	13	7	45	50	22	39	29	42	7	33	33	44	20	42	50	39	37	9	38	35	44	21	30	34	29	12	29	4	28	14	43	19	45	41	35	14	
21	12	7	37	4	3	14	21	15	9	39	46	22	40	43	31	31	23	7	24	25	44	34	24	49	14	50	39	37	22	21	37	11	36	23	50	37	6	23	9	42	46	25	26	14	10	18	7	21	21	25	35	39	10	28	29	31	49	10	25	
50	14	8	27	42	47	49	11	14	17	33	26	13	49	28	33	25	27	31	12	22	42	28	49	14	12	20	11	25	33	15	32	12	18	30	5	19	10	42	21	11	47	32	38	24	38	20	22	34	3	50	14	33	37	44	16	9	7	23	25	
40	39	10	12	9	47	31	31	48	28	47	13	25	33	1	41	23	4	29	9	44	47	32	40	35	46	42	18	8	10	19	42	18	47	10	17	8	15	38	23	41	29	40	17	20	3	15	48	13	48	11	14	43	1	32	6	36	48	37	1	
27	44	15	2	3	43	15	49	15	30	32	19	43	30	42	31	32	40	14	20	1	27	38	3	5	38	31	36	39	17	40	11	4	40	44	40	48	23	16	6	40	43	46	23	39	39	2	13	1	39	13	5	45	40	24	10	39	17	7	28	
21	15	3	26	27	33	36	8	35	4	32	22	10	24	17	19	48	41	46	29	34	13	21	42	9	25	25	16	43	5	48	6	13	12	44	24	8	20	36	23	38	30	27	27	41	20	1	25	42	24	31	2	44	37	12	9	23	44	49	35	
15	45	21	47	47	35	40	47	11	3	24	3	32	33	13	2	16	17	10	7	29	37	38	10	11	22	2	46	22	50	41	44	28	3	37	23	24	16	46	6	1	21	21	29	11	21	26	7	11	13	3	16	25	17	29	8	23	27	36	27	
27	7	46	9	36	50	37	25	18	32	30	37	15	11	48	18	7	23	30	24	12	21	19	12	26	43	43	22	14	43	21	6	33	46	19	39	14	50	19	10	37	49	19	34	24	28	27	14	3	45	5	9	16	38	36	11	1	50	32	25	
26	41	26	7	29	26	24	26	12	43	31	12	44	22	4	33	6	21	23	30	23	48	23	40	37	12	1	41	6	47	7	19	4	47	9	49	16	30	41	30	8	38	47	21	35	48	3	6	39	43	12	12	38	4	30	41	24	31	33	14	
17	21	43	29	27	28	1	50	11	15	9	25	23	38	35	3	30	30	11	39	22	41	35	37	28	20	42	4	33	44	48	22	26	44	24	19	13	9	15	47	33	45	27	18	45	19	41	30	50	49	37	18	6	34	5	45	21	31	31	50	
34	23	9	9	30	31	47	10	16	19	1	39	41	23	26	13	16	29	8	14	35	20	49	44	14	49	18	32	18	46	47	18	8	45	19	32	35	21	4	18	39	17	16	10	9	43	42	49	13	13	5	41	31	22	46	1	2	4	31	34	
39	30	2	46	31	49	46	14	23	45	14	46	14	12	32	24	3	27	49	47	2	48	13	42	49	37	50	37	32	40	9	11	24	4	21	37	37	24	19	47	3	4	42	4	15	11	46	12	5	14	23	7	17	42	42	47	9	22	18	18	
36	6	50	31	14	17	25	41	46	25	28	50	2	45	12	28	45	40	16	3	48	25	4	33	27	22	13	2	46	7	45	38	14	41	9	36	41	21	23	44	13	40	42	45	2	17	15	10	20	16	33	27	9	15	16	7	25	44	40	19	
18	50	11	13	19	42	39	9	3	11	27	46	13	2	38	34	33	48	30	32	31	31	42	45	44	49	3	29	21	32	2	40	49	45	1	37	44	29	18	4	35	38	21	12	10	15	26	35	34	1	17	37	36	3	25	31	1	49	23	14	
43	24	36	27	22	28	31	36	46	13	7	37	8	45	6	4	50	44	41	1	9	35	17	18	29	19	17	47	44	11	50	41	45	40	8	22	17	26	30	36	24	30	38	26	16	49	39	23	18	27	29	12	18	29	27	35	43	46	37	31	
6	22	13	42	27	1	31	48	38	40	37	14	44	23	30	19	37	5	8	11	38	39	19	17	41	39	11	45	46	20	30	9	28	26	41	28	45	43	11	45	22	13	1	26	8	40	38	48	19	46	46	15	48	17	12	16	9	27	5	38	
41	35	16	19	17	24	19	43	11	15	15	18	46	27	16	46	22	6	36	25	12	26	46	11	11	2	25	22	7	27	12	4	20	28	33	15	32	23	49	45	1	20	22	6	38	35	24	12	45	36	37	14	2	24	14	25	7	43	14	11	
7	33	45	47	43	9	26	35	8	8	23	46	35	18	40	43	14	4	27	44	6	49	33	9	1	24	33	16	20	16	21	47	19	30	9	21	41	11	2	16	10	34	50	50	43	49	20	19	24	3	1	30	23	44	17	39	33	5	14	39	
19	16	9	39	19	42	41	30	30	25	47	22	41	49	27	33	34	1	43	15	24	11	24	22	10	21	18	10	14	35	31	2	47	32	25	12	38	32	37	7	16	50	26	8	8	40	37	50	47	42	1	32	3	13	47	37	24	25	30	16	
8	3	3	42	28	25	6	42	11	41	37	4	19	7	12	5	23	17	32	21	14	15	29	4	40	50	17	25	25	40	30	13	20	26	5	47	26	32	36	36	42	30	30	18	16	25	25	44	32	17	34	1	45	32	42	10	15	42	9	36	
37	8	31	41	37	10	15	5	23	12	28	32	5	38	29	36	4	9	32	40	33	2	21	9	11	50	16	50	28	26	43	34	28	8	29	7	23	50	33	14	41	50	21	20	26	42	10	16	15	19	40	5	29	1	17	11	32	29	5	18	
17	35	19	33	29	17	17	44	22	50	40	12	15	3	1	2	37	43	26	10	3	6	21	36	9	7	44	9	14	9	42	42	21	40	28	29	13	13	28	26	15	23	45	29	22	4	28	32	35	49	44	8	4	46	26	42	17	20	30	20	
3	13	36	34	1	4	25	50	20	32	42	4	38	35	17	17	42	41	31	44	43	11	40	26	11	5	46	1	49	25	35	39	44	12	44	36	1	46	11	6	8	3	36	28	15	13	20	38	23	11	25	24	31	17	35	5	19	4	5	4	
17	2	13	50	20	14	30	24	39	27	10	7	43	45	8	14	4	40	48	22	49	1	27	20	25	50	13	37	44	44	1	27	24	40	45	48	3	49	9	23	17	15	31	28	22	18	42	30	14	24	23	18	25	20	43	15	6	46	3	14	
20	9	15	8	9	49	8	11	15	26	18	3	24	17	39	27	35	19	48	6	44	26	42	32	26	39	11	23	6	35	26	9	17	13	36	38	31	28	7	17	14	41	41	39	18	49	30	26	18	25	45	38	30	20	15	46	12	15	49	23	
41	35	34	44	44	41	15	3	47	4	42	8	47	31	41	18	45	50	9	47	14	13	31	6	10	17	32	48	15	31	11	46	18	23	20	43	45	37	14	8	26	42	39	44	45	41	42	8	2	2	12	12	18	26	50	21	6	21	10	34	
17	29	23	50	13	33	13	24	32	32	41	5	49	49	5	31	46	24	29	15	8	40	1	7	32	22	25	11	45	7	25	6	7	38	1	31	17	5	25	22	6	36	48	13	3	21	25	11	20	37	17	22	1	27	19	50	4	39	37	1	
26	10	2	42	41	30	19	48	16	39	24	25	38	31	49	14	29	47	26	22	9	49	46	10	39	15	34	10	7	4	32	50	49	39	8	27	11	16	19	40	40	38	2	31	34	37	36	10	5	21	30	35	8	1	2	15	49	45	42	3	
17	3	31	48	16	41	41	33	48	34	50	1	28	1	8	43	36	50	13	47	25	46	25	36	15	39	50	18	45	17	19	13	10	23	3	1	17	5	4	46	17	42	9	34	38	29	26	21	26	9	10	41	25	14	41	47	14	36	17	31	
43	8	18	2	2	17	42	32	11	12	4	2	40	24	1	45	12	37	30	1	17	7	21	21	20	10	32	32	42	4	24	18	33	12	6	18	8	38	7	44	30	50	18	33	3	7	28	38	47	21	43	43	46	27	16	14	19	39	22	45	
7	31	18	41	34	20	23	41	35	1	47	23	36	28	4	7	49	19	2	15	45	27	44	43	36	15	45	16	14	35	23	32	2	24	11	42	10	43	44	15	21	43	44	40	50	15	18	6	42	18	32	12	24	20	29	30	10	50	18	36	
17	35	25	11	9	38	7	15	37	34	14	34	26	41	4	11	43	4	39	44	10	34	21	13	39	40	2	29	16	23	6	50	10	35	2	11	10	47	39	20	31	20	13	42	32	31	16	36	41	44	28	36	25	20	48	1	18	16	30	32	
16	47	46	50	44	22	1	12	8	47	20	30	48	21	12	30	20	22	9	13	22	8	37	8	22	36	39	40	4	5	40	50	29	11	47	8	25	8	33	8	9	49	39	35	25	24	45	4	46	31	42	42	2	29	17	7	28	18	17	13	
49	2	23	19	26	27	33	12	25	8	1	11	40	47	28	22	19	15	9	6	12	15	36	35	13	42	29	44	19	26	9	15	3	8	12	47	49	12	20	20	25	33	21	47	13	44	19	48	27	50	7	6	44	3	23	38	9	47	25	9	
43	25	11	26	39	17	35	6	40	44	7	17	20	14	21	24	44	5	2	15	15	6	27	10	24	36	13	14	34	25	10	28	16	37	26	6	31	12	18	32	48	41	15	37	46	24	10	18	34	13	11	9	33	24	30	20	49	41	27	3	
30	6	41	42	43	45	22	49	22	35	28	11	21	8	16	1	37	29	17	1	23	45	44	15	50	29	23	38	38	21	16	19	45	40	10	7	14	19	41	15	14	1	28	30	33	12	39	42	4	30	25	45	1	50	42	16	12	42	44	49	
12	38	6	16	43	34	50	42	5	6	8	45	3	32	45	37	35	6	25	42	37	23	5	23	47	3	8	28	9	37	21	21	45	41	38	22	47	5	26	5	13	7	7	11	30	39	29	15	25	5	12	35	18	27	41	19	10	2	25	48	
On machine	5
8	48	31	50	33	22	11	23	44	41	26	47	19	31	12	5	1	29	14	47	47	29	31	32	13	4	15	20	7	18	33	8	23	50	44	36	8	13	21	43	12	5	36	20	29	31	1	12	10	12	8	31	16	20	25	14	7	1	18	13	
24	48	37	38	9	7	8	43	33	37	43	1	31	1	37	8	45	14	23	4	2	4	29	29	36	31	48	27	39	43	1	29	35	11	3	30	40	40	33	49	17	7	28	18	14	24	38	27	12	45	25	3	12	16	47	35	28	38	33	48	
35	12	46	17	20	34	8	14	24	44	38	50	46	45	38	30	33	26	8	11	24	30	15	23	27	12	2	47	2	40	6	3	9	47	29	43	23	2	41	32	42	25	9	6	18	10	49	4	8	48	44	41	29	48	12	1	1	35	34	6	
50	8	8	2	23	42	3	6	45	40	16	10	26	23	5	9	9	4	30	6	33	23	24	45	47	36	47	3	10	12	9	22	7	7	20	17	48	18	18	47	40	13	48	4	45	41	31	20	20	4	12	18	49	27	34	18	47	39	12	43	
2	34	38	1	39	10	6	8	38	3	30	50	30	44	23	5	23	21	38	43	22	42	38	6	23	38	41	9	4	42	10	38	23	26	46	35	34	27	37	11	17	32	47	24	41	47	28	35	50	44	4	4	35	27	45	16	23	29	22	24	
14	20	5	14	10	45	14	30	33	27	32	50	46	28	36	11	34	27	8	14	21	33	37	39	5	4	13	29	37	44	13	41	41	6	44	21	2	14	22	6	47	18	3	43	22	24	6	3	45	11	19	46	36	35	36	38	24	30	4	3	
23	6	35	34	17	24	28	49	22	34	26	33	40	37	26	11	15	45	11	43	6	34	32	19	29	3	50	19	42	34	23	33	22	4	47	27	45	3	23	44	33	49	31	49	44	40	35	38	43	37	39	35	24	7	26	29	21	50	34	18	
12	18	19	30	15	41	21	27	3	15	10	33	31	2	48	38	49	42	26	41	47	3	2	36	22	27	41	14	20	27	42	4	3	25	2	32	38	8	9	20	29	8	42	37	18	4	19	35	41	16	27	3	37	5	37	34	48	39	32	39	
36	45	5	25	9	23	47	1	43	20	26	45	22	31	19	32	48	14	13	4	49	40	6	39	43	46	30	32	14	21	30	18	34	36	46	15	24	38	37	39	2	16	43	22	30	31	37	25	12	5	45	12	50	1	11	30	15	36	11	48	
39	46	27	31	48	39	19	22	27	33	16	4	42	9	13	36	40	38	3	36	19	2	26	40	28	43	36	22	4	24	5	4	9	27	11	42	45	20	40	8	4	33	11	49	9	5	17	37	41	44	18	1	33	8	22	48	3	17	18	10	
1	19	47	28	50	17	13	45	37	1	20	21	9	50	21	44	19	13	13	44	44	16	13	26	38	15	19	36	13	1	24	5	30	19	35	24	37	9	12	18	12	43	44	5	31	4	10	24	7	2	35	1	39	26	45	43	19	22	26	47	
49	24	29	1	21	43	29	21	2	36	45	19	35	35	29	36	16	8	34	7	44	47	2	27	12	19	14	4	16	1	16	38	40	27	23	23	6	23	48	34	45	43	29	26	40	19	19	27	24	30	50	42	24	15	21	32	47	33	38	9	
39	20	36	37	18	9	25	45	36	28	8	9	33	11	42	11	27	11	20	48	40	29	19	13	7	29	31	49	14	46	6	25	32	46	32	19	33	5	25	7	17	20	17	7	26	29	40	49	37	22	16	26	33	3	36	16	27	4	44	18	
41	42	41	46	12	10	45	24	25	13	18	33	21	14	49	8	48	45	8	42	43	16	34	2	25	12	36	18	48	43	42	19	34	13	5	4	14	46	39	6	15	32	17	10	29	39	19	2	44	44	25	16	10	32	31	46	28	35	33	27	
42	46	27	10	9	26	11	11	42	48	13	5	17	8	22	6	18	40	6	15	15	41	13	19	33	19	26	46	18	27	23	6	35	44	33	17	2	20	44	45	6	1	22	25	9	22	22	44	10	44	12	23	11	19	27	41	33	46	48	5	
10	2	45	15	1	49	6	12	32	28	22	14	32	11	2	34	26	18	3	23	21	13	42	31	40	5	12	48	47	24	21	40	8	28	46	49	42	29	1	3	22	20	6	14	19	27	16	1	38	41	12	27	44	16	39	45	24	16	42	40	
14	6	15	7	16	48	38	48	36	41	37	27	47	7	33	18	34	21	22	10	50	16	8	24	5	17	27	20	42	41	5	34	31	1	24	1	9	32	44	36	6	34	43	22	7	44	5	15	50	7	41	26	5	36	43	44	18	35	25	25	
44	14	50	10	10	43	44	8	47	19	31	36	25	14	25	40	48	4	17	13	20	21	36	50	36	24	34	1	31	28	43	30	12	20	17	50	19	37	44	24	11	42	45	1	35	44	20	1	41	8	25	33	23	23	33	26	5	40	38	26	
47	47	44	37	17	42	44	48	28	34	21	31	21	6	43	39	48	28	6	39	42	46	50	45	8	32	3	38	16	35	27	12	5	17	43	44	1	31	15	18	26	19	35	39	29	10	26	17	31	43	28	2	43	49	17	35	4	23	45	45	
7	50	33	39	49	2	22	3	23	14	39	36	6	23	9	12	8	39	24	5	2	9	37	24	21	23	20	5	34	14	35	42	20	2	35	32	39	41	8	26	30	8	36	44	34	15	40	42	20	4	45	2	35	49	15	35	9	31	28	24	
18	8	12	23	19	48	39	33	9	28	19	47	23	24	27	36	6	6	6	8	26	43	26	12	20	32	21	34	43	27	21	6	18	39	25	47	32	49	41	18	8	2	40	11	22	9	19	18	10	45	30	14	44	13	30	30	34	47	9	13	
9	38	26	34	11	43	36	20	30	14	23	25	44	5	44	28	32	37	39	49	49	27	12	21	10	47	18	23	44	25	46	35	33	17	28	39	15	17	1	2	14	34	6	12	23	40	39	44	28	37	49	47	17	32	29	18	13	36	9	3	
50	22	41	45	9	21	9	1	28	28	21	13	28	30	26	31	6	16	6	19	42	31	1	35	10	33	40	9	13	11	1	15	40	15	34	17	16	1	12	15	25	4	25	41	48	28	12	23	40	12	22	9	38	13	15	34	7	45	27	16	
38	25	38	23	22	41	24	43	7	13	10	10	46	44	20	42	21	45	5	2	27	21	27	42	1	36	27	29	27	35	39	26	37	11	43	36	5	43	6	48	34	22	1	11	36	24	23	50	47	6	40	23	21	7	24	38	5	25	1	3	
26	34	49	22	12	3	47	30	20	6	20	35	21	15	12	45	27	8	50	17	48	40	13	3	27	5	4	22	5	32	13	26	44	12	25	8	33	26	28	47	35	35	33	46	45	37	50	36	35	35	39	28	45	6	2	22	41	27	43	12	
49	28	29	45	9	24	15	49	27	34	11	9	2	49	25	34	18	9	15	43	49	35	31	15	48	31	43	16	7	26	26	15	49	45	1	42	1	6	12	29	20	16	43	26	29	19	21	17	24	6	36	2	41	44	19	9	21	18	48	11	
43	30	15	48	42	40	2	46	36	31	1	28	45	6	22	16	39	8	20	31	14	29	18	37	7	42	49	9	45	47	29	25	50	20	35	11	46	25	39	23	2	47	49	26	34	25	39	35	14	36	6	26	46	19	31	2	8	44	40	11	
40	17	23	49	19	5	39	8	37	3	9	48	7	9	15	21	9	38	42	20	2	16	18	38	10	43	19	31	28	42	7	11	11	21	47	13	24	15	25	4	9	17	38	18	25	14	35	39	27	15	48	39	38	31	27	13	35	37	27	10	
21	5	28	2	34	42	44	27	45	23	50	28	23	18	16	7	4	47	43	24	30	49	46	26	29	24	13	34	21	50	4	41	42	5	8	46	3	35	18	31	14	7	3	12	32	15	44	40	24	35	50	21	49	26	8	31	15	12	4	13	
17	17	15	6	33	21	12	32	33	31	37	35	32	22	32	3	20	8	31	25	41	30	27	36	18	7	45	20	42	50	38	29	47	17	36	22	41	10	36	20	10	1	30	43	37	12	29	13	29	2	1	37	10	5	26	10	21	40	2	7	
26	21	27	29	17	1	3	33	14	49	2	35	20	24	20	47	37	10	49	18	33	9	21	46	20	10	8	34	17	32	31	22	49	46	35	3	22	28	32	38	38	25	45	13	20	37	42	1	27	41	11	12	27	20	38	23	36	18	12	28	
28	48	17	11	15	20	50	45	10	15	15	16	18	46	42	12	24	14	7	7	38	40	40	3	30	27	24	23	38	27	8	16	20	25	49	4	50	13	38	31	46	34	8	27	46	31	20	32	42	6	23	2	20	44	25	49	25	17	34	15	
12	38	7	33	22	44	35	26	14	34	27	33	20	16	11	33	47	36	11	46	27	22	26	4	25	19	18	40	17	49	45	30	27	48	2	28	38	41	40	19	5	2	41	42	36	49	14	9	23	44	32	20	30	7	13	14	14	34	29	16	
49	23	17	22	11	25	9	7	4	7	26	27	37	6	46	45	5	46	11	11	38	27	20	23	27	36	43	49	27	17	35	46	50	30	3	40	4	44	11	19	31	13	48	38	33	31	24	14	41	43	49	14	15	14	15	20	8	38	18	22	
46	5	33	18	31	50	50	13	23	39	33	28	10	30	41	28	30	47	30	50	8	50	9	26	28	26	12	41	38	32	5	30	19	24	23	2	45	6	2	39	50	35	27	48	25	26	33	49	6	35	33	41	27	31	30	32	35	40	5	37	
49	46	11	21	49	25	46	14	30	44	27	33	22	28	25	29	42	23	49	23	23	13	48	35	4	15	30	38	35	25	47	37	9	31	8	24	25	47	3	6	28	33	44	37	31	25	22	49	17	35	21	21	30	30	49	34	13	32	5	30	
9	39	5	36	8	13	46	30	41	22	8	26	12	18	44	31	17	3	37	18	20	30	32	9	13	34	4	37	49	2	30	24	30	47	5	43	21	8	18	3	7	39	38	40	16	48	34	22	11	49	21	14	14	23	23	41	10	2	16	22	
46	43	24	24	34	24	17	38	26	5	29	16	39	10	30	11	20	34	47	20	13	24	48	16	10	30	28	15	15	17	40	6	37	38	18	29	15	33	28	44	5	19	14	27	22	6	48	21	47	6	9	32	24	46	12	28	44	44	14	31	
19	36	48	15	12	49	36	19	3	29	46	21	24	2	34	28	46	5	36	44	19	39	28	48	18	4	9	43	16	15	38	19	39	40	39	30	43	28	17	11	44	23	11	25	41	18	11	5	49	38	15	12	43	43	5	25	3	1	3	18	
1	1	4	43	25	17	8	25	9	1	8	16	44	36	25	44	11	2	31	15	28	50	2	31	19	43	3	47	6	6	16	39	23	47	12	15	1	12	9	28	24	17	3	30	21	9	49	34	11	48	23	28	44	6	24	29	25	33	10	4	
45	33	34	46	28	10	38	50	21	12	27	46	38	32	39	15	1	11	8	15	6	5	10	11	35	45	4	12	32	30	47	30	36	38	35	26	15	2	3	36	30	42	21	36	4	27	50	31	14	32	18	7	46	48	30	1	19	49	42	4	
46	27	11	11	1	31	45	44	3	43	7	2	9	36	49	4	31	42	44	36	38	37	29	44	35	24	28	48	19	3	32	11	41	26	42	46	45	14	32	40	47	42	28	7	8	6	28	7	27	4	30	23	43	15	47	11	12	6	47	36	
31	37	35	4	44	16	27	1	49	30	10	43	3	17	23	23	29	14	39	31	22	48	8	48	15	29	42	40	37	7	5	43	49	4	32	19	21	11	14	7	9	29	37	37	1	9	7	42	30	14	36	44	50	35	22	1	45	34	46	12	
38	48	3	21	41	46	3	9	6	18	12	28	27	18	34	20	5	35	10	33	2	23	7	50	13	16	12	2	42	37	1	44	50	37	32	13	8	12	9	9	4	31	42	45	2	27	50	22	47	16	4	35	27	11	49	17	48	32	47	5	
38	27	9	15	7	27	30	32	41	11	49	1	36	39	4	2	46	14	25	23	35	49	12	2	35	19	19	9	34	14	40	48	49	28	6	50	14	10	14	6	14	9	7	21	16	17	23	41	15	4	34	17	5	21	44	1	11	19	6	26	
13	20	47	49	28	21	16	49	33	35	27	44	7	7	22	30	22	16	22	43	6	4	22	48	3	45	40	16	12	35	4	50	3	9	39	24	47	14	27	1	4	10	23	40	34	5	1	12	22	45	17	44	3	6	5	43	9	21	22	15	
14	35	9	27	3	6	13	23	16	39	7	17	28	13	20	32	14	4	6	10	2	4	20	39	42	26	50	26	22	8	19	14	27	7	41	4	37	18	45	12	47	31	1	21	41	16	47	46	3	34	15	6	50	48	37	16	42	25	27	20	
45	41	26	9	17	16	49	39	43	32	4	6	39	21	46	20	10	48	27	20	41	10	1	7	28	7	18	16	48	17	15	2	33	41	9	48	16	33	27	12	34	39	38	1	27	11	29	36	31	11	27	26	5	25	11	43	30	37	27	39	
39	9	35	6	30	9	38	27	46	21	45	31	8	24	42	9	33	9	10	41	10	48	43	17	44	10	42	36	40	13	4	27	10	46	39	6	47	46	23	41	33	50	40	4	31	9	19	22	49	18	47	21	46	42	18	45	8	24	47	31	
42	40	33	44	50	1	42	5	34	1	15	16	1	29	36	22	22	25	19	38	19	44	25	49	23	1	35	13	17	29	28	30	23	9	30	46	10	17	15	20	9	10	16	12	2	27	28	40	24	24	3	14	24	36	25	5	29	9	42	4	
28	30	13	42	44	5	19	12	33	29	28	3	44	14	20	37	14	15	45	48	12	24	44	41	31	48	38	26	34	33	30	32	3	5	43	35	33	18	50	27	12	14	45	21	28	15	50	15	42	28	19	15	15	22	8	43	13	30	32	27	
15	24	37	17	2	5	19	50	4	28	9	23	45	6	43	24	42	22	41	18	27	22	23	29	50	31	39	25	41	31	23	24	37	16	12	1	27	42	37	3	6	8	35	13	32	28	41	8	49	49	3	2	11	42	44	24	20	1	14	27	
44	50	5	47	14	19	11	18	13	49	24	46	13	4	19	9	11	45	4	5	48	37	10	22	6	42	11	34	14	22	32	19	35	17	28	26	32	4	9	11	49	15	13	13	31	35	6	7	3	10	7	43	12	31	15	13	29	17	16	43	
23	27	40	19	47	26	26	41	31	29	35	8	11	40	36	38	38	46	42	1	19	4	6	18	49	21	48	11	48	19	45	49	27	4	11	47	31	12	11	18	50	7	1	35	45	27	20	16	11	4	47	33	39	46	33	40	49	48	15	1	
19	39	47	18	24	18	33	21	47	45	19	1	20	31	30	2	49	24	16	46	37	34	24	12	13	47	15	2	28	32	4	49	18	28	13	13	48	19	18	40	35	24	34	49	39	30	39	49	8	16	24	8	34	2	48	46	25	6	43	44	
1	32	28	19	36	43	33	44	4	23	43	34	40	36	17	4	41	9	39	32	44	17	2	47	42	47	9	40	14	18	31	9	40	48	48	45	8	47	38	24	35	12	11	2	48	10	25	4	14	14	2	9	13	40	25	41	37	34	44	19	
24	45	10	36	13	21	32	23	34	46	23	30	33	44	4	27	39	49	7	23	31	28	46	50	12	48	25	14	48	32	12	17	15	46	17	47	17	32	30	48	2	17	24	5	12	20	47	33	6	13	43	17	4	45	36	9	2	20	26	44	
24	35	6	24	2	50	6	46	43	35	36	14	20	33	26	6	8	13	31	50	21	1	7	20	13	17	27	39	21	31	22	37	17	49	26	6	4	10	40	20	29	24	3	16	47	33	42	7	6	4	18	38	30	21	50	20	9	33	39	6	
37	45	44	18	15	14	4	17	9	21	24	20	37	40	49	15	14	37	8	15	48	15	7	23	30	40	37	19	27	26	3	45	41	15	4	23	28	46	29	6	39	20	30	32	44	39	34	31	21	3	13	1	8	23	33	30	22	28	24	34	
9	33	44	25	25	3	27	9	34	4	24	38	26	14	3	39	22	40	33	44	38	29	48	35	17	49	14	15	44	48	16	47	29	3	30	7	37	44	30	29	46	1	2	29	46	39	20	39	33	34	42	38	5	19	7	38	8	36	47	17	
On machine	6
36	5	10	40	19	4	44	22	27	16	43	1	15	45	5	44	1	16	49	48	7	20	12	39	31	40	42	28	17	49	36	26	8	25	48	45	43	12	13	2	46	18	9	10	13	13	22	25	29	44	6	28	45	37	12	50	30	44	32	23	
16	16	18	45	7	27	17	40	3	14	7	42	17	23	27	41	30	7	49	38	2	46	34	27	36	50	30	23	50	8	2	37	48	16	38	26	35	3	50	39	39	2	25	17	32	15	31	9	9	41	32	7	48	15	22	39	18	10	11	43	
26	50	23	6	23	39	38	24	42	36	7	2	27	41	28	39	39	30	46	29	50	31	11	44	29	40	19	40	19	48	48	46	30	48	26	9	41	32	21	17	1	16	43	22	43	4	38	33	34	49	25	33	49	33	49	24	26	12	33	25	
3	14	42	31	21	34	37	26	38	15	15	10	22	22	23	25	21	22	5	41	18	42	16	14	45	50	10	3	42	19	6	18	1	49	41	14	44	46	26	36	49	31	49	33	34	43	11	36	44	16	8	35	15	36	30	20	26	36	14	20	
35	16	4	42	1	23	21	9	32	35	26	18	1	17	24	1	3	42	12	11	15	48	2	3	15	32	37	27	19	22	32	34	29	35	3	38	9	24	19	15	49	4	48	30	20	46	6	42	47	20	8	39	12	3	40	4	13	37	6	29	
4	11	25	13	35	17	31	44	16	17	2	8	35	48	12	16	4	21	22	4	21	38	48	10	9	41	32	20	4	36	12	34	11	49	33	13	19	10	4	16	1	7	27	1	48	5	5	2	5	46	25	47	17	45	19	43	23	29	6	6	
42	34	29	32	27	22	25	16	49	15	48	21	14	40	34	4	31	34	2	10	6	20	15	47	46	33	43	8	34	43	12	15	29	28	22	49	24	4	32	10	44	29	9	30	23	34	23	26	47	18	27	13	19	46	21	14	6	33	15	38	
48	28	30	27	22	8	5	22	10	13	10	10	50	20	20	9	49	50	38	43	31	50	48	17	16	21	30	24	47	36	25	19	20	41	36	10	15	31	19	39	28	6	16	15	39	31	14	11	34	8	17	29	1	11	10	41	30	14	44	16	
24	35	12	16	44	12	50	30	4	3	47	19	45	31	43	25	28	42	30	32	24	29	12	38	48	7	22	39	24	34	8	28	11	19	39	13	50	44	36	33	23	32	3	35	46	27	21	3	17	32	38	4	47	46	37	44	32	1	35	30	
4	48	11	18	2	15	32	22	35	29	22	50	39	19	28	17	17	40	18	43	43	29	7	9	38	50	28	2	47	47	46	48	22	49	39	20	24	24	12	5	3	6	44	24	27	21	9	35	46	6	35	27	12	22	7	7	2	36	7	12	
28	22	47	10	24	34	20	38	31	40	10	28	7	47	18	35	27	20	24	20	49	34	31	45	50	24	32	12	29	7	35	12	25	46	6	30	19	9	29	24	7	10	20	49	11	1	38	26	21	18	18	21	2	45	45	43	38	36	28	34	
45	28	21	33	44	10	8	39	8	21	3	46	41	41	49	12	21	43	27	21	21	16	28	36	6	11	9	11	40	37	24	48	48	15	36	29	29	15	26	35	6	7	23	2	44	32	10	44	4	20	34	28	30	32	50	28	15	16	37	42	
43	13	40	30	3	43	8	31	3	50	33	31	4	26	45	43	10	1	33	1	30	19	38	21	20	9	47	39	1	15	1	24	21	17	44	20	13	13	29	20	19	46	43	19	42	49	25	15	39	48	6	7	33	35	11	22	47	32	37	1	
8	40	50	29	46	19	49	8	35	16	24	8	9	9	50	45	14	15	45	15	33	5	16	18	40	4	39	19	8	10	23	20	47	10	48	45	49	41	10	16	26	15	4	26	29	16	44	15	16	11	13	38	14	50	6	22	26	3	1	17	
14	40	14	6	18	38	1	25	44	44	45	48	35	31	14	34	19	3	7	25	36	25	1	47	4	16	1	7	42	30	38	34	3	15	50	33	21	9	30	24	15	35	35	26	25	29	42	45	38	34	1	45	41	36	43	49	1	11	36	7	
17	13	2	3	43	30	30	43	31	16	13	7	2	23	3	15	31	43	22	31	35	4	15	17	38	34	31	6	1	50	41	43	8	13	6	45	7	40	2	38	3	24	43	41	28	13	35	2	26	34	14	38	42	8	2	12	4	48	21	7	
24	22	22	47	36	21	43	40	23	7	37	43	35	42	39	26	20	27	11	37	50	2	40	2	47	44	39	16	19	30	48	11	38	40	2	18	44	50	31	38	21	32	38	8	39	34	49	11	42	1	42	35	15	22	18	33	40	34	34	33	
49	24	41	6	34	9	28	41	45	35	21	33	33	8	36	5	34	5	14	8	46	9	45	12	18	28	28	17	44	41	40	49	13	28	23	15	39	36	6	26	23	6	4	43	28	20	35	16	24	35	9	13	49	14	37	12	27	24	8	28	
9	3	19	46	32	37	10	6	17	42	45	23	30	12	18	27	29	41	23	27	17	44	45	24	45	38	27	1	46	40	46	49	15	47	32	10	3	47	50	35	34	37	6	42	36	46	30	47	46	18	15	2	39	7	2	47	8	45	19	5	
32	31	19	16	15	23	46	37	16	30	34	34	43	16	35	11	18	23	32	27	41	8	4	41	37	29	16	12	35	3	29	37	27	7	20	49	31	45	45	9	21	34	15	24	34	23	19	41	37	34	31	29	28	25	25	41	28	48	6	43	
24	23	36	3	31	36	18	12	36	8	36	41	38	44	40	17	17	3	26	40	25	42	42	9	8	18	26	14	14	14	49	49	29	21	11	12	39	29	11	21	11	21	7	27	19	7	49	48	36	12	33	15	50	18	45	25	23	18	36	39	
37	16	34	16	5	8	2	9	42	20	7	8	39	14	41	28	24	6	32	31	40	46	45	8	16	41	13	47	9	8	26	26	21	20	29	35	43	48	42	28	26	12	11	3	16	9	49	23	13	50	37	29	14	3	48	8	49	30	13	33	
15	31	26	36	29	11	30	45	8	30	2	11	35	6	4	2	32	1	19	2	17	39	7	36	48	16	37	19	6	45	41	17	18	50	50	28	26	36	45	30	28	35	16	28	13	8	47	49	13	28	34	9	19	13	27	16	16	13	3	46	
4	19	39	36	22	42	3	40	48	28	8	12	39	50	31	49	12	42	44	23	2	31	23	49	41	19	50	10	30	4	46	23	41	11	25	8	11	50	18	31	35	14	49	8	31	4	4	27	29	15	45	30	26	11	24	45	37	13	1	11	
35	23	14	19	23	16	29	34	28	31	41	23	27	11	27	15	42	14	5	43	7	3	12	14	6	11	24	19	36	6	38	45	3	21	33	2	37	9	45	31	49	13	13	20	35	44	13	3	1	7	31	35	34	23	15	49	10	44	33	26	
34	17	45	1	50	31	4	5	45	1	7	12	2	31	35	27	41	43	36	19	38	49	7	34	6	50	42	7	11	34	10	18	31	23	46	35	36	38	41	8	9	47	15	24	39	44	4	28	13	29	22	9	3	31	35	36	4	49	3	26	
19	44	6	47	44	9	37	19	39	5	38	27	26	25	43	33	45	3	26	25	22	17	26	35	2	17	33	23	12	43	20	28	14	10	3	15	47	46	49	41	36	48	16	42	36	50	48	32	9	33	5	34	24	8	14	29	38	13	42	41	
50	13	47	16	9	45	42	2	32	3	29	19	46	43	38	47	24	49	45	48	39	29	23	7	46	47	13	31	40	46	49	18	9	44	13	42	26	33	42	10	44	18	35	37	20	39	34	5	50	39	43	27	17	50	36	7	4	1	26	19	
2	39	23	47	33	15	27	6	3	33	17	20	49	20	3	49	32	28	6	39	42	40	16	42	5	40	16	48	46	45	21	19	10	50	38	22	33	46	24	42	48	28	11	10	30	46	49	3	8	37	5	29	17	20	31	1	6	36	12	25	
41	12	27	38	48	29	2	50	13	44	18	32	20	25	46	43	45	41	12	32	43	25	10	30	23	31	30	28	24	31	33	18	15	7	16	14	37	3	15	24	37	42	19	42	22	5	36	14	48	22	46	14	37	17	10	34	15	33	24	45	
19	28	34	22	7	12	39	4	21	38	19	48	48	49	30	32	18	6	25	33	18	50	33	32	24	34	4	11	37	33	10	41	16	18	15	29	49	14	41	31	10	21	8	30	38	28	34	18	14	41	3	28	37	22	34	31	43	36	40	35	
47	21	36	36	30	16	2	13	5	8	14	27	5	17	50	20	3	18	8	11	50	10	34	19	4	30	36	37	2	4	24	26	42	46	43	47	31	29	20	34	28	11	43	16	4	29	37	8	6	30	22	3	21	27	16	2	7	21	37	46	
47	32	7	18	22	19	15	29	19	38	18	31	6	34	7	45	14	20	13	13	17	1	10	37	22	23	3	12	34	49	18	17	39	1	4	32	9	19	19	46	35	12	27	26	31	10	32	17	42	41	31	50	42	26	50	40	21	7	13	6	
48	44	32	21	15	49	40	50	43	37	44	32	25	49	15	40	30	12	37	46	33	35	4	5	4	37	46	16	6	45	26	22	11	23	47	2	45	7	49	39	13	50	44	19	33	32	6	44	18	8	21	49	49	34	23	43	15	43	34	25	
31	41	49	45	21	33	41	31	37	44	31	48	36	29	34	23	9	40	44	38	32	49	8	38	24	13	42	44	22	25	26	36	23	26	35	11	47	4	21	14	1	22	10	23	10	36	23	19	40	36	37	44	23	34	4	9	14	21	10	24	
43	8	28	20	46	38	47	20	15	28	6	37	48	23	24	46	19	20	49	6	13	29	37	26	16	30	8	42	23	27	35	27	32	3	10	31	30	36	25	22	47	22	41	38	48	10	23	27	5	41	28	44	6	2	10	34	22	16	45	29	
29	28	23	33	46	48	17	4	28	24	25	18	40	8	1	49	19	45	49	44	23	49	5	42	31	26	46	1	2	43	6	14	26	27	40	1	45	22	24	23	30	26	44	2	8	31	22	40	34	5	8	8	20	31	34	26	2	29	1	38	
9	2	21	21	17	19	13	41	42	7	18	38	9	9	7	7	36	11	50	12	35	1	32	45	10	22	31	20	20	50	22	27	45	10	39	27	33	19	14	44	21	50	29	33	28	46	2	43	30	12	46	25	1	22	16	45	29	22	44	32	
9	48	2	29	34	38	45	36	18	20	27	1	16	31	33	36	20	3	12	25	46	32	29	48	16	31	33	48	31	29	42	50	41	24	48	38	50	34	11	3	10	22	31	36	36	7	17	13	49	16	48	25	29	49	47	44	30	29	34	26	
23	44	13	46	29	21	22	48	6	19	12	35	24	28	47	5	21	11	30	10	5	48	30	23	27	44	45	39	48	41	15	19	33	27	2	23	36	20	6	49	36	4	24	16	22	5	45	42	19	30	15	4	28	1	9	42	23	42	26	47	
30	38	48	31	7	11	16	1	30	12	37	35	24	8	34	50	8	22	4	21	9	9	26	21	47	20	32	5	39	40	22	26	1	26	36	12	12	22	24	29	31	26	48	42	24	8	19	3	19	40	49	41	45	20	49	39	39	6	1	2	
29	26	12	36	13	18	10	48	35	40	6	12	46	1	4	47	46	35	21	29	29	45	14	5	31	36	42	16	39	30	21	6	22	11	1	36	30	23	11	25	34	37	6	28	19	33	43	16	19	32	10	23	14	12	13	29	42	27	29	8	
19	45	3	37	46	50	23	48	7	34	39	8	49	11	8	29	46	21	33	22	22	29	3	19	41	25	23	12	24	3	44	5	48	20	3	15	19	34	40	45	18	40	46	27	13	13	44	43	43	28	6	2	8	15	7	13	42	41	31	4	
4	7	32	13	40	20	25	6	41	48	25	33	25	18	40	48	22	38	42	18	45	1	50	4	29	19	9	35	36	42	34	15	20	2	18	19	21	17	32	48	37	32	14	31	37	19	39	1	48	22	5	33	27	15	37	48	45	10	44	13	
33	31	25	27	42	11	35	26	8	36	33	21	30	3	1	43	26	37	45	48	27	20	16	30	47	37	13	33	29	1	18	41	23	39	24	50	25	27	31	2	19	30	15	9	18	31	30	22	40	1	15	16	2	2	34	21	33	36	20	4	
33	23	23	29	37	35	49	13	31	8	47	50	28	40	6	42	31	15	34	48	22	21	42	14	19	6	33	48	1	10	30	13	37	37	8	17	25	30	27	24	21	24	18	18	25	17	18	50	20	41	29	24	29	27	21	4	42	30	29	1	
18	28	24	19	28	8	16	15	20	42	13	8	31	17	44	38	37	18	23	14	25	18	6	14	9	38	50	41	37	26	17	4	42	1	29	36	46	42	24	46	14	10	25	40	29	2	31	26	49	6	36	26	18	17	36	17	8	19	50	17	
12	43	4	29	11	46	32	24	16	18	44	14	47	50	40	42	22	5	36	46	25	5	31	32	46	14	33	45	14	20	37	20	40	13	23	14	4	40	33	43	20	26	10	7	14	37	49	36	34	6	38	43	7	24	34	6	5	21	8	44	
13	19	44	38	30	48	23	13	50	30	26	35	36	10	10	29	33	17	2	44	29	27	49	43	31	17	26	40	13	33	48	8	31	49	42	9	47	14	42	29	37	23	18	6	3	37	30	32	2	44	30	2	20	13	24	9	28	30	19	41	
37	10	19	15	30	36	33	35	41	36	32	46	15	50	8	16	9	36	16	16	11	28	24	29	13	34	12	34	25	8	20	16	22	11	34	5	7	9	14	19	16	11	10	31	43	48	27	18	10	5	12	1	33	6	34	8	42	17	42	24	
26	32	46	35	8	27	46	38	29	24	27	43	11	44	47	35	31	47	11	16	19	1	2	16	13	4	45	25	34	12	50	37	47	45	27	37	25	47	23	5	35	47	41	24	22	34	33	36	41	30	16	49	2	6	34	29	15	36	44	27	
14	28	22	47	14	40	20	8	25	28	12	10	47	12	21	29	23	49	15	36	23	26	22	2	7	9	35	34	5	29	21	30	18	46	5	26	18	45	28	16	24	7	50	9	42	13	9	18	17	33	2	46	46	48	15	25	7	40	26	13	
4	13	38	46	42	23	4	9	41	48	46	11	45	7	7	6	20	3	42	9	6	37	32	12	1	41	19	4	9	16	4	10	2	43	42	23	44	6	22	1	45	11	32	29	49	27	27	3	43	23	35	27	27	21	21	9	44	16	14	3	
23	16	31	35	41	30	18	37	28	14	37	4	33	49	42	16	28	7	5	18	50	6	34	1	24	50	14	49	41	48	40	4	45	41	11	14	36	13	1	1	4	42	10	19	13	9	23	4	18	24	8	3	13	10	8	41	23	15	14	7	
20	15	3	22	11	32	13	7	35	1	31	39	38	44	24	46	40	36	50	40	33	17	32	8	42	14	8	40	25	11	40	25	18	20	18	37	39	7	28	4	24	28	50	10	11	43	45	33	45	7	43	36	30	29	6	32	31	39	44	38	
30	45	19	25	41	8	28	7	17	35	48	30	8	3	42	23	26	24	31	12	43	34	21	3	32	29	13	37	47	48	24	43	42	43	7	13	43	44	4	30	7	32	8	37	47	41	33	48	6	26	37	14	48	39	9	20	19	26	38	37	
25	10	15	9	36	26	24	12	23	7	12	32	22	35	19	15	17	31	15	9	9	14	12	15	18	3	13	10	3	37	5	12	37	1	44	26	21	18	15	22	8	28	12	3	7	40	3	16	3	3	40	26	33	25	30	46	43	10	16	32	
36	34	20	40	7	4	38	30	13	22	19	16	34	12	13	1	35	48	33	12	36	29	34	37	7	8	16	17	16	19	29	44	19	16	15	29	47	11	30	7	28	10	8	11	21	24	30	34	42	18	36	33	42	21	7	9	2	12	17	37	
50	17	26	19	46	35	34	7	20	6	34	43	36	49	43	5	26	3	10	6	3	18	22	33	41	11	28	27	7	34	45	14	48	43	40	26	7	4	17	47	30	22	8	39	11	42	19	2	43	41	23	8	14	3	26	43	12	44	12	25	
44	22	41	22	10	46	36	23	49	45	15	6	29	27	5	25	26	5	2	46	18	9	24	6	39	7	13	11	3	4	16	20	23	19	36	1	27	49	2	43	39	32	5	42	6	41	38	2	32	5	27	37	17	16	42	5	13	49	9	1	
