Factories	2
Families	60
Machines	2
SetupType	3

Number of Jobs in each Family
7	3	3	6	5	1	5	1	4	2	4	2	10	5	4	3	7	5	10	9	4	8	2	5	3	9	7	2	1	4	10	6	7	3	9	6	9	1	9	3	4	4	9	2	9	10	10	2	2	1	8	5	2	1	8	2	10	10	4	1	

Jobs in each Family
0	1	2	3	4	5	6	
7	8	9	
10	11	12	
13	14	15	16	17	18	
19	20	21	22	23	
24	
25	26	27	28	29	
30	
31	32	33	34	
35	36	
37	38	39	40	
41	42	
43	44	45	46	47	48	49	50	51	52	
53	54	55	56	57	
58	59	60	61	
62	63	64	
65	66	67	68	69	70	71	
72	73	74	75	76	
77	78	79	80	81	82	83	84	85	86	
87	88	89	90	91	92	93	94	95	
96	97	98	99	
100	101	102	103	104	105	106	107	
108	109	
110	111	112	113	114	
115	116	117	
118	119	120	121	122	123	124	125	126	
127	128	129	130	131	132	133	
134	135	
136	
137	138	139	140	
141	142	143	144	145	146	147	148	149	150	
151	152	153	154	155	156	
157	158	159	160	161	162	163	
164	165	166	
167	168	169	170	171	172	173	174	175	
176	177	178	179	180	181	
182	183	184	185	186	187	188	189	190	
191	
192	193	194	195	196	197	198	199	200	
201	202	203	
204	205	206	207	
208	209	210	211	
212	213	214	215	216	217	218	219	220	
221	222	
223	224	225	226	227	228	229	230	231	
232	233	234	235	236	237	238	239	240	241	
242	243	244	245	246	247	248	249	250	251	
252	253	
254	255	
256	
257	258	259	260	261	262	263	264	
265	266	267	268	269	
270	271	
272	
273	274	275	276	277	278	279	280	
281	282	
283	284	285	286	287	288	289	290	291	292	
293	294	295	296	297	298	299	300	301	302	
303	304	305	306	
307	

Total number of jobs
308

Processing times of jobs
2	9	
6	7	
6	2	
4	4	
4	2	
7	3	
9	10	
5	8	
5	4	
5	3	
4	10	
1	8	
3	1	
3	4	
2	9	
3	6	
3	3	
5	5	
7	4	
1	6	
8	1	
10	2	
8	2	
1	6	
10	6	
3	2	
7	6	
9	8	
9	8	
2	5	
10	8	
10	6	
8	6	
6	1	
1	5	
4	7	
3	4	
4	9	
8	2	
9	5	
8	8	
4	10	
8	3	
8	6	
1	10	
5	10	
4	10	
5	6	
7	8	
6	7	
4	3	
3	5	
1	9	
8	7	
4	8	
2	7	
9	2	
8	1	
10	7	
4	2	
4	5	
6	9	
7	5	
5	5	
1	5	
8	8	
9	6	
4	1	
6	5	
4	3	
8	5	
4	1	
3	3	
10	6	
3	4	
7	2	
2	3	
4	6	
1	10	
2	5	
7	9	
7	7	
7	6	
7	10	
10	5	
10	7	
4	5	
1	8	
2	4	
10	5	
6	4	
6	6	
9	8	
5	8	
5	4	
4	7	
6	1	
8	10	
2	5	
7	4	
1	5	
7	2	
6	4	
6	3	
8	7	
4	7	
8	7	
6	9	
7	7	
8	6	
6	3	
10	7	
4	7	
8	2	
1	6	
5	2	
5	6	
3	10	
10	4	
9	7	
5	7	
9	3	
7	8	
10	10	
10	8	
8	5	
10	7	
4	9	
7	6	
10	9	
9	5	
1	4	
8	6	
4	2	
4	1	
7	1	
6	8	
4	8	
3	5	
6	8	
8	7	
8	8	
8	9	
1	6	
9	1	
1	6	
4	8	
3	3	
1	1	
4	6	
6	7	
4	6	
2	10	
1	9	
9	10	
2	2	
1	6	
4	9	
1	8	
9	5	
8	4	
7	7	
6	3	
1	3	
7	3	
10	4	
8	8	
8	2	
6	7	
2	3	
10	3	
1	2	
3	9	
4	3	
9	4	
4	1	
4	9	
6	7	
4	4	
6	5	
10	4	
1	6	
6	7	
4	6	
6	3	
4	3	
5	6	
10	8	
2	6	
10	3	
7	10	
7	5	
5	5	
1	3	
9	7	
7	2	
9	2	
1	7	
5	6	
2	7	
10	8	
9	5	
1	5	
1	7	
8	1	
1	6	
9	4	
4	1	
1	3	
6	10	
6	8	
6	1	
5	7	
8	7	
8	3	
4	8	
7	9	
3	2	
6	8	
4	3	
1	9	
4	1	
10	6	
4	5	
8	9	
1	5	
2	1	
1	7	
2	2	
10	2	
8	4	
4	8	
6	6	
4	3	
4	3	
3	9	
7	7	
4	3	
5	6	
1	2	
3	2	
9	10	
9	2	
10	4	
7	3	
6	7	
1	9	
1	10	
1	6	
1	1	
6	7	
6	2	
7	5	
7	1	
4	8	
7	10	
7	2	
6	10	
9	10	
6	3	
8	1	
2	6	
3	10	
10	9	
9	10	
5	7	
3	2	
6	7	
10	8	
6	6	
2	4	
5	8	
9	3	
1	5	
7	3	
7	6	
10	7	
8	8	
1	5	
5	7	
9	6	
1	10	
1	2	
6	3	
9	2	
3	7	
1	10	
9	1	
1	3	
2	8	
6	5	
3	7	
4	9	
3	6	
6	2	
8	5	
3	8	
4	5	
7	9	
6	6	
2	7	
8	2	
4	4	
3	6	
5	8	
1	9	
2	4	
7	1	

Stepup times between Families, where [f][f] represents initial setup time
On machine	1
84	17	64	48	79	56	15	75	56	2	93	64	12	71	32	87	17	28	14	86	70	63	18	60	36	16	93	88	56	46	40	79	45	32	3	25	42	81	37	56	67	90	25	70	76	74	56	60	7	31	63	8	4	91	44	77	69	17	40	59	
99	85	40	20	74	9	28	93	47	58	91	98	24	83	73	41	32	96	9	100	97	25	55	49	10	44	41	98	29	84	32	5	25	63	45	29	55	82	60	13	6	48	61	40	64	69	30	59	3	60	77	79	64	46	77	30	82	100	86	19	
54	87	80	80	54	15	84	44	20	86	91	69	89	89	83	35	98	99	60	89	5	5	62	44	90	27	27	98	40	93	43	77	62	95	2	100	35	21	5	49	78	53	49	36	34	7	13	3	50	31	95	94	19	89	21	48	77	30	95	58	
30	37	59	80	53	81	44	70	44	13	8	70	48	79	66	47	1	37	94	39	56	80	70	24	15	83	97	87	33	89	18	2	98	94	8	11	97	75	31	54	15	34	45	68	63	96	73	89	80	2	24	15	29	98	58	51	64	75	24	91	
44	98	64	81	79	11	8	63	16	15	18	3	50	15	91	85	98	100	43	43	57	4	17	76	28	2	4	44	95	33	48	75	44	55	4	40	74	48	36	32	6	63	67	30	76	33	71	65	41	51	16	80	79	30	74	74	90	74	50	23	
98	77	6	17	9	86	48	74	42	80	56	25	77	21	40	66	13	13	66	28	92	45	36	29	19	12	19	32	61	27	44	67	60	40	22	10	25	85	74	76	7	1	79	18	83	84	39	72	14	31	73	1	28	75	15	6	48	2	59	19	
36	41	40	48	61	72	4	81	30	43	63	25	18	18	79	36	55	48	66	64	54	11	15	84	4	63	36	22	62	64	24	43	84	65	92	28	10	70	16	39	31	20	99	26	85	23	6	3	70	9	25	45	74	26	95	86	88	2	21	10	
21	46	60	47	23	73	90	56	78	19	5	59	53	72	38	6	18	53	37	86	15	95	62	15	40	66	4	23	25	81	56	25	46	80	36	23	44	11	96	75	61	45	40	62	95	87	3	54	49	62	32	30	90	98	55	28	50	100	23	18	
70	91	2	84	84	42	40	64	87	53	7	19	56	61	77	7	5	21	24	10	9	55	7	14	7	10	86	61	28	17	48	100	59	15	54	90	48	65	79	42	69	9	90	44	14	64	24	27	71	94	27	9	54	84	93	31	55	55	41	17	
56	52	67	72	73	43	78	72	72	87	79	32	85	85	83	63	19	61	41	66	30	58	81	76	36	18	80	77	1	57	41	53	84	20	47	15	67	25	8	85	26	5	22	19	7	55	24	16	16	79	43	3	61	33	57	90	4	7	74	87	
90	4	45	56	20	59	81	12	77	15	17	38	70	92	41	26	87	22	58	30	76	60	99	95	56	36	61	24	65	17	100	9	12	21	15	64	66	48	82	24	52	28	45	31	26	39	56	54	54	26	97	26	67	27	61	37	52	81	35	9	
55	62	74	28	70	22	81	9	20	87	12	83	83	80	4	23	12	17	6	6	47	67	93	79	18	52	5	34	96	86	60	30	75	8	59	4	41	97	44	80	41	55	19	96	6	51	42	63	40	52	85	31	55	49	61	90	84	91	23	61	
12	29	84	67	16	66	45	68	19	96	76	57	18	50	77	11	69	57	42	22	16	11	71	81	73	72	27	51	85	48	63	39	41	60	59	51	98	99	34	97	70	37	17	7	98	83	8	86	1	42	25	65	10	49	97	19	41	68	81	9	
33	7	56	92	62	21	9	10	37	53	87	71	13	34	11	27	93	15	54	78	37	18	83	12	85	100	15	78	15	5	20	4	69	72	23	87	35	26	57	26	46	51	16	45	69	37	37	33	39	88	13	94	94	30	40	42	98	83	65	69	
24	47	8	33	96	27	4	28	1	82	1	36	28	5	84	83	12	93	80	99	5	59	66	44	66	52	28	87	36	98	3	73	47	23	12	48	11	4	91	33	75	1	35	43	52	3	81	86	22	82	92	60	86	72	16	76	59	61	46	76	
79	93	76	81	68	95	6	28	72	52	95	19	85	54	63	97	45	21	73	2	25	79	97	38	2	15	53	51	57	98	63	25	3	100	81	58	56	24	96	42	1	69	18	85	4	51	23	10	63	47	89	10	59	66	87	78	74	29	51	1	
86	33	20	73	13	99	70	75	86	7	95	45	46	68	10	65	82	63	22	19	90	53	37	7	75	18	57	87	45	64	39	65	88	8	90	85	40	19	79	78	15	98	47	58	81	78	8	35	82	62	3	84	75	92	17	56	34	44	40	89	
91	94	65	24	15	25	88	16	76	70	68	84	73	27	39	53	80	9	40	12	77	85	15	20	89	98	76	30	74	82	72	42	13	69	65	29	61	90	61	79	46	81	44	23	42	81	57	25	43	23	81	56	21	34	6	36	37	92	56	77	
45	41	57	52	74	59	26	45	68	2	28	42	97	61	8	27	9	15	23	31	28	95	65	30	41	78	32	31	45	75	43	84	79	61	39	51	66	47	22	71	23	96	78	100	74	68	40	71	11	55	98	50	93	48	74	7	13	17	80	58	
43	93	82	47	79	10	94	32	10	97	47	20	55	74	67	69	83	76	12	72	59	52	46	83	53	92	45	98	58	52	12	32	83	48	37	99	65	29	69	42	85	92	82	72	39	67	59	59	58	7	80	50	9	94	99	57	89	82	38	60	
39	13	90	90	11	19	55	20	33	16	17	87	35	62	95	18	63	7	49	67	94	67	19	36	65	97	24	89	40	22	61	84	32	66	79	23	73	1	42	57	92	77	26	28	64	86	37	23	24	90	7	84	84	11	95	66	8	81	31	22	
74	32	77	7	58	73	83	53	4	8	52	3	93	74	52	87	37	60	18	26	32	80	35	55	43	6	86	53	61	62	26	53	19	16	72	36	48	96	5	85	37	67	94	22	68	77	54	72	81	28	28	72	9	37	74	51	51	74	97	81	
29	88	22	38	36	26	12	89	14	30	91	21	35	22	64	85	25	49	66	87	85	83	48	80	87	22	68	34	53	82	48	9	59	8	67	56	76	62	22	87	9	66	15	49	50	29	9	4	85	54	18	55	100	99	78	11	77	29	29	88	
48	78	82	70	43	100	12	12	20	41	77	28	68	66	94	85	34	32	67	68	80	55	47	24	34	1	2	100	35	47	40	91	68	62	29	72	53	77	47	33	74	61	75	52	35	21	12	63	32	87	24	37	52	14	61	35	63	61	27	88	
93	37	22	40	5	82	67	93	38	52	94	36	13	3	94	2	98	19	57	82	83	66	21	78	91	26	67	20	20	36	78	91	64	85	63	93	48	3	33	24	57	67	82	32	98	32	40	31	26	52	20	60	56	57	54	100	96	15	47	30	
68	64	67	64	71	17	23	98	76	35	79	59	18	32	75	86	59	90	99	67	98	72	94	38	46	96	35	18	44	9	47	78	31	63	58	4	82	83	98	95	69	39	48	3	2	21	72	89	47	75	80	41	3	67	11	19	45	72	67	57	
57	64	20	99	26	3	71	50	10	73	20	43	96	95	66	63	72	8	47	55	46	61	10	29	12	57	71	91	37	83	36	13	69	5	90	86	36	70	10	11	46	70	88	30	92	60	47	92	100	100	2	53	68	42	39	13	69	27	78	72	
3	15	48	89	28	18	13	22	33	95	30	75	58	93	43	65	18	76	92	45	70	100	50	81	18	93	33	46	34	27	4	99	86	98	32	97	21	92	16	16	22	30	12	65	94	92	93	52	60	1	53	91	79	82	71	91	64	70	45	95	
76	6	24	35	54	18	32	58	84	16	100	64	65	70	84	81	47	50	82	78	72	41	70	33	3	13	13	26	100	13	51	93	42	81	19	34	8	69	15	96	97	40	98	89	25	97	66	100	52	47	89	96	33	18	34	20	56	61	27	87	
16	9	11	55	92	98	5	72	71	65	35	46	85	50	48	35	87	74	58	2	26	31	36	41	48	35	62	4	4	62	7	98	63	64	36	95	31	71	34	18	99	69	30	81	15	28	22	8	1	13	19	6	60	14	73	46	20	80	82	12	
90	16	7	74	90	30	95	73	38	78	30	32	40	57	25	17	71	24	66	33	10	74	58	77	26	8	25	98	45	52	50	49	98	88	24	55	67	73	41	90	9	97	80	61	39	56	68	41	10	89	26	29	19	65	71	18	72	58	52	74	
48	73	2	54	29	40	58	2	69	14	11	18	17	71	17	78	35	8	54	49	2	98	51	2	62	15	42	6	95	70	17	10	47	74	98	44	90	5	8	71	21	17	100	4	40	44	5	82	29	72	5	46	98	69	29	88	33	62	71	57	
30	21	54	65	93	3	81	10	70	79	48	5	85	98	87	37	45	88	44	26	80	52	23	76	87	13	84	40	88	63	49	98	97	20	65	88	91	61	16	17	99	55	16	73	80	90	35	12	1	10	6	90	12	41	33	22	11	38	72	74	
45	91	18	25	25	5	23	86	47	58	23	68	23	59	25	67	54	35	33	30	94	52	98	9	77	41	15	9	85	56	24	25	51	64	40	47	17	82	4	24	60	91	6	76	98	53	23	70	20	67	49	3	19	50	98	7	56	5	97	4	
70	75	74	90	11	24	28	76	61	53	20	57	90	72	53	29	54	60	26	54	45	92	11	46	49	74	20	6	52	69	98	12	4	35	20	20	62	85	17	68	18	24	86	98	90	62	43	50	73	3	53	84	97	76	63	51	70	61	45	7	
37	54	88	49	74	12	71	92	33	17	97	13	31	30	88	14	79	35	41	8	42	40	29	16	37	90	100	83	12	79	96	80	76	58	57	34	5	43	98	5	84	71	74	86	16	38	80	34	33	84	27	78	30	26	82	61	88	25	76	82	
51	28	63	13	24	31	82	95	39	98	51	84	65	78	77	25	6	14	87	10	25	50	41	9	84	81	72	88	98	59	61	59	38	77	36	18	37	71	59	69	27	50	40	9	94	20	18	46	8	93	37	13	22	88	39	57	24	57	67	56	
15	79	12	3	5	20	81	98	28	60	71	32	65	100	18	87	78	28	33	10	10	71	93	12	20	69	29	17	91	74	71	18	44	89	4	5	60	59	28	13	8	93	56	67	30	14	73	10	22	14	6	13	76	12	93	26	76	83	6	93	
59	48	19	13	88	9	71	70	92	20	81	84	81	49	100	31	5	30	29	4	57	6	12	94	83	12	3	72	9	65	55	30	59	31	56	74	8	11	59	38	32	1	78	83	12	22	80	24	22	11	78	74	79	16	44	30	18	99	100	86	
31	35	76	80	24	3	94	57	63	79	73	92	56	29	61	45	96	23	60	49	58	56	51	91	40	36	83	76	82	2	92	63	51	25	61	2	36	80	13	73	5	81	69	89	88	63	44	59	53	76	51	86	64	95	49	45	93	75	58	25	
17	43	26	19	3	87	13	29	22	74	1	95	82	65	23	92	93	29	37	4	3	89	59	56	40	59	40	84	81	23	24	45	81	51	20	31	54	85	66	100	18	66	9	82	35	64	31	74	50	86	29	53	55	86	70	19	62	8	32	17	
44	21	88	11	38	15	24	35	29	67	98	64	41	98	30	87	35	92	40	46	80	58	71	2	84	39	25	42	19	70	1	40	83	90	5	4	2	25	31	18	14	65	78	9	18	16	24	85	14	47	87	93	86	65	57	34	23	36	20	34	
10	73	58	72	61	68	88	47	95	3	97	29	92	23	26	30	53	94	91	41	65	39	60	42	44	63	13	93	2	82	35	78	48	73	52	94	35	9	5	4	53	3	86	71	39	69	17	64	99	42	63	47	75	98	67	94	14	72	36	12	
80	27	69	63	52	62	3	73	55	47	4	81	54	79	61	77	28	16	45	86	47	98	75	50	28	98	36	57	29	12	26	51	6	40	12	21	90	64	99	2	3	36	56	20	56	50	60	63	90	54	56	81	73	4	4	86	1	1	82	78	
4	36	87	57	30	6	2	87	42	36	32	64	86	7	55	5	62	31	53	8	21	25	83	40	26	63	59	21	33	14	38	14	64	58	58	67	27	91	100	41	97	28	29	68	77	43	43	33	53	76	49	44	10	87	82	96	36	15	17	36	
24	93	92	60	43	63	17	81	97	9	86	68	58	97	56	10	3	10	85	68	20	64	92	65	40	46	57	20	78	92	97	46	3	77	52	53	91	100	42	14	8	91	91	28	37	96	47	13	60	55	96	49	99	79	29	84	23	56	67	93	
69	34	18	81	60	24	78	4	68	15	82	14	85	16	5	20	27	7	71	22	33	6	82	60	7	33	46	8	36	23	93	35	75	5	35	33	14	1	82	66	40	22	57	14	52	14	30	21	27	48	72	8	4	75	66	55	34	6	61	35	
10	66	35	41	35	73	73	19	42	96	31	63	93	99	54	6	19	96	27	43	21	69	57	64	20	90	55	63	54	42	67	49	77	53	9	12	38	2	28	43	22	77	46	26	87	24	67	73	68	54	40	9	34	52	76	73	50	27	82	87	
83	54	56	31	62	36	55	23	46	92	32	68	53	97	99	31	92	76	90	56	2	64	36	47	69	76	43	80	60	79	27	5	80	48	23	80	15	47	33	59	5	40	21	82	35	18	82	92	26	27	56	82	90	50	65	62	74	21	79	48	
81	84	61	65	85	1	38	26	87	70	18	7	67	72	62	63	93	57	74	62	16	53	97	76	59	20	33	98	77	67	40	34	65	35	6	96	14	54	35	14	51	69	43	36	30	17	68	76	46	47	9	4	35	94	53	81	65	94	65	38	
15	22	85	18	1	69	4	94	96	13	19	23	13	56	60	13	40	4	47	84	10	98	37	20	34	90	63	66	92	12	37	75	71	98	12	39	32	40	48	98	38	16	2	78	4	95	73	19	53	23	47	69	62	76	31	86	9	77	72	59	
21	94	81	40	74	3	51	90	98	86	90	57	24	33	28	38	84	31	6	74	99	68	52	35	5	55	15	19	32	95	29	75	59	9	48	42	63	45	3	90	36	57	62	58	51	70	12	81	74	90	34	69	92	94	81	15	39	65	32	79	
24	12	47	23	42	75	8	93	86	96	44	16	77	91	87	94	58	94	40	43	25	49	90	41	56	25	60	97	25	12	84	29	12	28	49	66	67	26	83	80	7	96	78	35	9	2	71	68	33	40	66	17	81	65	90	61	89	80	47	60	
54	90	85	73	40	47	58	29	57	12	86	99	99	50	52	36	21	92	76	57	4	74	15	23	15	12	38	82	5	17	7	5	6	38	40	61	61	66	65	55	68	63	77	19	81	92	47	35	28	40	15	9	84	63	14	32	26	16	22	24	
95	87	35	27	62	12	41	11	6	51	67	49	81	61	75	16	81	95	48	35	38	10	56	15	88	71	97	45	10	44	86	82	28	74	73	75	29	84	96	51	16	100	32	39	71	36	82	73	76	92	40	69	87	82	18	8	85	94	94	85	
92	87	93	96	51	98	55	25	7	74	36	82	77	75	92	76	10	67	52	15	17	82	50	20	44	52	43	91	82	64	47	97	23	79	24	75	20	75	26	8	92	18	11	79	59	38	23	1	63	46	30	74	36	100	5	1	100	28	89	77	
35	73	26	52	83	75	15	7	7	85	30	80	77	36	91	27	1	52	96	13	25	16	76	53	74	76	32	11	80	6	69	85	76	50	75	79	12	39	22	47	61	45	83	86	13	60	65	14	28	8	60	37	84	39	5	32	18	41	100	43	
62	58	15	76	82	85	8	30	15	91	20	64	73	33	69	66	49	42	9	71	39	32	27	52	24	22	55	32	100	59	45	44	28	45	83	85	76	7	8	80	55	95	71	97	47	30	43	11	91	79	18	35	10	51	17	63	22	53	12	13	
64	21	7	23	18	5	40	85	58	5	94	62	25	99	21	95	100	45	30	42	45	85	41	53	66	85	50	97	53	73	17	10	99	93	62	76	31	59	15	28	73	1	23	99	12	99	39	46	59	24	58	66	43	57	83	10	73	26	50	43	
18	68	66	64	68	66	21	90	63	80	20	33	44	85	87	40	64	75	81	77	28	41	23	16	43	8	94	34	78	94	12	41	11	43	71	58	52	32	2	78	38	86	51	33	39	43	82	56	57	56	18	93	92	38	93	84	99	32	19	88	
On machine	2
70	9	65	26	58	50	67	49	38	48	55	39	9	15	28	31	39	97	71	76	32	84	48	1	78	89	3	49	31	39	17	84	51	91	77	55	79	58	8	33	94	72	36	2	86	18	23	72	67	98	91	19	52	20	13	21	26	1	31	16	
45	88	6	67	36	93	84	43	84	17	68	49	32	57	71	82	84	26	23	39	91	97	15	31	81	5	50	11	53	10	15	80	83	55	16	29	81	29	93	63	51	93	72	5	9	27	87	20	32	57	9	29	28	44	49	77	40	62	11	69	
90	55	72	94	12	27	4	97	91	52	82	10	84	68	68	58	92	35	15	48	100	42	77	6	32	90	37	15	80	30	36	99	77	6	81	1	93	46	10	44	45	75	61	37	45	72	55	64	29	31	56	21	43	61	79	9	78	47	29	29	
13	67	84	50	98	30	32	70	17	67	26	46	3	80	47	24	96	52	87	26	45	69	82	84	86	78	83	23	11	63	7	22	80	8	100	10	18	63	79	56	100	26	67	86	70	13	92	2	57	3	34	49	7	31	33	8	76	37	80	99	
25	50	92	27	16	40	20	70	12	38	80	8	90	43	98	24	61	53	51	99	42	3	57	49	31	35	84	86	21	98	79	2	59	89	77	64	49	33	60	66	33	85	65	2	96	86	76	61	100	43	50	97	65	11	100	81	10	28	53	69	
29	5	76	67	94	54	51	76	39	70	92	76	11	37	30	29	85	7	35	69	64	61	51	1	97	71	62	41	11	57	54	66	33	82	23	7	56	54	81	99	39	51	76	82	93	90	81	14	22	39	3	95	32	50	19	10	71	71	97	66	
86	68	72	9	28	6	20	70	55	33	97	26	28	92	55	72	28	41	84	64	97	28	94	28	32	82	22	78	81	87	7	32	59	8	99	53	35	31	22	47	71	32	5	73	51	57	62	79	18	48	85	84	1	7	38	95	72	33	95	49	
86	7	17	26	3	85	94	14	72	62	75	6	66	89	75	47	11	26	13	74	6	9	26	97	79	57	56	33	69	75	84	60	67	35	39	37	1	11	19	61	21	56	69	52	82	10	84	13	4	64	48	70	80	46	19	88	9	4	84	17	
18	12	27	71	6	28	69	32	46	94	72	90	86	79	89	33	35	33	11	58	26	45	91	19	9	53	18	28	94	30	14	100	60	48	9	65	78	16	26	52	13	74	90	52	69	21	34	68	55	60	38	95	98	66	49	48	36	84	42	51	
2	90	26	38	14	19	46	15	15	56	48	9	82	92	45	24	36	81	62	18	84	94	83	28	71	68	23	90	49	33	14	74	93	63	47	30	8	93	58	88	18	13	21	90	85	54	77	6	42	42	11	55	73	3	35	48	53	9	93	20	
52	19	95	79	56	7	67	81	18	39	33	5	10	1	26	59	27	29	65	21	44	38	42	18	87	86	18	7	53	99	99	55	90	30	13	2	43	61	84	70	65	87	66	45	43	90	91	49	27	90	91	85	53	84	71	23	1	77	60	15	
2	24	97	83	54	18	36	34	96	49	59	18	44	38	18	45	2	23	99	72	49	3	5	35	13	8	98	31	67	7	25	1	32	58	27	99	13	35	31	28	25	7	35	20	99	89	57	1	94	31	20	43	66	6	28	35	29	26	75	38	
85	72	48	56	32	88	20	75	46	33	40	92	29	59	74	9	51	2	51	28	91	60	8	55	65	97	83	4	31	30	41	15	64	68	66	94	53	49	25	88	45	28	37	21	73	37	94	29	99	7	72	2	26	37	40	4	42	10	100	19	
82	32	26	75	59	24	19	83	75	95	78	58	46	68	99	7	11	97	64	95	51	31	95	25	57	38	80	61	42	75	73	47	35	92	40	37	3	34	83	20	74	93	67	76	66	69	9	95	2	3	8	64	64	2	65	82	43	23	39	74	
16	58	4	49	40	50	83	62	71	55	74	57	51	27	67	75	96	76	21	57	87	39	66	99	5	75	98	92	97	32	23	96	96	54	27	5	76	67	41	86	87	15	39	1	5	61	8	62	40	3	85	20	44	5	70	5	82	80	10	57	
1	21	50	55	27	91	50	22	83	13	21	80	19	71	32	52	29	43	68	86	15	59	31	1	44	14	99	61	55	36	25	37	26	98	29	50	95	97	83	96	94	45	46	96	76	45	75	36	42	6	84	67	80	57	49	44	51	96	58	20	
89	35	30	21	72	83	56	26	3	32	5	16	72	100	29	56	17	27	61	98	92	92	44	100	76	71	4	80	58	65	67	73	31	65	23	17	72	80	11	94	24	88	63	94	41	64	34	89	42	35	85	13	23	98	87	22	49	43	63	33	
88	79	34	89	70	10	98	92	81	42	93	15	52	89	10	29	54	75	81	2	32	59	81	7	76	100	75	76	97	48	64	52	21	84	55	76	76	27	24	2	20	35	92	84	50	91	2	18	22	16	73	69	9	50	15	32	46	59	54	46	
59	89	13	41	70	71	77	81	96	98	36	33	99	13	78	7	98	51	62	41	21	86	68	78	12	24	92	69	97	81	57	58	20	40	87	27	6	15	33	61	51	8	76	19	96	38	48	25	21	55	88	73	56	3	44	54	50	100	56	82	
18	92	72	42	7	72	98	31	97	6	79	11	83	5	18	92	15	96	46	28	86	92	42	78	22	98	98	96	53	92	83	30	60	62	39	38	96	53	98	28	71	51	55	68	35	74	75	5	18	13	39	40	73	79	93	45	79	51	14	82	
56	51	21	30	67	17	49	59	39	87	70	87	53	38	89	43	35	93	31	69	99	39	13	60	39	2	45	54	15	58	27	21	40	53	85	85	48	24	15	93	33	6	72	99	58	71	25	21	20	44	6	18	13	69	74	65	55	79	38	8	
79	31	63	3	32	14	100	28	2	39	5	99	85	78	94	45	3	34	98	94	73	38	52	77	77	79	15	3	1	57	16	100	14	30	96	60	4	79	86	10	61	61	35	81	16	67	33	97	59	31	93	29	18	50	96	96	66	28	80	92	
70	51	58	13	61	99	91	60	36	22	39	44	49	76	45	81	25	74	53	86	62	46	18	30	63	62	68	15	52	62	68	99	97	43	17	92	83	62	96	78	57	88	55	66	19	51	27	80	52	25	89	65	44	80	65	14	89	13	30	98	
4	68	65	58	98	80	77	69	76	27	46	34	74	85	33	67	86	2	92	5	53	17	47	45	98	11	77	33	60	11	50	31	80	22	41	14	2	38	94	31	96	51	67	85	35	22	42	64	91	26	5	50	61	79	1	95	43	72	24	19	
46	96	2	61	74	13	89	18	75	29	64	58	96	72	29	31	69	69	23	96	73	37	50	55	51	37	60	6	59	44	56	70	33	76	25	90	2	11	85	63	40	29	78	92	19	80	65	11	83	100	17	96	28	96	99	65	47	85	8	27	
59	21	10	33	48	19	62	10	11	37	61	12	86	14	5	90	73	41	55	70	29	17	71	51	16	15	8	100	82	45	92	34	46	49	46	22	100	65	62	7	73	59	100	74	55	92	14	39	95	77	67	31	36	94	32	74	62	23	56	19	
99	43	2	22	20	86	7	97	39	82	9	18	24	30	8	28	30	35	6	48	12	86	88	55	43	30	87	69	13	26	4	91	90	2	92	47	74	10	27	56	31	6	87	78	29	16	39	63	39	15	28	52	52	90	28	77	38	61	89	27	
81	85	72	55	55	41	91	87	99	44	20	36	48	70	55	40	47	3	38	39	23	73	23	73	99	52	45	6	86	18	30	100	39	73	28	96	39	50	27	11	43	64	59	20	44	40	71	19	30	17	33	59	1	75	70	59	70	52	56	58	
25	35	6	29	86	13	96	34	70	48	68	14	18	21	100	25	86	49	33	85	59	44	43	100	1	59	22	51	73	90	25	92	78	11	13	14	18	44	84	100	78	87	81	78	33	93	55	14	11	94	38	30	45	11	70	77	32	59	67	9	
78	10	7	4	10	42	86	42	28	52	55	30	13	51	40	11	56	63	51	53	44	70	22	39	92	29	68	15	13	9	61	20	19	40	76	68	63	24	94	30	31	8	26	69	66	56	87	46	81	67	42	86	82	8	92	56	64	96	14	45	
8	7	31	61	87	60	90	93	24	86	13	46	7	64	65	69	41	51	99	39	2	94	94	94	37	34	90	12	58	51	36	8	94	55	43	67	6	26	62	2	61	86	19	17	100	20	28	89	19	18	60	1	2	6	32	37	27	43	58	32	
94	90	17	80	22	80	27	63	93	50	60	53	83	53	24	63	43	60	22	30	91	2	53	36	29	24	64	42	22	58	81	59	22	17	59	16	92	46	88	65	91	20	36	14	81	43	79	93	3	16	77	95	98	83	36	74	92	76	85	14	
65	41	75	2	56	24	16	77	49	49	98	12	41	13	61	62	20	49	69	7	5	4	7	69	18	74	95	64	30	47	13	100	81	11	96	21	99	51	29	30	44	81	100	100	41	79	60	77	78	93	18	28	35	52	45	72	49	49	95	17	
71	31	82	85	1	60	99	35	55	50	26	16	13	70	40	19	57	28	14	82	81	29	86	5	44	40	15	99	95	18	32	31	12	42	13	29	37	8	13	52	53	62	55	86	32	40	68	10	13	42	84	74	61	47	33	41	5	96	88	86	
70	24	73	62	4	38	82	99	49	11	70	41	48	1	15	29	58	51	1	80	91	59	93	24	32	65	59	1	92	97	94	11	72	38	56	59	99	65	48	67	38	86	34	94	97	72	96	8	90	91	27	50	73	29	76	77	52	70	31	69	
72	69	11	23	40	70	19	94	6	81	29	86	15	51	77	90	74	60	68	28	40	48	74	7	35	54	56	84	88	46	22	88	37	22	40	81	91	55	7	94	100	96	91	8	9	59	71	2	93	59	28	1	1	47	1	57	11	49	14	6	
57	41	40	27	12	10	1	83	88	65	100	12	45	65	87	64	18	91	59	94	90	91	20	78	72	38	74	32	35	46	78	75	82	6	29	77	80	43	34	69	39	68	46	59	38	60	25	23	28	29	54	17	59	15	43	20	34	74	59	85	
30	57	32	30	67	23	4	86	53	71	98	52	29	36	65	68	2	5	33	65	95	23	40	83	30	78	87	26	77	8	61	32	53	46	48	56	60	71	15	96	72	4	38	52	52	33	12	63	21	36	22	72	57	15	33	93	90	10	86	37	
71	55	87	40	51	25	13	4	54	31	16	1	3	25	23	64	23	95	48	27	43	5	93	71	96	87	25	7	88	22	69	68	63	98	15	38	100	54	40	39	88	13	64	21	13	70	2	88	55	18	33	64	41	80	67	28	72	49	39	40	
35	6	48	8	14	87	91	10	8	9	89	96	11	26	87	69	91	23	14	70	50	2	99	39	86	81	82	16	91	11	4	65	67	38	87	53	59	1	33	62	40	82	44	20	50	82	81	81	23	84	54	55	83	43	13	72	39	40	30	82	
35	16	52	45	88	10	5	38	46	19	59	29	23	81	9	26	9	90	77	80	92	69	29	38	42	70	17	6	94	38	93	47	99	4	51	37	91	94	39	76	36	55	93	33	49	63	3	44	40	88	80	50	71	42	72	13	92	77	81	10	
5	73	65	74	24	83	5	17	99	46	49	50	100	52	93	55	67	66	4	67	72	17	30	1	98	51	3	52	76	26	86	43	20	26	35	64	25	25	21	88	65	38	11	53	22	18	57	30	24	43	6	37	76	50	67	26	40	24	90	68	
18	7	44	54	81	58	75	28	98	34	77	10	100	22	57	48	94	97	83	22	60	67	90	2	72	90	39	84	22	74	93	81	51	46	7	19	94	80	41	51	51	14	87	32	12	3	71	44	25	98	5	17	44	89	59	81	57	72	93	85	
66	59	87	50	18	2	26	65	59	19	45	21	69	69	68	98	69	31	56	88	62	91	64	57	39	76	67	3	1	2	15	65	55	56	69	76	11	94	26	49	34	85	18	5	83	67	72	3	36	40	1	33	70	49	99	6	69	46	88	36	
95	79	27	53	65	58	92	66	63	80	35	82	77	69	46	8	65	9	90	4	4	12	86	75	87	44	24	25	23	30	15	23	32	3	86	65	73	3	89	37	52	47	81	33	71	10	31	9	4	25	47	13	93	81	71	17	67	81	85	93	
80	12	32	12	90	5	20	8	42	17	19	44	73	47	32	97	29	66	98	97	63	17	76	100	52	25	7	100	38	26	35	84	16	19	3	64	88	19	92	83	36	35	57	84	23	32	88	23	90	40	22	63	18	79	39	28	56	42	32	7	
74	49	26	91	3	33	16	7	59	8	40	77	79	80	66	93	20	86	56	86	54	88	69	12	90	45	40	79	77	43	64	31	29	16	50	36	6	49	10	48	10	1	98	39	88	22	27	50	19	93	77	51	53	10	53	84	78	73	17	30	
47	24	16	35	35	61	67	63	52	12	47	64	97	92	75	4	79	12	44	40	25	1	99	74	12	94	79	94	58	61	80	12	27	92	48	60	30	47	40	72	30	44	5	10	52	42	79	69	90	18	73	54	84	26	34	2	14	73	3	66	
87	100	7	82	40	41	76	50	72	73	2	54	55	58	48	79	88	11	57	18	59	24	85	93	26	13	70	4	76	29	33	34	28	50	44	55	67	46	67	24	24	1	25	25	39	74	98	39	24	24	95	26	17	94	14	96	19	8	58	7	
4	27	33	31	61	66	12	68	55	63	78	79	63	26	81	26	22	37	94	29	28	71	75	94	89	44	70	12	77	88	59	32	36	83	82	72	43	42	30	48	76	97	49	14	44	76	78	21	73	97	27	1	81	9	22	45	61	2	90	61	
98	66	65	86	72	94	85	75	72	33	56	16	98	70	8	38	99	11	95	61	19	95	42	45	2	27	28	60	51	84	94	74	86	17	76	2	3	70	30	100	31	27	52	48	18	19	3	66	40	55	17	27	16	52	71	86	95	12	89	78	
67	83	89	51	55	80	24	3	16	9	25	80	73	77	47	11	59	96	34	55	56	100	60	54	53	67	66	35	73	15	36	60	16	41	37	38	3	97	12	71	98	50	98	91	36	1	41	62	41	70	20	36	14	3	48	67	9	59	30	97	
59	26	7	94	62	19	84	16	2	43	50	43	22	88	96	48	31	20	38	16	77	91	38	46	27	18	5	49	56	30	89	95	57	60	36	55	33	26	63	80	2	85	44	49	30	97	20	4	18	50	45	78	42	25	12	65	49	34	58	9	
35	95	85	87	12	69	100	11	54	52	62	92	33	65	75	73	22	68	59	58	34	8	72	79	40	54	22	8	18	72	41	11	72	49	19	5	50	64	43	55	40	3	53	60	70	50	26	94	92	73	50	79	58	8	97	4	36	8	35	72	
14	82	52	10	66	78	71	58	10	99	80	67	3	34	63	29	98	76	83	77	30	100	24	10	82	100	69	65	89	2	5	88	91	50	96	18	98	41	12	26	37	17	29	54	51	48	69	55	12	43	36	14	55	21	92	72	47	26	8	97	
19	95	2	97	55	94	49	41	54	50	100	32	93	67	8	45	53	67	8	29	56	19	42	88	80	20	21	88	64	68	69	57	43	33	19	14	54	28	18	68	77	33	77	37	81	91	10	64	5	58	93	55	82	68	97	35	79	33	64	60	
29	36	46	28	72	43	36	96	10	2	53	54	72	35	40	45	85	34	27	50	97	41	67	43	23	23	1	20	54	12	61	25	47	8	97	51	10	33	17	71	29	30	36	73	5	10	5	30	98	4	22	75	51	80	21	6	86	78	54	31	
5	21	4	97	1	59	23	21	25	27	81	74	94	23	20	89	38	35	39	15	59	14	97	32	78	91	98	39	27	98	59	11	87	45	4	100	51	29	24	95	46	33	65	18	30	61	61	27	27	98	100	54	53	66	86	37	91	6	31	68	
11	76	61	29	56	78	63	61	37	26	4	16	28	71	29	54	76	88	18	99	90	8	30	48	6	1	62	61	56	5	72	33	49	38	68	77	60	69	31	49	44	22	6	21	56	49	49	39	80	12	89	44	5	83	22	68	92	60	69	5	
75	85	57	47	29	46	96	70	8	15	13	8	67	21	72	70	8	52	57	72	70	45	4	23	48	61	60	62	31	46	83	57	8	88	10	30	84	90	61	16	39	90	1	21	15	63	16	78	95	82	37	94	87	91	100	87	85	92	12	84	
