Factories	2
Families	60
Machines	2
SetupType	2

Number of Jobs in each Family
7	10	1	3	3	2	4	4	3	1	5	6	8	9	3	3	5	9	1	8	5	1	10	10	10	6	9	7	4	2	1	1	7	1	1	6	8	9	7	7	6	3	7	9	3	3	9	3	3	4	4	10	2	4	6	5	10	5	1	6	

Jobs in each Family
0	1	2	3	4	5	6	
7	8	9	10	11	12	13	14	15	16	
17	
18	19	20	
21	22	23	
24	25	
26	27	28	29	
30	31	32	33	
34	35	36	
37	
38	39	40	41	42	
43	44	45	46	47	48	
49	50	51	52	53	54	55	56	
57	58	59	60	61	62	63	64	65	
66	67	68	
69	70	71	
72	73	74	75	76	
77	78	79	80	81	82	83	84	85	
86	
87	88	89	90	91	92	93	94	
95	96	97	98	99	
100	
101	102	103	104	105	106	107	108	109	110	
111	112	113	114	115	116	117	118	119	120	
121	122	123	124	125	126	127	128	129	130	
131	132	133	134	135	136	
137	138	139	140	141	142	143	144	145	
146	147	148	149	150	151	152	
153	154	155	156	
157	158	
159	
160	
161	162	163	164	165	166	167	
168	
169	
170	171	172	173	174	175	
176	177	178	179	180	181	182	183	
184	185	186	187	188	189	190	191	192	
193	194	195	196	197	198	199	
200	201	202	203	204	205	206	
207	208	209	210	211	212	
213	214	215	
216	217	218	219	220	221	222	
223	224	225	226	227	228	229	230	231	
232	233	234	
235	236	237	
238	239	240	241	242	243	244	245	246	
247	248	249	
250	251	252	
253	254	255	256	
257	258	259	260	
261	262	263	264	265	266	267	268	269	270	
271	272	
273	274	275	276	
277	278	279	280	281	282	
283	284	285	286	287	
288	289	290	291	292	293	294	295	296	297	
298	299	300	301	302	
303	
304	305	306	307	308	309	

Total number of jobs
310

Processing times of jobs
8	4	
8	2	
1	5	
5	10	
9	1	
10	4	
6	10	
9	2	
10	8	
1	7	
10	9	
8	3	
1	10	
7	4	
4	2	
10	1	
3	6	
8	9	
4	3	
4	10	
5	1	
6	3	
2	3	
6	3	
8	10	
9	8	
8	9	
5	5	
3	1	
8	8	
5	1	
6	5	
9	9	
3	7	
6	8	
1	1	
3	3	
6	1	
8	6	
2	4	
1	3	
5	9	
2	2	
5	5	
3	3	
2	8	
2	10	
1	10	
8	4	
6	8	
6	8	
6	5	
3	5	
2	7	
3	9	
3	8	
10	7	
1	9	
10	7	
3	1	
10	10	
7	4	
5	7	
2	7	
6	5	
3	1	
5	2	
1	3	
6	4	
6	4	
6	9	
6	10	
6	10	
7	1	
10	6	
6	9	
8	4	
5	1	
9	8	
3	2	
7	7	
2	6	
5	4	
8	7	
5	8	
2	1	
5	4	
5	6	
1	5	
1	5	
6	1	
10	3	
3	3	
3	6	
9	3	
4	1	
7	5	
2	7	
6	2	
10	8	
10	6	
10	8	
4	7	
8	10	
4	10	
10	10	
7	6	
5	9	
5	2	
5	8	
7	8	
7	7	
1	1	
3	10	
7	2	
1	2	
7	4	
4	10	
5	10	
8	3	
1	4	
1	3	
10	7	
9	2	
1	7	
7	10	
10	6	
1	9	
4	10	
8	8	
3	2	
3	2	
3	5	
10	9	
10	6	
6	7	
9	8	
5	1	
5	2	
10	1	
1	10	
4	5	
8	9	
3	3	
9	8	
9	1	
7	4	
9	1	
3	3	
8	7	
5	3	
9	5	
9	2	
10	7	
10	7	
2	3	
7	1	
6	8	
8	3	
1	5	
8	3	
4	6	
7	1	
10	8	
4	6	
6	1	
6	9	
2	4	
3	2	
3	2	
1	7	
1	4	
2	6	
7	1	
9	10	
9	8	
5	3	
6	8	
6	5	
6	6	
9	3	
6	6	
9	10	
6	3	
6	3	
8	5	
7	8	
9	7	
8	4	
4	7	
3	2	
1	8	
3	3	
9	5	
9	9	
7	3	
10	2	
3	3	
2	10	
6	3	
9	10	
1	4	
2	10	
4	9	
10	4	
4	2	
1	4	
8	4	
3	9	
5	3	
10	6	
10	8	
5	6	
2	7	
7	10	
3	7	
10	3	
2	6	
10	3	
8	1	
7	2	
8	2	
8	9	
7	8	
6	2	
6	5	
2	8	
9	7	
5	9	
7	10	
10	1	
4	6	
7	1	
4	7	
4	7	
8	6	
1	9	
9	8	
6	7	
1	4	
10	3	
3	4	
5	1	
8	9	
9	4	
8	8	
5	3	
9	10	
5	6	
6	2	
1	6	
5	4	
3	5	
10	5	
1	3	
1	7	
9	2	
3	4	
6	1	
5	10	
7	9	
4	8	
5	9	
8	6	
3	10	
9	5	
9	4	
1	8	
4	2	
8	5	
2	1	
6	2	
3	5	
8	5	
9	4	
5	3	
4	2	
9	2	
5	1	
9	9	
6	9	
4	3	
10	10	
8	2	
1	2	
10	4	
4	1	
9	1	
4	4	
2	8	
3	3	
3	1	
3	1	
5	1	
6	5	
3	6	
7	7	
6	5	
1	7	
3	9	
6	1	
5	9	
8	5	
5	2	
2	1	
9	3	
3	6	
7	10	
6	8	
10	10	

Stepup times between Families, where [f][f] represents initial setup time
On machine	1
26	7	41	14	16	14	1	5	18	41	34	5	45	7	47	2	43	9	39	14	27	10	14	9	21	19	33	39	10	36	9	36	45	15	33	8	23	28	7	50	49	7	27	9	27	18	32	16	29	41	9	49	15	3	22	1	46	12	9	20	
36	26	23	34	18	38	11	43	35	50	24	2	34	31	30	50	41	5	12	3	10	36	19	12	10	11	29	18	19	35	22	14	24	48	26	2	6	48	45	4	43	2	3	20	22	45	20	31	41	46	24	7	49	24	14	26	23	8	37	47	
15	12	30	31	50	29	22	15	31	18	6	32	11	9	12	4	6	29	14	37	26	18	25	14	31	18	26	34	11	18	48	20	42	15	39	6	3	15	23	20	12	23	38	11	20	46	9	45	36	33	12	20	41	34	29	14	20	1	39	25	
41	47	3	2	50	32	42	48	33	48	22	18	44	47	1	46	25	49	33	6	48	34	2	43	22	19	14	8	45	33	28	23	7	15	32	37	36	49	22	22	32	20	36	39	2	30	10	34	44	8	15	27	18	26	42	43	22	12	48	1	
25	44	15	45	1	28	29	27	41	5	13	17	40	23	17	21	18	38	16	28	8	42	39	34	49	4	23	27	50	23	2	10	26	8	46	49	42	38	31	43	17	16	33	15	42	46	39	36	42	25	43	41	40	34	3	50	9	29	12	15	
14	23	32	39	11	19	50	2	9	29	37	4	27	31	9	19	50	11	40	36	49	40	13	24	8	6	48	17	40	39	41	33	31	1	30	15	1	2	14	24	26	4	7	29	14	19	15	41	3	39	34	12	40	48	4	20	11	5	14	36	
35	10	48	43	14	45	45	9	28	13	8	28	48	9	33	17	14	45	49	34	36	19	34	27	32	15	14	29	8	15	31	48	8	48	37	35	21	8	24	46	25	41	22	37	22	12	11	18	10	36	11	40	29	33	41	39	49	38	41	40	
17	16	11	2	42	25	35	40	18	40	39	27	10	26	34	9	40	9	41	44	25	42	34	26	25	2	45	7	12	13	41	20	22	6	37	37	38	44	6	28	38	27	26	12	24	21	5	45	39	32	39	14	15	8	27	33	41	43	50	37	
3	2	36	38	30	47	16	50	20	43	30	26	6	19	46	30	40	46	37	5	20	5	31	20	47	9	32	9	25	21	35	21	50	47	36	9	48	19	4	28	15	39	28	2	7	30	27	3	4	2	16	22	39	28	39	9	14	7	43	8	
20	33	14	29	25	10	21	18	25	30	43	16	48	18	4	2	40	43	1	14	33	39	47	36	23	8	29	40	20	27	10	29	29	29	19	49	27	16	8	42	19	7	15	50	6	47	17	22	31	2	18	47	41	40	40	44	33	21	45	26	
1	11	16	6	50	20	3	34	34	21	46	33	22	42	19	21	19	6	12	36	50	4	35	31	39	39	24	49	1	6	6	38	50	31	35	34	44	18	40	38	2	32	11	14	50	26	25	45	45	27	4	9	30	46	25	35	10	33	15	32	
32	41	33	38	8	43	7	14	49	35	21	24	34	22	9	17	47	32	3	14	25	9	11	12	32	50	50	32	6	50	31	12	8	29	18	11	10	2	9	21	48	29	44	31	23	27	37	1	5	30	16	7	36	28	19	8	44	46	22	25	
18	38	27	46	28	42	21	49	16	44	40	4	34	44	7	37	45	35	43	28	8	44	39	33	43	29	36	49	17	24	11	18	35	7	45	5	47	35	5	5	36	6	50	36	31	2	11	10	1	14	45	17	50	9	8	16	46	8	41	12	
44	42	18	42	39	1	28	45	1	42	22	19	6	41	9	32	4	11	46	10	4	34	12	33	41	10	5	28	49	24	29	30	49	5	19	4	9	44	10	29	3	32	42	22	38	29	24	28	35	44	38	37	46	28	40	8	32	49	37	12	
10	17	35	46	50	1	22	29	32	30	23	16	43	5	2	3	40	6	39	3	29	3	12	48	48	9	1	3	6	43	28	20	3	29	27	41	10	35	24	40	42	30	22	49	28	12	32	42	18	34	50	9	37	43	17	41	7	45	12	16	
2	24	38	9	12	14	46	39	34	43	24	10	20	36	31	35	35	1	8	42	18	31	23	40	23	1	24	5	31	31	23	22	8	6	17	44	33	46	2	17	45	26	42	10	19	34	26	15	8	20	49	45	50	24	11	11	28	25	15	18	
24	15	3	21	39	3	14	16	38	30	39	47	36	4	16	11	43	12	38	8	18	13	5	22	36	24	21	47	39	3	50	2	5	7	44	48	37	11	16	2	13	16	24	24	17	8	6	14	38	6	17	8	46	28	15	31	6	11	43	30	
34	48	41	48	15	19	4	34	24	26	31	9	5	42	43	32	24	20	39	7	29	36	47	12	36	9	7	3	40	10	9	30	26	41	50	9	43	25	14	48	18	22	3	30	23	39	2	48	6	39	16	19	49	16	21	45	45	32	23	13	
25	31	31	12	48	16	42	43	3	37	6	1	44	46	44	35	16	11	41	37	4	45	20	23	33	16	28	20	4	6	12	40	14	32	44	12	18	50	7	16	45	44	31	43	40	20	37	31	2	39	5	6	41	33	6	10	19	33	16	41	
7	5	8	7	14	1	6	23	45	21	31	33	5	34	13	49	24	38	35	19	37	4	25	36	31	13	50	33	45	31	17	22	10	21	17	41	1	28	23	48	15	25	44	26	18	33	10	35	9	18	13	22	28	18	37	33	18	49	10	35	
29	39	1	13	50	42	12	28	43	1	38	10	31	4	3	14	30	25	35	41	50	36	10	39	22	12	29	42	10	29	18	31	43	6	36	42	20	38	4	27	19	25	34	42	2	32	30	10	47	31	2	28	33	10	7	23	14	14	41	13	
35	31	26	13	45	41	48	42	13	15	8	40	2	50	27	1	18	19	39	31	22	6	45	21	3	30	3	21	38	33	32	28	9	11	19	42	33	19	17	39	28	25	39	23	12	13	39	50	46	21	37	38	19	15	4	43	1	47	47	21	
14	13	33	32	21	25	22	8	35	2	39	12	45	21	18	41	30	31	25	44	30	26	47	14	13	7	34	17	13	26	30	12	20	28	30	38	38	30	26	40	39	29	34	36	24	17	34	17	13	2	13	45	13	23	35	50	5	36	48	33	
37	3	10	48	42	36	39	8	5	26	47	22	30	9	2	38	34	48	48	46	33	8	33	4	44	48	27	10	11	47	42	41	30	11	13	36	34	43	4	32	30	3	15	34	19	30	20	41	40	13	5	17	19	47	17	32	22	37	28	49	
8	20	18	1	31	30	4	10	8	3	30	23	34	11	17	6	47	15	47	2	16	8	21	38	16	33	34	28	1	8	6	47	49	1	11	22	3	40	19	24	2	22	17	37	43	18	42	33	48	32	47	10	17	47	16	12	44	43	7	33	
37	29	5	24	49	38	11	48	23	21	26	40	36	19	45	15	36	24	1	43	2	37	36	39	26	8	28	46	2	39	46	12	9	46	15	5	2	37	46	39	45	35	50	49	23	30	17	43	30	11	20	44	50	12	17	20	17	37	48	41	
50	45	45	36	28	45	1	27	30	28	45	31	3	9	19	43	38	21	37	49	9	43	13	16	27	28	30	43	49	27	5	20	13	23	4	37	29	37	48	14	34	35	6	3	22	35	43	40	50	10	32	46	30	17	18	44	16	47	35	25	
36	18	49	46	38	29	24	32	28	20	22	30	23	17	33	35	27	4	7	1	39	13	29	43	31	13	5	25	39	4	26	18	23	3	12	40	5	21	43	16	18	37	33	18	22	10	13	6	16	43	48	42	31	26	11	38	13	6	16	24	
36	13	34	36	33	6	34	31	19	19	1	8	20	34	23	22	31	5	41	30	36	4	20	2	49	47	28	17	1	11	43	36	37	37	48	45	16	48	5	38	33	31	29	47	18	36	19	31	46	41	28	14	26	47	35	14	6	22	16	11	
33	32	35	43	3	20	36	24	35	1	50	21	25	41	4	18	22	20	22	6	7	20	20	3	20	6	19	16	13	45	1	4	46	31	25	35	37	26	26	23	31	38	36	45	19	36	30	44	5	42	50	16	16	28	3	20	15	37	6	18	
6	27	12	9	15	31	3	9	24	14	12	16	4	7	29	37	19	2	41	36	50	43	25	20	39	32	49	8	36	7	29	9	21	10	26	23	46	19	5	21	39	23	39	19	2	13	17	28	37	36	30	1	21	27	5	35	13	15	32	2	
17	33	27	15	2	38	10	7	26	3	42	14	22	33	29	1	1	38	19	21	49	9	5	35	23	34	1	36	45	29	13	29	23	35	10	3	19	31	36	24	15	20	46	43	43	15	48	13	2	1	33	31	25	16	48	37	25	1	13	35	
32	21	22	23	29	26	38	30	42	33	9	16	40	22	13	17	8	43	6	4	37	46	17	45	29	22	7	2	24	44	23	7	32	37	9	39	5	38	24	47	49	28	39	10	16	43	32	3	45	3	31	5	14	25	8	23	39	7	17	45	
26	1	20	45	50	7	12	9	15	17	38	9	30	6	38	28	43	3	41	8	21	33	50	32	22	32	38	16	40	32	3	9	35	20	28	4	34	9	38	39	4	45	14	29	21	20	23	47	12	50	14	33	15	37	14	11	24	47	32	1	
33	24	5	39	33	35	6	11	29	5	44	24	9	14	29	28	33	22	12	19	42	18	32	16	17	49	28	9	50	47	14	41	13	11	37	44	26	27	2	15	6	19	46	1	13	3	41	17	11	12	43	3	47	20	25	18	49	37	12	32	
2	41	44	10	32	2	15	36	36	10	32	27	15	27	8	46	8	38	29	16	22	24	10	50	39	2	44	12	41	17	10	43	49	23	7	40	43	37	20	16	12	47	33	12	35	22	18	9	2	8	47	32	12	40	22	31	4	45	47	25	
18	4	17	47	34	34	19	19	6	40	28	13	31	50	45	25	20	42	29	35	45	42	27	48	27	26	28	45	24	26	6	24	48	30	33	41	14	30	49	7	14	1	27	44	12	46	25	48	7	8	35	4	47	8	44	23	2	10	46	48	
43	37	14	2	49	24	24	42	38	35	27	7	46	23	14	18	23	13	23	18	23	43	46	21	16	32	22	20	20	22	14	49	1	24	39	10	14	49	15	28	4	1	7	45	36	26	50	50	8	7	17	12	42	33	13	1	20	32	25	10	
40	41	22	20	12	25	44	36	12	31	46	48	18	34	8	6	7	31	5	15	6	20	28	33	35	30	34	15	5	30	16	40	18	41	47	21	24	50	35	27	45	16	45	10	49	36	44	29	43	21	15	40	34	27	12	24	13	3	16	40	
11	27	33	29	2	19	20	1	9	38	18	23	22	45	27	13	26	10	19	47	43	14	3	16	5	14	25	50	34	1	48	45	9	6	46	4	6	30	9	37	49	24	20	36	50	43	25	13	42	20	41	33	32	44	15	5	41	20	30	38	
3	6	11	23	12	21	14	33	48	50	48	9	42	32	21	33	11	50	27	37	31	1	17	46	28	7	45	22	12	34	24	34	1	35	49	24	11	1	13	7	50	17	45	39	45	15	37	43	19	5	23	26	43	20	28	43	32	19	43	14	
48	38	26	43	2	50	46	5	10	30	8	7	6	4	9	26	29	23	19	32	13	14	9	38	20	5	40	18	35	9	28	44	3	36	5	28	44	47	8	29	26	2	35	40	22	14	4	22	3	42	25	24	44	13	28	41	14	20	5	20	
25	22	41	39	1	10	36	10	44	6	39	37	31	15	30	3	50	1	10	22	29	4	45	36	43	40	50	12	25	43	29	41	50	18	6	46	4	28	48	14	45	19	17	22	49	45	32	16	21	50	30	26	9	42	26	22	17	27	43	49	
49	20	3	17	41	10	35	4	20	37	34	41	20	30	36	23	14	23	19	8	42	45	4	30	40	36	50	13	34	44	30	25	20	44	38	17	34	20	28	9	5	34	29	18	49	13	49	31	17	5	4	11	32	4	5	47	1	33	16	11	
26	42	3	23	42	23	34	26	27	40	18	14	6	33	21	26	13	45	37	33	48	18	39	4	7	7	46	36	26	29	16	12	36	49	41	46	6	15	41	44	36	28	29	46	34	27	30	22	33	30	44	18	41	35	40	3	7	4	42	27	
16	3	20	18	33	30	28	21	21	28	49	1	16	22	33	6	42	46	2	36	45	23	8	4	7	30	48	47	5	7	11	6	32	13	9	35	47	2	46	3	2	16	29	34	33	44	43	37	14	48	14	39	28	31	26	12	21	41	39	19	
14	12	21	40	44	3	13	48	9	23	4	17	45	19	27	35	18	47	22	38	10	9	32	42	36	38	14	23	49	38	7	38	31	32	16	45	21	14	47	14	36	7	40	48	26	5	39	37	46	1	38	14	39	37	8	14	42	48	22	24	
38	9	3	35	6	43	7	48	24	37	1	12	46	12	1	20	44	46	50	48	18	5	11	30	48	4	46	14	41	45	37	26	13	39	45	14	25	37	21	18	23	44	47	16	50	48	17	14	48	42	11	2	14	14	48	39	34	1	24	9	
7	29	19	33	8	45	19	48	32	22	43	26	23	8	28	19	35	24	6	3	29	11	16	17	10	6	25	5	35	30	3	6	10	17	26	34	5	29	36	7	15	8	45	25	35	31	40	26	21	30	5	48	5	4	37	41	26	33	24	45	
23	46	44	39	49	39	25	31	45	22	38	33	44	31	46	2	33	1	1	10	34	35	38	6	42	15	39	11	26	23	43	18	8	18	18	25	17	9	48	31	33	38	24	23	28	15	10	4	35	2	29	42	33	49	49	18	48	46	4	36	
38	24	35	43	50	30	45	47	33	7	14	34	16	9	46	18	28	47	45	17	22	36	13	12	36	41	1	3	45	9	50	38	47	15	21	9	17	16	49	6	14	11	33	7	37	31	38	45	9	12	4	20	3	19	12	33	37	29	44	5	
31	48	35	4	4	6	13	47	23	43	39	15	2	15	45	17	34	46	27	29	1	32	37	16	15	49	38	29	12	16	48	21	49	26	16	4	4	23	21	30	28	42	31	5	3	11	31	47	39	19	21	28	31	6	18	10	36	42	39	13	
30	36	34	25	38	16	21	26	49	26	11	6	18	43	23	37	2	43	23	26	47	22	17	44	16	50	37	39	46	10	34	7	21	38	13	15	15	48	32	18	41	37	50	8	42	9	20	8	24	17	40	22	31	16	33	5	38	46	21	24	
31	16	27	2	12	4	15	10	6	45	33	32	43	16	28	15	27	18	26	10	28	24	6	24	5	40	19	8	39	28	5	46	6	38	26	19	38	33	36	43	4	13	46	49	26	17	19	12	10	16	2	4	12	50	11	16	18	2	50	11	
40	6	3	29	49	36	42	16	49	37	14	46	21	26	12	37	27	46	34	40	41	27	44	30	42	37	50	37	39	6	18	30	24	29	39	50	32	2	7	41	38	12	35	11	8	4	40	40	23	21	2	14	14	11	16	14	6	17	41	19	
40	6	1	19	31	5	3	27	22	46	3	21	42	2	25	43	36	17	13	24	6	13	11	9	36	42	21	9	22	14	32	30	48	24	48	23	20	47	4	24	27	7	33	16	27	35	46	14	25	3	13	46	10	6	11	20	24	44	15	26	
22	24	13	48	22	43	29	12	22	48	41	4	26	24	6	17	38	1	45	21	36	47	44	39	34	49	11	2	5	6	22	45	32	35	7	28	30	32	46	45	48	14	46	12	32	3	30	1	14	10	39	38	29	13	27	40	35	29	21	35	
37	14	19	27	18	26	9	42	3	41	26	8	2	21	7	9	43	47	3	39	5	3	49	45	23	4	8	48	35	24	3	20	40	39	40	32	14	15	15	26	50	3	12	42	6	39	46	6	16	28	41	38	40	34	33	44	33	1	15	13	
13	50	7	50	8	2	1	3	11	46	45	3	39	48	4	28	35	44	4	45	4	28	28	35	42	9	18	47	1	50	15	15	14	36	2	6	31	17	7	34	16	1	48	21	4	24	34	5	48	21	49	32	2	33	5	3	45	32	50	21	
14	33	42	37	8	28	11	33	33	6	29	28	8	24	18	35	38	43	42	6	12	21	25	29	36	43	47	41	47	5	45	25	5	11	1	39	43	1	44	10	8	47	49	46	49	25	47	42	44	17	14	32	41	18	35	19	26	40	32	21	
On machine	2
21	46	24	10	16	27	4	36	32	17	45	26	14	8	27	39	25	30	46	41	7	41	28	28	28	9	37	45	37	20	10	6	20	25	9	48	38	27	9	1	46	1	14	27	25	36	31	48	23	49	17	13	17	21	50	30	6	44	36	24	
44	16	31	49	8	38	10	18	18	18	49	15	36	45	16	16	2	25	47	23	20	22	28	42	34	34	29	47	23	25	13	29	35	22	16	29	28	38	21	45	2	26	42	49	29	21	11	38	42	23	31	37	36	24	16	1	6	7	32	46	
23	30	15	8	43	31	24	15	17	19	9	38	44	23	10	33	31	35	35	44	48	38	9	34	10	7	27	23	27	24	50	16	43	40	10	47	11	40	49	12	38	13	9	34	15	49	42	16	44	10	37	41	36	32	12	5	17	11	37	15	
39	45	9	22	14	35	34	45	45	40	21	41	1	46	25	27	42	8	15	26	31	14	26	46	34	45	3	28	15	6	27	21	44	4	39	1	46	42	31	36	28	22	42	6	30	50	17	14	16	22	13	30	17	16	42	32	15	3	19	36	
9	10	50	49	18	25	1	34	28	39	26	47	21	44	31	38	39	15	29	23	38	9	16	4	2	37	1	28	12	46	14	24	26	7	10	7	39	7	2	6	43	35	32	29	48	11	46	25	22	19	42	34	22	37	30	43	1	25	28	23	
22	28	31	42	8	33	31	49	40	17	45	28	35	38	2	39	10	28	13	12	19	35	6	2	26	25	43	22	23	30	17	13	15	22	48	45	26	19	24	16	4	25	20	2	27	22	36	44	18	17	43	21	13	38	27	9	3	21	14	35	
20	50	46	15	14	30	11	49	9	31	37	10	38	12	5	49	36	27	25	31	14	29	21	26	49	50	26	39	34	8	40	3	9	35	17	24	44	21	23	27	19	47	20	4	12	42	16	38	40	41	29	15	34	2	17	27	2	42	32	6	
27	33	39	36	47	11	47	37	1	14	22	7	24	46	43	44	40	29	37	6	32	1	28	50	41	2	1	17	22	2	25	9	39	8	43	19	6	42	11	47	50	44	14	8	43	45	13	22	35	19	38	34	45	29	35	29	26	45	50	44	
5	16	37	6	33	13	28	28	19	5	49	17	23	6	9	43	17	49	5	29	16	41	43	26	9	41	22	37	26	47	26	46	26	36	23	32	35	43	15	12	13	26	25	38	14	20	38	11	35	37	49	6	48	21	10	27	15	22	9	1	
24	39	27	5	22	13	21	43	20	7	35	28	26	33	19	40	8	13	34	37	48	49	13	11	28	2	39	3	33	22	22	4	26	35	5	22	6	29	7	2	1	13	36	37	42	30	34	6	23	49	1	5	32	45	31	44	8	8	26	17	
12	8	38	17	22	12	47	10	2	49	27	32	8	38	2	30	24	9	24	15	15	23	11	36	27	30	42	50	24	50	29	33	41	11	6	7	11	1	46	18	16	40	46	26	29	20	39	3	43	10	49	2	42	47	40	44	2	26	22	41	
21	14	16	24	10	43	44	12	2	26	44	25	12	28	33	5	33	33	2	21	18	3	34	8	35	12	17	50	20	20	49	8	4	40	48	7	34	49	40	9	35	15	23	29	16	44	26	28	31	47	3	28	11	25	26	16	39	28	9	16	
1	1	38	48	9	32	2	17	21	43	34	2	9	24	1	18	50	17	1	29	16	32	40	43	31	12	13	33	26	20	1	27	2	4	41	14	49	12	30	37	12	2	3	19	37	13	13	9	48	22	36	49	36	45	28	40	45	33	45	4	
30	42	28	44	16	12	11	1	14	45	48	33	6	16	28	41	41	3	1	24	34	18	10	2	24	32	39	48	35	37	31	2	49	19	21	15	37	9	41	46	7	19	29	34	45	44	41	45	37	16	39	22	32	15	24	30	37	46	44	26	
8	8	13	39	2	3	21	47	33	46	8	6	9	31	31	22	22	29	48	28	8	38	26	24	28	18	2	42	27	21	20	2	18	10	39	48	11	33	9	22	19	19	42	49	28	49	30	41	34	10	3	47	25	40	27	5	48	17	48	11	
27	38	16	45	30	41	41	40	2	27	4	47	23	25	9	14	17	20	10	4	29	6	33	16	9	24	28	2	32	50	8	12	11	43	10	49	20	15	38	50	4	21	10	48	45	12	33	18	25	24	36	36	48	23	34	19	23	25	1	2	
49	3	43	16	2	36	40	33	43	9	3	33	16	29	35	14	21	23	32	30	11	41	11	30	40	16	22	4	7	8	39	8	30	32	5	47	29	42	46	39	30	35	28	4	4	5	36	38	26	5	20	15	47	34	45	45	19	17	32	4	
31	21	20	6	13	19	44	4	38	40	50	32	27	35	25	20	42	10	49	3	15	14	9	40	49	27	48	5	28	28	36	12	46	47	26	27	36	16	37	28	15	8	18	21	37	35	44	9	3	42	2	36	22	43	30	50	10	47	48	14	
17	17	25	9	9	32	43	42	13	23	40	48	13	3	44	33	47	9	18	42	35	30	34	19	9	50	18	46	19	20	44	30	37	32	13	40	41	23	6	26	35	39	32	3	42	1	15	25	48	15	21	28	28	38	1	25	32	41	17	3	
28	5	42	2	11	37	12	31	8	28	42	16	22	44	47	38	22	24	16	40	32	9	25	36	6	9	44	48	41	7	47	3	30	4	12	23	45	12	25	22	20	27	45	3	40	1	3	40	25	12	43	33	15	9	25	41	2	19	29	48	
32	16	23	35	32	27	31	4	2	21	6	26	1	28	13	4	16	7	37	34	10	37	2	28	46	39	2	42	27	44	18	14	13	6	25	48	4	40	28	36	10	8	28	45	31	39	44	27	21	4	27	37	18	3	42	44	14	18	24	12	
1	24	16	1	50	45	39	25	39	35	35	47	40	16	37	38	24	50	43	17	19	22	30	41	35	28	47	36	5	10	11	48	28	50	9	18	27	3	34	49	48	43	2	23	43	5	27	42	3	19	36	12	25	18	48	45	41	30	19	21	
16	20	20	21	36	10	41	32	18	45	38	1	47	18	36	25	45	1	1	28	1	15	45	44	39	33	45	36	44	28	31	38	38	47	45	27	14	9	37	33	23	39	9	44	19	41	29	19	37	42	27	13	15	12	35	28	34	9	44	43	
13	38	13	30	9	3	14	33	14	34	15	19	28	46	28	26	2	46	23	48	18	4	28	20	1	26	24	45	1	33	19	23	30	7	23	38	10	6	29	34	32	37	25	45	4	50	13	20	23	14	18	9	34	39	50	28	14	45	11	9	
32	13	46	17	35	50	12	4	34	15	39	45	27	20	20	25	42	12	15	9	7	9	13	43	10	37	1	41	14	3	37	28	12	1	38	44	3	47	16	11	17	46	37	41	50	49	23	28	23	10	12	46	50	27	13	13	29	33	16	38	
46	48	47	35	20	33	13	48	28	28	24	4	28	22	31	35	33	8	32	13	7	24	26	12	39	29	8	22	39	29	13	36	43	46	47	18	47	43	5	26	25	2	28	14	26	7	49	18	35	28	23	33	50	11	38	26	6	41	42	31	
31	11	16	26	23	45	39	42	45	35	39	34	11	29	38	48	31	24	39	20	42	4	16	13	1	13	48	31	14	42	27	28	7	27	15	27	27	44	9	7	44	40	22	6	6	18	21	35	13	49	4	42	21	2	27	1	21	5	8	13	
18	20	14	2	34	27	37	28	9	35	25	29	7	6	20	43	3	45	11	48	49	38	16	45	13	17	32	36	18	27	39	29	33	4	39	22	33	41	49	10	36	31	31	22	33	32	11	42	9	33	28	32	28	13	31	14	8	41	23	33	
25	50	2	27	5	12	24	43	12	33	1	29	35	9	3	30	4	15	1	38	23	20	13	4	37	13	28	40	5	2	28	29	5	12	23	14	42	20	11	14	50	33	49	12	42	11	5	36	17	15	8	44	43	12	46	44	2	40	4	24	
31	42	47	18	14	35	20	4	44	28	30	6	27	20	15	45	28	29	39	45	23	12	8	22	7	29	21	15	17	47	43	37	26	17	48	38	23	35	9	50	7	44	30	48	12	18	26	23	34	38	8	24	38	30	31	17	2	42	7	28	
16	21	49	10	7	19	38	47	43	48	30	15	39	33	28	27	4	38	31	12	36	23	1	9	43	31	6	26	7	33	21	44	45	26	13	48	1	37	22	43	50	9	20	1	25	33	47	2	17	7	12	22	33	12	13	45	23	40	18	19	
15	19	23	22	32	46	27	13	34	39	16	35	31	48	10	31	14	23	45	9	22	11	39	15	37	4	38	21	14	45	20	30	42	21	5	39	45	31	21	6	41	32	14	4	17	46	28	23	47	21	16	21	20	10	2	16	41	21	28	26	
26	36	20	42	24	49	12	34	32	43	13	20	16	1	35	8	32	3	44	36	10	10	8	37	5	41	28	21	12	13	34	47	2	50	45	2	17	2	10	1	37	28	36	22	2	28	33	38	32	14	44	50	19	2	4	46	36	7	45	32	
16	34	46	8	25	11	9	10	41	29	37	39	48	34	31	3	34	17	16	32	34	23	15	2	17	9	25	13	48	48	19	47	24	30	22	6	8	21	28	8	14	5	45	40	11	36	40	28	10	33	28	4	45	8	20	39	7	44	45	40	
19	13	3	31	11	37	41	13	26	28	37	29	46	27	11	40	40	12	43	18	23	23	30	2	38	46	5	14	24	49	42	6	9	36	1	12	3	34	16	12	47	3	44	31	39	37	14	8	6	2	4	5	26	19	25	33	48	27	18	22	
27	1	12	29	3	3	22	38	46	33	3	37	3	28	41	25	29	28	19	11	10	34	24	38	17	32	15	15	17	10	13	11	38	26	36	34	16	44	12	1	28	49	4	17	19	1	40	18	43	40	41	35	11	44	27	48	6	42	6	37	
19	1	9	8	41	47	1	41	7	23	1	14	11	25	11	21	14	5	40	37	4	49	37	42	1	24	35	50	48	43	8	47	39	23	20	27	15	20	15	3	29	6	24	31	27	5	16	23	22	18	26	19	13	41	32	19	14	10	43	5	
44	29	48	30	6	12	36	10	17	19	36	35	14	21	3	33	28	33	36	5	2	20	38	8	30	24	1	8	31	9	32	44	37	22	45	33	42	6	42	34	13	46	26	10	22	13	25	22	48	31	36	10	7	21	32	1	31	16	43	42	
23	19	20	40	48	16	31	7	2	23	37	40	18	39	1	41	42	40	22	39	33	7	6	32	37	15	20	8	19	3	6	12	44	11	9	40	47	33	14	29	13	15	11	36	38	33	12	46	7	16	38	39	39	20	32	46	39	45	1	12	
21	21	46	35	41	18	42	33	44	13	2	30	3	15	38	8	28	28	30	2	11	45	8	25	14	4	43	45	32	34	25	17	31	39	18	14	23	40	27	29	30	43	38	21	39	22	11	33	31	9	47	25	45	19	18	50	26	32	35	16	
18	42	44	34	34	19	16	46	42	25	10	31	24	43	22	14	3	36	28	26	43	24	9	11	40	28	23	1	44	40	8	18	42	38	19	38	11	13	34	50	47	19	43	16	4	33	36	48	24	20	39	31	15	40	11	3	42	10	19	25	
41	47	29	18	43	30	7	3	38	33	23	40	31	38	43	49	29	47	19	1	17	18	32	41	30	17	23	28	44	20	32	26	10	19	40	41	7	20	24	14	36	45	19	31	48	25	17	23	18	19	45	31	20	44	28	48	13	38	47	14	
29	43	29	15	29	8	15	20	30	44	34	29	4	7	25	31	31	8	41	33	35	47	41	25	6	24	38	14	20	11	42	15	9	15	14	9	16	45	17	11	37	22	42	33	50	17	37	10	6	31	43	20	7	47	37	40	32	18	10	41	
15	15	16	10	28	21	39	3	20	44	26	7	29	36	4	50	49	16	29	35	14	36	39	14	3	50	49	30	12	35	8	38	43	42	17	1	5	27	16	44	50	36	43	31	4	39	28	7	32	13	36	43	18	45	46	16	37	2	14	47	
28	15	34	9	27	3	10	45	3	33	36	7	28	16	44	10	39	25	28	45	11	34	24	18	18	18	36	5	21	49	40	28	2	31	46	27	17	2	16	42	15	1	34	23	35	44	15	29	19	29	33	7	25	20	30	6	49	9	1	30	
26	33	16	23	15	8	17	8	40	46	23	18	28	13	42	48	48	33	35	13	27	30	48	14	8	41	30	42	16	6	2	36	1	14	24	33	17	12	42	7	5	42	9	36	40	50	48	41	39	24	4	13	21	38	11	7	7	35	18	20	
13	13	18	2	9	2	46	39	28	1	21	39	44	27	34	17	13	2	28	6	43	10	35	35	23	1	30	23	43	8	23	39	30	33	19	21	19	21	49	40	36	41	6	25	6	20	47	9	34	50	41	20	37	44	2	26	35	25	33	34	
4	13	31	41	23	50	41	38	17	9	7	15	4	18	14	42	14	7	18	28	2	1	50	35	11	4	43	40	13	40	49	5	1	32	10	8	34	31	7	8	47	8	12	11	40	49	24	41	18	7	17	37	45	15	23	6	32	25	35	24	
17	35	15	25	44	50	50	28	9	45	27	43	34	39	5	23	46	31	13	1	3	18	35	36	20	32	30	2	13	29	8	30	28	34	1	25	20	34	44	47	34	2	49	44	13	2	5	29	6	16	43	36	41	5	2	16	28	40	43	27	
12	2	28	2	11	8	47	24	8	16	5	36	21	36	5	22	46	36	27	34	43	15	30	3	3	36	47	26	13	47	39	10	13	12	14	38	3	15	31	33	50	10	49	20	32	44	46	8	26	8	27	18	46	24	30	18	38	40	6	5	
16	6	14	21	31	27	6	15	6	40	15	37	19	44	46	5	36	36	13	47	20	19	9	19	30	23	33	3	22	12	47	50	22	18	16	7	23	47	44	15	50	3	16	28	12	50	16	44	36	5	16	32	26	16	5	12	39	4	31	1	
8	48	13	48	27	39	48	18	10	36	25	24	44	40	37	5	7	20	36	23	39	31	31	6	37	17	7	16	45	11	4	19	30	7	46	12	5	16	50	47	40	44	31	26	5	36	50	40	41	14	49	14	35	39	26	47	24	1	18	5	
13	37	1	31	49	33	9	42	45	35	27	43	5	17	29	38	16	3	33	1	15	43	23	48	25	17	34	40	17	29	40	11	24	20	7	21	4	17	36	47	26	44	11	48	11	34	43	39	49	44	29	23	7	29	40	46	35	41	29	47	
26	1	47	9	49	35	30	32	12	1	29	44	25	25	14	7	21	39	43	30	12	38	40	1	21	30	22	38	24	49	15	36	42	24	31	11	20	5	26	14	49	22	29	22	27	23	39	42	47	26	10	38	17	31	16	23	28	36	26	23	
41	14	23	32	12	42	37	38	37	16	42	38	7	39	26	32	32	36	40	16	45	21	42	27	24	21	12	29	37	33	30	29	50	4	48	34	47	13	49	19	40	38	26	17	6	5	18	25	32	23	22	49	29	32	37	5	39	50	20	22	
7	43	48	42	26	6	44	48	4	14	1	37	27	7	46	6	4	37	34	50	34	12	49	50	30	32	32	19	44	12	33	8	39	2	47	31	1	5	27	4	49	47	16	5	32	43	39	34	29	41	14	24	21	30	33	20	4	12	2	25	
33	17	35	4	47	28	28	17	44	17	8	41	28	21	33	4	46	42	15	50	32	34	8	27	1	35	23	16	17	26	39	34	28	23	8	47	39	22	17	49	10	10	45	37	14	40	34	41	22	24	32	49	28	30	9	22	1	1	9	5	
33	11	25	15	30	19	25	34	50	32	40	46	19	14	2	27	26	41	47	50	39	18	21	15	24	14	45	37	34	32	10	24	25	5	6	45	2	29	24	36	47	42	9	24	20	11	45	20	10	8	25	16	9	6	18	3	8	34	47	4	
32	20	4	6	30	24	22	41	15	25	17	44	2	14	40	11	6	45	9	17	7	29	38	4	19	32	24	46	26	3	35	10	34	16	21	37	45	38	8	10	23	9	31	31	40	14	1	42	31	48	1	43	4	16	10	33	49	10	31	47	
9	50	25	4	9	42	10	42	26	45	41	35	37	17	38	19	24	18	16	11	27	29	47	11	47	7	18	30	30	48	29	19	40	37	26	40	37	49	21	10	27	11	1	40	47	19	36	9	30	38	41	31	23	14	25	44	13	47	10	12	
