Factories	2
Families	20
Machines	40
SetupType	3

Number of Jobs in each Family
8	7	10	1	1	8	6	6	4	1	7	8	1	8	1	5	7	10	10	1	

Jobs in each Family
0	1	2	3	4	5	6	7	
8	9	10	11	12	13	14	
15	16	17	18	19	20	21	22	23	24	
25	
26	
27	28	29	30	31	32	33	34	
35	36	37	38	39	40	
41	42	43	44	45	46	
47	48	49	50	
51	
52	53	54	55	56	57	58	
59	60	61	62	63	64	65	66	
67	
68	69	70	71	72	73	74	75	
76	
77	78	79	80	81	
82	83	84	85	86	87	88	
89	90	91	92	93	94	95	96	97	98	
99	100	101	102	103	104	105	106	107	108	
109	

Total number of jobs
110

Processing times of jobs
6	2	9	8	2	8	9	3	2	5	8	5	4	3	10	1	2	7	2	5	2	1	5	4	3	6	10	4	3	3	6	4	2	3	4	4	5	3	6	3	
6	8	5	4	6	7	3	7	9	8	5	9	2	6	1	3	3	5	10	6	5	1	2	10	2	8	2	7	4	8	5	9	4	10	4	3	6	5	5	7	
5	7	4	8	6	8	7	5	7	4	2	1	5	7	5	1	4	9	5	4	1	9	2	2	5	6	7	1	10	8	5	3	3	2	5	6	10	10	2	3	
5	5	9	4	6	9	6	4	7	8	10	5	9	9	3	3	5	4	4	5	9	9	10	3	5	3	2	6	5	8	1	5	1	8	7	2	3	6	5	9	
5	6	10	3	10	4	3	9	2	10	8	1	7	4	8	10	6	1	3	2	10	9	8	10	2	9	2	10	5	5	3	9	7	7	7	2	5	4	6	5	
5	10	2	10	2	4	5	8	2	10	4	7	1	4	5	6	5	2	1	9	2	2	9	9	6	8	3	4	5	7	8	7	7	4	3	6	2	3	3	8	
8	3	2	5	7	1	3	1	2	7	8	3	2	6	6	4	7	8	10	9	2	7	6	8	3	2	8	3	8	5	7	1	5	7	4	3	5	4	10	8	
7	1	3	5	9	2	4	9	6	3	8	8	3	4	7	10	3	7	4	1	1	8	8	7	1	6	8	2	9	5	8	6	2	6	4	3	3	9	6	4	
7	9	1	3	9	2	8	8	8	1	6	10	9	10	6	8	5	4	10	1	6	2	2	5	2	1	10	1	10	4	4	10	9	2	5	6	10	1	2	10	
1	9	5	1	3	4	1	10	10	10	1	9	5	8	5	3	1	3	1	4	1	1	10	8	3	10	1	3	4	3	2	9	8	10	8	2	2	6	1	3	
10	5	8	3	4	4	6	7	5	2	9	3	7	9	5	9	2	8	10	3	5	3	3	10	2	10	1	10	2	5	8	8	6	3	10	8	10	8	7	3	
7	2	1	2	9	4	7	10	4	2	1	7	8	7	4	9	3	3	8	10	10	2	1	9	3	9	5	10	8	3	4	6	10	3	8	1	9	10	2	10	
2	10	4	4	1	10	2	5	8	6	5	10	6	3	5	1	9	1	5	2	2	9	3	1	6	1	10	3	8	9	1	4	1	3	7	5	4	3	9	8	
1	4	5	6	9	10	4	6	8	7	8	8	8	6	4	3	7	5	3	2	10	1	2	7	1	3	1	4	6	4	9	5	9	9	9	10	4	9	8	2	
1	7	4	2	9	6	9	1	6	6	10	3	4	6	3	6	10	6	5	1	7	9	6	10	1	2	1	4	1	2	10	2	9	3	3	1	8	7	8	10	
5	2	1	6	9	8	5	7	9	2	4	3	4	7	5	2	9	7	7	3	3	1	2	7	9	5	7	2	8	10	5	9	8	8	2	5	7	5	8	7	
9	8	9	2	2	5	9	2	6	6	7	4	8	10	8	9	3	3	7	9	1	3	2	10	3	10	10	7	7	7	1	3	1	4	3	3	3	9	8	3	
7	5	4	1	5	8	5	2	10	9	2	2	7	1	4	8	5	8	3	7	1	9	6	2	9	10	9	1	8	10	4	4	9	2	1	9	3	7	5	9	
5	4	8	10	4	7	8	4	5	4	9	1	10	1	3	7	9	3	4	5	8	2	3	8	8	7	3	8	10	1	3	6	8	4	1	9	2	7	5	1	
9	8	5	5	1	7	1	7	5	1	5	10	6	3	2	8	2	8	7	8	1	6	1	8	6	3	8	4	9	7	5	10	7	5	3	6	6	5	6	9	
3	6	10	2	6	9	9	10	10	1	6	3	7	8	5	10	5	9	1	2	5	5	3	2	5	1	6	4	10	1	5	3	7	2	7	4	2	10	6	3	
3	5	7	7	3	7	6	7	4	2	10	4	4	5	3	4	1	9	10	10	10	6	4	2	9	7	4	2	3	8	6	2	5	10	9	7	9	9	2	4	
4	2	10	5	6	4	9	8	2	4	9	9	8	1	3	10	3	4	6	5	6	6	1	2	3	7	1	5	7	3	5	10	3	1	7	4	4	10	8	5	
1	2	6	2	7	6	5	8	1	6	7	9	8	4	4	8	6	1	3	4	4	5	4	10	5	4	9	8	9	2	6	7	6	5	9	6	1	8	2	4	
4	1	3	9	9	3	8	3	8	7	7	5	5	4	2	4	5	5	5	3	2	10	5	7	9	5	10	8	1	3	2	3	7	10	1	2	1	6	6	8	
4	10	3	10	10	5	8	9	3	2	9	8	7	3	5	1	7	2	10	1	10	3	2	6	5	1	6	8	4	5	4	7	1	8	2	9	4	6	2	7	
7	1	2	2	4	9	9	8	5	5	9	1	10	2	2	5	10	6	4	3	2	8	10	7	9	2	3	10	2	7	6	4	7	4	4	2	2	10	6	7	
1	8	9	9	10	8	10	9	4	9	5	8	5	8	6	3	7	1	10	9	2	9	6	5	4	3	7	7	4	7	10	6	10	4	1	2	9	3	7	4	
8	4	2	5	9	8	1	8	6	9	5	7	9	1	8	1	2	10	8	8	7	6	5	6	7	1	8	7	1	1	3	2	3	5	5	1	6	2	4	3	
8	3	10	5	4	5	1	2	10	9	3	4	10	10	1	3	3	8	2	7	2	7	5	10	6	5	6	7	4	9	4	3	3	3	4	3	5	8	1	4	
7	8	8	4	3	1	9	4	2	1	3	9	2	5	7	10	8	10	3	2	10	7	5	7	10	1	4	2	2	4	8	2	10	4	8	6	2	4	9	1	
6	2	8	6	7	7	9	10	9	3	1	1	7	4	6	4	2	6	3	8	8	9	10	4	9	5	2	7	4	1	7	1	6	2	9	2	7	9	2	6	
7	5	1	1	4	2	7	5	6	6	2	9	10	3	4	5	6	5	6	1	8	4	2	3	5	7	10	6	8	7	6	7	7	10	5	9	1	3	2	8	
8	2	6	1	7	8	2	4	5	4	10	6	10	7	3	1	4	8	3	10	8	7	5	7	10	6	7	8	8	1	10	8	10	2	8	2	8	10	10	10	
6	6	10	1	3	4	10	5	7	9	3	6	3	9	10	9	10	9	9	2	4	6	7	2	8	9	5	1	7	9	9	10	9	9	4	5	5	2	5	6	
4	3	6	1	5	6	2	3	3	7	2	2	6	10	1	5	4	9	8	8	2	7	10	3	6	7	1	4	1	1	5	8	7	2	4	4	2	7	5	6	
6	3	5	1	2	6	10	4	6	2	5	8	4	9	5	6	5	3	10	5	2	8	2	8	4	6	4	1	8	10	5	9	7	5	8	10	3	4	9	8	
8	6	10	2	2	7	8	5	4	1	9	2	8	7	6	5	7	2	1	6	6	6	8	9	4	10	7	6	2	3	9	2	2	5	7	10	6	1	8	3	
2	9	8	10	4	1	9	8	4	9	1	10	5	7	6	3	7	2	8	2	4	2	2	6	10	10	5	2	1	5	1	4	2	7	7	3	9	2	8	2	
5	9	10	3	10	7	6	6	7	8	1	1	9	3	10	3	10	4	9	10	8	1	3	2	5	1	7	2	2	8	2	2	8	7	5	10	5	10	5	1	
7	6	5	5	9	4	6	9	8	9	5	6	3	9	10	9	9	5	5	10	5	8	7	7	8	3	2	3	6	5	9	8	1	6	5	5	7	2	10	6	
6	6	1	3	1	1	9	3	4	3	7	6	10	8	9	8	6	6	7	4	2	8	10	2	10	9	5	9	4	9	2	9	3	9	3	10	1	2	9	7	
3	9	9	9	8	1	8	9	7	2	9	10	2	10	5	2	3	9	5	3	7	4	1	9	10	6	8	1	7	8	6	6	1	7	5	9	6	7	9	1	
5	5	6	8	10	3	10	3	6	9	6	4	2	3	9	6	9	1	5	1	1	7	2	5	6	8	6	3	6	5	2	8	2	7	4	10	5	10	9	10	
6	6	10	9	2	1	4	8	5	8	3	2	6	4	1	6	1	10	4	9	9	3	5	6	5	7	2	6	2	5	9	10	5	6	1	8	7	10	1	10	
3	1	7	8	7	5	4	6	7	5	9	1	10	5	9	9	3	7	8	3	7	6	6	2	10	3	8	1	10	2	10	4	9	9	10	7	1	8	8	10	
2	3	8	4	7	7	7	1	1	1	1	7	3	7	8	2	4	1	9	7	2	5	1	9	8	10	9	3	5	9	5	3	7	10	10	3	1	9	7	1	
9	8	3	1	7	10	10	7	9	8	9	8	5	2	7	2	10	3	1	3	5	1	3	10	9	10	1	1	3	2	1	8	1	6	10	2	1	8	1	3	
10	2	10	5	4	1	3	8	4	3	1	9	5	10	6	10	10	3	1	9	5	10	4	5	3	3	5	3	8	9	8	6	8	5	8	10	5	7	9	10	
1	8	3	2	10	7	7	8	5	4	9	9	2	8	4	4	3	3	4	3	3	9	10	3	3	2	2	7	1	1	9	3	1	10	3	7	7	10	2	2	
3	9	3	9	4	2	5	6	3	10	1	5	8	1	4	7	3	9	4	10	3	3	6	8	1	8	7	2	4	2	1	3	10	2	3	2	2	1	5	10	
7	6	5	10	1	7	9	10	1	8	2	3	3	6	4	7	10	5	8	7	8	4	5	10	10	2	1	4	9	5	5	3	1	7	8	6	9	5	4	8	
2	1	3	9	2	1	7	1	6	9	5	3	4	2	4	8	4	3	10	2	9	2	6	2	7	6	10	2	9	1	8	8	5	10	3	9	7	9	9	8	
6	1	4	5	10	10	3	8	5	1	9	3	1	9	4	8	6	5	4	5	10	10	1	4	9	1	8	7	10	1	3	10	2	5	3	3	9	7	2	3	
4	4	3	3	5	6	9	2	3	2	1	2	6	6	3	7	10	10	1	10	4	5	9	10	9	3	8	9	2	3	3	10	4	3	7	6	6	2	3	2	
9	3	5	8	6	1	2	7	10	5	1	8	10	6	7	9	6	3	6	2	1	7	1	10	9	6	8	5	1	3	9	9	2	8	6	8	3	4	3	2	
4	5	2	9	10	2	5	1	9	1	4	6	2	3	8	8	9	10	1	4	9	8	10	8	8	9	10	7	1	1	1	5	1	2	4	10	4	5	9	8	
5	7	3	2	10	2	5	8	5	5	5	4	10	7	1	10	4	6	9	5	5	6	2	1	7	7	1	8	5	3	6	1	7	1	8	1	10	4	2	7	
8	2	5	4	4	2	5	6	9	5	5	5	1	3	4	4	9	7	3	7	10	2	9	6	3	3	2	8	1	1	7	8	6	4	1	8	5	7	5	5	
4	8	4	7	10	2	3	4	8	4	5	2	8	4	7	10	7	2	8	2	6	5	7	2	2	2	1	2	7	10	10	10	5	6	8	5	2	3	6	4	
8	10	6	7	4	5	6	9	1	8	3	3	5	5	6	4	5	5	10	4	10	4	7	5	10	5	5	2	8	4	9	2	4	10	6	6	8	3	8	9	
1	10	8	8	8	1	10	3	7	9	10	10	3	7	9	9	3	5	7	1	1	10	4	3	5	8	1	6	10	9	4	6	1	7	1	5	4	10	2	4	
5	3	7	9	3	10	4	6	10	8	9	5	3	3	2	10	5	9	2	1	3	3	8	8	9	8	6	2	4	3	1	5	9	7	2	5	5	7	6	6	
5	10	8	3	1	1	6	2	5	5	9	1	8	4	2	4	3	2	1	2	6	8	1	9	2	2	4	3	1	7	2	8	4	10	8	1	10	8	4	8	
5	7	8	4	1	9	1	9	9	7	7	4	9	5	10	1	3	2	1	3	1	8	6	1	1	9	7	9	9	6	6	2	6	3	2	7	1	3	1	1	
10	4	3	7	10	8	10	2	6	4	8	1	2	2	2	2	6	3	10	7	10	1	9	9	9	9	8	6	3	1	1	1	7	2	7	8	5	3	5	7	
10	10	8	8	3	2	5	8	4	3	5	10	1	1	3	1	2	7	3	10	7	3	1	5	1	5	3	5	1	3	4	3	4	5	8	3	3	2	3	5	
8	7	8	5	7	2	8	3	2	7	8	1	4	10	3	5	8	6	1	2	7	7	2	1	10	1	6	4	9	5	8	5	7	1	6	9	1	7	6	9	
9	4	6	6	3	1	4	2	3	3	6	10	7	5	1	2	2	5	3	3	3	5	1	6	3	5	9	5	5	6	4	6	10	10	8	6	6	10	8	9	
6	10	7	5	2	4	3	3	2	7	3	7	9	5	5	9	10	9	1	9	6	10	7	7	2	2	1	4	1	4	1	4	2	10	3	6	2	10	6	10	
8	2	6	2	8	7	6	4	3	7	1	9	3	6	1	9	6	9	6	1	7	7	8	8	4	9	9	2	10	7	7	2	6	6	5	3	3	3	4	5	
3	1	1	4	10	10	4	3	10	7	7	7	3	7	10	5	2	4	8	8	5	5	6	10	10	7	2	5	6	10	9	2	3	10	8	8	10	10	10	3	
6	10	2	3	6	4	9	7	7	3	7	9	9	8	3	3	10	1	1	3	4	7	9	2	7	4	10	4	10	5	8	8	5	1	1	3	10	9	5	5	
1	9	5	1	5	10	4	10	10	4	3	10	3	6	5	5	3	8	7	1	4	4	6	3	6	9	9	10	8	2	4	10	5	10	1	7	9	2	5	9	
8	3	4	9	8	2	6	4	1	9	10	8	1	3	10	1	8	6	10	8	3	2	4	1	6	2	7	7	4	6	3	5	2	6	4	7	8	7	2	3	
7	9	9	8	10	3	7	5	9	3	6	4	7	10	2	5	8	9	3	7	9	5	9	4	4	4	2	8	7	8	5	9	7	2	4	2	9	2	8	2	
10	2	2	9	3	6	1	2	6	7	9	4	2	10	2	1	9	7	10	1	8	7	4	3	9	3	4	3	10	4	1	9	2	1	5	2	9	8	3	4	
7	5	4	1	10	5	8	10	10	4	1	3	10	9	5	4	3	3	3	7	10	1	2	9	9	6	5	2	10	6	2	2	3	2	3	3	6	2	5	4	
2	1	5	1	2	9	4	9	9	10	1	3	2	1	7	9	1	3	2	1	3	2	6	8	6	10	4	1	8	10	4	4	9	4	2	2	8	5	8	5	
10	5	9	8	9	6	7	5	9	4	9	2	8	10	2	5	5	8	1	1	1	4	1	1	1	4	1	1	4	4	5	5	1	2	10	1	2	1	7	6	
6	1	4	4	7	4	3	4	10	6	6	9	8	4	6	4	3	5	6	5	9	2	8	9	1	3	6	5	9	10	8	7	9	4	9	6	5	1	1	2	
9	6	10	10	5	3	2	5	2	4	5	3	6	6	3	4	10	4	9	5	8	8	7	7	6	1	4	5	2	1	10	6	2	8	8	8	3	9	3	9	
10	9	3	2	5	4	2	9	2	7	5	6	10	6	6	5	1	7	4	10	6	10	8	8	4	8	3	8	4	8	10	4	4	1	9	2	9	7	8	3	
4	2	2	2	10	2	9	4	10	8	8	8	3	2	10	3	5	8	4	9	5	8	1	7	3	6	9	4	5	10	5	7	7	8	8	10	4	6	10	9	
5	4	2	10	8	1	4	3	10	1	2	4	5	1	4	4	9	2	9	7	7	2	5	2	2	5	5	4	3	2	1	10	4	7	6	5	2	7	6	3	
6	9	6	4	4	9	10	8	7	9	1	2	10	8	5	7	3	2	7	4	10	6	7	2	5	7	2	5	5	10	3	1	2	7	9	7	7	10	1	2	
2	7	9	4	5	10	1	7	8	8	10	7	9	3	1	9	6	1	5	3	5	4	10	10	6	4	10	4	8	9	1	10	6	9	2	2	8	1	5	5	
3	3	8	4	10	7	6	8	7	10	8	8	8	4	9	7	8	6	3	9	2	6	5	3	2	5	1	1	10	5	4	3	4	7	4	10	2	1	8	1	
9	8	7	3	4	4	6	2	4	7	2	2	8	6	1	9	7	4	4	9	1	9	4	10	5	6	7	2	3	5	7	9	5	6	4	7	7	10	1	2	
10	2	1	6	2	8	3	1	5	10	1	7	8	1	10	5	7	2	1	6	5	10	8	9	6	10	5	9	5	4	10	1	6	8	9	10	3	6	10	5	
2	6	2	10	8	2	10	5	1	4	2	4	10	8	4	7	8	6	4	6	4	2	1	8	3	1	3	1	10	2	3	4	9	8	4	9	9	9	6	3	
4	5	7	2	1	10	2	6	9	4	6	6	8	10	8	7	2	4	5	8	9	6	4	7	5	10	10	5	8	10	3	1	8	1	2	9	2	8	2	10	
10	2	6	6	3	10	7	7	4	5	7	1	7	4	9	7	9	2	2	1	7	4	1	6	2	7	5	9	2	9	10	3	4	2	2	6	1	9	2	9	
3	6	1	10	1	5	6	5	4	3	8	4	1	1	1	10	3	1	1	4	10	7	4	6	8	9	8	8	8	7	7	6	7	5	8	6	3	7	9	7	
4	5	10	6	5	4	9	2	1	3	2	2	3	3	8	1	1	3	1	7	3	1	9	7	7	6	5	7	2	8	2	4	1	7	1	10	10	7	5	10	
8	1	10	10	3	9	8	8	7	3	1	10	7	3	1	6	2	1	3	4	3	8	9	10	10	10	3	6	6	7	8	1	5	9	8	8	4	8	10	5	
8	8	10	7	3	10	3	4	3	8	3	2	8	3	1	6	2	4	6	9	1	9	6	2	9	2	4	1	4	1	9	3	5	4	7	10	7	10	1	7	
5	3	10	6	7	9	5	2	7	1	5	5	1	4	5	4	4	4	3	7	1	1	2	6	3	3	2	4	9	4	8	6	10	5	3	5	1	6	4	5	
8	7	9	5	6	7	10	4	5	10	1	9	1	7	9	3	2	9	8	3	2	10	8	5	10	4	7	3	7	4	4	8	8	4	8	4	2	6	9	6	
9	3	10	2	5	5	4	6	4	4	1	10	9	3	1	9	6	1	5	9	7	5	6	5	9	3	8	4	4	10	10	1	5	9	5	9	6	2	6	4	
10	5	3	3	1	5	10	3	5	1	5	1	6	10	2	3	2	7	8	4	3	7	4	9	1	2	4	1	1	6	5	8	2	6	5	10	6	3	9	1	
1	7	1	7	1	7	10	8	7	4	10	8	8	9	3	6	9	2	9	1	10	1	5	1	2	8	7	2	6	3	10	1	7	6	9	10	5	10	3	5	
7	1	8	1	5	9	8	3	2	9	9	8	2	3	7	4	10	1	7	4	3	5	10	10	4	8	4	9	6	7	3	8	7	2	8	5	2	4	9	5	
1	6	6	2	1	2	9	8	7	8	8	10	7	9	9	4	10	10	3	1	4	10	8	10	9	3	5	5	2	5	8	5	1	1	2	2	10	8	3	2	
4	9	8	2	10	9	4	8	3	5	10	7	8	7	4	10	2	10	5	10	2	5	10	4	6	1	8	3	4	1	6	10	7	1	5	9	10	3	7	5	
6	3	9	3	7	10	10	3	5	9	2	1	5	8	1	4	3	4	3	4	7	9	8	3	5	10	6	1	7	1	6	6	10	3	8	3	8	10	9	6	
10	5	10	7	5	10	10	1	9	5	5	8	6	3	8	2	9	3	7	9	1	8	4	6	6	5	10	4	7	3	5	1	1	4	1	10	7	10	5	1	
4	4	2	2	7	1	2	2	5	10	1	2	5	2	7	4	9	1	10	2	3	2	4	1	4	3	6	1	2	6	4	3	6	1	10	9	7	10	2	8	
10	4	9	3	4	1	3	9	9	10	1	6	1	5	2	8	8	3	6	4	10	5	6	1	8	1	1	1	5	1	7	3	2	5	6	1	9	1	5	10	
4	10	4	1	7	3	10	6	9	10	6	9	10	4	7	7	1	4	7	1	9	2	5	4	6	9	2	2	6	10	10	9	9	2	6	6	5	7	7	10	

Stepup times between Families, where [f][f] represents initial setup time
On machine	1
91	44	56	15	96	26	71	29	35	57	6	17	82	1	37	79	55	10	50	99	
57	84	89	59	31	44	78	94	2	91	21	47	14	1	90	23	32	72	73	38	
91	58	88	42	85	69	57	13	59	18	53	24	15	39	42	97	8	97	27	95	
71	8	12	46	65	5	49	9	89	22	7	38	60	72	31	76	22	13	37	12	
91	99	15	64	61	94	13	18	31	61	44	84	87	98	92	84	4	75	11	9	
19	75	27	22	18	85	85	63	62	59	38	22	42	15	18	27	35	47	96	79	
87	22	37	21	88	97	41	19	81	6	34	64	20	99	90	42	6	43	51	13	
47	58	24	44	28	37	67	92	90	67	49	27	100	42	2	12	92	78	6	63	
46	16	67	93	66	58	91	37	23	33	20	21	40	98	59	41	93	21	18	44	
25	19	33	31	15	71	23	94	31	75	72	57	42	36	41	86	44	20	28	8	
33	94	70	13	70	63	46	59	46	39	83	79	48	65	84	19	11	4	35	90	
11	22	59	97	38	10	46	40	87	45	35	10	25	80	95	93	55	37	59	42	
54	79	57	64	48	71	2	74	56	20	95	53	18	21	59	34	1	34	89	93	
2	65	50	24	18	94	44	75	86	4	72	55	14	41	57	7	88	63	59	73	
51	13	11	50	84	38	31	81	91	52	93	93	13	40	79	85	24	88	21	40	
100	12	30	22	17	81	88	93	12	71	30	15	23	94	47	19	83	36	41	37	
28	56	7	24	84	30	98	90	20	29	46	50	75	77	49	18	47	63	4	78	
77	54	96	89	28	19	83	72	69	47	19	95	65	23	95	81	60	63	57	23	
72	35	94	5	73	44	80	51	52	71	13	25	14	4	69	10	14	32	86	98	
41	66	2	3	45	75	44	96	64	64	3	59	15	37	95	77	34	59	13	47	
On machine	2
77	38	81	7	35	12	1	15	30	89	81	21	44	91	66	68	41	53	60	14	
60	55	87	67	6	52	63	13	68	68	70	23	89	10	54	99	97	36	48	99	
11	62	41	44	97	13	50	86	87	46	1	15	97	94	2	2	31	74	31	69	
73	13	12	58	20	53	1	58	66	31	66	15	62	71	59	76	100	60	36	47	
13	92	80	22	62	35	40	45	41	16	23	74	21	4	71	82	31	9	78	7	
21	85	82	39	77	57	86	32	29	56	38	92	43	77	93	32	23	68	29	35	
44	74	10	96	26	47	14	19	77	8	93	47	87	87	93	38	47	34	85	1	
77	61	41	60	27	35	60	16	29	43	32	1	13	25	22	14	18	20	11	50	
6	92	74	22	98	87	35	69	25	7	47	15	43	96	1	9	47	20	84	19	
35	82	54	94	47	59	69	77	37	26	68	47	63	55	68	43	69	70	76	47	
25	25	9	77	4	51	78	87	10	98	59	92	77	68	68	27	74	22	88	76	
65	36	30	37	87	4	77	35	88	88	55	13	54	22	99	31	18	79	63	71	
21	51	59	28	4	17	44	100	51	100	31	44	68	56	41	41	10	62	87	25	
96	58	18	26	16	12	65	67	55	37	58	24	43	78	17	27	38	13	30	4	
93	3	38	52	85	89	53	34	97	71	7	86	4	26	7	43	44	26	71	38	
59	39	93	36	36	59	81	96	54	36	72	88	80	17	100	49	1	3	18	85	
2	50	28	61	72	42	75	72	60	43	4	51	88	75	9	84	53	90	90	83	
61	66	88	23	53	80	99	55	47	66	23	18	80	71	32	35	37	84	6	16	
91	93	37	7	12	91	45	6	44	83	34	10	57	51	99	42	79	47	33	29	
31	10	29	48	40	86	85	32	82	66	55	99	14	19	94	93	47	73	47	30	
On machine	3
20	30	87	39	77	99	30	97	22	50	19	8	5	68	96	79	24	63	8	87	
67	63	16	39	43	49	55	27	47	68	25	72	50	11	82	6	37	58	70	99	
7	77	32	99	70	38	92	76	3	55	5	5	97	54	15	73	49	91	20	73	
54	87	65	6	36	14	99	56	34	68	54	84	52	24	62	87	33	81	16	27	
5	92	36	1	87	13	17	100	33	1	4	36	47	48	85	35	73	16	74	4	
3	6	12	77	8	11	87	27	82	29	74	7	59	91	81	95	1	15	58	42	
22	55	48	24	55	26	9	45	49	39	30	11	97	10	14	30	80	98	41	20	
50	43	72	85	16	48	3	17	75	68	41	7	40	41	9	56	81	1	63	17	
17	88	76	9	10	90	34	46	74	69	6	34	48	81	91	88	25	80	23	69	
30	44	76	68	3	63	96	57	73	13	9	90	88	52	8	69	48	48	45	94	
21	84	86	16	28	5	75	97	28	45	13	59	25	79	37	17	60	9	44	26	
95	6	13	56	2	33	38	72	31	90	62	25	49	55	39	50	95	38	44	88	
31	57	29	40	37	13	41	37	50	16	68	36	52	20	77	37	96	17	70	73	
53	18	67	20	79	43	43	33	56	71	81	88	33	75	51	36	49	14	36	69	
41	66	3	3	27	95	74	7	33	39	92	65	56	2	42	15	26	58	96	97	
71	26	47	22	63	74	42	10	25	51	42	44	66	60	10	10	49	72	75	34	
37	82	43	83	91	77	12	37	70	90	12	17	5	26	66	33	40	48	87	71	
73	90	51	19	16	83	97	89	24	85	30	7	61	80	52	72	59	75	1	2	
16	13	28	74	5	91	70	58	84	100	90	94	46	64	86	5	43	98	60	41	
6	7	17	42	88	80	99	48	31	28	69	88	63	17	35	92	95	41	23	56	
On machine	4
40	90	75	4	75	74	80	7	96	20	83	42	91	75	21	10	26	78	84	66	
95	36	48	56	43	9	43	66	43	60	61	12	47	86	18	92	68	14	97	85	
18	79	1	43	17	19	30	7	11	22	95	27	51	27	5	33	77	72	46	68	
30	100	91	65	73	12	51	27	82	50	5	90	13	86	3	33	74	77	36	55	
12	40	71	66	40	33	77	97	52	80	61	7	15	77	54	84	14	100	21	85	
80	8	12	30	14	100	33	80	90	48	63	27	20	8	5	64	85	46	72	16	
80	84	24	71	67	7	62	89	63	6	33	81	6	86	25	7	48	35	19	19	
75	59	42	94	92	86	45	8	51	62	66	23	70	84	23	51	68	38	99	59	
71	62	43	71	49	7	21	74	71	82	77	98	83	80	74	46	42	50	55	23	
80	5	39	65	88	96	66	12	76	82	13	67	19	84	27	88	7	99	84	14	
31	13	6	70	45	70	95	99	17	57	55	45	31	36	74	56	36	88	48	30	
31	52	95	4	49	5	12	36	27	18	66	65	9	20	63	63	6	93	45	94	
22	81	16	49	69	77	25	25	6	40	50	16	80	94	34	91	31	39	84	59	
30	55	51	19	76	76	57	76	85	41	100	27	59	75	32	15	40	86	46	31	
17	48	8	94	83	50	58	67	65	15	41	43	18	100	66	65	69	35	45	54	
50	42	71	85	23	80	81	100	67	17	98	87	17	92	10	25	80	62	99	69	
41	46	40	15	2	9	5	11	14	66	78	76	77	20	75	13	70	14	60	36	
50	24	40	68	82	1	28	81	88	40	57	85	17	94	89	9	7	32	98	92	
5	21	23	67	91	67	64	46	89	47	88	26	69	61	42	32	21	49	89	1	
33	22	35	94	41	1	83	65	67	90	78	96	26	73	99	91	23	39	26	77	
On machine	5
23	30	3	47	17	14	70	67	97	65	42	6	58	50	75	36	23	94	36	1	
96	35	48	9	23	100	47	51	54	60	21	57	48	94	63	19	62	34	29	50	
38	90	19	19	44	95	83	8	37	12	82	34	86	51	82	65	74	72	95	27	
6	83	8	59	68	25	77	1	50	37	27	49	1	14	8	5	57	61	76	26	
82	49	10	99	40	55	90	64	15	35	87	36	81	26	53	15	80	54	45	57	
7	71	8	87	37	43	81	71	68	16	33	2	87	8	24	61	38	93	86	23	
8	55	91	38	27	79	58	80	11	93	83	32	4	20	56	49	22	68	97	62	
30	64	44	2	43	45	88	3	72	83	15	89	15	11	26	68	66	24	24	66	
14	6	27	38	22	96	50	38	33	88	38	34	74	37	63	85	66	64	45	39	
15	67	32	27	92	62	97	99	68	79	95	43	72	5	100	62	19	11	15	51	
5	61	66	46	8	71	15	33	4	17	65	29	14	27	28	33	17	58	64	79	
17	26	78	4	61	82	48	37	70	45	39	11	98	54	2	35	84	30	28	82	
98	40	98	6	29	6	90	18	36	54	39	63	99	47	91	4	21	49	97	62	
20	74	50	27	72	83	17	8	3	10	70	66	83	17	85	10	32	47	84	59	
56	94	54	47	56	57	80	13	17	62	63	50	99	74	12	35	80	84	37	82	
72	12	73	2	24	81	86	88	40	28	40	51	42	70	92	36	35	100	66	31	
44	98	52	17	46	22	88	94	37	5	40	80	11	94	8	36	79	46	44	61	
80	20	91	83	57	54	95	6	97	56	73	83	27	79	83	90	9	88	52	21	
84	42	92	35	89	85	52	4	3	45	61	92	93	99	76	67	89	34	17	40	
45	69	92	49	12	42	67	97	53	50	6	55	92	11	7	50	13	82	81	62	
On machine	6
9	91	87	82	62	37	5	70	90	18	39	99	63	47	21	64	17	12	97	16	
81	42	94	61	25	40	93	39	7	39	11	29	7	10	27	43	83	6	84	52	
73	91	88	14	43	34	90	93	14	87	89	24	81	6	30	94	11	42	40	51	
72	18	90	9	4	84	41	22	28	74	30	67	13	87	86	26	62	70	68	19	
69	25	79	76	14	8	93	67	39	75	90	84	83	74	5	67	96	3	4	79	
86	13	27	84	10	27	67	15	99	63	95	51	16	57	86	65	55	86	70	15	
92	17	77	2	32	31	82	27	79	45	18	79	16	24	59	6	97	44	88	100	
87	49	79	24	78	66	52	30	88	39	82	100	78	90	47	80	20	76	11	64	
10	33	29	62	31	73	17	18	97	88	61	45	97	37	31	95	8	54	71	9	
45	3	21	71	74	72	5	35	58	99	57	15	37	43	78	71	45	61	63	35	
30	89	14	51	81	93	32	12	21	68	92	22	3	42	15	70	11	49	74	23	
38	83	19	75	6	95	21	95	92	53	23	27	13	30	63	94	35	86	67	46	
93	4	79	58	14	88	28	29	85	95	32	71	28	16	67	93	59	28	2	62	
16	79	98	86	21	38	79	93	68	21	22	94	61	42	19	49	40	37	59	3	
21	29	5	51	77	46	39	76	27	64	16	38	35	69	56	65	90	27	83	69	
31	97	89	7	23	78	22	66	95	53	13	41	2	22	78	76	8	25	44	25	
11	71	48	34	83	85	36	40	89	24	51	90	24	77	62	98	42	88	46	22	
98	64	66	47	76	60	19	62	58	69	94	28	97	35	35	32	36	57	48	42	
8	5	47	91	19	31	71	34	71	32	68	37	49	62	58	12	83	10	16	68	
42	91	5	96	8	89	31	89	80	76	2	28	74	62	83	88	41	18	81	72	
On machine	7
28	18	92	69	25	75	5	24	28	88	45	95	52	37	61	70	89	17	44	100	
53	34	47	45	100	71	62	98	18	37	64	63	56	38	33	89	81	28	22	92	
74	26	33	83	92	20	49	73	18	83	8	6	62	23	35	98	32	20	42	85	
28	82	60	12	95	33	65	35	86	11	62	48	46	8	29	78	79	53	62	94	
62	36	1	50	100	99	18	83	77	17	25	80	25	48	9	83	46	21	14	60	
82	14	81	83	99	94	1	3	40	78	28	72	89	6	60	53	98	86	23	51	
36	14	76	28	44	27	58	63	40	44	57	83	95	59	71	46	81	65	37	20	
79	5	75	76	24	71	74	6	36	4	75	10	3	51	42	76	94	79	57	65	
65	52	94	69	24	100	96	72	36	15	77	66	13	40	7	62	22	93	16	78	
38	9	6	97	72	45	57	13	97	29	24	56	74	83	9	89	18	23	20	94	
1	21	48	48	5	93	91	9	31	14	81	9	5	17	16	68	95	98	39	39	
55	31	80	29	14	87	73	20	32	82	78	28	11	44	31	19	27	35	69	89	
64	29	51	82	52	16	9	70	50	59	65	57	80	74	84	35	93	98	44	49	
70	60	7	53	58	90	26	70	95	38	51	100	92	9	28	50	3	55	57	44	
47	65	27	43	63	14	98	47	48	99	32	1	13	41	19	69	67	17	85	34	
42	5	82	91	83	80	30	12	95	84	35	86	90	27	5	86	36	72	52	65	
10	54	2	8	84	41	22	2	53	99	16	14	39	42	46	41	65	49	66	37	
7	84	92	15	9	44	99	10	47	98	15	40	71	43	70	13	55	40	63	65	
96	90	78	59	7	48	62	16	95	36	27	68	68	4	76	75	98	62	60	50	
21	46	91	89	51	30	7	28	6	86	96	33	5	61	85	89	41	59	51	40	
On machine	8
24	77	31	58	12	22	39	67	76	76	61	79	61	30	88	79	67	59	3	11	
66	91	39	100	11	32	99	31	49	8	42	30	65	28	40	67	89	20	5	51	
96	97	62	45	79	68	13	39	62	58	100	87	70	35	17	22	14	70	9	54	
19	25	93	90	93	21	43	58	26	73	29	42	65	19	43	71	35	75	84	84	
9	3	95	63	35	26	90	44	2	29	18	1	16	43	4	51	44	8	12	39	
28	56	8	81	23	17	100	85	2	30	47	59	7	18	72	81	55	9	54	34	
64	8	20	53	15	58	77	33	14	57	7	92	46	15	74	63	71	15	84	92	
92	15	59	27	84	79	31	25	36	90	8	83	47	55	25	1	5	67	50	46	
96	81	72	2	72	57	95	77	35	21	37	68	99	73	40	13	28	43	95	20	
30	10	89	75	60	34	99	10	16	96	65	60	77	78	74	100	15	54	75	35	
74	55	13	64	61	48	50	97	60	80	41	98	28	46	37	52	74	94	92	51	
26	7	64	99	5	30	30	88	89	46	21	40	37	58	93	5	61	52	84	14	
23	12	30	66	5	32	28	75	85	29	8	38	59	90	95	80	25	95	80	74	
93	5	11	16	6	48	4	58	60	25	43	29	25	9	75	37	48	74	6	3	
89	84	73	20	45	7	76	42	72	55	16	11	32	67	59	48	20	94	100	96	
64	75	95	25	3	57	47	98	82	43	54	46	7	87	61	27	98	44	94	50	
46	68	14	23	60	68	14	12	47	49	51	99	24	43	12	79	84	22	65	78	
85	38	58	72	54	47	74	91	41	95	72	60	76	44	73	73	4	45	64	3	
20	47	46	54	1	99	2	90	28	90	4	44	9	97	4	10	10	22	90	87	
7	11	3	15	17	6	10	1	8	96	32	78	62	70	29	89	37	16	76	83	
On machine	9
55	60	93	73	16	51	85	12	80	86	82	64	75	16	51	52	53	29	98	21	
57	22	43	16	61	48	96	41	47	99	16	6	46	80	44	49	16	100	29	49	
31	94	5	46	37	94	48	98	29	3	22	19	82	88	62	22	98	31	31	86	
63	46	72	98	77	78	57	95	96	76	31	90	91	53	37	60	30	97	29	70	
83	99	65	23	59	24	87	56	16	82	69	39	94	95	33	20	18	70	88	76	
21	75	97	22	53	17	72	78	96	77	36	8	22	37	54	66	9	28	18	1	
19	44	99	93	23	12	55	27	35	48	8	95	65	93	93	94	100	21	27	45	
98	50	7	79	35	53	40	91	31	95	65	34	39	47	65	80	50	63	65	28	
23	92	78	33	19	58	60	73	44	85	38	45	37	64	91	3	20	67	24	84	
1	52	34	54	5	66	27	35	16	46	28	90	34	94	10	9	80	98	10	24	
29	8	25	37	95	35	67	29	24	12	98	62	8	25	71	50	5	61	69	74	
7	27	77	74	21	62	4	52	26	6	22	63	24	44	32	54	31	76	57	93	
31	70	70	27	19	41	90	37	21	4	90	82	58	33	14	59	27	20	80	93	
80	72	46	1	92	88	18	3	17	65	11	22	82	6	67	83	10	92	8	52	
99	55	48	87	42	60	12	55	93	9	41	9	42	21	100	3	26	57	100	33	
34	47	91	1	80	5	43	73	5	66	48	90	46	50	81	56	17	36	46	23	
85	83	49	48	57	78	9	92	81	13	78	64	9	99	55	73	25	93	28	86	
5	19	100	4	62	13	86	66	14	53	66	17	33	15	46	1	48	61	97	85	
37	1	40	91	82	31	68	71	42	15	47	46	89	7	58	70	12	13	42	64	
78	3	50	85	61	90	65	29	15	28	60	85	70	85	94	51	2	17	97	51	
On machine	10
54	36	40	88	14	50	87	55	51	36	19	7	63	78	19	58	19	11	57	71	
7	30	97	21	89	74	99	87	32	64	80	28	41	31	2	52	15	68	19	16	
100	15	67	27	72	66	61	65	57	61	28	72	47	86	78	13	57	94	36	84	
8	11	55	39	16	91	15	20	4	77	58	68	37	71	95	59	50	60	99	22	
15	10	68	16	3	14	37	72	34	87	73	65	19	64	67	79	18	58	45	81	
41	98	43	52	40	34	31	15	19	10	99	36	95	5	55	30	91	65	19	30	
13	43	62	63	91	94	96	1	47	91	13	65	63	77	52	27	77	54	19	16	
82	5	87	71	31	78	51	78	68	55	68	80	77	68	43	17	67	69	90	16	
64	26	95	76	49	31	63	50	46	25	27	54	51	30	68	84	46	8	8	5	
37	96	31	38	2	84	75	40	96	93	36	57	60	87	15	58	91	41	93	29	
41	65	6	28	19	3	78	87	29	61	64	23	15	4	26	7	65	97	72	20	
12	98	56	15	19	78	88	94	62	85	26	67	81	65	29	47	53	10	25	15	
63	12	73	19	61	91	39	88	32	58	32	84	54	52	8	39	89	83	80	44	
77	45	85	89	19	5	24	59	1	98	85	97	56	58	13	58	11	69	95	33	
2	35	40	1	11	87	89	69	75	6	45	41	28	96	64	10	62	45	67	51	
24	14	5	16	80	73	14	75	49	46	54	85	64	48	35	78	77	68	63	32	
16	95	20	25	88	14	21	71	50	25	58	19	57	8	2	81	72	82	56	15	
36	3	11	80	72	29	11	100	98	89	65	17	41	86	1	43	72	10	57	35	
83	5	80	36	16	59	28	92	55	93	45	94	11	10	36	11	73	94	10	90	
62	15	33	35	8	28	63	16	76	58	72	23	90	89	7	10	93	11	75	36	
On machine	11
89	99	36	71	90	44	95	62	44	7	98	45	31	7	9	87	39	15	76	39	
72	65	70	14	94	69	29	92	61	76	35	61	23	66	68	10	2	78	61	72	
19	16	93	4	87	23	2	64	82	96	22	49	45	3	26	77	12	49	91	75	
35	62	35	40	36	19	38	52	86	82	78	38	69	81	31	12	82	25	28	19	
79	100	74	22	90	44	18	72	91	81	56	90	12	13	8	65	36	63	30	45	
62	62	58	51	47	82	6	57	50	3	2	56	68	37	56	41	48	24	92	82	
71	70	10	46	27	69	27	55	60	13	8	40	59	21	16	20	47	48	24	62	
69	15	82	6	85	69	79	98	69	48	65	48	20	98	55	55	100	2	57	55	
35	4	95	34	16	26	70	85	16	17	87	64	63	84	86	89	52	71	77	90	
20	14	24	69	71	66	48	4	59	20	77	65	53	90	1	63	53	15	42	69	
98	51	41	70	66	29	11	54	95	67	64	57	38	59	59	98	15	27	33	89	
77	60	66	72	3	66	16	66	3	51	57	25	34	88	59	61	56	40	85	69	
97	96	13	46	13	16	96	18	36	76	74	11	73	92	3	60	64	15	57	63	
5	70	42	60	91	54	28	29	92	4	8	26	71	16	48	42	8	47	64	30	
19	60	19	82	43	18	5	66	44	35	56	43	79	100	95	74	29	83	26	1	
43	37	15	43	56	66	77	40	63	85	63	62	39	77	71	49	96	72	96	22	
83	37	100	70	57	73	18	89	9	1	15	81	88	91	80	27	52	98	31	9	
3	95	29	65	100	6	19	73	83	24	32	79	14	85	63	51	84	85	81	19	
77	75	44	14	19	82	77	12	23	48	95	57	91	36	66	47	34	38	7	50	
68	36	4	82	28	87	71	63	47	64	22	32	20	89	81	20	72	27	87	50	
On machine	12
62	36	38	99	71	3	17	10	70	87	95	51	96	10	14	30	82	72	5	61	
11	70	54	25	7	47	18	22	96	72	22	59	20	62	14	28	31	90	28	75	
95	44	99	56	18	41	24	16	91	46	61	70	18	64	56	18	76	97	27	89	
50	98	1	4	10	43	99	71	4	56	45	89	94	81	54	86	66	93	39	56	
67	34	94	26	62	36	78	82	58	39	3	92	38	17	14	83	42	9	59	1	
70	25	20	58	10	90	50	69	16	26	99	89	50	76	78	36	7	43	6	21	
46	53	95	80	77	74	51	80	87	9	72	97	15	21	75	74	51	11	25	4	
93	36	79	79	73	61	67	17	63	78	29	57	26	3	3	41	26	79	5	71	
42	8	44	44	9	100	33	26	17	97	8	100	60	15	93	47	35	27	42	56	
24	91	7	71	80	69	51	70	57	74	8	55	33	48	93	1	63	50	89	90	
73	18	46	40	62	55	87	37	56	60	3	17	22	8	68	2	20	12	43	72	
55	2	28	20	83	59	95	37	2	23	72	65	74	27	9	13	22	48	50	52	
57	62	66	74	3	80	43	12	49	74	74	86	47	34	100	83	40	51	12	60	
60	75	18	8	40	61	15	51	40	50	2	17	17	19	35	1	93	26	69	53	
67	16	25	32	5	12	65	16	48	82	58	49	83	54	95	2	52	34	37	57	
28	49	35	84	44	30	69	18	28	96	51	70	34	47	28	36	14	75	99	78	
48	95	35	29	99	81	10	52	17	80	71	43	43	2	44	24	43	11	45	86	
18	9	63	63	75	89	71	28	5	91	50	90	40	46	29	27	74	2	41	21	
7	81	61	26	88	59	27	37	76	93	27	69	93	13	49	23	73	84	94	80	
82	64	66	95	50	75	81	16	58	34	98	62	51	35	75	70	39	41	50	44	
On machine	13
6	90	99	42	20	88	91	67	40	19	88	73	1	30	67	94	4	2	50	71	
43	26	98	19	44	53	64	70	25	1	86	93	82	33	96	53	48	50	39	98	
48	29	35	95	23	21	8	78	85	31	86	45	99	89	93	27	6	98	1	71	
13	53	6	51	58	66	12	24	71	43	15	49	2	72	65	5	23	73	82	28	
42	50	51	30	8	34	6	78	86	48	46	85	83	15	92	47	73	49	53	48	
60	47	41	39	30	47	63	71	90	50	17	84	45	27	2	57	66	75	63	21	
95	62	11	3	96	34	86	64	36	59	16	100	96	70	77	81	90	6	36	39	
18	84	45	41	69	78	43	2	7	87	22	96	5	84	28	17	55	58	42	11	
45	54	85	86	41	25	21	75	36	81	10	23	53	3	33	56	39	3	34	11	
17	45	52	67	16	2	80	68	40	66	10	88	94	7	28	90	34	50	40	80	
47	56	95	79	15	72	55	68	17	18	87	37	91	91	53	20	57	92	41	32	
47	4	14	50	75	10	68	73	91	54	1	13	100	27	89	72	71	17	17	50	
90	56	1	79	34	100	28	38	83	42	33	92	13	15	80	9	70	36	46	67	
9	78	45	81	65	42	10	41	61	100	64	25	38	59	93	3	29	8	19	51	
47	24	69	41	53	43	38	7	25	3	59	75	59	92	80	17	40	97	62	63	
77	11	76	78	38	93	71	85	8	23	4	56	27	91	80	78	64	96	86	1	
16	49	52	14	93	2	53	72	21	37	71	94	52	76	37	81	29	100	59	78	
75	13	96	68	66	45	16	76	49	83	26	46	9	60	96	3	76	43	78	95	
27	88	79	57	28	54	34	97	43	42	1	38	83	83	79	95	29	39	47	83	
60	42	63	83	2	70	46	3	79	50	41	54	42	60	84	89	100	64	24	82	
On machine	14
41	94	28	64	63	99	5	3	50	6	30	18	25	46	72	47	87	30	73	17	
90	93	32	76	10	43	68	61	97	32	68	82	78	79	57	28	56	62	66	45	
52	28	9	77	85	99	67	60	50	71	74	86	37	71	4	77	4	47	68	26	
1	9	59	98	6	7	61	44	80	73	53	4	55	71	48	29	59	74	58	38	
5	43	29	30	65	16	56	2	91	26	75	4	3	15	100	25	1	33	61	97	
69	62	63	14	76	81	95	50	7	69	34	18	95	9	38	36	93	60	19	15	
99	54	31	58	4	2	58	45	72	61	36	82	63	95	28	35	89	24	85	23	
74	22	79	32	25	81	89	69	86	99	24	3	20	50	98	92	51	22	40	34	
54	11	49	1	84	34	52	88	33	43	43	41	43	31	85	31	26	55	53	36	
87	97	76	15	71	17	93	19	36	91	55	89	8	55	15	62	62	41	39	13	
73	66	77	100	46	98	80	60	26	7	91	14	16	14	51	55	68	41	84	55	
95	57	47	2	93	9	39	14	77	10	64	9	71	69	83	39	60	86	59	86	
45	65	83	58	73	78	57	50	49	57	27	59	77	68	32	16	29	41	9	49	
15	3	72	1	46	12	9	70	36	26	23	34	68	38	61	93	35	50	74	52	
84	81	30	100	41	5	62	3	60	36	69	62	10	11	79	68	19	35	22	14	
74	48	76	52	6	48	45	54	93	52	53	70	72	45	20	81	91	46	24	57	
99	24	14	26	73	58	37	47	65	62	80	31	50	79	22	15	31	68	6	82	
11	9	12	4	6	29	14	87	76	68	75	64	81	18	26	84	61	68	98	70	
92	65	89	56	53	15	73	20	12	23	38	61	70	46	9	45	36	33	12	70	
91	84	79	64	70	51	39	25	41	97	53	52	100	32	42	98	83	48	72	18	
On machine	15
44	47	51	46	25	49	33	6	48	34	2	93	72	69	64	58	95	33	78	73	
57	65	32	37	86	99	22	72	82	70	36	89	52	30	10	34	44	8	15	27	
18	26	92	93	72	62	98	1	75	94	15	95	1	28	29	27	41	55	63	67	
40	73	17	71	18	38	66	28	8	42	89	34	49	54	73	77	50	73	52	10	
26	8	46	99	42	38	81	43	17	66	83	15	92	46	39	86	92	25	93	41	
40	34	53	50	9	79	62	65	14	73	32	89	61	69	50	2	59	79	87	4	
27	81	59	19	50	11	90	86	49	90	13	24	8	6	48	17	90	39	91	83	
81	1	80	65	51	52	64	24	76	4	57	79	14	69	15	91	3	89	34	12	
90	48	4	70	61	5	14	36	85	60	48	93	14	95	45	59	28	13	8	28	
98	59	33	67	14	45	99	84	86	69	34	27	82	65	64	79	58	15	31	98	
8	48	37	35	21	58	74	46	25	91	22	87	72	62	61	18	60	36	11	90	
79	33	91	89	49	88	41	90	67	16	11	52	42	25	85	90	18	90	89	27	
60	76	34	9	90	59	91	44	75	92	34	76	75	2	45	7	12	13	41	20	
72	56	37	37	88	94	6	78	38	27	76	62	24	71	55	45	89	32	39	14	
15	8	77	83	41	93	100	87	53	52	86	88	30	47	66	50	20	43	30	26	
56	69	96	30	90	96	87	55	20	55	31	20	97	59	32	59	25	21	35	21	
50	97	86	59	48	69	54	78	65	39	78	2	57	80	77	3	4	52	16	72	
39	78	89	9	64	7	43	58	20	33	64	29	75	60	71	68	75	30	93	66	
48	68	54	52	40	93	51	14	33	89	47	36	23	8	79	90	20	27	10	79	
29	79	69	49	27	66	58	92	69	7	15	50	56	97	17	22	81	2	18	47	
On machine	16
41	40	40	94	83	21	95	26	1	11	16	56	100	70	3	84	34	21	46	83	
72	42	19	21	69	6	12	36	100	4	85	81	89	89	74	99	51	56	6	38	
100	31	35	34	94	18	90	88	52	82	61	64	100	76	75	95	95	27	4	59	
30	96	25	85	60	33	15	82	32	91	83	38	8	43	57	64	49	35	21	74	
34	22	9	67	47	82	53	14	75	9	11	62	82	100	50	82	6	50	81	12	
8	29	68	61	10	52	59	71	48	29	94	81	23	27	87	1	55	30	66	7	
36	78	69	58	44	46	72	25	68	38	77	96	78	42	71	99	16	44	40	54	
84	44	7	37	95	35	43	78	8	94	89	33	43	79	36	99	17	24	11	18	
85	7	95	55	47	35	5	5	36	56	50	86	31	52	61	60	51	64	45	17	
100	9	8	66	46	8	91	12	44	92	18	92	89	51	78	45	1	42	22	19	
6	41	59	82	4	61	96	60	54	84	12	83	41	10	5	78	99	74	29	30	
49	5	19	4	9	44	60	29	3	32	42	72	88	29	24	28	35	44	88	37	
96	78	90	8	82	99	37	62	10	67	35	96	100	51	72	29	32	80	23	16	
93	5	52	53	40	6	89	53	29	3	12	48	98	9	1	3	56	43	28	70	
53	29	77	91	10	85	74	40	42	30	72	49	28	62	82	42	18	34	50	59	
37	43	17	41	7	95	62	16	2	74	38	9	62	14	46	39	34	93	24	60	
20	86	31	85	35	1	58	42	68	31	23	90	23	1	24	55	31	31	73	72	
8	56	67	44	33	96	52	67	45	26	92	10	69	84	76	15	58	20	49	45	
100	24	11	61	28	75	15	18	74	65	53	71	39	53	14	66	88	30	89	47	
86	4	16	61	93	12	38	8	18	13	55	72	86	24	71	97	39	3	50	52	
On machine	17
5	57	44	48	37	61	16	52	13	16	74	24	17	8	6	14	88	6	67	8	
46	78	15	31	56	61	43	30	84	48	91	98	15	19	4	84	24	76	81	9	
55	42	43	82	74	20	39	57	79	86	97	62	86	9	7	53	40	10	59	30	
76	41	100	59	93	75	14	98	68	22	53	30	23	39	52	48	6	89	66	69	
49	16	21	95	95	32	73	63	25	31	31	12	98	16	42	93	53	37	6	51	
44	96	44	35	16	61	41	87	4	95	70	23	83	16	78	70	4	6	62	40	
64	32	94	62	18	100	57	16	45	94	31	43	40	20	37	31	2	39	5	6	
41	83	6	10	19	83	66	91	57	55	58	57	64	1	6	73	45	21	81	33	
5	84	63	49	24	88	85	19	37	54	25	86	31	63	100	83	95	31	67	72	
10	71	17	41	1	78	73	48	65	75	94	76	68	33	60	85	9	18	13	22	
78	68	37	83	68	49	10	85	79	89	51	63	100	42	62	78	43	51	88	60	
81	54	3	64	30	75	35	41	50	36	10	89	72	62	29	92	60	79	68	81	
93	6	36	92	70	88	54	77	19	25	34	92	2	82	30	10	47	31	52	78	
83	60	7	23	64	64	41	13	85	31	76	63	95	41	98	92	13	65	58	40	
52	50	77	1	18	19	89	81	72	6	95	71	53	80	3	21	88	83	32	28	
9	11	69	42	33	69	67	39	28	25	39	23	62	63	39	50	96	21	37	38	
19	15	4	93	51	47	97	71	14	13	83	82	71	25	22	58	85	52	89	12	
95	21	68	41	30	81	25	44	80	76	97	64	63	57	34	67	13	76	30	12	
70	28	30	38	88	80	76	40	89	29	34	36	74	67	84	67	63	2	63	95	
63	73	35	100	5	86	98	83	87	53	10	48	42	86	89	58	55	76	47	72	
On machine	18
80	59	52	38	34	48	98	96	33	8	33	54	44	98	77	10	11	97	92	41	
30	61	13	36	84	93	4	82	80	53	15	34	19	80	20	91	90	13	55	17	
69	97	67	82	72	37	28	49	8	70	68	51	81	80	54	60	8	3	30	23	
84	11	67	56	97	15	97	2	66	8	71	38	66	83	84	78	1	8	56	97	
49	1	61	22	53	90	19	24	52	22	17	37	93	18	92	33	98	32	97	60	
67	47	66	62	44	93	57	83	37	29	5	24	49	38	61	48	73	71	26	90	
86	69	95	15	86	74	51	43	2	87	86	89	76	8	28	46	52	39	46	12	
59	46	15	55	52	37	46	89	45	35	100	49	73	80	17	93	80	11	70	94	
50	12	17	20	17	37	48	41	100	45	95	86	28	45	1	77	30	78	45	81	
53	59	69	43	38	71	87	49	9	93	13	16	77	28	30	93	99	77	55	20	
63	23	4	37	79	37	48	64	84	85	6	3	22	85	93	40	100	10	32	96	
80	17	18	94	16	97	85	25	36	68	49	46	38	29	24	32	28	70	72	80	
73	67	33	35	27	54	7	1	39	13	29	93	81	13	55	75	89	4	26	68	
23	53	62	40	55	71	93	16	68	87	33	18	22	10	13	6	16	43	48	42	
31	76	11	38	13	6	66	24	86	13	84	86	33	6	34	81	69	69	1	8	
70	34	23	22	81	55	91	80	86	54	20	2	49	47	28	67	51	61	93	36	
87	37	48	45	16	98	5	38	33	31	29	97	18	86	69	31	96	91	28	64	
76	97	35	14	56	22	16	61	83	32	85	93	3	70	86	24	35	1	50	71	
25	41	4	18	72	20	72	6	7	20	70	3	70	6	69	66	13	45	1	4	
46	81	25	35	37	26	26	73	31	88	86	95	19	36	80	44	5	42	100	66	
On machine	19
16	28	53	20	65	87	6	68	6	77	62	59	15	31	3	59	24	64	12	16	
54	57	29	87	19	2	91	86	100	93	25	20	89	82	99	8	36	7	29	59	
21	60	26	23	46	69	5	21	89	23	39	19	2	13	67	78	87	36	30	1	
21	77	55	35	13	65	82	2	67	33	27	65	2	88	10	7	76	53	92	64	
22	33	29	51	51	88	19	21	49	59	5	85	73	34	1	36	45	79	63	79	
23	35	60	3	19	31	86	24	15	70	96	93	43	65	48	63	52	51	83	31	
25	66	48	37	75	1	13	35	32	71	22	23	79	76	88	80	42	83	9	66	
90	72	13	67	58	43	56	4	37	96	17	45	29	72	7	2	24	44	73	7	
82	37	59	89	55	88	74	97	99	78	89	60	66	43	82	3	45	3	31	5	
14	25	58	23	39	7	17	95	26	1	70	45	100	57	62	9	15	67	88	9	
80	6	88	78	93	3	41	8	71	33	100	32	72	32	38	16	90	82	3	9	
35	70	28	4	84	59	38	89	4	45	64	29	71	70	23	97	62	100	64	83	
65	37	14	61	74	47	32	1	83	24	5	39	83	85	6	61	29	55	44	74	
9	14	79	28	83	22	62	69	42	18	32	16	17	99	78	9	100	97	14	41	
13	11	87	94	76	77	2	15	56	69	96	51	63	3	41	67	61	62	93	53	
47	70	25	18	49	87	12	32	2	41	94	60	32	2	65	86	36	10	82	27	
15	77	58	46	8	38	29	66	72	74	60	50	39	2	94	62	41	17	60	93	
49	73	57	40	93	37	70	66	62	47	83	12	85	72	18	59	2	8	97	32	
12	90	22	31	54	95	97	75	68	54	17	97	84	84	19	19	6	40	28	63	
31	50	45	75	70	92	79	35	45	42	27	98	77	26	28	45	74	26	56	74	
On machine	20
98	80	33	91	64	30	99	57	14	51	77	44	62	46	75	48	7	58	35	54	
47	58	44	23	52	10	46	48	93	37	64	2	99	24	74	92	88	35	27	7	
46	23	14	18	23	63	23	18	23	43	96	71	66	82	72	20	20	22	64	99	
51	74	89	60	64	99	65	28	4	51	57	45	36	26	50	100	58	57	67	62	
42	33	63	51	70	32	75	60	90	91	22	70	62	75	94	36	12	31	46	98	
68	34	58	6	7	81	55	15	56	20	28	83	85	30	84	65	5	30	16	40	
68	91	47	71	24	50	85	77	95	66	45	10	49	36	94	79	43	21	15	90	
84	77	62	74	63	53	66	90	61	27	33	79	52	19	20	51	9	38	68	23	
22	95	77	13	26	10	69	47	93	64	3	66	55	14	25	50	84	1	98	45	
9	6	96	54	6	80	9	37	99	74	20	36	100	93	75	63	92	70	91	83	
32	44	15	55	91	20	80	88	53	56	61	23	62	21	14	33	48	100	98	59	
92	32	21	33	61	50	27	87	81	1	67	46	28	7	95	72	62	84	24	84	
1	85	49	24	11	51	63	7	100	17	95	89	95	15	87	93	69	5	73	26	
43	20	78	93	82	19	43	14	48	88	26	93	52	100	46	55	60	80	58	57	
6	54	59	76	29	23	69	82	13	14	9	88	70	5	40	68	85	59	78	44	
3	86	55	28	94	97	58	29	26	52	85	90	72	14	4	72	53	92	25	24	
44	13	78	91	64	70	5	70	25	22	41	39	1	60	86	60	44	56	39	37	
31	15	30	3	100	51	60	72	79	54	45	36	43	90	50	62	75	93	29	91	
50	18	56	46	54	28	98	14	45	69	67	72	49	45	82	16	21	100	80	76	
59	42	26	22	17	77	43	99	99	20	3	17	41	10	35	54	20	37	34	41	
On machine	21
70	80	36	73	64	23	69	8	92	45	4	30	90	86	100	13	34	94	30	75	
70	94	88	17	34	70	78	59	5	34	79	18	49	13	99	81	67	55	54	11	
32	54	55	47	51	83	66	61	26	42	3	73	42	23	84	26	27	90	68	64	
56	33	21	76	13	45	87	83	98	18	39	54	57	7	46	86	26	29	66	12	
86	99	41	46	6	15	91	94	86	78	79	46	34	77	80	72	83	30	94	68	
41	85	90	53	7	4	42	77	16	53	70	68	33	30	78	21	71	78	49	1	
66	22	33	56	42	46	52	86	45	73	58	4	57	30	48	47	55	57	61	56	
32	13	59	85	47	52	96	3	52	16	29	84	83	94	43	87	64	48	64	89	
78	31	76	62	21	91	89	69	64	62	71	40	94	3	13	48	9	23	4	67	
45	69	77	35	18	47	72	38	60	59	82	42	86	38	64	23	49	38	57	38	
31	32	66	45	71	14	47	64	86	57	90	98	26	5	39	37	46	51	38	14	
39	87	8	64	42	48	22	74	38	9	3	35	6	93	57	98	74	37	51	62	
46	12	1	20	44	96	100	98	68	55	11	30	48	4	46	64	41	95	37	76	
63	39	45	64	75	87	71	68	23	94	47	66	50	98	67	64	98	42	11	52	
14	64	48	39	84	51	74	9	7	29	19	33	8	95	69	48	82	72	93	26	
23	8	28	19	85	74	6	3	29	11	66	17	10	56	25	5	85	30	3	56	
60	17	26	84	5	79	36	7	65	58	95	25	85	31	90	26	71	80	55	48	
55	4	87	41	76	33	74	95	73	46	44	89	49	39	75	81	95	22	38	83	
94	31	96	52	33	51	1	10	84	35	38	56	42	15	39	61	26	73	43	18	
8	68	18	75	17	59	98	81	33	88	74	73	28	65	10	4	35	52	29	92	
On machine	22
33	49	99	18	98	46	54	36	38	74	35	93	100	30	45	47	33	57	14	84	
16	9	46	68	28	47	95	17	72	86	13	12	86	41	1	3	45	59	100	88	
47	15	71	9	67	66	49	56	64	61	33	57	87	81	88	45	9	12	4	70	
3	69	62	33	37	79	94	55	81	48	85	54	54	56	63	97	73	43	89	15	
2	15	45	17	34	96	77	79	51	82	37	16	65	49	88	79	12	16	48	21	
49	76	16	4	54	73	71	30	28	92	31	55	3	11	31	47	89	19	21	28	
31	56	18	10	36	42	39	63	30	86	84	25	38	66	71	26	99	26	11	56	
18	43	73	37	52	93	23	76	97	72	67	44	16	50	87	89	46	60	34	57	
71	38	13	65	15	48	32	68	41	87	50	58	42	59	20	8	24	17	40	72	
81	16	33	5	38	96	71	24	31	16	27	52	12	4	65	10	56	45	83	32	
93	16	78	65	77	68	76	10	28	24	56	74	5	40	69	8	89	78	55	96	
6	88	76	69	88	33	86	43	54	13	46	49	26	17	69	12	10	66	52	4	
62	100	61	66	18	2	100	11	90	56	3	29	99	86	42	16	99	87	14	46	
71	76	12	37	77	46	84	40	41	77	94	80	92	87	100	37	39	56	18	30	
24	79	39	50	82	52	57	91	38	12	35	11	58	54	40	40	73	71	2	64	
14	61	16	14	6	67	41	19	40	56	51	69	31	5	3	27	72	96	53	21	
92	2	25	43	36	67	63	24	6	13	61	9	86	42	71	9	22	14	32	80	
98	24	98	23	20	47	54	74	27	57	33	16	77	35	46	14	75	3	13	46	
60	6	11	70	24	44	15	26	22	74	13	98	72	43	29	12	22	98	41	4	
26	74	6	17	38	1	45	71	86	47	94	89	84	99	61	52	5	56	72	45	
On machine	23
82	85	7	28	30	32	46	45	98	64	96	12	82	53	80	51	14	10	89	38	
29	13	77	90	85	29	71	35	87	64	69	77	68	26	59	92	53	41	26	58	
2	71	7	59	93	97	3	39	5	53	99	45	73	54	8	48	35	74	53	70	
40	89	40	82	14	65	65	26	100	53	12	42	56	89	46	56	66	78	91	88	
40	34	83	94	33	51	65	13	63	100	7	50	8	52	51	53	11	46	45	3	
39	48	54	78	35	44	4	45	54	28	28	35	42	9	68	97	1	50	65	65	
64	86	52	6	81	67	7	34	16	1	98	71	54	74	34	5	48	71	99	82	
52	83	5	3	95	82	100	71	14	33	92	37	58	28	61	83	33	56	79	28	
8	74	18	85	38	43	42	56	62	21	25	29	36	43	47	41	47	5	45	75	
55	11	1	89	93	1	94	60	8	97	49	96	99	25	47	42	94	67	64	82	
41	68	35	19	26	40	82	21	71	46	24	10	16	27	54	36	82	67	95	26	
64	8	27	89	25	30	46	41	7	91	28	28	78	59	37	95	87	70	10	6	
70	25	9	48	38	27	9	51	96	1	64	77	75	36	31	48	23	49	67	63	
67	21	100	30	56	94	86	74	94	66	31	49	8	38	60	68	68	18	99	65	
36	95	16	16	52	25	47	73	20	22	78	92	84	34	79	47	23	25	63	79	
35	22	16	29	78	38	21	95	2	76	92	99	29	21	61	88	92	23	31	87	
36	74	66	51	6	7	32	96	23	80	65	8	43	31	74	15	67	19	59	88	
44	73	60	33	31	35	85	44	98	38	9	34	60	7	77	73	27	74	100	16	
93	40	10	97	61	90	49	62	88	63	59	84	15	49	42	66	94	10	37	41	
86	82	12	55	67	11	37	65	89	45	59	72	64	35	34	95	45	90	21	91	
On machine	24
51	96	25	27	42	8	15	26	31	64	76	46	84	95	3	78	65	56	27	71	
44	54	89	51	96	42	31	86	28	22	42	6	30	100	17	64	66	22	63	30	
17	66	92	32	65	53	19	86	59	60	50	49	18	75	1	34	78	89	76	97	
21	44	31	38	89	65	79	23	38	59	66	54	52	37	51	78	12	96	64	24	
76	57	60	57	89	7	52	56	93	85	32	29	48	11	46	75	22	69	42	34	
22	87	80	93	1	75	78	73	22	28	81	92	8	33	31	99	40	17	95	78	
85	88	52	89	10	78	13	62	19	35	56	2	26	75	93	72	23	30	17	13	
65	22	48	45	76	19	24	16	4	75	20	52	27	72	36	94	18	67	93	71	
63	38	27	9	3	21	64	35	70	100	96	65	64	80	11	99	59	31	87	60	
88	12	55	49	86	27	75	31	64	29	21	26	99	100	76	39	84	58	90	53	
59	35	67	74	44	71	23	27	69	97	20	54	12	92	66	38	90	91	79	65	
84	52	67	77	2	92	82	56	77	83	39	86	97	61	97	87	51	64	72	57	
74	96	43	94	40	79	87	6	32	51	78	100	91	52	1	67	72	2	75	59	
39	58	43	19	56	92	11	97	100	94	14	8	43	95	63	22	85	69	88	34	
95	79	85	79	76	45	100	94	5	66	37	56	33	13	78	28	69	55	49	67	
23	56	9	93	67	99	5	79	66	91	43	26	59	91	72	87	76	47	76	46	
26	36	73	32	35	43	15	12	63	26	75	38	64	20	88	11	35	37	49	56	
48	71	60	77	65	22	59	51	74	39	77	5	22	13	71	43	70	7	35	28	
26	33	69	90	8	13	84	87	98	49	63	11	78	2	89	3	83	22	22	4	
26	35	55	72	6	79	7	52	1	63	86	87	42	80	34	6	23	99	1	5	
On machine	25
32	95	31	44	8	8	76	17	12	58	88	17	72	12	97	10	52	99	77	32	
8	38	52	30	24	59	24	15	15	73	11	36	77	80	92	100	74	50	79	83	
41	11	6	7	61	51	96	68	66	90	96	26	79	20	89	53	43	10	49	52	
42	97	90	44	2	26	72	91	21	14	16	24	60	43	44	62	52	26	44	25	
12	78	33	55	83	33	52	71	68	53	34	58	35	62	17	50	70	70	49	8	
4	90	48	57	84	99	90	9	85	15	73	79	16	44	76	78	31	97	3	28	
61	25	26	16	39	28	9	66	1	1	88	48	59	32	2	17	21	43	84	52	
9	24	51	18	100	17	1	29	16	32	40	93	81	12	63	83	76	20	51	27	
52	54	41	14	99	62	80	37	12	52	53	69	87	63	13	59	48	72	36	49	
36	95	28	90	45	83	95	54	80	92	28	94	66	12	11	51	14	95	48	33	
56	16	78	41	91	3	1	74	34	68	60	52	74	32	39	98	35	87	31	2	
99	69	71	15	87	9	91	46	7	19	79	84	45	44	91	95	37	16	89	22	
32	15	74	30	87	96	44	26	58	58	63	39	52	3	71	97	83	96	58	56	
59	81	81	22	72	29	48	28	58	38	26	24	78	68	2	42	77	71	20	2	
18	10	39	48	11	83	59	72	19	69	42	49	28	99	30	41	84	10	53	47	
25	40	27	55	98	67	48	61	27	38	16	45	80	41	91	90	52	27	4	97	
23	75	59	64	17	20	10	54	29	6	33	66	59	24	78	52	82	100	8	62	
61	43	10	99	70	65	38	100	4	21	10	48	45	12	83	18	75	24	36	36	
48	23	34	69	23	25	1	2	49	3	93	66	52	36	90	33	43	9	53	83	
66	79	85	64	71	23	32	30	61	91	61	80	40	16	22	54	57	8	89	58	
On machine	26
80	32	5	97	79	92	46	39	80	85	28	54	54	55	36	38	76	5	20	65	
47	34	45	45	69	17	82	54	81	71	70	56	13	19	94	54	38	90	100	32	
27	85	75	70	92	60	49	53	65	64	9	90	49	27	48	5	28	78	86	12	
96	47	76	27	86	16	37	78	65	8	18	21	87	85	94	59	53	42	2	86	
72	93	80	50	60	47	98	64	67	67	25	9	9	32	43	92	63	23	90	48	
13	53	94	33	97	9	68	92	85	80	84	69	59	100	68	96	19	70	94	80	
37	32	13	40	41	23	6	26	35	89	32	53	42	1	65	25	48	65	71	78	
78	88	51	25	82	41	67	53	78	5	42	2	11	37	12	31	58	78	42	66	
22	44	97	88	22	24	66	40	32	9	25	36	6	9	94	98	91	57	47	53	
30	54	12	73	95	62	75	22	70	27	95	3	40	1	3	90	75	62	43	83	
65	9	75	91	52	19	79	98	32	66	73	35	82	27	81	54	52	71	6	26	
1	28	13	54	66	57	87	34	60	87	2	78	96	89	52	42	77	94	68	14	
13	6	25	48	54	90	28	36	10	8	28	95	81	39	44	27	71	54	77	37	
18	3	92	44	64	18	74	62	51	74	66	1	100	95	39	75	39	85	35	97	
90	66	87	88	24	50	43	17	19	22	80	91	35	78	97	86	5	10	11	98	
28	100	9	68	27	3	34	49	48	43	52	73	43	55	77	42	53	19	36	12	
75	68	98	95	41	80	69	71	16	70	20	71	36	10	41	82	18	45	88	1	
97	68	36	25	45	1	51	28	1	65	45	94	89	83	45	86	44	78	31	88	
88	47	45	77	14	9	37	33	23	89	59	44	19	91	79	69	37	42	77	63	
15	12	35	28	84	9	94	43	63	38	13	80	9	3	14	83	14	34	15	69	
On machine	27
28	46	28	26	52	46	73	48	18	4	78	70	51	76	74	45	1	33	69	23	
30	57	73	88	60	56	79	34	32	87	25	95	4	50	63	70	23	64	18	59	
84	89	100	78	14	45	61	59	82	63	46	17	85	100	12	4	84	65	39	45	
77	70	20	75	92	12	15	9	57	9	13	93	60	87	1	91	14	3	37	78	
62	51	88	94	53	97	66	11	17	46	87	41	100	49	23	28	23	60	62	46	
100	77	63	63	29	33	66	88	46	98	47	35	70	33	13	98	28	78	74	54	
28	22	31	85	33	58	32	63	57	74	26	62	39	29	8	72	39	79	63	86	
43	46	97	18	97	93	55	76	25	2	78	64	76	7	99	18	85	28	73	83	
50	11	88	76	6	91	92	81	31	61	16	76	23	95	39	42	95	35	39	84	
61	29	88	98	81	24	39	20	42	54	16	13	51	13	48	81	14	92	27	78	
7	27	65	27	77	94	59	7	44	40	72	56	6	18	21	35	63	49	54	42	
71	2	27	1	71	5	58	13	18	20	64	2	34	77	37	78	9	85	75	79	
57	6	20	93	3	95	61	48	99	38	66	45	13	67	82	86	18	27	89	79	
83	4	89	22	33	91	49	10	36	81	81	72	33	82	61	42	9	83	28	32	
28	63	81	64	58	41	23	33	25	100	2	27	55	62	24	93	62	33	1	79	
85	59	3	30	4	65	1	88	23	70	13	4	87	13	28	40	5	52	28	29	
55	62	73	14	92	20	61	64	100	83	49	12	92	61	5	86	67	65	58	94	
93	12	46	44	2	90	54	24	31	92	47	18	64	35	70	4	94	28	30	6	
27	70	65	45	78	29	89	95	73	12	8	22	7	29	21	15	67	47	93	37	
26	17	98	38	73	85	9	100	7	44	30	48	12	68	76	23	34	38	58	74	
On machine	28
38	80	81	17	2	42	7	78	66	21	99	10	57	19	38	47	93	98	30	15	
89	83	28	77	54	38	31	62	36	23	51	59	43	31	56	26	57	33	71	44	
45	26	13	48	1	87	22	93	100	9	20	1	75	33	97	2	17	57	62	22	
33	62	13	45	23	40	68	69	65	19	23	22	82	96	27	63	84	39	16	85	
31	98	60	81	14	73	45	59	22	11	89	65	87	54	88	21	14	95	70	80	
92	21	5	39	45	81	21	6	41	32	14	54	17	96	78	23	97	21	16	71	
20	10	52	66	41	71	28	26	76	36	70	92	24	49	62	84	32	43	63	70	
16	51	85	58	82	53	94	36	60	60	58	87	55	41	78	71	12	13	84	97	
2	50	95	52	17	52	10	1	37	28	36	22	2	78	33	38	82	64	44	100	
19	2	54	46	36	7	45	32	66	84	46	58	75	11	59	10	41	79	37	89	
48	34	81	3	34	67	66	32	34	73	15	2	67	59	25	13	98	98	19	47	
74	80	72	56	8	71	28	58	14	5	95	40	11	36	90	28	60	33	28	4	
45	8	20	39	7	44	95	40	69	13	53	81	61	37	91	63	76	28	87	29	
96	77	11	40	40	62	43	18	73	23	30	2	88	46	55	14	24	99	92	6	
9	36	51	12	53	84	66	12	47	3	44	31	89	37	14	58	6	52	4	5	
76	19	25	33	98	77	68	72	77	1	12	79	3	3	72	88	96	83	3	87	
53	28	91	75	79	28	69	61	10	34	24	88	17	32	65	65	67	10	63	61	
38	26	86	84	66	94	62	1	78	99	4	67	19	51	40	18	93	90	41	35	
11	44	77	48	56	42	6	87	19	1	59	8	91	47	51	41	7	73	51	14	
61	25	11	21	64	5	90	87	4	99	37	92	1	74	85	100	98	93	8	47	
On machine	29
39	23	70	77	65	70	15	53	29	56	24	31	27	55	66	73	72	68	26	19	
63	91	32	69	64	60	93	5	94	29	98	80	6	62	86	10	67	69	86	85	
64	71	53	33	28	83	86	5	52	70	88	58	30	74	1	58	81	59	32	94	
37	22	45	83	92	56	92	84	13	46	76	60	72	63	25	72	98	31	86	60	
7	21	32	51	81	16	93	42	23	69	20	40	98	16	81	7	2	23	87	90	
68	39	1	91	42	90	22	39	83	57	56	32	37	15	70	58	69	53	56	62	
94	11	59	90	97	83	14	29	63	65	61	86	38	83	12	46	57	66	38	39	
39	20	82	46	39	95	1	12	21	21	46	85	91	18	42	33	94	63	52	80	
3	65	88	8	78	78	30	52	61	45	58	75	64	4	93	45	32	84	75	17	
81	89	18	64	73	40	77	29	30	93	38	21	39	22	61	33	81	59	47	25	
95	69	18	100	76	32	85	66	68	92	94	84	34	19	66	46	92	75	60	81	
24	43	22	64	53	86	28	76	93	24	59	11	90	28	73	1	94	90	58	68	
92	38	19	38	11	13	84	100	97	69	43	66	4	83	86	48	24	20	89	31	
65	40	61	3	42	60	69	75	91	97	79	68	43	30	57	3	88	33	73	90	
31	88	93	99	79	47	19	1	17	68	32	91	30	67	23	28	44	20	32	26	
10	69	90	41	57	20	74	14	86	45	69	31	98	75	67	73	68	69	45	81	
70	94	28	98	63	38	47	64	79	43	79	65	79	58	65	20	30	44	84	79	
4	7	75	31	31	58	41	83	35	47	91	25	6	74	38	64	20	11	42	15	
59	15	14	9	66	45	17	61	87	22	92	83	50	17	37	60	56	81	43	70	
57	47	87	40	82	68	10	41	65	15	16	10	28	71	89	53	20	44	26	7	
On machine	30
79	86	54	50	49	66	29	35	64	36	89	14	53	100	99	80	12	85	8	88	
43	42	17	1	55	27	16	94	100	36	43	31	54	89	78	7	32	13	36	43	
68	95	46	66	87	2	64	97	78	15	84	9	77	53	60	95	3	83	86	7	
78	66	94	60	89	25	28	95	11	84	74	18	18	18	36	55	71	49	90	28	
52	31	46	77	67	2	66	92	65	51	84	73	35	44	65	79	19	79	83	57	
75	70	30	56	49	9	1	80	26	33	16	73	65	58	17	8	90	46	23	18	
28	63	42	48	98	83	85	63	77	80	48	14	58	91	30	42	66	56	2	86	
51	14	24	83	17	62	42	57	5	42	59	86	40	100	48	91	39	24	54	13	
21	38	11	57	7	35	68	20	63	63	18	52	59	52	96	39	28	1	21	89	
44	77	34	67	13	52	78	6	43	10	35	85	73	51	80	23	43	58	73	89	
30	83	19	71	69	71	49	40	86	41	6	75	56	70	47	59	84	100	91	70	
37	44	2	26	85	25	83	84	4	13	81	41	23	50	91	38	17	59	7	15	
4	68	64	92	64	7	68	78	52	1	100	35	61	4	93	40	63	90	99	55	
1	82	60	58	84	81	7	58	47	8	62	11	90	49	24	91	68	7	67	37	
45	65	73	56	32	25	85	24	17	85	65	25	94	50	50	78	59	45	27	43	
84	39	5	73	46	31	63	1	53	18	85	36	20	82	30	2	13	79	58	30	
78	34	1	25	20	34	94	97	84	52	99	44	63	2	5	29	6	16	43	86	
41	55	2	66	28	90	43	77	12	2	28	2	11	8	47	24	58	16	5	36	
21	36	55	22	96	86	27	34	93	15	80	53	3	36	97	76	13	47	39	60	
13	62	14	38	3	65	31	33	100	10	99	70	32	44	46	8	76	8	77	68	
On machine	31
96	24	80	18	88	40	56	5	16	56	64	71	81	27	6	65	6	40	65	37	
19	94	96	5	36	36	13	47	70	19	59	69	30	23	33	3	22	12	97	50	
72	68	16	7	23	97	94	65	100	53	16	28	62	50	16	94	86	55	16	82	
26	66	55	62	39	4	81	1	8	98	13	98	77	89	48	68	60	36	75	74	
94	40	37	5	57	20	86	23	89	31	31	6	37	67	7	66	95	11	54	19	
30	7	96	62	55	66	100	97	90	44	81	26	55	86	100	40	41	14	99	64	
85	39	26	47	74	1	68	55	63	37	1	31	49	83	9	42	95	35	27	43	
55	17	79	38	16	53	33	51	65	43	23	48	75	67	84	40	17	79	90	61	
74	20	57	21	4	67	86	97	76	44	11	98	11	84	43	89	99	94	79	23	
57	79	90	96	85	91	79	97	26	51	97	9	49	85	80	82	12	1	29	44	
75	25	14	57	21	39	43	80	62	38	40	51	21	30	72	88	74	99	65	36	
42	24	81	11	70	5	76	14	99	22	79	22	27	23	89	92	97	76	60	38	
17	31	66	73	78	36	76	23	91	64	23	82	12	42	37	38	87	66	42	88	
7	39	76	32	32	36	40	16	95	21	42	77	74	71	62	29	87	33	80	29	
50	4	48	34	97	13	99	19	40	38	26	17	56	55	68	25	82	73	22	49	
79	32	37	5	39	100	20	72	57	93	98	92	26	56	94	98	4	14	1	37	
27	7	96	56	4	37	34	50	34	62	49	50	30	32	32	19	44	12	83	58	
39	52	47	81	51	5	27	54	49	47	16	5	82	43	39	34	29	91	64	74	
71	80	83	20	4	12	52	75	83	17	85	54	97	78	78	67	94	17	8	91	
28	21	83	54	96	92	65	50	82	84	8	27	1	85	73	66	67	26	89	84	
On machine	32
78	73	8	97	39	72	17	99	10	10	45	37	14	40	84	41	22	24	32	49	
28	80	59	22	1	51	59	5	33	61	75	15	80	19	25	34	50	32	90	96	
19	14	2	27	26	41	97	50	39	18	21	15	74	14	45	37	34	32	60	24	
25	5	6	95	2	79	24	86	97	92	59	24	70	11	95	70	60	58	75	16	
59	6	68	3	8	84	97	4	32	70	54	56	80	74	22	41	15	25	17	44	
52	14	90	11	6	95	59	17	57	29	38	4	19	32	24	46	26	53	85	10	
84	16	71	37	45	88	58	60	23	9	31	81	40	64	51	42	31	48	51	93	
4	16	10	33	49	60	31	47	9	50	75	4	9	42	60	42	76	95	91	85	
87	67	88	69	24	68	16	61	77	29	47	61	97	57	18	80	80	98	79	19	
40	37	76	90	87	99	21	60	77	11	1	40	97	19	86	59	80	88	91	31	
73	14	75	94	13	47	60	12	29	74	85	49	88	7	32	95	90	21	46	46	
97	84	68	68	43	33	50	39	65	51	26	77	39	63	83	4	39	17	2	22	
50	64	13	98	96	88	90	3	59	59	75	37	95	95	11	42	69	89	55	74	
77	49	63	78	93	84	74	78	71	65	45	25	86	25	15	65	52	37	32	91	
53	45	35	4	43	22	52	21	18	24	99	36	31	5	91	39	13	65	2	44	
89	50	65	62	9	95	62	28	24	44	44	27	69	60	43	96	54	43	13	90	
94	80	60	5	44	13	29	56	6	14	9	36	46	36	38	61	88	63	83	32	
25	66	83	66	26	34	31	33	91	100	91	60	61	90	12	95	54	92	35	48	
72	51	88	27	41	79	7	45	86	70	54	3	42	60	41	89	4	12	23	78	
58	39	50	28	80	99	5	5	40	98	71	55	8	81	54	4	87	7	89	91	
On machine	33
91	66	7	69	11	45	46	67	47	90	59	67	40	98	22	54	38	1	15	97	
91	20	98	14	5	54	41	53	71	44	36	66	92	21	94	1	12	8	65	65	
28	45	30	77	96	87	78	81	51	74	40	15	9	40	52	49	48	7	3	38	
61	47	72	99	32	54	19	12	70	67	32	35	14	3	85	24	66	77	91	17	
64	77	91	9	41	79	69	7	51	57	13	64	69	2	53	73	55	96	73	86	
53	9	53	52	29	37	92	35	71	39	74	24	15	50	3	96	12	53	88	61	
88	2	31	11	52	66	6	93	30	33	1	82	7	82	1	85	34	8	3	7	
70	79	68	19	7	84	97	11	92	47	55	7	99	92	5	62	45	60	65	27	
88	60	99	100	58	34	55	25	76	19	58	80	71	32	60	81	65	85	81	87	
28	7	12	64	78	57	67	78	28	34	64	94	21	25	51	81	45	48	29	20	
35	93	16	33	26	34	1	76	15	40	47	71	12	15	76	44	87	43	68	58	
26	42	72	75	85	92	29	73	81	7	41	12	84	68	23	86	100	53	14	28	
40	89	42	45	49	17	35	80	45	13	49	11	6	98	65	5	61	5	20	31	
25	52	45	95	25	63	13	68	68	53	56	86	21	16	67	37	22	27	8	100	
5	11	2	84	84	20	50	45	92	24	1	16	17	96	31	89	57	46	35	15	
83	2	59	90	33	57	75	44	55	20	89	83	74	29	7	66	53	22	13	46	
19	25	4	67	37	51	92	75	33	37	65	66	8	65	19	35	76	29	3	42	
20	7	40	6	92	43	60	53	48	86	32	17	72	36	9	25	14	25	91	53	
11	100	90	74	87	36	72	9	82	98	46	10	70	98	90	64	91	45	48	80	
85	91	28	57	82	62	88	10	87	27	30	14	2	19	60	95	8	44	21	22	
On machine	34
44	81	83	69	65	32	43	78	36	7	9	27	25	81	93	55	2	93	60	45	
72	31	75	10	83	90	69	91	36	54	75	44	13	6	45	14	43	85	3	60	
14	85	33	44	70	68	50	91	86	2	3	62	66	11	35	15	56	29	70	69	
82	88	78	99	41	22	85	82	22	61	41	13	78	19	65	56	7	60	97	4	
45	10	43	35	40	37	50	58	56	96	35	75	66	44	78	36	69	91	7	17	
97	100	6	29	39	93	68	62	93	1	32	87	19	19	97	77	46	15	68	62	
40	71	19	94	25	8	59	30	68	23	3	34	76	70	75	93	5	12	96	36	
2	31	56	59	45	83	32	43	81	47	36	73	66	15	68	53	34	74	40	10	
38	13	85	57	12	75	65	45	12	58	83	90	85	90	77	65	86	37	70	26	
52	3	7	59	81	34	76	85	17	97	79	100	40	68	16	19	100	84	99	16	
57	100	54	13	70	51	35	68	98	28	17	97	11	82	2	81	97	90	64	33	
74	65	2	43	29	82	50	92	49	95	64	63	99	23	85	33	66	84	73	29	
37	58	70	62	23	20	79	91	55	21	32	10	54	66	38	76	57	26	53	23	
45	77	19	98	22	21	40	85	88	26	76	60	16	74	41	73	62	49	98	96	
86	85	71	75	12	19	54	26	100	24	86	65	18	95	97	23	79	44	35	46	
100	14	92	68	78	8	98	87	83	65	93	61	86	84	23	89	85	42	20	42	
67	48	56	77	12	11	94	1	41	55	5	99	79	14	77	14	28	4	93	68	
15	100	62	41	48	44	18	56	84	22	6	100	25	18	29	64	13	23	46	82	
16	98	39	69	8	28	87	85	97	58	1	55	4	82	11	85	54	64	73	87	
69	40	57	31	39	2	55	98	55	93	61	43	68	68	49	19	19	23	50	58	
On machine	35
45	14	47	93	69	7	78	96	87	64	88	35	76	78	17	23	64	88	35	98	
46	83	78	47	58	7	27	22	21	26	29	68	28	64	12	70	10	3	7	35	
84	44	19	91	22	17	34	25	20	8	93	85	76	84	42	19	9	10	57	58	
1	7	57	40	63	84	93	44	72	94	80	54	19	56	42	56	30	5	60	73	
87	78	73	58	43	24	37	6	70	49	6	46	23	25	38	21	93	67	45	18	
42	73	80	96	87	64	84	1	5	87	50	94	10	66	35	86	94	58	79	13	
20	48	64	14	100	8	12	21	27	15	39	66	57	30	90	26	81	16	26	43	
97	73	61	73	56	17	94	16	50	12	24	67	99	79	37	96	82	52	87	1	
95	53	34	69	23	23	35	3	87	8	4	69	32	9	21	86	57	29	55	1	
46	9	95	21	39	99	86	33	40	17	42	15	63	86	75	18	2	38	7	40	
56	88	6	9	50	69	94	31	42	80	70	32	94	1	86	19	73	74	26	76	
15	27	27	43	55	64	62	9	94	65	34	8	29	17	72	96	33	95	48	67	
30	64	83	46	50	45	95	60	24	93	91	47	65	6	60	84	21	93	43	48	
77	22	83	4	80	5	61	76	43	61	18	8	5	27	54	47	51	91	87	1	
76	25	35	42	89	46	97	67	43	56	25	77	9	63	55	48	40	9	54	65	
19	73	14	91	44	92	30	86	76	24	34	93	78	16	31	34	67	67	96	76	
60	52	66	16	93	71	23	15	37	42	19	90	14	70	10	43	86	2	80	84	
50	96	75	5	37	4	7	35	88	58	52	82	45	99	8	90	10	98	92	41	
28	90	76	80	23	88	19	21	31	79	24	4	75	24	20	68	57	67	7	28	
87	73	96	17	93	28	16	35	51	24	9	15	64	95	65	43	18	31	56	64	
On machine	36
8	98	70	83	1	54	15	35	71	71	67	74	45	30	61	70	32	19	73	54	
20	65	21	89	21	12	10	58	88	67	11	41	39	79	10	32	20	36	9	18	
2	62	2	72	52	47	87	21	15	68	85	31	97	33	11	66	75	44	58	77	
59	96	70	43	47	58	60	36	66	80	53	84	74	34	89	31	78	42	46	73	
24	19	74	88	11	76	68	11	95	45	42	97	77	54	27	87	5	91	83	87	
25	68	5	58	68	34	52	98	2	29	49	19	38	68	82	18	65	38	16	44	
77	50	14	54	94	37	75	9	59	10	68	84	88	11	24	55	27	86	3	30	
53	26	78	10	58	23	7	60	76	63	47	44	43	11	46	87	73	77	13	40	
8	35	55	67	96	48	1	16	59	66	74	55	98	44	47	55	22	44	30	24	
2	27	57	43	83	60	61	81	58	71	12	1	52	31	100	18	96	93	5	72	
28	98	16	76	21	99	77	54	89	3	86	58	86	7	81	38	8	81	41	59	
69	81	39	35	16	80	18	22	52	85	68	44	31	90	35	37	15	99	56	94	
15	93	1	91	41	73	21	9	31	2	48	18	39	68	72	11	19	79	7	10	
1	64	29	43	91	98	21	24	83	23	79	55	85	16	13	55	65	35	83	63	
50	7	35	98	79	61	21	88	78	9	53	84	94	2	62	38	25	58	19	26	
77	50	8	78	10	30	19	85	97	63	8	33	3	88	38	10	77	82	30	15	
67	32	93	20	95	39	45	57	79	59	92	46	89	85	41	23	66	1	35	66	
53	95	11	38	14	94	48	7	66	93	89	100	92	26	19	35	76	11	23	47	
96	35	94	54	60	37	15	73	54	51	61	49	65	33	6	27	38	47	11	48	
25	49	81	6	53	17	10	21	90	54	48	53	41	71	59	30	73	46	66	41	
On machine	37
5	46	84	31	74	83	43	100	23	28	53	2	10	73	97	21	76	15	96	9	
100	37	8	2	48	36	12	31	24	84	38	59	75	4	82	11	32	76	47	52	
17	26	95	8	22	87	62	90	51	11	95	3	46	58	23	87	40	12	29	17	
86	24	74	50	53	24	45	34	33	80	74	100	57	48	5	51	39	46	76	17	
61	45	12	53	17	86	88	19	37	97	6	23	10	100	24	62	86	22	22	84	
91	27	20	19	10	17	7	50	88	34	35	62	87	72	35	77	76	54	64	67	
56	37	95	94	61	81	38	36	82	26	13	16	89	81	81	73	72	39	8	38	
2	71	42	39	100	66	44	35	99	88	19	27	3	98	95	77	77	72	69	32	
45	84	5	95	28	74	24	20	67	69	41	19	63	41	38	27	68	46	66	96	
7	90	89	50	53	91	31	33	80	3	8	37	44	56	40	92	15	34	22	6	
48	74	86	100	94	60	64	88	87	16	87	35	31	18	9	76	35	8	79	57	
33	8	17	28	2	54	8	56	6	89	79	67	59	8	79	38	100	12	66	78	
50	93	41	69	15	34	93	7	79	61	67	22	13	86	58	40	44	70	22	2	
33	67	75	32	10	38	8	20	27	10	24	79	76	11	85	22	48	33	15	64	
72	42	43	76	39	1	33	98	17	80	18	27	73	60	22	53	35	48	17	51	
69	32	92	92	78	87	63	89	29	39	92	62	99	91	42	70	43	12	76	18	
1	40	12	98	49	29	35	73	1	70	65	66	98	27	88	80	30	21	34	43	
70	44	40	39	71	100	54	64	70	53	27	39	68	27	43	56	29	28	36	56	
65	84	1	50	28	72	74	92	38	58	83	27	59	4	83	55	60	5	85	28	
71	15	96	89	19	59	4	17	90	15	79	96	81	22	93	90	53	77	8	7	
On machine	38
34	96	79	30	65	75	76	31	34	30	96	35	82	58	30	94	17	42	7	36	
55	44	57	38	31	97	97	47	13	84	55	55	76	81	76	44	67	45	49	43	
90	11	2	4	79	42	76	27	86	62	84	46	92	5	65	21	27	67	17	25	
90	35	14	28	86	7	47	68	54	2	96	90	19	1	37	89	87	24	87	95	
11	89	19	14	82	48	69	75	72	77	16	67	78	4	59	71	48	16	23	10	
29	98	18	97	73	34	55	86	69	58	51	19	71	73	16	53	48	95	71	84	
98	56	39	58	53	30	60	92	36	2	50	87	72	85	86	79	65	27	29	68	
42	37	59	86	42	16	34	83	58	29	76	93	1	42	22	53	97	85	94	18	
92	7	30	19	7	79	74	9	38	81	19	47	92	45	9	2	60	33	82	95	
28	66	92	2	38	61	49	21	40	72	9	34	83	54	16	37	71	33	56	82	
60	10	5	6	89	7	95	31	58	88	92	21	83	90	31	70	24	51	96	98	
21	29	53	51	38	15	48	78	11	25	13	51	32	44	87	74	13	37	86	30	
60	29	48	38	27	49	5	46	39	2	87	99	29	23	45	70	12	78	22	18	
87	5	61	28	45	98	16	82	54	57	54	11	20	84	54	26	38	87	33	1	
23	17	1	44	91	90	43	14	89	15	49	76	36	83	52	48	87	100	33	39	
50	81	39	41	88	1	97	72	14	20	68	100	45	83	71	94	51	62	37	32	
86	10	30	44	41	9	74	99	7	57	30	60	81	27	85	85	7	4	90	73	
22	92	2	30	68	2	17	85	93	4	56	32	5	67	86	55	26	90	86	2	
16	35	19	66	37	42	71	90	49	37	93	64	14	79	27	68	17	25	43	92	
18	14	32	41	20	2	86	49	100	37	18	61	86	73	32	21	92	73	14	1	
On machine	39
47	92	58	90	83	25	75	50	11	52	40	64	33	57	100	80	95	83	93	73	
10	28	32	8	17	95	20	60	25	2	2	82	96	45	53	3	100	39	9	67	
30	99	22	24	26	26	98	60	85	23	50	16	84	2	64	61	70	41	89	27	
65	4	23	56	53	17	33	26	18	59	34	72	50	62	19	5	98	51	68	50	
14	88	24	37	94	99	52	3	36	35	29	76	47	27	37	3	100	46	76	91	
63	95	23	68	76	90	16	11	24	57	19	41	94	24	100	9	61	91	71	32	
100	82	85	60	23	11	39	61	51	90	40	39	77	49	49	56	7	45	49	21	
92	73	99	50	70	93	50	71	44	86	96	77	72	100	20	18	53	32	62	91	
14	15	42	82	75	27	95	55	68	4	77	20	71	54	59	17	13	41	66	45	
20	84	76	53	62	26	88	52	78	30	42	80	55	75	49	75	90	31	8	46	
81	95	78	3	72	91	53	5	55	58	24	84	4	89	95	36	6	45	55	10	
45	82	83	1	8	72	19	79	29	99	39	65	96	27	46	35	83	42	71	70	
25	90	23	22	60	38	5	24	99	23	82	13	87	90	61	57	61	88	54	30	
8	30	77	71	25	58	34	27	41	94	38	58	77	60	81	31	64	29	61	71	
32	78	9	57	6	59	20	38	36	58	87	3	28	92	46	48	6	30	78	92	
89	35	86	70	30	75	68	90	69	95	61	25	96	40	68	9	24	94	75	56	
79	94	62	14	28	49	42	5	73	97	34	85	19	17	79	1	61	57	9	20	
6	69	63	55	68	59	75	46	37	29	43	20	1	59	47	88	96	33	60	42	
90	33	77	39	67	92	88	33	76	13	11	48	15	81	68	88	26	93	65	19	
51	33	80	58	39	3	62	57	64	8	38	78	11	57	4	90	46	44	19	74	
On machine	40
46	63	76	43	21	29	44	9	10	60	27	85	20	7	74	89	92	85	46	24	
41	70	42	98	22	41	31	81	15	57	78	57	32	75	82	13	87	8	98	62	
14	83	5	75	8	50	20	90	52	18	29	2	82	47	49	2	38	100	94	64	
43	79	46	70	25	1	2	41	89	9	72	10	36	74	27	94	57	25	16	97	
75	92	53	78	20	67	3	85	100	72	81	1	12	26	71	28	45	10	24	84	
16	30	76	10	31	25	41	90	21	98	60	32	46	16	18	13	97	22	48	67	
75	72	100	54	80	10	4	31	4	84	24	37	2	94	59	77	48	76	82	14	
31	64	57	14	8	82	46	7	71	37	67	89	63	32	46	99	55	44	35	77	
47	20	66	41	58	93	73	16	98	51	40	94	32	87	79	13	1	63	40	67	
42	2	49	19	88	69	68	17	48	38	86	16	9	2	29	39	5	83	6	87	
57	90	53	32	11	91	1	62	26	13	59	9	21	75	14	12	39	9	66	95	
55	70	18	24	90	59	18	84	81	88	13	9	89	13	86	1	100	72	37	48	
46	5	16	59	64	10	90	85	63	1	28	30	48	82	63	66	15	69	53	3	
61	28	23	26	59	25	82	20	11	54	69	79	49	92	75	42	39	29	37	74	
5	5	30	90	43	84	88	33	71	94	42	97	38	91	100	72	26	76	79	43	
1	61	82	29	24	77	88	33	26	18	23	9	35	66	95	18	69	47	31	6	
10	9	81	6	78	29	12	36	38	3	95	34	1	17	32	88	82	7	58	42	
18	95	47	9	87	74	40	67	34	78	62	57	9	9	17	13	63	94	27	69	
80	91	71	98	92	11	43	72	99	88	79	53	15	47	82	52	89	6	65	60	
84	83	94	45	71	100	51	71	85	71	53	40	91	2	35	47	96	97	42	90	
