Factories	2
Families	20
Machines	40
SetupType	3

Number of Jobs in each Family
1	8	9	4	8	5	4	1	7	9	3	3	2	10	8	7	10	3	10	4	

Jobs in each Family
0	
1	2	3	4	5	6	7	8	
9	10	11	12	13	14	15	16	17	
18	19	20	21	
22	23	24	25	26	27	28	29	
30	31	32	33	34	
35	36	37	38	
39	
40	41	42	43	44	45	46	
47	48	49	50	51	52	53	54	55	
56	57	58	
59	60	61	
62	63	
64	65	66	67	68	69	70	71	72	73	
74	75	76	77	78	79	80	81	
82	83	84	85	86	87	88	
89	90	91	92	93	94	95	96	97	98	
99	100	101	
102	103	104	105	106	107	108	109	110	111	
112	113	114	115	

Total number of jobs
116

Processing times of jobs
6	10	9	7	4	7	9	1	9	7	2	9	8	8	9	2	10	1	8	8	10	9	2	6	3	10	4	4	7	10	9	6	8	8	3	5	4	6	6	3	
9	8	2	5	4	7	2	1	2	1	4	1	1	2	5	5	10	7	6	8	2	2	9	8	8	3	10	4	4	9	8	5	9	10	9	2	9	3	9	2	
7	4	4	5	3	3	7	1	1	7	4	8	7	9	5	3	3	4	10	4	8	2	10	7	2	7	7	1	8	10	4	8	10	6	3	3	2	10	3	5	
5	7	4	10	6	5	5	10	10	1	4	7	2	10	4	7	8	3	2	5	6	8	2	6	3	1	2	10	1	1	7	6	9	1	8	3	9	8	8	3	
9	8	3	2	5	9	6	8	2	8	4	8	5	5	9	3	4	9	7	3	9	4	10	3	3	3	8	1	10	6	8	8	5	3	9	1	6	8	9	6	
1	2	2	6	4	4	1	3	10	6	10	8	4	3	4	3	4	7	8	5	4	8	5	7	1	2	2	5	2	9	9	8	7	7	7	9	10	5	3	7	
10	2	6	2	2	2	9	5	7	9	6	5	2	6	10	6	7	3	5	7	7	10	4	3	1	3	7	9	7	6	7	10	1	1	3	3	4	3	2	3	
2	2	2	8	3	9	5	4	8	2	10	10	3	8	5	5	1	4	8	7	1	10	1	1	5	3	9	10	5	4	7	2	2	9	6	3	3	7	1	4	
3	8	9	9	3	3	10	6	6	8	6	3	1	7	1	5	2	9	4	1	10	5	6	6	2	10	8	3	9	1	4	4	4	5	5	10	10	4	7	3	
7	4	10	6	4	4	8	5	10	9	1	9	1	10	7	1	10	10	7	1	1	4	4	7	7	9	2	4	4	7	1	8	9	6	10	2	1	4	5	8	
7	4	9	5	6	8	3	6	4	1	8	5	1	10	4	5	7	10	3	4	8	7	7	4	8	8	2	3	3	7	8	4	1	5	10	6	5	3	7	4	
5	1	7	2	5	10	8	2	9	10	2	1	1	6	8	6	6	2	7	8	2	8	5	4	8	10	4	1	10	7	3	3	2	8	10	4	4	8	2	8	
4	7	1	5	5	4	6	1	4	10	2	8	8	3	6	10	6	5	5	8	7	10	9	6	10	10	4	4	6	6	5	5	9	9	7	8	5	1	9	4	
9	6	7	3	10	7	10	4	9	3	2	2	6	2	3	7	8	9	7	4	5	1	7	2	2	6	4	2	6	5	9	4	10	2	4	7	3	10	4	3	
5	7	1	2	5	2	4	10	10	10	7	3	10	9	8	7	7	10	8	1	2	3	2	6	7	1	8	3	9	1	4	4	8	9	10	7	10	9	10	2	
6	9	7	8	10	8	7	7	7	6	10	8	2	10	7	9	5	5	7	5	1	3	2	7	2	6	8	4	8	5	1	10	9	1	3	2	7	8	6	9	
1	6	2	2	5	10	2	9	1	6	5	8	6	9	8	4	10	8	2	6	10	7	3	7	6	9	7	10	8	9	10	9	7	7	4	3	5	4	9	7	
5	6	6	5	2	2	3	6	1	7	2	2	3	5	2	8	9	1	10	8	8	8	9	3	2	8	7	8	9	6	8	5	9	9	1	1	4	2	5	1	
10	9	6	5	9	9	1	5	5	9	10	1	1	4	5	3	7	8	2	7	7	10	4	1	10	3	1	9	4	2	10	8	3	6	2	6	10	7	5	10	
5	5	8	6	9	9	9	1	6	8	3	6	7	2	4	2	5	4	8	2	1	4	5	5	4	8	4	9	3	7	9	6	3	1	4	4	1	8	3	2	
6	10	2	3	1	2	4	1	7	2	8	5	4	8	8	6	2	2	4	7	7	3	3	9	10	4	4	10	2	9	6	5	6	9	9	9	10	9	6	6	
6	7	7	6	9	10	6	10	8	8	10	5	1	8	7	2	4	6	3	5	9	4	8	10	10	10	10	2	8	3	4	5	10	4	2	6	9	10	4	8	
4	5	8	10	2	2	2	8	8	3	9	8	3	7	3	8	10	1	5	1	5	7	5	7	3	3	4	8	7	6	3	10	7	2	2	3	6	6	4	2	
7	7	2	10	6	10	2	5	5	1	2	2	2	8	5	8	2	2	2	5	1	2	1	10	6	7	10	5	3	7	9	1	3	4	5	2	2	10	3	9	
6	10	7	2	2	8	4	5	3	7	1	8	8	2	4	7	5	10	4	3	4	1	4	1	5	4	9	10	4	1	2	7	8	8	4	6	1	9	5	1	
6	8	4	6	3	2	4	7	7	9	6	2	8	2	9	5	8	5	7	1	9	4	10	4	6	4	9	9	2	5	2	1	9	3	10	8	8	7	10	3	
1	2	1	6	1	2	10	5	8	7	9	2	4	9	9	4	8	6	1	4	2	10	6	8	9	6	4	6	4	7	7	2	7	10	6	10	7	1	6	10	
7	6	7	6	5	9	3	2	6	7	3	4	1	5	2	5	10	10	3	1	9	2	10	5	8	5	10	6	5	2	4	2	9	2	7	10	8	4	7	8	
7	9	3	10	4	3	3	1	2	7	3	3	2	2	9	5	1	2	9	6	7	5	6	10	5	4	9	7	3	4	7	6	8	9	3	2	3	2	5	6	
7	7	6	5	2	3	9	1	4	5	1	1	9	1	10	9	7	6	8	8	8	2	6	5	7	3	2	9	3	7	10	3	10	8	4	7	5	7	8	8	
7	5	7	2	7	10	6	10	3	10	8	7	7	5	8	6	1	5	4	3	7	6	4	5	8	6	6	6	8	2	2	10	9	6	5	5	2	5	1	8	
2	2	1	9	7	5	7	8	3	1	9	10	5	9	1	3	1	5	5	9	9	7	4	10	5	10	5	3	7	8	9	5	6	10	3	1	3	1	2	8	
3	5	1	5	10	8	9	2	6	7	3	4	5	6	6	1	6	2	4	10	6	4	8	10	10	3	7	6	2	9	9	2	2	6	7	5	7	7	10	9	
4	6	2	4	7	7	10	2	4	10	3	9	2	9	1	4	9	6	10	3	4	1	3	8	5	3	4	8	4	1	3	5	5	8	6	7	5	8	6	10	
6	1	4	4	2	2	8	8	5	7	7	9	7	1	6	1	8	6	4	2	9	4	3	7	4	10	4	6	10	5	1	6	9	4	5	4	2	1	10	7	
5	5	3	3	4	1	10	3	3	8	1	6	8	3	8	8	3	2	5	3	7	4	4	5	5	5	8	8	1	1	9	10	8	8	3	4	4	5	10	1	
1	3	5	10	6	3	2	8	9	4	7	9	10	1	9	1	1	1	5	10	5	8	7	4	7	8	4	1	6	7	8	4	9	5	3	5	1	8	4	6	
3	6	8	9	4	4	2	5	9	9	5	3	1	2	7	10	10	7	1	2	7	9	8	3	8	4	6	10	5	6	2	7	7	6	10	8	4	6	7	9	
4	6	1	5	2	5	1	9	7	1	5	6	7	4	5	1	3	4	4	6	3	5	2	4	10	4	9	7	10	5	3	1	5	1	7	5	6	7	4	9	
9	4	8	8	10	6	1	6	4	10	5	10	1	9	5	10	7	2	6	6	9	10	9	10	10	6	1	9	6	4	6	5	3	7	2	1	7	3	2	7	
5	10	1	1	4	7	9	9	10	5	10	10	3	2	9	5	5	2	10	6	7	2	3	8	4	4	10	2	3	3	5	10	5	9	9	4	7	2	10	10	
3	3	5	6	3	9	7	3	5	5	4	7	1	6	8	9	4	10	4	2	2	6	2	3	9	2	3	7	2	4	9	3	5	8	7	1	8	9	1	1	
9	7	9	7	2	4	5	7	7	4	10	8	1	2	8	3	3	3	3	3	4	6	6	7	4	2	1	5	4	1	4	1	8	10	6	5	1	10	2	1	
9	2	9	6	7	9	3	3	2	4	8	6	8	6	8	2	4	3	7	8	7	6	4	1	1	8	9	6	5	2	8	10	6	10	9	1	10	6	1	6	
7	9	2	8	5	6	1	3	9	3	7	6	8	10	5	5	8	5	4	3	9	4	3	10	6	1	7	7	4	1	9	7	6	4	6	10	5	8	9	1	
8	10	10	3	9	4	6	10	5	9	6	4	6	2	9	4	9	8	5	10	8	1	1	6	2	9	4	7	2	2	5	7	3	6	2	2	6	6	5	3	
1	8	7	6	8	2	5	2	3	7	5	9	7	8	8	5	6	10	6	5	5	6	1	8	7	2	3	1	7	2	5	3	7	2	4	8	5	10	6	6	
8	3	2	9	8	1	8	5	8	10	7	4	5	3	8	4	5	6	10	7	3	4	8	7	6	4	3	3	2	9	8	7	9	8	10	2	4	2	5	6	
7	9	7	5	5	5	6	2	9	5	10	10	9	8	8	7	4	4	8	10	4	7	7	2	3	6	8	2	3	6	8	1	7	5	1	10	9	7	9	10	
2	6	1	6	1	10	6	9	1	10	6	10	3	7	3	7	5	5	2	4	3	7	7	3	1	8	5	8	9	4	6	3	7	1	5	2	5	2	2	2	
9	4	5	8	2	6	10	6	9	9	6	4	1	4	2	5	2	10	1	4	5	4	5	7	2	4	10	1	1	3	9	8	2	8	8	6	6	9	8	6	
7	2	7	7	2	5	8	4	6	3	2	5	9	5	4	3	10	4	3	1	8	5	3	4	10	9	7	5	1	9	3	9	10	2	7	2	6	9	7	6	
2	5	8	8	5	10	9	8	2	10	8	10	8	8	10	5	2	8	6	5	4	10	6	8	5	1	6	4	4	10	7	10	2	3	7	2	6	8	1	10	
4	8	1	5	7	2	9	4	3	9	2	6	2	9	4	1	4	8	8	4	1	8	1	10	1	1	10	4	9	7	5	4	9	1	3	6	2	3	4	10	
6	5	5	7	9	1	6	6	8	1	8	9	3	1	7	2	8	4	8	8	9	8	5	6	6	7	8	10	10	5	10	8	1	10	3	5	8	6	10	5	
8	3	5	8	5	5	4	1	9	9	2	1	4	9	7	9	9	2	3	10	7	2	3	7	2	2	3	8	5	3	7	2	3	3	5	9	4	7	8	10	
3	10	1	4	5	10	3	9	8	8	4	5	9	5	9	5	10	3	7	10	7	6	9	10	9	7	2	3	10	6	5	6	3	5	10	2	8	1	10	5	
4	5	7	10	9	3	5	1	6	7	1	6	7	7	4	2	10	1	4	8	10	6	10	8	7	5	2	6	8	10	3	2	6	5	9	2	3	6	7	4	
9	2	6	10	9	10	1	9	1	8	8	7	7	8	3	4	8	1	2	7	6	5	8	5	7	4	8	6	5	7	3	7	2	8	4	7	8	10	4	1	
7	10	5	10	3	6	5	8	1	9	1	2	2	6	1	9	9	7	9	2	5	4	1	9	1	10	10	5	6	9	1	5	1	4	5	5	8	4	2	5	
10	4	5	6	7	4	6	10	6	8	6	5	2	3	2	3	2	6	10	10	8	4	6	2	3	2	10	6	1	4	4	1	10	6	4	2	3	3	2	9	
6	2	9	6	3	10	5	4	10	4	10	7	3	5	10	5	4	1	2	8	5	10	6	9	9	7	4	10	5	4	7	5	1	6	3	2	10	5	8	4	
8	10	5	9	6	9	4	5	6	1	8	5	5	8	10	10	8	5	4	5	6	6	5	3	3	2	4	8	9	3	7	4	4	10	3	2	5	4	2	6	
8	8	4	2	1	5	10	5	10	6	6	2	2	5	5	1	8	4	4	9	6	4	6	4	5	4	10	4	10	2	6	9	7	4	8	8	1	7	9	7	
9	10	6	6	2	3	4	7	8	7	8	8	2	3	8	7	8	8	3	2	6	6	10	2	9	6	5	5	3	9	5	2	10	5	7	2	1	7	4	1	
3	8	10	1	9	3	8	9	5	7	7	2	8	5	5	4	3	2	4	5	10	10	8	1	7	3	4	7	1	10	9	7	5	7	6	7	1	4	2	2	
6	8	6	5	5	3	7	1	1	9	1	6	6	2	7	10	3	9	3	10	3	6	8	6	8	1	9	8	3	2	2	8	2	1	10	10	9	9	8	8	
4	9	8	6	1	1	4	9	9	5	10	5	4	2	5	8	8	4	9	7	8	5	8	6	7	5	5	4	5	7	5	8	3	5	9	10	9	6	6	9	
2	1	8	7	10	2	4	10	4	6	9	2	8	1	1	2	7	4	5	4	2	3	9	1	4	9	6	1	1	2	1	7	6	1	9	1	5	6	7	4	
1	3	7	10	3	7	1	8	2	10	9	6	4	3	6	2	10	9	5	8	9	9	1	6	7	7	5	6	4	2	3	6	3	3	7	10	10	6	2	10	
5	9	6	3	3	5	4	7	10	10	8	1	1	10	5	3	6	7	5	9	2	6	3	1	1	10	10	8	6	4	1	7	10	10	8	1	8	9	4	5	
8	9	3	7	1	7	1	4	10	9	3	5	8	6	9	4	2	6	8	1	2	6	6	5	8	7	5	1	10	7	6	10	3	10	2	7	2	10	2	3	
10	4	1	9	6	2	1	5	2	4	4	1	1	10	2	10	6	3	4	9	2	1	6	7	4	10	1	4	1	3	10	9	6	6	4	8	3	5	9	10	
8	10	2	5	5	4	9	6	1	8	7	10	6	7	6	7	5	7	5	7	9	6	1	2	3	5	2	1	6	5	6	6	8	1	4	5	10	10	5	8	
5	9	4	9	10	10	7	3	2	1	1	10	6	1	2	1	2	8	1	2	3	1	4	5	5	4	3	10	3	3	7	4	2	4	8	3	6	6	4	6	
2	2	5	4	2	10	5	3	9	7	2	2	3	8	5	6	6	5	5	5	1	9	5	1	4	5	1	1	2	9	7	9	10	4	3	5	2	3	4	1	
2	6	2	4	8	10	2	10	5	4	2	8	9	1	6	9	1	5	1	1	8	5	10	7	9	1	2	7	9	3	10	6	6	3	3	1	1	9	7	6	
9	8	9	7	9	1	10	7	7	7	3	8	10	10	3	2	6	9	10	7	7	8	5	8	8	5	1	8	3	6	3	9	5	10	2	3	3	2	7	4	
7	1	8	7	10	5	5	9	9	6	3	6	3	2	5	2	2	2	2	8	8	2	3	2	3	4	3	10	9	8	6	9	8	8	1	5	2	5	3	7	
2	1	10	5	6	5	1	10	3	9	9	10	4	1	4	4	1	5	1	9	1	7	9	5	5	4	1	3	5	10	7	9	2	4	7	1	10	7	3	6	
6	6	8	8	6	6	6	7	2	9	9	9	5	7	3	5	6	3	5	4	4	7	7	10	8	8	6	4	8	8	2	7	6	6	7	9	1	9	5	10	
9	4	7	1	3	8	2	8	4	2	4	1	6	4	1	7	8	4	2	6	1	2	10	6	1	10	9	4	2	4	9	10	3	8	5	2	3	1	6	4	
3	2	5	3	3	7	9	9	7	3	5	6	5	4	7	10	1	4	6	6	2	3	6	4	1	5	7	1	5	8	6	10	2	2	9	1	3	8	2	2	
4	6	4	6	1	10	4	8	4	2	7	8	7	6	10	1	9	7	3	3	2	7	4	7	10	3	2	5	9	9	1	1	7	7	3	3	10	7	5	6	
8	5	7	3	9	7	9	4	9	8	4	5	7	7	2	6	9	7	8	10	6	8	4	1	9	1	6	6	2	3	9	10	3	1	9	6	9	10	4	10	
6	3	7	3	1	2	2	6	6	2	5	7	7	6	7	9	7	1	6	10	1	3	2	7	2	7	1	8	4	5	6	10	5	8	2	6	4	7	5	10	
9	5	2	7	3	7	7	6	5	1	1	2	2	5	4	9	8	9	3	1	1	5	9	9	6	4	3	2	10	9	8	5	1	10	4	9	4	8	8	3	
5	8	7	6	2	8	10	9	2	10	3	6	2	2	3	7	4	4	1	1	4	2	3	9	5	1	9	4	8	6	2	3	4	2	1	9	4	2	2	10	
10	6	8	3	7	4	1	3	10	4	6	5	1	5	10	7	9	6	7	1	2	9	10	5	5	7	6	9	6	6	6	5	10	5	9	6	10	7	5	2	
4	2	4	10	8	10	7	9	2	9	6	5	7	1	6	10	1	9	3	1	10	10	1	1	5	2	5	10	5	5	7	9	7	3	6	1	1	10	7	4	
7	6	1	2	3	10	3	6	10	3	5	7	2	5	7	2	8	9	4	8	6	10	4	3	4	2	3	9	10	5	3	4	10	9	8	1	2	4	3	10	
1	3	3	6	4	7	6	1	6	9	9	2	7	2	4	1	5	7	4	9	5	2	3	5	8	9	9	2	7	6	2	9	9	4	4	7	2	8	3	10	
9	2	8	7	8	10	7	10	9	1	1	3	8	10	9	1	3	4	7	5	4	4	1	6	6	3	5	10	4	6	4	3	9	7	3	7	7	2	10	4	
9	2	10	6	9	2	7	5	10	4	3	5	5	5	8	2	3	2	3	8	6	1	4	7	4	6	3	7	9	2	5	6	5	6	7	5	4	3	4	7	
4	9	7	7	10	1	5	2	10	7	10	3	8	8	9	7	8	1	2	3	1	4	9	3	3	3	10	1	7	9	6	1	5	7	5	3	8	3	5	9	
4	10	2	6	10	10	5	6	5	8	10	4	2	10	4	4	4	5	5	7	2	9	7	4	8	2	8	2	2	5	8	5	6	1	3	5	4	5	9	7	
7	1	9	7	2	8	8	2	1	4	8	6	6	3	8	6	6	8	4	2	6	2	8	9	2	6	6	1	10	10	7	4	2	9	2	9	9	8	6	6	
1	4	5	7	10	9	1	10	5	7	5	2	5	8	8	3	8	9	6	9	5	5	8	3	8	9	8	1	8	6	6	7	10	4	10	2	9	1	7	5	
9	8	1	8	2	4	5	4	7	7	9	8	4	8	8	9	10	7	7	1	10	6	10	3	4	4	2	8	5	3	4	1	10	1	9	7	7	6	9	4	
3	6	1	3	7	5	5	10	1	8	5	10	9	9	7	3	3	1	6	2	2	3	6	7	6	1	4	4	5	9	2	7	6	10	10	9	7	8	8	3	
10	4	8	10	10	3	4	1	9	10	7	3	7	3	4	1	5	1	4	3	8	3	6	1	10	5	5	10	9	3	3	5	5	1	1	4	4	10	9	6	
6	7	7	6	9	9	6	8	1	7	5	5	7	4	5	7	4	9	2	9	3	7	2	5	2	5	7	2	1	8	6	10	6	2	1	4	3	5	1	8	
6	9	3	6	7	6	5	7	5	2	9	6	2	8	2	6	6	8	9	1	4	7	9	8	5	4	1	6	9	6	1	10	8	4	3	5	6	7	8	7	
5	4	9	7	4	7	3	2	8	6	4	2	4	9	10	3	9	6	7	2	1	4	10	5	1	3	7	6	1	5	3	5	10	7	8	5	2	7	3	10	
9	4	7	1	7	2	2	9	4	8	8	3	5	9	1	8	5	10	7	2	7	2	3	8	10	6	1	7	3	8	5	8	1	10	1	7	10	5	10	3	
10	9	4	1	7	9	4	8	8	10	8	8	8	1	3	1	9	7	9	6	9	8	7	10	8	7	3	10	4	8	6	7	7	5	9	1	1	10	8	4	
7	5	1	7	8	2	9	9	9	6	3	3	7	2	8	7	4	4	2	1	3	3	8	2	2	10	1	5	1	4	7	3	7	5	10	8	6	3	1	7	
10	3	5	2	6	9	4	10	5	1	8	10	3	4	8	4	2	8	1	9	5	1	9	1	9	6	1	6	1	10	8	5	6	8	7	8	2	7	3	2	
7	8	3	10	3	5	1	2	5	9	10	1	9	8	7	9	3	2	5	6	6	1	3	7	1	3	1	8	6	9	6	8	10	10	10	4	8	4	4	1	
8	3	4	8	10	3	1	10	7	1	8	4	10	4	4	4	9	2	4	3	6	7	7	2	2	10	9	3	7	5	1	8	6	8	3	10	1	10	5	7	
6	10	6	9	5	5	3	6	10	8	3	8	1	5	5	10	9	2	6	6	3	4	10	6	5	7	9	1	3	5	1	9	5	9	5	6	9	2	2	10	
10	8	5	4	6	7	8	5	10	5	10	3	2	7	5	9	2	8	5	8	2	10	10	5	2	9	6	4	1	4	1	7	8	2	6	10	9	5	2	5	
6	3	7	1	10	1	3	10	7	2	5	3	6	3	5	4	10	9	8	4	4	3	1	2	3	9	7	9	5	5	4	1	6	6	8	6	2	6	4	9	
9	8	1	5	2	10	2	8	2	3	8	7	2	1	7	2	10	1	2	8	10	7	8	6	6	2	1	7	9	10	2	2	9	6	10	9	7	1	1	8	
6	7	9	8	2	2	7	3	5	8	9	7	3	3	4	1	8	9	4	10	9	1	4	2	9	2	1	3	6	3	10	2	3	1	2	7	9	2	9	10	
6	7	1	9	3	10	9	7	1	3	8	7	9	9	9	2	4	3	4	6	3	4	8	3	4	3	2	7	9	7	1	3	8	4	2	5	7	8	9	2	

Stepup times between Families, where [f][f] represents initial setup time
On machine	1
28	44	91	50	66	100	7	79	85	40	31	56	26	69	74	41	83	74	64	8	
35	39	60	7	96	64	2	84	77	59	76	17	60	59	35	4	100	22	16	40	
10	17	87	72	65	55	52	23	71	84	49	10	22	87	8	14	47	97	56	69	
69	87	73	86	73	94	87	71	21	66	11	23	35	41	26	8	44	44	34	74	
69	22	23	40	24	100	89	23	9	38	54	25	31	68	30	8	89	86	61	99	
10	16	36	48	37	76	8	71	1	58	40	14	1	10	86	29	86	36	28	55	
48	53	22	89	9	84	30	27	68	4	39	61	43	100	27	37	67	90	97	94	
64	36	81	74	71	67	73	59	82	98	68	70	72	8	93	21	13	97	79	22	
84	14	46	53	22	97	36	55	58	43	28	32	55	97	19	90	92	9	89	70	
15	74	7	2	35	29	71	4	82	86	63	22	59	86	69	94	49	38	70	40	
53	67	38	66	60	47	4	7	55	21	79	95	78	100	27	62	3	14	59	83	
81	11	59	23	89	50	70	29	83	64	54	72	40	22	35	99	94	69	37	45	
65	49	53	58	65	28	65	32	52	89	3	89	37	15	95	64	16	40	79	57	
44	4	5	71	51	36	95	60	30	31	74	27	100	10	91	70	59	59	45	1	
4	16	9	11	38	92	54	89	94	19	98	39	53	98	84	96	63	2	98	1	
3	85	90	54	23	16	15	67	76	75	7	68	93	54	30	64	69	81	70	87	
54	83	93	55	17	38	46	15	67	10	59	29	13	27	47	66	35	80	11	47	
25	9	15	2	62	59	82	53	8	74	65	86	9	60	72	12	45	97	98	69	
27	85	68	45	84	73	59	78	54	12	37	91	9	42	84	82	36	55	53	5	
93	76	80	17	10	10	45	74	3	29	95	42	24	52	43	40	5	87	27	42	
On machine	2
7	90	87	78	92	68	15	29	14	98	34	73	96	41	43	25	25	29	58	95	
21	39	18	89	13	30	13	95	55	81	7	91	30	24	26	38	3	36	32	34	
8	44	19	1	76	6	34	25	98	73	25	52	23	16	99	39	62	74	5	13	
47	16	38	25	44	20	53	63	61	7	75	66	10	45	70	88	57	23	88	6	
18	34	100	84	59	59	22	31	52	6	85	59	51	2	14	55	40	20	74	66	
82	56	72	33	21	21	24	91	27	97	59	100	20	36	36	12	79	87	58	42	
6	8	23	84	33	100	49	98	94	30	59	19	79	74	38	46	20	24	48	93	
99	74	53	42	81	99	92	23	23	2	64	59	60	2	88	33	57	51	44	45	
54	89	21	17	55	39	6	66	67	71	84	99	80	56	31	12	59	80	98	23	
93	51	53	39	95	67	56	6	41	78	51	61	85	33	72	13	46	74	32	84	
31	12	6	4	74	89	5	95	89	65	16	44	55	34	87	18	2	55	39	94	
39	88	9	53	26	98	28	82	13	51	56	41	59	61	63	97	14	7	74	19	
16	72	83	7	100	94	82	99	85	14	85	46	63	35	48	34	98	88	40	93	
79	58	70	80	11	100	35	54	59	21	60	15	66	87	67	92	85	33	12	34	
92	56	41	1	51	58	42	92	96	35	34	38	96	99	90	18	24	43	10	10	
61	26	33	92	41	60	44	34	57	58	31	77	16	61	32	56	41	76	28	86	
96	39	100	96	76	26	79	15	81	32	8	89	4	68	86	98	56	73	58	62	
92	66	49	21	96	73	46	67	60	91	22	85	50	100	99	75	96	43	26	70	
6	81	88	9	1	6	99	20	68	8	20	60	30	31	96	73	81	5	43	9	
69	22	96	32	91	82	31	36	55	98	3	55	8	33	80	75	87	48	3	22	
On machine	3
83	80	15	34	72	46	21	7	29	31	55	50	19	33	78	76	94	82	63	3	
54	59	70	88	66	96	46	18	31	18	16	73	49	1	31	87	9	51	59	75	
82	60	45	51	58	76	43	40	79	62	69	83	47	43	38	18	44	77	22	60	
28	92	76	53	24	82	88	73	1	38	100	70	56	33	86	96	94	79	56	57	
15	15	87	13	92	44	41	44	15	86	14	77	66	90	8	77	82	1	14	73	
97	44	86	56	45	88	83	24	100	58	37	30	9	38	30	84	37	43	61	68	
61	26	29	74	97	84	24	38	70	1	36	22	44	55	46	72	91	67	77	32	
71	42	90	73	18	21	10	13	56	5	7	98	13	37	42	43	2	95	88	35	
85	59	23	84	46	45	60	99	78	4	15	75	3	73	71	3	8	90	46	40	
55	4	35	87	44	88	2	67	20	57	15	41	97	81	7	45	76	96	32	56	
100	5	12	34	85	48	23	14	57	68	24	96	34	2	56	91	72	49	25	55	
88	23	11	36	24	72	96	79	29	46	13	8	35	37	87	77	32	76	11	42	
56	10	2	70	51	42	36	9	60	21	67	70	68	94	66	75	30	40	30	54	
29	10	81	54	66	35	93	31	21	79	87	26	6	74	5	5	32	47	25	46	
84	72	47	69	86	84	89	18	86	89	21	27	97	20	94	3	58	33	90	12	
58	67	51	15	50	79	97	38	92	59	60	81	65	35	27	63	62	95	44	2	
12	24	16	45	48	23	1	75	86	62	38	66	45	62	95	33	16	77	78	28	
12	33	65	3	30	8	37	25	78	70	14	71	36	43	100	82	22	53	2	89	
2	22	36	86	77	70	26	75	36	88	15	28	95	41	52	71	91	89	42	46	
76	8	1	40	67	52	61	31	91	21	16	14	7	41	50	99	79	10	10	45	
On machine	4
59	96	50	77	45	35	48	54	69	40	10	80	27	87	95	66	24	49	23	82	
56	87	17	85	75	51	18	82	66	53	61	88	76	85	89	8	90	87	39	27	
95	59	48	100	32	2	5	17	71	68	45	43	8	31	99	83	96	44	81	74	
54	85	80	56	92	35	45	77	23	49	59	8	45	37	98	40	50	61	91	28	
84	72	93	50	4	46	75	27	34	17	15	37	84	5	91	40	86	95	2	95	
63	85	33	50	76	69	38	56	69	92	4	79	16	93	97	26	59	38	9	78	
68	60	32	87	91	65	1	41	50	11	75	35	23	16	100	19	19	81	49	96	
73	67	46	91	35	26	30	87	85	32	89	35	18	98	51	2	39	97	72	99	
24	96	54	56	77	4	94	87	54	96	15	62	75	10	3	24	79	1	96	6	
22	68	18	75	20	24	89	79	56	81	86	60	57	95	61	43	32	30	93	97	
69	74	92	85	46	61	84	13	74	45	38	83	71	71	57	14	51	60	38	12	
27	82	44	15	8	18	61	39	17	27	3	70	65	67	71	83	23	40	85	67	
51	18	70	1	27	7	50	39	34	60	22	81	35	10	34	90	49	7	14	77	
94	69	42	66	89	99	77	33	1	51	50	33	55	44	74	41	46	66	97	15	
5	14	37	90	56	62	27	90	97	36	23	12	82	22	19	84	30	22	10	34	
36	15	82	36	40	15	67	70	17	82	14	45	77	40	15	34	63	14	89	22	
15	15	58	62	97	92	29	32	23	24	2	78	48	98	35	40	76	88	5	17	
51	41	41	10	73	57	23	33	87	27	62	7	7	47	25	60	19	9	54	60	
16	22	89	47	86	86	15	48	7	17	80	61	56	10	33	58	29	16	2	32	
25	39	15	68	57	71	1	72	85	44	28	21	65	34	47	10	89	9	83	4	
On machine	5
56	23	87	79	69	37	3	84	25	3	92	63	63	12	68	70	98	93	66	82	
31	89	36	14	43	41	83	2	61	17	83	29	91	63	23	3	88	53	47	20	
54	97	37	53	87	48	61	52	2	48	68	1	15	16	22	72	61	28	10	5	
35	40	50	83	60	19	25	52	40	40	49	7	19	14	52	83	76	5	85	95	
19	4	94	62	31	80	78	78	79	73	44	63	2	92	38	97	20	45	27	74	
42	93	81	61	69	34	55	24	3	86	21	19	15	29	2	89	62	19	83	78	
2	58	73	81	50	100	17	80	74	55	37	39	48	92	62	1	63	37	32	9	
71	11	1	83	65	91	46	33	21	53	38	100	45	25	49	15	95	44	80	48	
34	67	1	72	97	29	73	92	73	35	8	57	8	15	77	60	21	87	59	62	
82	48	64	45	68	56	99	48	14	47	39	20	97	64	29	60	98	80	74	1	
79	37	75	45	39	16	21	21	16	47	37	77	16	89	98	17	76	26	84	21	
14	55	93	60	61	57	74	9	49	6	49	41	78	53	64	77	50	13	93	51	
25	36	47	30	84	44	67	63	19	43	4	29	28	91	60	5	45	60	56	19	
44	45	34	28	41	24	41	44	92	90	68	41	69	50	31	64	48	93	50	40	
92	15	91	61	83	27	46	99	74	52	95	79	75	22	84	53	52	27	76	63	
2	44	47	20	78	50	27	48	59	69	78	75	100	49	85	29	3	88	40	25	
54	77	87	5	56	10	41	16	72	64	74	41	54	89	46	27	34	62	48	10	
1	82	72	37	61	19	93	68	72	76	22	44	68	43	91	32	70	27	67	90	
8	45	79	75	79	86	37	75	89	80	6	29	15	98	36	38	70	29	25	38	
3	12	56	87	9	94	77	89	22	79	43	55	12	36	35	88	37	47	44	84	
On machine	6
77	27	53	13	40	59	94	25	36	81	27	57	71	32	57	27	15	38	43	27	
13	16	4	99	13	11	57	57	17	1	10	45	76	62	8	27	8	59	58	90	
9	80	52	30	76	89	31	12	73	47	30	91	76	8	72	80	18	69	67	53	
34	54	32	27	9	39	96	59	48	41	59	66	19	26	51	23	19	81	68	29	
44	94	77	12	67	38	21	5	79	13	15	69	100	99	62	37	45	49	9	20	
15	28	15	25	10	87	50	60	87	26	77	38	66	81	98	83	40	37	12	12	
29	77	30	57	88	45	68	24	63	44	11	47	25	30	96	46	65	64	39	53	
36	22	54	76	94	81	7	84	77	23	25	21	75	92	36	56	97	47	74	44	
51	12	34	99	58	34	27	50	16	19	16	37	15	83	50	87	88	31	89	86	
85	23	60	53	37	90	100	67	91	76	56	60	14	69	82	61	87	44	15	96	
7	86	11	40	99	4	3	54	25	61	96	85	37	85	5	8	79	67	56	45	
59	54	9	76	98	35	58	72	47	84	62	21	23	59	96	15	92	32	31	66	
56	9	88	3	64	37	67	57	14	87	74	71	20	16	50	37	62	58	39	1	
67	54	14	1	99	68	9	2	27	61	79	23	13	6	57	81	26	23	3	13	
93	78	27	81	54	82	15	27	7	54	37	100	38	6	8	15	75	8	24	68	
31	66	75	96	37	83	66	90	79	3	30	27	17	33	59	2	70	20	24	5	
51	71	68	84	80	8	100	56	75	2	87	2	60	75	34	65	83	38	16	52	
40	18	77	96	28	78	17	54	34	78	52	4	17	57	84	22	5	76	34	87	
32	48	80	19	62	60	26	83	15	34	43	51	20	26	31	84	84	6	51	14	
81	56	65	99	77	89	36	9	26	11	38	13	57	33	20	56	86	13	37	10	
On machine	7
9	99	55	92	91	32	99	2	53	74	79	46	100	70	5	3	48	45	85	98	
42	23	27	77	39	49	94	9	35	38	76	81	90	61	60	7	54	61	4	31	
9	36	26	41	81	48	77	4	89	71	91	28	53	46	70	36	13	84	96	29	
78	23	39	5	53	12	69	15	40	15	27	94	46	18	16	48	71	2	1	65	
72	73	18	68	88	22	23	45	23	94	16	92	77	41	70	97	79	12	99	29	
38	16	64	19	64	38	45	70	14	96	84	55	14	61	34	42	98	49	94	41	
61	31	55	99	59	74	72	46	23	17	70	16	66	30	35	48	41	18	44	72	
15	7	88	17	78	9	42	61	99	1	43	64	28	83	77	42	73	27	99	52	
17	51	2	37	6	79	75	55	71	41	83	38	5	57	91	68	100	55	15	97	
72	72	17	29	39	35	86	68	1	49	89	50	41	39	87	7	97	26	46	60	
53	26	100	11	48	60	94	67	1	6	30	16	20	69	53	93	83	69	89	50	
50	38	71	52	20	63	20	35	12	22	22	56	4	23	36	27	33	34	85	79	
75	30	100	31	11	16	71	15	98	2	96	84	24	12	25	43	53	48	67	53	
14	65	68	43	47	15	3	44	75	57	36	43	65	99	8	57	6	84	11	36	
30	51	53	89	55	66	14	19	88	79	94	48	27	2	67	28	54	50	80	75	
54	47	6	72	88	81	73	60	63	99	33	31	75	94	9	9	4	79	28	43	
50	6	38	33	76	29	25	23	38	8	53	63	79	78	40	54	74	76	18	28	
33	28	17	53	99	13	48	13	23	17	37	24	6	47	75	43	71	58	97	22	
25	1	76	34	49	1	74	16	98	84	100	14	61	91	30	94	20	18	61	61	
62	87	2	78	72	16	12	7	95	49	58	14	89	73	38	12	28	52	24	27	
On machine	8
49	5	83	22	57	56	57	85	66	55	6	32	31	17	99	92	41	31	67	76	
49	46	73	74	78	5	67	6	41	83	62	94	21	3	31	47	88	76	74	34	
39	67	45	35	69	15	95	94	16	71	54	23	35	74	90	44	19	3	58	19	
6	58	16	70	60	7	80	77	86	49	37	55	25	30	75	33	77	73	76	57	
77	16	26	83	12	39	12	40	16	8	13	77	74	61	93	42	86	47	1	58	
44	56	25	69	83	84	32	15	50	31	44	25	84	10	7	77	72	98	61	23	
89	65	66	61	50	56	94	43	97	16	67	55	13	30	40	39	54	37	20	24	
76	45	60	13	46	65	88	21	32	92	47	89	31	76	58	82	8	91	3	76	
39	11	90	31	77	49	64	31	89	61	78	97	7	51	32	14	74	57	67	50	
71	39	63	13	49	83	65	33	11	94	92	22	32	54	18	32	45	11	38	25	
48	28	87	94	24	5	28	95	33	94	42	93	29	45	93	8	95	20	31	73	
19	10	17	33	42	39	67	98	20	58	18	2	39	6	92	30	66	76	27	61	
94	84	14	1	75	60	37	93	98	61	71	12	89	33	21	68	83	57	24	62	
38	52	15	22	83	35	42	50	1	14	71	60	73	35	23	19	40	86	82	65	
33	5	39	86	68	4	69	96	11	28	15	44	24	67	63	16	7	47	92	81	
30	21	14	79	66	83	45	46	80	73	6	91	84	19	89	56	36	52	45	24	
24	7	30	23	1	29	44	88	87	10	33	80	8	11	1	46	14	37	87	39	
84	55	31	16	83	41	78	74	98	79	85	33	72	52	66	36	53	45	63	20	
76	57	88	94	55	18	60	30	36	95	2	46	99	79	42	20	71	66	1	79	
21	79	45	15	42	78	90	74	93	71	76	30	5	54	90	60	56	88	74	75	
On machine	9
92	30	39	6	33	9	71	62	3	94	24	72	1	55	1	97	7	41	4	22	
92	11	95	14	83	31	35	70	50	51	49	64	59	43	51	48	90	25	5	7	
44	21	13	40	63	94	16	83	10	89	14	56	86	85	15	5	64	50	95	11	
9	54	3	54	56	33	97	91	71	87	18	58	1	43	38	32	22	34	7	86	
43	6	29	39	71	65	54	46	46	9	74	24	66	89	81	77	47	99	4	80	
3	7	68	96	30	88	41	83	94	26	74	90	78	40	61	27	72	67	46	54	
8	35	79	40	48	31	79	4	41	7	67	14	39	77	36	40	31	85	30	90	
19	38	73	54	96	8	26	1	8	59	84	85	3	51	91	52	11	10	76	15	
25	56	87	22	97	5	22	51	81	92	87	37	34	54	79	11	56	20	40	97	
60	25	40	2	98	55	90	71	71	97	10	63	63	38	68	15	55	52	10	28	
35	66	27	99	2	38	22	100	94	57	58	10	2	30	13	78	5	34	28	2	
41	16	67	76	99	84	50	70	85	20	39	48	93	100	37	77	52	38	48	38	
95	64	73	57	40	20	16	56	13	48	93	8	92	76	56	21	90	88	41	15	
90	34	2	59	68	16	6	26	67	86	26	45	18	83	45	81	70	60	54	57	
20	49	9	74	61	59	5	39	99	77	20	37	30	31	11	84	83	4	94	31	
31	26	44	16	67	24	70	15	86	63	45	41	77	29	3	44	74	6	94	81	
71	75	37	49	29	97	98	52	38	82	61	59	20	87	73	88	95	61	52	83	
42	87	66	7	37	72	4	17	25	69	90	4	97	7	10	86	8	70	47	2	
14	40	74	75	39	79	11	36	29	4	90	64	90	46	44	95	38	66	48	50	
66	49	83	36	9	63	59	73	77	65	62	11	2	61	34	98	55	95	36	12	
On machine	10
41	56	62	31	4	63	29	90	91	96	71	26	75	96	43	16	19	64	14	61	
15	49	34	98	70	96	82	6	96	76	81	42	16	57	74	79	26	14	87	12	
88	44	12	50	62	12	31	20	52	66	66	91	55	72	8	56	99	63	56	64	
51	81	2	56	17	42	75	93	87	54	71	24	66	95	49	85	99	7	95	37	
75	22	46	95	63	1	48	85	47	45	68	98	3	13	35	26	84	17	12	84	
84	57	89	31	72	30	60	16	80	51	98	59	100	18	91	60	66	80	38	92	
53	22	100	24	64	30	75	1	69	49	75	85	8	46	69	77	98	63	94	91	
35	87	98	85	56	72	69	31	49	5	14	90	30	42	2	81	11	35	35	33	
37	6	82	55	7	89	90	45	17	8	71	73	16	42	29	56	74	34	56	47	
63	24	31	2	4	49	27	98	75	47	79	49	95	21	95	75	97	74	17	27	
8	76	78	90	73	98	52	88	70	54	27	33	84	61	2	25	14	24	36	31	
20	4	95	85	64	92	40	85	19	69	7	24	67	10	77	60	16	78	47	68	
37	79	32	8	16	28	55	58	9	9	50	23	6	21	87	19	74	52	17	12	
40	90	30	76	99	24	94	84	84	26	9	92	78	56	85	13	28	49	6	50	
15	13	36	42	18	98	47	97	36	29	28	81	93	74	78	62	51	57	26	65	
46	98	28	65	9	67	7	48	47	65	91	49	6	12	60	81	3	87	18	11	
35	20	43	31	68	31	33	39	87	85	77	21	92	70	38	63	54	55	86	68	
30	66	65	46	66	47	24	24	38	48	33	58	73	51	72	67	56	94	57	66	
79	48	50	96	17	62	32	5	54	32	17	53	91	89	6	73	21	24	2	10	
26	65	44	9	25	20	89	48	66	12	3	48	44	18	19	95	70	46	22	48	
On machine	11
24	74	94	76	80	59	72	71	81	49	35	72	31	99	55	45	47	81	78	55	
12	11	11	60	45	99	62	10	29	43	36	91	93	89	51	97	37	10	80	20	
94	24	34	97	49	28	22	50	40	28	21	95	65	37	5	87	55	63	60	24	
37	87	61	75	32	85	21	67	28	28	29	7	58	55	85	30	33	45	24	51	
47	51	73	34	89	49	29	53	61	46	61	46	62	99	99	80	57	3	12	31	
19	80	45	61	79	9	70	75	34	95	22	17	92	40	89	25	12	90	14	21	
23	48	21	39	69	44	40	93	32	13	64	89	1	17	66	82	12	54	46	91	
28	100	36	87	75	50	98	14	59	18	14	32	85	6	96	60	81	72	29	42	
30	20	88	96	27	73	53	81	86	57	69	30	24	70	34	78	45	1	60	37	
78	40	95	65	100	50	77	88	18	49	62	64	70	97	66	100	44	95	86	6	
76	84	35	34	53	91	40	78	89	81	11	53	15	12	50	41	31	45	61	60	
65	54	86	3	80	10	16	42	96	79	33	82	70	34	40	32	11	73	30	18	
12	6	18	47	76	6	54	87	54	24	48	36	61	50	7	38	37	29	59	18	
20	5	82	41	64	35	87	51	23	99	31	66	93	28	87	27	96	74	41	36	
58	49	74	67	78	51	47	30	92	52	50	11	46	69	4	86	3	51	45	33	
72	8	96	3	56	63	28	56	40	88	57	100	74	82	11	29	49	84	47	11	
41	13	87	2	5	47	93	66	74	11	54	86	74	18	57	13	5	27	18	58	
62	64	7	26	78	18	98	56	100	57	3	84	97	78	96	22	82	67	95	96	
78	41	26	35	1	96	6	87	89	68	40	14	17	38	47	39	59	17	84	69	
90	30	30	61	43	9	79	32	63	1	10	41	90	66	73	100	90	26	14	26	
On machine	12
99	67	12	60	86	26	85	2	52	2	81	83	32	11	30	31	79	5	6	80	
23	78	56	33	34	46	78	24	40	8	47	69	75	34	88	55	43	60	85	52	
65	35	77	68	72	56	25	22	50	58	81	73	38	100	8	47	74	38	95	71	
76	54	83	33	30	14	94	20	59	21	62	68	22	3	56	20	85	5	56	65	
74	96	50	39	41	24	53	31	59	32	46	35	17	97	59	70	27	20	56	63	
66	71	49	71	24	30	77	24	35	46	83	5	54	47	24	67	27	23	8	11	
44	50	88	93	47	47	27	43	3	58	39	83	89	24	38	84	18	4	2	24	
23	15	22	89	31	35	18	69	20	79	69	12	29	78	20	20	74	33	62	89	
40	38	42	36	51	38	69	12	93	45	25	87	36	65	4	74	31	84	85	80	
73	66	20	77	95	6	72	10	71	99	26	15	36	99	71	71	68	95	70	59	
83	6	83	1	27	30	87	91	85	86	13	93	33	67	100	80	32	49	46	15	
37	38	97	41	62	48	32	60	17	50	88	8	71	5	43	20	10	96	41	78	
73	62	93	92	40	13	67	41	11	27	47	80	100	24	76	93	3	23	66	30	
69	78	24	48	46	27	15	10	95	61	95	12	52	66	55	48	99	90	31	53	
77	23	51	73	17	15	51	1	22	63	89	34	60	37	34	42	78	52	5	71	
50	7	93	79	89	51	61	29	73	61	57	47	56	19	34	85	71	49	26	69	
59	68	17	15	50	34	90	59	82	33	62	88	73	96	70	39	64	38	48	88	
22	74	93	1	19	30	12	97	6	84	28	46	98	10	33	74	64	21	52	78	
18	80	34	72	26	78	12	91	38	9	52	5	66	57	78	92	47	36	68	48	
99	55	70	20	40	53	63	2	53	38	68	84	55	43	73	93	60	12	57	44	
On machine	13
42	18	49	51	54	22	2	78	99	17	55	3	49	50	52	50	56	65	29	48	
30	37	37	1	8	65	35	40	28	78	98	46	60	12	79	51	65	97	7	87	
47	18	33	81	20	68	58	4	35	46	96	84	2	18	80	96	73	89	11	63	
37	99	47	83	85	6	25	24	68	26	90	55	39	81	26	95	4	31	60	60	
8	93	60	73	5	1	1	41	18	29	31	70	27	21	3	54	52	14	36	11	
98	65	67	93	4	51	98	13	86	70	18	99	83	68	24	36	71	19	60	85	
64	24	25	57	99	67	84	61	9	83	32	12	83	90	5	17	13	68	16	26	
81	1	75	80	48	100	94	16	57	18	36	16	3	18	93	78	47	9	28	49	
85	57	69	50	11	90	30	20	18	41	49	19	66	89	64	65	36	54	8	82	
18	63	63	94	41	15	77	12	61	72	92	69	14	80	7	69	35	71	48	2	
12	40	70	63	8	80	1	26	58	52	79	93	34	3	91	89	96	55	16	29	
93	26	56	78	51	96	41	11	66	87	88	34	70	75	88	27	75	35	26	76	
34	24	87	98	18	32	25	80	63	78	85	53	54	56	16	75	21	81	4	1	
12	8	66	29	8	80	82	94	27	2	95	35	33	24	15	5	37	60	57	13	
83	52	33	70	20	34	55	69	62	7	33	26	42	20	50	42	59	93	67	13	
85	6	51	94	98	14	53	77	27	49	98	48	74	81	44	85	59	77	47	71	
25	82	61	59	51	57	59	2	26	49	94	20	64	57	59	22	53	13	55	2	
81	41	14	51	66	65	38	33	68	19	78	70	74	78	3	39	31	69	71	8	
65	16	20	74	44	12	35	26	98	76	14	26	22	27	87	59	3	41	38	67	
6	10	61	94	14	68	66	52	70	23	76	73	5	93	69	59	30	48	83	23	
On machine	14
14	93	62	50	98	47	90	87	67	7	70	34	25	80	24	46	64	86	33	46	
49	67	91	45	88	14	1	52	57	52	27	1	25	15	31	69	57	56	11	52	
93	60	96	36	42	79	18	67	20	2	21	62	44	97	48	47	69	10	16	49	
85	63	7	23	65	94	88	1	72	28	62	85	54	33	17	69	32	2	45	76	
91	18	86	96	89	93	2	11	9	77	45	73	39	35	54	25	48	82	75	50	
11	82	38	84	71	21	33	50	99	92	27	62	28	68	16	99	54	51	59	43	
22	79	61	73	38	71	17	88	65	95	66	53	36	22	25	61	45	87	51	55	
75	47	41	24	95	82	6	48	98	79	77	88	27	77	36	85	26	91	32	28	
20	82	6	62	5	33	57	97	84	25	81	15	89	42	47	67	69	62	86	46	
41	73	5	65	24	65	82	36	47	27	87	4	62	89	11	24	5	13	91	16	
10	62	65	55	97	1	96	71	37	3	90	18	36	5	75	36	90	100	11	78	
70	31	57	17	82	97	32	43	48	15	3	81	57	89	20	54	45	68	22	55	
63	1	87	44	58	35	39	33	80	78	6	20	26	67	4	6	53	86	59	81	
79	3	88	65	68	32	62	17	15	31	79	48	92	52	49	99	16	4	68	65	
63	20	20	98	40	19	10	20	21	1	46	87	65	58	96	11	68	82	15	8	
46	62	76	81	11	84	87	79	8	30	55	16	49	16	9	31	98	47	8	79	
16	16	90	40	6	42	61	40	24	59	34	42	6	17	73	67	52	89	47	6	
32	87	81	73	28	24	33	4	19	31	86	46	42	9	55	70	63	37	72	12	
12	19	80	63	24	33	86	17	59	91	11	57	12	61	7	1	68	94	88	20	
76	35	51	89	49	23	40	69	55	1	37	58	92	82	17	40	23	28	14	92	
On machine	15
25	18	96	35	98	54	20	71	15	16	70	8	75	100	33	54	99	61	51	50	
66	80	83	54	65	69	13	97	92	71	79	51	13	90	26	97	72	84	91	92	
95	41	50	88	83	20	42	22	63	33	58	85	41	64	28	49	78	30	72	81	
73	47	19	3	3	63	93	62	42	85	43	19	75	53	97	71	28	69	47	20	
62	42	74	1	83	63	2	99	24	82	98	97	12	86	95	24	52	94	88	4	
42	40	21	9	4	68	23	90	31	37	100	46	91	60	11	87	28	100	62	99	
69	10	34	9	13	6	55	33	63	1	81	87	74	13	57	30	5	37	36	36	
11	66	9	4	22	55	85	50	37	47	80	86	63	60	61	4	2	2	62	23	
81	69	2	100	93	84	67	21	50	74	83	57	12	10	65	43	76	95	16	59	
1	92	84	72	98	14	95	58	77	53	6	93	96	19	24	55	24	49	87	99	
87	58	18	63	43	39	81	51	47	84	91	38	4	7	53	39	44	18	88	72	
57	25	89	20	46	66	18	55	46	20	40	15	41	38	59	80	70	40	58	19	
14	86	71	2	58	44	20	82	19	18	28	74	59	25	40	15	78	25	66	61	
71	25	71	70	19	56	31	96	60	81	45	83	62	33	16	55	72	39	42	99	
47	24	74	11	26	81	3	3	17	46	78	57	3	40	76	95	2	57	94	24	
66	82	17	21	21	25	94	30	49	40	53	31	34	82	55	24	30	69	42	80	
34	76	40	17	43	89	3	71	17	49	44	64	78	7	65	46	34	90	36	47	
86	83	81	57	30	99	35	8	71	13	44	13	77	26	2	44	18	48	88	13	
36	77	48	43	7	72	100	17	57	57	84	81	41	49	72	34	30	15	82	20	
78	85	46	83	7	78	88	56	52	6	54	83	11	11	75	9	66	9	19	32	
On machine	16
55	56	76	69	68	36	92	21	39	38	68	72	74	9	40	37	27	7	92	70	
62	1	43	42	35	60	97	40	89	98	42	27	71	45	25	2	83	89	58	55	
8	8	32	31	76	89	2	4	21	89	8	21	59	22	17	64	83	29	26	61	
43	35	5	51	93	50	11	97	60	73	78	47	33	29	20	89	31	13	100	15	
49	68	70	37	87	6	89	65	39	89	38	31	53	65	100	20	90	97	18	94	
73	63	40	46	54	5	78	67	47	82	14	43	52	17	12	8	11	4	62	96	
100	75	48	28	9	14	2	61	5	77	65	24	54	86	24	44	92	72	91	69	
24	82	15	67	45	42	7	72	98	83	26	86	72	25	78	88	26	91	44	11	
62	9	77	8	61	20	61	4	6	98	11	62	95	47	96	44	93	16	94	97	
36	29	51	39	42	38	46	4	16	57	43	41	94	87	46	25	88	88	69	35	
40	84	61	67	83	91	97	34	66	11	55	8	14	73	34	94	39	82	45	28	
52	82	32	68	15	94	4	76	14	97	50	80	47	28	34	32	76	48	50	40	
18	96	36	84	79	31	55	3	41	20	3	35	1	60	38	15	16	18	15	56	
88	37	29	28	58	32	27	23	23	64	70	71	45	41	54	67	7	98	14	23	
99	22	83	22	23	26	68	11	98	43	15	50	49	47	17	38	49	90	6	39	
31	37	95	10	53	80	65	82	2	88	99	86	46	47	87	12	78	67	85	60	
75	89	11	29	97	11	76	47	73	100	71	94	72	10	11	82	64	79	25	19	
29	64	81	95	57	60	85	54	83	89	6	73	38	36	44	94	28	69	24	63	
29	24	64	65	46	79	63	18	42	72	62	54	83	35	90	63	88	87	18	15	
86	43	99	3	92	36	26	1	3	37	30	1	61	56	59	51	46	19	79	23	
On machine	17
61	58	71	55	85	95	68	45	3	57	30	92	25	29	52	73	15	1	73	29	
5	84	50	17	90	23	34	77	95	24	75	45	75	32	53	45	86	17	83	66	
15	30	32	37	74	99	8	52	37	12	69	47	83	24	60	45	83	17	71	86	
10	1	50	35	15	60	12	76	94	93	89	94	11	63	42	25	60	49	29	11	
94	47	69	18	11	90	56	86	52	29	87	87	2	6	61	54	94	1	20	85	
85	32	89	4	59	46	46	89	44	95	61	67	68	19	30	59	59	98	53	55	
18	17	69	71	11	80	16	37	31	83	53	4	60	52	10	12	4	4	1	52	
12	69	73	40	53	5	48	13	95	77	52	34	83	36	11	27	69	41	43	25	
26	34	90	20	14	26	97	40	37	58	31	63	46	47	85	25	21	12	87	13	
42	37	77	19	26	74	39	31	77	62	22	1	55	10	48	78	3	75	14	85	
90	63	32	93	26	26	40	58	54	83	79	14	55	76	68	11	4	20	82	14	
22	27	53	22	11	71	11	13	48	34	13	18	44	70	35	71	19	48	64	85	
50	24	95	66	53	69	21	82	51	56	8	37	24	73	91	51	25	6	67	18	
28	18	65	16	90	1	46	85	61	6	3	87	13	10	77	38	77	75	15	15	
82	3	21	11	64	82	9	93	10	37	44	8	51	65	96	34	64	39	99	42	
44	77	58	23	93	44	31	60	1	68	19	67	21	45	60	45	49	56	67	92	
88	85	33	60	54	90	48	94	47	100	3	78	93	83	49	59	56	64	74	52	
93	7	54	97	5	31	35	66	51	73	45	67	29	39	68	38	99	88	18	64	
61	99	70	50	91	98	16	99	73	73	53	89	11	64	25	78	13	43	24	95	
67	67	42	79	81	81	15	29	17	9	26	53	81	86	47	42	50	9	50	92	
On machine	18
65	39	22	72	17	59	95	21	73	95	12	12	24	49	12	59	30	33	79	45	
57	48	71	73	52	8	52	25	10	87	100	90	95	98	35	93	58	64	43	43	
22	33	51	80	74	14	93	84	50	9	68	92	5	17	15	47	68	78	39	96	
8	86	63	88	3	14	85	99	83	31	36	3	75	71	60	28	2	8	78	33	
21	59	57	95	36	76	64	4	32	38	97	43	72	41	24	54	77	87	68	30	
30	28	91	35	92	83	1	3	19	22	11	95	33	65	28	73	55	70	47	48	
96	1	22	9	60	4	58	98	14	50	16	83	73	75	52	44	78	83	68	46	
61	68	60	2	92	41	63	100	96	21	84	53	53	75	41	30	58	39	20	1	
25	29	97	78	72	68	75	44	84	46	26	88	96	34	8	53	13	34	83	8	
53	6	6	6	74	37	56	99	49	98	57	22	30	89	14	90	22	60	71	91	
2	44	75	82	53	28	60	29	21	88	44	54	18	45	39	97	44	93	1	100	
6	77	66	59	62	59	76	92	7	45	10	12	40	53	55	75	55	6	40	45	
23	47	37	18	5	15	89	27	57	48	85	4	67	56	31	80	64	29	95	40	
43	4	74	44	15	77	37	100	87	4	28	62	99	87	28	71	28	66	21	99	
87	11	48	44	98	100	92	34	24	61	83	17	75	34	36	63	90	88	3	21	
27	79	20	43	45	52	79	42	95	36	47	61	86	17	70	8	27	83	5	73	
11	45	92	95	38	9	88	20	6	90	95	17	50	65	100	97	34	14	27	82	
40	11	3	3	48	69	98	6	73	2	13	56	100	39	9	75	100	27	5	71	
46	87	34	97	25	79	71	3	17	81	12	100	61	25	76	83	83	37	54	45	
20	66	13	84	83	66	56	9	22	95	89	82	74	11	3	60	82	58	58	82	
On machine	19
87	26	6	63	50	29	76	37	42	88	56	83	12	97	58	32	29	14	95	44	
59	4	54	26	98	99	96	95	80	48	37	30	86	51	56	96	25	23	61	42	
90	22	97	37	22	73	81	49	13	70	87	81	27	28	73	81	39	49	3	81	
71	83	4	82	64	61	75	47	68	18	80	82	2	39	4	82	17	80	41	22	
95	20	31	47	6	90	2	3	28	27	21	87	71	42	10	47	21	93	16	87	
54	48	33	44	62	2	43	51	93	60	13	84	11	83	33	27	37	94	53	84	
5	95	82	77	89	56	57	8	59	45	65	44	56	92	39	28	38	78	80	99	
74	64	92	71	74	11	95	28	87	28	53	59	27	19	90	98	65	71	99	58	
36	87	46	40	5	78	40	8	7	92	53	7	77	63	95	26	75	53	62	15	
85	28	88	4	57	25	49	94	61	46	49	92	48	18	53	84	61	82	94	25	
88	9	68	10	18	43	90	70	51	91	78	12	90	78	92	36	7	43	34	99	
7	57	99	19	69	1	16	79	12	33	82	70	14	53	70	73	35	71	1	26	
16	38	91	62	86	14	90	43	98	32	90	66	90	32	65	15	21	2	36	47	
43	69	36	33	63	20	70	44	66	63	67	95	65	10	21	38	21	53	90	56	
96	52	2	46	95	11	50	35	35	16	81	40	97	51	8	50	58	67	22	2	
74	19	86	16	99	84	19	67	72	57	87	48	80	58	15	41	33	50	7	40	
56	39	59	95	14	83	37	62	96	84	40	43	87	87	36	6	4	6	14	2	
42	75	99	62	71	76	88	47	44	89	44	97	3	31	46	12	95	90	48	53	
27	61	17	29	90	64	54	17	3	18	31	82	95	40	92	19	39	29	44	49	
28	48	25	47	76	84	53	42	3	74	90	42	70	20	45	69	98	60	60	80	
On machine	20
4	30	67	8	24	58	23	11	27	69	78	59	82	99	94	73	19	26	30	98	
62	89	88	30	61	51	52	6	24	72	61	95	24	52	57	72	52	63	32	5	
60	21	51	40	97	95	87	100	57	13	95	15	57	69	33	52	80	36	69	66	
2	76	19	76	89	54	72	53	27	61	46	9	40	99	99	53	25	34	23	55	
21	69	37	54	67	36	92	53	84	97	33	37	3	33	80	68	42	46	51	87	
94	14	83	4	13	24	26	77	15	70	43	79	92	82	15	62	68	53	92	84	
77	85	17	60	84	17	77	2	64	63	3	8	92	61	9	82	39	80	35	53	
38	1	75	48	92	41	23	16	97	71	74	6	5	16	59	39	70	18	30	39	
85	45	76	29	53	94	9	2	53	84	40	8	34	9	63	49	24	64	59	80	
85	88	6	19	26	6	71	97	78	42	47	86	80	60	86	33	73	17	27	69	
35	82	51	99	68	24	74	7	65	73	56	73	56	51	36	30	43	3	3	83	
20	79	19	57	2	44	84	82	45	53	55	94	77	24	17	34	63	28	30	89	
9	50	54	12	66	88	68	52	41	87	37	68	34	32	59	4	46	97	27	36	
16	72	40	62	20	88	26	48	43	80	33	4	90	49	93	96	96	47	57	8	
43	70	27	85	26	89	68	25	88	19	8	44	3	62	47	33	43	88	97	65	
89	92	44	63	91	48	16	22	25	52	48	27	21	32	31	53	23	81	95	17	
80	10	21	10	77	89	65	70	74	67	92	39	80	23	7	59	1	65	37	5	
90	15	37	44	91	81	41	17	18	98	47	59	55	66	30	65	10	38	32	82	
49	100	69	71	52	51	90	20	94	79	6	22	58	61	40	72	14	29	55	45	
30	3	83	32	88	20	73	29	30	41	40	48	89	33	29	28	73	31	76	81	
On machine	21
18	38	8	72	57	96	93	26	61	17	40	96	71	80	46	95	67	98	52	48	
98	82	3	57	85	5	40	96	72	39	2	55	63	86	35	76	75	77	83	31	
84	19	95	87	85	26	37	78	25	61	9	19	65	58	51	4	78	56	37	55	
40	96	28	57	3	66	11	18	65	77	88	23	12	41	97	25	45	55	4	17	
37	6	22	73	83	47	38	58	19	26	98	74	26	72	66	48	21	56	99	97	
6	50	2	69	16	53	54	75	46	28	87	93	27	55	71	56	93	15	2	62	
68	87	97	45	8	56	44	59	78	100	100	46	70	66	6	54	48	97	9	56	
49	57	10	94	28	2	74	76	66	36	99	33	1	7	83	51	64	16	82	31	
44	100	46	80	62	43	35	29	5	39	48	17	76	39	80	43	51	70	18	30	
34	72	43	31	35	58	72	68	62	37	47	43	5	1	45	12	77	51	79	91	
94	17	21	26	77	44	66	9	52	14	26	74	94	98	64	83	69	41	52	94	
96	21	32	16	25	39	37	5	39	5	76	40	35	98	81	42	96	69	81	99	
68	92	91	51	33	73	48	66	76	22	79	83	60	82	81	14	7	87	33	52	
69	4	56	86	57	82	56	85	39	19	62	30	74	55	9	98	35	3	29	91	
42	34	44	83	10	86	54	36	71	15	51	1	81	30	65	12	2	1	6	60	
40	17	68	89	30	23	48	10	13	11	100	11	33	78	12	63	88	47	70	27	
13	56	5	23	86	82	35	76	25	87	95	3	95	66	6	9	4	84	7	68	
6	69	36	53	57	48	15	82	76	28	31	70	10	83	84	47	85	4	56	43	
23	36	90	34	26	92	39	58	45	18	96	16	82	97	3	86	100	10	89	62	
10	40	91	54	77	58	44	60	80	24	66	48	74	44	28	99	87	94	16	47	
On machine	22
8	45	21	49	69	99	15	54	64	58	6	8	20	13	95	46	14	83	80	7	
30	54	59	8	97	7	85	37	89	24	73	97	66	45	95	59	96	91	77	4	
57	54	73	22	68	22	71	19	29	57	89	19	56	86	81	38	24	85	69	42	
9	86	98	63	98	35	33	91	78	9	77	92	1	57	3	92	45	91	35	49	
11	8	72	25	8	97	64	3	36	70	60	98	82	60	34	14	64	25	53	17	
31	1	59	84	62	59	44	65	32	64	86	91	24	67	63	4	32	41	94	67	
52	23	9	50	4	46	75	57	68	96	78	96	96	36	51	49	19	52	16	14	
7	29	13	74	10	96	3	97	68	27	78	41	41	98	34	30	3	60	3	5	
27	93	63	81	44	24	68	70	61	91	3	99	45	58	60	29	59	22	99	36	
15	44	7	37	13	53	93	61	32	30	51	46	68	90	37	79	8	31	79	61	
55	2	32	7	79	75	51	33	2	5	69	72	69	62	58	48	26	10	43	24	
6	36	43	11	27	1	64	59	78	67	40	50	81	73	29	46	7	81	70	1	
52	37	23	18	54	35	99	2	48	91	79	59	70	74	82	100	57	96	43	9	
44	62	91	6	95	86	92	18	84	30	17	58	95	42	82	77	91	97	46	38	
57	46	3	92	26	53	66	59	85	85	48	76	90	58	96	1	66	66	54	12	
30	55	43	99	69	45	34	74	90	2	70	65	11	97	81	78	76	99	73	69	
51	7	49	33	90	81	66	18	73	61	18	11	26	9	57	29	18	64	39	92	
62	49	65	39	81	27	18	27	48	54	4	57	39	66	23	75	18	74	70	13	
77	23	58	20	47	90	87	60	97	24	56	72	8	53	5	15	12	52	90	40	
28	8	79	20	78	33	86	87	9	24	97	48	44	69	16	70	61	80	77	11	
On machine	23
10	78	18	46	94	12	87	61	31	24	41	8	38	35	70	33	44	46	50	80	
24	73	84	93	24	45	74	79	37	10	94	7	1	44	25	1	79	9	31	50	
6	87	19	80	54	89	4	74	19	72	70	87	86	76	62	92	77	69	78	91	
30	91	60	15	63	40	49	86	16	4	72	66	53	25	39	27	82	8	94	63	
37	11	36	99	47	69	42	98	37	83	80	75	64	21	77	12	31	84	30	100	
56	9	68	96	33	82	58	14	60	79	5	30	37	99	70	33	19	4	91	2	
22	37	6	23	20	11	38	41	53	58	12	72	7	20	93	1	49	2	64	28	
15	70	22	40	39	33	37	93	11	85	94	69	91	6	78	50	8	85	91	95	
22	77	74	21	9	77	12	52	18	97	53	14	8	65	20	71	76	43	1	10	
58	29	59	75	17	65	26	97	3	87	32	2	72	88	1	20	95	8	41	26	
98	43	53	40	90	32	54	39	23	26	97	69	25	34	46	99	15	60	80	27	
2	73	80	65	22	37	77	37	92	86	47	7	31	17	31	65	9	51	3	36	
69	47	63	49	2	49	30	62	81	98	77	61	3	19	40	61	97	71	62	59	
25	33	88	86	33	89	57	5	5	22	32	89	76	32	73	19	79	75	81	59	
20	51	84	79	93	45	4	9	35	66	12	66	76	23	38	63	99	1	69	70	
87	57	93	38	58	74	40	2	36	86	49	27	82	91	47	48	24	91	16	66	
19	98	58	99	91	42	26	44	69	91	44	86	82	20	90	96	3	66	8	83	
15	15	71	10	66	58	72	28	9	41	72	31	10	75	97	50	14	95	100	74	
27	97	93	45	87	88	47	15	77	67	96	69	22	7	75	55	41	56	76	4	
55	36	92	13	46	41	2	38	75	67	96	76	69	21	66	92	20	55	7	22	
On machine	24
58	100	26	90	57	53	37	22	97	53	75	16	67	22	11	55	46	32	6	40	
8	25	34	44	4	1	81	62	67	62	67	50	69	55	52	67	46	96	88	8	
93	18	89	95	71	69	86	82	71	25	20	56	36	20	21	46	84	36	59	16	
72	38	80	42	79	87	35	78	79	62	45	21	73	17	73	98	61	59	61	86	
63	86	23	9	80	18	86	91	39	94	60	6	5	53	11	79	99	16	39	95	
40	90	48	72	58	51	57	37	25	58	100	38	37	88	62	47	87	34	9	30	
11	7	76	71	36	33	87	16	21	94	28	9	7	4	85	50	75	53	67	47	
9	12	50	79	25	68	54	43	1	32	90	21	87	39	7	44	61	13	83	18	
46	9	5	37	86	40	100	79	36	17	36	24	23	51	17	28	68	24	55	25	
91	56	16	25	32	54	84	48	2	16	94	21	88	77	12	23	80	54	24	30	
62	9	68	53	6	22	87	74	85	26	53	80	55	70	61	85	88	48	48	64	
45	12	37	36	6	46	87	62	18	14	7	43	16	23	66	42	55	17	5	48	
40	5	11	53	24	50	51	42	46	17	3	28	1	52	80	16	69	68	11	78	
90	40	51	3	10	21	8	90	33	79	99	23	42	92	91	43	83	56	31	19	
35	53	61	35	15	72	79	84	59	23	100	84	50	64	45	98	65	62	4	86	
60	2	49	47	77	53	27	43	50	64	69	10	33	16	34	1	54	20	9	9	
35	91	69	84	78	38	1	27	48	6	35	45	21	93	26	3	80	15	88	69	
68	31	17	79	31	99	5	39	82	28	32	30	1	17	76	37	17	59	10	59	
71	77	21	72	58	8	83	20	24	10	14	92	13	95	46	71	93	56	95	81	
59	12	94	96	6	79	43	64	3	9	26	41	54	31	82	95	49	88	28	65	
On machine	25
99	62	48	76	50	13	49	34	100	49	61	50	6	36	32	27	45	55	99	41	
100	49	47	26	66	92	41	33	58	19	57	15	4	99	36	10	42	58	39	23	
75	28	24	27	38	44	66	18	22	87	8	63	37	28	30	5	54	48	27	94	
84	38	50	17	52	13	60	6	13	80	77	71	50	83	51	83	32	65	3	5	
54	49	70	58	33	72	83	47	75	51	5	47	47	33	75	96	62	60	37	63	
16	17	86	45	42	100	5	15	90	9	5	33	36	16	88	71	72	91	33	92	
28	89	4	48	3	37	83	47	2	100	59	10	30	52	1	58	38	65	21	43	
82	69	50	86	8	59	3	74	99	44	30	55	29	78	99	80	65	32	51	75	
20	86	82	63	63	52	81	29	42	29	72	42	68	22	39	88	87	52	59	30	
16	6	72	93	34	39	93	16	40	56	3	60	37	72	1	61	20	67	35	83	
2	8	98	80	2	54	60	37	35	98	68	56	62	67	48	33	48	18	65	15	
100	19	87	85	88	79	82	4	96	28	95	88	43	18	11	83	70	75	85	40	
95	33	14	31	94	34	66	48	18	32	92	2	74	87	2	79	21	28	23	13	
19	83	45	51	1	75	26	32	52	72	5	75	84	93	81	88	6	95	18	13	
36	62	58	17	25	7	2	5	93	1	65	68	41	60	21	85	58	91	93	66	
86	48	69	30	100	78	92	50	81	86	83	49	75	86	15	63	37	6	57	8	
39	16	79	36	15	39	46	13	40	46	98	82	74	25	10	35	50	88	72	2	
32	27	31	12	46	18	19	33	94	30	96	99	75	55	11	82	80	12	65	96	
86	84	66	35	47	38	10	55	55	55	85	80	66	86	80	69	13	1	61	6	
41	38	95	3	58	68	39	53	45	23	38	5	76	49	25	35	30	71	9	68	
On machine	26
45	43	95	83	87	15	35	61	13	46	70	59	82	6	86	48	27	2	49	26	
40	96	17	17	7	53	3	50	74	56	33	90	30	85	69	96	91	47	23	67	
29	95	10	87	51	58	56	37	62	1	59	1	96	8	70	83	50	1	99	74	
27	77	92	77	66	39	81	30	71	96	90	75	21	55	17	79	10	66	74	15	
91	45	25	65	66	13	52	60	22	3	18	56	65	98	19	60	83	3	69	54	
14	27	34	15	97	34	27	46	14	54	100	65	51	78	41	98	4	84	73	16	
85	97	32	2	93	99	66	43	59	35	14	27	68	21	41	89	42	4	84	25	
83	94	78	80	93	76	70	42	53	42	95	54	45	21	17	12	42	77	1	7	
50	29	60	98	42	4	49	5	15	37	27	40	62	71	4	91	10	15	7	86	
89	57	31	23	53	49	85	74	4	74	84	4	22	75	27	75	43	90	14	16	
61	69	41	10	58	23	98	7	41	3	25	21	13	47	16	42	74	48	52	31	
36	51	58	61	53	31	66	53	67	37	86	46	27	4	74	8	8	99	95	39	
38	44	28	84	56	83	40	8	79	21	1	55	21	21	53	43	67	88	2	88	
11	23	91	58	13	43	14	33	6	68	52	76	61	14	23	14	42	44	9	20	
24	2	21	71	36	38	19	61	62	65	96	94	30	39	83	93	91	20	16	74	
82	12	13	14	19	82	24	65	91	32	85	91	70	26	72	99	19	44	92	28	
88	84	41	4	8	57	32	30	18	100	74	42	52	97	74	20	63	18	9	17	
52	62	14	1	60	57	14	78	40	29	30	35	100	64	40	13	21	33	27	22	
21	84	18	42	98	70	18	71	21	92	99	79	32	30	96	9	14	27	10	9	
58	31	76	11	35	25	28	71	46	7	79	96	44	34	45	2	98	26	15	82	
On machine	27
2	70	46	11	4	16	53	12	64	100	30	79	34	5	57	60	4	83	76	18	
82	31	86	89	76	48	58	5	55	11	87	14	93	90	74	68	99	48	91	81	
87	72	76	69	83	86	90	93	35	22	93	87	94	9	30	41	80	21	99	28	
2	20	43	62	58	46	11	91	77	38	36	97	2	3	21	50	53	28	11	27	
28	58	59	34	73	93	80	35	100	12	39	34	66	97	79	67	38	40	20	83	
26	42	34	11	10	89	45	15	53	30	76	57	68	4	22	6	35	15	28	95	
24	83	25	16	3	98	43	41	20	35	34	37	99	72	86	52	21	23	91	52	
50	76	92	48	78	74	66	71	96	27	14	18	21	61	6	53	61	99	70	3	
4	27	57	33	71	53	7	20	57	27	45	68	76	66	21	39	30	13	14	59	
33	61	2	76	67	34	98	50	21	24	81	13	30	43	29	10	83	87	75	22	
86	26	25	64	23	12	77	79	41	34	55	19	81	30	39	13	84	94	56	34	
22	77	84	41	91	13	58	100	69	67	44	42	18	13	20	95	12	14	29	24	
70	11	85	30	72	64	62	15	74	97	6	26	65	82	75	60	50	96	23	25	
23	62	95	1	79	6	90	10	26	49	65	1	89	90	100	22	99	77	59	77	
48	63	6	2	13	39	34	21	52	17	41	26	73	58	92	99	69	95	31	48	
73	79	56	78	15	77	36	19	17	27	38	29	99	80	21	61	22	5	29	14	
20	66	96	42	33	93	87	3	66	99	6	70	26	13	68	68	75	14	60	2	
42	28	27	15	93	68	51	96	12	10	11	67	86	68	12	30	53	49	83	94	
96	69	53	63	52	80	75	55	45	72	50	11	19	3	73	17	44	11	68	86	
64	8	89	85	30	11	45	9	40	96	74	56	95	91	42	4	44	86	82	94	
On machine	28
6	23	44	5	19	59	46	88	12	62	76	72	53	97	23	48	77	15	91	17	
31	81	2	48	41	16	82	61	24	89	41	54	57	39	59	5	10	90	64	27	
32	99	18	81	15	59	93	7	26	69	13	54	89	68	64	2	96	24	49	89	
10	95	24	71	2	87	42	86	21	99	35	35	16	75	75	2	15	24	30	55	
25	91	48	42	42	73	44	27	95	31	26	41	49	26	90	60	29	5	47	85	
6	42	53	59	92	3	95	79	80	74	56	59	99	67	32	58	43	24	13	39	
19	17	63	20	46	53	20	41	67	60	96	90	20	23	65	49	65	61	30	79	
62	36	9	60	15	11	5	40	74	33	61	89	62	62	14	23	4	28	47	75	
59	85	82	84	40	94	70	29	81	63	3	26	45	86	82	37	89	9	78	16	
46	28	30	10	63	10	68	6	19	54	21	30	58	78	65	39	8	91	21	100	
71	20	8	6	42	19	19	83	46	40	33	2	64	17	17	69	35	37	21	12	
16	49	14	49	26	4	13	52	27	30	58	2	36	8	3	56	88	77	20	58	
57	20	84	40	94	92	38	11	8	56	68	41	13	12	20	49	10	59	58	43	
61	80	73	82	94	2	21	75	52	51	68	65	70	60	84	65	31	29	28	88	
85	73	43	22	61	59	81	86	95	40	39	23	35	87	13	29	72	44	30	17	
61	81	36	48	77	6	25	95	99	85	77	55	18	61	48	3	65	22	98	23	
79	73	65	61	36	84	76	2	79	9	34	58	39	24	16	93	19	69	98	15	
47	62	27	12	4	29	56	59	31	14	87	100	9	88	44	80	13	16	80	6	
30	33	8	3	70	82	52	57	43	93	33	92	22	50	39	1	46	47	75	87	
58	29	20	62	37	7	60	33	40	13	30	85	53	56	62	80	67	44	40	7	
On machine	29
78	18	28	90	64	51	61	99	96	53	53	74	70	48	21	61	32	92	29	92	
91	85	86	86	24	82	78	68	37	78	100	49	63	52	52	27	10	87	97	29	
19	18	37	1	60	96	33	92	36	29	38	20	66	26	24	69	60	80	37	44	
84	37	99	95	14	36	45	13	55	88	99	16	22	9	13	4	7	83	54	88	
44	12	77	74	55	46	43	31	60	84	26	39	37	19	62	2	27	8	47	80	
23	8	74	99	21	96	67	42	23	34	66	56	85	28	4	97	52	36	60	80	
97	63	71	10	87	42	1	30	11	73	69	53	3	46	51	52	16	10	60	31	
81	90	5	13	41	29	52	26	4	68	79	59	89	82	62	100	22	4	44	82	
81	68	61	80	42	14	78	91	84	19	52	17	16	74	65	46	67	3	52	20	
24	65	24	25	2	39	64	82	23	87	6	67	1	95	5	100	48	12	55	42	
8	19	6	29	88	89	85	88	36	2	6	32	19	1	39	70	48	99	41	48	
33	86	93	68	80	88	90	73	25	84	33	34	21	74	92	90	22	25	28	75	
91	42	88	33	57	27	19	96	9	27	97	17	56	44	91	10	37	49	39	89	
74	26	90	5	34	48	12	13	37	17	11	50	92	75	40	24	34	15	50	78	
87	82	36	97	93	59	77	24	68	76	14	21	54	82	48	71	99	1	7	69	
45	85	2	66	43	81	40	61	75	82	66	66	26	59	33	21	35	74	47	83	
18	68	77	8	22	12	88	48	84	29	21	20	55	29	89	14	57	76	68	23	
99	62	92	49	12	52	2	81	6	45	49	99	38	88	61	72	25	56	10	30	
66	89	33	50	33	65	15	95	93	41	46	79	19	4	68	26	47	88	89	21	
54	48	50	91	28	34	38	29	75	74	34	20	100	7	93	37	50	93	10	48	
On machine	30
23	18	92	24	45	8	57	34	74	55	46	11	28	7	7	19	65	33	80	20	
12	71	95	92	86	40	55	10	59	61	84	22	64	88	100	11	47	23	9	16	
50	13	27	18	31	26	28	21	67	45	95	41	5	69	90	95	37	13	40	95	
50	65	42	72	75	28	28	15	89	75	26	29	42	82	91	56	32	29	73	2	
73	98	30	79	81	74	28	84	76	44	40	8	70	17	4	60	60	44	8	1	
65	46	61	96	30	18	97	38	93	17	22	81	88	84	35	47	32	36	75	56	
3	59	87	53	31	81	77	19	72	82	42	61	97	62	58	18	2	9	10	95	
73	44	11	12	38	27	92	44	43	61	47	50	99	41	76	57	70	66	55	63	
70	13	65	6	1	1	76	71	95	71	62	19	57	43	59	91	54	15	26	67	
93	31	18	75	87	9	45	40	86	62	52	8	62	76	52	44	19	89	33	2	
56	60	25	60	91	35	39	59	52	41	60	95	26	48	10	18	71	81	96	15	
75	15	33	77	65	77	44	68	93	32	59	100	9	57	70	88	18	82	47	92	
85	55	24	73	42	27	36	72	64	76	74	14	26	79	54	71	74	87	89	66	
54	57	43	28	91	12	43	99	74	34	27	9	24	46	48	29	74	100	92	69	
57	74	54	28	90	96	87	30	65	42	3	13	67	100	61	23	49	42	54	46	
24	90	78	71	81	35	1	86	82	47	62	84	54	23	18	6	43	52	91	97	
54	78	5	10	19	17	37	28	44	92	52	8	94	25	90	9	81	36	19	56	
52	96	82	29	71	71	16	55	30	21	79	60	74	27	84	49	62	80	18	64	
42	77	25	54	7	73	65	100	59	3	42	45	34	95	43	62	1	98	38	4	
82	86	84	16	32	25	33	77	45	73	6	87	29	8	60	40	8	9	96	55	
On machine	31
63	83	50	42	3	68	22	44	47	80	38	8	63	51	56	65	17	68	46	34	
38	32	51	64	32	63	51	49	11	93	63	67	86	91	54	34	99	27	47	46	
26	61	44	44	34	100	35	82	56	89	87	50	47	41	62	35	88	85	24	22	
55	1	98	64	31	9	71	31	23	64	2	42	64	54	18	80	77	33	15	84	
61	18	62	78	36	100	62	82	80	49	44	22	5	89	84	13	78	16	21	61	
34	51	55	52	35	29	63	43	43	98	70	95	20	16	5	28	96	58	1	22	
36	65	47	38	56	33	94	94	24	56	28	85	57	13	29	1	23	63	78	50	
37	27	1	45	30	12	26	4	47	45	73	22	97	72	37	14	32	53	20	93	
71	41	84	47	74	88	66	21	54	97	4	72	1	100	92	41	70	32	67	98	
37	74	100	16	45	10	21	85	17	89	38	31	70	47	16	18	67	65	60	51	
70	33	85	42	30	13	47	25	28	70	77	57	43	42	52	12	11	15	76	11	
24	93	80	11	14	50	93	27	8	45	28	4	55	77	97	15	52	78	58	86	
5	16	39	89	4	92	21	95	100	59	18	78	28	2	30	3	77	90	15	93	
31	83	38	67	39	32	23	36	56	88	100	83	76	28	75	59	84	19	85	57	
98	11	95	23	29	66	91	23	42	7	22	25	70	78	41	37	28	33	16	8	
57	85	71	49	1	29	7	87	80	97	43	29	36	73	95	81	60	55	52	24	
69	73	22	22	13	48	82	13	10	50	97	92	67	95	21	27	12	7	28	20	
10	53	10	15	54	78	6	5	44	15	93	34	3	61	58	9	14	92	54	8	
47	46	24	4	59	92	86	98	90	81	2	59	97	90	91	65	5	27	23	10	
69	48	42	24	59	73	80	34	23	58	71	2	81	57	89	87	32	98	24	17	
On machine	32
59	41	29	99	14	2	78	29	88	50	75	98	84	64	14	35	33	11	38	36	
79	9	65	86	67	79	62	6	82	52	10	17	85	2	76	89	71	24	78	35	
79	81	26	29	96	29	15	50	34	77	53	75	23	59	58	93	70	76	5	48	
34	41	7	66	18	84	17	36	35	44	93	52	63	46	48	56	77	22	31	94	
49	5	49	9	18	3	56	26	96	44	91	30	39	3	64	75	81	35	94	41	
71	66	1	55	75	75	45	87	60	67	39	66	6	61	53	43	92	18	53	98	
72	43	61	88	9	21	49	29	46	72	84	92	66	74	7	62	55	30	92	21	
40	43	35	3	50	75	95	48	65	30	95	96	91	37	56	81	20	31	86	55	
26	41	39	68	76	37	35	94	96	37	34	47	69	76	67	53	100	14	9	82	
58	48	47	13	3	83	59	97	9	17	14	18	80	91	6	74	13	1	93	81	
93	55	19	48	67	73	2	67	88	38	64	93	78	28	60	16	59	7	84	77	
71	75	31	25	81	99	11	37	54	35	77	31	94	76	99	93	11	58	97	73	
91	43	68	22	33	79	44	82	27	98	85	21	35	89	83	25	43	43	76	74	
34	51	2	19	19	56	62	78	8	36	92	41	96	57	60	65	24	87	21	59	
88	49	84	20	52	87	39	5	60	68	62	96	53	14	69	66	5	83	31	22	
27	61	15	76	71	72	90	9	14	25	4	34	29	78	42	87	38	17	19	27	
72	83	33	100	4	34	2	32	63	81	36	33	26	38	14	29	24	48	72	67	
91	14	25	8	86	75	50	29	69	40	30	28	93	95	88	46	74	9	9	16	
50	34	3	80	35	51	89	90	48	9	23	6	44	52	100	48	72	27	46	7	
86	30	34	50	21	11	69	13	47	46	82	58	1	98	69	87	70	5	27	55	
On machine	33
74	43	67	19	84	29	36	35	78	17	28	41	52	84	77	45	59	5	10	5	
100	4	72	12	64	89	70	69	77	46	69	29	82	74	96	57	19	8	23	85	
4	99	1	6	31	75	60	36	28	16	92	52	72	93	45	27	27	60	45	63	
34	44	7	24	29	91	69	61	54	73	39	93	34	56	41	38	44	25	35	24	
55	12	59	39	95	36	55	69	31	57	71	1	77	77	89	91	82	12	19	95	
52	55	13	23	25	68	92	63	42	44	42	13	48	65	95	77	1	5	75	74	
87	66	29	34	68	47	14	91	22	90	15	14	73	68	65	84	12	51	70	94	
37	19	8	50	60	43	19	32	11	88	100	22	55	97	65	74	37	29	68	23	
7	78	58	31	69	75	94	56	48	53	22	38	70	53	78	23	53	78	53	96	
76	57	44	28	40	100	99	90	36	54	57	28	71	91	91	81	93	20	62	62	
88	86	5	25	8	100	53	57	38	74	23	50	45	64	5	52	89	17	89	38	
15	100	6	21	97	44	57	93	52	99	75	31	72	94	75	75	15	95	83	24	
64	59	90	34	57	77	4	27	30	62	57	69	84	26	95	91	10	55	35	50	
19	21	30	66	48	21	92	33	15	22	40	31	33	33	86	11	48	80	13	25	
68	10	33	24	82	8	56	66	13	3	10	61	61	8	43	76	13	12	20	67	
29	49	18	95	52	60	14	33	82	73	92	29	85	5	15	30	10	70	4	85	
22	68	2	25	38	5	17	13	2	5	58	4	4	24	59	39	9	1	44	14	
52	72	52	24	12	18	36	12	94	84	48	88	30	93	99	99	74	100	74	68	
67	77	76	92	17	79	96	60	37	50	18	19	77	42	27	41	18	27	3	45	
61	42	44	65	8	92	29	95	86	98	56	41	5	1	12	41	35	26	13	66	
On machine	34
79	69	45	43	73	93	35	81	89	35	90	35	92	12	36	69	40	40	19	52	
21	21	92	69	19	79	11	12	26	62	50	64	91	16	41	100	49	91	13	88	
88	14	71	71	1	19	24	3	18	45	3	31	51	39	30	36	29	53	16	28	
82	97	27	11	74	17	89	98	44	10	21	13	20	69	31	39	95	93	56	5	
51	16	15	83	13	70	70	26	32	58	77	3	92	60	91	66	71	95	11	34	
90	48	3	44	71	66	50	79	10	23	3	55	86	91	28	85	2	84	36	1	
35	61	12	69	39	60	72	62	6	5	61	64	16	44	22	82	40	10	84	90	
11	42	54	42	56	11	49	4	78	28	67	32	22	64	10	91	67	87	84	74	
12	37	68	31	41	89	31	67	32	1	88	61	21	32	89	94	63	12	92	97	
94	38	24	25	26	2	95	17	17	83	99	51	3	78	60	72	85	25	34	42	
1	72	88	71	28	91	36	46	29	99	35	80	28	25	55	32	54	7	63	22	
20	70	75	48	70	80	37	14	93	75	87	96	78	85	82	57	13	2	10	7	
50	74	99	88	95	23	60	42	26	75	42	39	8	54	19	30	14	63	35	74	
3	43	34	56	39	10	67	79	19	92	17	28	64	71	68	54	28	43	59	87	
74	38	35	55	2	22	94	33	49	43	93	28	86	49	38	91	5	37	47	88	
50	7	43	34	61	24	70	29	61	13	59	6	75	24	79	87	89	77	17	100	
34	72	20	71	35	97	17	41	7	100	25	61	39	10	97	88	37	67	60	90	
53	45	85	12	16	97	14	2	13	5	88	52	38	30	28	27	44	71	73	57	
89	57	79	29	12	41	11	95	66	63	8	72	61	32	85	88	98	81	84	97	
18	73	99	80	75	65	65	77	32	39	95	96	39	70	87	17	60	60	97	71	
On machine	35
38	43	76	68	99	80	59	31	95	5	69	24	73	65	21	17	39	58	50	57	
11	18	59	21	26	30	62	36	32	43	58	99	48	37	1	57	81	82	91	41	
33	59	84	90	41	13	20	70	2	55	37	94	58	6	60	69	58	61	24	27	
6	78	15	7	9	8	91	48	79	10	52	25	44	1	82	64	83	97	74	20	
10	66	84	41	76	16	84	87	93	55	93	81	21	5	76	65	8	48	53	5	
27	89	72	68	38	53	88	33	18	49	52	22	93	1	52	5	30	81	61	28	
97	32	60	55	13	44	69	78	45	17	69	47	87	85	25	89	73	73	59	82	
94	14	42	37	55	38	5	55	46	43	16	15	17	16	86	89	79	35	10	33	
96	7	53	87	51	24	44	20	53	11	58	46	23	86	83	37	78	83	43	79	
14	100	57	85	9	59	68	18	74	95	63	48	18	78	90	92	37	36	80	67	
20	25	84	22	42	10	5	29	60	78	37	24	82	26	11	46	10	81	40	99	
19	58	83	23	78	51	4	55	91	75	7	72	100	29	4	29	50	11	86	66	
5	94	60	63	92	15	92	77	31	35	70	47	92	9	43	63	89	48	51	96	
89	76	47	87	28	45	23	13	43	31	27	71	31	70	56	23	54	74	70	3	
65	3	100	67	71	81	39	44	73	90	58	17	65	18	77	73	21	88	85	71	
10	28	48	77	100	12	37	25	99	27	62	51	14	34	40	22	24	89	15	53	
32	66	27	53	21	35	61	30	34	6	66	29	34	40	89	56	55	87	87	12	
56	13	12	26	60	45	67	65	49	96	70	83	14	26	56	58	12	6	19	29	
71	15	14	71	95	57	41	55	13	31	90	49	16	54	12	39	63	50	65	76	
40	84	26	33	41	24	18	13	63	63	51	86	49	63	12	68	66	82	54	94	
On machine	36
5	12	37	63	95	21	9	7	57	95	54	86	84	80	53	12	51	74	17	17	
53	14	48	91	58	26	81	17	82	3	22	34	39	30	53	35	41	66	37	58	
60	58	22	56	98	59	12	99	24	94	100	35	94	55	19	5	4	52	13	6	
39	19	34	11	67	18	66	5	95	58	46	55	32	17	60	1	25	19	15	19	
18	98	44	82	22	62	96	31	71	18	100	78	29	84	61	32	22	70	8	100	
60	15	13	6	43	51	29	93	37	67	58	100	39	68	70	67	74	28	27	47	
18	98	38	1	73	97	61	82	47	19	15	77	33	34	93	25	79	32	98	66	
67	59	28	77	66	15	28	90	41	59	80	1	85	1	62	4	82	6	80	84	
94	61	90	11	4	67	68	33	99	3	96	38	77	71	30	62	96	19	74	6	
15	44	46	54	20	36	73	67	69	11	15	35	32	57	74	39	95	43	36	25	
76	70	66	21	26	24	88	41	96	56	2	27	81	24	99	6	88	73	79	65	
1	57	18	75	36	65	47	84	90	8	83	71	29	8	79	52	27	56	14	3	
18	70	75	94	82	85	1	92	60	22	20	63	78	74	93	47	94	47	21	31	
27	60	47	47	18	53	46	91	30	20	4	51	90	69	24	67	95	33	33	97	
20	49	44	48	92	39	64	72	75	93	48	20	48	41	84	70	19	42	48	53	
74	20	10	87	17	29	50	65	18	82	31	4	1	60	99	33	68	81	74	9	
54	61	79	82	85	81	8	64	49	45	69	47	27	73	35	27	50	54	61	97	
17	38	82	78	74	58	68	54	53	6	21	58	91	6	40	69	64	18	50	28	
39	63	29	36	22	81	36	24	50	85	64	63	51	16	95	86	59	74	8	38	
91	75	55	97	51	84	89	62	75	46	93	66	30	96	83	45	50	58	89	42	
On machine	37
91	92	37	54	5	15	63	37	20	78	43	2	23	29	13	4	81	15	91	97	
69	72	74	28	40	81	93	85	63	70	26	48	59	80	94	50	94	17	100	15	
66	33	69	21	16	23	50	71	5	86	77	1	91	52	85	63	3	44	85	93	
78	99	26	19	50	50	20	24	94	53	6	43	16	7	81	27	98	28	44	27	
23	15	85	23	48	90	69	2	27	87	96	65	70	40	31	70	70	36	71	40	
42	67	3	86	3	28	17	10	26	34	89	8	20	54	85	39	72	74	56	79	
98	36	58	48	75	36	91	62	41	40	67	49	4	23	29	83	70	92	43	84	
87	8	2	61	83	17	54	12	64	72	96	34	50	57	10	54	61	53	51	22	
27	61	72	28	6	97	78	79	37	27	36	49	25	38	19	34	85	21	4	66	
10	4	26	84	58	9	98	49	21	30	7	27	34	30	81	12	72	81	96	93	
36	62	4	38	48	56	28	57	72	14	83	15	100	38	34	21	79	51	28	54	
79	95	39	85	84	77	27	94	17	20	48	86	80	55	63	67	61	45	36	92	
39	76	75	60	14	22	96	8	12	77	53	52	49	88	50	19	44	1	82	22	
85	68	21	93	56	31	92	11	27	40	41	83	87	20	3	31	59	89	76	82	
1	78	21	45	77	65	61	21	55	94	50	67	84	34	21	55	32	15	48	70	
39	54	89	75	34	88	24	12	39	53	21	54	3	10	87	29	70	66	48	61	
72	52	75	29	47	39	6	88	53	61	51	70	16	84	81	23	7	94	98	79	
86	44	100	45	85	97	77	57	96	79	3	12	95	67	68	93	37	21	21	47	
42	95	61	56	42	74	5	24	10	76	25	63	93	40	69	15	91	91	17	73	
84	9	42	57	68	31	46	7	78	66	98	29	67	67	74	35	25	88	68	14	
On machine	38
28	80	37	56	83	3	36	63	81	16	4	8	57	38	65	54	48	68	62	2	
55	44	21	5	41	99	21	69	38	71	100	68	87	44	37	39	36	43	29	65	
56	88	6	55	4	71	59	31	34	70	1	75	15	5	29	20	55	78	72	42	
80	77	11	39	30	74	67	16	65	54	27	34	95	28	59	93	67	57	97	93	
39	57	58	74	66	84	80	93	45	51	97	99	11	20	2	82	38	9	69	82	
40	75	68	94	22	18	35	31	92	62	7	20	85	86	60	6	45	96	84	49	
24	72	5	76	24	86	61	98	9	21	88	90	32	29	2	40	10	75	45	28	
15	36	69	63	42	7	38	3	15	39	70	88	51	56	40	28	66	17	60	59	
50	10	43	83	98	58	6	9	38	16	2	41	98	74	14	47	58	42	93	86	
4	28	58	85	62	15	49	72	17	67	58	44	46	80	52	62	32	49	71	13	
30	51	22	45	71	23	96	7	19	41	29	3	64	91	83	53	73	33	18	47	
18	42	69	41	28	31	37	18	17	6	47	3	27	30	89	10	53	13	21	84	
99	22	22	21	80	40	3	15	77	86	33	50	3	61	91	11	36	63	23	100	
34	81	32	3	76	63	27	25	93	55	14	25	10	99	79	69	59	35	92	32	
45	22	51	68	3	92	77	90	58	8	74	12	90	10	11	82	69	64	59	8	
2	73	87	19	78	22	50	30	42	88	15	7	26	82	100	78	75	19	98	17	
59	98	54	53	53	78	92	44	47	72	82	99	52	11	40	62	41	38	49	81	
95	55	88	53	14	44	7	84	5	10	80	45	14	30	31	8	87	15	67	36	
25	67	60	94	43	61	56	25	46	27	65	54	12	45	79	18	15	49	42	77	
8	45	1	97	11	30	76	88	53	6	16	15	31	53	29	15	4	27	8	16	
On machine	39
54	33	86	36	17	80	11	61	81	38	39	6	61	92	26	70	83	95	30	62	
2	48	2	8	38	5	25	41	58	33	20	57	36	100	3	43	93	65	25	14	
2	49	71	46	30	27	39	68	5	86	74	21	18	19	46	84	96	29	23	6	
90	83	4	69	40	72	50	45	20	57	85	18	56	24	82	62	86	50	44	38	
1	61	49	50	10	16	52	54	35	65	1	70	11	65	56	87	31	25	89	71	
38	90	71	85	27	97	48	41	18	69	33	33	72	78	78	21	49	84	12	67	
63	15	37	51	29	48	28	49	43	31	89	72	16	86	19	2	9	74	20	28	
84	81	81	44	93	28	11	65	67	50	38	15	63	80	84	22	80	50	55	3	
30	98	22	57	16	76	81	66	12	90	16	95	31	92	54	39	56	98	42	70	
93	21	25	29	99	64	61	18	61	4	62	70	88	98	32	29	33	11	100	77	
19	44	90	33	71	28	2	96	94	14	93	82	82	91	26	82	47	99	58	88	
31	27	93	46	88	36	26	42	84	93	37	10	31	38	35	26	45	31	26	93	
22	95	29	2	50	31	45	53	92	54	33	51	10	18	44	30	50	82	90	12	
51	1	72	17	19	71	43	51	84	23	17	86	60	25	50	25	77	33	6	63	
65	59	52	41	79	56	30	34	2	37	38	44	9	99	5	55	7	75	81	72	
20	75	85	8	80	92	91	1	4	33	53	71	42	12	45	18	81	71	57	76	
21	6	59	34	31	67	24	88	24	78	15	12	74	42	92	27	95	80	25	70	
30	51	14	14	12	75	48	35	52	10	43	78	58	52	44	1	48	65	68	19	
80	44	83	52	32	94	55	22	96	37	29	33	88	27	8	100	38	46	35	100	
60	64	33	72	9	42	19	58	52	73	30	65	97	69	58	28	9	50	74	9	
On machine	40
88	79	45	10	65	9	36	12	64	16	44	44	66	47	23	63	86	10	82	36	
67	15	90	41	7	78	84	67	42	42	73	50	50	23	57	48	49	65	54	39	
47	80	25	60	57	14	61	31	74	83	67	96	42	67	80	44	89	65	40	89	
5	22	59	10	42	11	15	51	20	79	74	44	18	32	56	27	18	9	14	95	
41	60	8	18	56	54	88	74	63	55	44	3	93	90	62	96	68	60	9	81	
55	84	55	67	89	27	22	82	60	88	3	15	93	67	45	77	14	82	49	38	
29	5	14	9	67	90	28	22	13	79	97	87	89	26	15	54	48	89	78	21	
55	56	40	28	20	35	56	69	50	72	93	52	36	5	7	62	45	90	26	76	
100	10	37	80	54	34	88	55	32	42	50	63	39	67	49	74	21	20	19	16	
62	97	94	74	35	77	15	79	77	66	44	87	37	99	61	26	11	57	95	30	
52	74	28	16	41	58	78	5	9	50	84	59	6	7	21	65	98	7	66	63	
7	15	21	59	41	52	71	13	47	85	80	48	97	37	13	49	52	17	63	72	
70	14	1	73	32	76	89	64	38	85	27	79	6	11	19	99	71	11	70	58	
78	32	34	49	38	51	69	86	56	77	55	43	74	70	59	12	22	51	4	80	
10	94	100	43	74	15	52	28	3	47	97	65	49	21	43	48	87	37	36	74	
70	56	63	87	65	39	17	28	51	67	56	36	18	85	87	2	3	4	85	69	
85	100	29	61	99	95	37	34	100	41	49	54	33	20	47	84	66	77	5	62	
24	74	58	54	74	76	33	53	86	32	6	87	82	37	46	67	60	44	5	70	
18	16	90	54	49	83	51	85	13	37	17	77	68	35	38	34	7	82	13	91	
38	41	55	54	2	100	32	26	29	7	55	25	52	43	1	93	83	11	10	82	
