Factories	2
Families	20
Machines	20
SetupType	3

Number of Jobs in each Family
10	2	9	9	9	7	4	4	3	4	1	3	8	1	10	5	6	1	7	10	

Jobs in each Family
0	1	2	3	4	5	6	7	8	9	
10	11	
12	13	14	15	16	17	18	19	20	
21	22	23	24	25	26	27	28	29	
30	31	32	33	34	35	36	37	38	
39	40	41	42	43	44	45	
46	47	48	49	
50	51	52	53	
54	55	56	
57	58	59	60	
61	
62	63	64	
65	66	67	68	69	70	71	72	
73	
74	75	76	77	78	79	80	81	82	83	
84	85	86	87	88	
89	90	91	92	93	94	
95	
96	97	98	99	100	101	102	
103	104	105	106	107	108	109	110	111	112	

Total number of jobs
113

Processing times of jobs
8	9	7	7	9	5	9	9	2	5	6	3	1	2	6	1	10	7	9	4	
8	7	2	3	3	7	6	1	4	2	7	8	3	4	4	4	3	5	7	10	
6	6	2	6	4	3	6	10	2	6	5	2	2	8	5	8	8	5	7	2	
1	1	3	4	9	8	5	1	7	9	3	1	8	6	1	9	1	7	3	7	
8	8	7	9	2	7	3	7	5	9	6	9	3	9	7	5	8	5	4	9	
7	1	10	8	3	4	6	10	9	8	7	10	1	3	2	9	8	5	9	7	
6	5	1	9	10	1	7	1	9	6	7	2	5	8	7	2	9	2	3	2	
10	4	8	3	3	7	8	9	2	6	1	5	3	10	4	2	4	9	10	6	
5	2	1	5	4	9	4	8	9	4	3	9	6	3	9	1	7	7	5	9	
7	10	7	6	3	10	8	4	3	7	6	7	2	9	1	1	1	1	5	9	
3	2	6	4	1	9	9	3	4	8	6	8	4	3	6	5	1	9	2	6	
1	5	6	8	7	4	3	4	10	5	2	10	4	6	4	6	4	2	2	5	
6	4	3	6	8	5	10	8	9	7	1	2	4	7	6	4	4	3	7	7	
9	7	5	6	5	2	4	9	5	10	2	2	9	4	6	2	6	1	5	4	
10	3	7	7	6	8	8	4	8	6	7	6	7	8	7	2	6	10	2	7	
1	5	7	10	2	10	1	1	2	3	3	8	3	5	10	4	1	6	1	5	
2	3	2	8	6	3	4	3	6	4	3	5	7	6	4	2	6	4	5	1	
6	10	5	9	6	3	6	6	8	5	9	2	10	10	10	7	2	4	6	2	
7	3	5	5	2	1	2	2	4	6	7	8	7	9	10	10	2	8	9	6	
8	1	10	1	3	5	9	2	3	4	7	1	8	3	6	8	8	4	1	1	
5	10	5	5	4	10	2	6	1	2	10	7	6	8	5	5	8	10	4	4	
8	9	10	9	6	10	9	9	1	1	7	8	3	7	7	4	9	3	1	10	
10	9	4	6	4	6	5	6	3	5	8	4	2	5	3	1	3	10	8	1	
8	10	2	8	8	7	3	2	5	4	7	6	10	7	8	6	6	3	4	9	
8	7	9	1	1	3	4	2	4	3	3	7	2	5	4	4	9	9	10	4	
3	3	5	3	1	8	3	3	1	1	2	4	9	10	7	9	3	1	2	3	
6	1	9	4	6	4	2	2	7	2	9	7	1	9	5	1	6	7	5	4	
8	2	5	8	2	7	9	9	2	8	10	9	7	4	2	1	4	2	7	1	
2	6	2	10	3	8	1	2	6	1	4	6	9	1	1	6	5	1	7	7	
1	4	8	1	4	9	10	1	7	3	9	1	7	9	5	6	6	9	6	3	
9	4	6	6	1	10	7	2	6	1	1	2	10	8	4	9	10	8	2	2	
8	5	2	10	1	1	2	8	7	2	4	1	5	7	4	9	3	10	2	7	
3	6	1	6	5	8	1	2	5	9	10	5	9	4	1	7	10	10	10	5	
1	4	4	6	7	6	5	6	4	10	4	1	10	2	8	10	3	2	1	9	
7	10	9	6	8	10	2	9	9	7	5	5	9	1	5	8	8	9	1	2	
8	8	5	7	4	4	5	9	9	2	4	9	5	1	7	7	10	5	3	8	
1	6	3	9	1	4	2	8	1	4	2	9	5	8	3	5	2	3	2	7	
1	6	1	9	2	4	4	9	4	1	1	4	2	2	1	4	5	7	5	6	
1	9	5	6	2	1	5	10	9	3	1	5	1	7	6	2	1	1	9	1	
7	2	2	2	6	9	6	5	8	1	10	7	4	10	6	5	2	4	2	5	
3	9	4	1	4	8	1	7	1	8	8	7	7	7	6	6	4	8	4	7	
1	10	5	9	8	3	3	4	2	3	6	1	9	5	2	10	8	9	9	3	
2	3	7	7	8	8	8	9	5	3	5	7	7	5	2	10	10	9	8	10	
6	7	5	9	1	9	3	8	1	3	4	9	6	9	3	10	4	6	7	5	
6	8	5	6	2	10	1	4	5	8	2	4	9	4	5	9	6	1	3	6	
7	2	6	3	2	10	1	2	10	4	3	6	8	6	4	9	6	7	4	1	
5	4	8	10	3	6	9	10	7	2	1	7	3	2	2	8	7	4	10	8	
7	10	4	3	5	9	6	8	5	4	9	2	9	1	8	2	7	7	7	10	
4	10	8	2	6	1	5	3	1	5	7	5	10	2	10	7	7	2	7	2	
5	7	4	4	8	5	6	5	6	9	5	6	6	4	8	2	4	5	1	9	
3	7	1	4	4	3	6	4	3	3	9	3	4	10	4	10	4	2	4	5	
4	10	8	6	9	7	7	7	8	9	2	3	4	4	9	10	7	8	10	4	
6	1	10	7	3	7	6	10	4	10	5	1	8	7	6	1	10	3	8	4	
1	9	6	2	10	4	8	4	9	7	4	6	10	6	2	5	3	7	1	3	
9	4	2	5	2	8	4	8	8	4	7	1	3	2	4	5	1	6	9	9	
6	1	3	4	8	8	10	2	5	8	3	10	7	9	2	1	1	6	3	10	
5	10	10	3	7	3	8	6	4	2	2	1	6	10	7	3	7	2	9	6	
1	2	4	6	5	7	6	7	6	2	10	10	8	9	1	10	7	4	6	8	
7	10	5	5	6	6	5	8	3	9	7	2	10	1	9	8	1	7	1	9	
3	8	5	10	4	10	5	5	4	9	1	8	10	6	6	2	3	7	1	4	
3	1	8	2	2	5	10	2	4	7	10	8	1	2	2	9	5	10	1	1	
7	2	7	5	9	6	8	7	7	5	7	2	8	3	9	1	8	4	3	3	
7	5	8	9	3	9	9	4	3	1	3	10	10	7	9	6	1	4	10	1	
9	10	10	5	8	5	8	3	1	4	1	7	6	5	4	10	3	8	6	10	
7	8	1	5	2	4	8	6	4	10	2	5	10	10	8	10	1	6	9	7	
3	1	9	3	2	2	8	4	10	1	3	10	3	1	9	8	7	3	1	10	
3	2	8	6	6	10	10	3	4	10	4	6	5	6	5	5	1	4	2	5	
1	7	10	1	7	10	6	8	2	3	2	3	1	2	6	3	10	6	4	5	
10	2	4	7	7	1	1	4	4	10	9	9	2	10	6	10	1	1	10	3	
10	6	2	9	9	3	7	5	2	5	6	1	10	9	4	9	8	9	5	1	
4	3	7	5	7	4	6	4	6	2	9	4	1	8	8	7	5	9	7	10	
7	4	3	4	3	3	8	2	7	5	3	3	3	5	2	6	7	7	4	2	
8	5	10	6	4	1	4	9	5	7	4	1	8	7	9	1	7	9	6	9	
6	5	10	1	10	9	3	2	1	5	2	2	6	1	2	6	2	7	10	7	
5	4	5	5	3	4	10	7	6	1	6	1	10	5	3	9	6	2	6	10	
6	8	1	1	3	4	7	1	1	8	3	10	5	7	7	5	5	6	7	7	
3	8	7	9	6	8	8	6	5	1	10	2	7	8	1	6	8	9	9	3	
4	8	9	5	5	9	10	2	5	4	8	1	9	6	10	8	6	1	7	7	
2	5	5	4	4	7	8	2	3	3	3	7	8	10	9	2	5	2	2	2	
1	10	3	6	2	7	3	9	1	8	3	7	6	4	5	3	1	8	1	10	
4	6	7	3	1	4	5	4	7	9	9	4	1	1	3	8	7	1	8	9	
9	4	6	7	9	1	3	3	5	7	8	9	9	4	1	6	10	5	5	9	
7	6	5	8	8	3	10	2	1	4	5	5	9	3	2	2	8	8	7	2	
1	3	9	8	6	1	5	6	3	6	10	10	4	8	4	3	5	4	3	6	
2	8	3	10	2	5	4	1	6	1	9	10	1	3	7	9	7	1	10	2	
7	3	4	3	9	5	2	7	3	2	6	7	1	9	6	2	4	4	6	9	
7	6	4	2	2	7	8	1	3	7	7	3	5	6	5	1	5	8	1	9	
9	1	9	2	6	8	2	8	2	4	2	1	1	3	6	10	9	9	5	9	
9	5	10	7	7	10	7	1	2	8	1	4	9	1	3	3	4	1	6	7	
3	5	7	1	7	10	3	3	10	10	4	4	10	5	9	9	6	2	3	10	
6	7	4	9	7	6	10	9	4	2	7	6	5	2	3	4	2	1	8	5	
10	6	9	9	6	1	6	9	3	10	4	5	2	8	6	5	4	5	5	8	
8	1	9	10	10	7	1	7	9	6	1	9	2	4	5	7	5	1	4	8	
8	7	2	4	7	1	7	2	9	2	10	3	7	6	4	2	10	9	1	5	
8	2	3	8	6	2	8	9	10	1	7	4	9	5	3	8	3	1	10	5	
8	6	9	8	6	7	8	7	1	7	1	7	1	1	8	9	2	9	4	4	
2	9	5	8	3	6	7	1	9	10	2	10	10	2	1	2	7	4	9	8	
5	7	8	2	6	4	4	5	5	9	8	1	6	9	3	3	1	6	1	2	
4	5	2	8	2	6	6	2	5	7	3	8	4	5	6	7	7	10	8	4	
10	10	10	10	3	9	4	8	4	3	6	5	6	5	8	9	8	6	6	1	
9	4	6	5	6	7	4	4	6	1	10	1	6	10	2	4	1	6	4	6	
3	5	9	3	4	7	6	10	7	5	4	2	7	10	8	2	9	5	8	2	
7	5	5	6	7	6	3	4	6	2	5	7	10	2	3	1	1	10	3	10	
2	10	6	3	4	7	7	4	7	10	6	3	6	1	3	4	8	10	2	1	
5	6	4	8	5	6	5	3	1	10	1	7	9	1	6	1	4	9	7	4	
8	1	5	8	1	1	2	7	6	7	5	2	7	7	5	5	7	2	8	8	
3	8	6	6	9	5	9	9	6	2	3	5	10	6	3	3	5	4	1	4	
1	6	2	8	4	2	2	9	9	10	9	6	8	1	9	1	1	6	4	8	
1	8	8	5	2	8	8	8	3	6	8	6	8	5	8	6	5	4	3	2	
3	10	3	10	8	3	10	9	5	6	5	8	5	3	2	9	9	5	9	5	
10	10	7	10	1	3	5	10	3	9	3	9	2	10	8	6	9	7	4	10	
1	9	8	7	5	1	7	1	8	5	8	7	8	4	3	7	1	5	9	7	
10	6	5	7	3	8	10	1	4	9	7	9	8	1	9	1	9	3	2	4	

Stepup times between Families, where [f][f] represents initial setup time
On machine	1
95	22	77	52	91	16	79	41	59	36	54	23	62	26	31	46	32	84	84	46	
20	15	7	27	43	12	98	8	80	13	33	72	72	31	63	90	62	8	74	59	
79	15	65	70	46	63	55	7	16	54	38	62	38	72	93	33	47	98	58	85	
15	59	38	66	20	72	10	99	84	6	70	96	79	50	4	51	19	40	63	4	
94	81	92	16	79	50	69	18	62	72	88	94	100	97	83	25	98	94	33	12	
74	91	75	15	92	28	49	49	66	33	86	94	66	29	51	56	87	10	22	50	
78	56	38	10	30	59	95	20	42	9	58	91	70	29	87	21	98	77	84	2	
98	30	18	1	40	26	55	57	2	56	90	68	63	11	26	65	34	61	23	100	
5	30	71	56	47	1	20	25	83	53	67	2	55	71	29	28	73	32	79	47	
25	13	99	25	27	58	77	53	62	67	67	53	10	31	37	47	34	4	44	48	
17	12	53	38	69	13	48	84	64	7	5	15	83	83	94	72	60	51	15	83	
64	53	51	42	65	22	84	31	57	48	13	81	79	74	69	86	73	22	90	16	
90	11	11	73	36	88	7	9	66	48	4	98	20	84	79	68	19	46	48	64	
39	31	67	93	58	95	80	77	90	19	21	81	74	100	50	88	69	94	22	42	
87	100	7	92	97	2	46	42	67	42	64	95	60	27	4	24	88	59	54	72	
4	41	63	11	48	98	14	53	61	23	11	45	17	58	93	17	63	32	65	80	
49	84	73	28	100	30	2	89	19	18	59	50	64	2	21	9	92	93	91	20	
20	38	97	70	92	8	3	18	46	51	72	76	82	75	19	90	32	15	99	77	
75	57	34	84	45	36	91	87	31	42	44	28	51	91	93	46	22	1	43	95	
35	81	51	60	29	87	14	70	56	70	45	51	90	58	93	69	15	25	17	30	
On machine	2
32	63	71	9	16	77	27	73	37	17	89	39	81	64	10	4	98	24	74	75	
98	3	49	48	14	70	10	94	75	67	67	98	75	41	38	16	78	46	19	54	
4	72	59	99	96	19	40	89	5	86	87	42	16	2	38	79	39	42	38	35	
16	73	92	58	17	97	18	65	86	61	36	73	40	14	35	82	20	85	55	3	
51	41	72	58	97	3	26	29	35	17	61	27	26	6	65	51	61	45	50	91	
26	98	4	20	35	87	39	17	22	16	21	5	75	89	90	76	18	26	11	22	
52	42	2	62	22	44	46	57	55	3	80	87	41	85	97	20	64	3	93	23	
66	79	23	31	98	62	69	32	53	7	14	93	82	63	19	21	47	46	47	67	
92	86	86	4	68	67	80	80	40	6	89	49	74	58	32	91	50	92	41	57	
9	30	7	78	63	55	74	48	5	56	32	41	7	6	86	19	41	66	1	42	
93	41	61	59	68	89	74	67	41	75	41	72	11	27	18	63	81	25	64	3	
64	62	20	16	16	10	98	96	90	91	64	22	26	46	40	48	27	84	95	15	
95	40	7	52	21	46	23	65	27	19	25	40	53	40	17	72	79	44	46	58	
35	66	56	81	23	30	29	33	96	11	25	68	39	81	13	2	58	88	89	15	
10	40	28	74	95	46	13	92	1	19	56	85	62	96	86	83	81	34	1	85	
9	14	50	61	21	60	4	77	38	63	69	15	13	28	47	71	7	48	85	33	
65	43	58	83	49	67	51	67	71	60	64	37	100	57	38	43	93	67	60	30	
70	1	99	73	32	23	60	60	35	3	64	62	100	60	50	45	72	85	64	82	
13	50	97	76	29	85	15	66	24	96	65	33	93	80	39	74	39	93	12	56	
22	45	36	52	9	43	34	90	97	100	28	79	68	71	50	83	83	24	59	21	
On machine	3
24	70	6	17	71	26	1	78	87	75	23	67	1	27	3	51	76	98	83	27	
22	82	30	55	79	58	41	26	46	84	100	45	52	44	8	2	1	50	80	12	
7	71	77	59	70	82	22	78	65	98	36	59	39	14	77	77	62	13	92	32	
62	55	20	77	73	40	96	2	70	7	29	52	8	14	98	85	20	92	37	29	
49	15	75	72	66	59	30	90	17	71	92	17	72	47	56	66	1	81	31	18	
30	39	85	76	72	5	13	60	39	23	12	73	11	18	78	50	53	35	37	42	
85	96	72	26	7	14	31	4	59	83	16	13	57	69	37	37	33	6	51	54	
76	89	95	54	51	77	30	66	75	73	66	56	53	20	95	55	31	30	91	50	
84	34	86	1	60	69	32	66	35	19	44	59	37	52	21	19	74	26	87	80	
37	17	69	65	86	39	28	27	100	14	94	76	87	50	12	90	6	91	97	93	
28	38	28	96	29	59	15	29	67	99	37	79	70	95	53	8	59	49	8	91	
67	69	57	95	96	15	71	13	92	39	83	30	14	25	43	5	85	70	85	80	
94	62	44	76	34	19	43	62	96	46	43	15	12	81	84	23	79	77	7	26	
77	65	59	58	69	74	96	85	63	29	27	11	64	46	67	34	85	49	55	46	
25	90	77	26	41	85	63	87	17	84	36	40	77	69	49	1	47	79	32	61	
54	92	89	34	64	82	75	50	40	26	85	57	95	74	90	12	92	97	2	52	
5	85	78	27	40	68	29	90	82	67	99	44	75	3	38	70	58	100	4	36	
10	40	89	94	93	56	29	14	28	49	96	93	11	22	16	49	11	60	58	62	
85	94	17	75	37	18	32	47	58	95	62	99	67	32	2	98	51	93	16	32	
10	21	26	23	20	40	79	56	57	26	90	96	13	16	6	14	12	9	9	64	
On machine	4
17	27	57	4	80	91	54	53	50	10	73	89	56	13	60	66	91	20	27	56	
78	31	23	45	33	25	89	80	68	64	66	98	71	24	100	70	76	87	19	46	
45	93	25	2	16	2	86	81	96	33	56	18	35	17	14	69	89	73	96	49	
70	87	14	64	26	42	76	41	16	74	98	10	4	64	35	39	34	82	44	73	
20	90	2	29	79	82	3	67	73	16	21	23	73	31	91	51	8	41	1	23	
14	54	6	80	8	78	69	98	13	98	29	49	22	97	32	38	30	68	54	47	
54	6	33	23	97	62	15	59	84	10	67	6	20	13	53	1	80	50	61	98	
21	11	54	29	42	61	24	17	29	1	78	58	11	27	67	68	23	65	59	55	
98	71	62	74	9	82	25	60	56	34	84	81	18	59	19	39	33	85	84	61	
51	88	44	56	68	64	65	27	58	9	51	19	7	13	50	100	82	12	36	14	
49	13	78	84	29	68	44	41	22	75	25	55	28	21	40	36	98	99	1	31	
6	5	39	4	14	89	62	15	38	33	80	99	86	3	55	30	100	44	69	75	
85	34	66	42	89	3	74	3	12	82	25	34	100	84	19	2	31	49	63	45	
37	28	77	86	35	84	95	68	82	9	53	22	6	30	25	91	56	60	38	33	
2	91	15	44	31	96	46	80	83	14	61	63	32	57	29	24	80	4	17	37	
44	66	10	70	50	63	56	26	84	59	11	45	9	44	91	30	19	32	25	79	
73	1	28	43	5	100	94	68	78	75	6	34	24	3	70	10	24	1	20	94	
50	88	63	31	12	47	43	20	17	71	48	15	13	93	7	45	66	17	14	15	
36	9	54	46	17	87	54	46	49	8	45	35	96	16	44	24	39	82	29	93	
32	7	95	6	32	1	80	53	23	52	51	32	3	82	89	18	16	72	66	20	
On machine	5
56	17	63	46	89	57	95	96	95	92	79	58	4	83	98	19	97	43	61	41	
7	62	90	32	37	7	39	86	72	21	65	82	53	90	42	47	29	80	40	62	
63	85	23	78	65	87	40	88	92	98	7	76	46	21	98	31	80	54	3	73	
33	18	96	88	28	88	53	49	9	33	94	11	71	100	62	74	80	95	95	58	
10	42	38	80	96	54	65	88	16	68	19	31	75	27	24	71	50	76	37	53	
12	49	87	2	92	15	99	58	36	95	53	80	21	55	13	34	10	98	33	67	
3	54	93	34	35	97	67	66	58	44	6	18	22	38	73	8	8	65	80	97	
54	60	91	79	44	13	98	41	31	75	31	9	51	82	66	11	12	54	93	54	
44	54	40	93	84	98	21	68	86	58	43	87	8	40	8	54	36	24	55	97	
67	55	39	62	76	26	17	53	67	11	64	87	73	60	23	54	65	71	91	35	
27	31	5	77	44	40	54	46	7	28	53	88	55	56	93	77	76	21	64	38	
86	28	55	92	24	24	74	96	1	19	94	33	21	18	50	75	62	45	31	66	
4	33	100	88	90	80	80	51	57	34	89	34	19	14	29	70	85	1	87	40	
53	84	96	93	63	20	30	44	24	21	32	72	91	12	68	65	64	78	10	52	
38	3	81	2	14	95	3	28	60	43	84	33	40	24	11	56	61	73	68	9	
92	86	33	89	41	35	36	44	98	13	41	55	52	27	32	94	5	45	49	15	
26	73	30	44	50	46	80	65	68	10	26	82	86	70	30	87	73	71	53	37	
71	71	54	44	38	70	38	49	62	18	86	55	74	77	56	32	92	6	91	9	
15	29	30	98	84	87	7	10	83	25	4	19	27	79	85	76	84	32	27	36	
81	56	28	75	41	74	36	82	73	76	56	15	78	60	81	53	64	68	31	73	
On machine	6
12	63	7	82	70	17	17	83	55	9	34	74	52	10	1	47	6	48	4	33	
29	8	70	84	46	33	15	64	66	56	59	69	79	87	86	16	65	81	28	36	
93	97	64	44	25	52	90	16	93	16	6	54	56	74	51	92	14	78	3	39	
84	49	35	94	48	28	71	30	7	47	40	48	88	24	57	85	15	98	95	34	
74	24	83	97	11	58	1	22	94	21	55	13	16	86	19	86	96	85	24	59	
49	75	2	70	4	50	57	90	31	51	72	24	62	89	54	77	81	60	77	31	
43	24	49	7	17	95	27	60	42	56	10	93	9	41	46	99	20	4	8	11	
40	61	97	23	84	91	2	31	79	64	54	14	92	78	98	68	36	16	94	2	
18	36	69	16	65	70	91	67	56	8	29	91	74	27	97	34	45	75	50	18	
47	3	62	11	85	7	90	1	52	73	42	73	69	21	5	33	57	32	43	81	
48	88	5	63	25	30	53	6	91	19	20	59	55	55	15	100	46	3	9	69	
5	6	77	72	45	71	94	44	52	85	92	93	73	98	61	50	14	32	1	63	
52	1	42	61	71	85	51	67	76	86	82	90	95	67	28	76	53	78	15	32	
46	31	19	25	54	96	18	1	56	14	29	96	100	27	44	25	17	6	88	72	
86	80	2	73	19	29	10	100	30	70	86	78	95	59	56	38	27	100	43	19	
96	36	9	77	49	43	96	7	83	45	70	48	1	69	66	20	100	42	57	69	
70	71	89	17	52	38	19	39	37	100	67	1	36	11	36	84	97	19	1	54	
21	45	91	3	56	9	7	87	26	43	87	10	4	69	81	42	63	19	80	37	
75	79	89	67	10	61	91	30	15	29	30	70	37	100	33	52	31	85	64	89	
42	49	9	96	12	20	53	68	39	33	30	19	45	88	82	60	14	32	6	78	
On machine	7
56	80	96	52	73	49	30	84	50	43	8	99	91	90	83	39	51	81	35	4	
13	66	46	11	91	45	22	12	2	10	69	90	79	40	43	52	96	83	68	62	
50	4	50	12	41	52	89	58	56	2	21	82	51	81	60	45	42	65	21	52	
92	5	20	6	28	13	23	14	67	8	56	23	46	49	67	49	93	29	59	78	
40	37	16	21	80	26	88	63	65	64	22	92	32	71	82	7	88	67	19	4	
77	15	85	10	62	24	11	54	6	3	12	66	93	4	56	69	85	29	33	10	
77	54	15	40	24	78	5	45	21	38	56	13	42	4	37	44	3	43	34	62	
32	1	21	63	85	21	81	64	17	70	53	44	5	15	50	90	6	13	19	15	
38	90	59	91	78	63	46	81	52	84	56	30	88	67	46	84	31	2	3	95	
52	41	90	61	17	91	52	33	41	12	9	53	88	23	54	42	90	60	29	88	
1	25	4	9	52	29	31	18	56	97	1	17	62	86	41	29	97	95	81	43	
22	91	83	1	41	1	9	32	17	80	62	37	23	45	39	72	63	95	76	93	
31	53	24	72	48	65	22	59	74	33	33	92	32	18	96	40	68	89	58	10	
20	21	69	77	32	16	61	14	86	89	64	80	36	14	60	88	69	51	1	67	
19	50	75	69	19	41	29	97	93	13	39	91	25	32	62	96	27	13	2	92	
51	19	69	24	100	27	65	26	50	66	1	14	48	51	76	94	27	92	47	66	
81	70	94	8	54	45	40	90	9	46	34	17	81	73	81	40	26	38	99	98	
73	15	31	64	58	10	76	6	93	19	100	87	43	21	33	88	87	41	56	57	
100	18	33	58	93	55	77	89	30	86	89	75	20	23	20	56	88	65	51	2	
48	14	24	73	99	56	69	45	35	46	14	12	59	1	6	75	33	53	88	2	
On machine	8
8	84	36	50	63	56	82	71	22	54	13	70	53	25	13	76	18	1	21	87	
1	6	74	37	95	100	70	83	43	4	100	20	97	2	8	10	4	68	17	96	
25	15	78	56	62	13	42	55	11	47	75	11	52	48	12	88	58	49	41	59	
91	90	47	54	16	49	77	32	41	94	83	92	68	47	29	31	25	84	42	79	
66	49	21	41	49	47	91	99	46	85	71	66	7	80	22	29	93	97	19	47	
65	49	18	62	39	53	55	21	54	100	62	55	52	29	20	84	82	61	33	7	
35	40	51	61	85	23	33	37	69	50	9	48	29	35	19	15	35	35	48	43	
87	31	74	32	15	42	68	81	67	65	72	95	44	15	43	55	9	86	12	81	
95	45	33	15	80	31	30	67	31	88	4	4	58	3	33	66	46	40	97	55	
14	79	100	44	1	8	5	53	61	12	7	38	100	52	37	87	62	1	87	9	
47	80	50	5	31	86	49	52	46	7	42	59	33	11	59	21	18	49	6	15	
19	35	53	91	26	5	78	93	12	93	10	5	15	7	92	1	60	70	84	94	
97	63	45	64	23	13	48	24	16	36	82	92	86	98	75	97	59	70	80	52	
60	99	70	61	44	97	96	5	99	22	55	73	22	24	80	7	49	21	82	29	
26	31	36	93	95	28	13	87	63	49	2	9	5	99	96	54	89	46	71	20	
27	62	62	37	26	38	92	40	1	55	98	85	24	61	78	17	5	3	31	34	
80	37	42	31	96	85	68	7	83	15	61	11	53	90	97	13	87	86	29	10	
97	47	84	84	34	17	54	20	40	82	45	50	64	34	34	11	55	65	50	10	
68	62	77	26	12	90	32	2	3	82	10	54	21	81	52	53	53	29	77	84	
17	73	86	22	46	67	79	28	89	32	62	67	2	12	73	8	68	94	30	75	
On machine	9
42	71	57	67	12	58	61	1	28	20	99	47	78	64	80	79	71	66	85	59	
6	56	75	51	85	26	63	26	81	18	72	49	18	98	60	34	42	88	97	3	
16	46	75	1	66	95	65	52	26	26	27	100	7	26	51	78	27	22	8	67	
72	90	26	76	61	73	80	62	7	36	58	12	80	63	63	35	14	55	70	18	
11	71	51	2	55	83	64	71	86	58	64	48	88	90	80	87	75	6	81	20	
4	83	1	24	36	59	21	25	20	46	42	92	2	61	7	14	6	77	83	27	
98	88	27	72	6	47	74	50	10	3	30	96	84	87	2	70	40	22	82	2	
39	89	51	99	24	88	12	35	81	46	24	49	5	66	96	4	32	3	3	43	
28	42	33	5	31	26	53	90	61	36	46	27	23	85	79	34	8	41	90	94	
91	41	58	50	69	75	41	59	32	51	12	15	37	58	60	51	58	27	37	69	
78	90	17	11	89	16	71	2	3	74	97	38	44	93	10	81	57	2	32	18	
34	68	69	93	83	58	56	64	100	29	87	27	84	30	99	63	76	84	51	15	
63	44	96	8	45	20	93	35	50	29	10	81	92	8	94	7	100	12	69	29	
61	90	59	95	13	41	3	78	20	35	67	92	90	4	84	72	57	53	33	44	
39	39	87	39	92	13	95	97	27	91	11	89	33	17	25	42	15	40	74	9	
90	35	19	26	32	4	98	81	40	72	50	83	28	80	10	73	46	38	27	8	
17	63	5	46	9	98	13	80	82	37	64	100	41	63	90	48	11	98	71	84	
14	41	14	1	66	32	65	90	60	86	8	64	65	28	5	88	72	1	2	91	
16	82	57	86	29	46	21	35	33	36	14	16	96	4	47	17	79	75	70	87	
4	11	100	56	47	86	69	100	3	82	94	70	35	85	41	59	70	98	72	34	
On machine	10
42	100	2	70	29	89	27	28	37	85	50	84	73	48	56	52	51	70	62	54	
41	41	39	83	99	92	75	1	41	10	87	34	32	73	82	65	18	4	16	37	
92	43	65	92	92	49	16	98	6	10	12	45	58	30	78	3	10	78	56	53	
50	58	66	31	41	98	39	10	29	9	31	21	35	55	78	79	48	78	3	7	
23	71	90	61	14	82	3	9	22	87	12	78	59	34	92	28	48	93	25	68	
25	13	39	31	6	30	23	6	21	19	30	38	22	13	34	80	6	43	61	90	
26	59	47	30	66	10	39	70	82	1	96	64	27	2	98	92	89	77	34	89	
19	4	62	21	36	33	82	68	17	14	50	41	31	2	33	21	94	42	29	72	
14	66	12	46	21	17	82	4	13	34	20	67	83	45	49	60	8	89	15	53	
31	40	88	99	52	20	73	88	59	2	75	63	60	32	100	49	18	79	20	70	
17	75	89	73	40	6	63	36	94	43	13	84	57	15	48	39	53	85	49	23	
10	43	72	38	80	39	30	70	26	58	60	7	85	2	85	26	55	64	94	33	
27	18	59	32	66	21	54	78	6	1	39	9	86	67	42	74	15	63	100	92	
14	72	70	66	14	53	91	7	78	45	53	78	86	69	7	66	58	80	17	76	
32	72	28	54	24	27	83	14	80	76	50	92	77	23	37	44	79	63	61	52	
95	95	3	40	59	90	47	70	26	38	3	28	26	98	67	24	18	56	56	83	
40	87	22	37	75	29	39	9	64	31	13	88	18	68	29	58	83	100	72	23	
61	18	94	43	97	79	82	73	62	4	37	41	65	62	27	52	60	21	66	4	
1	95	40	63	17	74	99	49	69	19	46	30	79	28	95	64	63	84	31	81	
44	1	22	23	9	74	80	85	81	15	67	9	31	18	70	23	94	35	36	68	
On machine	11
73	35	1	82	24	23	98	80	22	43	43	85	42	97	27	38	68	92	98	39	
13	7	42	85	9	64	34	97	44	57	86	12	31	100	73	64	37	41	79	18	
86	54	86	44	2	86	87	5	16	18	69	11	61	9	78	96	32	65	66	76	
24	95	75	85	92	30	1	84	22	37	33	79	73	79	60	80	59	15	27	13	
7	50	17	88	24	17	49	45	43	49	4	37	21	48	52	30	47	9	94	73	
5	79	46	39	49	48	73	30	82	76	87	61	37	91	69	79	94	43	81	81	
30	12	53	87	11	6	89	100	65	53	64	19	12	88	52	81	57	88	64	96	
30	49	31	86	48	68	55	87	27	11	19	87	25	47	25	20	39	100	38	54	
60	74	27	71	94	30	8	93	86	26	47	2	23	22	7	4	62	15	9	69	
40	97	31	24	41	80	99	20	40	82	43	57	26	56	66	65	67	86	89	9	
3	88	36	28	81	39	82	98	42	95	32	8	12	93	100	96	97	36	25	65	
10	84	63	84	35	76	3	28	40	24	93	30	52	97	47	76	81	56	14	65	
1	100	100	78	80	4	68	74	29	8	89	52	77	86	83	16	34	76	64	45	
48	57	66	71	22	45	38	77	30	45	73	36	90	94	20	72	46	52	93	74	
14	82	48	7	26	52	67	9	83	38	74	60	91	83	14	50	47	88	32	49	
29	94	24	56	45	69	6	48	40	43	52	21	43	16	26	42	8	63	39	54	
90	68	33	35	94	12	87	91	74	78	88	68	73	7	46	40	42	49	72	50	
86	95	45	11	84	96	87	65	31	45	39	91	36	8	73	65	80	74	97	31	
92	71	71	4	54	5	73	9	70	94	71	45	34	46	56	48	82	76	62	3	
68	75	26	30	15	65	97	28	97	11	70	78	3	87	49	42	56	18	59	30	
On machine	12
64	92	59	62	34	78	89	42	96	75	53	8	18	14	49	52	70	78	14	29	
90	49	89	11	22	43	90	37	96	67	45	72	37	100	60	49	58	93	35	80	
94	44	98	93	42	100	40	84	50	53	100	31	98	30	85	86	5	57	1	22	
13	85	91	47	75	4	69	81	76	6	39	20	57	33	6	90	62	95	19	91	
85	61	67	19	21	77	15	69	89	10	60	96	43	18	9	6	84	25	84	54	
54	49	33	30	44	57	20	90	64	69	94	80	14	38	99	68	20	30	19	94	
89	87	45	13	87	32	99	78	76	84	39	25	83	2	97	15	91	32	90	10	
91	12	56	61	26	84	48	83	54	9	88	5	97	66	5	81	4	6	80	94	
73	63	39	74	52	29	70	59	46	38	30	89	20	59	19	90	80	3	69	51	
39	86	40	55	50	61	60	37	46	36	25	63	81	48	23	68	76	6	10	49	
70	87	98	56	82	65	81	97	88	59	55	89	23	81	5	67	31	19	97	73	
29	29	94	32	80	85	37	36	99	61	91	14	66	23	48	66	77	32	95	11	
34	84	34	69	79	94	36	78	100	15	10	4	34	51	31	90	60	60	59	29	
57	38	10	89	19	27	40	96	94	11	65	47	19	78	6	22	10	77	73	24	
94	95	93	3	96	73	68	33	27	84	75	56	87	29	83	87	19	37	40	82	
88	2	50	18	82	38	71	33	80	62	76	88	64	66	11	1	84	55	24	32	
28	37	35	49	48	6	46	24	8	30	79	83	71	53	63	15	47	22	100	13	
82	66	25	23	38	36	32	19	25	69	37	96	92	63	95	95	64	62	54	59	
38	15	60	16	19	96	1	36	79	95	2	99	35	51	15	92	88	13	60	69	
43	71	65	76	54	42	85	10	52	67	17	57	99	62	56	52	37	12	82	85	
On machine	13
53	18	89	14	88	67	67	96	99	69	70	86	54	34	85	33	66	82	32	99	
91	43	29	89	1	13	43	92	56	95	42	7	61	14	5	43	83	72	53	15	
66	8	71	30	7	76	28	30	20	59	67	22	21	92	39	71	96	2	33	55	
36	90	75	58	100	42	38	58	94	80	97	28	30	34	79	18	73	66	12	8	
25	13	27	30	47	68	14	25	10	35	73	22	34	25	56	61	17	60	71	58	
85	17	79	95	42	51	10	26	24	25	7	46	28	52	84	36	28	69	44	9	
21	47	84	28	97	9	16	85	100	23	30	95	82	25	94	82	66	59	84	49	
21	51	70	1	94	80	45	4	92	17	35	59	12	37	55	34	37	100	4	37	
86	86	73	50	11	63	28	26	10	27	25	44	59	94	45	33	61	70	56	25	
92	75	80	52	16	75	8	92	95	72	24	34	18	71	65	59	87	70	51	41	
27	53	24	91	54	20	60	77	84	24	31	79	75	23	63	72	40	24	71	73	
2	15	99	63	88	65	37	14	55	36	20	47	48	2	78	93	91	75	67	10	
88	79	87	7	49	61	48	74	4	84	10	46	22	67	39	57	64	84	27	33	
90	100	78	72	49	7	87	10	45	89	33	83	51	36	80	5	86	32	91	90	
40	51	91	30	12	15	6	84	27	12	73	23	24	82	23	51	83	62	87	27	
52	8	83	85	56	94	66	56	87	35	95	26	25	21	20	42	23	31	17	55	
36	69	16	50	89	50	5	56	17	97	82	20	81	59	57	15	3	20	73	41	
75	11	57	59	78	23	35	86	35	31	72	55	60	67	36	70	10	92	93	8	
27	7	47	88	23	86	51	78	100	80	96	59	75	53	21	12	68	15	80	53	
57	50	95	11	14	23	49	29	70	73	11	95	34	83	27	20	34	13	49	54	
On machine	14
36	69	36	3	70	37	87	43	38	26	37	31	23	38	94	56	90	47	71	96	
86	11	99	80	73	19	6	31	66	48	82	62	7	19	97	21	36	87	75	52	
8	12	52	61	68	62	96	61	92	88	57	2	64	35	89	68	20	6	100	58	
96	83	76	31	23	89	51	20	13	44	88	48	14	34	15	11	45	3	18	11	
5	23	100	60	10	98	60	38	31	68	97	97	63	54	69	60	6	9	42	28	
70	94	88	15	1	10	80	36	80	23	92	58	52	62	92	85	88	90	17	43	
75	61	88	99	4	85	90	58	55	70	13	2	2	10	17	8	24	34	72	85	
52	67	6	97	9	47	33	39	56	28	12	74	31	5	67	40	45	13	86	8	
83	32	81	18	33	13	76	24	19	88	22	97	37	99	4	32	57	52	87	46	
72	73	57	1	88	20	64	89	13	88	59	67	44	88	35	47	48	70	81	98	
67	30	28	33	44	96	41	41	91	87	93	87	84	32	44	29	48	95	80	70	
25	79	27	30	72	56	56	14	94	32	71	11	54	11	56	81	68	48	2	5	
19	91	93	2	2	100	20	76	94	12	19	62	63	39	31	38	47	29	43	35	
47	1	3	14	55	47	15	48	73	64	19	19	89	100	25	50	100	51	54	94	
79	56	84	74	2	30	67	99	24	27	87	85	7	92	90	100	79	89	77	70	
48	5	44	76	66	18	6	20	78	8	34	82	77	11	56	66	10	38	79	68	
39	3	87	60	75	37	26	69	88	19	22	73	76	6	85	55	57	16	51	19	
62	79	100	77	67	90	12	93	88	57	99	2	4	43	76	85	11	47	63	60	
17	20	62	70	69	90	1	66	15	64	14	16	78	16	12	54	41	43	34	31	
26	1	82	4	12	33	26	4	65	56	71	22	83	4	48	36	36	63	38	61	
On machine	15
35	93	81	34	77	91	49	66	4	48	42	49	47	33	33	79	98	55	45	20	
23	39	40	10	9	51	69	64	76	76	62	38	25	40	13	90	72	24	81	73	
39	84	58	39	100	97	44	42	42	27	8	94	92	25	48	53	35	74	13	13	
21	65	58	30	73	67	38	56	37	83	90	38	38	62	40	84	95	85	95	50	
4	28	97	77	81	88	89	54	77	79	76	57	28	82	98	80	12	39	56	27	
42	52	85	38	5	92	18	89	71	73	82	99	89	6	62	78	20	89	12	90	
28	47	54	32	83	91	73	37	81	20	99	24	51	63	90	84	93	17	22	85	
61	53	92	56	77	8	88	61	71	68	20	44	95	50	78	32	1	44	97	92	
37	7	74	26	87	1	52	65	62	45	21	61	28	97	31	2	26	12	99	17	
26	13	71	77	26	97	54	38	91	37	32	43	10	26	54	66	74	60	69	76	
50	48	50	60	60	61	21	52	78	29	54	58	99	1	71	53	18	26	52	93	
55	50	31	26	46	71	19	71	24	21	27	86	75	66	87	19	9	17	7	99	
48	3	83	58	72	14	49	11	78	11	81	58	28	47	98	22	33	68	13	22	
82	49	99	38	100	71	74	66	88	85	20	42	29	74	16	74	85	26	21	32	
22	22	88	24	34	72	56	83	37	75	56	95	51	18	73	17	66	99	92	48	
4	34	78	22	27	50	58	29	72	19	87	35	15	29	23	69	30	86	51	36	
4	82	99	53	31	90	96	47	55	86	57	42	93	82	51	50	28	40	45	96	
63	99	2	17	64	67	68	29	31	63	77	14	89	47	36	16	51	8	66	59	
1	68	57	43	20	30	96	15	92	46	21	10	86	13	8	45	53	72	80	97	
81	97	19	92	61	25	89	98	65	27	33	26	44	14	47	44	40	27	89	13	
On machine	16
94	41	29	29	23	93	31	96	15	7	83	93	21	26	49	87	31	100	91	100	
92	57	2	59	71	86	89	20	77	39	62	11	50	30	51	65	92	22	20	54	
56	42	5	88	18	8	86	86	91	28	74	17	73	21	29	47	10	17	77	12	
76	12	95	54	92	79	5	59	68	30	7	74	99	40	78	83	32	81	76	86	
10	93	5	31	86	55	58	17	73	8	44	44	48	77	59	57	93	58	44	39	
88	64	79	21	73	65	1	1	24	67	13	59	34	47	93	50	98	47	20	70	
81	17	26	3	97	78	43	45	40	33	59	92	83	84	78	34	56	45	11	55	
41	1	14	80	22	38	79	7	38	33	97	82	96	78	94	30	56	10	55	49	
97	38	12	95	49	2	94	26	35	77	84	48	99	3	15	70	43	82	41	26	
29	33	59	68	33	82	26	56	52	83	59	74	5	4	97	15	6	11	76	48	
10	19	96	41	7	5	36	20	47	95	27	82	59	79	95	52	9	89	64	74	
73	88	3	68	86	94	84	45	39	85	88	29	58	32	59	22	31	59	21	63	
57	90	91	15	8	88	48	100	94	90	57	95	3	1	54	82	39	38	7	1	
59	81	18	37	34	8	56	30	6	97	29	6	13	77	51	87	85	26	48	45	
31	47	25	92	87	10	34	77	37	99	38	54	70	7	1	11	7	4	9	66	
21	99	77	98	64	69	69	48	25	6	9	38	77	15	20	60	32	23	85	88	
6	37	23	1	9	52	34	35	19	42	4	21	98	97	65	91	69	11	35	6	
96	61	1	92	99	82	33	16	39	61	68	24	9	44	72	65	71	86	25	30	
96	12	69	76	52	35	49	16	100	9	81	62	23	65	78	6	41	4	94	40	
2	26	30	32	59	80	3	54	12	63	74	96	38	68	66	2	59	10	1	9	
On machine	17
42	41	9	39	61	16	80	78	95	1	29	95	15	39	5	5	10	69	66	74	
53	17	33	68	91	96	94	28	92	96	48	11	22	78	90	18	26	56	5	81	
30	26	75	74	30	33	47	70	65	67	50	83	5	2	38	59	13	83	20	41	
18	54	71	10	80	95	27	71	95	79	100	98	93	29	35	92	57	26	97	100	
33	31	78	29	44	17	48	53	39	77	17	50	61	93	38	62	1	62	65	25	
7	92	64	17	73	63	15	54	42	52	47	7	72	79	16	89	39	78	40	9	
86	97	25	91	82	35	69	97	11	18	52	33	30	19	86	4	8	77	57	55	
21	57	77	42	85	68	58	26	57	48	46	27	9	93	24	19	28	90	68	90	
89	31	36	6	24	64	38	92	80	85	74	84	56	75	55	66	84	83	73	30	
54	9	14	48	12	44	26	19	79	9	62	87	84	37	36	77	82	50	83	28	
13	68	18	17	9	48	64	10	26	74	33	10	86	24	16	20	43	98	50	62	
8	63	33	8	94	36	42	38	19	83	99	94	45	7	5	89	68	42	45	83	
82	27	10	72	2	5	7	98	31	35	49	13	18	74	43	15	26	96	12	4	
84	47	20	50	58	81	91	24	47	32	90	100	32	89	16	44	45	12	64	11	
11	100	47	24	5	77	45	41	69	49	75	79	84	76	99	97	12	65	35	40	
92	46	79	50	69	75	30	42	20	54	51	62	68	35	4	74	93	56	47	64	
85	92	62	28	87	55	8	7	13	5	98	42	6	24	76	61	28	67	69	41	
62	57	84	28	61	17	84	31	35	43	36	32	84	55	11	71	25	52	75	27	
43	8	81	29	58	94	32	4	25	76	53	73	63	94	31	93	30	54	86	20	
46	22	30	5	90	99	88	51	55	79	44	46	29	18	13	55	75	92	21	88	
On machine	18
88	50	38	63	79	57	47	16	23	23	47	93	35	57	87	42	97	89	39	5	
100	5	46	23	48	39	5	28	13	10	97	100	54	97	84	23	31	83	10	61	
37	26	71	89	73	28	96	19	19	15	6	57	72	72	2	31	79	11	60	89	
24	52	41	97	6	29	86	24	30	26	46	2	79	37	70	73	56	31	61	13	
44	39	70	57	16	46	16	78	54	6	57	62	89	71	16	78	5	86	9	27	
48	92	4	52	65	94	88	32	80	11	69	76	38	83	82	12	71	1	12	15	
45	28	9	30	47	69	40	16	58	76	57	51	90	63	19	66	28	99	73	79	
98	26	2	3	79	41	28	52	33	67	70	98	73	45	100	34	66	99	15	58	
13	39	34	73	83	77	45	38	38	23	44	18	29	90	54	95	91	32	98	66	
99	51	53	60	65	93	18	73	79	94	34	93	66	15	16	92	87	49	24	68	
50	66	90	8	81	89	10	91	8	80	21	33	24	12	79	73	65	73	50	36	
9	4	5	49	26	9	46	33	23	78	17	69	61	59	35	65	63	69	6	40	
8	36	57	54	92	24	18	84	58	83	26	2	76	27	92	93	76	55	74	44	
69	46	36	88	45	4	75	67	6	16	97	33	50	58	74	56	80	42	95	78	
75	57	72	8	97	9	43	70	80	91	50	28	4	84	17	51	25	32	5	11	
74	36	29	99	3	61	7	24	31	38	53	19	92	57	89	14	79	16	29	95	
79	51	27	49	29	4	12	87	30	39	95	20	24	84	28	10	14	97	62	65	
77	32	22	6	30	81	45	39	94	91	39	61	92	69	97	29	46	34	28	70	
3	90	79	40	7	95	11	73	39	82	81	44	14	28	52	47	88	23	79	23	
75	30	49	63	15	43	87	41	14	86	58	44	32	43	34	75	3	55	14	77	
On machine	19
82	65	77	17	3	10	12	27	42	13	69	36	48	73	87	42	61	7	27	56	
22	84	82	97	17	59	36	86	20	99	93	13	60	28	30	31	27	46	26	2	
81	42	89	95	72	16	69	78	13	24	51	64	84	73	32	20	3	34	65	61	
95	43	88	14	64	48	59	23	34	21	70	35	4	69	56	87	92	31	94	22	
71	22	60	13	82	7	28	49	77	57	36	39	91	87	62	19	98	42	86	52	
33	29	72	31	23	20	54	46	22	74	88	3	79	65	30	12	20	95	42	25	
7	18	2	20	69	43	28	77	79	84	69	39	95	87	47	69	27	18	38	100	
69	53	89	88	90	45	100	57	33	26	65	32	38	10	87	30	80	43	22	76	
98	19	1	23	85	92	32	34	50	19	34	70	2	88	26	86	39	22	20	35	
49	2	10	57	25	86	83	14	8	68	32	11	63	56	46	73	61	22	47	53	
39	43	32	32	79	83	78	12	3	24	68	91	92	13	9	65	72	1	86	47	
29	8	98	86	91	38	39	13	45	39	36	27	15	46	65	53	62	59	15	55	
37	39	33	92	82	57	46	59	24	6	27	55	48	44	79	42	9	36	50	54	
21	85	91	64	16	13	33	21	3	14	55	14	41	91	35	35	32	56	24	52	
4	23	76	58	64	1	24	99	89	92	85	68	99	54	27	11	21	62	40	22	
80	33	7	94	95	36	34	99	50	41	36	27	16	35	35	1	73	85	33	80	
84	9	21	20	17	21	45	57	54	10	58	26	3	17	31	71	56	95	89	93	
38	95	27	45	41	26	49	84	64	90	26	50	21	59	38	26	78	74	33	65	
52	74	62	29	76	12	71	64	91	22	65	17	62	84	59	6	1	43	26	98	
20	54	75	17	76	78	20	98	75	20	99	40	30	68	1	52	61	52	63	34	
On machine	20
48	2	99	22	81	87	16	49	71	4	49	92	53	99	7	60	1	34	82	2	
99	81	35	57	80	42	23	70	20	80	90	80	84	20	93	24	16	68	36	22	
96	20	68	5	4	28	68	63	25	63	86	97	34	28	89	37	39	6	80	21	
8	60	93	43	34	27	87	25	82	71	41	83	70	40	37	34	8	96	56	91	
91	29	18	29	92	13	92	4	22	42	96	94	6	35	32	38	14	38	59	18	
23	24	9	89	96	38	81	66	29	37	24	44	52	32	11	6	18	4	65	89	
89	24	26	7	57	99	51	54	49	35	23	90	43	35	34	83	58	59	92	46	
23	70	12	65	38	36	61	58	11	54	48	68	81	66	67	32	1	27	14	87	
42	65	28	79	11	33	33	3	85	15	65	10	11	27	75	71	27	5	3	70	
4	93	33	87	45	7	51	100	39	11	8	72	9	7	62	53	86	88	9	69	
12	47	70	49	40	56	95	50	39	68	11	89	19	38	99	67	77	23	46	32	
65	23	39	21	42	75	13	1	93	57	84	74	60	93	41	80	87	25	34	69	
41	19	55	80	46	54	80	39	81	54	56	8	2	19	61	52	14	44	41	71	
46	49	100	14	87	94	51	42	55	79	45	96	73	20	84	6	1	19	58	69	
78	72	20	27	67	72	55	90	40	58	41	98	95	14	86	96	3	91	76	36	
8	12	64	12	27	61	42	13	22	63	6	33	27	49	20	17	42	100	16	34	
17	93	47	79	12	58	22	1	24	19	96	13	6	37	50	37	35	68	81	41	
19	96	16	52	37	89	98	96	66	72	30	90	80	90	93	65	31	31	44	16	
80	81	90	22	74	14	13	30	10	32	88	55	56	48	99	14	27	28	7	37	
7	77	67	6	81	87	52	33	18	71	7	2	45	15	80	30	91	88	15	92	
