Factories	3
Families	40
Machines	2
SetupType	2

Number of Jobs in each Family
7	10	2	10	3	10	9	7	2	6	4	10	5	6	5	7	10	5	8	5	1	7	4	4	5	8	2	8	6	8	9	4	8	10	6	6	5	10	6	6	

Jobs in each Family
0	1	2	3	4	5	6	
7	8	9	10	11	12	13	14	15	16	
17	18	
19	20	21	22	23	24	25	26	27	28	
29	30	31	
32	33	34	35	36	37	38	39	40	41	
42	43	44	45	46	47	48	49	50	
51	52	53	54	55	56	57	
58	59	
60	61	62	63	64	65	
66	67	68	69	
70	71	72	73	74	75	76	77	78	79	
80	81	82	83	84	
85	86	87	88	89	90	
91	92	93	94	95	
96	97	98	99	100	101	102	
103	104	105	106	107	108	109	110	111	112	
113	114	115	116	117	
118	119	120	121	122	123	124	125	
126	127	128	129	130	
131	
132	133	134	135	136	137	138	
139	140	141	142	
143	144	145	146	
147	148	149	150	151	
152	153	154	155	156	157	158	159	
160	161	
162	163	164	165	166	167	168	169	
170	171	172	173	174	175	
176	177	178	179	180	181	182	183	
184	185	186	187	188	189	190	191	192	
193	194	195	196	
197	198	199	200	201	202	203	204	
205	206	207	208	209	210	211	212	213	214	
215	216	217	218	219	220	
221	222	223	224	225	226	
227	228	229	230	231	
232	233	234	235	236	237	238	239	240	241	
242	243	244	245	246	247	
248	249	250	251	252	253	

Total number of jobs
254

Processing times of jobs
5	3	
10	3	
2	10	
1	1	
10	10	
8	6	
3	1	
10	5	
4	1	
9	6	
10	2	
1	5	
4	9	
8	2	
6	7	
5	1	
7	10	
1	9	
3	9	
4	8	
8	7	
1	3	
6	9	
5	10	
9	3	
6	3	
3	1	
7	1	
9	3	
10	2	
8	9	
4	3	
2	2	
8	2	
5	6	
4	1	
6	6	
4	8	
1	2	
9	3	
8	1	
8	6	
3	6	
1	4	
8	4	
3	10	
4	9	
8	4	
5	9	
1	3	
4	1	
9	6	
8	10	
10	3	
4	7	
5	8	
3	6	
10	6	
5	8	
6	4	
9	1	
6	10	
6	6	
4	10	
10	6	
4	5	
6	9	
1	1	
5	8	
1	1	
7	9	
3	3	
2	5	
10	5	
1	10	
7	1	
6	4	
1	3	
10	3	
9	9	
7	9	
3	8	
2	8	
4	4	
8	3	
9	8	
6	8	
2	2	
3	7	
7	3	
1	7	
7	3	
10	4	
7	1	
9	3	
4	9	
5	1	
8	8	
5	5	
8	5	
3	2	
9	1	
10	3	
5	9	
5	6	
3	5	
1	5	
5	6	
3	4	
10	1	
7	2	
5	1	
6	7	
1	10	
9	9	
9	7	
2	5	
10	7	
8	5	
4	10	
9	1	
8	8	
2	1	
7	6	
9	5	
7	2	
10	9	
4	5	
8	9	
7	7	
6	10	
4	8	
4	7	
10	8	
6	9	
3	4	
8	2	
9	8	
2	2	
9	4	
8	2	
7	6	
1	4	
8	4	
10	8	
5	5	
1	9	
8	1	
1	4	
6	4	
4	6	
9	9	
8	9	
10	10	
9	5	
4	6	
3	8	
10	9	
6	10	
4	5	
6	4	
6	9	
10	4	
8	6	
1	6	
3	1	
2	10	
7	3	
9	7	
1	4	
10	1	
7	9	
1	8	
7	10	
2	5	
8	2	
6	8	
2	3	
3	10	
4	6	
10	10	
9	1	
4	6	
6	2	
6	3	
6	10	
10	7	
8	6	
2	2	
1	2	
3	4	
1	5	
9	8	
8	1	
10	9	
8	5	
1	9	
9	1	
7	6	
3	8	
3	5	
8	8	
5	4	
4	1	
2	9	
6	9	
7	10	
4	2	
8	1	
6	5	
8	2	
7	9	
5	5	
4	8	
4	9	
2	5	
4	6	
6	2	
7	8	
10	2	
5	9	
3	10	
9	7	
7	3	
7	6	
9	5	
3	4	
8	7	
6	8	
6	4	
5	5	
7	3	
4	10	
10	8	
3	4	
4	6	
4	2	
2	7	
5	6	
9	4	
4	8	
8	7	
1	2	
2	7	
2	3	
1	6	
8	3	
5	8	
6	8	
7	4	
1	7	
5	5	
6	5	
10	6	

Stepup times between Families, where [f][f] represents initial setup time
On machine	1
6	17	29	7	25	50	13	21	4	47	44	10	13	4	36	12	46	36	9	11	16	18	30	14	25	2	20	18	5	35	30	23	16	11	11	29	2	30	45	50	
26	29	50	50	2	8	6	12	21	3	13	40	42	45	9	50	1	10	13	11	17	18	8	4	3	8	28	44	27	37	14	42	36	33	20	38	3	21	30	44	
49	23	32	14	16	42	29	31	36	16	32	7	30	18	41	39	26	25	48	26	14	35	21	18	7	7	35	42	20	33	27	23	17	16	25	14	28	17	40	33	
49	9	32	12	35	38	47	48	45	21	42	21	38	45	29	19	20	27	32	38	46	39	27	9	27	13	47	46	29	19	3	38	14	12	38	14	26	4	5	3	
26	29	15	3	50	29	44	13	7	36	47	44	12	32	42	31	22	15	48	20	32	4	19	40	3	30	43	15	1	47	6	7	18	38	11	14	17	22	19	2	
34	23	43	32	48	20	27	33	28	15	40	43	29	21	40	31	30	17	13	22	43	45	3	8	43	11	29	10	45	17	33	5	22	34	10	3	6	41	49	8	
41	15	12	36	22	24	43	6	6	6	31	31	37	44	24	10	39	22	45	30	43	30	44	21	15	17	19	9	41	4	50	30	12	23	17	5	42	26	17	36	
18	36	18	13	25	50	29	43	35	12	38	28	5	36	25	50	5	19	47	15	11	13	37	7	29	37	32	39	15	12	30	15	36	20	30	34	17	9	40	25	
43	35	21	7	29	31	3	41	39	21	6	39	46	5	29	27	46	29	47	6	43	25	24	14	18	45	14	25	40	42	1	50	44	19	10	6	16	22	24	6	
1	15	49	28	8	15	20	48	8	30	50	24	9	16	10	21	6	4	12	50	46	24	42	18	46	45	12	21	38	21	22	41	12	46	39	44	30	32	33	5	
42	28	38	29	39	26	3	8	48	32	29	23	1	43	14	6	33	4	48	24	17	31	32	26	44	22	21	3	1	35	39	18	48	14	18	35	23	36	2	9	
43	7	12	23	47	38	2	40	16	30	12	30	15	31	47	21	25	21	49	32	13	29	48	40	14	42	43	10	40	22	46	10	26	42	39	25	7	27	17	47	
7	41	33	50	11	18	22	2	16	29	21	23	40	41	2	39	8	22	12	1	22	25	3	45	23	27	32	25	11	32	45	5	5	36	46	20	40	37	24	43	
19	7	16	3	46	7	40	14	8	17	33	20	4	20	23	15	8	11	40	16	39	17	5	37	28	49	49	33	36	20	13	20	33	21	5	30	48	36	23	31	
7	22	44	14	6	32	31	16	10	32	9	20	41	36	23	15	14	11	21	1	41	40	13	8	34	32	22	31	47	27	28	5	38	13	46	12	38	30	46	31	
13	50	27	45	9	36	25	14	38	37	14	18	29	41	41	41	10	36	46	26	20	37	26	14	35	48	14	4	9	23	34	41	49	35	44	13	32	1	13	36	
44	2	47	46	31	15	44	9	26	8	34	21	4	31	31	23	34	4	36	20	35	10	22	22	9	16	41	46	35	23	12	20	46	23	13	7	44	19	44	32	
30	11	2	36	32	14	21	8	45	19	49	32	13	31	13	20	17	39	41	48	17	6	16	16	27	41	50	45	23	26	28	14	22	14	15	27	1	49	49	16	
11	2	10	16	19	35	7	11	16	14	12	37	12	37	43	13	11	49	27	14	19	41	9	3	7	46	30	11	12	4	34	35	11	4	11	9	21	24	33	5	
8	25	34	49	40	33	40	41	2	22	22	22	11	3	11	35	27	10	31	6	22	6	2	44	29	14	20	16	48	30	28	11	7	5	1	3	6	15	16	18	
9	20	26	6	42	30	4	9	8	15	1	43	5	7	26	48	19	35	32	27	46	36	26	33	18	23	45	29	22	30	23	24	32	28	22	50	9	24	5	5	
31	27	46	42	21	30	23	38	5	19	39	11	15	5	7	12	15	28	33	10	32	48	28	41	50	23	24	28	47	22	4	5	32	19	7	16	2	43	7	35	
45	15	25	34	22	1	26	36	24	1	24	11	37	29	6	50	37	38	41	38	12	20	21	3	44	23	27	11	15	33	49	43	34	41	4	16	27	32	37	10	
26	8	21	27	37	8	11	26	11	48	24	32	10	5	8	13	9	13	20	23	15	31	36	15	39	10	35	23	18	49	16	2	39	25	7	3	39	11	25	17	
17	16	5	8	50	36	6	11	21	30	5	49	24	41	12	21	46	24	36	4	26	40	7	15	47	1	44	19	3	37	27	48	33	33	25	14	48	16	3	7	
7	15	14	47	4	40	21	43	43	24	24	23	31	34	11	15	39	10	32	34	21	25	23	43	6	11	39	17	2	2	20	9	35	8	10	28	17	48	32	33	
5	11	8	25	20	35	26	19	27	33	9	39	42	40	9	46	24	19	29	9	49	28	46	41	25	45	30	16	46	6	26	5	12	6	25	8	47	5	11	27	
20	39	50	10	36	1	17	45	41	18	4	22	29	15	26	12	30	35	43	36	44	14	28	25	42	26	39	17	2	43	19	34	4	43	30	20	5	40	36	12	
30	25	19	48	17	9	22	8	43	26	41	10	17	13	24	7	32	9	30	26	46	28	32	38	27	12	48	7	8	22	34	3	19	17	6	29	45	18	18	35	
27	23	50	28	25	34	33	27	20	32	20	31	11	40	43	3	14	6	16	45	38	9	40	5	24	41	27	11	9	33	2	11	11	41	20	26	46	48	28	49	
27	49	23	39	14	3	7	19	5	10	8	36	9	2	27	36	44	22	21	14	12	43	10	24	50	33	47	26	30	2	15	18	1	38	19	21	25	16	22	50	
27	46	29	1	39	7	34	15	1	5	23	30	42	37	38	6	47	12	39	11	26	30	11	6	2	12	47	37	50	33	1	4	30	31	22	22	32	39	3	27	
33	13	9	15	9	2	30	27	7	29	49	1	25	11	44	9	49	34	42	8	16	31	15	5	30	21	30	2	42	3	48	2	19	8	22	40	22	8	2	34	
11	9	8	44	17	28	35	13	44	16	17	2	3	31	14	44	48	11	37	8	12	31	19	40	3	23	29	41	15	23	38	9	23	20	39	23	46	40	3	28	
45	48	44	41	45	26	45	11	42	38	11	18	23	24	14	40	20	37	43	3	36	50	29	32	41	1	14	38	45	9	42	40	43	11	44	11	26	17	13	26	
4	14	26	50	41	26	27	27	6	31	4	47	8	37	14	17	37	19	13	50	14	13	11	5	19	25	29	26	1	28	38	43	49	21	2	32	50	6	45	17	
49	14	18	38	38	19	8	8	16	43	47	8	39	46	26	42	38	49	10	22	31	6	46	50	42	4	39	10	42	6	35	21	24	33	28	9	36	7	37	15	
23	20	37	36	45	28	4	37	17	37	36	31	44	9	32	29	22	11	15	44	4	41	40	13	29	27	31	24	48	35	23	32	36	3	50	15	42	4	48	6	
49	31	41	17	22	16	31	18	9	33	14	12	19	2	14	37	28	10	44	48	10	27	35	1	21	19	45	35	26	42	48	17	39	30	18	26	32	47	22	13	
45	49	40	39	15	2	43	49	22	35	1	10	40	18	32	12	50	1	44	23	46	19	15	18	48	25	37	5	30	13	31	49	30	16	2	33	14	30	38	7	
On machine	2
16	11	27	38	26	12	20	40	24	11	31	35	7	1	12	41	27	14	31	30	40	33	30	38	8	43	41	2	16	30	22	17	2	39	43	29	30	8	34	5	
39	42	3	12	13	12	23	16	24	33	43	31	39	48	49	43	50	35	8	32	14	37	30	33	24	30	33	5	14	41	3	28	21	22	31	9	26	49	15	39	
47	45	29	30	25	25	48	29	28	49	45	31	4	11	23	43	46	47	25	28	26	39	35	14	19	13	17	29	22	35	13	5	34	38	22	21	32	4	15	39	
16	38	46	17	46	19	9	48	2	31	24	39	36	42	49	14	18	34	40	43	16	30	7	40	46	3	33	45	47	48	18	32	26	44	46	12	25	37	24	34	
13	29	31	8	31	38	22	13	40	14	24	3	12	38	30	3	30	9	36	39	9	14	47	18	21	44	40	48	29	28	33	35	18	30	25	26	36	27	32	11	
41	7	42	44	14	20	40	5	21	13	32	43	46	13	28	6	5	15	4	12	13	49	27	15	29	44	44	15	47	20	32	25	32	2	19	16	47	42	14	16	
2	14	49	12	4	46	26	17	44	50	41	34	20	12	8	8	24	6	42	12	28	28	19	35	29	1	33	32	39	47	1	12	50	17	14	30	33	8	4	27	
49	38	32	16	47	1	25	10	36	43	15	33	14	43	1	4	14	11	21	44	3	50	29	14	22	37	24	17	1	16	19	21	45	6	35	34	10	15	21	1	
3	6	37	16	25	40	50	32	7	14	30	47	41	38	4	9	49	10	15	39	29	27	39	23	48	37	39	22	9	36	18	28	29	2	44	27	35	41	49	10	
15	13	21	38	23	28	47	17	44	29	24	48	30	24	42	33	4	43	25	6	36	5	30	33	23	44	18	32	22	8	7	1	32	39	32	43	40	5	38	7	
29	15	24	42	12	13	21	3	36	21	19	16	47	7	18	9	31	23	33	12	49	41	31	45	36	11	27	41	18	30	33	29	42	9	11	1	9	5	45	2	
14	45	46	11	6	31	5	50	19	1	43	30	31	13	36	37	27	22	1	24	4	23	2	17	40	44	29	6	23	23	27	12	50	13	19	33	27	6	8	45	
36	47	47	2	8	8	16	33	41	40	45	35	16	9	26	3	35	27	50	3	23	8	9	48	22	44	50	23	27	37	38	36	7	40	22	37	16	17	29	24	
17	40	5	46	4	39	48	3	9	7	2	19	2	49	29	8	27	35	46	39	43	37	17	46	4	29	5	13	17	18	8	46	14	38	30	14	25	50	4	45	
31	36	33	31	38	17	37	39	2	22	23	18	19	41	31	43	5	41	46	8	4	48	16	40	9	6	25	46	39	27	44	9	3	45	15	50	9	49	38	19	
3	47	14	34	13	43	9	50	26	41	39	46	12	38	27	41	2	41	8	11	24	5	44	24	32	2	12	15	19	32	23	28	2	29	4	40	40	42	10	19	
17	36	41	1	43	5	44	2	27	32	42	46	11	49	43	32	48	35	36	18	35	16	25	23	31	8	31	4	18	13	32	1	47	21	1	30	17	24	28	24	
37	20	18	5	6	43	5	44	29	43	13	48	17	2	21	31	33	31	42	29	15	35	10	46	7	19	50	5	26	14	5	23	44	10	22	3	25	16	44	33	
26	21	7	26	7	6	49	44	13	5	43	31	20	35	1	38	7	42	24	15	33	48	12	50	4	28	17	42	13	50	31	25	27	13	16	40	50	30	13	35	
24	25	7	45	29	4	41	41	27	41	29	13	36	40	47	50	18	38	11	19	32	20	17	26	36	27	29	43	11	49	3	44	3	14	45	35	20	49	45	21	
16	27	9	49	33	13	19	41	34	49	11	34	25	28	14	23	12	26	17	21	48	14	45	9	49	29	35	15	24	46	22	39	28	13	22	45	47	11	31	32	
5	27	12	34	32	9	12	37	4	48	43	24	11	17	8	16	23	9	14	13	29	30	28	40	1	12	38	15	36	40	33	21	7	41	40	14	35	28	30	22	
27	2	47	34	29	5	5	3	24	9	29	29	40	26	44	20	28	17	23	9	43	7	18	32	14	38	2	2	27	41	50	13	30	24	17	19	30	50	24	20	
5	31	26	19	15	17	31	20	21	3	31	27	14	17	9	46	41	22	28	25	36	5	8	12	38	42	18	8	28	35	21	19	24	30	42	47	48	26	29	2	
12	16	36	47	17	26	4	17	36	17	47	27	21	42	12	33	10	19	43	49	9	44	42	32	23	20	10	20	40	48	2	4	2	41	3	34	37	16	33	36	
34	10	48	17	20	9	23	28	39	14	44	3	44	6	46	26	45	7	8	46	23	8	47	34	46	23	25	32	48	44	2	13	25	9	48	33	17	8	36	43	
40	7	22	17	6	22	35	13	10	18	26	15	37	49	37	30	36	13	23	35	9	40	11	35	1	11	41	34	17	10	35	8	15	2	20	31	25	2	43	42	
50	40	31	17	3	40	7	32	16	36	45	37	50	25	38	38	41	41	1	7	14	16	4	38	18	12	26	7	31	11	29	24	20	49	36	6	3	41	35	43	
50	41	5	46	19	28	27	28	43	43	30	41	20	28	21	7	23	25	9	35	8	21	14	19	30	46	14	36	29	3	46	15	22	19	40	2	35	32	44	5	
25	25	22	3	32	42	5	12	5	14	12	41	7	33	48	39	23	37	34	43	2	49	9	15	35	31	1	13	2	32	37	39	24	45	19	49	22	29	40	44	
15	16	9	12	22	49	24	27	33	6	42	45	5	10	4	12	14	34	35	2	14	27	30	45	32	39	8	28	8	15	2	29	2	38	33	4	11	48	15	20	
24	22	46	11	32	43	40	38	35	6	30	39	14	42	9	41	43	34	36	40	15	35	18	23	17	11	31	4	21	35	5	14	1	35	17	21	5	27	19	9	
12	14	22	43	1	25	24	6	20	14	10	17	6	28	1	34	19	8	9	16	15	33	6	28	6	29	18	27	7	49	7	22	42	35	7	19	42	29	32	6	
49	16	18	8	29	45	15	32	33	44	21	23	35	27	41	2	15	18	25	23	20	37	13	22	31	20	27	15	41	18	38	2	31	40	6	44	50	9	34	40	
4	37	30	45	47	10	45	6	41	33	27	7	44	6	27	5	33	44	50	19	22	46	41	40	40	10	5	4	7	15	25	7	49	16	27	49	14	29	15	8	
34	18	37	41	37	18	11	16	25	2	8	26	47	22	1	14	20	17	48	31	24	16	4	23	4	16	17	13	30	40	24	28	14	40	49	37	6	21	45	31	
17	35	25	21	28	31	24	17	16	2	22	3	42	27	9	37	7	28	28	22	11	22	42	16	38	37	20	4	46	36	16	42	43	5	23	16	48	49	9	23	
46	5	33	30	26	14	28	15	15	21	41	38	41	48	49	7	14	40	30	34	24	32	9	39	2	49	1	24	11	6	35	7	44	12	8	5	44	20	24	7	
26	16	21	6	7	41	22	31	19	22	44	18	21	25	35	14	1	10	50	41	39	43	6	9	31	32	26	32	14	27	7	11	18	12	22	22	2	40	46	19	
7	26	15	14	28	29	34	39	48	23	11	27	26	42	9	18	36	45	19	5	25	11	16	24	28	47	35	46	37	2	3	18	26	23	13	27	36	47	6	34	
