Factories	3
Families	40
Machines	4
SetupType	2

Number of Jobs in each Family
4	5	1	2	1	8	9	10	4	4	4	10	9	9	5	4	8	9	1	3	6	1	10	8	9	3	5	3	5	2	6	4	10	5	5	6	4	9	2	1	

Jobs in each Family
0	1	2	3	
4	5	6	7	8	
9	
10	11	
12	
13	14	15	16	17	18	19	20	
21	22	23	24	25	26	27	28	29	
30	31	32	33	34	35	36	37	38	39	
40	41	42	43	
44	45	46	47	
48	49	50	51	
52	53	54	55	56	57	58	59	60	61	
62	63	64	65	66	67	68	69	70	
71	72	73	74	75	76	77	78	79	
80	81	82	83	84	
85	86	87	88	
89	90	91	92	93	94	95	96	
97	98	99	100	101	102	103	104	105	
106	
107	108	109	
110	111	112	113	114	115	
116	
117	118	119	120	121	122	123	124	125	126	
127	128	129	130	131	132	133	134	
135	136	137	138	139	140	141	142	143	
144	145	146	
147	148	149	150	151	
152	153	154	
155	156	157	158	159	
160	161	
162	163	164	165	166	167	
168	169	170	171	
172	173	174	175	176	177	178	179	180	181	
182	183	184	185	186	
187	188	189	190	191	
192	193	194	195	196	197	
198	199	200	201	
202	203	204	205	206	207	208	209	210	
211	212	
213	

Total number of jobs
214

Processing times of jobs
3	4	4	4	
6	10	8	2	
3	6	4	4	
7	2	1	8	
7	3	8	9	
7	10	8	8	
1	6	9	7	
4	5	5	6	
2	7	4	3	
9	2	10	3	
5	3	9	7	
5	7	7	10	
5	7	9	3	
9	2	2	7	
10	3	7	9	
4	1	6	6	
7	2	9	3	
8	2	1	5	
2	7	6	2	
8	8	10	2	
8	4	3	7	
9	6	6	7	
9	9	1	2	
5	6	8	3	
8	7	3	4	
3	3	6	6	
8	9	8	8	
5	2	5	9	
10	2	9	8	
2	7	8	2	
3	4	2	8	
7	4	2	6	
6	2	7	2	
1	6	6	6	
7	6	4	6	
10	1	1	1	
9	7	3	5	
5	9	8	4	
4	1	5	9	
8	5	8	8	
6	2	1	6	
3	8	5	9	
3	9	6	8	
9	8	6	6	
4	10	2	6	
9	9	10	3	
6	9	6	2	
5	7	5	9	
4	1	2	2	
9	8	1	8	
9	5	9	3	
1	5	9	6	
5	2	3	10	
8	1	3	4	
10	3	2	7	
6	8	5	9	
6	10	5	1	
1	8	7	7	
9	10	8	5	
3	9	9	5	
4	7	2	3	
4	6	4	3	
6	10	8	5	
9	7	3	1	
3	10	2	2	
10	5	5	4	
7	9	3	2	
9	3	2	7	
8	4	1	5	
2	3	8	2	
4	9	7	5	
3	7	7	2	
9	10	6	1	
6	1	9	7	
9	2	6	2	
7	4	7	8	
2	1	7	4	
3	10	9	5	
1	7	3	6	
8	9	8	4	
2	9	4	10	
1	10	3	8	
10	7	8	9	
3	9	9	9	
7	7	7	8	
6	10	4	10	
9	4	2	9	
9	3	3	10	
5	4	2	6	
7	3	6	5	
3	9	10	5	
3	5	6	6	
3	10	10	9	
1	5	5	7	
10	1	3	10	
4	6	4	8	
10	2	5	8	
5	3	2	4	
6	5	9	4	
5	7	9	1	
2	7	9	4	
6	3	6	8	
3	10	3	2	
3	7	2	6	
7	3	4	2	
2	6	10	9	
7	7	1	1	
7	3	8	8	
8	3	2	5	
3	1	1	5	
9	7	3	10	
5	1	10	8	
1	8	9	3	
4	6	1	6	
8	1	4	4	
8	2	6	9	
3	2	3	7	
2	1	5	7	
10	1	1	8	
4	7	5	2	
3	1	9	9	
9	6	8	2	
6	8	6	10	
1	3	4	8	
10	8	9	3	
3	5	4	2	
8	3	10	1	
6	7	9	6	
9	6	6	6	
9	8	5	7	
1	2	9	4	
1	9	10	9	
1	4	1	7	
10	3	6	3	
7	3	2	1	
8	6	8	2	
9	6	9	8	
9	3	4	10	
9	10	1	4	
4	1	5	2	
10	10	7	5	
10	8	8	9	
5	9	6	2	
5	6	3	10	
9	4	3	5	
10	2	5	10	
7	7	4	6	
10	10	9	5	
3	1	6	5	
8	4	3	1	
6	8	9	6	
5	1	1	7	
1	6	10	3	
8	4	2	4	
1	6	6	3	
4	3	9	7	
1	4	1	7	
4	2	9	8	
6	10	3	4	
4	10	10	3	
10	6	5	2	
9	6	3	9	
2	10	5	4	
3	1	10	10	
10	8	10	2	
2	10	9	8	
6	8	5	8	
2	6	5	2	
3	9	4	4	
9	7	8	5	
7	4	1	5	
4	7	6	10	
6	2	7	10	
5	1	5	2	
1	6	1	9	
3	4	7	6	
2	3	8	4	
7	4	9	9	
9	3	10	7	
5	3	10	5	
1	1	7	8	
5	2	6	1	
2	2	4	8	
8	7	6	9	
3	7	10	4	
7	3	4	9	
10	5	8	4	
8	8	9	3	
5	4	4	10	
4	2	9	1	
5	6	5	7	
2	1	1	9	
3	6	2	4	
9	7	10	2	
4	1	6	4	
7	5	1	3	
9	4	2	5	
7	4	8	5	
5	8	10	10	
9	10	7	2	
8	1	7	6	
2	10	10	6	
9	8	5	5	
10	7	9	4	
2	7	1	7	
8	9	10	3	
8	5	2	1	
3	1	6	1	
10	1	2	6	
2	4	5	10	
7	3	1	1	
10	5	4	4	
1	6	4	2	
1	6	10	9	

Stepup times between Families, where [f][f] represents initial setup time
On machine	1
18	32	28	50	28	50	21	24	10	17	33	32	44	14	43	1	46	33	33	12	30	25	30	12	50	4	37	19	1	35	1	5	38	19	4	21	27	28	1	14	
46	30	17	26	18	27	14	23	8	35	40	46	19	4	33	28	37	30	49	42	12	43	33	20	28	29	39	10	37	32	14	45	20	22	41	43	12	17	35	17	
14	40	20	34	32	22	48	18	49	27	19	44	19	47	8	2	14	46	14	12	24	27	30	6	13	12	19	29	49	18	3	7	15	15	46	48	33	38	20	50	
16	2	2	6	30	42	21	20	10	42	27	15	40	32	8	21	50	10	46	30	33	3	4	34	3	1	18	31	12	2	42	18	34	18	12	38	17	27	39	4	
31	42	30	43	5	29	23	13	3	36	9	38	7	36	43	2	50	32	31	22	5	19	19	40	40	48	29	49	9	31	30	19	28	3	10	38	42	33	8	18	
18	13	40	49	35	4	29	16	37	13	26	25	5	6	13	24	36	22	39	34	20	1	19	7	39	31	46	34	49	38	43	9	25	42	1	37	31	34	36	15	
28	41	3	48	25	34	4	3	47	5	10	50	49	11	29	16	8	11	45	37	2	13	18	20	42	45	49	8	30	47	35	47	25	19	25	24	31	14	47	33	
17	11	36	36	34	26	40	39	45	1	24	17	20	14	21	20	38	18	15	22	6	18	5	16	31	10	33	22	39	34	23	25	10	6	6	34	49	50	47	31	
29	33	31	8	39	6	30	9	4	2	47	49	15	12	4	39	40	16	13	28	40	19	28	38	9	31	41	47	3	13	7	6	48	28	22	27	16	12	37	21	
18	5	34	28	20	6	19	14	26	10	45	25	24	19	33	12	34	19	50	15	44	14	20	33	20	16	20	24	28	10	14	2	24	14	29	27	50	46	31	4	
4	28	22	29	35	14	7	3	25	10	9	20	20	50	46	20	4	1	22	49	20	5	23	18	7	40	9	17	28	5	32	45	26	11	47	20	39	13	44	16	
41	47	3	2	32	37	28	5	41	45	34	12	42	5	26	48	3	46	50	15	1	28	42	28	27	39	1	46	19	27	3	22	27	36	44	25	6	49	49	42	
31	31	47	31	28	15	43	37	50	27	22	40	48	36	28	33	15	49	11	19	28	32	1	25	2	38	11	39	32	35	40	33	4	1	8	48	36	41	6	13	
41	12	22	39	12	4	1	38	14	6	31	1	8	34	34	42	16	39	3	12	21	17	40	14	31	38	27	9	6	16	43	3	38	40	25	12	22	1	48	20	
7	27	45	36	19	28	26	25	5	46	4	40	41	26	3	19	20	50	27	7	18	31	25	15	23	25	2	38	45	36	4	1	24	43	28	1	7	32	34	24	
49	44	21	19	41	46	25	30	27	16	22	50	34	49	21	41	47	2	19	15	1	40	11	40	36	34	37	20	39	5	1	5	40	38	10	14	27	9	17	31	
17	25	43	13	9	41	39	3	15	15	1	36	46	20	43	11	47	27	6	16	17	45	22	32	11	43	4	1	23	12	30	19	38	4	27	38	10	18	6	25	
19	50	19	29	40	6	3	37	17	4	46	30	15	30	50	17	28	49	46	24	24	18	48	22	40	8	42	28	15	18	21	43	3	46	7	5	28	19	34	36	
39	38	14	50	6	3	17	43	31	31	24	23	10	23	30	20	14	45	19	23	16	16	48	46	49	6	43	22	26	38	44	14	15	9	44	32	5	23	15	34	
26	46	21	28	14	3	29	41	2	48	13	28	44	44	44	18	23	50	50	39	36	14	2	21	27	37	33	11	26	32	1	19	6	17	34	26	8	37	31	47	
12	9	42	9	15	46	27	12	28	8	43	26	31	6	39	27	13	34	38	4	5	2	8	7	19	13	1	22	14	31	11	27	11	11	5	35	35	35	44	11	
21	37	19	24	50	49	11	15	48	35	11	49	13	26	12	6	15	9	23	42	11	14	42	40	16	8	25	24	23	50	22	15	14	15	34	37	7	32	7	17	
25	50	35	45	42	38	4	8	30	36	46	19	9	37	40	28	31	29	38	45	9	20	13	22	35	9	6	20	48	3	5	48	10	27	49	6	20	45	33	17	
22	17	29	9	26	27	36	46	12	13	43	42	5	50	16	29	35	46	17	39	26	19	2	6	3	9	41	32	43	48	13	7	16	49	37	28	30	19	18	16	
39	19	16	31	8	50	6	17	16	9	23	32	43	41	31	2	6	42	25	37	46	34	33	15	25	36	38	46	10	3	7	40	39	16	10	42	40	3	5	46	
50	23	10	47	9	6	44	32	26	33	46	31	34	34	12	8	30	21	5	11	43	28	28	22	30	30	6	5	4	4	28	29	46	1	10	18	47	41	50	40	
6	9	41	10	29	19	30	26	35	7	25	39	41	50	25	32	14	26	16	10	10	16	19	24	18	2	29	26	9	13	38	37	44	7	25	20	43	50	27	32	
46	35	44	28	34	14	17	34	16	11	28	23	36	14	1	41	46	2	25	34	25	15	40	11	22	20	26	18	38	29	8	46	2	6	24	41	41	10	2	49	
26	48	43	31	13	27	23	38	15	6	43	8	14	44	2	23	24	2	16	30	29	31	36	50	33	9	19	24	2	11	3	21	7	10	37	12	11	28	49	3	
46	6	28	39	2	9	14	45	7	24	13	46	5	7	4	6	3	43	43	23	21	24	27	49	9	40	32	22	32	44	32	44	33	40	17	41	46	6	24	16	
47	21	27	6	5	12	31	14	31	27	40	12	45	20	3	16	16	27	48	49	17	28	8	31	18	45	10	6	10	4	48	6	4	30	16	50	36	13	33	1	
37	44	18	19	38	50	7	46	49	44	46	49	45	24	24	18	49	8	19	8	8	34	42	37	11	33	48	46	11	13	4	29	28	44	23	50	32	6	47	37	
2	10	50	42	13	13	21	8	44	33	15	7	43	45	24	43	1	18	1	34	47	41	49	25	34	20	21	15	48	17	3	31	2	1	11	30	19	38	16	35	
22	16	15	42	21	16	8	42	48	27	1	46	11	34	17	32	15	7	48	35	45	20	35	4	13	28	44	16	35	14	23	34	42	48	50	17	48	13	20	19	
42	30	33	36	8	20	36	24	22	46	22	31	13	46	35	49	19	16	6	50	17	28	20	20	28	5	24	21	5	24	44	21	42	20	28	19	46	14	45	27	
43	2	41	9	50	30	2	36	41	28	17	13	25	43	7	26	46	6	25	43	4	34	46	14	48	15	27	29	37	42	45	11	18	15	44	22	40	47	15	40	
37	33	41	8	4	48	50	47	9	44	47	15	15	29	17	45	26	36	34	46	29	20	48	34	20	14	2	20	17	34	29	33	49	24	38	45	38	19	25	15	
7	36	48	41	7	40	14	28	12	31	48	18	37	19	45	31	49	37	42	21	36	46	14	18	24	40	42	6	29	23	37	25	42	23	48	3	38	34	2	39	
29	40	27	39	50	4	3	40	17	27	8	25	8	32	32	15	14	19	7	1	15	21	35	2	43	20	45	19	1	26	39	6	22	42	9	39	42	45	4	46	
13	38	2	33	43	50	24	25	37	46	7	44	5	10	30	26	36	48	47	17	27	45	47	23	19	22	46	13	23	3	36	49	22	9	39	39	9	45	11	16	
On machine	2
48	43	30	10	10	30	26	4	39	21	24	33	1	4	45	33	4	26	47	17	39	46	6	34	6	43	12	8	38	2	22	21	24	42	44	7	31	47	24	10	
17	24	9	42	23	17	10	6	45	2	16	10	39	17	25	17	25	45	9	4	19	18	15	38	29	46	8	10	47	29	18	2	43	1	45	24	17	39	48	35	
47	43	37	37	10	50	20	26	26	30	45	2	43	44	44	32	43	18	31	11	19	6	17	37	27	6	3	23	9	18	26	25	38	31	25	32	10	34	12	28	
29	20	31	14	22	21	43	49	2	10	28	31	18	15	2	49	27	10	49	15	30	41	41	12	44	23	33	5	11	34	47	17	20	26	5	34	18	34	36	19	
44	48	45	42	37	48	23	27	25	16	11	44	43	4	16	2	14	32	13	40	29	37	39	38	41	1	18	16	1	5	29	2	11	17	40	31	7	20	1	7	
23	44	12	14	35	8	3	45	16	45	30	43	44	42	23	2	17	22	13	4	22	47	4	42	31	41	48	32	30	26	22	42	6	42	35	1	10	30	50	11	
5	23	23	31	7	49	50	33	32	21	14	3	39	16	5	31	35	1	32	50	8	43	19	12	31	49	9	28	43	20	30	33	4	1	44	21	7	35	32	24	
32	44	40	1	28	7	22	27	6	37	19	17	14	46	47	21	10	25	8	47	48	33	14	24	28	24	25	15	36	35	6	34	40	19	20	36	36	24	20	5	
17	27	23	16	42	46	12	13	21	23	32	13	3	3	17	20	19	40	7	30	22	24	25	50	43	2	42	27	12	26	48	3	24	42	14	13	4	16	27	6	
47	20	31	27	43	17	47	48	45	22	27	44	28	48	49	11	37	8	10	42	26	30	9	25	20	45	50	38	33	48	3	27	26	13	25	9	24	7	9	6	
46	21	18	39	24	1	21	39	16	41	5	1	48	44	39	27	3	34	49	3	47	43	26	5	44	13	36	25	2	38	33	4	42	4	37	11	44	43	6	19	
29	26	50	18	23	49	35	27	5	35	45	24	35	9	46	2	46	33	46	42	5	41	49	4	45	38	40	20	47	28	20	3	12	33	18	10	45	1	37	27	
13	15	31	42	7	48	24	43	10	28	43	5	28	15	45	16	33	24	9	13	9	3	3	27	21	6	37	39	30	32	49	45	1	48	14	16	23	13	16	38	
34	46	17	48	22	3	36	31	7	5	39	30	28	34	42	38	45	43	2	21	30	25	33	47	9	47	25	8	50	5	36	45	3	6	17	34	41	21	2	39	
50	16	35	14	1	14	50	7	50	34	50	19	46	28	50	16	1	17	8	9	36	26	16	20	6	32	2	5	7	8	47	31	4	16	47	22	17	25	38	43	
14	10	45	7	7	7	36	48	42	19	38	7	22	22	27	35	33	48	27	25	46	42	40	46	27	3	38	26	46	11	25	11	6	8	50	17	5	6	37	41	
33	24	32	26	30	10	19	28	30	41	6	18	37	30	44	4	46	50	31	34	34	17	9	41	14	43	19	19	4	38	50	5	48	24	16	4	22	20	25	22	
45	12	37	44	47	16	15	9	43	4	8	14	41	32	2	11	27	33	19	27	22	13	12	20	27	18	50	43	45	33	50	31	42	1	23	27	43	35	6	13	
38	18	36	38	48	50	41	48	25	21	44	43	44	44	3	28	16	32	3	49	31	6	47	28	44	36	17	41	46	48	46	34	16	5	2	7	25	9	25	10	
18	42	19	27	48	3	4	23	26	47	4	39	2	40	44	12	24	8	46	6	1	21	43	7	21	48	28	4	10	36	50	25	43	19	43	50	22	17	17	12	
13	37	9	45	48	4	37	31	42	43	32	47	35	43	2	11	45	8	27	33	12	49	5	47	2	35	46	48	15	7	31	18	27	29	9	34	44	29	44	35	
46	10	31	46	43	46	36	48	3	3	40	41	7	3	23	50	35	30	35	7	42	48	3	15	9	28	47	41	35	36	45	37	31	38	19	43	30	19	5	29	
11	4	21	8	10	33	16	6	33	33	31	31	7	9	9	40	4	28	1	8	23	50	2	34	23	40	4	20	14	42	11	36	40	10	18	50	7	10	43	3	
10	46	11	2	14	13	32	15	8	48	26	21	42	9	34	38	38	25	42	13	21	50	7	27	30	26	42	11	48	49	20	28	32	34	1	38	24	9	21	42	
5	44	19	36	16	2	26	10	23	8	27	18	26	22	50	16	41	31	46	21	26	19	14	31	2	29	39	3	47	37	47	39	30	35	40	35	50	29	3	42	
22	10	35	21	11	23	13	11	34	28	47	7	19	33	28	14	5	24	22	29	33	42	32	41	41	43	30	11	41	48	37	28	49	13	22	15	8	30	12	22	
11	44	21	25	36	41	34	9	21	36	43	31	50	45	22	14	12	33	36	4	39	5	28	24	41	34	17	16	38	43	9	22	40	31	42	38	15	2	47	18	
42	38	4	35	1	7	42	39	23	8	36	40	26	36	41	20	17	17	49	50	7	49	28	33	26	12	44	1	22	1	8	19	33	27	42	38	45	29	47	49	
5	13	21	8	24	6	45	40	37	34	21	29	6	28	34	28	28	19	35	20	48	27	37	28	28	43	14	15	27	38	35	22	11	3	41	32	40	31	11	38	
45	20	17	47	1	22	25	14	24	11	25	19	19	45	19	5	17	47	8	10	10	15	15	37	13	35	8	34	20	39	50	34	23	14	48	44	4	20	5	39	
48	50	16	50	29	10	43	30	6	24	11	13	27	18	8	7	35	44	30	48	42	16	2	15	19	18	34	46	2	45	47	11	32	5	34	19	11	49	35	14	
20	19	48	1	50	10	32	41	39	22	8	47	41	31	21	13	4	48	11	7	17	20	27	11	50	23	39	25	1	2	24	31	11	32	43	25	37	29	30	46	
6	32	6	13	36	37	4	15	3	7	43	3	7	48	8	40	23	22	50	3	35	42	40	7	7	5	47	11	10	7	7	34	3	15	14	32	35	1	24	2	
10	41	1	3	33	1	39	14	30	27	14	5	6	21	24	48	49	20	39	28	20	41	47	26	34	32	21	19	46	42	37	23	35	35	19	27	27	27	2	16	
19	4	6	30	42	16	39	12	6	47	43	46	31	30	30	46	41	22	22	40	17	26	24	25	29	47	29	12	7	49	8	6	40	46	46	24	6	23	17	20	
24	19	45	49	28	20	11	30	50	26	11	43	28	13	42	38	48	31	4	41	26	13	26	50	13	17	17	19	18	15	47	9	15	22	26	7	34	5	43	34	
7	49	9	22	33	24	49	23	42	9	31	17	25	20	23	26	27	20	43	43	30	41	47	17	10	17	9	18	44	32	5	44	45	31	29	25	38	17	41	25	
24	27	24	35	48	33	41	10	43	4	46	24	15	19	50	45	13	38	17	30	50	25	38	44	19	5	1	11	17	23	47	22	22	44	41	47	25	1	36	12	
23	34	26	9	35	44	43	43	12	47	11	10	50	27	26	2	17	28	28	25	16	49	40	37	34	4	3	34	8	17	7	40	35	25	44	20	1	18	32	45	
14	23	1	36	16	28	3	34	15	13	27	25	49	10	1	46	45	26	10	5	13	47	1	37	13	9	38	50	31	18	30	1	17	9	27	21	48	40	42	41	
On machine	3
26	32	42	20	1	25	27	37	44	6	36	8	48	30	23	41	28	29	8	42	29	26	12	41	49	19	20	10	26	44	14	1	32	49	47	48	9	26	40	37	
21	27	21	20	41	44	39	41	10	47	49	32	48	33	50	29	47	23	39	45	22	19	1	43	17	46	25	1	31	28	8	28	22	33	46	1	34	15	47	42	
15	7	20	28	16	2	8	45	31	18	42	22	36	13	14	34	20	1	5	31	29	25	28	33	27	22	24	25	13	48	21	30	12	2	35	34	29	22	30	32	
8	40	28	11	2	32	22	14	17	15	30	44	32	36	23	22	36	31	9	35	28	18	11	7	34	39	11	36	32	40	5	18	40	32	24	40	23	43	41	29	
17	46	31	24	8	17	45	14	4	28	3	3	18	47	49	10	37	27	3	3	49	40	15	28	5	11	20	30	6	14	34	20	38	41	24	42	25	33	43	23	
36	14	18	18	24	37	24	34	43	3	47	18	14	1	20	39	22	18	18	35	28	26	22	44	28	39	33	30	8	7	24	1	28	19	9	50	26	43	27	1	
15	43	23	49	36	6	13	5	11	36	47	44	19	46	5	45	8	21	45	37	17	17	24	44	24	12	30	38	36	32	17	6	17	11	42	47	44	28	41	36	
26	5	33	9	27	3	30	26	4	6	7	30	30	18	26	36	41	35	43	50	23	44	8	29	15	35	39	24	34	19	16	19	44	36	40	33	21	30	1	43	
40	5	11	37	46	18	39	38	33	22	5	22	41	20	35	34	45	42	13	10	42	17	14	39	47	49	2	16	9	19	5	32	31	21	30	8	3	22	33	27	
38	15	37	18	48	16	12	15	16	22	23	3	22	34	36	4	47	41	26	8	31	49	5	31	11	28	43	3	20	36	43	35	49	26	19	24	38	10	4	50	
1	39	23	47	28	26	46	45	15	30	32	42	34	28	7	40	30	7	28	50	9	43	44	17	28	12	25	19	22	18	12	15	50	29	47	19	7	20	34	32	
22	23	35	30	49	3	32	11	47	34	8	10	28	34	8	35	39	18	46	18	3	32	38	2	11	17	38	29	36	34	36	47	44	37	28	37	10	26	26	45	
3	22	47	41	28	22	3	13	1	50	44	35	15	19	27	20	2	37	3	50	17	45	17	24	41	31	32	10	24	8	32	20	12	9	26	33	9	28	8	23	
19	31	13	13	50	33	49	5	47	50	40	27	34	1	36	9	14	16	27	7	30	36	37	19	4	41	32	12	43	32	10	21	36	15	41	32	32	41	25	16	
3	20	46	44	46	44	45	32	11	50	9	7	23	33	22	23	1	2	33	32	19	33	30	29	43	44	11	32	24	10	16	6	49	36	10	11	43	21	28	26	
22	26	2	21	33	16	47	26	37	21	42	15	50	9	28	36	7	18	34	7	9	36	44	27	1	29	34	30	5	37	13	47	3	14	18	4	11	43	50	24	
22	12	32	15	49	45	47	40	11	39	48	47	5	23	32	1	9	36	47	39	29	38	19	24	15	26	21	29	29	27	30	25	2	35	21	18	15	31	38	12	
8	8	40	43	34	45	7	45	28	18	6	5	36	10	30	2	6	27	34	40	41	39	16	25	8	38	7	24	3	48	49	3	5	29	3	33	22	2	11	6	
17	10	31	13	47	46	40	3	40	10	8	38	8	26	13	11	5	8	48	38	36	35	21	27	46	45	11	22	13	19	47	4	19	7	37	15	2	48	22	19	
40	21	40	29	44	21	37	9	16	28	31	4	5	22	6	18	45	27	15	47	4	44	48	36	30	7	31	24	29	23	43	22	43	34	18	15	31	37	1	25	
47	15	34	41	25	12	39	5	50	15	11	42	30	16	4	48	36	33	15	40	44	4	49	18	45	14	29	16	4	23	44	30	10	50	19	46	28	15	26	33	
14	13	26	45	29	45	19	20	23	17	7	9	13	28	46	12	22	29	19	30	37	4	2	28	32	13	39	13	50	34	24	2	44	43	43	36	25	21	12	30	
29	15	48	27	24	12	37	21	41	8	33	9	4	27	3	23	16	16	42	40	13	27	30	35	48	19	12	35	27	17	24	22	2	22	43	22	1	23	20	49	
38	35	4	19	18	34	8	47	31	26	7	22	24	25	24	44	22	14	24	36	1	22	44	24	16	25	43	23	34	8	15	31	19	4	14	22	45	36	32	37	
30	13	19	32	46	21	25	21	14	7	15	5	45	8	4	8	40	50	22	20	9	19	28	15	41	12	40	34	50	20	10	9	10	44	48	32	27	8	36	24	
41	20	20	23	46	23	19	34	43	47	38	6	5	13	40	19	34	20	18	50	9	31	30	9	48	38	37	13	19	27	50	41	28	10	12	50	44	44	40	43	
13	43	41	6	41	41	26	5	26	38	33	12	8	36	48	40	9	42	25	13	42	5	7	30	30	29	49	46	46	31	23	3	26	36	9	24	42	44	40	37	
22	22	26	2	12	46	46	42	30	41	15	24	37	13	7	11	26	39	44	39	2	7	27	38	27	49	32	18	32	35	14	46	24	19	37	40	17	8	14	33	
13	45	15	16	16	9	33	6	13	2	28	3	8	31	44	34	48	29	28	6	24	3	24	8	39	15	33	22	22	32	28	3	20	3	3	9	41	42	40	50	
26	26	38	48	17	24	9	43	41	29	43	28	2	45	26	18	47	35	41	37	33	29	18	16	43	41	12	41	13	23	30	9	16	24	24	44	17	29	19	33	
41	44	35	17	14	45	19	1	26	14	19	6	6	21	44	45	47	40	39	11	36	13	2	36	10	34	48	34	50	11	32	38	10	43	39	43	33	46	14	49	
9	43	34	21	50	5	30	15	34	24	27	5	49	3	13	14	50	1	3	18	11	11	34	41	22	37	4	35	35	34	19	20	2	5	30	49	13	15	25	34	
40	20	10	4	11	6	49	40	48	44	38	35	47	29	8	38	42	40	3	47	14	34	30	20	9	21	18	12	43	12	44	41	38	33	20	25	21	25	43	45	
22	5	1	38	27	34	28	45	4	9	40	8	18	44	48	3	39	22	29	28	9	47	6	24	41	7	49	14	25	22	4	43	23	36	31	27	39	38	16	40	
43	11	31	48	30	3	42	8	24	28	15	15	19	44	49	37	27	42	35	3	25	28	2	11	42	43	17	20	37	33	36	3	3	15	19	47	3	8	50	37	
44	16	47	37	45	18	35	32	30	33	10	3	47	22	4	10	21	24	3	50	35	22	17	26	40	18	7	18	47	47	35	7	20	23	14	12	2	23	5	45	
3	28	2	39	14	1	21	2	4	18	18	14	11	46	45	35	19	23	30	35	36	13	4	40	37	6	28	4	4	43	12	28	18	32	13	25	3	6	7	44	
41	20	47	44	32	43	39	8	38	25	29	43	2	24	44	49	25	32	35	28	36	27	3	28	35	28	29	18	47	18	30	28	33	4	38	1	36	45	26	17	
1	39	12	32	44	41	35	36	8	24	5	42	36	39	19	45	34	19	27	26	14	40	1	26	17	25	19	33	29	27	13	19	45	9	27	29	14	48	35	29	
19	15	18	44	46	29	48	26	28	18	12	39	7	33	11	13	22	37	45	30	35	1	32	2	29	14	39	4	36	16	17	27	10	41	20	42	25	25	6	20	
On machine	4
38	44	3	47	36	2	9	23	3	32	31	22	17	6	15	6	17	46	19	31	1	28	12	42	35	49	49	48	21	6	34	3	50	22	28	36	43	39	9	13	
45	10	6	17	9	35	2	15	21	3	1	12	6	22	31	1	18	23	21	34	36	48	39	3	42	37	27	46	9	27	35	33	31	23	41	37	45	25	9	33	
45	18	50	3	15	8	10	32	34	43	50	44	21	48	17	32	40	31	21	45	36	25	41	4	14	8	20	8	48	35	2	26	27	24	4	39	14	25	49	44	
17	6	24	47	19	44	32	14	7	17	37	1	8	46	3	42	1	47	39	34	7	14	23	30	38	3	4	2	42	49	28	45	31	23	9	16	4	15	23	8	
46	18	1	33	49	29	1	29	4	5	21	38	4	37	22	44	25	16	7	27	23	15	35	45	31	40	37	5	8	30	6	22	11	31	34	21	36	21	19	13	
33	49	3	4	17	2	17	30	18	11	27	30	17	12	36	13	22	31	13	1	13	48	41	25	26	9	31	48	48	9	39	26	8	5	45	20	31	30	15	38	
17	13	15	42	24	41	13	6	14	43	42	6	37	4	38	9	17	29	5	47	17	3	21	49	28	41	6	2	2	35	39	30	10	4	4	27	25	7	2	28	
37	12	3	36	37	23	14	25	48	10	38	44	47	4	19	39	50	15	23	20	36	3	2	34	18	5	19	31	11	23	43	32	22	17	20	43	22	2	16	45	
2	10	32	5	41	38	31	12	50	23	10	4	43	26	32	26	2	11	48	15	36	10	11	20	23	24	29	8	36	15	16	3	48	30	48	21	27	39	19	43	
42	6	8	38	4	8	35	2	10	9	41	23	44	29	1	9	10	13	47	27	45	23	19	18	42	40	7	38	47	42	38	6	38	25	22	17	34	38	10	34	
38	42	25	48	1	50	48	49	26	45	33	49	50	31	38	36	46	24	40	29	36	34	5	27	41	34	48	37	23	49	18	32	42	46	5	14	36	48	16	26	
33	31	23	36	41	34	15	8	1	1	27	20	42	31	48	12	40	26	16	12	7	32	49	19	7	28	49	14	21	37	29	50	27	49	34	33	40	49	3	15	
11	18	25	2	39	47	24	1	26	3	29	1	30	1	22	31	13	36	34	2	28	29	12	18	45	23	43	32	26	1	2	37	24	11	14	13	14	17	34	14	
42	41	36	48	21	7	14	42	34	46	19	18	50	34	26	28	7	14	4	43	13	41	37	20	47	36	45	41	33	35	8	38	3	6	50	45	29	31	17	20	
21	33	36	48	14	24	16	40	20	8	2	8	33	43	31	22	38	48	39	24	22	50	1	27	44	34	8	32	24	40	48	3	7	40	16	32	4	14	20	49	
28	48	14	33	25	36	14	7	24	37	30	47	32	5	1	14	16	42	28	16	26	27	40	23	16	40	50	35	22	37	4	13	45	19	48	43	12	24	17	15	
37	32	1	46	34	11	21	2	46	18	40	3	45	43	47	32	2	38	6	27	5	6	32	42	4	12	3	24	21	5	43	6	11	7	40	20	2	45	4	3	
26	39	15	14	40	29	10	13	46	10	33	23	11	21	22	8	43	42	10	48	47	46	42	35	17	10	20	4	28	48	50	3	18	6	6	3	45	49	24	12	
26	20	3	41	20	5	28	35	16	30	41	32	41	26	28	10	45	43	20	12	7	45	28	15	40	47	43	37	26	40	49	27	44	45	41	28	44	43	44	9	
18	43	16	32	4	11	40	1	5	32	32	7	23	26	29	32	43	46	1	37	38	33	5	21	36	15	24	14	34	38	44	22	27	15	50	30	9	7	47	12	
12	48	29	38	46	12	23	38	50	8	47	35	21	31	9	22	25	17	32	11	11	5	30	7	9	9	32	10	49	49	12	45	14	46	8	16	46	9	27	40	
21	2	47	31	18	45	4	8	38	16	32	32	17	31	47	18	49	8	1	19	2	23	24	4	15	14	29	34	14	3	33	48	18	46	44	22	29	40	45	39	
22	30	44	37	26	11	6	21	36	23	19	39	50	28	5	5	20	21	15	38	16	13	34	6	5	36	23	24	50	11	49	4	8	19	43	35	20	13	8	16	
46	35	15	34	11	16	15	48	6	49	31	35	46	24	9	38	1	45	50	30	20	21	44	47	17	2	36	34	30	46	1	37	7	3	42	33	6	15	1	50	
19	36	23	33	22	36	6	16	11	31	35	22	27	45	18	7	36	19	22	43	11	27	25	30	17	6	48	30	26	44	14	5	7	27	45	22	18	47	30	46	
28	13	33	25	48	45	24	22	8	21	13	50	18	45	21	43	26	34	44	19	33	44	34	44	6	41	18	42	41	8	16	18	25	16	27	33	31	10	41	13	
12	11	33	11	10	33	20	22	6	48	36	26	7	33	42	32	4	22	1	15	16	47	10	16	37	39	28	22	20	1	41	35	28	37	34	14	16	28	47	43	
15	50	7	9	50	15	5	11	26	3	3	9	42	29	18	13	47	5	25	14	38	19	11	39	10	39	10	29	19	43	24	3	45	2	17	40	13	23	41	25	
15	8	7	46	3	44	12	23	8	12	34	36	21	41	14	24	9	25	3	41	2	14	1	26	12	19	43	45	4	45	11	49	5	3	45	26	1	12	4	15	
27	29	1	40	13	34	42	12	3	49	32	50	22	50	40	20	30	12	14	11	17	42	38	43	28	43	25	18	9	33	2	6	48	2	17	31	39	37	48	16	
50	2	12	41	3	3	29	9	22	26	48	8	13	1	20	28	39	24	50	2	39	5	44	45	17	1	33	32	48	34	28	16	17	36	50	30	23	15	20	1	
25	38	32	6	27	13	38	12	44	34	33	29	17	33	26	25	18	49	13	9	10	46	11	11	17	6	16	30	45	33	41	49	17	6	3	39	11	49	12	16	
23	33	18	14	44	8	26	30	36	33	30	32	27	34	16	47	40	26	42	23	39	48	32	40	10	38	40	27	3	13	49	10	35	6	8	34	24	2	47	21	
10	42	21	49	41	35	9	19	25	6	23	37	7	5	29	30	35	44	3	36	12	40	24	48	33	11	2	34	42	2	8	7	16	25	50	30	44	44	49	21	
31	1	10	19	22	11	11	20	14	23	10	46	18	32	13	14	4	15	44	12	44	28	50	34	32	20	26	2	17	10	43	46	39	38	22	9	14	24	19	42	
17	38	28	23	19	6	17	26	1	24	5	9	4	18	11	43	42	39	36	14	11	44	23	18	31	39	2	36	27	46	24	48	19	36	48	16	17	30	20	33	
3	19	2	16	25	19	44	24	45	3	44	14	44	25	35	12	8	40	38	42	26	5	22	38	32	42	42	49	31	49	45	1	37	5	29	27	37	36	41	1	
48	40	13	29	6	30	1	18	12	32	48	16	18	48	23	24	20	20	41	3	4	48	45	11	18	43	10	47	32	15	45	15	42	49	43	19	41	19	5	25	
33	31	27	48	5	1	48	20	2	40	40	5	46	2	21	10	33	36	28	50	47	7	21	34	20	7	5	12	10	15	27	3	16	10	30	46	33	12	44	24	
16	17	43	29	7	12	31	8	20	12	12	6	29	38	17	31	47	29	40	32	13	13	41	24	11	16	11	11	12	35	6	29	33	1	35	3	1	16	29	3	
