Factories	3
Families	20
Machines	6
SetupType	1

Number of Jobs in each Family
7	2	1	8	5	3	10	8	10	1	5	1	4	8	6	1	5	3	4	5	

Jobs in each Family
0	1	2	3	4	5	6	
7	8	
9	
10	11	12	13	14	15	16	17	
18	19	20	21	22	
23	24	25	
26	27	28	29	30	31	32	33	34	35	
36	37	38	39	40	41	42	43	
44	45	46	47	48	49	50	51	52	53	
54	
55	56	57	58	59	
60	
61	62	63	64	
65	66	67	68	69	70	71	72	
73	74	75	76	77	78	
79	
80	81	82	83	84	
85	86	87	
88	89	90	91	
92	93	94	95	96	

Total number of jobs
97

Processing times of jobs
2	5	5	7	5	5	
3	3	4	6	9	4	
1	9	9	9	7	4	
4	2	5	1	9	10	
7	5	7	1	6	9	
3	9	1	1	1	6	
2	7	7	5	6	2	
10	4	8	1	9	3	
9	8	3	10	1	10	
1	3	1	4	7	8	
3	1	4	3	5	1	
1	7	6	1	10	2	
6	2	2	3	9	2	
4	3	4	4	7	10	
6	9	7	4	4	10	
1	2	10	2	10	5	
1	8	8	3	8	3	
1	8	7	5	5	10	
4	10	1	8	4	3	
2	8	4	2	1	4	
6	3	3	9	3	1	
7	6	6	10	8	8	
10	10	6	9	9	5	
10	1	2	10	6	5	
2	1	7	3	5	4	
10	5	2	5	7	5	
9	6	5	3	4	6	
1	9	9	8	3	5	
6	8	7	8	4	6	
3	2	3	3	10	7	
1	9	8	6	9	10	
9	9	8	8	6	5	
8	8	4	9	2	4	
10	3	2	1	5	10	
9	6	7	8	7	5	
5	7	9	1	10	9	
3	10	6	5	8	9	
8	7	9	4	10	4	
1	6	9	8	6	9	
10	6	1	6	8	10	
2	7	8	1	2	2	
8	1	8	6	4	7	
7	3	10	5	1	8	
5	5	1	6	4	5	
2	6	6	9	2	8	
8	1	7	5	8	9	
4	10	2	9	9	1	
9	9	10	4	1	4	
2	8	5	4	7	3	
9	4	6	9	2	2	
7	10	8	2	5	5	
8	6	6	3	3	1	
5	9	6	2	9	3	
1	10	5	8	3	2	
9	4	10	2	2	4	
2	7	3	6	2	4	
9	7	8	7	7	7	
7	2	5	7	3	8	
5	2	8	2	1	4	
7	1	2	9	9	6	
5	1	5	2	9	9	
10	8	9	9	10	8	
3	7	1	6	4	1	
9	1	7	6	5	6	
1	4	1	6	5	3	
6	5	2	10	9	2	
7	7	9	1	10	4	
2	9	9	3	3	8	
4	3	10	5	2	3	
10	1	9	8	5	10	
4	4	2	4	2	7	
10	3	2	6	7	2	
3	2	9	9	5	8	
3	10	7	9	4	3	
2	10	7	8	1	7	
2	6	3	10	4	7	
7	2	9	4	1	5	
10	9	8	10	3	2	
2	9	8	5	6	6	
8	9	7	9	3	2	
1	3	3	3	3	7	
8	9	5	1	10	4	
6	4	1	9	8	3	
2	7	9	4	6	2	
2	4	4	2	3	6	
4	8	5	10	10	4	
5	1	4	10	3	2	
7	6	1	7	7	5	
9	7	3	5	10	1	
9	5	6	10	9	10	
10	10	6	10	5	4	
7	6	10	2	3	8	
2	6	3	7	1	4	
8	2	4	4	8	3	
6	9	4	6	6	2	
1	4	8	8	6	5	
7	3	8	1	9	4	

Stepup times between Families, where [f][f] represents initial setup time
On machine	1
9	18	8	9	14	3	15	12	12	3	20	3	8	4	4	19	11	2	4	7	
2	19	18	4	13	16	1	16	10	2	12	5	2	5	16	7	4	5	15	7	
1	13	7	13	18	17	18	17	20	11	20	5	9	10	3	11	4	10	1	12	
6	18	7	12	5	14	17	8	6	15	18	20	14	1	1	6	3	5	16	18	
4	8	16	20	4	18	18	19	6	10	16	15	12	4	7	1	4	16	11	2	
8	19	19	17	13	7	3	17	5	20	11	14	10	12	2	10	6	2	15	16	
18	19	15	8	8	5	3	5	9	9	7	3	13	14	19	11	8	14	4	2	
8	9	10	9	20	12	14	17	9	7	3	17	11	18	9	15	14	16	11	9	
5	17	12	9	3	11	12	7	20	7	5	13	10	1	18	7	8	7	14	20	
11	17	16	5	8	18	14	12	10	18	4	20	16	17	14	19	4	7	12	15	
1	5	1	14	5	3	18	4	4	14	20	3	5	15	13	5	14	8	10	11	
15	3	9	9	17	5	2	9	13	13	11	13	2	17	8	5	15	12	10	8	
18	20	7	2	11	14	15	14	5	8	14	8	10	2	6	10	2	12	7	2	
10	3	19	12	16	6	6	18	10	11	2	7	15	10	8	8	1	5	4	12	
5	5	13	7	7	16	16	10	5	11	13	12	14	5	10	16	8	17	16	9	
3	17	3	6	6	12	2	3	11	9	15	3	18	20	4	9	6	4	14	12	
11	5	20	10	3	4	11	8	8	17	9	14	1	5	4	11	5	13	9	14	
8	5	8	8	19	12	14	8	18	3	12	18	20	3	13	16	7	4	3	10	
8	8	6	2	14	4	9	11	14	13	5	6	9	14	4	1	17	2	3	13	
5	20	6	15	12	9	11	7	7	8	9	17	14	7	13	19	12	18	19	7	
On machine	2
18	10	15	5	6	20	6	16	16	9	11	1	1	4	1	7	6	18	3	13	
11	17	13	13	9	4	20	19	8	18	9	13	9	6	10	8	3	2	14	7	
12	2	3	18	7	6	16	14	7	18	3	7	19	14	15	14	16	3	19	4	
18	13	15	19	3	1	11	19	12	4	17	4	13	8	2	18	15	3	20	20	
16	18	9	13	6	8	16	13	20	15	4	8	10	10	2	4	3	4	16	19	
20	15	6	17	14	13	16	11	8	19	11	6	14	14	9	16	18	11	11	16	
17	9	1	5	11	2	9	11	14	2	19	2	20	15	17	4	5	14	17	15	
12	17	20	14	4	9	13	2	17	18	17	4	10	13	14	5	11	20	16	10	
5	4	4	9	16	20	11	20	4	13	2	1	17	6	12	13	1	20	7	1	
20	9	20	13	5	10	9	15	8	5	20	12	14	6	13	1	16	8	14	17	
4	6	3	9	8	17	5	20	4	19	3	11	11	10	18	8	20	20	20	3	
11	1	16	17	1	15	12	5	4	6	5	15	8	4	2	14	1	11	6	9	
18	9	3	14	17	18	15	3	16	16	18	5	20	11	4	9	4	20	13	20	
3	8	9	14	14	20	1	10	20	15	11	10	7	18	5	5	12	16	5	16	
13	2	12	13	2	8	16	12	5	20	6	8	3	18	4	18	20	2	7	16	
8	10	17	5	15	3	17	15	14	17	14	9	7	17	9	11	3	15	9	10	
14	16	13	4	18	1	5	15	15	13	5	8	3	12	7	12	6	8	13	14	
20	16	2	20	6	10	9	7	17	5	10	15	5	7	9	8	17	9	17	9	
11	1	9	19	19	4	17	9	7	4	7	17	14	15	19	16	5	16	12	17	
9	17	20	3	18	6	7	8	4	13	6	20	4	3	10	15	1	2	11	18	
On machine	3
7	20	14	4	15	2	3	4	1	8	3	13	19	8	5	7	19	5	6	12	
18	2	14	9	6	15	5	5	16	3	14	18	18	19	19	15	1	10	5	18	
14	14	1	15	7	2	19	5	7	19	18	20	17	20	5	14	8	16	4	17	
10	7	6	13	12	10	4	6	18	19	14	9	12	1	10	16	4	14	14	6	
1	17	3	20	7	2	5	12	11	19	2	4	1	18	13	19	5	16	12	5	
7	4	13	9	11	17	19	10	15	8	20	15	14	6	14	16	9	4	4	4	
3	12	7	8	7	6	5	20	4	3	16	4	4	6	6	18	14	19	3	3	
8	13	3	14	2	3	6	12	11	19	2	8	20	2	4	11	2	2	1	4	
15	12	18	16	17	8	13	16	14	3	6	5	11	5	3	9	20	19	4	4	
8	7	17	2	2	5	8	3	6	16	10	3	4	5	17	11	17	7	15	19	
8	20	1	10	4	3	18	15	10	15	10	17	6	7	15	5	8	10	7	18	
17	4	14	5	12	6	17	18	14	7	19	11	17	7	15	12	19	16	2	3	
10	7	6	9	19	20	16	16	16	13	14	6	2	16	15	14	11	2	19	10	
6	11	6	9	20	16	20	13	11	12	3	11	9	14	20	14	8	9	14	1	
4	17	20	17	20	9	9	15	12	6	6	9	2	11	2	11	20	6	9	8	
13	14	19	10	11	20	18	10	5	19	15	3	17	15	13	6	12	6	18	2	
20	9	6	13	6	13	13	6	12	9	5	9	9	10	12	20	4	2	2	11	
17	9	10	6	18	10	13	1	14	12	20	13	20	8	20	5	13	2	11	7	
5	14	20	16	15	1	17	5	8	16	16	3	18	20	8	18	9	15	5	2	
18	14	19	6	2	11	11	16	1	1	10	16	11	13	2	13	15	15	11	5	
On machine	4
18	2	10	20	18	12	4	7	8	9	8	13	3	2	5	3	2	9	15	12	
4	7	12	19	2	17	8	16	12	19	16	4	11	14	18	13	10	12	6	5	
4	13	7	2	10	8	20	14	6	15	1	16	19	11	1	19	9	11	13	1	
15	10	15	2	15	15	19	18	2	17	6	12	17	15	17	1	7	5	12	13	
5	12	19	12	6	7	15	15	14	14	18	16	16	3	1	15	6	3	6	19	
10	14	13	13	7	14	18	10	10	9	19	7	18	1	16	4	4	3	20	17	
11	7	14	1	3	11	8	20	12	10	6	16	14	20	6	10	2	7	18	13	
15	3	3	7	6	9	17	4	11	12	3	16	9	18	9	16	4	2	3	19	
20	13	11	5	5	18	13	12	5	9	6	15	6	4	7	19	17	1	12	4	
17	10	5	12	8	6	19	6	2	3	14	5	20	12	5	10	20	13	15	8	
17	5	17	18	2	7	16	6	6	20	8	12	15	8	17	1	3	7	17	13	
7	10	18	11	10	2	5	11	19	17	7	16	19	10	19	4	20	13	1	4	
11	15	13	8	9	11	15	7	16	18	14	15	13	13	2	3	7	20	2	4	
6	1	5	18	8	17	17	19	8	2	18	13	14	14	4	12	3	18	7	18	
5	15	10	6	1	1	2	19	2	2	5	2	9	17	2	4	3	10	6	9	
10	13	19	18	8	12	16	1	8	2	6	2	7	10	2	20	6	13	3	2	
5	19	20	3	15	14	5	12	19	16	6	20	2	14	5	5	5	10	18	9	
14	11	7	19	6	9	5	15	18	6	4	19	14	7	17	4	5	12	14	17	
15	19	6	10	11	2	19	11	17	15	20	2	19	12	15	2	10	3	19	13	
15	19	5	20	10	15	8	10	19	18	18	15	16	9	1	2	7	9	2	8	
On machine	5
7	20	8	18	4	13	8	13	18	6	8	17	6	18	10	12	5	11	11	15	
17	9	4	5	14	11	7	15	20	2	12	13	17	12	2	11	1	3	12	5	
12	2	9	7	19	15	8	19	15	6	8	9	19	13	20	9	5	8	17	15	
15	14	15	8	1	8	8	7	17	6	3	19	14	8	18	3	6	20	10	13	
16	17	7	3	4	5	18	10	16	10	17	17	19	1	7	11	12	16	4	12	
6	17	15	9	13	20	17	16	3	10	5	10	7	19	18	4	10	17	15	8	
8	9	18	17	14	13	14	4	18	19	1	9	6	1	2	5	20	5	20	9	
13	11	20	2	1	1	15	10	19	2	6	4	10	14	5	11	6	17	10	5	
6	14	4	18	14	10	8	9	1	20	6	11	5	3	3	1	6	18	1	4	
20	8	12	8	4	5	12	15	20	7	19	20	18	12	16	10	14	15	7	15	
14	12	11	3	12	10	14	15	10	19	1	10	9	10	15	13	2	9	18	14	
4	8	11	3	4	18	9	19	5	16	13	14	5	6	12	13	11	7	10	5	
13	4	2	16	5	1	2	7	14	2	3	14	2	15	12	13	1	3	8	16	
17	18	13	2	4	14	12	5	17	2	6	1	6	20	8	2	14	13	14	3	
14	6	16	8	2	13	9	14	5	8	11	13	12	5	16	19	3	11	20	12	
9	8	2	8	15	8	19	8	14	1	17	3	16	6	8	5	7	1	15	2	
12	20	20	3	3	8	17	13	20	9	6	16	10	17	19	15	14	11	16	18	
6	5	10	1	18	5	15	19	10	12	1	1	5	4	7	20	18	4	20	4	
5	18	4	2	1	16	4	5	4	10	14	4	14	10	5	15	5	1	14	3	
15	17	19	19	18	4	15	5	13	16	5	12	16	19	2	11	18	2	13	9	
On machine	6
20	16	2	3	9	4	19	11	16	10	16	14	10	13	9	16	17	7	16	14	
19	5	1	13	3	3	18	10	9	6	7	5	16	6	6	9	13	10	19	19	
5	1	5	7	3	20	4	12	19	10	14	16	14	3	15	11	3	15	6	10	
1	13	13	15	10	19	12	3	20	13	13	1	2	6	6	13	1	5	19	3	
15	8	10	17	20	1	12	2	19	6	10	13	7	2	3	13	3	12	16	6	
15	16	17	8	12	12	10	2	5	17	10	10	7	6	7	7	14	15	2	19	
1	10	8	2	20	18	18	6	15	13	16	17	14	20	8	4	15	20	5	17	
3	7	2	7	9	15	13	12	8	14	8	4	7	11	10	13	14	9	9	18	
6	5	14	19	20	8	1	17	19	5	20	10	15	12	2	16	14	20	1	18	
13	2	7	15	2	10	19	5	13	6	4	17	8	5	2	10	3	9	13	11	
3	8	10	5	1	7	2	11	6	13	18	4	11	6	13	10	14	15	16	12	
3	13	7	3	12	4	10	13	5	3	15	14	5	9	15	2	9	13	7	18	
9	1	8	17	8	7	20	19	7	1	4	17	6	4	19	16	7	15	4	19	
15	17	15	10	15	19	19	17	10	14	4	3	7	16	11	3	1	1	3	12	
1	17	19	13	4	8	15	20	1	2	3	14	17	20	13	19	10	6	19	10	
13	9	1	12	15	16	8	1	10	15	15	11	7	11	13	18	15	16	12	12	
10	12	16	1	3	19	2	13	14	19	10	13	2	6	3	20	7	18	6	15	
6	5	18	3	2	13	19	1	20	2	4	2	2	17	6	12	5	7	1	1	
14	14	9	18	5	11	1	15	9	1	6	13	15	16	16	20	6	10	20	18	
2	6	9	19	4	14	1	11	2	11	14	13	12	6	14	2	17	13	7	12	
