Factories	3
Families	20
Machines	6
SetupType	1

Number of Jobs in each Family
10	4	9	2	5	6	6	2	7	1	2	1	7	1	9	5	4	7	3	3	

Jobs in each Family
0	1	2	3	4	5	6	7	8	9	
10	11	12	13	
14	15	16	17	18	19	20	21	22	
23	24	
25	26	27	28	29	
30	31	32	33	34	35	
36	37	38	39	40	41	
42	43	
44	45	46	47	48	49	50	
51	
52	53	
54	
55	56	57	58	59	60	61	
62	
63	64	65	66	67	68	69	70	71	
72	73	74	75	76	
77	78	79	80	
81	82	83	84	85	86	87	
88	89	90	
91	92	93	

Total number of jobs
94

Processing times of jobs
3	9	2	9	3	5	
4	8	5	2	5	1	
2	10	3	5	7	3	
6	6	3	6	1	8	
8	1	5	9	8	2	
1	4	3	9	7	6	
8	2	2	9	10	8	
4	8	3	9	3	2	
6	8	9	10	2	9	
8	10	7	6	2	10	
2	6	2	8	1	5	
9	10	7	8	9	9	
5	7	8	7	9	6	
3	7	1	9	2	3	
4	6	5	2	5	3	
4	7	8	1	3	3	
2	5	7	8	9	1	
8	8	10	10	5	10	
4	3	7	1	5	2	
5	2	4	9	4	7	
7	9	10	3	1	7	
2	8	9	3	9	9	
5	3	3	1	1	8	
1	8	10	2	8	7	
8	6	6	4	2	6	
1	10	1	4	6	3	
4	8	1	3	4	6	
7	4	8	4	6	6	
4	1	3	3	3	5	
9	2	2	1	5	9	
3	5	6	2	8	10	
2	6	2	8	3	3	
4	4	6	6	3	10	
6	6	5	7	10	2	
3	10	10	9	6	8	
7	6	4	6	6	9	
2	4	2	10	2	3	
8	5	7	4	8	3	
10	4	3	4	2	9	
10	4	2	2	9	2	
1	4	7	2	9	7	
4	2	7	7	9	2	
10	1	10	4	8	1	
9	4	1	4	5	4	
6	2	1	5	3	1	
5	10	5	9	9	8	
6	5	3	9	4	9	
9	1	6	1	3	7	
6	9	4	5	1	3	
5	5	8	10	4	2	
7	2	2	9	7	7	
1	9	6	8	5	4	
5	9	10	8	9	1	
4	1	5	8	9	5	
7	2	1	7	5	10	
5	9	1	3	8	5	
6	6	5	3	4	6	
4	8	2	5	3	4	
4	6	4	5	10	1	
9	8	9	9	7	3	
5	6	6	1	7	1	
5	1	8	6	9	5	
5	5	5	4	5	9	
7	4	3	1	3	5	
10	9	8	9	4	10	
10	1	1	8	5	10	
7	6	2	6	10	10	
6	7	2	3	10	10	
5	1	2	1	1	8	
5	6	3	8	6	3	
1	7	5	8	1	4	
3	1	6	10	4	4	
3	7	7	4	3	10	
5	1	3	5	10	9	
5	7	4	4	6	7	
6	4	4	6	4	9	
2	8	10	5	1	4	
1	1	5	7	4	10	
6	2	1	9	3	5	
8	5	1	5	7	3	
3	6	8	9	4	7	
9	3	5	2	6	9	
5	4	7	8	8	1	
7	4	10	5	7	9	
10	7	10	2	10	10	
5	4	7	3	7	4	
6	8	10	3	8	10	
3	6	3	3	2	5	
5	1	3	9	2	2	
7	3	9	1	4	5	
7	5	8	8	7	2	
1	6	2	10	3	5	
2	1	1	4	9	1	
1	9	1	9	10	10	

Stepup times between Families, where [f][f] represents initial setup time
On machine	1
18	1	15	18	18	15	16	19	8	6	16	19	7	19	8	5	1	13	8	8	
9	19	15	10	13	17	6	10	7	5	2	12	17	17	9	11	14	20	1	3	
17	14	11	11	20	16	15	12	17	15	1	10	8	15	12	10	18	19	13	2	
12	4	14	9	14	7	3	6	5	10	8	10	7	17	4	11	10	1	2	20	
13	6	15	6	6	2	7	14	11	1	11	4	2	14	18	6	14	13	14	2	
16	7	5	11	5	3	5	11	6	18	17	16	2	18	5	12	15	18	4	19	
16	17	19	19	5	16	17	4	19	5	9	7	10	9	8	15	8	20	8	2	
3	12	19	9	10	7	12	3	8	13	3	8	6	1	19	13	2	2	9	14	
11	2	6	10	7	2	17	10	10	1	2	4	10	13	18	18	4	5	16	20	
4	6	7	7	3	20	17	6	12	17	4	20	5	15	11	11	20	5	7	3	
6	16	14	11	5	3	12	13	20	1	16	11	11	8	14	20	18	2	6	3	
15	15	11	8	10	6	1	9	20	9	19	11	5	2	2	1	18	8	2	11	
11	1	2	19	18	17	2	8	16	18	6	4	16	10	10	16	9	10	16	5	
15	16	1	1	13	11	4	18	5	6	20	6	4	6	8	12	12	16	20	2	
19	18	17	12	10	4	1	20	10	11	4	14	13	17	5	6	9	4	17	15	
4	3	13	18	19	17	11	15	17	1	8	4	14	17	19	12	9	7	7	5	
17	17	12	13	11	12	7	9	5	7	1	15	1	9	7	18	1	16	3	20	
13	20	13	15	6	7	15	15	2	18	17	15	15	8	10	9	8	5	11	15	
6	2	8	8	11	19	16	3	5	1	8	2	5	17	1	9	18	16	14	10	
8	9	3	17	19	12	8	7	9	4	12	16	15	20	10	11	3	9	9	13	
On machine	2
11	15	6	2	20	8	6	10	2	1	12	20	7	15	17	15	2	1	3	19	
9	17	3	19	4	4	14	14	8	18	2	2	8	5	8	19	7	9	13	14	
14	12	9	14	7	14	11	11	15	20	7	20	4	20	16	8	5	12	14	17	
10	12	10	1	3	13	19	6	17	16	10	4	15	18	9	4	9	13	9	6	
14	3	19	11	10	14	11	12	15	7	4	16	10	18	7	20	20	18	11	11	
10	13	12	4	4	3	11	17	8	20	18	7	19	15	13	3	20	13	19	7	
2	9	12	13	10	12	3	16	4	12	8	9	18	9	17	7	5	20	4	2	
5	20	7	16	11	9	15	5	9	10	2	13	4	6	4	7	12	3	11	20	
13	19	10	12	18	2	19	17	19	7	17	14	19	7	16	9	13	19	18	20	
9	10	14	12	7	2	15	20	16	1	7	17	6	3	4	14	1	14	19	1	
13	6	15	2	6	10	1	3	1	19	14	1	13	15	4	3	6	17	20	16	
13	19	3	6	20	16	3	20	3	7	1	12	19	19	13	17	14	5	2	14	
20	19	14	20	4	19	8	20	14	7	8	17	3	1	2	8	17	10	12	5	
5	7	5	17	18	16	6	20	12	17	6	9	9	9	20	20	14	4	5	3	
9	8	15	4	10	20	10	14	20	1	4	10	10	16	18	13	13	12	17	15	
15	16	18	17	4	20	6	9	20	16	13	10	17	16	1	16	19	6	1	9	
17	5	18	2	10	4	10	19	8	11	11	1	15	19	2	5	1	19	1	9	
1	6	14	18	18	4	9	14	5	5	20	5	9	11	5	19	5	18	19	12	
8	8	16	6	5	3	2	2	17	20	1	5	9	6	9	10	10	18	1	5	
16	7	3	17	15	9	12	13	16	10	14	16	19	13	16	3	4	7	6	16	
On machine	3
12	18	10	20	16	19	18	15	8	11	3	7	1	6	5	18	3	9	4	13	
7	12	15	14	20	17	15	8	16	14	18	18	12	9	19	16	15	19	9	12	
17	20	16	8	3	1	12	7	2	17	1	7	12	4	9	10	4	16	12	4	
10	6	13	4	11	5	14	1	2	17	13	7	6	8	8	9	18	19	18	5	
11	11	15	6	13	6	2	6	17	18	4	12	13	18	20	19	16	2	17	8	
11	17	12	20	20	2	18	10	6	18	4	15	14	5	17	3	9	10	8	15	
18	20	7	8	1	10	3	3	15	5	13	13	8	4	20	4	11	20	4	2	
16	1	14	10	8	1	1	5	16	16	20	8	7	8	17	7	6	10	10	19	
5	16	10	7	12	12	6	7	5	13	20	18	8	12	15	2	12	2	5	9	
3	4	10	11	17	15	14	13	9	14	20	8	9	20	19	14	3	18	6	12	
16	12	11	17	12	19	17	18	10	4	18	7	1	6	18	4	7	13	13	3	
1	6	19	17	20	13	10	4	10	6	3	20	3	19	13	4	14	14	6	11	
7	15	8	2	11	3	7	8	6	7	15	5	15	10	5	7	12	16	13	6	
12	5	7	14	7	13	14	19	13	13	7	16	18	11	2	6	19	1	18	15	
4	11	8	6	17	2	7	6	7	3	1	11	17	17	4	7	11	6	5	17	
17	20	4	10	15	8	2	13	3	14	4	12	7	15	20	3	18	6	13	9	
17	12	14	17	14	8	3	19	11	6	7	18	11	4	13	12	14	2	2	20	
19	20	6	8	7	13	11	7	11	18	10	12	4	18	11	20	18	20	20	9	
11	5	4	11	2	11	13	15	8	1	7	18	17	9	7	10	10	19	1	19	
18	11	12	1	18	4	10	9	9	15	2	13	16	4	16	20	19	14	14	6	
On machine	4
8	17	1	4	7	11	14	7	10	12	5	7	10	19	13	1	10	8	9	16	
8	7	19	12	5	1	7	20	12	2	14	6	14	10	20	17	9	8	14	6	
6	8	20	14	7	8	6	3	13	5	13	8	18	2	1	2	7	5	9	16	
7	9	6	11	3	5	19	15	13	15	16	12	15	11	2	1	14	20	3	9	
2	7	2	6	7	19	13	6	20	9	17	4	12	13	18	8	2	4	12	18	
17	16	12	5	20	4	3	11	14	9	20	3	17	18	4	17	4	10	19	13	
6	11	20	11	17	17	9	10	12	16	9	7	12	19	18	12	17	1	14	20	
19	1	20	2	11	10	19	18	12	3	15	3	17	9	14	1	4	20	5	8	
3	6	11	10	3	20	6	2	10	17	17	10	10	10	12	6	14	7	10	5	
3	2	20	10	7	5	15	15	12	12	12	19	5	9	9	6	1	3	3	14	
4	5	2	15	1	7	13	14	1	1	14	1	1	19	19	5	10	1	15	13	
6	4	15	10	13	8	17	12	18	4	14	1	18	7	2	3	3	16	8	14	
5	16	15	10	3	10	9	2	10	7	9	2	1	8	14	2	4	13	13	20	
6	3	3	2	1	8	9	11	13	5	12	12	12	20	17	17	12	19	12	18	
5	13	2	11	17	20	13	7	17	3	7	20	18	8	10	10	12	4	7	3	
5	10	20	13	17	13	7	2	9	6	16	12	5	2	18	15	6	12	11	12	
12	17	13	3	9	19	19	8	11	20	7	10	18	11	19	12	12	12	7	8	
8	20	19	5	13	14	17	3	5	16	5	10	10	1	11	15	15	13	5	10	
2	18	14	20	17	8	6	3	14	19	7	4	3	3	15	20	6	17	19	15	
9	8	15	16	10	14	19	13	1	20	18	17	14	15	8	11	16	1	13	18	
On machine	5
10	20	8	9	2	4	13	6	11	3	3	2	11	12	5	11	12	16	15	4	
6	9	12	19	18	8	17	16	10	10	12	18	4	13	2	20	7	4	1	10	
20	4	7	8	14	4	11	14	20	11	13	4	2	5	8	8	14	16	13	2	
4	16	11	7	1	12	1	9	4	2	15	13	17	8	17	14	14	5	5	2	
11	8	15	15	6	19	1	19	11	6	11	3	20	5	1	12	20	20	16	7	
5	9	15	19	11	7	6	16	7	5	10	6	4	9	6	3	1	10	1	5	
15	16	5	3	1	18	15	14	17	4	20	3	4	3	16	11	1	9	18	5	
10	14	15	11	20	3	1	8	19	12	14	10	9	13	1	11	11	4	14	8	
1	10	17	8	11	15	20	2	19	7	16	10	6	6	20	13	5	2	18	15	
13	8	1	1	6	5	4	3	11	5	15	15	2	9	19	19	9	4	13	11	
2	15	9	3	11	15	13	19	13	7	19	19	18	14	2	2	4	15	2	14	
12	15	1	18	7	1	6	15	11	8	8	19	17	11	18	14	6	19	9	2	
12	8	1	18	2	13	5	18	14	9	6	9	6	17	3	14	9	6	18	13	
16	18	20	1	8	5	9	6	6	16	6	9	16	7	4	1	9	19	10	13	
5	6	18	11	13	6	8	19	10	12	2	20	4	6	3	10	4	7	10	13	
3	5	6	13	19	2	8	14	12	7	16	10	16	7	20	13	2	4	13	12	
13	11	19	5	7	4	15	10	8	7	3	8	1	18	18	17	13	3	17	9	
18	14	5	18	3	18	1	18	5	10	14	18	11	19	17	20	10	16	17	8	
4	11	6	14	17	6	10	14	16	13	10	14	4	18	7	8	18	16	9	3	
8	20	19	8	2	16	8	12	16	3	9	8	9	2	1	8	18	15	18	16	
On machine	6
6	7	12	12	9	16	2	9	6	5	19	20	9	2	15	3	8	15	20	6	
2	7	7	4	14	8	6	17	1	20	9	18	6	11	7	19	1	12	4	13	
2	6	13	8	19	16	20	10	5	2	4	9	6	1	15	1	3	16	14	14	
5	17	20	5	13	12	15	8	12	19	12	15	6	1	5	16	3	2	20	2	
3	2	1	6	10	5	20	18	9	16	20	18	2	11	11	12	2	18	12	11	
3	11	17	11	11	19	16	7	15	4	16	7	8	20	3	4	2	12	19	9	
14	11	14	10	12	4	10	16	13	1	9	7	9	1	4	19	20	17	14	10	
17	2	4	16	20	3	10	12	5	16	12	14	9	9	10	6	8	13	5	4	
14	1	3	9	14	2	5	12	13	10	19	8	13	17	3	9	1	18	14	13	
2	15	15	2	7	3	13	5	5	10	16	13	6	2	6	4	19	9	4	5	
3	1	10	10	6	19	15	12	13	15	18	13	8	12	4	9	14	19	15	20	
15	4	10	6	12	1	6	5	7	13	20	19	9	20	5	4	4	1	18	14	
4	13	12	17	16	18	10	6	5	2	20	18	7	5	8	16	13	12	15	3	
2	16	11	1	19	14	18	13	15	4	1	14	8	7	2	15	20	15	2	10	
16	16	7	4	8	19	2	7	3	16	8	19	1	5	7	5	2	3	14	9	
8	6	16	2	11	19	9	11	16	2	9	12	8	18	2	1	14	20	12	10	
20	10	3	17	6	11	5	7	20	6	1	13	6	13	11	6	20	4	16	4	
10	15	16	13	8	2	7	10	6	2	5	14	16	16	14	4	20	4	9	4	
12	1	2	5	1	8	17	11	12	2	9	19	12	10	18	20	16	10	15	15	
7	16	15	2	9	20	18	8	20	19	2	4	19	15	15	20	1	18	7	13	
