Factories	3
Families	60
Machines	2
SetupType	2

Number of Jobs in each Family
2	5	9	10	10	9	6	4	7	1	5	6	3	6	6	6	8	6	8	8	9	5	7	1	6	7	9	8	7	10	6	4	9	6	4	5	3	8	7	5	6	5	8	2	3	4	9	9	9	6	7	6	1	9	5	7	6	2	6	6	

Jobs in each Family
0	1	
2	3	4	5	6	
7	8	9	10	11	12	13	14	15	
16	17	18	19	20	21	22	23	24	25	
26	27	28	29	30	31	32	33	34	35	
36	37	38	39	40	41	42	43	44	
45	46	47	48	49	50	
51	52	53	54	
55	56	57	58	59	60	61	
62	
63	64	65	66	67	
68	69	70	71	72	73	
74	75	76	
77	78	79	80	81	82	
83	84	85	86	87	88	
89	90	91	92	93	94	
95	96	97	98	99	100	101	102	
103	104	105	106	107	108	
109	110	111	112	113	114	115	116	
117	118	119	120	121	122	123	124	
125	126	127	128	129	130	131	132	133	
134	135	136	137	138	
139	140	141	142	143	144	145	
146	
147	148	149	150	151	152	
153	154	155	156	157	158	159	
160	161	162	163	164	165	166	167	168	
169	170	171	172	173	174	175	176	
177	178	179	180	181	182	183	
184	185	186	187	188	189	190	191	192	193	
194	195	196	197	198	199	
200	201	202	203	
204	205	206	207	208	209	210	211	212	
213	214	215	216	217	218	
219	220	221	222	
223	224	225	226	227	
228	229	230	
231	232	233	234	235	236	237	238	
239	240	241	242	243	244	245	
246	247	248	249	250	
251	252	253	254	255	256	
257	258	259	260	261	
262	263	264	265	266	267	268	269	
270	271	
272	273	274	
275	276	277	278	
279	280	281	282	283	284	285	286	287	
288	289	290	291	292	293	294	295	296	
297	298	299	300	301	302	303	304	305	
306	307	308	309	310	311	
312	313	314	315	316	317	318	
319	320	321	322	323	324	
325	
326	327	328	329	330	331	332	333	334	
335	336	337	338	339	
340	341	342	343	344	345	346	
347	348	349	350	351	352	
353	354	
355	356	357	358	359	360	
361	362	363	364	365	366	

Total number of jobs
367

Processing times of jobs
2	6	
2	9	
1	10	
7	3	
1	5	
4	10	
3	3	
7	3	
7	7	
10	6	
2	2	
6	5	
1	1	
8	2	
9	10	
7	1	
9	1	
5	5	
4	10	
9	10	
7	6	
8	9	
8	2	
4	7	
10	4	
9	3	
2	8	
4	8	
5	3	
5	10	
6	6	
9	4	
7	8	
8	4	
8	7	
5	9	
7	7	
10	6	
7	3	
1	10	
10	10	
4	3	
8	1	
7	5	
7	2	
2	1	
8	8	
2	2	
2	7	
10	8	
3	2	
1	4	
3	10	
10	3	
1	6	
2	2	
7	8	
10	3	
4	1	
9	10	
1	10	
5	5	
6	3	
5	1	
2	8	
6	1	
2	9	
10	1	
4	10	
3	6	
6	2	
4	8	
5	3	
2	2	
6	4	
3	5	
2	10	
9	10	
1	8	
7	10	
8	1	
2	5	
10	3	
5	10	
10	6	
6	3	
3	2	
2	4	
4	10	
8	7	
2	1	
6	2	
5	3	
3	2	
7	3	
10	7	
2	9	
2	4	
5	8	
9	9	
1	1	
7	10	
4	1	
3	8	
7	6	
2	8	
8	3	
7	3	
9	10	
6	5	
6	1	
10	3	
6	1	
5	8	
7	9	
2	10	
8	5	
1	2	
5	2	
7	7	
3	7	
7	2	
3	8	
2	4	
5	8	
2	4	
10	8	
8	10	
3	2	
10	3	
3	4	
6	8	
3	5	
3	2	
9	8	
3	7	
8	10	
1	10	
5	8	
2	2	
4	1	
9	5	
10	5	
1	6	
5	9	
4	8	
9	8	
4	7	
7	2	
7	4	
4	6	
9	8	
2	8	
2	4	
10	10	
8	9	
9	2	
9	9	
4	10	
8	9	
4	2	
9	7	
1	8	
5	8	
1	3	
10	3	
3	9	
1	2	
10	2	
6	1	
10	2	
8	2	
9	10	
8	5	
10	10	
10	4	
7	5	
9	2	
2	6	
7	6	
10	1	
10	1	
8	6	
3	6	
6	7	
6	3	
10	5	
1	8	
9	6	
6	7	
5	8	
1	5	
4	1	
2	5	
4	7	
7	5	
2	4	
8	4	
7	5	
6	6	
2	4	
1	8	
2	2	
7	1	
9	2	
9	7	
10	3	
9	6	
8	2	
4	6	
9	1	
4	9	
4	7	
1	2	
5	9	
6	2	
1	2	
3	5	
2	2	
5	3	
7	8	
1	10	
7	8	
5	6	
7	3	
3	2	
8	3	
2	8	
5	10	
3	4	
2	1	
1	7	
1	2	
8	4	
3	2	
6	3	
8	10	
10	3	
2	7	
2	1	
3	7	
4	8	
2	9	
10	8	
1	8	
7	6	
2	10	
6	7	
4	1	
10	4	
2	1	
4	2	
4	2	
8	6	
4	9	
2	3	
1	1	
2	10	
7	4	
1	2	
6	3	
1	7	
7	5	
4	10	
7	9	
10	1	
3	2	
9	6	
3	5	
9	6	
9	7	
10	10	
7	2	
10	9	
3	1	
3	8	
1	4	
6	10	
10	5	
3	6	
1	9	
8	2	
4	7	
2	10	
2	3	
9	7	
3	2	
3	10	
5	7	
2	5	
6	1	
6	6	
4	4	
7	5	
6	5	
2	7	
6	2	
4	9	
8	5	
6	10	
2	9	
1	1	
10	4	
7	5	
2	9	
5	10	
8	9	
3	3	
7	7	
8	6	
5	7	
6	6	
6	7	
3	10	
3	10	
8	4	
3	7	
4	2	
9	9	
7	3	
4	6	
7	6	
2	2	
7	3	
5	4	
10	9	
5	10	
9	8	
9	1	
8	7	
3	8	
5	4	
6	9	
6	8	
1	9	
5	9	
7	9	
2	1	
3	3	
7	2	
5	1	
4	10	
6	4	
3	9	
9	5	
1	2	
10	10	
1	10	
8	6	
4	3	
10	4	
4	5	
8	9	
6	1	
7	8	
6	10	
2	5	
4	7	
7	9	
7	6	
5	4	
8	4	
5	5	
10	4	
4	1	
9	1	
10	5	

Stepup times between Families, where [f][f] represents initial setup time
On machine	1
7	21	44	1	16	14	8	20	34	4	10	28	47	12	41	10	6	49	42	28	12	38	11	35	39	14	40	20	27	9	49	44	6	31	33	12	32	9	30	10	21	44	25	37	16	26	24	46	37	8	10	24	11	12	2	16	19	12	3	33	
41	21	24	48	48	47	29	43	30	30	28	37	4	28	27	25	1	21	50	31	49	37	23	5	43	3	48	29	25	21	49	9	13	48	25	5	40	17	46	25	13	27	41	36	36	19	30	21	40	3	7	43	28	26	4	38	16	7	7	2	
41	45	14	14	6	11	38	23	36	5	36	32	4	38	33	32	31	47	3	10	2	46	18	21	46	28	17	50	29	16	8	8	15	40	29	21	43	14	24	47	19	41	1	23	11	27	50	44	50	8	20	1	16	2	13	23	14	13	24	6	
27	22	50	24	21	42	26	9	24	15	10	2	30	17	1	34	33	50	10	42	30	28	21	13	21	45	36	48	23	2	42	13	32	49	3	35	41	3	39	31	48	15	30	32	43	46	12	28	47	31	48	9	5	3	16	36	38	41	38	39	
26	46	43	16	11	22	23	2	25	41	39	18	20	47	18	39	7	18	48	21	11	27	5	31	2	24	38	35	11	10	40	43	1	45	33	6	9	27	16	40	13	8	34	3	26	1	47	18	32	29	43	37	10	23	26	6	42	16	21	49	
14	37	16	15	26	14	23	9	34	3	27	8	25	1	2	47	14	6	7	19	43	47	50	24	20	11	38	1	43	19	33	41	38	36	40	36	37	20	24	44	35	39	22	2	9	2	40	32	27	14	42	33	5	50	40	7	20	8	42	45	
2	40	19	48	26	7	43	41	14	44	38	4	28	17	35	45	24	41	32	33	50	37	36	27	48	25	25	14	41	50	25	35	24	49	2	13	6	46	23	10	1	47	33	6	38	41	35	18	9	32	13	13	32	41	36	22	45	7	1	15	
31	5	6	48	43	18	14	7	15	35	50	42	3	9	33	41	14	11	48	20	11	19	41	27	50	20	31	15	48	36	15	40	33	5	14	16	7	49	39	36	36	34	30	11	1	23	28	24	40	9	17	48	24	12	26	40	40	36	27	11	
38	29	37	22	17	32	9	43	39	10	44	17	43	39	4	20	24	17	31	26	41	49	24	35	20	23	15	1	36	33	20	19	4	20	7	3	12	1	23	45	10	3	5	23	45	43	34	23	8	49	41	11	19	49	15	40	32	8	6	23	
31	6	38	11	18	9	48	35	47	42	42	39	48	42	28	1	38	4	50	20	39	11	44	14	25	34	47	44	23	25	35	7	32	43	48	10	9	30	24	24	7	34	19	22	14	30	11	8	3	29	38	11	28	25	42	30	34	34	8	40	
13	17	39	10	5	4	1	33	4	29	29	33	26	6	13	9	45	11	35	35	9	28	4	11	48	47	46	10	34	43	39	4	5	18	31	50	29	27	24	37	5	36	2	34	46	16	18	45	22	49	3	5	28	22	19	4	34	49	32	29	
8	5	6	43	28	36	3	30	43	36	4	37	46	47	11	22	9	26	14	30	37	6	19	43	19	47	30	1	47	33	32	36	35	28	39	18	22	37	21	31	49	15	24	20	37	43	47	35	45	8	3	18	46	28	25	48	9	44	32	35	
13	22	11	22	35	20	7	30	24	29	3	8	26	38	49	17	15	46	6	32	50	20	36	42	49	23	33	48	12	29	9	46	50	30	25	48	45	3	32	6	11	24	5	22	17	22	44	46	46	19	50	46	48	3	7	22	4	19	6	20	
44	39	31	18	23	9	46	21	8	50	22	13	43	44	48	8	38	34	34	34	42	37	46	20	5	27	24	5	37	39	11	41	31	6	39	4	5	9	19	19	48	49	6	40	41	2	11	25	4	26	43	15	44	20	30	35	35	30	48	42	
45	22	38	36	24	49	9	19	34	28	39	9	34	37	15	21	34	46	10	7	8	29	49	48	33	30	44	46	11	31	14	10	27	44	43	12	5	48	35	47	9	30	24	18	44	1	34	41	48	40	9	45	20	25	16	15	5	2	27	18	
2	48	24	26	4	8	20	46	32	33	18	34	5	45	8	47	5	39	48	33	5	32	14	18	36	10	11	3	34	23	45	5	22	18	34	16	26	2	15	21	26	2	12	47	26	34	49	21	18	21	16	48	38	14	46	33	1	48	21	29	
23	31	12	32	30	40	3	11	43	12	43	31	36	35	2	30	4	43	21	35	47	28	33	13	38	48	16	35	20	49	4	29	2	27	15	20	27	10	43	31	26	22	9	41	6	23	16	46	36	30	3	12	19	41	44	45	12	12	36	43	
8	42	4	12	27	29	23	28	13	27	2	43	30	1	37	7	24	11	14	38	41	36	10	18	3	44	32	5	11	28	24	36	25	17	33	16	18	21	32	3	47	39	32	15	36	31	17	44	23	25	45	49	4	39	12	18	49	46	19	40	
43	6	14	14	11	35	6	14	24	35	50	38	33	9	20	42	32	9	12	24	33	6	11	38	36	45	45	27	47	11	9	23	16	1	45	34	16	21	12	10	20	1	45	46	20	29	9	9	42	20	22	9	22	10	50	47	27	24	18	8	
22	17	46	36	49	3	11	30	18	11	7	23	24	1	15	33	35	27	41	23	48	8	31	31	28	11	17	13	27	33	9	24	23	38	41	48	19	31	22	23	7	13	15	20	22	29	48	26	50	45	48	3	8	19	28	21	12	29	41	44	
1	40	48	22	9	34	30	4	50	42	43	45	37	45	50	22	22	14	4	11	32	11	48	5	26	47	21	45	48	34	36	10	22	15	20	9	21	29	27	39	13	35	25	31	32	15	8	8	13	34	23	33	26	27	8	26	22	20	37	26	
5	32	20	32	42	45	11	48	9	29	39	32	19	11	24	12	4	38	10	16	27	47	23	26	4	3	6	21	34	28	44	29	12	22	11	28	42	12	13	44	35	8	25	12	44	40	30	22	38	33	43	3	42	27	2	13	19	10	16	17	
40	49	22	10	44	4	49	34	47	32	33	9	38	37	47	6	6	19	38	2	47	50	33	38	15	50	13	45	48	34	1	34	22	38	10	17	21	45	27	32	43	19	36	44	39	34	17	28	6	30	44	20	8	22	6	12	11	4	27	26	
49	29	26	18	6	17	16	1	25	44	26	23	13	7	6	10	14	21	22	33	36	2	50	17	21	29	27	42	28	47	42	3	42	13	13	17	36	42	50	9	30	15	44	1	48	39	11	38	42	30	16	34	46	33	42	41	21	37	32	31	
38	46	50	46	6	36	16	5	27	35	23	23	24	22	33	3	36	28	25	5	22	29	21	16	40	34	25	29	48	22	39	12	28	38	34	16	16	34	29	49	28	12	5	35	39	25	17	3	12	20	38	40	2	18	48	8	43	16	45	28	
26	14	23	4	26	11	14	17	43	3	28	21	27	27	14	14	21	20	1	34	33	6	13	50	11	11	47	43	9	21	46	23	21	8	26	2	40	48	44	38	17	43	13	16	12	14	23	14	36	32	50	19	39	12	31	49	48	23	46	30	
7	42	12	9	42	28	48	24	42	49	33	14	48	33	18	5	15	5	24	50	6	23	28	3	48	30	14	36	47	16	2	18	46	19	45	2	11	33	34	47	43	12	45	19	42	17	49	49	41	35	46	43	22	47	35	11	21	32	46	42	
18	20	3	14	1	9	18	29	12	32	7	19	20	19	24	16	12	42	30	17	46	30	23	38	43	29	11	19	13	24	20	50	16	42	26	30	4	50	38	4	24	45	39	32	43	50	23	27	2	1	21	18	28	7	37	22	2	11	45	30	
45	29	30	35	6	28	33	37	19	13	34	1	4	46	38	33	28	2	46	47	18	2	2	33	14	45	47	21	9	11	15	36	27	15	8	14	17	4	22	14	36	21	22	15	36	5	2	27	3	17	16	46	10	39	27	37	7	18	41	50	
40	17	35	22	33	19	19	42	38	26	30	30	7	39	20	19	49	28	10	10	5	24	47	33	23	17	47	28	25	24	16	19	48	48	22	46	35	26	37	16	3	17	11	44	30	2	15	38	18	14	16	50	32	50	33	27	31	9	3	41	
11	20	2	43	28	40	46	21	28	2	48	25	22	17	41	6	29	46	49	11	13	30	6	26	14	17	9	35	50	37	20	8	37	48	17	26	21	43	12	4	36	14	15	47	4	31	31	7	22	20	48	44	44	46	41	4	6	35	43	6	
26	6	30	47	22	47	48	33	31	40	31	7	47	45	33	49	50	11	13	9	27	36	11	39	42	43	13	9	24	8	27	45	18	50	47	35	25	7	19	49	38	47	50	1	41	24	2	26	6	26	19	21	1	43	38	36	22	35	21	24	
17	42	18	49	27	7	42	39	38	49	24	20	4	26	17	28	31	46	42	11	31	13	6	21	31	37	30	14	3	36	49	4	6	10	32	40	50	25	3	17	46	29	26	45	11	25	50	41	35	43	43	11	26	20	11	10	2	13	47	15	
42	10	17	30	27	12	15	43	11	6	22	50	28	15	24	18	47	24	23	48	37	24	29	25	23	31	32	19	20	47	47	33	45	49	16	37	9	17	4	29	14	48	12	26	43	41	41	20	1	14	10	16	13	15	11	40	31	27	13	29	
27	18	11	38	26	50	40	22	29	27	36	21	8	32	20	44	7	43	45	11	48	40	25	16	36	26	40	4	37	4	24	33	22	50	3	7	30	3	32	37	4	43	39	38	2	4	50	8	4	20	48	18	19	46	14	31	5	15	50	18	
5	43	13	47	16	32	10	40	30	19	14	21	48	11	21	1	32	45	20	9	7	20	12	14	8	5	44	48	17	20	45	28	11	6	6	28	49	22	38	46	26	37	18	29	21	15	18	9	33	32	42	18	5	24	19	28	40	23	38	44	
44	49	2	18	30	38	13	36	22	27	27	41	13	29	19	30	12	2	10	18	46	7	6	11	12	15	38	27	31	24	4	22	36	22	13	11	25	13	13	46	30	31	8	12	14	21	41	41	50	32	3	5	11	48	45	1	21	17	7	6	
28	28	50	44	8	25	26	44	9	23	35	34	47	24	27	10	47	45	48	15	30	34	39	38	13	29	26	30	37	28	2	16	20	23	9	41	15	47	26	3	37	29	18	35	26	40	22	2	25	9	3	17	22	2	44	48	11	24	19	47	
8	23	33	47	9	29	31	38	45	4	17	2	9	17	50	10	46	47	10	1	39	14	44	49	10	29	32	33	45	22	30	38	15	11	47	46	42	31	2	32	11	14	37	46	19	12	4	43	33	30	3	26	25	25	23	36	8	39	19	16	
50	13	4	48	43	2	14	38	11	43	11	14	20	25	47	15	28	16	10	5	6	37	25	2	46	46	17	46	16	8	8	16	39	14	3	48	28	1	2	50	35	18	36	29	44	37	44	24	17	36	16	46	46	31	9	29	29	24	20	22	
6	7	24	5	34	31	43	13	48	48	20	5	11	5	23	30	30	30	12	20	2	36	5	37	13	12	21	14	42	7	29	12	40	23	25	26	23	49	25	44	10	31	27	10	49	32	3	29	5	50	19	34	22	6	49	26	9	43	46	5	
33	43	12	6	38	48	7	35	35	18	43	32	33	4	5	4	4	31	46	43	39	10	21	7	30	10	38	30	37	32	28	10	31	26	23	48	38	47	3	11	13	38	1	44	44	37	2	43	23	30	7	47	49	36	26	4	24	16	34	10	
4	11	23	36	39	36	1	29	3	42	15	4	42	42	46	34	4	48	21	44	16	39	12	42	28	6	15	14	47	3	30	35	33	3	46	40	6	18	42	41	8	16	15	7	3	10	10	15	13	21	20	29	24	37	5	15	48	27	1	33	
2	36	47	46	23	34	13	14	8	28	23	2	4	35	45	37	40	39	10	8	35	38	41	48	44	14	19	15	9	25	20	14	37	11	19	43	20	45	42	42	5	25	46	23	7	50	16	50	23	26	20	6	31	33	28	36	22	46	4	31	
40	8	28	33	13	25	2	13	12	42	38	17	27	36	13	20	25	8	25	8	35	29	28	46	2	21	48	42	12	5	32	38	32	30	14	12	32	4	24	22	2	48	46	21	18	49	47	50	13	5	10	4	37	27	47	19	14	12	18	14	
35	49	42	41	34	28	40	4	31	6	30	39	1	17	9	25	6	2	24	10	34	2	39	30	49	31	25	24	12	36	46	14	18	14	47	50	42	22	38	30	35	43	17	28	49	19	8	28	39	15	38	24	35	47	36	7	40	46	9	19	
31	39	20	9	2	22	28	30	48	34	23	42	50	37	8	22	1	22	46	49	29	44	22	16	16	33	30	44	3	31	39	17	39	47	38	41	38	41	49	40	6	31	19	38	27	29	36	48	16	46	28	17	36	24	12	11	31	2	50	42	
12	8	5	6	47	35	45	23	22	7	30	43	42	29	12	25	12	7	30	24	22	24	43	49	11	36	12	49	24	12	30	26	17	32	32	18	42	44	44	28	30	20	15	14	18	14	15	13	28	26	1	5	22	19	20	40	1	18	47	33	
15	37	6	45	49	41	2	50	26	16	22	3	33	31	26	14	36	12	6	19	8	22	46	39	12	17	39	24	17	1	44	2	6	17	2	36	31	37	29	33	44	6	50	1	26	2	28	30	10	9	18	6	2	50	32	17	21	45	50	38	
43	31	19	7	11	22	43	14	32	40	16	30	2	36	25	49	3	17	35	40	18	50	7	21	15	8	15	17	32	33	41	15	12	40	38	35	34	10	27	1	49	16	19	38	21	26	10	34	17	38	19	27	14	28	41	7	2	16	1	40	
15	45	33	26	48	24	39	3	29	48	50	22	6	49	48	1	26	12	20	45	35	27	34	17	46	23	15	45	41	5	35	17	11	21	5	2	9	43	46	10	7	38	17	30	7	37	12	26	29	14	10	50	33	29	19	12	26	28	7	22	
27	24	29	29	9	7	19	44	27	44	18	39	45	48	47	16	1	28	13	10	13	14	50	38	32	3	41	47	41	17	14	4	29	35	17	19	9	12	25	13	27	17	34	38	28	12	36	31	29	20	16	21	26	47	2	7	17	25	45	23	
26	48	42	24	11	37	36	21	7	8	7	26	33	37	48	18	20	12	42	14	46	8	29	7	27	43	43	11	46	36	48	10	41	13	41	10	36	40	8	6	7	18	22	11	45	47	42	11	13	28	15	32	34	34	6	49	37	33	23	29	
11	10	41	18	29	16	6	32	22	22	8	20	11	49	28	45	8	1	23	43	46	42	39	36	5	30	44	26	21	50	44	14	13	35	29	18	5	46	29	13	22	43	36	3	50	21	21	4	45	39	1	10	16	48	16	10	13	34	7	36	
37	36	27	8	13	17	39	4	49	5	26	4	27	27	2	14	27	6	48	2	24	15	22	48	18	42	24	1	40	24	45	35	25	3	48	46	36	44	4	7	2	14	28	9	45	34	13	24	31	20	28	42	26	15	49	40	4	1	21	5	
34	39	43	22	1	29	16	50	17	50	6	20	16	23	25	10	43	34	21	40	7	49	17	1	24	26	19	37	44	1	39	6	48	50	28	1	7	22	31	38	18	38	49	22	22	17	23	12	15	20	36	31	31	28	19	17	36	13	5	16	
30	16	26	45	3	31	40	49	17	25	27	31	31	40	4	4	45	12	15	41	36	42	35	21	5	36	16	13	10	12	45	27	34	4	21	5	26	3	45	5	48	26	7	42	43	41	17	29	21	22	49	2	23	7	34	6	27	25	33	39	
7	38	1	47	42	39	27	8	25	2	23	44	29	32	29	22	1	22	16	32	33	46	38	2	6	50	17	25	6	6	25	22	26	21	23	39	16	40	24	33	35	28	12	17	15	47	3	4	47	47	50	25	22	45	22	26	28	21	3	26	
49	43	45	24	20	27	43	10	44	46	22	18	4	17	17	48	26	28	8	34	36	48	21	43	44	49	21	47	24	38	17	26	35	48	48	50	12	50	33	7	14	11	22	6	6	19	13	2	24	23	14	40	1	50	2	42	30	19	10	30	
6	33	37	4	8	13	12	47	24	20	15	18	21	20	40	1	29	48	28	1	50	23	3	5	34	32	19	26	40	15	37	32	3	6	9	43	40	50	31	18	22	46	49	17	40	39	2	10	36	36	30	10	7	6	34	19	40	40	48	46	
On machine	2
17	27	15	31	50	36	1	20	32	34	39	22	17	38	33	11	8	4	14	18	3	30	18	31	10	9	31	11	1	13	40	37	22	15	48	30	45	21	31	49	11	3	6	11	48	37	33	40	37	45	19	31	18	42	30	43	49	12	41	38	
16	9	27	35	21	19	38	23	49	19	37	21	33	50	37	8	31	2	37	3	21	26	36	11	14	16	26	29	28	48	30	9	36	4	48	34	19	27	28	46	50	28	17	31	1	30	39	31	13	21	47	25	47	13	13	33	2	46	47	48	
31	27	48	29	15	2	45	21	32	11	12	20	49	6	29	50	8	11	27	36	15	18	26	3	46	34	22	7	2	26	27	35	14	15	18	24	48	7	10	6	27	23	22	34	3	11	7	24	31	17	13	50	39	27	49	42	47	34	5	36	
33	28	32	30	1	4	32	9	8	41	24	22	7	36	23	22	22	19	3	39	18	48	1	32	50	22	2	5	36	39	37	15	20	28	13	28	42	38	33	44	13	40	21	9	45	14	21	50	21	2	22	37	35	6	42	39	19	20	17	28	
13	26	15	9	23	49	31	18	45	9	37	26	11	22	21	1	17	9	38	39	28	50	21	50	41	42	32	42	34	21	1	20	8	20	41	43	6	10	11	29	18	11	44	45	10	20	48	2	3	21	1	17	2	50	32	3	21	19	11	33	
24	10	28	33	23	27	1	34	18	1	14	47	26	47	9	30	47	18	25	6	19	16	24	37	44	22	15	11	40	5	10	28	31	3	26	9	46	5	1	37	33	41	25	16	18	9	38	2	50	31	35	4	15	22	22	8	33	36	23	30	
6	13	15	34	28	13	9	45	37	25	34	31	17	14	47	36	47	1	25	20	31	24	10	19	33	37	15	45	43	26	44	21	42	5	27	1	26	22	44	32	36	24	12	38	20	40	1	29	49	43	1	21	11	41	18	41	44	40	43	9	
46	26	2	20	28	9	6	32	21	8	36	47	29	22	35	1	47	49	46	14	21	39	47	13	2	30	49	39	49	41	47	45	19	34	7	39	27	37	24	40	32	50	25	15	45	6	22	23	38	25	44	29	3	23	36	11	1	18	42	33	
7	33	23	26	25	34	22	46	24	13	30	45	9	24	37	12	43	8	42	45	6	17	11	3	31	13	4	40	11	47	28	47	24	42	18	50	47	39	30	31	23	32	24	5	47	41	20	4	26	12	9	50	10	3	49	23	3	43	45	45	
34	26	5	25	49	43	38	50	3	27	35	45	31	16	39	9	1	25	39	5	40	50	13	13	23	28	9	16	12	10	39	49	45	49	7	23	28	25	33	22	20	11	27	8	24	38	17	45	4	19	16	26	13	20	4	47	41	5	20	35	
26	46	50	31	37	3	22	36	17	44	48	18	17	3	32	21	3	5	30	12	34	9	37	11	30	4	34	7	26	44	6	37	27	12	48	8	41	12	41	50	2	21	7	11	44	44	11	17	45	37	27	33	49	3	13	8	24	28	5	40	
18	5	17	41	26	25	19	25	37	14	8	23	10	28	12	2	13	45	31	26	24	20	4	22	35	37	21	21	22	7	9	14	31	26	3	2	10	8	7	15	31	29	3	25	33	31	8	13	13	10	26	36	11	24	45	35	34	15	13	45	
44	47	40	4	45	35	17	2	13	40	6	4	10	28	27	27	23	35	21	8	11	32	20	37	35	35	39	46	40	6	5	32	24	46	30	31	49	3	33	42	12	29	12	21	21	43	15	30	29	22	39	24	19	31	37	45	4	33	12	43	
20	12	2	27	8	6	9	18	28	2	43	38	45	18	13	23	21	27	27	21	40	26	37	41	44	31	5	19	5	36	6	1	41	30	30	16	50	7	16	12	27	18	28	42	47	12	27	5	44	28	19	31	10	25	31	42	21	17	5	41	
1	43	18	38	26	28	1	36	50	1	22	39	4	22	3	47	29	3	45	40	26	13	5	28	22	21	2	6	13	25	38	30	2	16	50	25	29	21	9	40	23	28	7	42	44	48	22	36	49	10	26	3	23	28	35	6	17	43	4	14	
28	23	8	34	46	19	37	28	30	39	41	13	24	27	45	9	27	49	39	33	40	5	2	29	5	37	43	2	1	32	7	43	18	11	41	23	14	46	37	37	8	44	50	6	38	31	23	19	14	8	15	39	33	40	39	46	40	19	19	8	
4	38	40	4	31	7	26	40	35	7	10	45	16	49	28	20	29	28	7	8	4	37	10	40	3	33	40	17	20	49	39	3	7	16	47	22	43	40	49	36	14	14	17	41	39	28	49	18	4	1	5	15	31	37	24	1	50	37	27	32	
33	41	47	14	45	28	9	43	6	26	6	3	31	23	10	17	50	26	45	18	50	18	23	25	38	4	7	42	6	32	10	41	47	34	41	36	5	48	12	34	21	8	36	23	34	11	7	39	25	1	47	29	15	27	40	29	27	17	48	24	
14	35	19	29	21	4	22	8	46	48	44	25	13	18	27	3	47	32	45	36	44	12	11	50	39	42	3	6	49	20	38	16	43	10	17	27	46	9	29	24	24	34	30	34	3	31	20	23	17	9	1	4	40	47	7	6	13	11	32	46	
47	25	21	42	9	6	25	19	23	35	36	37	9	29	14	50	25	9	49	36	42	13	22	32	16	12	12	26	32	31	31	42	27	4	45	35	21	13	29	31	30	40	35	39	14	1	10	26	39	42	8	21	44	14	35	19	24	9	37	1	
24	26	6	33	22	37	44	3	18	31	7	16	25	42	25	15	10	37	1	32	36	6	2	47	28	48	47	34	29	44	32	8	28	43	18	10	43	42	19	25	32	1	17	30	25	13	40	23	20	39	11	16	31	6	35	41	39	50	9	6	
1	2	15	50	27	23	14	42	14	31	32	25	24	30	26	4	29	35	50	26	38	40	26	17	21	48	33	34	19	17	46	20	31	33	25	38	48	42	28	36	18	23	37	46	49	48	33	28	9	27	42	31	40	22	41	27	12	37	39	19	
20	19	19	35	12	4	36	24	29	42	46	41	2	38	17	25	41	40	11	16	4	5	14	18	46	37	20	35	22	10	20	26	9	3	8	35	22	49	8	29	8	41	42	30	40	46	21	21	12	16	31	36	27	34	24	4	38	28	28	14	
15	1	43	26	25	15	31	43	12	31	9	22	26	17	41	32	32	49	19	19	3	44	22	16	5	29	23	35	8	26	3	33	47	48	44	33	27	17	8	24	33	14	2	8	26	3	23	1	13	31	31	26	31	30	47	25	6	35	47	14	
45	45	31	49	40	31	47	1	10	23	28	49	42	44	42	50	9	21	20	48	20	26	2	7	11	28	39	38	14	47	17	13	46	26	7	25	8	2	14	21	34	9	2	31	13	50	5	34	5	4	1	8	26	32	8	36	48	36	17	4	
22	13	11	17	24	49	9	2	7	42	25	46	23	35	42	39	42	40	17	41	23	22	21	8	9	47	33	24	12	8	5	47	37	6	21	15	17	20	2	10	9	46	45	2	26	9	16	2	42	43	40	19	30	8	22	13	31	2	29	44	
1	10	11	48	22	35	46	4	23	47	38	32	13	30	46	1	22	24	40	19	18	33	7	13	26	44	16	12	14	25	47	37	24	7	48	44	7	26	38	39	41	22	21	14	46	21	50	20	34	50	21	31	20	17	39	23	35	10	35	22	
4	43	48	24	16	45	16	46	49	20	35	48	24	31	42	26	45	47	33	37	42	26	35	40	11	35	43	4	28	39	45	12	13	1	43	12	45	21	31	25	46	37	42	50	9	48	15	23	42	50	6	7	48	43	10	15	46	27	40	5	
20	23	34	47	13	41	43	34	18	34	50	41	13	33	6	21	23	9	34	6	17	40	5	7	22	33	11	39	43	11	47	15	23	9	44	27	36	23	19	32	8	24	31	43	21	46	42	12	8	35	2	47	41	23	44	40	50	20	39	47	
33	9	27	45	6	41	1	13	12	18	6	35	13	37	2	21	8	29	11	47	16	24	5	10	31	41	48	49	46	19	32	2	39	40	33	33	4	12	37	40	31	15	11	47	46	32	42	10	3	14	38	41	46	12	49	50	50	33	8	17	
35	29	48	23	47	20	2	4	9	28	50	49	25	6	43	16	28	48	38	30	30	4	12	49	37	15	13	11	38	17	36	17	4	36	33	35	38	50	10	8	14	15	11	37	42	8	50	9	9	29	10	26	26	48	26	35	43	15	9	30	
29	32	12	17	48	35	13	38	2	30	33	7	16	11	9	12	21	43	48	37	18	28	48	39	38	28	7	49	47	24	18	32	21	31	37	18	13	42	8	39	46	7	4	28	45	6	38	35	33	29	38	33	45	1	30	27	26	7	7	24	
40	24	30	34	36	14	33	1	2	35	6	19	15	11	41	32	10	3	44	44	41	16	27	6	9	2	17	41	45	34	28	40	10	10	15	27	30	49	8	37	11	26	11	1	21	40	12	44	10	40	24	50	35	22	8	38	5	1	29	41	
42	2	8	8	41	8	48	8	15	19	19	1	23	43	19	46	17	3	42	5	9	17	16	7	35	43	7	34	25	48	16	42	27	22	6	25	42	45	27	34	17	3	34	44	21	44	6	25	37	28	41	25	50	3	24	4	24	48	24	39	
4	45	19	20	23	40	33	50	2	31	47	1	6	1	49	11	7	39	24	47	6	42	23	22	15	14	8	26	27	13	11	41	6	43	30	18	45	13	21	28	40	39	30	44	47	10	35	47	26	19	7	14	49	36	37	8	41	15	43	28	
32	17	6	36	24	38	10	11	39	31	38	16	47	46	46	7	19	38	34	27	34	6	46	17	15	34	2	28	15	7	30	43	22	25	33	7	45	45	11	8	9	20	6	7	33	2	2	44	7	15	2	31	16	5	48	20	48	41	8	42	
43	50	35	43	40	27	20	31	50	45	33	14	26	2	14	20	14	48	10	44	45	35	20	12	15	23	10	32	40	16	31	14	24	23	48	21	24	17	30	22	49	50	31	4	49	13	40	33	3	22	2	24	43	20	3	35	25	44	44	15	
7	44	1	32	50	24	7	48	25	35	46	38	30	20	29	13	37	25	16	29	7	24	25	40	10	14	37	47	29	40	4	6	47	10	30	25	10	10	41	33	22	25	8	44	43	49	24	47	41	42	23	31	30	25	21	4	43	39	26	11	
26	41	27	2	16	20	23	29	5	9	29	26	35	6	38	10	14	47	46	5	25	46	17	38	1	5	26	41	7	18	14	26	4	1	5	35	1	23	33	5	11	29	23	5	1	2	29	33	33	5	45	10	29	24	35	39	29	18	3	43	
22	21	26	17	20	1	46	34	49	19	2	37	1	44	41	16	49	32	27	14	33	45	26	41	42	6	7	13	16	26	30	45	42	35	12	14	3	7	17	29	35	39	26	32	42	26	25	15	35	50	32	12	45	9	31	1	9	44	41	15	
47	43	22	10	31	47	40	38	29	15	50	45	29	17	32	41	48	13	14	17	45	7	47	48	40	32	50	35	6	32	24	37	11	18	3	17	45	23	45	4	20	37	32	32	13	16	26	33	40	45	42	40	28	5	28	26	36	4	32	44	
22	18	5	48	30	26	41	27	20	33	37	31	23	37	37	43	46	33	42	7	5	7	5	13	39	28	31	13	47	10	45	4	38	14	8	39	5	47	13	3	38	7	25	28	33	23	41	41	33	44	3	34	23	1	22	20	1	39	5	47	
48	3	5	30	48	14	26	27	27	24	33	50	23	11	7	30	39	23	7	13	7	42	39	25	17	27	49	5	42	20	30	9	22	49	37	47	23	13	34	19	20	31	30	16	47	8	31	30	24	45	35	34	11	23	43	14	7	19	11	34	
25	2	7	3	4	47	16	18	48	16	17	44	18	44	24	20	41	30	20	25	14	13	8	40	1	44	1	44	42	27	19	29	1	30	26	38	32	47	22	30	31	35	41	7	48	19	37	4	32	19	10	6	17	18	36	6	27	27	31	16	
29	31	40	39	6	32	9	17	12	30	37	12	46	43	43	3	17	28	42	6	7	21	12	37	34	14	41	12	2	15	40	35	40	45	22	1	13	17	35	47	26	26	13	17	30	10	49	17	26	28	17	31	16	28	22	37	10	7	36	34	
49	29	2	18	40	31	21	30	12	30	18	47	14	13	4	22	8	10	35	11	37	3	28	48	21	50	22	37	19	47	3	15	18	38	31	50	5	35	11	26	6	10	25	23	34	35	18	10	23	46	16	34	26	6	6	11	11	43	47	36	
32	40	26	30	22	47	8	46	8	16	37	32	36	32	44	22	2	38	3	39	41	36	42	43	45	5	9	34	35	31	3	45	42	18	27	21	19	42	3	7	48	50	10	1	10	20	13	31	10	45	19	6	13	33	49	3	23	3	39	22	
24	20	32	47	43	33	29	40	30	6	18	10	17	47	49	6	44	27	9	13	14	49	4	36	10	3	45	37	36	48	43	37	32	49	11	33	3	18	27	30	32	41	30	9	26	11	6	12	21	25	30	38	49	40	26	6	2	49	37	40	
2	4	15	48	30	18	5	17	5	19	35	8	37	26	1	41	4	2	20	27	12	32	42	48	44	7	26	21	4	31	24	33	39	20	40	30	13	48	14	22	9	34	37	48	12	29	42	41	49	6	3	12	20	2	28	27	4	38	31	24	
26	35	36	10	22	7	36	50	39	42	28	43	15	9	18	13	42	29	7	30	2	11	33	37	8	17	14	17	31	37	23	18	5	3	11	38	39	45	9	49	11	33	19	33	27	6	4	43	50	39	32	5	30	4	25	49	2	45	40	49	
6	24	50	27	38	17	18	9	4	45	2	42	9	50	49	3	34	35	37	16	26	19	24	22	29	3	49	48	4	18	3	13	17	17	15	18	3	19	19	41	13	17	27	18	25	47	29	36	44	40	46	4	18	32	43	6	10	10	27	27	
47	50	49	4	20	50	40	13	22	5	8	21	37	19	15	23	32	17	44	9	8	45	15	14	5	18	2	25	5	7	33	35	6	37	31	11	11	23	21	11	12	14	32	48	27	43	20	42	10	40	46	3	17	8	44	16	40	22	35	8	
15	10	46	45	20	44	5	27	31	35	16	50	1	40	27	44	10	11	26	37	17	45	27	26	14	4	24	49	25	32	44	21	13	1	31	40	1	29	9	3	36	16	10	40	9	5	29	17	10	29	12	43	45	28	11	5	31	35	14	49	
39	39	2	35	5	42	4	24	13	22	24	48	38	30	20	1	40	49	31	40	11	19	36	34	41	14	11	14	14	41	25	19	21	48	3	33	22	47	23	8	44	13	44	29	32	39	36	44	39	26	43	5	44	1	30	10	34	43	43	31	
39	24	20	40	23	30	23	2	6	11	8	12	42	28	6	3	39	21	32	1	28	40	11	27	48	30	45	10	44	10	9	39	22	38	38	49	24	20	45	23	32	42	38	30	21	8	28	18	41	2	20	47	10	27	20	33	9	2	1	14	
7	35	45	15	29	49	30	25	31	24	23	32	15	17	28	45	36	40	18	9	35	42	13	31	16	23	21	18	42	23	6	11	19	41	47	45	16	43	39	3	14	23	25	20	13	47	26	50	6	14	19	40	21	32	46	7	19	11	8	25	
38	39	1	29	1	50	40	16	19	33	8	42	20	35	44	39	3	2	36	9	10	35	27	15	40	11	24	7	23	7	3	29	49	34	50	3	41	49	7	44	6	3	35	26	23	24	26	17	34	40	32	10	36	5	42	25	15	5	18	48	
8	9	21	3	24	18	4	9	49	4	47	34	16	49	20	10	46	7	16	47	34	50	21	36	38	26	49	5	38	49	25	11	36	33	12	7	24	43	15	15	2	21	16	50	22	15	33	44	18	15	1	6	28	1	19	5	15	32	22	31	
44	49	8	12	7	41	44	42	35	34	37	43	1	30	38	43	5	33	31	34	49	41	50	22	17	49	22	28	22	39	35	48	30	23	14	27	23	45	21	34	40	19	15	43	28	33	22	8	25	29	39	22	12	32	19	49	13	27	17	7	
32	13	33	12	18	23	48	5	10	39	4	31	16	41	27	20	41	11	16	30	38	27	23	14	3	30	3	16	42	3	10	4	24	2	50	40	13	50	16	20	4	18	3	40	19	44	20	36	11	41	36	16	11	39	47	3	3	13	31	25	
