Factories	3
Families	60
Machines	4
SetupType	3

Number of Jobs in each Family
2	4	5	2	1	4	6	2	2	3	4	3	7	7	9	9	9	2	5	8	10	9	7	5	8	8	7	1	8	10	10	2	1	7	3	10	6	3	1	8	5	6	1	4	4	2	1	9	4	2	2	2	4	1	8	8	5	10	2	5	

Jobs in each Family
0	1	
2	3	4	5	
6	7	8	9	10	
11	12	
13	
14	15	16	17	
18	19	20	21	22	23	
24	25	
26	27	
28	29	30	
31	32	33	34	
35	36	37	
38	39	40	41	42	43	44	
45	46	47	48	49	50	51	
52	53	54	55	56	57	58	59	60	
61	62	63	64	65	66	67	68	69	
70	71	72	73	74	75	76	77	78	
79	80	
81	82	83	84	85	
86	87	88	89	90	91	92	93	
94	95	96	97	98	99	100	101	102	103	
104	105	106	107	108	109	110	111	112	
113	114	115	116	117	118	119	
120	121	122	123	124	
125	126	127	128	129	130	131	132	
133	134	135	136	137	138	139	140	
141	142	143	144	145	146	147	
148	
149	150	151	152	153	154	155	156	
157	158	159	160	161	162	163	164	165	166	
167	168	169	170	171	172	173	174	175	176	
177	178	
179	
180	181	182	183	184	185	186	
187	188	189	
190	191	192	193	194	195	196	197	198	199	
200	201	202	203	204	205	
206	207	208	
209	
210	211	212	213	214	215	216	217	
218	219	220	221	222	
223	224	225	226	227	228	
229	
230	231	232	233	
234	235	236	237	
238	239	
240	
241	242	243	244	245	246	247	248	249	
250	251	252	253	
254	255	
256	257	
258	259	
260	261	262	263	
264	
265	266	267	268	269	270	271	272	
273	274	275	276	277	278	279	280	
281	282	283	284	285	
286	287	288	289	290	291	292	293	294	295	
296	297	
298	299	300	301	302	

Total number of jobs
303

Processing times of jobs
6	6	10	4	
7	5	10	10	
6	3	5	1	
4	3	10	1	
5	7	8	2	
10	5	10	4	
7	4	2	3	
9	1	2	2	
1	8	2	8	
1	2	7	2	
2	10	10	1	
6	6	4	9	
1	2	7	10	
6	4	7	6	
5	5	3	5	
6	5	6	7	
4	1	2	7	
1	2	10	9	
7	7	8	9	
10	9	9	3	
6	6	10	4	
4	5	7	2	
5	7	3	1	
3	6	10	10	
7	3	10	2	
1	3	1	10	
9	5	8	8	
10	10	7	10	
10	7	8	6	
9	4	8	5	
10	7	4	6	
7	6	10	8	
9	7	1	2	
8	3	7	6	
5	9	9	1	
1	9	5	1	
8	8	9	3	
8	6	7	7	
8	6	10	2	
10	3	3	8	
6	2	8	9	
1	4	10	4	
2	4	1	1	
2	3	3	6	
9	6	5	9	
5	4	10	5	
10	4	3	2	
10	3	8	3	
3	2	10	8	
10	6	8	1	
2	8	8	3	
3	5	1	8	
3	1	3	8	
7	10	9	10	
3	10	9	7	
3	4	1	2	
1	5	9	9	
6	2	4	6	
3	8	2	4	
1	1	10	7	
5	3	7	8	
6	7	5	3	
1	3	10	8	
8	1	2	10	
10	3	7	10	
8	8	5	3	
6	6	1	8	
1	10	9	7	
10	6	3	6	
7	1	3	9	
5	5	1	6	
1	2	6	8	
1	6	6	4	
3	7	4	5	
5	3	3	10	
3	4	4	9	
8	6	6	8	
5	2	7	5	
5	3	5	8	
8	3	5	2	
7	6	10	6	
9	2	3	6	
6	3	10	3	
9	9	9	4	
10	8	1	4	
2	2	7	8	
10	7	10	1	
6	6	7	5	
10	1	3	1	
8	10	2	2	
7	1	2	10	
6	9	4	8	
3	10	7	4	
7	9	4	1	
5	5	8	5	
10	3	2	5	
5	6	3	4	
3	2	3	4	
3	4	9	10	
3	6	3	5	
3	1	9	5	
10	7	8	10	
2	7	8	3	
2	1	7	2	
6	5	4	1	
1	10	8	1	
6	8	1	8	
9	5	5	6	
10	3	4	9	
4	9	5	4	
4	4	2	3	
8	5	6	3	
6	2	10	8	
1	9	2	3	
5	4	9	9	
8	8	5	1	
9	1	1	10	
4	9	9	2	
1	8	8	7	
3	3	3	5	
6	7	2	4	
5	4	5	10	
9	4	4	3	
8	8	5	7	
3	3	5	6	
1	2	7	7	
8	6	4	6	
8	6	6	4	
10	10	9	7	
8	3	1	9	
3	9	10	9	
9	8	9	4	
7	1	7	4	
1	3	5	6	
10	2	3	7	
8	8	1	4	
5	5	2	6	
9	5	4	10	
3	7	7	3	
1	4	8	6	
8	8	1	2	
6	2	7	2	
8	5	6	7	
4	5	1	10	
5	2	7	8	
8	10	7	6	
5	7	6	10	
10	4	2	2	
10	4	1	9	
8	7	9	10	
6	3	9	9	
4	7	7	6	
1	4	4	10	
7	2	6	4	
5	4	1	6	
6	6	7	5	
3	8	1	9	
9	6	3	2	
8	6	8	1	
4	10	10	9	
8	1	10	7	
7	10	3	9	
3	3	6	4	
5	10	4	3	
6	7	2	7	
7	1	2	7	
1	1	3	4	
3	8	4	7	
1	10	6	3	
1	4	3	10	
1	7	2	9	
7	7	4	2	
2	7	6	8	
6	9	3	7	
2	5	1	1	
10	2	1	6	
4	10	1	3	
6	5	1	6	
7	4	5	9	
3	10	6	1	
7	9	9	5	
6	4	3	1	
10	8	3	2	
8	6	10	6	
7	5	7	7	
4	7	5	4	
3	3	7	9	
6	5	8	8	
10	8	1	9	
7	7	4	9	
1	7	6	1	
9	7	1	5	
6	9	10	9	
3	7	5	6	
3	3	3	7	
7	1	6	4	
2	3	6	3	
2	10	10	7	
8	10	7	5	
7	2	2	2	
3	2	4	8	
3	7	4	1	
10	8	5	2	
8	10	6	8	
7	9	3	6	
8	4	4	3	
4	5	1	5	
10	7	10	2	
6	8	9	5	
8	9	2	9	
3	1	10	4	
10	6	2	9	
4	4	1	6	
7	1	9	2	
9	6	5	5	
2	6	5	3	
8	10	9	7	
6	9	1	6	
7	6	4	10	
1	9	4	4	
8	7	5	4	
8	2	10	8	
7	5	8	7	
1	8	4	4	
2	2	10	5	
3	1	3	1	
8	1	9	5	
7	1	6	10	
7	4	5	5	
10	7	3	7	
5	8	3	10	
7	8	1	3	
5	8	6	5	
9	4	9	7	
6	1	4	6	
2	9	8	4	
3	9	3	8	
5	7	10	1	
8	9	8	8	
2	2	2	2	
5	2	3	1	
2	7	2	4	
4	10	3	6	
7	5	6	10	
7	10	10	6	
2	2	9	9	
3	10	7	8	
10	5	10	5	
5	6	8	8	
9	10	6	8	
7	5	3	1	
10	8	9	9	
8	7	2	4	
7	5	2	8	
10	8	9	7	
10	5	3	6	
9	4	6	4	
9	8	5	10	
3	2	2	10	
9	7	4	8	
3	2	7	9	
3	6	9	3	
7	5	10	2	
3	2	7	4	
7	8	2	8	
5	1	9	8	
5	2	4	9	
1	2	10	4	
2	5	4	9	
5	2	4	7	
6	2	6	2	
4	8	5	1	
9	4	6	5	
1	7	3	5	
4	5	8	6	
3	7	5	4	
4	2	1	9	
7	8	2	4	
7	6	4	1	
9	5	6	7	
8	10	4	6	
9	2	2	10	
10	7	2	10	
3	2	1	3	
4	3	7	9	
2	5	2	4	
8	7	6	2	
4	7	6	10	
10	5	9	10	
8	4	10	4	
8	6	4	4	
2	5	3	4	
10	3	2	8	
1	4	10	4	
7	1	2	9	
6	2	3	5	
3	7	4	7	
1	6	3	2	
5	2	10	2	
1	3	4	3	
9	4	2	6	
8	7	2	8	
2	9	9	5	

Stepup times between Families, where [f][f] represents initial setup time
On machine	1
98	46	55	57	24	19	58	16	39	94	53	25	43	60	39	72	82	22	15	7	53	22	24	32	76	37	81	1	11	46	68	44	16	8	6	21	60	16	63	53	28	97	77	36	81	52	2	11	87	33	33	62	85	51	30	71	22	96	7	76	
97	72	25	21	55	80	19	90	65	60	43	36	12	78	63	25	70	93	27	32	45	28	51	45	62	1	8	91	62	92	26	56	95	32	4	61	14	31	59	98	56	1	48	2	87	71	93	63	54	49	82	93	43	70	100	20	12	42	1	55	
32	77	41	94	12	30	49	60	2	58	26	5	8	34	48	74	59	46	56	47	5	31	18	55	78	23	79	10	60	64	6	99	13	67	94	97	48	54	23	17	37	55	88	100	25	39	65	5	82	33	76	96	20	67	45	60	93	15	93	96	
56	2	72	36	96	14	23	30	35	40	76	8	89	20	17	55	7	7	41	30	88	2	12	87	94	1	85	20	76	11	82	14	51	40	1	18	86	30	9	17	62	40	78	18	97	12	88	69	15	52	36	51	83	15	30	23	16	94	55	55	
59	69	58	91	46	82	13	68	61	67	68	1	16	22	50	35	86	27	46	67	36	97	36	16	89	38	60	93	1	20	19	56	55	14	65	47	83	76	86	55	83	2	15	23	46	67	4	90	55	20	7	28	23	50	8	78	5	66	75	48	
61	4	97	59	51	6	86	59	57	22	46	19	56	49	8	74	91	9	67	20	80	53	55	57	19	35	39	97	40	95	79	61	68	50	60	73	47	38	43	91	29	100	42	39	95	17	37	7	55	61	89	72	86	81	78	50	96	24	70	76	
49	17	15	28	59	51	33	78	56	28	90	34	49	6	10	3	60	87	95	65	38	88	4	31	39	92	99	58	58	6	97	88	32	28	97	36	93	41	65	33	1	2	20	69	36	56	2	76	23	97	14	45	65	32	1	56	54	10	48	25	
66	15	100	48	33	84	39	98	62	42	50	99	50	78	28	35	31	75	94	26	36	25	61	7	59	59	56	16	84	87	19	16	11	40	46	49	41	45	94	81	19	88	40	47	48	46	48	61	8	41	77	96	24	10	74	30	100	7	28	51	
67	76	81	59	45	82	56	87	23	99	50	46	43	33	9	90	22	21	46	67	30	47	1	3	31	91	91	18	68	74	35	76	82	95	1	97	49	23	71	97	60	71	67	76	42	8	79	79	4	91	95	28	61	34	32	6	3	42	89	69	
68	31	7	12	21	29	57	7	98	97	49	27	70	11	36	44	21	96	95	39	11	3	35	13	90	60	54	2	74	98	16	64	68	70	33	90	53	26	55	17	28	86	38	94	27	76	26	82	74	63	53	6	65	75	46	45	100	63	77	66	
47	95	20	86	94	95	89	15	93	3	77	46	72	20	4	26	43	19	2	13	32	88	5	51	41	86	76	40	3	34	60	43	11	37	20	65	72	29	99	94	33	6	69	38	89	13	65	54	72	54	1	14	12	35	55	54	16	20	72	40	
40	8	46	53	61	24	74	25	85	42	78	48	78	49	51	62	99	59	63	55	88	35	66	56	64	48	90	9	52	85	91	39	45	39	4	91	73	56	4	15	82	89	92	69	43	11	81	10	19	37	88	77	3	45	72	100	99	55	55	73	
20	98	89	25	17	30	18	94	99	97	75	43	33	3	27	88	20	67	49	29	92	39	52	39	43	95	34	29	54	64	14	85	68	97	94	75	45	65	28	33	72	48	51	4	45	34	24	13	82	31	17	96	90	41	89	5	10	3	1	52	
63	4	15	55	25	95	34	93	83	76	89	29	99	35	99	50	11	83	6	26	12	10	83	38	81	67	82	12	55	80	93	68	88	45	94	99	62	100	44	2	10	79	51	69	4	55	93	95	61	98	55	44	38	12	48	12	58	57	70	4	
71	38	34	34	85	44	38	10	64	53	26	86	39	6	40	54	84	5	39	37	78	12	1	34	32	9	15	30	80	67	78	100	29	53	48	30	5	10	93	88	25	24	18	87	68	69	45	52	82	75	14	72	46	35	98	94	79	77	62	91	
64	69	82	89	77	5	98	59	92	93	85	36	51	23	65	34	35	100	2	10	22	95	34	13	74	33	16	36	42	84	63	23	89	84	82	6	43	66	86	50	22	99	63	71	62	84	10	18	96	8	34	80	37	51	14	35	33	12	79	45	
94	2	67	11	95	78	93	56	68	44	10	22	63	46	26	44	52	45	71	81	42	87	19	23	38	73	44	35	23	70	1	9	86	67	58	95	18	4	20	87	35	15	42	84	12	36	100	84	63	9	98	95	53	46	55	7	13	12	10	69	
73	81	12	95	82	47	20	6	23	31	88	86	41	47	60	36	61	52	55	94	82	8	12	53	9	46	23	71	67	59	9	48	2	3	30	76	22	11	12	1	1	5	3	13	88	49	7	68	60	25	89	83	70	77	73	39	83	57	63	100	
43	68	69	41	30	11	25	95	63	21	60	24	4	28	65	73	66	55	98	31	95	73	12	67	38	82	41	28	6	5	95	14	65	90	22	7	33	25	54	9	32	46	26	14	49	78	56	42	3	35	50	59	5	91	92	69	38	54	48	85	
10	93	30	76	69	13	40	99	20	85	60	77	73	83	75	95	10	21	10	35	6	23	51	85	63	59	51	22	2	57	61	65	83	76	29	58	36	85	58	57	58	79	9	68	7	95	11	56	62	32	21	45	94	21	93	92	32	5	95	97	
75	19	49	17	46	92	45	37	57	58	21	12	44	7	15	89	33	41	73	69	66	75	59	68	34	59	67	61	8	73	50	39	8	37	88	76	11	24	76	33	69	81	41	20	1	57	15	26	59	87	35	1	52	90	56	11	99	3	71	23	
79	23	62	35	70	69	86	39	84	40	78	69	19	100	66	62	17	61	65	32	10	56	75	9	75	5	94	50	43	52	39	39	94	64	64	78	36	8	59	90	71	24	29	46	35	96	79	74	36	71	9	73	17	75	10	40	52	60	8	10	
65	34	40	57	32	86	7	71	62	14	86	4	67	8	87	72	85	13	38	51	71	84	75	21	24	2	56	31	94	79	17	15	42	77	82	16	34	94	33	20	16	12	24	82	33	40	69	25	54	100	33	10	89	14	10	19	87	60	69	77	
41	34	66	100	61	76	4	12	30	81	32	74	11	88	62	79	55	84	75	96	1	95	57	27	90	91	19	88	43	5	4	31	93	13	79	74	90	58	56	34	18	13	49	91	66	68	21	12	15	85	61	79	98	12	74	68	67	61	22	20	
3	25	58	37	15	20	40	52	38	12	84	62	58	80	84	99	53	70	36	84	57	5	99	11	62	90	20	92	7	54	27	50	56	8	60	94	98	40	48	91	27	99	41	27	64	84	53	37	17	48	70	92	20	53	84	67	56	68	30	77	
94	8	30	50	4	7	76	27	58	75	56	55	27	75	83	26	18	75	95	82	80	89	22	88	68	90	62	100	84	56	45	28	5	21	78	38	30	4	78	15	44	42	73	15	82	60	34	7	63	88	68	86	49	41	1	15	29	90	35	65	
30	57	41	8	11	32	73	67	87	52	4	67	31	42	25	47	15	79	89	77	68	70	82	76	1	23	47	9	28	11	87	31	27	7	98	70	48	96	33	36	17	100	32	78	23	21	24	40	62	14	46	68	96	55	34	16	62	85	4	59	
48	91	60	1	78	78	32	89	77	23	66	78	63	30	7	33	17	45	4	18	67	22	7	1	7	22	76	83	35	6	19	17	33	88	13	56	72	70	63	34	20	32	34	8	53	55	45	12	40	25	51	48	91	52	41	24	90	35	75	89	
37	34	78	18	91	37	57	16	4	19	46	28	32	27	84	8	92	24	66	14	12	25	71	39	69	54	55	4	59	70	25	25	27	49	67	63	91	57	93	76	82	89	6	20	54	28	79	70	59	48	90	100	50	20	22	39	13	78	95	70	
25	23	100	84	73	28	11	4	97	54	73	5	26	48	39	50	32	71	76	95	50	70	44	17	97	72	16	67	51	7	7	5	25	2	97	37	95	49	2	52	31	75	1	10	69	60	45	45	33	5	79	91	69	68	89	6	93	24	19	87	
52	53	41	86	61	67	64	29	18	53	4	75	15	56	36	8	86	53	56	62	21	64	48	1	33	85	57	30	2	64	18	72	100	95	83	77	60	27	72	8	49	84	16	66	28	77	24	90	98	92	11	44	89	29	94	50	70	93	16	78	
89	68	80	62	53	47	21	1	78	100	43	1	4	15	7	9	46	70	63	53	3	3	51	92	56	33	51	97	86	68	70	61	9	56	34	76	49	52	85	6	68	63	51	72	12	20	85	43	74	83	2	36	47	48	88	65	38	54	69	47	
31	14	27	48	47	37	88	7	39	86	2	29	73	69	25	63	12	69	58	33	43	45	81	17	50	17	2	80	12	21	89	8	68	3	30	99	81	93	74	86	16	57	3	98	33	20	81	51	56	68	6	35	14	98	55	49	78	4	77	77	
81	47	67	99	38	39	28	65	53	61	75	54	18	10	25	64	21	70	19	27	41	87	77	59	73	39	38	58	45	31	32	19	77	23	15	8	91	26	69	19	99	62	64	91	31	79	72	72	96	86	95	48	6	61	54	44	39	9	24	12	
6	56	60	94	65	92	64	36	25	96	41	92	82	26	30	84	51	41	87	22	18	83	16	53	39	90	94	48	89	34	30	86	30	66	86	15	96	80	31	55	16	54	99	41	94	7	15	61	17	64	16	69	8	31	75	16	69	42	89	56	
61	20	28	61	28	81	72	18	90	94	88	76	14	94	73	77	87	31	15	59	13	21	37	61	45	77	88	53	38	48	99	75	57	57	6	29	56	89	50	63	92	22	59	88	53	86	21	73	77	84	16	54	3	78	35	39	73	49	55	57	
33	42	55	38	40	83	7	49	87	42	94	100	41	36	20	18	73	24	12	21	9	92	52	61	96	73	34	31	28	95	27	24	19	19	59	68	63	21	60	93	31	88	38	4	5	56	34	67	96	74	82	72	51	69	13	73	75	36	54	56	
11	43	14	93	6	76	13	78	16	39	50	6	14	47	27	73	48	86	19	11	88	62	34	2	69	42	41	54	40	37	91	59	13	37	74	9	49	39	26	39	10	20	43	40	40	99	5	95	27	10	9	33	25	18	78	77	25	87	96	75	
100	39	8	7	59	69	20	60	44	37	74	44	86	70	27	54	24	92	88	20	61	64	29	54	61	1	60	86	74	64	64	16	73	37	38	93	63	15	84	4	40	30	36	13	47	36	80	13	90	7	60	13	99	28	87	41	30	70	25	44	
33	13	12	30	94	97	85	97	72	100	54	44	56	75	30	89	25	18	28	93	10	22	76	73	15	3	46	63	11	83	29	89	13	58	59	13	4	14	21	94	23	30	33	54	93	30	74	36	44	96	20	4	1	82	61	49	79	3	56	99	
93	63	55	81	54	3	82	96	25	48	22	12	18	58	83	83	29	84	25	80	25	35	24	73	22	64	75	52	23	57	15	70	43	66	97	41	56	72	41	24	56	91	67	9	20	93	78	86	22	62	75	35	51	45	60	90	77	10	50	80	
73	78	16	99	5	48	81	77	84	34	84	44	10	3	73	26	85	17	87	95	72	47	20	5	31	23	4	96	19	62	86	21	19	92	31	23	39	61	4	24	61	75	78	13	73	8	24	66	34	36	25	80	25	62	91	19	3	46	15	98	
75	95	18	60	9	13	55	82	78	94	2	71	7	96	76	63	16	63	76	22	78	33	66	19	7	25	58	64	1	72	7	81	17	13	56	33	53	64	70	91	37	61	75	69	67	82	55	29	48	22	21	13	93	7	100	96	85	87	91	17	
21	10	46	68	30	55	42	3	25	52	10	71	41	47	99	87	84	31	5	23	27	74	87	77	47	76	36	72	40	64	67	78	81	17	52	60	76	91	21	87	24	3	28	53	24	5	81	24	62	25	6	66	88	8	69	78	41	71	74	47	
99	39	62	6	35	68	67	28	66	60	44	96	79	88	100	74	68	13	34	65	98	62	92	82	43	38	72	73	66	72	30	60	30	94	23	82	95	14	82	53	13	94	29	99	81	63	18	77	1	21	10	22	51	56	81	6	85	53	32	74	
43	75	40	27	49	76	36	45	67	29	76	23	51	29	34	51	14	32	61	15	57	7	93	94	77	66	15	11	49	2	89	84	87	24	95	70	49	98	87	28	53	32	82	29	55	65	48	70	90	79	99	80	86	85	71	41	25	72	84	81	
15	68	54	64	42	15	4	82	33	70	33	14	16	59	52	8	9	66	3	93	86	76	82	3	84	29	3	81	38	34	100	67	44	98	41	97	80	56	63	2	54	69	2	84	49	26	58	3	14	65	95	50	1	71	83	24	85	21	50	51	
56	91	29	1	38	74	100	60	34	39	24	40	35	71	89	38	3	100	91	63	45	56	60	29	36	65	61	93	75	32	80	82	43	6	90	52	80	7	16	85	99	41	19	12	84	21	96	71	26	32	65	11	23	4	1	5	81	72	98	27	
81	6	57	96	64	48	86	100	27	45	13	59	32	48	39	11	17	89	57	96	26	83	42	12	78	2	95	83	23	57	56	93	76	15	89	37	6	74	10	92	21	64	82	98	47	33	94	37	31	84	45	56	76	70	75	37	24	44	18	54	
11	1	57	57	11	99	47	42	90	88	38	89	77	72	89	40	94	85	42	93	97	43	4	48	7	53	68	99	49	24	18	67	87	30	35	95	14	62	77	3	26	78	70	22	88	13	64	78	13	74	68	28	67	73	78	59	12	44	44	18	
83	64	79	62	58	26	18	92	93	76	93	3	56	80	53	100	61	95	76	99	70	18	72	29	70	73	82	70	77	72	81	85	76	58	20	38	20	79	84	40	1	41	76	18	16	79	28	35	80	90	97	44	63	52	9	57	48	81	2	49	
56	11	9	69	80	93	67	48	69	99	96	34	65	61	81	46	100	41	84	14	5	39	35	48	51	91	52	47	20	32	60	91	25	19	13	77	65	57	10	3	62	45	73	82	29	69	34	41	38	16	63	65	13	76	1	1	55	5	98	76	
83	58	81	44	54	38	61	58	9	37	14	75	15	89	84	66	78	99	89	83	14	2	61	25	19	74	45	83	54	5	93	28	11	58	57	53	81	90	9	36	71	55	79	90	38	23	21	68	43	81	47	77	42	81	64	70	55	2	49	36	
56	23	1	90	27	98	55	14	34	45	68	38	52	62	72	30	41	15	27	84	68	13	4	14	100	48	6	83	94	26	2	53	2	39	80	31	60	42	9	19	67	29	67	36	98	74	66	71	23	20	32	83	6	93	64	48	60	83	77	89	
23	16	27	20	22	13	68	18	21	84	21	78	2	73	55	75	36	44	6	78	49	77	86	40	88	47	67	20	16	77	51	52	6	70	18	49	11	57	91	68	30	53	32	98	50	33	34	7	35	50	34	75	41	35	58	4	26	73	84	96	
34	44	24	11	52	86	73	76	22	31	63	96	87	9	54	5	20	73	92	23	9	9	66	5	54	27	72	67	41	94	65	32	1	7	46	10	80	27	90	55	41	75	49	67	69	12	98	51	15	13	39	56	85	1	88	41	33	5	4	56	
32	38	88	43	66	42	52	6	90	25	7	5	11	81	68	12	99	55	82	45	31	17	1	13	67	39	54	42	88	1	82	44	11	28	6	98	75	37	29	23	58	40	96	64	4	22	94	40	77	60	24	55	28	65	95	43	4	65	22	61	
22	96	89	10	35	22	38	29	3	32	18	64	73	32	67	97	57	20	17	35	48	84	81	4	27	89	89	66	23	25	18	5	35	84	58	7	2	43	78	51	47	84	47	70	66	97	98	91	29	81	50	84	35	16	45	5	43	69	35	45	
96	93	74	11	52	47	81	27	95	11	84	76	73	59	32	24	50	23	7	22	80	55	25	52	6	11	12	66	21	97	9	49	40	79	24	98	28	11	30	5	67	47	89	38	36	78	4	15	80	38	44	96	95	80	58	42	42	20	81	78	
95	86	70	21	82	21	39	15	11	54	69	45	56	37	57	26	24	10	84	75	56	30	66	3	53	6	56	99	98	97	86	97	35	26	68	46	30	61	58	34	82	35	9	100	41	66	28	91	50	5	49	39	90	55	28	27	30	35	9	43	
On machine	2
78	93	33	100	1	27	65	47	1	70	90	50	76	93	20	90	14	50	5	34	89	29	21	87	7	34	28	9	95	82	27	96	63	24	63	87	15	79	18	57	58	52	51	16	29	54	56	78	44	42	34	22	77	64	16	72	74	21	96	13	
47	79	75	97	43	6	19	17	63	24	98	15	41	43	21	75	69	57	90	69	78	20	25	41	47	40	100	18	71	2	33	62	10	38	37	16	57	87	19	3	89	13	67	2	34	11	19	60	21	90	81	39	76	2	63	99	90	3	91	60	
55	59	43	100	72	55	48	34	18	47	77	20	31	85	35	38	38	24	71	63	100	57	79	39	43	30	32	33	62	51	31	39	65	14	34	65	82	78	34	74	88	66	15	65	95	62	3	82	24	82	31	99	23	10	82	29	26	86	55	3	
12	59	42	3	77	77	50	50	19	31	69	33	2	88	23	89	76	43	55	39	49	17	32	40	61	85	75	74	53	13	58	88	14	87	4	39	88	2	70	74	52	26	50	10	44	25	61	73	99	48	31	48	39	61	69	83	50	66	34	82	
29	54	67	65	79	11	51	11	33	100	11	11	16	19	93	86	43	17	27	17	15	9	54	94	76	43	12	48	22	86	15	32	37	87	15	61	36	23	66	56	60	83	93	25	39	54	1	45	2	77	20	48	72	74	38	100	44	25	99	46	
2	59	66	13	37	51	70	65	15	95	20	50	61	30	72	9	9	20	64	42	6	7	7	15	14	43	81	31	10	68	72	46	77	18	18	20	69	86	4	57	7	15	6	12	45	87	76	75	11	19	88	45	49	85	65	25	78	28	32	58	
50	1	73	40	95	76	24	90	18	100	56	4	60	91	68	67	91	29	64	26	92	77	2	59	5	45	66	43	27	25	63	26	20	14	51	43	1	27	20	30	47	61	3	66	23	8	2	14	96	33	37	59	24	60	90	32	26	29	58	56	
58	47	65	55	52	1	21	95	30	17	34	93	61	77	61	60	3	68	27	26	63	69	63	25	44	90	84	51	6	3	88	77	89	52	16	4	27	85	41	61	50	72	42	35	47	80	46	62	1	56	12	83	12	14	82	33	15	33	8	77	
23	5	9	77	38	17	78	10	1	53	97	97	54	34	43	23	33	75	78	35	47	73	50	40	35	40	34	50	61	7	33	46	92	2	10	13	17	35	36	76	72	63	50	46	33	30	86	94	95	92	81	68	3	69	15	57	77	83	98	33	
2	43	56	33	46	94	81	73	96	44	26	23	22	2	64	45	35	64	43	27	54	68	78	41	85	42	3	71	85	48	56	98	87	25	89	54	60	13	82	96	45	2	4	3	74	22	71	53	73	59	38	79	5	100	2	57	43	38	32	26	
91	37	90	16	92	81	100	34	86	91	47	47	60	48	45	79	97	75	6	23	21	89	15	73	92	18	85	76	19	23	4	69	36	52	89	15	19	91	77	5	24	92	74	17	27	33	15	23	38	45	11	26	46	5	70	14	36	52	95	51	
52	72	77	61	39	59	45	85	34	83	91	38	83	44	37	51	68	31	60	80	21	48	92	63	45	79	18	10	68	64	4	90	75	49	57	98	64	24	81	31	100	69	35	78	18	43	6	89	62	57	17	34	50	68	62	58	76	28	64	76	
64	84	87	92	79	62	72	19	88	46	99	60	69	41	25	44	94	49	25	22	18	15	73	76	74	86	37	86	58	86	32	37	49	3	57	14	88	2	8	36	30	89	61	26	26	75	57	65	89	22	44	70	71	53	6	75	52	80	32	88	
3	70	94	88	53	13	62	35	19	48	64	70	54	48	40	13	82	27	19	41	26	87	9	42	85	71	42	70	20	63	73	55	24	12	49	34	23	6	86	28	82	53	27	81	72	53	8	26	78	6	14	47	2	66	74	6	52	49	62	74	
95	48	14	8	20	93	79	22	80	5	85	21	19	22	42	4	5	63	40	65	44	98	4	99	99	53	29	17	61	51	70	79	4	9	84	22	59	7	50	37	58	68	46	65	98	79	33	80	52	6	50	81	14	9	99	19	40	98	67	24	
59	90	18	76	19	92	47	62	34	4	87	70	4	47	35	4	46	92	16	92	58	6	52	87	76	25	64	36	57	59	47	98	90	60	14	70	57	35	70	20	64	42	62	26	75	64	78	71	55	49	58	97	78	55	67	18	48	48	50	57	
98	22	71	68	59	6	17	4	45	48	59	75	1	99	38	9	37	4	76	58	77	83	12	59	80	10	15	67	80	96	31	92	88	5	73	54	33	53	45	94	91	2	16	31	22	33	29	34	40	19	69	80	61	80	55	81	8	93	88	49	
44	71	93	25	63	59	58	31	5	75	60	2	44	36	22	54	98	54	37	26	40	93	92	42	46	70	9	7	55	89	13	41	42	88	85	17	33	68	34	35	65	98	83	22	35	20	21	25	97	17	47	12	8	11	58	40	4	3	22	58	
52	23	91	7	76	43	35	99	28	48	45	92	63	60	89	62	4	25	29	91	48	30	35	97	24	51	80	92	32	77	28	26	15	77	55	66	69	52	27	49	83	47	7	47	46	51	36	35	3	19	33	17	74	45	93	56	48	63	4	13	
57	71	13	78	69	37	7	66	42	10	33	44	79	77	35	43	87	6	70	29	29	2	55	62	59	2	68	78	49	25	18	1	99	12	83	55	81	53	23	45	78	64	40	75	43	86	18	73	53	80	24	3	25	42	21	40	83	85	62	19	
78	19	12	49	74	14	28	5	99	43	81	29	21	39	25	3	11	18	80	96	76	75	50	93	76	36	92	91	55	30	93	78	27	20	8	40	27	100	96	83	84	86	59	66	7	12	20	31	35	49	13	18	13	42	20	77	13	50	100	13	
10	89	66	63	68	3	72	47	29	82	85	85	3	29	74	1	73	7	73	37	8	91	49	43	83	13	25	1	80	13	80	23	45	26	8	87	18	82	30	33	81	16	46	80	40	54	14	33	78	68	52	37	69	85	51	65	34	72	79	57	
29	21	38	100	86	26	65	6	4	28	55	87	78	10	50	48	56	4	35	83	78	16	80	92	34	37	25	97	42	83	76	42	29	35	80	13	19	83	35	48	99	81	14	52	8	84	90	72	53	59	29	67	58	89	67	98	100	21	9	49	
44	58	5	95	55	49	51	53	60	46	72	47	22	49	85	33	91	79	10	9	82	59	91	20	97	8	7	62	38	75	12	85	71	62	66	61	63	89	31	38	51	44	46	82	33	68	10	90	40	13	6	94	4	80	55	39	3	46	81	65	
100	37	13	25	51	5	86	60	86	14	72	72	98	20	81	35	40	42	2	70	26	23	29	32	25	98	87	75	77	54	57	26	51	77	62	16	73	12	43	83	3	11	25	88	1	1	23	31	96	75	13	50	22	26	84	2	28	17	96	5	
82	31	58	42	30	97	9	94	52	64	63	35	2	74	83	74	18	65	3	69	28	36	63	93	22	24	96	62	9	46	53	60	78	63	57	80	89	32	43	52	33	15	67	19	51	22	38	41	7	67	72	53	49	55	7	56	52	98	71	37	
41	87	40	33	50	81	15	49	93	82	56	42	86	7	23	88	31	43	54	26	51	82	67	65	73	69	39	50	99	49	73	97	43	77	3	4	13	1	14	1	48	11	8	3	49	62	55	62	65	89	95	88	95	100	12	54	2	75	21	80	
12	56	88	86	11	53	59	12	43	86	18	91	13	19	99	4	49	54	38	4	22	80	33	44	14	24	51	87	44	3	54	74	66	82	82	19	54	81	96	54	76	82	49	83	13	70	92	64	43	70	70	86	49	32	3	70	40	10	79	62	
17	51	38	15	65	5	81	21	23	31	6	81	13	52	81	19	30	24	28	64	50	78	97	85	70	29	18	29	37	26	81	87	91	13	12	80	10	88	91	24	82	34	80	6	13	73	40	41	47	45	79	43	82	97	24	85	21	87	22	77	
98	92	25	79	74	19	54	32	92	39	8	98	76	53	52	60	33	35	72	37	100	93	57	94	48	29	70	81	87	54	63	63	74	41	3	30	52	92	6	64	35	50	14	58	88	22	52	4	88	83	42	68	66	92	74	37	50	57	81	70	
91	42	24	55	46	55	23	67	95	28	85	55	23	97	12	22	86	68	85	53	22	41	37	65	100	71	45	79	87	13	15	27	38	64	31	48	88	67	81	31	46	15	7	42	33	68	89	19	79	87	55	80	43	13	95	73	35	84	60	89	
16	45	21	65	42	98	38	27	6	25	24	65	62	13	28	88	72	71	86	16	21	7	74	49	84	92	10	8	49	89	37	54	59	18	67	8	33	54	74	67	64	26	89	22	42	42	71	46	9	58	31	54	15	20	53	79	8	44	91	89	
100	8	5	91	31	42	41	15	83	74	35	1	21	80	64	30	34	90	98	24	39	69	72	16	34	86	41	51	71	27	6	17	23	27	91	71	8	46	51	58	38	36	57	21	65	85	57	88	26	13	71	57	18	89	8	27	36	61	58	64	
62	7	71	59	63	68	29	23	31	7	56	79	64	43	43	38	80	48	64	36	55	95	59	2	34	84	28	14	88	37	92	79	56	2	57	96	11	49	53	98	95	51	38	95	32	2	98	25	42	28	64	91	100	88	97	6	32	40	73	19	
70	35	67	47	65	15	90	11	3	53	100	9	32	87	95	65	27	19	35	77	24	35	59	9	54	44	59	10	23	55	33	15	3	9	10	73	58	26	12	97	88	100	14	24	95	72	48	87	44	65	31	46	62	92	3	85	51	44	87	41	
7	79	24	24	58	12	23	25	97	98	56	90	21	2	39	98	71	45	36	1	23	76	69	78	14	39	69	88	73	38	62	88	53	74	44	6	79	33	4	54	45	49	38	61	74	43	55	48	68	93	21	52	53	20	4	3	6	96	52	66	
80	40	100	95	83	22	47	92	91	86	58	77	87	74	61	91	95	35	45	13	31	58	13	96	60	65	55	81	21	67	98	66	42	28	85	29	88	18	39	59	65	25	25	93	41	49	15	3	45	26	98	90	59	55	45	92	22	11	51	61	
8	72	73	16	41	84	73	14	81	70	78	54	81	28	48	31	14	70	10	26	27	92	38	99	48	56	69	8	91	22	84	15	5	47	98	81	36	83	23	36	8	42	8	98	96	49	76	42	47	14	43	63	58	77	57	19	91	77	93	90	
66	30	22	38	51	8	45	69	68	68	96	64	40	5	31	55	17	31	26	67	38	3	30	23	64	25	87	50	6	49	4	83	87	100	65	19	39	55	74	59	52	17	93	33	78	53	30	60	56	22	48	73	17	14	39	26	51	45	59	21	
44	27	52	14	78	26	84	33	99	36	29	40	16	69	43	61	17	94	76	26	42	34	35	49	72	35	25	95	71	43	10	12	42	4	31	13	4	69	20	17	82	52	9	7	33	32	89	60	13	14	94	36	46	43	10	43	21	7	65	62	
83	93	12	30	74	29	94	16	8	90	85	30	36	45	35	29	53	46	70	67	50	18	96	15	16	25	71	90	78	16	87	68	95	65	9	76	39	62	45	72	78	48	27	21	74	81	43	81	39	47	97	74	41	62	46	62	80	92	16	87	
15	32	39	25	59	65	45	1	61	51	7	65	83	34	62	29	63	2	25	84	64	7	15	32	61	46	27	50	79	48	14	17	34	41	57	88	35	95	4	86	97	21	26	22	66	6	9	87	39	2	93	26	82	94	44	14	78	23	77	94	
96	1	37	93	33	45	61	18	68	25	69	35	30	82	32	44	83	87	62	15	95	24	78	38	20	45	36	19	57	59	86	47	91	91	93	79	4	27	58	51	42	90	61	39	4	92	6	38	3	96	43	92	86	91	97	61	54	26	14	4	
21	72	31	73	41	55	93	65	97	19	9	62	87	22	8	82	92	25	88	53	4	91	85	87	96	13	54	74	5	2	72	12	58	24	39	71	61	95	18	2	30	36	30	67	45	21	2	42	93	71	66	81	13	55	51	59	5	45	41	30	
36	74	4	48	17	33	64	18	84	48	88	92	10	8	21	91	3	51	74	48	71	100	15	81	95	76	15	61	18	23	66	24	23	4	11	8	73	26	40	65	48	83	23	100	10	50	66	66	94	8	94	91	83	70	33	57	32	2	11	33	
38	3	61	57	87	58	61	7	30	14	89	37	75	67	79	45	93	54	8	95	24	24	96	17	80	80	2	90	15	85	84	6	94	53	41	5	27	95	93	53	89	95	21	29	60	63	84	4	87	32	4	91	52	91	21	30	74	50	23	64	
48	73	46	68	9	93	43	15	51	10	17	15	41	8	97	82	48	73	33	44	80	44	70	41	7	5	81	91	10	16	51	2	80	15	45	36	71	23	91	47	84	97	43	49	78	81	100	76	90	92	95	58	57	99	70	38	35	90	88	51	
86	26	64	41	2	21	33	10	92	60	25	63	57	83	20	35	80	22	32	30	86	84	6	94	29	87	24	18	91	75	25	56	37	12	20	84	19	40	29	53	17	2	76	100	14	56	32	75	28	19	79	37	13	76	6	59	100	13	3	20	
7	46	77	67	20	58	4	16	45	49	94	50	13	62	26	73	79	76	66	100	61	12	50	32	90	30	3	49	39	2	1	60	32	29	36	47	89	24	48	89	42	90	20	9	80	73	9	32	21	63	16	96	48	58	41	24	53	73	76	53	
9	88	60	64	53	78	26	5	27	58	40	98	50	9	39	29	11	77	14	37	15	73	40	72	83	23	64	96	10	61	42	47	34	29	49	57	6	15	11	16	42	20	88	47	83	76	51	34	61	72	17	57	90	26	3	27	24	96	54	69	
54	23	54	2	31	23	83	14	36	59	87	42	75	55	19	14	71	37	59	5	78	32	45	64	9	42	37	53	91	78	65	42	48	77	29	43	83	92	68	44	34	61	25	67	89	89	47	80	54	27	5	46	75	51	12	41	56	5	14	100	
31	51	3	52	41	48	98	86	94	99	62	66	36	75	94	36	48	96	38	72	14	54	63	20	23	4	20	9	19	68	6	38	84	16	29	11	87	56	20	74	5	95	74	74	90	16	38	85	41	34	45	88	49	85	82	80	22	47	22	99	
39	77	56	95	22	22	54	70	56	90	58	35	11	46	36	32	21	100	33	69	51	9	75	32	98	26	9	1	100	51	26	48	59	49	9	28	41	32	48	90	60	100	81	26	72	63	32	50	33	75	94	5	90	76	22	21	82	80	98	52	
50	74	92	31	7	65	17	12	70	25	93	70	57	40	93	27	9	78	66	41	4	21	39	64	99	6	96	39	63	11	71	88	56	51	99	69	88	71	64	16	29	31	99	19	17	24	70	73	36	67	25	59	32	18	54	79	13	85	98	81	
84	88	21	94	28	70	17	53	49	13	74	64	32	61	88	16	56	70	51	25	99	26	54	36	52	10	64	1	60	16	80	83	62	9	8	74	76	100	28	17	50	2	34	7	25	75	41	18	28	25	22	34	2	31	18	40	80	41	61	43	
68	15	14	87	99	71	100	59	3	55	73	98	64	14	77	18	79	13	89	89	7	4	29	9	12	39	62	13	77	88	76	73	54	50	91	42	34	38	97	34	5	36	11	78	74	24	67	92	95	67	50	96	40	53	93	82	57	92	25	42	
50	25	43	50	33	37	57	39	91	7	2	78	75	27	56	13	40	42	4	86	68	45	30	84	56	83	70	8	25	47	30	17	47	93	96	91	82	72	42	76	67	36	92	92	32	57	38	98	2	7	28	44	86	35	86	72	90	38	19	35	
37	41	48	71	65	33	8	35	36	3	99	89	73	23	44	35	92	40	79	66	13	91	10	1	69	9	62	17	26	30	70	100	68	64	44	43	43	15	23	47	95	26	64	59	65	90	71	24	100	38	13	65	64	66	96	85	62	87	58	18	
24	31	89	67	94	18	34	14	65	45	53	50	51	54	28	38	76	31	92	99	91	29	100	74	100	36	100	78	40	38	21	84	93	85	9	51	52	53	50	3	28	58	45	21	61	77	69	53	17	100	26	23	65	39	86	85	3	70	71	21	
71	12	57	58	48	65	38	97	69	75	47	39	7	89	53	63	40	72	49	37	44	91	96	84	83	78	34	32	40	70	96	49	52	47	56	97	18	73	84	5	5	99	34	25	86	76	31	6	32	100	21	65	26	55	95	96	36	4	95	52	
On machine	3
48	69	1	11	42	21	27	97	41	50	90	98	13	56	40	34	98	82	36	63	78	99	85	54	42	16	55	60	4	56	6	92	49	67	8	26	61	36	1	57	39	33	38	24	39	28	75	86	82	7	64	44	77	59	1	91	48	90	8	3	
36	26	59	5	74	29	83	60	58	70	28	22	8	56	14	88	62	14	7	4	94	51	10	49	57	19	8	73	80	65	21	74	3	50	30	86	99	21	56	9	8	21	42	75	86	89	3	22	51	58	26	16	30	74	80	33	79	66	4	72	
87	57	35	16	41	48	82	69	77	37	63	90	47	68	1	73	27	98	96	9	72	56	2	32	35	8	72	41	90	38	39	31	92	18	59	95	78	92	32	62	7	40	46	47	12	71	47	15	31	49	55	94	84	84	29	93	28	81	31	81	
6	18	46	35	32	60	71	63	7	98	17	50	33	25	43	43	26	6	41	6	4	73	42	44	12	70	21	90	78	53	97	76	35	74	48	75	53	67	19	38	79	34	58	21	43	18	68	3	13	64	98	26	68	33	59	20	2	23	75	13	
59	17	85	14	78	58	55	88	85	52	89	53	11	84	66	74	38	78	35	74	89	23	88	26	86	63	40	2	68	65	78	98	29	31	13	4	34	34	93	77	96	25	35	39	73	81	36	78	94	29	29	93	67	39	97	35	71	86	25	29	
82	37	4	86	56	52	31	78	96	82	12	91	37	99	83	77	7	3	83	80	1	95	69	56	86	82	2	88	10	34	92	33	79	28	75	93	14	5	28	95	51	2	46	86	100	19	91	46	9	48	76	33	61	100	17	82	47	41	63	58	
67	63	51	68	87	40	72	74	29	76	100	68	11	71	47	57	57	59	92	76	73	62	71	61	85	96	63	79	80	20	60	96	22	1	88	11	30	31	27	94	37	55	7	68	56	51	25	4	92	61	17	59	53	39	8	67	98	71	72	16	
75	71	28	59	64	4	17	65	61	31	56	88	48	93	12	24	91	51	74	41	34	32	8	76	65	21	83	23	66	13	12	17	52	63	21	42	60	96	63	55	26	30	98	37	88	77	89	92	15	100	40	49	55	11	67	31	87	70	75	46	
39	70	19	29	89	46	45	50	55	66	49	100	100	58	11	24	93	25	72	11	88	36	89	55	73	4	7	19	57	93	22	24	73	31	32	25	64	54	61	63	71	68	5	6	20	65	5	10	9	52	70	85	35	53	10	89	50	14	72	93	
78	45	74	20	70	74	29	69	13	33	80	64	46	23	61	69	16	50	45	95	62	42	27	4	71	21	6	23	61	45	14	96	43	68	40	71	49	16	20	12	66	49	4	14	92	16	86	14	15	93	47	18	55	43	26	17	8	98	7	6	
59	65	16	29	75	81	79	20	63	6	90	98	85	13	19	12	99	97	16	85	38	90	14	60	37	35	48	31	23	19	55	58	71	74	36	16	26	24	41	88	53	55	91	64	22	56	63	67	5	20	59	53	32	85	4	44	66	62	18	40	
47	71	19	6	41	40	32	40	44	81	56	31	68	42	10	34	27	20	62	26	22	32	59	11	77	74	27	99	17	72	90	100	12	56	83	50	89	95	65	5	34	88	45	84	100	45	9	23	10	100	61	78	76	48	95	42	41	65	44	60	
35	41	57	56	10	93	19	36	12	36	3	8	35	30	80	52	55	75	46	40	78	72	59	19	73	82	84	91	61	50	39	72	82	78	50	76	58	14	86	77	53	93	77	37	8	5	89	14	15	39	22	12	64	24	42	20	92	13	14	22	
96	38	16	86	65	25	35	19	39	35	30	32	100	95	29	35	79	62	48	95	75	47	37	64	94	32	80	90	94	21	41	90	71	83	26	59	32	55	82	33	62	88	13	31	86	39	97	71	70	66	24	22	76	38	95	72	95	84	98	80	
18	82	89	43	100	58	82	91	80	77	64	28	30	85	20	46	54	47	26	4	29	63	70	96	1	52	71	71	16	85	40	83	12	40	89	87	33	52	44	21	48	93	89	33	75	23	91	22	24	49	32	15	31	82	22	28	78	93	42	89	
3	89	6	30	4	35	6	47	74	67	96	30	88	45	37	71	57	12	81	79	33	35	62	48	47	68	40	3	47	97	89	43	63	97	43	30	67	11	8	10	93	57	2	37	29	32	55	20	65	13	36	76	24	63	6	30	12	80	68	77	
97	69	61	41	32	30	57	94	84	40	35	86	20	89	54	71	78	57	96	16	82	3	50	82	53	88	86	18	51	61	37	49	87	43	13	78	75	18	38	11	20	26	95	39	14	78	23	68	55	22	17	20	84	72	76	36	89	65	63	55	
22	69	32	92	62	52	100	47	83	46	95	9	77	10	32	30	60	58	70	3	24	94	72	84	12	62	82	55	43	48	33	45	9	11	89	17	4	97	49	91	8	47	91	23	77	26	61	38	41	12	79	92	26	5	57	79	33	95	60	62	
39	92	28	82	54	11	100	45	15	8	57	15	67	100	12	98	48	12	99	69	97	68	14	60	16	19	6	74	43	77	17	18	81	13	83	16	67	5	41	71	35	18	88	79	3	68	56	81	32	66	34	84	69	74	63	71	91	68	81	56	
31	95	51	63	14	95	40	55	47	81	44	28	86	56	46	2	84	97	17	33	15	26	58	5	51	90	65	64	62	80	92	6	16	85	8	72	65	90	73	96	59	75	88	28	66	85	3	25	79	14	1	81	61	54	62	8	42	28	13	84	
81	83	41	95	78	98	61	98	3	47	27	31	25	39	46	50	19	96	66	15	46	95	37	34	12	84	80	29	59	12	55	50	48	37	72	84	25	72	61	100	75	12	50	3	67	41	74	86	31	19	80	93	76	100	40	4	22	47	74	90	
56	54	23	91	76	71	35	25	94	54	54	11	41	98	61	85	65	97	80	34	72	45	29	74	18	69	48	10	22	71	17	42	8	43	69	7	52	7	77	93	48	76	98	70	5	85	82	36	94	72	59	63	85	66	29	31	50	26	11	13	
57	52	49	91	23	85	64	5	76	2	17	21	80	22	11	94	84	18	35	9	90	80	97	20	27	38	36	55	79	43	74	48	14	50	9	34	2	69	70	1	61	17	80	100	77	53	59	3	37	39	85	11	85	18	92	91	97	17	6	3	
73	76	97	56	25	25	15	58	72	100	29	20	30	2	90	11	19	15	62	24	36	94	92	11	40	99	33	100	75	59	66	15	29	93	60	52	2	69	77	7	93	64	74	90	83	47	11	25	86	69	62	29	66	54	91	64	74	49	96	84	
17	48	81	58	2	15	98	29	34	74	84	87	82	31	88	82	69	39	6	39	15	27	53	28	86	94	88	51	39	14	76	15	28	40	51	25	81	76	65	46	88	28	56	52	86	84	13	41	43	61	12	73	5	82	49	2	4	20	53	44	
12	17	19	76	51	51	80	95	76	94	99	12	45	55	53	22	81	58	3	87	73	35	66	34	52	40	16	46	4	39	99	70	63	1	27	87	46	34	39	41	97	35	97	3	92	76	2	38	68	35	3	43	44	8	77	58	77	27	7	89	
83	19	70	18	63	56	21	82	82	3	6	26	16	13	34	70	97	77	68	96	14	46	45	77	11	96	56	70	31	14	61	74	80	64	50	27	5	21	9	27	74	40	27	71	27	58	48	42	76	43	52	19	43	39	45	30	78	47	50	86	
26	24	40	43	48	42	91	2	11	84	15	34	14	27	51	20	60	20	89	50	18	27	92	19	75	10	39	82	93	9	10	77	3	95	22	52	18	89	16	99	68	17	54	56	39	78	30	72	34	90	31	3	94	80	92	34	95	3	18	56	
85	26	57	8	97	46	72	31	30	69	82	65	89	4	28	16	32	35	87	88	66	48	64	48	16	49	34	21	78	46	91	81	89	78	15	99	4	45	10	77	4	82	21	72	81	49	19	83	53	12	80	83	99	54	69	42	44	84	96	35	
65	15	55	92	22	9	44	93	16	43	8	69	73	60	61	53	80	68	4	61	7	84	71	30	5	15	41	13	15	64	27	50	18	2	59	34	10	28	40	26	86	42	89	88	44	31	73	28	82	94	39	65	77	94	57	60	85	57	38	32	
45	36	47	62	4	48	6	59	27	9	70	59	93	58	35	93	42	60	95	72	48	9	71	84	23	84	74	94	33	20	58	8	60	46	48	32	40	43	51	22	57	61	36	8	82	85	40	14	61	73	33	54	97	78	65	77	54	93	25	43	
39	26	30	92	30	37	54	36	16	92	69	24	26	57	12	44	56	72	25	87	47	64	32	2	77	82	42	49	16	61	20	76	23	12	98	45	74	53	60	81	39	16	89	4	44	99	39	100	11	15	26	61	24	59	40	95	65	79	4	76	
44	92	1	21	28	34	58	30	85	2	68	28	21	85	27	74	59	97	28	31	11	58	34	88	54	16	73	9	100	19	44	41	7	90	49	61	62	92	93	56	33	25	44	60	27	85	83	92	69	82	65	50	9	30	27	59	87	26	86	41	
46	24	73	68	59	92	48	69	29	39	77	34	72	96	93	90	56	51	44	16	48	93	100	25	88	5	67	11	42	76	68	79	100	72	89	90	63	64	50	44	58	41	32	21	98	52	58	49	32	98	20	14	16	96	86	83	92	41	39	83	
56	24	79	34	81	22	42	79	27	75	47	43	8	16	99	77	14	65	85	62	75	28	37	99	67	26	51	77	62	80	79	24	40	57	51	43	9	78	37	14	4	58	30	9	99	94	77	37	8	40	52	77	34	20	44	51	79	47	87	78	
97	12	11	25	86	27	80	33	60	100	98	16	93	11	96	47	80	57	16	46	8	11	12	65	16	6	4	61	39	91	26	54	25	39	42	47	95	86	70	21	43	55	1	13	66	32	77	53	58	100	50	51	23	48	85	22	26	98	43	61	
44	22	35	27	7	19	38	62	13	18	28	46	25	33	9	72	48	83	9	74	73	2	37	13	72	49	31	70	31	24	96	57	36	36	19	11	89	87	45	13	2	7	27	77	35	38	7	33	70	94	32	22	89	25	51	27	51	48	74	82	
23	28	58	26	74	61	50	42	90	95	100	21	62	1	47	34	100	52	32	49	40	91	85	63	35	44	21	2	4	44	77	29	90	38	10	55	19	57	40	49	15	43	90	41	8	48	4	96	36	76	70	76	15	36	49	50	98	19	62	14	
52	64	9	69	17	26	48	38	17	85	1	16	66	15	61	10	68	29	82	68	91	62	65	9	94	20	4	2	31	90	12	50	27	42	6	82	15	20	27	43	91	67	16	54	42	43	3	31	10	54	68	45	42	74	15	89	89	35	2	53	
77	81	21	39	35	5	8	45	89	57	85	43	73	64	39	27	36	75	2	89	19	37	87	44	92	61	66	59	88	5	99	99	8	64	34	80	2	45	55	18	41	27	48	90	76	97	24	61	66	75	88	36	54	20	35	40	5	17	87	72	
60	50	82	25	28	96	43	50	59	58	62	56	33	68	61	3	55	88	32	69	51	55	17	35	87	45	8	34	10	24	34	55	84	94	49	43	30	43	64	64	83	100	78	72	57	98	88	83	14	59	90	90	64	11	99	54	35	22	6	82	
58	40	15	41	49	57	94	52	41	94	96	11	64	31	87	33	95	87	49	97	30	29	100	86	79	52	56	6	93	57	100	31	1	43	58	38	58	23	86	9	46	50	29	90	37	8	45	32	97	21	79	58	62	49	60	9	27	36	74	39	
33	89	63	53	16	60	10	29	91	80	60	29	23	93	33	70	11	49	44	20	3	66	40	85	46	73	11	4	4	9	83	81	76	57	40	78	42	30	41	67	72	77	58	17	82	92	37	31	12	79	43	70	83	37	38	3	94	48	93	71	
67	89	36	26	12	31	8	55	11	79	1	83	38	96	54	4	95	60	52	24	7	19	44	14	3	34	6	12	99	26	18	1	31	54	8	17	88	82	18	31	88	78	67	82	4	55	29	43	56	96	80	42	44	51	13	7	86	1	28	87	
32	87	34	11	8	91	57	64	53	78	89	71	28	83	98	39	26	64	99	10	95	43	39	52	80	29	19	62	89	38	7	9	74	43	56	72	7	35	97	23	37	19	44	34	83	30	8	39	13	73	16	8	31	67	35	95	50	35	38	14	
59	53	33	97	52	10	73	49	94	76	25	56	15	5	40	34	97	39	63	10	76	60	68	61	49	11	62	18	2	87	13	24	40	42	16	84	2	96	77	93	36	81	61	96	75	36	41	11	15	46	16	15	43	35	14	86	56	67	29	78	
29	31	58	11	4	81	85	37	40	81	92	85	54	34	45	85	14	77	11	63	36	67	7	63	55	9	16	55	92	11	3	71	33	17	55	16	52	62	56	1	63	6	82	93	2	35	100	75	75	54	18	39	60	2	28	33	58	90	72	68	
57	67	70	32	33	56	93	70	43	25	33	59	74	81	14	40	95	68	40	54	79	100	1	54	44	36	59	46	83	53	82	75	48	43	32	6	18	60	92	30	69	95	35	36	89	12	57	47	42	61	27	21	56	76	1	41	43	95	63	65	
99	4	20	91	52	27	50	44	62	73	79	12	47	74	7	100	73	5	52	17	77	30	46	80	88	40	94	27	38	29	61	59	28	18	25	50	90	91	100	71	12	39	52	83	88	20	77	54	97	34	4	83	70	71	69	76	27	86	96	94	
71	64	25	71	29	31	40	81	5	55	14	86	33	98	41	8	100	35	25	47	13	1	96	32	13	61	87	97	39	4	91	82	48	14	11	18	11	48	82	31	73	88	7	62	59	26	47	2	52	5	55	98	18	44	43	45	25	94	10	2	
38	88	30	88	37	5	67	92	24	71	31	8	62	8	85	46	13	63	78	78	75	96	87	4	51	98	28	90	58	79	68	24	12	57	7	36	60	79	20	56	34	33	43	46	69	17	38	27	52	82	42	67	25	94	28	64	32	98	40	62	
56	41	10	38	95	35	12	1	11	27	23	51	81	38	73	98	53	61	75	33	18	17	14	94	91	30	39	55	58	10	39	9	92	54	76	61	69	42	10	20	5	56	48	88	84	51	15	79	34	10	91	31	98	9	79	7	52	20	68	29	
72	33	17	8	33	76	86	80	21	29	64	88	55	24	83	88	7	70	31	23	93	6	40	98	84	59	54	45	52	60	15	41	94	99	6	23	7	42	51	60	56	18	48	54	32	34	40	46	94	93	86	26	41	83	88	85	89	1	56	69	
27	62	100	56	20	4	73	45	38	75	33	5	52	24	96	94	40	6	83	95	98	82	52	73	46	52	61	49	28	37	48	66	10	90	62	45	95	12	23	87	11	45	14	90	36	32	21	71	75	44	59	47	18	67	64	4	44	5	29	21	
1	98	53	81	96	20	30	21	74	51	28	53	42	3	31	36	77	56	67	41	94	100	73	81	98	43	68	54	60	54	93	74	49	15	70	13	6	12	48	71	22	14	100	70	1	85	3	34	57	77	82	85	16	7	13	21	26	1	38	44	
49	90	96	20	27	54	64	55	55	74	16	88	81	27	51	22	94	39	76	85	67	43	50	7	22	15	91	100	35	35	59	89	64	55	12	78	31	10	39	90	55	30	54	8	77	15	64	54	52	97	8	60	79	99	94	66	54	57	34	54	
37	36	47	26	48	5	59	77	73	79	35	23	14	21	33	2	42	3	60	98	32	43	17	76	10	23	71	83	82	46	24	63	86	28	58	19	73	46	14	84	42	21	28	18	65	1	79	22	54	81	59	45	88	37	1	53	51	25	9	97	
74	12	31	77	52	99	47	51	75	67	69	8	69	96	29	62	3	75	70	89	71	3	57	8	38	27	48	54	42	47	72	77	84	69	8	59	46	37	11	98	51	36	72	64	99	28	56	68	52	64	39	35	93	23	14	26	90	42	68	47	
68	99	28	11	38	75	99	39	92	30	78	98	24	73	58	41	87	77	59	3	33	35	1	63	98	63	62	96	15	56	19	77	88	19	44	14	84	76	63	62	59	98	84	36	78	15	13	38	1	31	95	28	25	7	98	18	80	6	36	2	
81	31	83	28	10	49	98	59	32	30	50	39	26	58	97	30	30	44	79	92	53	14	19	58	100	82	52	20	74	71	41	55	80	73	58	23	51	92	96	5	56	79	58	62	86	60	25	20	87	26	13	15	100	47	97	2	98	39	40	24	
On machine	4
93	76	53	24	5	76	33	63	74	20	87	72	56	14	44	93	5	89	75	66	17	75	30	58	77	48	23	24	16	78	94	34	96	68	16	64	3	42	79	52	51	69	18	38	26	39	48	69	69	58	96	91	89	25	32	14	96	71	34	11	
14	46	30	55	87	95	9	60	22	29	90	37	70	39	11	37	24	42	62	1	34	49	36	35	58	87	33	50	50	34	66	12	10	5	52	3	47	73	86	15	66	40	12	70	28	34	20	57	33	63	33	39	38	76	15	3	48	88	11	75	
74	87	27	94	22	2	83	33	34	78	65	62	8	62	78	16	64	18	39	51	2	86	63	43	63	49	21	19	8	74	88	68	48	12	60	18	93	30	1	6	22	58	71	20	8	97	4	7	35	91	94	55	69	47	2	46	37	82	45	66	
81	72	77	86	65	27	47	3	27	63	100	25	59	22	64	34	24	96	66	86	35	85	17	100	40	62	91	20	30	82	16	17	39	90	77	25	96	75	70	90	93	62	96	35	40	12	8	40	42	91	19	70	10	61	78	39	43	99	90	48	
92	25	66	35	50	20	6	88	21	72	14	10	50	35	27	88	69	37	34	61	45	66	77	83	80	17	47	83	5	7	42	15	86	87	63	9	7	34	2	52	36	62	39	88	23	3	80	39	30	6	79	49	74	85	70	88	76	78	34	33	
78	48	17	52	17	39	11	83	69	88	90	100	10	88	100	4	94	40	98	88	52	89	83	46	99	28	83	89	10	41	81	16	78	3	29	60	68	91	17	60	85	55	82	61	94	28	63	61	77	99	74	9	42	28	22	45	86	92	88	67	
2	96	68	81	82	69	19	83	35	79	27	32	1	53	6	30	49	58	58	88	80	17	60	47	84	25	40	73	95	19	72	74	88	69	49	67	61	88	11	4	26	5	19	84	27	19	49	16	46	16	54	36	69	81	56	93	7	50	88	4	
49	38	17	69	77	51	75	8	79	90	16	47	94	6	78	24	63	38	13	98	37	11	59	82	10	90	81	36	86	6	16	78	28	26	17	21	29	97	69	21	1	14	100	45	34	18	24	15	40	76	56	97	82	15	77	94	95	30	13	83	
73	60	46	20	44	5	57	37	74	29	92	88	45	20	45	70	87	41	12	14	50	50	87	77	58	33	23	27	6	64	42	8	32	46	3	14	38	85	5	66	94	34	8	77	98	47	24	33	39	76	71	1	13	93	69	37	80	99	43	29	
29	76	53	27	72	63	47	35	8	20	53	63	12	32	81	47	69	53	93	91	24	85	62	43	9	84	52	90	12	18	55	41	71	61	10	66	80	43	77	16	53	16	76	25	97	75	14	83	68	41	28	36	82	2	51	36	83	18	6	15	
31	59	48	23	37	1	100	18	21	14	95	12	26	96	36	56	96	47	81	61	94	99	60	3	67	21	74	65	7	77	21	73	52	52	9	62	58	55	97	61	70	8	35	4	49	60	83	67	1	32	56	76	44	63	6	100	45	40	69	6	
75	20	71	27	43	67	36	71	62	35	95	3	15	17	6	95	33	27	86	11	48	10	52	52	77	85	3	44	59	18	46	90	53	23	17	18	77	67	23	13	37	2	39	100	56	6	52	46	87	99	32	11	18	66	16	70	9	65	5	59	
66	14	83	74	28	46	10	22	9	48	72	17	100	62	29	75	70	29	84	9	46	27	99	68	38	42	2	66	24	88	56	40	97	90	94	37	49	29	84	62	71	41	85	31	62	72	16	100	80	15	88	95	42	7	13	89	12	19	28	67	
63	84	18	28	96	69	64	20	63	64	61	62	71	8	66	94	63	8	74	80	86	53	82	1	67	23	56	23	89	10	88	26	29	34	5	66	88	75	12	82	74	87	14	60	66	8	29	2	4	91	61	99	33	33	55	18	42	72	30	22	
96	89	8	51	86	35	22	7	39	96	68	44	18	22	39	61	55	37	17	44	80	91	90	12	44	77	99	95	82	64	87	17	37	34	53	41	31	33	21	10	96	20	86	82	24	5	84	52	15	19	13	32	83	30	57	84	87	39	78	3	
64	28	37	8	65	51	22	20	15	22	46	44	48	3	35	27	83	89	80	51	69	11	34	33	30	74	82	18	75	41	23	71	90	8	38	76	39	50	21	69	22	13	25	49	97	61	79	40	47	8	85	58	17	3	72	8	68	77	68	91	
99	98	36	51	98	97	40	1	67	2	88	92	29	97	69	40	90	83	22	68	65	80	69	78	39	84	82	73	73	38	41	90	27	97	55	22	80	69	41	10	66	79	68	52	43	16	84	6	51	83	3	16	76	3	61	87	56	42	94	35	
14	73	11	40	76	88	21	48	90	50	62	68	31	84	5	34	96	93	20	10	85	46	68	47	52	27	72	4	39	66	38	58	90	13	75	9	1	86	46	90	14	11	74	47	70	55	51	49	84	36	18	89	71	53	59	14	90	14	4	58	
100	70	83	99	57	40	17	36	74	7	77	96	100	39	7	26	35	59	57	30	64	65	73	18	69	50	29	29	49	46	7	12	64	44	33	70	39	49	40	1	75	63	100	6	50	8	3	93	23	32	13	68	55	16	31	86	84	19	94	59	
85	18	91	11	66	34	28	74	85	84	70	30	33	66	33	14	2	37	63	77	77	6	77	12	2	45	26	17	63	38	77	97	79	74	10	98	86	94	12	4	70	41	45	80	83	64	1	11	51	94	39	78	50	14	78	2	12	84	43	42	
66	85	72	90	10	6	13	66	53	35	32	11	67	29	66	26	78	98	96	39	58	30	3	39	5	18	80	65	89	85	22	69	34	3	37	47	82	89	63	43	34	4	37	72	43	38	13	74	40	78	17	66	6	11	47	9	18	51	86	58	
97	48	23	12	14	100	73	63	27	49	46	32	45	51	15	51	58	77	90	44	79	13	62	21	43	88	82	80	77	74	2	56	61	89	58	92	2	52	48	95	78	94	68	9	47	51	54	71	68	70	84	93	11	44	69	84	13	58	73	14	
83	49	66	96	100	5	26	4	2	99	98	18	86	10	18	96	10	16	82	12	26	22	72	21	30	77	75	30	85	99	4	50	11	1	91	1	98	74	44	18	35	13	98	37	8	70	8	46	85	90	26	79	11	19	83	99	10	50	56	56	
58	76	47	34	17	91	57	56	64	94	84	42	28	98	25	12	50	94	70	62	65	13	19	100	27	67	62	44	3	1	60	86	93	33	26	19	34	10	47	33	1	75	74	29	54	26	28	58	58	18	19	82	24	93	98	94	79	48	48	39	
3	100	66	94	44	31	16	64	41	81	51	31	77	11	22	35	100	65	21	84	100	27	29	54	45	39	32	70	30	68	28	81	20	50	96	55	93	44	50	70	26	62	55	70	53	45	27	91	62	51	92	21	38	87	86	31	56	21	100	28	
4	74	73	5	5	50	68	59	88	34	44	12	57	40	88	64	16	100	6	38	80	84	99	58	98	16	3	77	98	44	9	59	22	65	80	88	23	2	75	59	63	3	34	71	83	3	46	78	86	50	64	55	75	33	32	74	36	44	8	91	
22	44	10	43	30	23	97	78	81	37	44	62	24	45	12	70	91	3	29	11	72	86	90	27	78	24	56	6	94	53	52	86	92	58	52	53	7	47	56	34	67	55	9	33	63	30	17	6	18	92	72	8	48	44	63	17	65	27	3	82	
54	38	37	9	49	88	91	85	54	81	77	53	78	84	100	27	38	12	47	51	79	22	81	48	85	80	46	58	57	68	9	85	52	78	85	53	12	32	83	26	5	21	67	38	92	88	91	61	67	62	52	12	62	41	98	61	8	62	86	93	
17	77	46	59	18	35	73	81	45	25	55	85	19	43	19	38	63	95	20	2	97	64	33	78	7	33	36	36	79	74	56	40	25	49	21	2	50	52	29	66	57	30	5	97	53	7	81	4	23	66	64	79	37	54	77	72	27	78	75	52	
81	20	44	52	34	43	15	3	99	53	68	56	35	13	99	87	21	58	17	65	51	59	70	12	54	80	30	95	81	56	34	13	30	81	26	63	79	85	41	13	86	14	60	66	11	1	6	71	69	82	47	20	67	67	56	8	48	74	50	54	
42	48	3	81	99	23	65	41	68	34	84	98	53	23	23	28	62	58	34	88	5	20	42	11	71	47	72	67	43	20	87	62	24	96	36	73	27	59	43	1	93	78	99	90	43	88	2	8	42	44	58	2	27	97	96	87	44	21	43	15	
28	78	75	74	21	78	30	100	47	54	94	60	55	41	9	6	53	30	89	79	18	51	24	67	34	15	19	38	41	47	93	30	82	96	66	88	5	36	81	92	81	18	75	46	65	43	9	58	49	19	32	28	99	39	46	28	47	28	44	60	
98	75	86	52	86	2	38	37	26	12	25	41	87	49	26	90	48	40	96	77	54	72	66	9	11	32	45	88	51	70	22	24	92	63	53	10	74	41	49	99	46	81	29	60	81	53	74	36	71	16	70	56	52	93	77	50	85	54	77	4	
95	95	91	75	50	94	95	23	80	35	81	58	4	46	2	89	5	92	37	66	82	24	35	74	60	99	39	60	33	26	98	95	55	2	41	65	72	51	53	68	68	30	100	73	85	81	88	87	33	73	13	65	5	14	30	40	85	56	45	47	
48	2	35	67	97	6	18	85	6	20	65	13	24	12	91	73	52	57	31	43	32	52	91	68	77	35	65	13	63	78	43	98	61	3	90	84	87	73	83	3	45	16	11	81	34	59	29	34	77	42	15	64	31	36	11	40	77	36	86	50	
59	64	96	74	88	50	61	3	52	50	23	60	92	87	5	57	42	90	40	67	81	72	60	19	53	47	65	28	1	99	42	59	100	25	94	38	86	25	53	36	45	33	73	36	96	13	97	44	22	8	2	92	58	15	53	100	82	56	68	50	
50	2	53	43	6	91	7	67	58	46	73	86	49	66	56	54	48	74	9	7	44	35	48	6	54	3	55	54	98	47	54	98	75	92	6	26	94	73	28	8	84	95	99	14	40	77	18	75	20	14	63	34	3	38	98	9	53	36	94	53	
42	25	41	37	100	44	63	58	6	31	1	18	57	54	77	3	58	42	85	70	60	10	87	99	24	37	56	76	54	10	34	94	85	4	2	75	66	72	14	12	17	5	93	25	48	38	57	62	68	54	73	48	33	72	11	9	26	96	82	24	
97	26	10	65	56	85	97	59	55	15	28	19	24	55	90	32	69	59	93	91	65	19	88	29	6	9	33	54	89	99	19	45	6	74	96	9	45	84	5	10	62	49	5	33	25	21	62	15	17	29	73	45	73	94	49	68	99	94	59	83	
25	10	32	33	46	52	30	95	10	98	24	55	60	14	48	98	7	91	66	96	94	24	91	5	41	52	99	65	41	33	59	71	3	9	41	95	60	86	57	14	31	73	40	67	31	82	67	51	22	69	14	96	19	56	9	74	84	47	67	94	
3	100	42	15	54	24	14	77	36	70	93	83	82	7	90	86	74	57	4	52	51	11	38	50	17	65	93	80	75	81	1	100	37	29	55	38	7	36	11	32	43	58	86	10	5	74	2	63	94	79	40	84	1	18	53	96	62	59	45	45	
80	40	69	6	8	62	80	17	80	3	7	51	24	12	91	58	96	4	83	54	9	48	27	87	73	8	65	82	37	46	2	75	33	94	58	37	87	30	67	56	59	2	99	3	3	87	97	48	85	3	35	28	17	100	49	95	97	83	96	29	
38	98	7	38	89	58	78	32	94	1	41	14	88	58	39	95	80	34	33	59	26	33	40	89	26	36	98	62	67	57	23	65	6	52	6	91	5	31	55	97	62	10	90	43	5	77	63	44	68	79	92	59	2	65	35	48	55	54	65	100	
35	64	10	25	24	10	45	81	92	63	2	16	29	23	10	85	12	17	27	37	27	73	9	78	62	55	12	94	36	87	47	46	15	82	72	54	57	78	9	50	26	49	87	14	86	3	33	37	5	49	74	39	87	100	87	30	9	43	79	54	
77	100	44	95	85	9	79	99	43	22	86	23	80	69	97	55	94	82	90	90	38	60	34	54	66	12	29	23	47	13	35	29	99	87	92	65	48	24	21	21	72	8	100	22	84	19	6	10	31	56	54	89	33	20	53	25	87	25	80	58	
37	5	29	95	100	46	27	97	5	87	39	15	39	70	11	91	69	75	72	92	52	18	65	73	1	16	4	5	54	55	84	55	69	67	98	35	27	4	60	57	15	73	29	54	21	74	14	98	84	97	76	89	89	30	67	68	51	80	6	17	
16	51	57	61	33	3	64	38	97	21	36	37	66	12	6	18	37	83	78	65	51	94	50	91	87	17	72	94	86	96	69	98	64	23	83	81	41	61	3	67	12	20	35	49	43	7	72	94	19	25	39	11	77	24	45	69	1	71	63	61	
2	96	87	51	3	52	49	74	100	74	77	63	51	63	9	95	56	19	81	6	12	95	37	74	38	24	71	29	64	85	62	98	59	28	10	61	47	83	16	25	82	88	68	69	35	37	14	42	47	50	10	60	3	91	48	19	35	87	82	88	
54	45	23	67	10	24	36	79	26	26	8	45	51	100	14	38	99	34	5	4	16	89	51	61	56	68	83	65	95	47	59	33	29	77	71	12	6	60	21	2	44	23	25	31	36	91	33	29	87	6	12	61	26	40	52	60	19	23	91	24	
10	26	66	64	57	31	1	41	56	1	7	34	83	48	67	74	56	20	1	43	59	41	29	79	1	23	80	79	45	42	60	34	65	58	55	51	16	29	83	81	62	53	52	82	41	11	69	24	59	30	48	56	48	60	25	47	93	39	57	14	
37	18	42	17	7	97	97	36	32	58	47	52	62	46	6	67	21	83	41	14	94	15	52	47	1	13	35	16	83	38	21	38	71	71	65	25	44	41	18	7	40	66	34	63	80	86	99	44	44	68	57	10	27	82	83	41	11	17	69	23	
46	86	1	63	40	57	89	31	13	40	92	57	53	72	84	50	6	99	20	14	69	38	98	96	65	22	95	65	12	88	33	99	18	65	9	72	43	97	77	3	77	25	52	18	98	90	9	4	26	55	40	81	72	28	11	83	65	41	93	24	
86	11	9	62	32	73	76	94	29	9	66	92	64	76	14	97	11	71	25	74	83	44	89	92	6	76	86	72	53	94	72	61	93	96	11	24	79	89	92	60	52	11	92	78	58	25	81	74	72	59	79	31	86	5	41	67	65	13	9	19	
12	17	46	29	35	25	91	86	47	8	27	79	86	53	63	67	80	80	79	7	10	34	60	40	34	21	33	35	28	76	73	7	91	30	13	20	30	77	7	40	52	8	74	66	43	85	22	16	69	37	82	89	28	9	60	20	27	30	49	32	
12	59	42	8	61	69	94	65	70	95	49	69	39	16	45	42	81	22	51	12	98	72	87	27	43	58	3	84	54	15	93	97	83	63	44	19	94	51	29	72	93	89	79	46	79	40	71	3	38	44	64	29	1	77	78	27	82	94	89	100	
2	44	25	15	16	16	83	60	18	42	10	55	17	70	63	34	73	4	38	20	29	30	82	31	72	61	55	41	49	89	13	27	51	65	56	9	31	83	30	74	94	91	49	67	1	78	66	22	16	16	84	1	47	94	61	11	3	10	73	94	
96	20	49	14	77	42	51	44	97	90	26	98	9	94	45	39	86	85	95	54	96	64	34	68	31	11	28	13	41	65	77	54	84	25	35	68	85	23	94	92	89	31	15	24	75	68	83	73	23	99	24	33	33	89	32	42	29	25	45	76	
34	15	96	24	20	10	12	22	6	37	89	96	95	64	77	67	73	71	35	77	40	24	63	19	72	73	42	26	37	12	10	61	22	94	7	85	88	45	59	63	100	62	96	45	16	83	32	67	38	17	93	36	77	96	93	61	20	21	47	90	
60	12	60	87	74	24	49	92	53	100	94	36	56	23	54	30	31	10	63	89	70	33	1	74	55	87	30	35	82	17	21	82	49	34	99	63	53	4	9	38	85	78	99	44	89	33	32	20	60	35	64	21	30	58	90	90	1	29	62	4	
84	30	50	23	65	12	3	88	51	17	26	26	75	47	31	16	12	14	10	22	8	13	93	42	73	86	45	88	59	59	76	25	20	42	47	41	82	55	15	23	20	97	29	33	16	38	14	100	95	8	92	85	86	32	79	53	83	92	71	50	
