Factories	3
Families	40
Machines	4
SetupType	3

Number of Jobs in each Family
3	3	10	5	8	9	8	6	8	1	5	7	9	4	4	1	6	10	9	2	6	2	9	10	2	7	7	6	9	7	6	6	2	1	5	7	3	7	7	7	

Jobs in each Family
0	1	2	
3	4	5	
6	7	8	9	10	11	12	13	14	15	
16	17	18	19	20	
21	22	23	24	25	26	27	28	
29	30	31	32	33	34	35	36	37	
38	39	40	41	42	43	44	45	
46	47	48	49	50	51	
52	53	54	55	56	57	58	59	
60	
61	62	63	64	65	
66	67	68	69	70	71	72	
73	74	75	76	77	78	79	80	81	
82	83	84	85	
86	87	88	89	
90	
91	92	93	94	95	96	
97	98	99	100	101	102	103	104	105	106	
107	108	109	110	111	112	113	114	115	
116	117	
118	119	120	121	122	123	
124	125	
126	127	128	129	130	131	132	133	134	
135	136	137	138	139	140	141	142	143	144	
145	146	
147	148	149	150	151	152	153	
154	155	156	157	158	159	160	
161	162	163	164	165	166	
167	168	169	170	171	172	173	174	175	
176	177	178	179	180	181	182	
183	184	185	186	187	188	
189	190	191	192	193	194	
195	196	
197	
198	199	200	201	202	
203	204	205	206	207	208	209	
210	211	212	
213	214	215	216	217	218	219	
220	221	222	223	224	225	226	
227	228	229	230	231	232	233	

Total number of jobs
234

Processing times of jobs
6	8	10	8	
1	5	9	5	
2	8	9	10	
4	1	10	7	
6	4	10	3	
2	1	3	2	
2	9	10	9	
9	1	9	9	
4	7	9	10	
9	9	2	9	
7	7	5	7	
8	2	6	5	
3	5	2	6	
7	6	4	2	
1	8	2	1	
8	3	7	8	
2	3	5	3	
6	5	7	3	
6	8	2	10	
5	2	9	6	
7	8	6	10	
4	10	9	4	
8	10	6	6	
2	10	8	6	
10	7	7	6	
1	10	4	10	
3	8	1	3	
6	10	4	8	
6	6	4	2	
4	9	1	2	
3	10	2	6	
10	5	10	2	
7	9	8	3	
5	6	5	6	
4	9	8	2	
7	2	10	9	
4	8	5	8	
5	2	7	6	
7	8	5	5	
2	3	8	3	
8	7	3	10	
5	9	7	2	
2	8	2	7	
6	3	7	10	
9	1	2	10	
5	3	6	6	
8	4	7	1	
4	5	1	7	
10	3	4	7	
8	2	5	8	
3	9	6	8	
7	10	10	9	
5	4	9	9	
10	8	8	4	
6	1	8	10	
5	4	3	5	
8	8	9	5	
8	5	3	3	
1	1	4	6	
7	2	5	2	
2	7	1	4	
5	5	1	10	
4	6	10	3	
9	9	10	5	
1	5	7	10	
3	3	2	9	
5	8	5	4	
5	6	1	1	
4	10	7	3	
9	2	10	4	
2	3	6	8	
5	4	9	3	
6	3	5	2	
3	4	1	7	
9	5	8	10	
10	1	1	2	
2	6	9	1	
10	10	6	6	
10	6	2	10	
1	2	3	9	
10	5	8	6	
7	6	6	5	
8	3	3	5	
8	10	9	3	
1	1	6	2	
10	9	3	1	
1	8	8	2	
5	6	3	3	
10	9	4	10	
10	1	4	6	
4	5	2	5	
2	10	4	4	
10	4	10	10	
9	2	8	1	
6	9	7	8	
6	9	10	1	
6	7	1	2	
8	7	3	10	
7	6	8	2	
2	4	5	3	
9	2	8	3	
4	10	8	4	
8	2	2	8	
4	8	8	2	
6	4	3	6	
7	3	10	3	
10	9	8	8	
4	6	6	6	
4	2	7	1	
8	3	5	6	
10	6	5	6	
5	8	5	2	
10	10	2	2	
5	4	8	1	
9	9	3	3	
1	7	5	2	
4	1	9	10	
5	1	4	5	
3	10	3	8	
10	6	2	8	
5	2	6	8	
7	1	3	10	
1	4	10	3	
3	8	10	9	
10	1	9	4	
1	2	2	5	
4	1	1	3	
9	1	10	3	
2	5	8	4	
3	6	2	8	
4	1	1	7	
8	10	1	2	
1	7	1	1	
8	2	9	4	
2	8	5	4	
2	9	7	1	
10	10	9	5	
7	4	2	9	
10	5	6	3	
4	2	8	4	
9	9	2	10	
8	10	10	1	
2	4	5	5	
10	7	10	8	
10	10	8	5	
10	8	7	4	
4	1	2	10	
4	1	3	9	
10	3	5	7	
8	10	6	6	
10	7	2	5	
3	9	10	4	
1	8	1	6	
9	1	9	3	
8	6	10	7	
3	8	8	1	
8	4	2	6	
9	7	1	9	
8	10	3	10	
10	3	3	5	
6	1	1	8	
4	6	9	6	
10	3	6	6	
5	5	7	3	
3	7	8	9	
7	5	1	6	
4	8	3	10	
7	8	6	8	
4	9	2	7	
1	3	4	5	
1	7	9	5	
4	1	6	1	
7	9	6	2	
8	7	5	9	
9	10	5	5	
2	9	8	10	
6	3	2	7	
3	1	9	2	
10	6	4	2	
3	7	3	8	
10	7	6	9	
7	5	6	10	
2	1	9	1	
8	8	3	1	
6	8	1	8	
8	8	1	5	
8	3	9	1	
6	2	10	4	
4	9	3	8	
4	9	9	1	
5	6	3	9	
9	4	3	2	
6	1	2	4	
6	5	6	6	
7	7	9	7	
1	2	10	6	
1	1	6	10	
5	8	1	4	
8	4	6	5	
4	7	9	5	
5	7	3	10	
5	8	6	9	
7	9	8	6	
1	5	4	10	
6	8	5	5	
1	4	10	1	
5	2	1	8	
9	8	2	4	
9	1	8	10	
8	10	6	7	
8	4	5	8	
4	7	6	2	
10	2	1	3	
4	4	4	7	
1	9	8	7	
6	3	7	5	
10	8	2	3	
4	2	3	6	
4	1	9	1	
2	2	7	10	
4	10	5	10	
9	4	4	10	
8	3	10	2	
8	9	9	6	
1	8	10	2	
7	2	5	3	
9	9	6	7	
2	5	4	9	
6	3	3	2	
10	9	3	1	
8	5	4	5	
9	1	8	6	
4	6	6	5	
5	8	1	9	

Stepup times between Families, where [f][f] represents initial setup time
On machine	1
41	17	31	98	14	28	43	85	46	10	43	63	47	10	11	27	22	26	92	68	35	76	56	55	76	90	23	46	2	29	88	7	24	86	35	48	30	4	89	47	
89	84	100	65	71	34	33	87	85	23	83	17	39	27	10	62	49	93	80	88	39	57	2	12	42	86	58	5	81	24	40	46	40	63	63	36	72	80	34	8	
67	27	74	61	95	10	85	54	97	61	75	58	50	15	80	24	57	48	98	37	22	87	61	12	24	66	92	48	26	15	38	76	38	41	85	35	89	52	25	85	
37	34	9	82	25	18	77	66	55	77	31	80	43	82	75	63	83	21	96	6	8	28	33	54	64	6	13	41	46	37	71	33	73	58	96	43	29	99	9	77	
38	52	76	67	70	20	38	65	45	66	58	12	67	3	100	58	55	74	33	42	93	75	90	52	61	28	27	97	93	53	57	83	31	62	29	28	32	6	63	64	
96	42	75	3	24	43	15	51	79	68	33	6	64	27	42	48	76	34	35	28	55	97	91	87	77	98	34	61	29	68	93	22	70	100	89	80	29	44	80	15	
90	85	41	93	57	20	20	76	83	84	2	20	53	70	82	77	74	65	12	96	97	21	32	53	57	97	18	78	6	28	97	41	62	64	38	35	78	32	7	4	
63	56	87	57	96	41	91	21	36	3	26	63	40	9	81	52	99	32	93	60	53	68	57	78	53	50	43	60	65	99	51	51	85	31	58	87	96	98	44	39	
36	95	56	21	1	34	98	59	92	75	59	60	96	3	84	80	77	30	89	61	63	18	92	19	4	39	64	59	1	52	92	32	62	97	54	97	58	13	42	2	
50	74	99	41	36	55	27	60	67	65	18	96	51	41	67	23	63	12	32	51	63	8	51	14	22	43	89	17	93	65	26	21	44	82	13	66	77	40	97	6	
74	23	88	26	47	75	7	31	89	22	99	44	69	61	94	86	80	66	72	40	22	92	64	40	25	59	46	97	91	99	67	59	72	43	99	8	69	20	5	55	
31	84	79	15	13	28	60	28	51	81	92	22	35	90	27	63	70	72	17	29	22	96	71	41	51	9	29	64	6	2	80	28	89	54	34	6	53	84	14	37	
36	5	48	51	23	44	19	14	7	98	26	86	81	82	7	89	92	10	68	16	86	66	48	60	51	25	36	63	53	30	14	91	91	1	88	83	45	98	1	62	
84	84	85	96	18	38	63	92	91	10	84	18	69	87	85	80	93	69	35	92	83	90	82	52	92	67	68	38	66	51	64	25	64	23	83	48	51	31	25	17	
68	80	55	92	54	23	64	65	6	61	25	67	78	43	1	31	99	12	57	36	86	27	29	40	72	43	87	100	69	22	39	15	26	97	75	21	10	30	84	41	
72	86	14	27	77	61	16	51	59	83	2	62	41	44	38	56	49	15	42	5	63	94	17	88	91	13	11	24	10	17	73	49	57	35	84	12	25	73	98	22	
73	36	60	66	38	4	37	39	17	83	70	87	95	20	57	83	5	55	44	51	60	52	20	14	13	73	33	57	2	31	15	35	98	1	1	97	55	71	30	39	
92	69	9	67	63	32	93	99	1	87	33	17	72	58	8	75	50	39	68	100	56	47	96	94	3	15	39	4	34	66	11	86	40	62	39	27	68	85	16	50	
27	86	14	38	60	20	17	87	59	46	74	76	6	51	96	55	19	21	2	69	28	64	10	58	47	33	14	21	14	91	83	99	54	32	36	94	74	9	88	88	
19	50	81	85	9	38	67	22	25	73	24	70	21	3	46	86	87	19	40	31	9	88	73	90	40	80	57	29	4	54	88	97	95	10	32	96	58	54	89	47	
20	59	23	54	36	72	4	14	82	39	97	75	29	69	98	19	27	59	83	23	4	78	81	18	7	27	44	71	47	39	71	66	57	16	59	64	31	21	91	66	
80	43	43	100	21	85	30	27	44	72	98	21	2	90	91	99	27	12	19	43	72	23	80	63	44	48	2	78	100	58	15	86	47	31	16	53	34	10	2	72	
75	96	61	97	28	94	71	8	46	14	96	8	7	91	49	70	5	70	70	3	44	79	41	66	66	4	63	48	24	44	41	63	87	15	76	60	17	81	36	61	
10	56	31	63	18	58	100	4	51	3	90	83	95	70	31	10	76	42	13	96	79	44	71	24	38	88	63	51	100	68	95	22	49	3	57	34	83	21	23	27	
52	42	3	22	25	14	43	10	34	60	37	9	91	90	9	92	2	79	15	76	22	94	50	39	16	27	17	82	44	43	66	20	22	24	24	28	41	9	29	2	
20	51	83	27	23	85	2	21	40	30	7	73	55	92	36	72	47	71	99	68	50	38	3	48	2	57	17	37	88	83	32	74	30	14	11	62	8	58	22	49	
36	18	55	48	47	81	10	1	33	23	4	15	16	78	76	17	84	92	22	21	78	86	60	95	47	90	30	86	14	60	6	94	58	34	56	3	77	10	62	87	
52	76	43	46	32	64	81	25	44	53	24	16	31	59	17	83	76	91	23	8	13	36	17	26	58	36	85	41	66	47	75	4	34	98	40	19	52	48	80	11	
13	73	86	90	99	69	32	71	42	4	51	98	81	17	79	60	79	60	94	62	3	19	25	46	28	96	28	21	37	9	63	34	44	24	84	44	70	33	64	44	
19	25	88	61	93	28	13	28	14	51	79	33	9	42	21	51	6	19	54	40	51	52	45	4	73	85	71	76	39	70	33	64	71	92	52	2	35	17	66	13	
11	88	17	20	83	25	94	77	56	23	74	96	58	100	7	72	24	77	10	19	35	78	20	81	16	10	7	87	53	23	14	77	38	1	95	54	20	68	8	94	
21	71	92	73	29	6	20	14	41	92	78	6	90	21	36	58	20	66	59	54	72	75	61	35	46	47	10	67	55	26	20	92	98	67	53	23	70	9	20	14	
19	1	93	95	40	16	17	71	9	81	62	1	80	92	8	47	77	4	5	19	57	12	80	38	36	88	16	94	55	10	3	76	12	44	25	20	25	39	95	83	
57	90	48	62	4	51	78	25	57	48	68	75	2	98	71	20	69	54	86	38	29	97	94	52	18	70	13	72	84	21	67	4	24	63	23	35	10	87	64	94	
31	67	99	25	98	11	98	38	53	56	41	67	76	17	12	42	30	39	50	79	98	87	52	25	96	12	77	50	96	93	45	96	67	52	75	30	61	35	31	8	
98	27	43	62	79	39	38	31	56	78	31	32	47	16	3	54	40	58	5	38	99	48	69	88	17	39	51	14	70	47	69	30	30	75	64	1	28	58	47	49	
23	60	4	57	51	13	95	15	75	29	88	59	59	29	40	78	52	37	27	38	83	47	37	84	98	79	83	29	77	59	75	77	17	96	90	45	62	74	36	80	
46	24	77	41	83	96	27	55	97	94	84	88	18	90	53	34	38	95	28	91	91	17	54	12	4	39	23	16	39	82	94	70	77	88	40	12	21	72	25	21	
1	33	9	54	4	61	4	92	2	52	39	93	66	33	45	100	73	16	18	26	76	49	66	23	20	100	21	28	19	2	58	98	58	83	70	90	100	27	63	87	
98	86	64	81	1	95	3	35	100	60	28	95	35	76	7	24	70	85	77	81	62	53	11	20	20	83	16	50	8	21	36	29	21	40	100	26	2	86	8	27	
On machine	2
44	79	91	44	85	19	5	74	52	39	39	95	74	86	99	41	61	10	70	53	62	95	90	11	17	99	87	99	7	42	72	70	55	88	54	23	61	93	73	91	
39	1	88	59	11	16	62	92	3	83	32	15	99	56	17	74	52	18	39	42	61	93	36	3	99	76	73	49	5	3	86	9	89	15	46	59	36	52	37	56	
23	95	19	19	95	9	10	76	46	66	90	58	76	24	100	18	65	38	85	38	59	81	80	74	82	34	83	16	14	26	54	99	21	46	21	83	94	9	16	23	
9	14	43	15	36	46	22	19	25	47	5	75	69	10	88	84	20	50	79	51	46	57	76	100	45	75	77	22	12	72	83	2	96	75	55	17	92	25	64	29	
75	10	93	70	17	70	1	85	21	30	56	46	33	26	52	23	99	30	32	80	64	40	84	52	54	37	85	96	34	53	41	18	58	16	18	73	55	62	7	75	
91	15	52	87	86	36	68	12	6	69	48	73	71	7	85	27	84	27	77	20	20	79	34	41	44	21	95	27	73	10	91	29	20	53	47	89	48	80	99	95	
11	17	96	78	25	93	21	94	70	46	83	21	79	75	49	31	51	92	52	43	29	65	28	7	56	67	99	99	98	77	18	48	74	13	24	37	18	11	45	37	
84	37	36	64	43	36	57	38	52	1	62	67	85	32	90	85	65	17	14	99	21	68	91	96	47	67	29	27	14	29	47	24	85	17	11	11	47	82	87	63	
6	98	72	38	39	10	77	87	98	76	39	68	1	52	12	13	30	63	46	24	12	6	38	3	51	9	28	91	29	95	33	22	27	100	78	32	60	84	18	53	
90	52	35	86	30	86	73	88	14	58	28	37	82	58	63	6	80	10	88	33	63	73	14	44	45	74	52	57	83	2	4	39	70	32	73	61	100	82	57	30	
41	20	69	68	30	27	24	13	57	60	34	63	94	8	46	11	14	86	47	17	18	31	84	17	46	73	1	5	6	79	8	89	5	20	75	59	65	42	19	52	
18	2	54	75	2	17	38	17	4	12	22	16	75	31	5	8	18	74	15	26	82	38	34	71	87	39	34	12	66	26	12	4	22	24	49	91	38	7	61	72	
39	5	54	94	67	87	75	78	1	8	20	64	94	78	71	94	90	96	4	33	15	25	54	59	79	51	30	5	56	75	47	74	1	21	94	51	46	39	62	80	
100	23	67	59	82	40	84	60	68	88	95	57	30	39	29	94	87	19	85	4	78	77	93	93	16	91	70	91	64	18	31	83	72	6	53	19	88	28	29	52	
95	82	26	16	100	65	49	70	27	35	19	43	65	56	54	59	6	56	58	47	44	13	5	1	27	85	48	13	91	60	60	1	1	55	62	77	49	19	19	57	
39	80	75	44	13	17	78	75	73	27	11	17	80	72	72	100	93	97	38	79	70	23	91	25	96	23	10	74	73	8	6	81	43	46	77	26	22	51	77	33	
74	25	28	2	34	62	81	26	56	50	23	51	10	19	65	19	48	77	90	6	68	33	6	45	82	60	29	9	60	43	28	69	52	77	49	31	39	11	6	77	
82	27	6	99	67	13	19	63	79	14	2	1	69	81	43	4	21	26	76	41	34	69	62	71	73	52	63	35	31	72	54	32	65	21	74	89	97	88	20	53	
27	73	87	23	13	1	70	96	41	89	77	6	53	92	12	43	83	57	69	9	81	53	22	83	75	96	94	19	59	25	92	97	22	67	100	33	40	28	31	4	
44	69	69	89	61	68	33	69	55	46	75	47	31	53	4	42	44	55	39	23	19	55	27	23	38	47	42	57	94	59	68	96	86	89	67	100	74	10	45	49	
45	36	6	76	27	29	91	33	54	46	63	32	43	71	6	40	12	42	56	24	55	10	51	56	41	18	95	88	43	90	96	67	93	29	93	87	50	60	32	64	
40	90	33	6	32	57	40	70	95	51	30	22	38	92	11	16	71	28	25	65	58	35	27	56	31	93	80	6	52	19	70	59	21	79	90	9	62	16	38	22	
93	52	64	12	64	70	41	24	25	65	42	44	73	94	9	62	38	43	91	24	53	33	81	90	74	16	89	100	40	48	98	17	96	90	71	48	90	3	59	44	
3	20	69	99	53	47	74	83	19	96	27	29	44	55	97	45	27	74	98	74	80	38	50	93	85	91	74	20	5	36	83	21	61	87	46	8	26	56	47	29	
94	80	67	41	18	29	83	60	92	36	26	56	96	66	86	36	92	51	41	82	8	76	89	17	71	71	58	46	60	80	51	30	71	26	100	16	76	86	94	24	
72	27	63	35	9	99	56	48	33	5	85	20	30	84	48	41	60	11	64	84	58	65	34	28	46	78	28	7	48	87	18	35	52	75	43	3	39	66	74	83	
47	2	28	53	38	16	60	54	78	28	72	64	61	52	9	17	66	50	34	64	38	43	68	78	9	19	78	48	46	15	15	72	92	58	77	65	5	11	85	30	
55	45	66	57	13	100	79	4	65	63	39	4	20	63	19	54	65	3	91	59	89	53	84	30	10	64	9	39	39	5	48	27	79	95	43	67	26	62	12	44	
97	16	49	80	36	74	7	9	36	12	18	54	2	44	76	91	2	56	50	93	52	23	64	51	24	49	74	98	48	49	5	47	2	10	75	2	99	97	65	9	
88	42	3	54	83	45	51	34	48	7	71	74	55	81	13	56	49	88	48	82	35	62	12	32	10	24	45	87	93	44	52	65	39	24	75	44	73	68	30	55	
87	65	53	62	70	18	35	81	65	100	60	23	6	56	20	3	64	8	64	16	2	14	20	41	31	99	65	38	43	16	95	34	41	17	23	69	15	63	99	45	
73	44	86	21	54	16	6	80	99	22	79	32	82	68	22	12	54	15	57	22	71	50	25	63	88	28	17	8	47	72	1	50	57	57	10	72	43	14	48	99	
100	99	50	46	24	85	33	40	20	95	75	11	71	53	89	18	57	33	51	21	26	88	99	15	25	46	33	76	37	77	13	9	75	11	49	4	57	42	25	68	
63	67	56	49	61	2	89	59	96	41	22	85	16	11	79	4	32	96	30	29	36	62	97	44	16	73	93	13	81	34	98	84	66	68	52	51	91	61	52	95	
76	72	33	8	16	70	88	1	92	62	90	60	47	44	29	85	66	6	78	81	28	50	49	64	100	10	17	95	85	53	34	12	51	49	100	99	63	81	70	38	
35	77	75	31	75	60	60	65	63	37	6	48	38	1	65	96	26	76	61	92	37	58	52	83	31	72	56	96	97	83	62	27	14	44	31	68	68	1	38	62	
53	71	99	54	83	56	67	85	52	91	63	86	42	49	21	65	77	47	36	5	26	41	27	97	97	9	82	97	70	84	8	5	77	84	16	35	42	75	97	17	
10	54	20	17	99	18	45	92	5	87	60	64	62	11	62	94	11	25	90	44	1	81	41	7	27	59	66	31	60	41	33	61	83	6	70	62	9	20	29	18	
83	79	25	75	53	3	85	11	98	18	37	63	44	91	1	59	47	52	99	10	57	95	43	38	76	95	63	91	12	96	68	10	31	52	38	41	86	88	15	57	
56	24	78	48	60	34	85	72	68	32	13	40	17	36	90	46	14	72	31	45	15	46	54	51	56	41	51	30	82	60	61	90	34	82	82	50	74	23	48	36	
On machine	3
7	35	84	90	31	53	98	35	71	33	9	28	32	61	8	75	87	88	61	42	65	68	65	20	4	9	60	25	16	94	38	26	36	40	62	90	93	57	55	35	
43	15	53	77	41	21	41	29	72	77	10	40	31	55	57	65	54	93	36	93	50	7	4	62	79	4	81	74	97	21	9	64	16	94	23	94	63	99	33	45	
43	65	85	26	75	54	36	35	27	65	47	70	82	44	49	52	12	18	49	72	44	37	37	48	24	53	28	81	82	59	84	67	55	16	51	63	35	84	91	49	
52	93	71	44	14	16	77	16	98	51	52	14	2	88	43	1	57	49	55	4	58	52	31	23	14	69	86	12	77	62	40	43	14	58	34	95	91	53	16	22	
87	47	24	62	42	86	25	50	57	14	100	65	51	23	97	93	78	37	41	35	78	23	30	100	11	76	8	39	25	43	59	22	17	85	41	78	42	29	45	39	
84	19	40	59	56	39	7	1	96	72	84	93	82	96	70	26	67	74	4	92	96	68	57	84	41	58	57	53	44	6	90	24	24	12	93	17	74	25	7	91	
100	100	60	78	32	1	95	68	92	85	18	99	24	29	59	92	39	29	74	14	33	32	13	49	76	10	62	37	9	65	80	52	74	92	56	83	14	77	69	26	
12	49	18	74	28	57	71	43	2	3	35	87	57	77	89	70	95	77	84	46	1	62	27	90	25	86	41	98	14	24	52	80	76	44	89	26	69	1	31	19	
84	23	97	27	39	37	94	59	90	12	53	72	58	48	86	62	47	99	57	44	53	4	97	95	52	97	90	68	71	72	7	81	15	78	27	90	69	65	60	4	
21	24	64	75	91	45	52	73	14	86	62	14	91	59	19	81	60	66	25	6	34	100	21	46	88	91	69	64	9	69	52	42	36	28	98	79	85	30	81	73	
95	79	60	27	92	97	63	35	76	56	15	18	26	77	63	36	75	67	83	37	88	16	25	59	2	49	9	44	92	6	26	68	5	16	93	66	51	79	99	34	
91	42	83	11	14	16	17	33	3	10	70	94	6	99	67	56	40	83	32	91	32	62	34	41	18	39	55	89	74	92	61	36	55	9	5	21	40	57	57	92	
58	3	9	21	35	97	91	18	23	33	44	10	33	21	45	91	56	100	13	43	63	45	77	50	34	48	66	55	14	27	25	56	2	35	93	67	47	83	72	75	
45	11	3	22	87	85	31	36	32	28	16	80	27	74	33	1	12	24	92	19	49	79	88	83	60	1	56	85	17	20	46	13	50	38	44	48	25	54	21	7	
74	87	55	15	10	70	51	60	31	44	62	12	60	56	7	12	36	6	80	85	94	29	46	26	76	6	79	38	16	17	10	84	2	52	66	30	59	14	75	82	
18	53	89	6	1	27	73	63	26	61	93	53	58	54	63	28	37	14	69	45	64	86	83	63	52	35	65	4	28	45	43	41	84	39	75	1	94	47	2	8	
41	83	29	31	29	94	53	82	43	71	13	54	77	96	91	88	11	62	45	18	67	28	93	20	62	97	91	29	96	34	42	99	51	32	6	1	95	9	97	64	
16	25	59	12	30	44	10	55	92	26	77	82	69	82	20	55	36	28	93	22	39	57	34	4	6	39	84	73	83	17	74	2	4	95	68	34	73	45	44	72	
23	30	10	41	26	20	17	98	82	7	78	81	87	82	81	75	79	44	65	89	86	87	88	35	5	13	42	70	52	76	62	99	56	52	39	3	69	42	67	48	
87	51	89	32	40	61	12	45	29	97	35	60	36	86	39	26	38	16	64	63	24	1	23	9	23	76	68	45	64	75	54	56	33	51	47	72	37	73	53	28	
38	83	21	94	37	68	56	44	6	48	59	93	9	11	20	92	15	59	81	73	13	68	18	51	82	36	50	30	19	19	27	89	68	33	96	95	89	77	30	46	
2	24	33	4	34	50	99	53	74	69	75	60	57	96	32	46	87	45	76	32	98	90	11	9	73	81	79	39	3	82	10	36	2	73	1	72	97	60	42	49	
62	77	21	47	4	88	59	73	84	59	81	4	86	71	51	82	91	71	62	62	89	11	42	2	6	90	60	73	60	66	25	46	92	96	71	1	66	67	60	40	
32	94	95	4	3	34	18	86	78	52	21	100	25	79	36	80	61	52	13	47	60	55	78	66	36	81	22	61	26	46	57	44	9	13	68	90	32	10	44	15	
16	84	9	25	64	62	60	55	40	71	12	2	69	100	35	76	77	61	12	29	2	93	32	91	9	81	20	17	67	88	57	11	68	30	53	5	25	90	8	93	
68	34	85	43	63	72	87	59	92	35	32	72	48	3	97	43	17	73	17	41	66	11	46	33	49	62	97	73	98	53	42	44	19	37	5	40	85	93	87	81	
10	16	75	58	57	24	90	70	69	6	9	81	58	51	63	21	32	30	26	95	77	63	82	6	89	81	59	30	17	43	50	57	77	84	83	50	89	33	81	98	
57	68	83	91	11	66	50	63	41	84	39	37	55	57	74	61	64	78	7	18	77	64	16	19	57	98	79	50	75	30	30	97	88	22	12	90	60	42	49	99	
51	84	44	61	68	62	96	72	78	75	94	2	18	81	26	11	8	23	92	86	17	35	27	89	91	4	38	62	10	83	95	80	96	35	62	1	84	32	52	15	
21	65	3	84	31	16	42	61	100	62	33	88	85	62	58	77	19	27	56	92	38	58	85	13	54	8	24	47	75	4	72	53	67	80	66	30	78	13	95	81	
63	28	90	49	52	50	70	13	2	43	35	58	22	55	73	79	66	24	42	65	48	48	54	96	12	23	92	6	53	40	70	63	7	8	59	65	62	57	4	29	
32	43	89	9	42	53	50	15	52	3	37	14	17	52	17	35	6	6	68	7	94	87	85	83	65	63	89	60	94	71	95	45	51	28	13	93	52	57	25	69	
56	44	76	50	28	63	46	78	84	86	58	97	99	5	19	65	56	92	99	63	66	33	75	25	85	69	7	91	6	26	44	41	6	84	35	32	34	54	51	17	
65	55	6	72	76	32	8	50	86	72	57	60	64	11	36	49	51	83	92	9	30	13	42	12	17	34	39	86	22	85	75	88	26	80	1	24	3	33	25	24	
81	51	76	44	9	60	99	17	17	58	91	29	14	25	51	76	58	15	86	99	18	75	83	48	95	70	74	13	22	27	61	93	86	84	43	36	29	29	79	5	
35	21	44	89	58	31	32	15	53	87	59	27	12	68	73	99	84	8	38	67	87	94	76	43	33	36	94	23	84	58	53	9	81	9	68	35	64	86	4	55	
74	81	79	23	5	98	100	94	28	51	48	74	12	68	87	12	38	10	10	24	41	38	91	74	14	65	58	69	35	71	19	74	85	73	48	5	29	86	52	70	
80	95	72	58	22	43	9	14	40	19	46	61	2	25	27	90	16	74	86	69	42	58	86	63	97	12	13	26	88	19	74	41	17	11	86	43	72	35	50	19	
65	47	6	49	37	96	57	35	53	27	37	38	30	42	44	65	80	54	98	70	53	30	77	41	61	43	83	82	28	17	11	42	55	52	71	40	23	51	35	63	
78	21	74	12	11	76	61	2	20	26	76	22	38	86	29	52	28	44	30	61	84	57	59	47	75	37	31	14	67	81	79	16	30	31	37	63	37	35	65	81	
On machine	4
26	1	90	92	85	5	95	4	84	42	7	34	9	6	86	50	9	40	93	55	55	35	69	81	71	2	78	23	91	88	13	90	89	55	68	66	11	31	2	43	
47	68	39	51	75	44	12	43	92	10	34	75	69	20	75	97	43	22	94	96	31	59	56	33	59	7	83	54	68	33	70	67	91	99	61	98	22	45	86	42	
50	34	84	86	63	65	3	82	83	50	28	14	47	63	75	62	34	13	46	70	79	71	84	51	74	47	21	89	26	30	19	71	57	77	78	68	59	57	80	7	
7	91	65	41	36	4	9	13	99	10	53	89	38	24	50	55	8	67	12	6	34	22	16	42	10	6	100	97	85	9	99	20	55	52	3	77	61	15	62	70	
30	2	9	90	35	1	11	55	27	23	37	96	31	27	44	79	25	66	79	49	39	21	79	57	50	82	20	19	60	48	98	66	83	4	97	15	39	65	32	43	
14	52	44	39	1	9	63	22	5	9	18	1	88	52	100	66	6	72	68	93	35	14	42	83	6	69	77	39	50	37	75	91	40	98	93	46	36	93	97	64	
72	90	70	91	31	87	6	43	53	55	14	96	96	14	13	50	30	28	89	34	72	29	63	87	98	12	89	95	28	27	63	7	68	77	93	61	9	65	66	4	
76	98	2	89	53	76	95	84	40	14	86	72	12	44	80	39	32	51	83	29	4	46	40	73	22	43	29	81	66	51	79	45	47	18	52	94	19	47	97	11	
76	6	27	61	15	74	7	32	38	82	100	25	65	47	36	100	14	100	30	57	14	64	74	43	53	31	64	41	45	99	90	77	62	53	89	1	61	36	83	68	
35	78	15	89	47	13	20	38	48	3	58	91	32	21	1	24	76	32	19	17	53	33	74	8	42	47	55	64	34	6	45	32	92	19	44	26	54	89	87	57	
76	81	87	85	9	21	14	65	10	22	73	45	97	37	42	14	47	51	21	19	22	79	55	93	2	60	15	44	62	74	97	7	73	34	4	42	98	25	57	59	
40	40	24	15	6	54	17	18	62	74	63	96	13	80	7	97	71	29	69	47	14	25	34	87	68	5	38	26	57	53	32	44	2	3	54	46	8	53	83	28	
91	59	2	64	66	21	53	46	31	27	25	72	28	58	83	77	73	10	32	5	14	76	45	78	84	35	86	58	71	97	85	99	58	27	1	88	78	5	75	86	
100	66	11	53	50	44	52	9	56	42	6	43	67	63	56	100	65	95	57	3	94	67	29	5	7	73	100	66	49	92	15	79	44	61	36	28	5	11	75	95	
5	97	56	36	50	33	87	61	39	91	78	33	55	38	18	65	66	98	92	60	47	35	44	72	21	37	19	27	49	81	22	31	23	14	63	48	1	35	92	35	
56	64	41	96	24	43	81	47	54	46	4	32	12	42	63	57	73	58	24	52	41	95	84	93	7	38	78	7	58	73	50	37	85	70	18	8	82	38	8	40	
72	96	48	44	51	44	31	46	60	31	28	34	47	24	17	41	1	56	34	5	33	74	2	71	13	96	22	86	45	34	54	74	44	41	13	55	9	34	4	30	
68	32	50	69	65	58	38	51	5	61	9	70	40	90	19	85	18	47	12	72	96	4	63	34	46	76	97	25	70	23	99	52	96	50	22	20	32	13	90	79	
39	89	26	95	93	30	29	79	26	58	28	15	25	39	80	84	5	74	47	78	82	16	58	65	31	13	20	17	88	94	82	34	6	79	82	34	14	62	60	33	
18	82	83	60	22	60	40	41	7	46	84	69	69	77	59	78	50	20	33	87	8	1	80	2	36	15	27	13	25	41	33	11	98	3	40	13	80	74	75	99	
50	45	42	24	86	89	34	43	13	80	60	90	74	17	46	89	35	19	80	18	83	16	27	26	18	84	67	56	99	82	14	72	59	30	68	63	63	28	46	100	
36	44	46	82	32	91	72	13	72	88	45	71	19	90	22	72	86	30	53	91	10	8	8	86	6	2	19	72	94	63	19	65	82	33	14	91	67	90	8	80	
30	93	66	26	99	28	55	94	61	48	21	64	87	31	9	19	54	37	61	72	48	86	5	43	8	79	96	6	71	39	68	4	15	12	36	69	89	14	25	17	
93	90	79	78	100	55	26	29	17	46	44	47	29	8	85	48	23	85	4	81	32	57	96	55	17	29	91	83	62	27	61	15	80	14	80	4	94	78	66	26	
29	22	92	13	40	70	34	82	49	95	31	37	13	17	26	48	81	5	9	52	26	31	17	14	43	86	51	48	81	17	29	65	11	60	40	23	62	36	88	91	
34	30	76	63	79	83	56	79	35	39	84	24	93	56	79	52	53	10	100	45	45	51	76	86	71	29	36	23	72	56	80	41	12	50	19	9	99	10	45	64	
67	73	51	15	11	79	26	19	72	35	79	31	37	77	66	45	1	40	40	95	52	45	69	11	69	86	85	29	7	78	82	98	77	20	95	5	27	43	63	18	
78	13	53	74	15	58	15	78	16	78	89	17	54	1	7	28	43	15	77	5	11	25	82	28	56	35	39	6	66	41	93	68	4	71	61	6	69	4	35	37	
82	71	98	3	36	17	46	6	28	49	43	87	57	9	21	79	81	47	87	98	16	64	80	39	2	13	92	60	96	55	71	58	17	14	27	96	88	76	95	68	
100	11	8	90	23	14	71	28	80	27	91	89	37	54	13	82	44	81	77	66	60	45	22	93	62	83	48	39	40	83	61	26	61	97	7	25	94	17	1	99	
5	17	12	23	61	47	47	29	21	89	24	89	28	55	21	6	76	59	78	10	54	37	77	36	94	44	92	10	90	49	2	36	56	1	85	9	19	69	62	64	
79	29	53	89	74	68	58	82	5	62	44	48	67	59	38	6	70	96	20	20	99	35	66	60	56	40	98	21	49	69	66	83	16	66	1	63	4	81	55	15	
47	88	87	61	82	92	32	56	82	4	97	99	81	19	10	9	15	30	44	97	21	89	32	2	49	3	7	37	63	57	60	54	56	71	22	21	41	41	11	27	
6	93	74	59	31	40	13	72	59	46	62	11	80	25	23	82	50	53	95	69	99	42	15	28	34	58	81	100	54	98	56	37	42	94	76	40	83	27	15	86	
5	33	72	33	69	1	67	33	74	36	98	54	28	44	58	48	41	95	68	34	2	46	74	23	37	84	77	50	39	31	53	2	21	46	3	65	6	60	85	84	
3	11	95	11	37	28	25	5	55	43	4	27	69	26	66	70	64	6	60	29	68	61	22	55	26	46	94	45	9	38	28	12	95	47	74	66	51	82	38	77	
75	65	84	80	7	37	30	76	80	50	21	18	81	84	14	63	97	68	33	72	31	64	5	71	71	15	3	6	94	49	91	23	48	33	17	59	39	68	24	94	
27	9	1	51	24	57	50	25	95	21	17	14	32	54	90	7	99	68	31	19	98	2	31	46	15	29	89	65	59	30	67	21	69	21	83	1	7	64	9	21	
98	57	20	71	40	51	49	38	3	94	45	25	95	64	7	40	32	70	30	31	97	28	44	4	88	94	31	69	19	40	3	14	6	99	65	71	19	52	45	6	
58	20	82	8	21	88	22	8	75	87	20	51	18	90	94	38	22	11	54	57	12	82	32	54	77	75	13	14	68	80	3	98	62	86	89	20	47	82	12	70	
