Factories	3
Families	20
Machines	6
SetupType	3

Number of Jobs in each Family
9	9	1	2	5	5	4	9	6	10	4	3	6	7	2	1	3	4	3	3	

Jobs in each Family
0	1	2	3	4	5	6	7	8	
9	10	11	12	13	14	15	16	17	
18	
19	20	
21	22	23	24	25	
26	27	28	29	30	
31	32	33	34	
35	36	37	38	39	40	41	42	43	
44	45	46	47	48	49	
50	51	52	53	54	55	56	57	58	59	
60	61	62	63	
64	65	66	
67	68	69	70	71	72	
73	74	75	76	77	78	79	
80	81	
82	
83	84	85	
86	87	88	89	
90	91	92	
93	94	95	

Total number of jobs
96

Processing times of jobs
6	10	9	1	2	5	
4	5	7	10	9	4	
1	5	6	9	3	7	
9	9	2	7	8	3	
5	10	7	4	1	9	
4	7	4	1	8	8	
2	5	9	3	1	3	
6	10	8	6	7	10	
5	10	7	9	8	3	
10	7	8	7	1	9	
8	8	10	2	9	9	
5	5	1	3	3	7	
4	2	2	5	10	8	
7	5	6	9	5	9	
4	7	7	9	10	8	
2	4	6	7	2	10	
10	1	8	5	9	6	
5	8	7	5	5	4	
7	6	6	7	1	10	
3	3	3	5	5	2	
1	5	1	2	3	7	
7	4	5	3	3	8	
10	5	8	3	6	4	
10	2	4	2	1	4	
1	9	2	6	8	8	
9	8	1	7	10	2	
1	8	9	7	4	1	
7	7	3	8	6	7	
6	8	10	2	5	3	
10	5	10	8	7	5	
3	8	3	1	5	4	
10	9	1	4	6	9	
5	1	10	5	9	2	
3	3	6	1	7	7	
4	4	1	6	10	5	
1	2	5	8	3	5	
2	9	5	2	10	1	
2	6	3	3	8	7	
7	5	1	1	4	4	
5	9	10	9	3	8	
4	4	4	9	1	2	
4	4	8	1	3	8	
9	3	4	7	2	9	
10	6	7	7	5	4	
1	10	3	9	10	4	
2	6	1	9	2	9	
7	8	8	3	10	6	
9	10	4	8	8	8	
3	10	5	1	3	4	
7	1	3	9	7	6	
8	9	2	1	4	5	
9	4	4	1	4	3	
9	8	7	5	3	10	
10	6	5	8	1	3	
10	2	3	3	9	5	
5	9	1	4	10	2	
9	8	10	3	3	2	
4	7	9	9	6	7	
3	3	9	7	3	10	
10	3	1	3	5	7	
6	4	4	7	8	2	
6	1	4	6	6	3	
8	1	4	3	7	3	
4	5	5	5	10	9	
3	3	9	10	5	10	
3	2	2	6	4	8	
7	2	8	7	9	1	
6	5	2	3	3	2	
8	3	9	4	10	4	
3	4	5	3	10	8	
6	5	10	3	1	6	
5	3	6	4	9	6	
6	3	2	4	4	8	
5	3	8	1	10	1	
4	5	4	4	3	2	
9	8	2	1	9	8	
10	4	4	2	10	1	
9	4	7	8	1	7	
8	6	4	3	9	8	
9	9	5	6	4	6	
1	10	4	1	7	7	
9	8	6	6	3	8	
10	5	9	4	3	6	
9	1	8	9	4	7	
2	2	2	5	7	3	
9	5	7	3	8	6	
7	9	6	10	2	10	
7	5	7	10	1	1	
5	10	10	8	9	1	
6	5	5	10	2	8	
8	8	1	9	2	4	
8	4	6	9	6	3	
1	6	10	2	10	2	
5	6	10	9	3	1	
10	6	9	8	10	6	
7	4	2	3	8	9	

Stepup times between Families, where [f][f] represents initial setup time
On machine	1
61	39	62	80	16	6	36	2	49	78	72	84	61	39	84	54	2	1	64	83	
56	64	43	42	63	67	79	40	84	23	7	91	69	32	46	85	55	63	82	66	
46	54	54	90	88	42	52	63	98	91	29	57	55	41	6	26	85	57	55	28	
89	69	62	49	6	9	78	99	81	74	44	88	7	64	94	11	20	27	6	91	
51	85	66	32	41	95	29	68	14	13	72	68	30	91	39	43	24	46	61	73	
57	34	27	83	43	100	75	15	76	51	96	80	89	15	2	47	54	3	34	95	
59	99	96	65	87	44	22	43	68	99	49	68	28	71	71	25	59	3	71	77	
24	39	40	27	40	29	86	83	73	43	11	60	91	32	5	98	81	84	1	80	
9	8	16	19	13	45	83	43	89	91	72	77	9	81	95	58	25	23	86	96	
94	93	89	7	6	6	5	17	14	3	67	4	52	61	23	35	80	16	77	91	
31	6	59	8	54	67	53	89	59	46	90	13	53	27	32	30	65	35	82	18	
33	53	11	59	56	94	85	31	5	44	3	17	41	66	96	98	27	15	10	88	
50	56	38	70	3	23	72	24	23	45	44	66	59	22	66	47	13	60	36	64	
13	85	78	52	37	41	35	19	9	79	65	54	39	30	57	13	70	52	48	35	
96	82	53	5	62	30	64	21	43	61	62	97	35	63	58	25	33	13	80	45	
23	14	20	3	57	97	28	23	29	21	65	68	29	36	24	46	21	30	77	100	
59	46	72	67	20	35	35	52	5	52	54	67	37	99	45	48	33	63	51	27	
29	68	35	18	25	49	24	13	28	36	44	21	36	84	90	22	54	87	36	40	
87	73	2	75	100	56	49	21	21	86	46	54	100	32	2	70	20	12	6	4	
88	65	7	15	10	53	32	45	75	72	27	53	13	40	56	1	3	32	75	49	
On machine	2
75	4	53	47	17	13	18	35	43	97	46	21	12	2	80	100	14	55	30	29	
95	11	74	80	6	1	32	86	82	75	9	13	38	75	63	16	65	15	35	14	
49	92	35	40	28	57	12	20	7	65	67	41	72	86	50	1	23	84	33	14	
53	65	29	52	51	34	58	17	7	6	40	30	90	69	23	82	73	12	55	12	
9	47	20	22	8	51	26	19	11	69	17	4	77	82	93	63	49	68	68	44	
19	50	26	100	46	12	40	70	62	46	96	100	36	12	45	87	19	20	48	27	
14	48	58	85	57	70	23	33	28	47	14	30	85	15	57	28	58	25	7	5	
55	2	65	67	33	86	22	25	27	7	30	44	4	33	89	28	42	74	79	75	
81	54	100	86	74	97	29	45	61	56	64	27	57	90	52	18	39	12	83	64	
6	95	54	43	82	48	90	42	26	36	91	21	59	57	17	61	25	29	78	4	
87	41	71	83	19	21	58	52	87	46	79	75	3	28	6	92	7	33	97	79	
15	97	94	66	10	36	78	46	26	69	75	16	61	61	4	26	33	67	51	22	
72	64	16	35	79	86	10	78	3	13	33	30	93	66	55	59	10	91	48	71	
78	14	61	50	70	78	30	87	75	4	67	8	82	86	84	95	37	77	92	17	
55	58	8	28	54	81	47	39	96	35	77	40	24	25	48	29	63	10	2	67	
94	36	81	77	37	85	28	80	61	81	15	78	42	58	48	12	40	16	14	7	
67	62	37	34	84	93	48	6	14	47	24	10	85	35	38	57	50	47	11	57	
11	38	42	57	36	15	2	94	67	73	100	14	83	53	18	73	95	9	81	53	
97	71	88	99	57	37	50	97	60	41	19	31	60	56	78	73	42	47	5	64	
65	58	20	9	65	32	31	80	32	99	98	1	44	40	6	90	61	46	37	73	
On machine	3
3	20	54	49	27	75	27	67	55	24	79	48	8	70	95	91	64	12	39	92	
19	18	25	2	81	64	73	53	93	98	15	48	12	82	41	32	5	67	96	75	
67	28	30	82	83	12	78	25	56	47	59	48	25	53	52	73	98	34	43	89	
61	58	44	79	42	45	88	44	100	5	67	52	31	94	87	75	19	50	27	59	
14	15	27	33	61	94	12	46	46	57	86	12	86	60	15	46	81	7	95	84	
35	23	50	46	94	66	30	79	59	51	70	68	41	2	34	66	51	92	68	17	
38	23	91	10	99	69	57	16	78	82	42	97	67	90	66	98	32	12	27	81	
23	79	73	17	29	82	90	80	31	67	58	32	45	35	1	43	40	50	38	85	
8	100	32	98	42	11	67	68	17	7	30	13	75	30	34	29	71	42	89	11	
14	35	88	38	35	49	50	14	66	97	58	38	75	39	54	80	11	17	13	43	
82	50	46	17	92	68	59	85	50	86	48	70	27	12	31	97	40	1	84	95	
8	76	25	83	80	26	52	38	70	39	28	68	18	50	36	66	29	54	54	89	
14	98	35	42	39	82	3	97	49	75	76	71	42	78	78	87	50	73	54	81	
95	79	43	42	82	100	44	19	19	82	95	100	4	45	74	86	29	94	48	88	
49	72	78	66	57	30	30	71	5	36	8	53	43	100	59	26	57	8	38	66	
5	77	32	38	22	45	5	35	93	58	22	3	21	42	70	43	20	26	97	50	
29	59	49	41	42	62	12	100	87	66	70	75	75	31	43	12	67	97	55	28	
99	87	76	73	71	82	12	7	75	57	63	97	3	30	99	6	70	96	42	71	
12	79	11	23	97	37	86	90	64	50	41	14	64	94	35	47	5	77	87	1	
78	11	48	4	30	21	32	47	49	96	25	3	1	37	55	90	16	81	47	59	
On machine	4
99	30	31	49	83	21	95	36	23	85	96	82	30	80	43	58	47	88	77	41	
78	89	72	49	13	77	12	99	23	89	87	36	23	54	45	60	60	78	52	38	
47	55	27	5	10	16	78	35	48	36	13	71	34	31	100	89	8	88	15	15	
18	79	65	24	44	14	23	83	12	39	42	9	3	16	24	40	43	75	79	36	
60	47	42	26	7	83	62	58	71	69	48	73	14	5	51	88	35	55	60	96	
34	46	32	66	71	75	47	60	27	10	51	53	32	26	50	69	63	99	43	81	
81	39	82	86	69	86	43	12	95	35	69	80	98	38	64	45	61	91	43	15	
13	3	94	97	14	22	46	5	50	68	38	42	14	32	42	73	86	74	82	7	
52	31	50	98	88	19	48	9	15	74	81	93	90	7	47	77	45	33	54	46	
23	46	42	48	6	63	73	59	10	16	40	73	95	32	91	11	69	93	97	75	
65	15	13	89	96	70	23	89	97	77	90	43	50	54	50	63	22	32	37	44	
35	98	65	36	75	45	32	94	48	63	58	22	5	50	15	8	10	77	35	52	
35	16	18	57	11	74	31	44	22	50	18	35	64	67	1	77	36	57	96	25	
42	99	21	51	61	3	47	93	60	38	29	42	49	64	57	55	31	28	57	3	
56	15	22	81	78	3	67	3	87	42	65	24	82	68	72	17	48	78	20	65	
15	3	57	28	98	16	48	42	13	30	68	75	78	6	35	69	4	50	84	43	
63	83	37	89	44	3	72	5	83	27	4	80	90	15	45	38	27	16	83	69	
69	98	7	89	95	16	3	96	14	57	76	52	60	84	65	85	12	2	81	19	
4	18	49	37	13	85	15	51	82	24	74	89	27	79	56	28	48	87	88	29	
88	98	35	40	35	29	53	23	87	62	99	54	81	35	96	45	56	59	65	8	
On machine	5
34	16	85	34	56	89	29	69	35	12	7	49	55	82	93	75	74	50	60	84	
44	15	94	67	78	46	5	83	68	76	57	40	52	16	35	71	40	3	47	8	
50	31	59	71	54	53	13	19	28	31	100	27	4	58	69	33	22	100	19	72	
45	80	60	68	95	96	98	45	1	39	34	4	53	68	38	20	69	52	69	53	
2	36	67	82	97	81	1	21	97	91	40	75	57	43	45	3	87	80	28	75	
49	36	81	1	90	96	82	96	61	49	63	84	2	77	14	53	37	82	98	90	
19	68	50	93	90	37	54	14	80	72	38	18	63	6	86	41	11	33	88	70	
37	86	40	77	27	86	13	53	12	51	44	57	33	28	90	5	7	34	61	29	
19	60	91	41	8	57	11	13	88	85	4	91	81	97	43	87	1	39	19	2	
52	14	87	62	42	13	52	92	81	6	51	31	79	13	73	49	18	97	29	8	
55	70	98	78	90	88	58	92	49	97	46	59	39	93	14	100	78	17	11	14	
62	53	4	93	28	81	86	89	47	67	76	31	78	90	57	28	71	62	99	96	
18	2	88	25	28	14	51	27	38	51	33	34	48	11	76	14	31	65	87	18	
23	37	60	53	81	28	91	72	44	83	91	92	20	48	62	7	20	96	56	25	
40	2	36	25	83	49	54	83	11	50	88	28	53	80	60	28	50	16	26	23	
38	54	90	64	28	5	40	90	62	27	58	91	39	16	25	34	50	97	68	79	
24	30	17	90	89	65	58	4	99	69	75	97	95	73	92	87	77	67	9	93	
42	27	25	56	44	44	88	14	81	56	76	39	83	91	90	45	59	94	4	54	
39	85	74	17	38	39	61	26	59	68	47	81	65	80	24	2	29	94	37	92	
52	55	15	91	99	92	78	44	72	37	19	74	39	43	6	48	28	48	64	4	
On machine	6
35	98	16	58	9	6	28	69	29	86	67	37	84	24	85	18	8	13	2	44	
15	60	26	83	66	71	49	61	11	96	38	2	88	28	33	67	1	53	82	58	
9	88	64	25	75	61	25	97	11	81	38	44	84	29	55	26	80	45	61	37	
74	80	23	55	98	74	98	61	10	69	28	57	56	20	62	3	36	57	45	59	
99	74	82	49	88	75	32	2	1	62	87	59	81	90	31	60	74	72	35	99	
50	70	14	45	26	14	18	95	20	8	55	29	64	83	82	71	13	61	95	72	
82	60	27	24	45	87	74	33	50	70	52	46	48	37	62	26	63	91	39	67	
97	69	36	86	54	48	73	97	62	53	10	84	98	64	33	32	21	31	35	53	
93	36	76	77	40	80	90	30	12	77	59	88	74	2	8	35	82	29	45	56	
72	78	17	9	57	14	12	22	10	11	68	17	60	50	88	5	11	44	92	39	
76	57	56	5	12	62	91	71	19	94	36	79	37	96	62	80	60	99	21	46	
22	17	27	48	5	76	92	54	20	74	58	61	19	60	68	3	74	5	76	47	
70	36	43	11	52	67	19	16	70	57	40	93	15	39	4	31	11	26	40	83	
39	44	56	33	2	96	13	41	8	87	25	39	93	21	77	99	98	83	42	29	
75	42	1	59	57	95	97	1	86	29	8	96	85	32	84	74	12	31	35	21	
70	60	32	46	50	2	44	100	93	68	81	89	96	20	88	47	26	75	5	87	
39	59	87	70	85	41	49	1	33	3	64	16	97	45	66	61	25	84	26	45	
44	46	57	54	12	13	37	38	48	62	27	44	65	13	26	89	47	46	86	18	
74	42	11	9	100	24	30	31	96	81	32	71	24	74	61	40	99	52	75	16	
58	8	4	13	28	64	25	45	88	85	76	20	42	87	11	20	72	50	98	61	
