Factories	3
Families	20
Machines	4
SetupType	1

Number of Jobs in each Family
2	2	5	10	2	2	8	1	3	7	9	4	1	2	5	4	6	5	8	7	

Jobs in each Family
0	1	
2	3	
4	5	6	7	8	
9	10	11	12	13	14	15	16	17	18	
19	20	
21	22	
23	24	25	26	27	28	29	30	
31	
32	33	34	
35	36	37	38	39	40	41	
42	43	44	45	46	47	48	49	50	
51	52	53	54	
55	
56	57	
58	59	60	61	62	
63	64	65	66	
67	68	69	70	71	72	
73	74	75	76	77	
78	79	80	81	82	83	84	85	
86	87	88	89	90	91	92	

Total number of jobs
93

Processing times of jobs
9	4	7	9	
6	8	3	3	
8	4	2	5	
6	8	6	1	
8	6	3	4	
5	9	1	9	
9	7	9	7	
2	7	3	2	
2	6	8	2	
3	2	10	3	
8	3	7	2	
1	4	5	1	
4	10	1	9	
8	4	8	2	
3	5	4	9	
8	5	10	4	
7	10	5	4	
8	9	3	6	
10	4	5	4	
1	6	6	3	
10	8	7	6	
8	8	4	2	
2	4	8	7	
5	9	9	8	
6	6	6	5	
2	3	5	3	
3	3	10	10	
1	4	4	10	
6	7	9	10	
2	8	7	9	
1	10	10	8	
9	1	9	5	
10	10	5	10	
3	6	7	1	
8	6	2	7	
9	4	3	3	
1	2	3	2	
7	8	2	8	
4	7	7	3	
7	5	4	9	
10	8	8	5	
7	7	5	9	
9	3	2	10	
10	4	1	7	
2	7	6	8	
9	1	7	4	
9	5	5	2	
9	5	10	9	
10	2	1	9	
9	2	3	4	
3	9	4	8	
7	2	1	1	
10	7	6	3	
2	9	6	4	
1	8	6	2	
1	7	10	7	
1	9	6	9	
1	1	9	4	
9	5	8	4	
8	6	3	4	
8	8	8	1	
5	1	1	1	
1	1	7	8	
1	9	3	10	
7	1	1	6	
1	2	10	8	
7	1	1	5	
4	9	7	3	
4	5	4	7	
9	3	5	4	
3	10	4	9	
4	4	5	10	
9	9	7	9	
7	3	8	6	
5	10	1	10	
5	3	4	10	
6	10	8	3	
5	2	9	2	
6	3	9	8	
4	8	2	7	
6	3	5	10	
8	2	5	8	
10	4	8	5	
2	1	9	6	
9	10	1	4	
6	2	1	3	
5	10	3	2	
5	6	2	5	
2	6	7	8	
10	9	4	9	
1	3	7	7	
10	2	2	1	
6	4	3	5	

Stepup times between Families, where [f][f] represents initial setup time
On machine	1
6	14	17	4	16	1	20	10	18	1	3	15	14	4	13	9	2	11	20	18	
17	17	11	1	5	20	17	11	5	7	20	1	9	8	9	9	2	12	8	20	
20	11	9	3	9	2	8	12	7	12	7	7	17	2	18	20	6	7	16	15	
6	10	15	19	2	7	4	7	10	1	20	7	17	20	2	9	3	14	10	11	
6	17	9	4	15	1	6	1	14	4	13	10	16	17	14	9	20	1	3	6	
12	3	17	7	14	11	9	3	19	9	7	5	17	7	19	18	11	12	7	3	
17	18	19	8	19	19	19	6	15	19	6	5	1	17	8	6	9	12	9	6	
6	15	14	3	10	12	5	17	2	12	20	19	20	19	11	16	13	20	11	7	
4	6	1	13	4	17	18	13	5	14	11	9	2	13	1	13	17	10	19	8	
3	2	19	1	18	18	1	18	4	20	9	7	18	1	20	10	17	2	6	7	
7	3	3	5	14	17	6	14	4	7	1	16	14	12	2	4	19	15	13	11	
11	2	15	2	9	11	14	19	4	4	11	14	13	14	5	17	2	9	18	10	
9	1	2	16	20	8	10	13	3	14	15	7	19	13	11	14	18	2	5	8	
10	15	12	18	10	11	8	19	15	3	5	10	3	11	3	9	8	20	15	19	
19	11	18	9	11	6	7	17	11	1	11	6	2	15	18	8	15	6	9	19	
4	9	6	14	11	1	4	14	14	6	20	15	18	2	11	6	15	18	17	19	
15	8	17	9	1	16	9	12	3	15	5	14	13	14	15	1	16	19	1	8	
11	16	15	4	5	15	6	1	15	13	2	5	11	7	3	16	18	11	5	9	
10	3	1	20	2	5	6	20	2	13	2	15	14	16	14	11	18	10	3	11	
12	15	5	3	13	14	12	20	9	14	14	7	20	20	20	8	16	12	4	2	
On machine	2
5	15	2	10	19	17	10	19	16	16	6	20	5	5	8	12	16	9	6	17	
14	2	19	20	6	3	13	15	7	18	5	20	18	17	3	9	7	15	7	13	
4	11	10	19	10	17	17	8	17	4	11	9	14	4	9	14	7	4	3	16	
13	15	5	6	12	15	7	6	8	18	16	5	8	12	5	8	16	17	1	13	
2	19	16	11	4	18	8	13	11	16	11	12	16	15	11	3	4	1	7	10	
5	6	3	6	15	12	17	13	10	11	8	16	14	10	17	13	20	18	12	10	
3	5	1	7	15	10	16	3	1	3	10	16	19	3	10	17	9	5	3	19	
16	9	18	8	18	9	5	8	3	2	1	8	6	13	13	12	10	12	1	3	
3	14	18	2	4	9	14	5	3	1	2	9	11	1	10	19	16	9	10	3	
4	20	18	8	20	11	3	3	2	1	19	19	18	8	5	16	15	4	7	19	
4	19	12	4	14	5	5	5	3	12	10	19	11	15	1	10	6	14	10	13	
14	14	13	14	19	10	16	11	8	1	5	18	4	2	19	11	13	12	4	15	
11	4	14	15	20	3	12	5	19	16	4	14	19	9	6	17	9	5	15	11	
12	2	3	7	3	4	16	8	5	18	5	5	1	11	6	16	12	16	12	10	
3	16	3	13	3	15	9	16	16	3	10	3	2	20	18	14	2	12	19	3	
16	7	16	10	4	11	1	17	14	1	16	4	18	2	4	15	20	17	7	5	
1	14	5	4	10	4	6	10	12	10	8	9	17	11	15	15	4	2	17	7	
11	4	18	20	9	14	10	3	18	17	12	7	19	17	15	9	9	20	3	12	
2	18	15	2	9	6	8	3	18	10	16	10	2	16	8	10	11	12	19	10	
15	1	12	12	10	8	9	19	6	10	13	11	11	4	15	13	18	16	1	7	
On machine	3
16	14	7	5	19	14	7	13	1	12	5	20	13	15	7	9	10	10	19	1	
5	13	16	20	7	4	5	3	3	9	12	18	1	10	18	9	18	4	3	17	
10	18	1	20	8	9	12	17	16	17	17	4	3	20	7	18	10	6	2	4	
4	5	13	17	18	14	13	1	8	3	16	11	10	6	15	15	6	14	4	13	
15	12	7	20	3	9	15	6	5	18	15	2	6	16	10	4	17	2	20	2	
20	3	6	11	1	12	15	16	17	18	7	4	12	11	16	8	1	3	8	3	
3	5	19	8	16	3	14	6	17	6	18	3	15	17	4	4	8	8	13	12	
4	16	17	7	18	10	14	8	18	2	14	11	17	13	13	20	3	8	8	4	
11	2	4	1	3	3	11	15	18	15	8	10	4	2	2	5	5	9	7	10	
16	2	9	19	13	15	12	15	9	1	17	1	9	18	6	3	10	11	7	20	
3	7	9	3	16	15	1	3	1	1	4	19	2	3	16	9	9	12	5	8	
8	4	1	18	10	2	4	19	20	3	16	17	12	14	20	2	20	11	20	17	
11	16	4	2	5	1	9	5	1	10	16	3	20	19	20	6	3	7	14	2	
7	9	6	13	4	6	1	16	12	19	9	2	10	15	9	13	3	16	14	2	
15	3	17	14	15	16	13	10	6	11	19	18	9	7	20	18	3	17	8	13	
17	9	9	15	18	7	13	8	15	12	3	1	9	18	3	7	7	5	9	14	
18	19	16	11	17	11	4	13	18	18	12	12	18	14	4	3	16	18	9	12	
1	9	2	18	14	6	16	10	11	1	1	1	7	8	5	12	16	20	16	5	
4	8	10	18	16	10	5	19	11	6	5	5	10	16	10	20	7	5	10	16	
8	8	14	7	18	12	6	18	9	18	1	7	13	1	10	6	17	2	6	18	
On machine	4
19	9	13	18	17	19	6	3	15	18	10	5	9	14	15	9	18	1	11	17	
16	13	2	2	14	8	4	13	19	16	1	17	9	13	5	4	3	12	11	12	
14	1	19	16	10	15	19	15	15	14	20	8	10	1	13	11	17	17	20	10	
14	2	3	16	16	16	8	2	18	5	17	19	5	14	3	17	7	19	13	20	
1	10	12	11	1	10	20	13	1	12	18	2	4	10	15	6	16	16	15	13	
12	16	16	19	14	5	16	18	1	2	2	5	13	15	12	7	3	20	13	1	
3	13	17	1	19	2	15	16	6	16	18	20	4	19	11	1	8	18	4	12	
15	12	6	6	7	16	20	20	4	15	17	15	1	20	10	6	6	9	14	17	
1	20	9	12	3	4	12	20	4	5	13	6	6	5	1	6	5	1	16	9	
15	7	11	18	14	13	5	9	10	10	19	10	1	20	20	9	16	6	13	1	
8	10	8	14	12	9	3	5	17	6	15	19	4	1	6	11	2	17	6	8	
6	19	3	2	6	20	2	10	7	9	3	8	15	1	16	20	8	9	11	20	
2	3	19	13	7	3	9	17	10	14	12	20	18	15	2	18	5	12	1	3	
9	5	2	16	1	3	3	5	11	3	15	11	9	8	2	16	9	10	18	13	
17	1	17	16	3	18	3	13	13	12	7	10	13	5	17	13	11	18	7	5	
7	13	1	13	8	9	13	12	13	15	3	2	20	7	3	18	20	8	4	12	
3	12	13	12	7	8	6	12	12	16	5	7	11	1	18	3	13	14	12	20	
15	16	16	1	5	18	19	2	17	9	7	15	13	13	6	4	15	19	11	5	
8	19	13	20	15	1	5	16	16	16	6	13	16	19	3	18	2	20	1	5	
14	5	13	9	18	9	8	12	14	7	17	11	4	13	3	7	19	7	4	5	
