Factories	3
Families	40
Machines	4
SetupType	3

Number of Jobs in each Family
3	6	9	3	1	2	8	5	8	2	2	5	7	7	7	3	10	8	8	9	8	5	3	5	3	10	10	8	8	6	5	10	5	6	6	7	10	4	10	5	

Jobs in each Family
0	1	2	
3	4	5	6	7	8	
9	10	11	12	13	14	15	16	17	
18	19	20	
21	
22	23	
24	25	26	27	28	29	30	31	
32	33	34	35	36	
37	38	39	40	41	42	43	44	
45	46	
47	48	
49	50	51	52	53	
54	55	56	57	58	59	60	
61	62	63	64	65	66	67	
68	69	70	71	72	73	74	
75	76	77	
78	79	80	81	82	83	84	85	86	87	
88	89	90	91	92	93	94	95	
96	97	98	99	100	101	102	103	
104	105	106	107	108	109	110	111	112	
113	114	115	116	117	118	119	120	
121	122	123	124	125	
126	127	128	
129	130	131	132	133	
134	135	136	
137	138	139	140	141	142	143	144	145	146	
147	148	149	150	151	152	153	154	155	156	
157	158	159	160	161	162	163	164	
165	166	167	168	169	170	171	172	
173	174	175	176	177	178	
179	180	181	182	183	
184	185	186	187	188	189	190	191	192	193	
194	195	196	197	198	
199	200	201	202	203	204	
205	206	207	208	209	210	
211	212	213	214	215	216	217	
218	219	220	221	222	223	224	225	226	227	
228	229	230	231	
232	233	234	235	236	237	238	239	240	241	
242	243	244	245	246	

Total number of jobs
247

Processing times of jobs
4	2	7	6	
7	9	10	4	
2	9	6	5	
5	6	3	9	
4	9	5	5	
8	7	8	1	
7	5	1	2	
9	8	3	10	
5	5	4	6	
1	4	9	7	
5	8	5	7	
5	5	2	5	
2	6	1	8	
7	8	5	2	
5	1	10	6	
6	9	7	9	
1	7	2	1	
7	8	1	4	
3	8	7	5	
2	1	8	6	
3	2	5	1	
2	4	4	1	
4	3	6	1	
3	8	1	5	
5	7	6	1	
3	8	3	7	
2	2	2	3	
4	4	6	8	
10	4	1	3	
10	4	2	10	
7	6	10	9	
9	6	1	6	
7	4	7	2	
2	4	9	6	
7	9	9	2	
8	3	3	10	
7	8	6	9	
10	3	6	5	
4	7	9	6	
4	6	7	1	
9	3	8	4	
10	3	8	2	
6	3	1	8	
3	8	9	10	
3	10	1	9	
5	6	10	6	
7	9	1	7	
1	6	1	6	
7	9	3	2	
10	3	10	5	
9	9	1	6	
5	3	4	2	
4	7	4	4	
7	8	1	4	
4	6	10	8	
10	5	4	3	
8	7	4	4	
2	2	2	4	
10	6	9	6	
10	4	5	4	
10	3	6	6	
2	2	3	1	
10	9	10	10	
1	2	9	8	
7	10	10	6	
4	1	9	1	
10	1	6	9	
2	6	9	2	
4	9	9	9	
10	8	3	2	
7	3	5	2	
9	2	10	9	
10	4	6	10	
1	7	4	7	
2	3	2	3	
8	5	7	2	
2	8	10	9	
8	9	10	4	
5	7	9	6	
6	2	3	3	
9	8	8	6	
1	2	3	8	
6	4	10	2	
4	10	1	1	
6	3	6	10	
8	6	4	3	
7	1	4	6	
10	9	4	4	
6	2	9	6	
10	8	2	10	
6	1	5	2	
6	8	1	5	
9	3	7	4	
6	6	2	1	
8	5	6	9	
8	4	4	7	
6	9	10	6	
5	8	8	10	
6	4	1	8	
3	5	3	9	
9	8	2	1	
3	10	7	3	
8	5	1	8	
4	1	5	5	
6	7	5	1	
3	10	2	3	
7	8	3	6	
2	5	10	2	
6	7	1	9	
8	3	3	6	
3	9	3	5	
6	3	3	4	
6	2	4	6	
4	7	1	5	
5	5	5	7	
1	6	6	6	
7	4	1	7	
3	4	1	2	
6	2	6	7	
5	10	7	8	
6	2	8	5	
2	4	7	5	
2	4	4	1	
6	6	9	9	
8	1	1	3	
8	7	10	6	
1	2	6	8	
9	3	8	9	
10	6	1	5	
9	10	5	9	
3	6	9	1	
9	2	7	6	
4	1	6	9	
4	7	2	6	
2	10	4	10	
3	4	2	3	
3	4	9	10	
1	2	4	9	
3	9	6	9	
6	1	9	2	
3	9	4	1	
3	7	5	10	
7	10	1	5	
7	6	1	5	
1	4	2	2	
7	8	8	3	
8	2	6	1	
3	8	5	3	
7	6	7	7	
5	10	10	6	
5	8	5	3	
1	2	2	2	
10	10	3	7	
8	7	7	9	
2	9	2	6	
8	1	7	4	
5	1	8	9	
3	1	4	10	
5	1	1	8	
10	6	4	6	
9	3	6	4	
2	9	4	9	
10	9	4	9	
1	9	5	3	
3	2	6	1	
9	5	8	10	
3	10	4	4	
4	5	2	6	
2	3	2	7	
9	1	10	1	
8	6	5	2	
10	7	6	10	
8	9	8	8	
5	7	4	4	
5	7	4	8	
4	9	5	6	
6	2	8	9	
2	1	2	1	
2	3	2	6	
9	6	3	3	
10	5	8	2	
4	2	7	7	
5	8	10	2	
8	9	5	8	
3	2	1	10	
7	6	8	9	
10	5	9	5	
3	9	1	8	
5	8	9	1	
10	3	6	9	
4	2	10	3	
4	3	4	2	
7	8	5	5	
8	7	4	8	
7	3	2	3	
9	2	8	7	
10	5	10	4	
7	4	9	3	
4	7	9	4	
9	4	1	1	
9	8	10	6	
4	3	2	10	
10	8	8	6	
3	6	2	6	
5	5	1	5	
4	2	7	8	
5	4	10	3	
3	3	3	5	
5	1	8	3	
9	5	10	7	
7	1	2	4	
1	9	2	1	
10	3	6	4	
2	10	8	2	
2	4	1	10	
6	2	5	3	
4	1	5	1	
1	7	8	7	
8	1	5	3	
10	9	9	5	
10	6	2	1	
1	5	9	1	
9	6	3	2	
7	7	9	9	
8	3	7	7	
5	8	2	6	
7	8	8	5	
8	9	7	2	
7	8	8	5	
7	10	5	8	
5	7	1	2	
6	7	7	8	
3	4	5	7	
4	9	4	5	
5	7	7	4	
1	10	3	8	
1	10	6	2	
4	8	8	2	
7	6	9	6	
3	10	7	2	
10	3	4	10	
9	9	8	1	
9	5	6	3	
8	9	4	3	
1	8	9	1	
9	8	2	9	
10	4	7	5	

Stepup times between Families, where [f][f] represents initial setup time
On machine	1
35	83	15	7	71	53	29	82	81	49	11	30	79	99	22	68	55	47	86	37	87	42	6	88	56	34	90	36	12	75	30	57	37	99	33	45	45	17	58	7	
97	94	54	31	35	12	22	56	64	68	14	10	60	73	78	18	91	81	91	57	3	92	17	60	19	27	65	92	92	94	46	32	70	13	36	14	25	79	58	96	
8	100	35	16	42	2	67	34	11	14	68	72	37	100	41	74	63	74	81	83	54	4	23	28	23	29	5	83	29	85	3	99	3	80	1	82	71	34	79	18	
24	4	36	61	36	22	61	79	59	37	55	38	32	6	100	24	17	59	77	26	78	58	36	76	72	32	65	88	72	52	26	88	5	44	7	52	10	55	49	19	
61	35	46	93	10	5	94	89	44	7	25	43	93	29	53	9	41	7	2	57	57	78	34	23	71	85	17	85	21	34	21	38	98	81	47	99	96	8	71	51	
72	4	84	18	14	71	91	5	72	42	16	67	25	72	41	7	71	36	3	88	86	36	6	81	65	75	45	22	46	32	38	42	1	3	55	20	33	31	33	71	
62	4	43	9	62	7	62	15	91	28	56	1	72	12	7	86	96	44	52	45	39	100	19	59	2	15	25	95	29	98	7	53	79	78	44	23	38	27	22	29	
19	87	69	81	5	87	8	30	61	4	12	33	40	9	79	92	84	41	18	40	36	67	85	54	95	12	74	98	46	47	28	60	17	90	56	98	91	61	38	18	
65	29	62	64	1	67	61	39	23	40	14	72	36	7	88	82	17	5	54	72	62	28	60	48	80	75	31	10	59	5	72	56	84	17	1	3	58	49	53	58	
35	97	90	81	70	93	75	41	22	85	26	30	18	1	82	37	39	6	70	83	25	100	58	14	98	88	22	26	35	75	24	39	4	15	85	17	62	78	87	35	
91	69	68	76	29	7	31	36	31	98	71	39	89	65	61	63	54	23	11	62	43	74	17	40	81	96	95	70	55	86	42	1	41	65	80	31	69	94	26	83	
28	64	68	44	6	65	88	38	37	89	54	85	47	78	56	19	92	57	84	18	83	80	7	37	91	4	92	57	60	13	28	83	69	36	17	16	18	99	91	73	
72	83	95	20	95	63	74	95	95	12	41	16	96	1	51	80	100	75	98	40	11	60	75	8	68	37	4	54	51	44	35	35	13	21	72	44	91	43	85	56	
55	65	50	8	63	60	32	31	91	58	50	10	86	73	57	63	39	15	79	6	86	84	95	24	56	42	87	44	27	41	12	90	35	39	53	13	76	78	77	84	
29	56	62	17	68	57	66	14	67	43	49	36	91	74	23	36	99	15	36	91	42	87	24	13	41	55	60	5	47	50	98	73	46	61	12	56	59	35	12	99	
72	17	87	56	85	47	19	3	8	95	73	75	34	85	3	77	11	53	38	71	35	77	48	60	10	94	4	70	17	92	81	16	78	56	56	62	42	74	92	21	
57	27	20	31	85	12	4	98	86	96	16	79	94	35	26	43	29	95	68	89	15	63	69	99	45	37	52	30	88	68	29	50	16	82	20	43	32	88	68	60	
46	76	52	50	90	39	76	12	42	31	34	24	49	18	86	11	4	95	95	88	68	80	31	18	97	57	18	15	95	36	5	75	39	70	1	50	16	45	50	29	
62	59	57	31	2	37	86	51	20	55	70	76	18	7	40	86	46	68	81	95	49	25	77	92	17	18	40	60	79	18	85	21	5	58	54	18	76	73	100	49	
65	65	20	86	22	81	14	76	14	58	73	15	24	95	88	21	67	11	47	48	9	30	25	44	87	33	67	77	57	22	5	32	79	100	85	59	83	45	85	81	
84	28	22	91	66	25	52	75	14	38	57	95	88	25	24	90	96	79	75	80	22	83	56	28	2	20	66	13	98	11	31	58	49	33	13	19	12	3	99	31	
18	71	2	63	18	89	52	79	91	50	39	79	63	65	53	97	81	50	94	58	75	40	78	93	33	22	29	11	14	94	33	63	79	77	11	98	53	17	52	35	
98	19	61	15	64	83	4	31	33	66	57	76	14	92	58	76	63	66	47	63	47	98	36	81	29	80	35	26	1	39	49	42	15	56	28	38	88	94	2	54	
75	3	8	5	99	6	49	58	9	62	69	84	5	94	6	92	3	93	26	61	60	99	45	56	75	17	60	49	93	30	46	22	96	22	94	27	70	59	13	26	
69	94	33	68	34	31	47	67	79	24	61	93	9	11	54	93	82	17	38	1	17	26	49	92	87	39	55	80	14	39	50	98	84	41	63	89	3	100	9	80	
63	64	11	96	47	64	100	6	7	29	37	24	21	62	97	50	79	61	64	43	12	1	74	57	26	35	49	37	64	34	90	66	4	2	12	29	63	89	17	9	
95	48	25	36	17	24	64	17	99	52	16	16	60	13	43	51	75	69	77	54	88	72	97	97	81	13	56	64	65	19	91	84	27	95	71	32	4	1	94	14	
84	1	71	79	74	52	28	96	11	59	91	58	5	27	15	41	52	98	4	21	13	37	78	13	49	14	98	91	72	32	9	23	38	88	49	60	94	62	78	72	
17	77	29	91	25	87	75	30	35	48	71	72	18	89	48	42	13	40	94	11	55	54	83	62	69	16	35	71	39	66	51	59	82	85	97	36	81	11	17	100	
91	12	38	37	17	71	19	49	45	30	8	67	82	18	28	82	84	78	36	8	22	61	86	33	30	38	22	97	25	36	29	15	48	62	12	16	26	80	83	12	
68	67	18	55	97	42	34	94	1	25	93	11	71	14	64	74	53	14	29	90	97	37	76	40	38	61	61	61	21	92	10	42	9	60	31	15	99	58	75	48	
66	34	5	8	70	38	15	23	15	81	73	83	21	31	33	37	29	30	85	72	26	18	86	14	69	36	44	71	74	3	30	91	36	69	100	71	87	49	10	54	
15	32	98	24	40	73	88	3	92	12	41	30	21	47	38	2	80	84	87	31	92	21	96	99	31	85	66	25	77	6	97	44	91	83	16	45	23	96	74	67	
68	44	84	33	37	74	39	13	81	83	15	51	78	27	40	84	10	30	24	8	18	73	9	98	81	9	96	58	18	4	66	87	70	49	94	95	27	36	72	87	
46	2	48	35	44	50	14	22	71	77	49	74	68	60	49	86	26	39	37	27	97	76	88	57	43	12	48	42	95	77	1	28	53	1	31	3	86	85	78	57	
12	18	85	93	12	8	69	50	41	97	100	97	84	96	41	67	38	5	85	56	33	44	30	41	15	63	39	24	55	9	5	93	2	41	33	51	17	44	66	89	
40	26	71	94	22	61	100	43	10	27	37	27	21	29	48	60	16	29	41	84	57	34	46	6	13	84	56	82	37	57	47	6	41	62	36	27	76	3	57	72	
14	30	65	1	86	65	50	54	76	30	31	17	78	15	30	69	53	86	46	4	46	86	32	71	1	2	71	89	62	97	45	78	11	96	24	65	50	24	45	91	
50	23	3	37	99	44	95	16	33	1	55	16	73	5	49	83	76	94	14	86	84	24	11	12	29	58	98	62	79	85	83	4	68	19	13	78	80	94	27	20	
35	45	32	66	98	98	11	74	94	81	67	76	98	76	79	64	4	11	100	14	34	69	98	23	56	55	71	18	72	5	58	50	9	55	21	50	21	91	33	8	
On machine	2
87	60	94	62	79	12	17	49	35	5	68	60	90	4	98	82	47	27	55	23	45	96	26	40	44	95	56	47	30	77	52	49	22	54	49	31	93	72	6	55	
63	48	73	20	45	88	37	7	45	50	4	4	53	56	85	92	95	52	39	88	28	98	7	93	68	12	86	89	18	1	37	63	65	5	8	30	81	68	81	64	
21	69	51	21	73	17	67	36	92	67	61	82	80	66	86	36	69	1	16	87	59	15	47	87	83	100	67	74	3	90	74	43	17	15	87	17	33	18	78	38	
29	11	78	22	63	1	89	38	65	18	16	25	4	41	50	44	1	76	33	89	31	11	2	42	11	77	68	86	16	71	8	29	76	73	75	16	74	62	29	92	
72	15	53	87	60	12	41	78	37	5	22	89	9	30	67	16	84	70	47	67	56	97	20	73	67	5	95	56	36	49	25	88	37	67	27	5	25	68	21	6	
77	17	43	39	33	16	80	93	56	99	66	52	75	56	59	62	74	10	79	15	20	39	45	51	14	7	62	59	77	24	76	34	15	93	99	56	18	16	30	93	
15	23	99	46	14	15	44	60	75	20	25	47	17	48	34	38	93	58	79	49	53	100	29	8	77	44	22	66	65	15	84	8	48	31	82	3	1	51	11	91	
16	57	99	25	72	63	83	72	67	69	93	51	41	25	88	38	28	36	37	18	98	40	54	58	53	99	42	60	84	11	68	15	79	62	89	2	85	49	92	4	
95	11	17	62	12	3	2	30	67	25	67	5	57	24	32	63	92	26	71	69	62	52	40	88	14	74	81	45	8	77	42	56	79	13	17	56	96	77	34	26	
32	60	28	38	70	75	19	11	98	69	21	67	57	74	26	2	46	50	89	41	76	24	56	46	53	94	63	62	39	64	88	100	29	77	97	40	52	8	62	18	
42	11	73	36	75	76	39	45	30	77	89	56	14	9	2	60	22	99	83	89	74	55	16	87	3	7	45	89	36	80	85	37	98	57	2	10	77	74	1	6	
32	25	47	5	3	25	97	81	94	96	31	24	89	83	15	27	66	67	8	40	78	18	25	14	8	2	76	35	75	85	83	3	78	94	65	20	69	72	64	57	
13	40	93	42	55	19	24	56	66	68	47	1	50	27	97	35	17	67	64	45	36	69	94	90	73	5	66	48	64	57	39	36	95	48	81	65	34	44	64	74	
58	11	85	24	80	18	25	78	77	64	21	19	46	25	96	17	53	38	7	87	26	60	6	66	55	27	33	64	36	78	30	17	96	88	74	49	16	8	14	25	
4	60	71	16	43	62	55	70	58	28	67	12	77	39	90	91	82	6	87	90	62	16	98	85	6	78	94	60	21	25	47	86	90	79	62	82	88	96	22	95	
100	4	58	88	95	19	62	59	100	73	70	81	64	59	20	42	85	21	18	93	84	32	48	39	90	39	71	12	25	46	18	78	90	18	52	53	74	7	7	79	
1	71	43	20	46	50	29	20	29	14	17	32	77	69	26	95	2	77	5	46	85	8	85	62	81	40	82	68	31	77	15	25	49	36	57	7	36	38	100	16	
73	45	20	77	60	54	28	30	88	28	29	8	90	87	35	95	25	41	75	41	69	81	60	42	43	93	92	58	41	14	53	92	23	57	53	45	76	36	82	15	
84	42	6	74	74	27	94	88	10	75	55	60	10	44	94	3	88	94	92	37	62	75	57	41	53	51	70	62	95	82	29	28	96	67	92	64	98	79	4	87	
64	23	7	66	28	98	43	46	21	78	62	24	51	24	19	60	40	54	87	45	99	58	51	40	31	36	71	82	38	100	76	67	82	20	42	45	20	50	49	45	
51	10	97	16	44	11	96	39	32	15	78	91	93	40	47	55	64	45	56	85	58	25	43	5	97	30	100	35	34	13	96	70	93	77	93	23	33	85	54	4	
80	74	49	6	37	81	86	78	44	9	54	7	77	91	39	39	9	39	86	54	38	6	78	59	94	92	39	6	93	40	71	78	70	94	100	56	74	5	58	43	
55	37	2	65	97	14	18	10	26	89	27	36	19	94	5	79	5	91	82	42	89	12	38	84	92	32	57	12	70	75	90	19	49	92	62	28	76	13	8	58	
56	12	83	100	19	8	96	97	47	1	35	21	5	40	88	76	7	99	10	1	75	64	90	74	49	63	28	10	23	84	16	19	75	33	7	10	32	61	80	83	
48	6	36	85	77	41	68	77	11	64	42	29	26	19	79	9	17	65	52	45	70	96	26	66	98	99	46	81	71	1	68	68	100	16	87	88	61	3	34	39	
4	86	66	87	47	93	88	86	79	99	48	80	96	25	34	65	78	84	76	11	4	51	44	48	34	60	83	4	100	89	22	46	53	50	89	11	50	13	93	39	
4	60	26	42	75	54	17	54	67	49	1	79	50	12	9	55	52	29	81	20	92	3	81	50	32	31	11	57	94	16	47	94	60	34	25	81	93	8	26	63	
57	80	54	13	19	51	69	53	24	68	100	71	83	90	66	67	83	94	28	25	1	41	81	17	18	94	10	20	27	19	57	94	75	57	94	57	33	85	50	34	
23	84	84	11	10	2	50	13	19	27	1	3	5	74	75	99	88	74	8	71	5	58	54	78	51	44	46	72	73	65	48	27	93	3	78	7	29	30	44	37	
20	77	45	91	27	68	82	35	80	30	7	94	42	69	38	79	83	68	57	64	7	84	74	58	14	9	49	43	79	75	44	49	37	81	77	38	78	89	69	19	
11	42	59	61	8	9	41	92	44	45	39	58	19	77	84	84	69	48	29	83	58	77	86	30	28	34	3	10	20	9	80	6	65	48	41	96	89	70	37	79	
6	80	64	62	48	53	46	98	11	49	42	75	80	82	87	93	15	53	98	20	3	39	71	20	62	79	60	39	94	19	84	3	76	37	1	97	19	28	37	54	
96	38	77	84	78	13	38	44	59	13	55	33	61	64	43	85	93	17	17	10	19	33	45	88	4	3	13	1	12	21	80	10	84	63	49	88	76	32	47	29	
24	83	36	59	16	12	43	21	87	39	75	13	8	27	33	26	68	59	88	60	91	33	43	84	35	28	66	48	77	76	31	54	45	50	96	96	9	50	60	16	
72	48	58	69	64	58	70	77	57	36	47	76	8	67	75	98	17	96	37	76	79	20	49	29	92	64	51	50	35	50	97	22	84	64	18	44	9	22	90	62	
23	63	37	3	67	32	63	3	29	51	25	97	60	49	9	25	3	94	45	83	76	30	66	24	59	73	68	24	13	90	5	71	94	23	30	72	59	84	79	50	
44	6	27	85	21	86	95	45	91	70	83	2	98	43	91	40	37	76	19	71	37	74	6	57	29	57	99	99	61	46	35	57	38	29	29	66	14	32	4	63	
68	12	1	63	90	88	45	19	25	40	71	71	29	27	93	77	93	61	6	15	37	50	24	39	87	7	17	78	15	58	8	14	82	95	25	74	92	66	39	10	
40	83	25	86	20	41	46	45	23	26	14	2	39	73	49	44	38	61	2	11	47	45	61	66	20	88	13	22	64	24	1	59	94	49	72	30	32	15	58	83	
21	28	72	23	3	63	59	20	45	26	61	100	23	13	25	87	72	47	48	77	85	44	100	48	43	39	68	98	35	26	96	73	59	9	66	54	84	71	45	43	
On machine	3
58	67	25	1	11	89	43	77	28	55	47	95	56	18	19	55	39	13	93	66	22	54	8	65	51	22	71	91	27	98	47	29	70	71	26	45	95	42	67	37	
85	84	80	74	30	47	18	90	9	86	60	29	73	54	55	74	75	58	28	10	28	43	81	19	41	83	21	22	47	47	62	93	75	63	86	99	80	39	70	64	
14	99	40	61	51	54	3	47	48	23	67	36	35	51	72	55	66	71	96	95	59	89	39	78	65	80	26	70	65	5	89	85	54	79	2	89	10	27	7	62	
58	81	18	43	20	74	95	82	15	94	34	80	42	55	51	88	93	46	62	3	64	34	38	29	29	51	37	17	52	81	20	34	93	57	37	20	2	3	98	5	
86	37	76	10	61	46	96	84	1	62	13	95	8	21	22	67	43	27	37	70	38	35	52	71	13	63	74	8	91	34	78	30	20	71	92	63	68	97	52	92	
34	88	59	60	18	35	59	41	3	6	54	50	44	82	82	85	45	38	44	25	49	44	74	31	29	29	81	68	99	89	75	6	4	39	45	92	30	88	12	23	
55	48	65	78	2	85	75	48	59	11	84	77	25	45	70	10	21	30	35	5	14	42	31	17	63	55	42	69	4	95	54	79	45	7	13	90	27	53	33	4	
21	97	31	14	18	57	31	73	47	23	79	67	88	47	98	80	62	33	50	53	52	12	3	82	90	20	66	39	25	98	75	93	68	9	82	74	86	74	96	87	
93	75	60	96	18	73	99	21	62	97	62	19	1	40	57	100	9	53	89	23	86	75	30	52	11	78	97	4	67	35	17	51	45	15	22	49	88	59	71	27	
87	90	1	90	41	19	56	65	60	30	5	60	19	12	4	19	28	97	58	3	90	78	27	3	96	59	74	71	2	58	89	18	33	81	83	8	70	92	55	46	
69	63	34	48	88	78	16	99	65	46	83	89	3	55	33	6	6	82	47	81	16	22	45	82	68	65	88	96	17	48	50	5	66	87	61	33	8	49	62	61	
75	96	47	57	38	23	87	24	74	49	5	18	38	82	44	35	28	91	89	90	89	14	49	44	49	30	25	14	85	76	51	71	10	11	55	19	15	14	89	57	
66	51	37	72	99	42	28	97	16	2	21	46	84	91	9	21	86	77	98	66	37	16	66	99	30	77	70	71	9	99	16	97	20	65	62	42	48	79	60	16	
9	27	13	100	52	55	61	34	19	72	13	87	9	1	7	8	95	3	88	57	45	23	55	76	77	99	60	84	53	81	73	8	19	58	56	36	94	89	13	78	
54	10	65	52	29	2	83	97	32	60	97	37	4	73	39	19	13	44	72	30	70	3	85	89	62	74	70	22	70	82	89	44	5	52	74	85	80	31	13	32	
10	38	46	20	83	10	10	52	7	52	100	64	6	46	19	3	22	44	35	74	20	65	22	94	18	41	56	62	96	9	97	8	33	17	14	60	37	2	26	100	
45	68	11	18	59	85	47	99	86	63	60	25	40	43	23	51	78	18	60	7	31	64	43	85	73	6	41	34	37	88	87	56	77	24	94	72	7	33	86	51	
79	16	16	21	45	95	49	71	72	11	57	24	62	95	40	27	6	69	60	63	42	53	3	6	60	75	39	26	87	78	95	73	97	78	99	28	4	38	99	10	
94	3	80	1	81	47	55	90	43	25	34	17	97	84	100	76	86	6	93	56	51	83	46	71	36	50	6	88	5	67	53	24	34	6	27	11	4	99	33	70	
69	87	88	18	66	13	78	84	51	84	32	58	42	17	56	55	64	88	88	31	92	15	67	33	93	21	89	4	30	76	61	87	68	90	4	100	37	10	15	84	
54	42	97	77	86	55	20	31	16	71	29	99	57	58	10	89	35	4	83	81	81	42	7	1	28	59	100	81	77	53	37	95	97	64	19	3	97	18	78	41	
1	39	6	54	15	75	97	13	64	2	91	95	95	68	15	1	9	77	47	96	80	94	79	68	18	61	58	14	8	61	47	20	96	22	94	35	99	23	85	51	
87	24	88	76	1	30	78	73	70	21	50	92	88	26	22	53	90	33	7	64	7	17	89	8	10	69	89	98	33	65	8	88	82	98	10	74	79	49	63	70	
13	87	8	35	34	49	25	33	93	74	13	95	98	25	47	73	30	27	24	18	89	38	84	41	91	43	21	88	60	85	82	81	100	62	77	72	65	2	24	56	
74	61	56	61	8	98	70	51	7	94	85	49	59	53	5	88	67	3	50	93	98	69	96	20	40	95	14	67	55	33	36	34	51	5	77	100	18	24	24	42	
96	62	95	94	27	27	5	79	94	47	17	55	31	78	4	73	5	21	65	96	27	100	83	15	10	100	11	99	92	30	84	14	90	12	95	41	88	20	70	88	
59	67	68	17	52	60	54	22	38	33	45	87	20	96	39	75	76	34	54	58	50	85	3	63	85	84	63	90	99	63	92	97	92	78	85	39	41	34	75	17	
21	50	87	84	67	92	88	95	41	52	31	97	96	96	43	57	45	41	66	94	64	64	41	13	83	21	3	97	61	64	66	69	36	13	61	12	84	30	21	13	
36	21	60	48	90	16	50	25	6	3	36	83	43	5	3	80	1	59	59	47	66	55	79	94	36	53	62	45	38	62	78	74	27	35	92	59	75	32	44	93	
71	16	66	74	47	71	5	6	10	81	12	97	26	15	38	68	13	63	10	4	55	13	11	51	84	43	32	30	84	77	23	26	49	77	75	32	78	93	52	63	
18	62	18	35	98	31	84	35	22	55	26	98	5	15	13	50	80	20	86	73	1	54	65	17	84	17	43	35	18	5	63	59	64	43	97	1	62	60	64	39	
29	32	53	45	21	75	91	45	23	27	53	84	30	44	94	56	56	50	83	81	8	83	98	62	25	12	94	79	82	1	75	56	32	23	99	51	83	6	29	70	
25	91	25	76	95	99	72	37	85	48	98	44	4	80	33	80	50	56	16	42	73	95	20	26	100	79	1	66	27	27	92	31	69	86	59	7	7	78	81	83	
54	76	20	22	17	52	85	45	20	48	99	72	41	54	83	89	37	13	54	60	72	67	19	63	41	84	2	54	63	50	9	18	89	90	46	21	81	98	53	61	
58	19	8	71	8	1	28	17	87	20	50	47	60	29	30	33	27	10	34	10	79	22	58	93	16	1	95	67	78	22	9	96	19	58	34	53	19	28	28	83	
25	61	10	97	85	22	89	75	20	52	60	13	27	75	6	34	64	78	19	99	45	74	74	15	94	12	61	52	2	40	66	21	68	84	13	21	96	30	37	88	
79	13	47	21	95	1	12	24	32	48	31	41	42	36	79	48	16	50	42	14	8	13	74	68	33	92	3	51	57	40	29	4	6	62	91	73	59	27	77	15	
26	28	2	65	9	72	1	97	81	68	16	69	39	62	93	61	73	82	16	67	23	21	62	19	31	54	49	20	14	57	48	59	80	94	36	23	45	83	58	88	
61	49	23	64	85	12	42	63	15	73	53	29	36	8	79	61	60	2	72	36	45	4	17	72	7	41	93	19	100	76	84	51	60	34	28	23	87	63	17	9	
50	10	73	49	18	82	68	62	99	77	8	36	20	52	20	2	51	61	66	5	8	36	54	81	85	58	90	25	41	18	95	97	41	60	65	19	86	94	61	79	
On machine	4
92	40	97	24	27	60	38	66	60	99	74	81	62	87	93	69	17	42	33	28	30	89	31	58	57	48	11	15	4	41	71	6	85	43	76	48	41	61	66	74	
86	27	98	63	34	56	64	9	36	1	73	7	88	97	53	20	66	57	57	62	24	54	17	36	29	29	8	40	92	94	72	7	16	4	12	52	23	84	47	60	
62	40	23	86	69	38	41	78	76	92	11	30	53	42	35	58	43	63	54	16	26	76	41	10	43	83	22	26	42	82	31	78	47	18	22	70	82	43	16	62	
63	85	4	44	48	89	70	94	48	36	33	72	44	27	32	25	59	39	24	50	28	35	82	51	15	24	71	13	55	89	9	63	70	23	32	9	57	50	45	70	
72	29	61	20	2	42	49	30	64	37	12	69	3	71	15	35	29	34	32	84	36	59	33	41	15	83	87	75	76	54	60	36	43	81	14	57	39	58	13	63	
90	37	8	77	40	89	51	82	50	47	63	39	56	42	43	53	16	68	54	80	57	40	96	14	60	21	97	25	85	50	47	2	40	50	28	20	34	97	28	80	
14	20	84	11	73	2	7	21	61	71	79	43	72	85	76	23	24	100	77	49	50	70	27	50	24	49	14	53	35	76	57	82	25	36	41	50	57	42	1	2	
44	7	73	27	76	40	4	46	8	64	14	6	3	44	70	47	48	61	40	88	41	18	30	34	86	100	76	58	69	74	86	16	24	85	69	18	50	34	93	1	
18	78	33	19	64	2	39	28	93	7	41	44	41	82	84	89	43	7	25	13	57	51	93	20	100	37	33	79	22	99	1	71	34	36	49	59	73	16	74	99	
42	62	10	99	75	9	34	96	6	78	54	81	52	1	70	28	5	82	56	26	44	74	67	36	2	86	42	52	53	35	27	27	17	95	38	4	71	39	36	33	
60	93	89	9	8	87	10	94	79	69	63	51	52	8	36	76	8	99	85	65	21	11	63	80	36	29	77	31	40	59	31	82	25	15	18	56	31	86	80	36	
94	33	65	70	37	56	70	71	37	72	13	53	73	71	89	91	93	81	39	100	51	61	66	54	52	72	55	4	78	78	60	68	61	35	42	75	40	47	72	34	
82	29	22	18	29	51	26	26	18	55	33	11	57	10	1	60	71	14	78	76	97	86	79	73	94	90	30	74	25	84	27	7	32	77	4	43	29	29	4	14	
39	82	26	16	96	82	9	78	40	46	94	16	51	70	72	30	75	11	30	95	8	44	93	99	22	52	80	64	29	51	34	87	62	47	19	16	60	20	5	83	
60	99	36	80	94	71	19	53	25	94	5	79	93	11	44	18	82	15	29	93	8	9	1	42	89	97	66	57	63	49	17	15	31	95	30	76	28	97	16	21	
100	62	76	80	67	44	96	9	18	14	28	30	31	100	7	69	62	65	58	72	3	96	85	82	24	10	35	60	46	31	68	10	59	95	93	71	72	7	11	6	
64	24	80	23	50	95	27	66	59	42	8	6	33	30	26	56	13	49	68	36	60	2	22	32	32	66	38	41	38	41	63	19	1	42	49	65	1	75	17	23	
92	81	26	21	89	94	3	9	76	4	75	25	66	5	43	59	17	35	83	24	78	26	4	82	4	23	63	2	76	24	10	34	47	53	51	31	99	73	57	45	
94	58	63	29	47	17	66	67	15	21	30	10	27	49	60	33	59	12	79	95	18	69	53	53	11	24	47	27	39	91	71	32	15	20	68	65	77	50	43	65	
34	33	9	62	43	71	41	75	80	81	76	53	24	79	66	38	39	79	42	84	40	79	77	38	95	53	55	2	42	23	2	55	82	71	47	67	96	28	34	76	
92	21	34	34	46	93	17	44	92	100	61	96	88	42	15	100	90	14	15	22	55	100	52	42	34	26	61	23	15	63	100	99	19	16	94	12	84	28	87	59	
66	87	20	2	85	95	6	48	91	14	100	91	12	50	76	31	8	46	34	77	48	56	50	82	21	76	19	9	98	72	67	67	29	35	61	58	56	23	81	15	
95	26	59	88	60	81	38	24	86	36	74	29	27	68	36	52	30	30	41	99	28	56	90	88	80	61	94	68	44	53	80	98	70	42	3	76	73	44	79	55	
57	60	54	55	8	63	90	41	13	5	17	1	5	48	39	6	29	5	54	20	79	22	60	27	48	13	100	69	69	64	18	90	76	1	68	19	30	44	89	45	
75	79	98	18	10	29	70	37	14	66	2	18	11	6	52	32	5	15	19	94	61	5	19	99	41	40	83	65	19	92	20	93	88	20	96	36	79	83	87	65	
16	100	96	78	77	84	32	72	80	82	50	59	41	38	59	76	78	76	16	17	53	26	84	43	96	93	87	90	68	1	39	2	82	20	91	36	33	49	57	75	
18	67	88	24	92	43	57	87	57	34	85	19	100	39	56	56	47	82	40	96	84	84	85	97	66	98	32	40	87	64	26	32	3	21	10	97	84	41	45	95	
12	30	1	96	46	67	92	56	88	62	54	18	25	39	61	60	54	25	61	90	3	66	15	69	51	46	98	34	35	92	100	60	83	71	4	18	62	17	92	4	
9	65	54	40	69	79	52	36	72	54	49	35	96	2	48	41	50	38	23	75	90	63	8	78	80	85	63	10	75	37	37	18	96	85	59	59	85	60	49	38	
46	29	28	69	99	57	94	40	91	82	21	40	9	63	40	9	82	61	37	41	62	85	14	24	42	67	85	17	61	77	93	72	41	81	91	38	4	90	64	18	
36	22	89	1	72	7	69	9	72	79	86	65	55	22	59	40	10	50	76	11	4	67	66	48	56	98	25	4	51	2	15	63	47	25	82	11	78	20	53	6	
67	38	95	52	6	23	85	56	66	64	37	53	8	5	62	5	97	65	46	77	68	69	81	96	25	79	21	68	85	65	91	20	23	99	11	53	18	62	14	87	
76	25	67	100	87	75	56	50	2	86	67	48	34	70	13	99	5	70	84	26	31	12	63	8	31	78	6	67	85	91	53	53	81	14	94	94	74	3	33	89	
48	20	59	60	54	62	64	25	97	68	49	15	41	6	94	24	21	50	21	44	81	39	79	69	89	63	75	61	89	55	52	57	83	56	22	3	12	8	72	22	
7	1	52	53	31	1	15	89	23	79	51	15	39	69	18	53	8	31	25	71	72	67	57	26	55	1	84	16	84	45	20	7	84	26	23	34	32	21	42	56	
38	86	88	28	75	59	73	52	90	99	24	14	82	56	32	96	83	92	70	55	62	16	64	26	8	50	88	8	98	1	100	7	38	19	20	11	92	86	61	46	
82	74	81	93	32	6	74	35	25	52	31	88	62	74	77	25	67	43	70	2	67	82	56	28	95	45	64	44	16	40	73	15	73	85	95	64	54	80	58	11	
3	62	80	71	79	11	74	19	49	30	18	92	100	44	26	2	21	61	63	19	53	85	13	4	87	87	30	58	100	46	5	20	14	30	92	36	70	58	15	47	
45	93	7	5	73	41	35	8	95	14	90	48	68	89	65	55	84	57	10	29	78	46	46	63	58	51	67	35	75	55	4	91	53	40	45	19	53	40	86	96	
34	17	8	87	77	95	90	45	60	31	24	44	76	29	89	2	66	78	37	37	50	51	26	58	99	67	97	57	58	75	95	77	26	66	49	12	15	55	59	50	
