Factories	3
Families	40
Machines	2
SetupType	2

Number of Jobs in each Family
10	10	6	10	6	2	7	7	1	9	7	8	8	8	6	1	10	3	2	3	10	3	2	8	1	9	5	2	2	7	7	8	7	8	1	2	1	1	9	6	

Jobs in each Family
0	1	2	3	4	5	6	7	8	9	
10	11	12	13	14	15	16	17	18	19	
20	21	22	23	24	25	
26	27	28	29	30	31	32	33	34	35	
36	37	38	39	40	41	
42	43	
44	45	46	47	48	49	50	
51	52	53	54	55	56	57	
58	
59	60	61	62	63	64	65	66	67	
68	69	70	71	72	73	74	
75	76	77	78	79	80	81	82	
83	84	85	86	87	88	89	90	
91	92	93	94	95	96	97	98	
99	100	101	102	103	104	
105	
106	107	108	109	110	111	112	113	114	115	
116	117	118	
119	120	
121	122	123	
124	125	126	127	128	129	130	131	132	133	
134	135	136	
137	138	
139	140	141	142	143	144	145	146	
147	
148	149	150	151	152	153	154	155	156	
157	158	159	160	161	
162	163	
164	165	
166	167	168	169	170	171	172	
173	174	175	176	177	178	179	
180	181	182	183	184	185	186	187	
188	189	190	191	192	193	194	
195	196	197	198	199	200	201	202	
203	
204	205	
206	
207	
208	209	210	211	212	213	214	215	216	
217	218	219	220	221	222	

Total number of jobs
223

Processing times of jobs
8	4	
1	2	
9	4	
9	4	
9	4	
4	6	
5	5	
6	8	
2	7	
2	3	
9	3	
5	5	
2	4	
7	10	
1	4	
1	3	
7	5	
9	9	
5	2	
8	3	
7	10	
4	8	
4	10	
7	9	
6	5	
7	7	
7	5	
9	10	
3	4	
1	10	
8	7	
1	7	
1	5	
7	6	
8	6	
5	3	
10	2	
3	7	
5	2	
1	8	
10	1	
4	3	
6	10	
5	6	
9	5	
9	9	
10	2	
9	5	
8	8	
10	5	
10	9	
4	7	
3	8	
8	2	
7	8	
10	7	
9	3	
4	6	
5	10	
9	3	
10	3	
7	8	
1	10	
6	4	
7	3	
6	7	
6	7	
9	5	
9	10	
6	1	
3	4	
3	3	
7	1	
1	2	
3	8	
5	5	
1	9	
1	10	
10	5	
2	1	
6	2	
3	2	
7	8	
6	4	
1	9	
6	5	
3	7	
8	5	
8	1	
5	10	
6	2	
9	3	
9	2	
8	10	
4	9	
7	1	
7	10	
10	7	
2	8	
9	10	
1	3	
9	8	
10	2	
7	8	
7	3	
5	6	
5	4	
7	2	
4	8	
5	7	
2	10	
4	7	
10	1	
5	9	
3	3	
2	1	
3	3	
8	5	
9	8	
1	1	
3	3	
7	1	
2	2	
6	4	
9	8	
10	2	
6	6	
3	1	
8	4	
6	5	
2	9	
7	10	
7	2	
7	5	
8	10	
7	5	
3	4	
10	9	
4	10	
3	1	
9	1	
9	4	
10	5	
6	8	
5	5	
2	10	
8	4	
2	6	
7	5	
6	7	
10	2	
1	9	
7	4	
6	5	
4	4	
4	8	
4	2	
2	1	
1	9	
6	7	
3	7	
5	10	
6	2	
8	6	
1	3	
10	6	
4	2	
5	10	
5	10	
3	2	
6	8	
7	3	
3	10	
6	2	
10	10	
4	7	
5	10	
1	6	
1	7	
2	9	
7	10	
2	5	
8	6	
4	7	
9	7	
10	5	
10	1	
9	3	
1	5	
10	4	
9	5	
4	9	
2	8	
1	2	
5	10	
8	1	
1	1	
7	3	
5	7	
4	8	
1	10	
9	5	
7	9	
10	1	
6	2	
2	10	
3	6	
10	2	
4	7	
7	9	
1	1	
4	6	
5	6	
9	4	
2	5	
1	4	
7	6	
7	1	
2	6	
4	2	
7	9	
4	7	
1	3	

Stepup times between Families, where [f][f] represents initial setup time
On machine	1
41	33	42	11	48	49	12	40	1	41	2	26	40	13	15	44	13	32	9	49	10	18	50	2	34	35	25	8	24	38	23	20	47	6	25	29	26	19	8	49	
35	40	9	17	46	20	2	14	3	35	3	8	14	50	44	11	28	12	14	1	2	34	16	23	38	10	15	20	41	2	29	16	30	32	35	12	23	3	6	47	
28	6	13	12	24	50	40	9	44	2	48	48	17	21	35	40	38	37	46	30	4	32	40	23	44	42	42	40	17	5	48	37	8	15	38	13	10	23	8	14	
11	45	22	17	40	16	40	17	2	23	31	4	9	28	16	20	24	4	34	7	22	47	13	47	7	5	35	30	44	26	45	40	43	6	3	42	43	41	4	29	
10	37	5	32	5	36	27	36	19	28	30	24	23	21	41	33	3	12	23	27	18	44	44	2	43	37	6	23	18	14	10	20	28	46	37	38	10	11	39	1	
35	45	39	49	19	47	6	40	27	11	50	38	25	32	43	26	49	31	21	9	12	34	18	29	38	36	22	48	12	15	28	26	10	13	35	38	4	14	10	41	
2	4	24	45	48	5	25	23	17	43	38	12	23	50	1	48	14	1	48	32	4	45	14	39	36	27	3	46	48	40	29	24	33	30	50	10	21	2	15	8	
10	46	37	31	37	14	27	16	45	46	17	44	12	30	16	1	26	26	4	27	34	46	5	13	43	4	27	12	48	1	38	17	8	7	10	45	41	34	9	5	
42	31	10	41	18	33	27	3	45	2	28	37	24	13	22	28	15	45	47	47	21	37	24	30	44	16	31	46	27	13	2	34	36	3	16	7	37	45	35	19	
47	45	30	40	4	28	24	39	46	2	17	8	33	22	19	20	40	4	14	14	24	7	10	5	43	39	22	9	25	14	26	4	36	11	37	42	11	20	21	49	
37	11	34	4	13	24	14	6	18	42	3	24	30	15	28	5	1	2	40	16	22	27	28	34	38	18	9	8	37	38	32	7	45	13	29	43	31	14	10	14	
21	9	6	31	27	42	32	34	15	17	46	42	5	26	48	27	29	5	49	38	26	45	4	33	8	10	4	35	37	27	18	13	31	24	38	45	38	35	25	25	
47	9	28	21	2	34	2	38	42	5	36	11	9	7	44	40	8	44	29	48	23	19	30	23	12	14	44	39	19	47	20	8	23	19	14	50	46	27	40	19	
26	24	32	43	18	11	40	28	22	30	49	42	14	35	46	28	49	28	49	49	14	5	11	17	12	6	50	6	43	2	17	40	5	23	23	13	40	26	25	25	
38	41	21	18	40	11	15	48	2	9	21	13	36	28	19	46	32	38	39	39	29	2	38	13	17	38	42	17	35	37	23	45	40	22	14	47	15	28	46	13	
41	22	38	35	35	41	7	25	36	6	32	22	31	9	31	26	39	31	16	13	25	25	6	16	19	30	40	15	44	2	8	7	15	5	25	31	31	12	37	31	
20	12	38	35	27	44	40	42	37	2	16	30	9	9	24	17	37	41	8	21	47	10	48	29	22	23	19	37	13	44	48	23	44	26	45	34	32	1	36	7	
9	10	43	24	19	50	38	20	38	39	3	17	49	17	26	39	45	27	33	38	24	3	21	13	21	14	37	45	16	37	33	34	42	3	41	38	25	15	18	36	
41	20	39	35	30	49	46	18	42	30	9	28	26	11	36	24	39	46	27	24	15	44	41	21	26	4	32	44	30	45	32	40	13	13	44	5	36	16	25	29	
17	49	36	24	1	11	13	44	50	17	36	11	38	7	32	9	18	13	35	31	27	6	43	36	28	44	3	24	36	45	22	28	49	9	25	23	19	24	39	33	
45	31	1	26	13	17	5	26	18	13	45	37	46	39	24	32	46	11	49	6	50	26	9	29	38	29	6	35	34	10	43	25	35	29	17	23	38	7	23	46	
22	35	4	16	1	5	7	28	45	18	8	44	3	50	21	2	47	46	16	40	37	36	14	26	2	46	40	23	12	16	4	11	15	46	29	34	12	25	9	32	
7	28	3	14	7	6	35	25	32	28	3	30	5	24	37	38	28	38	8	42	25	44	36	28	21	7	17	13	47	12	17	45	49	25	15	13	22	15	23	1	
49	8	29	31	6	42	42	32	49	5	16	16	47	8	13	1	14	33	44	34	15	18	3	14	12	22	41	29	17	32	37	37	43	2	17	36	38	43	21	4	
41	34	7	7	39	38	8	19	21	33	29	31	43	34	29	11	36	19	17	20	30	40	24	3	8	44	17	1	40	8	11	39	43	6	17	19	49	37	7	3	
7	39	2	49	13	10	38	33	15	7	29	10	47	46	24	2	28	27	23	30	34	24	9	36	4	25	29	10	8	47	22	3	9	20	8	6	41	37	33	28	
14	35	6	3	31	45	5	2	4	20	11	14	16	20	7	9	40	49	34	48	38	35	28	23	29	6	32	11	31	31	13	26	1	42	21	20	9	43	47	39	
12	29	46	5	29	10	10	4	35	15	20	10	9	24	28	27	39	3	42	12	38	11	19	7	12	25	27	31	31	31	43	27	24	37	27	41	10	40	33	17	
45	47	3	40	14	48	2	1	3	18	13	1	7	42	41	15	4	21	2	3	49	14	13	17	37	16	42	6	12	7	18	26	29	28	28	29	15	44	11	42	
49	20	36	22	34	41	45	45	23	25	21	40	3	49	4	39	15	13	30	17	4	19	24	6	48	49	16	23	11	8	21	29	12	19	23	18	35	21	6	39	
28	5	38	23	49	3	41	22	43	30	20	24	31	23	29	1	2	5	50	27	38	9	19	26	26	43	40	27	46	48	49	38	7	38	50	36	34	49	49	30	
27	46	6	25	40	40	32	1	23	3	11	49	16	27	44	30	33	3	43	6	4	31	22	1	8	5	48	44	37	2	22	24	41	12	21	3	44	47	2	45	
1	37	1	46	2	27	38	31	25	43	28	46	37	34	22	16	40	31	6	7	46	33	6	30	12	6	17	36	14	17	43	43	25	24	8	20	26	20	30	9	
47	2	14	15	21	48	38	7	29	31	1	40	29	37	25	10	20	7	3	22	36	40	32	31	41	42	45	42	2	19	35	22	33	41	20	37	23	3	22	26	
19	24	47	37	28	2	9	1	35	5	32	35	20	35	28	11	45	9	33	48	45	33	37	42	17	11	33	26	42	37	3	11	25	9	15	27	36	37	22	30	
40	1	22	5	10	40	13	20	4	48	44	41	29	24	9	45	4	7	50	38	36	8	20	15	1	3	20	16	50	25	1	19	28	15	34	39	19	6	3	44	
19	7	7	19	40	47	8	4	1	10	13	20	11	23	29	37	1	35	24	47	22	9	33	23	9	8	5	46	1	5	24	33	2	42	31	18	41	30	44	35	
40	45	8	39	10	38	9	11	32	21	50	29	38	2	47	12	11	17	37	50	8	16	9	20	7	33	18	32	28	42	18	47	17	28	49	27	49	19	17	4	
40	36	47	17	36	14	49	24	2	1	24	6	47	10	40	3	18	15	35	29	34	27	26	23	31	12	29	47	10	41	9	12	20	45	29	32	10	36	8	25	
50	27	25	36	11	14	43	30	15	34	7	36	11	32	9	15	6	43	35	29	31	4	31	17	10	21	35	28	5	26	38	35	26	38	39	28	16	29	7	31	
On machine	2
16	7	20	50	31	18	36	7	48	43	34	33	1	43	28	15	12	45	2	44	38	43	48	20	25	31	13	50	44	31	45	18	13	42	11	15	21	49	39	48	
35	3	18	21	13	39	37	16	49	3	6	46	45	39	7	10	41	12	6	22	46	35	1	18	12	6	3	6	27	46	27	19	44	26	25	3	48	43	41	49	
15	40	10	2	46	41	47	39	22	10	2	44	32	34	13	8	27	6	2	1	28	21	19	36	44	20	8	38	3	34	32	22	7	8	12	46	34	14	9	1	
38	48	17	14	24	37	50	14	36	21	10	22	12	45	47	26	39	1	42	48	1	30	18	10	25	48	47	28	21	15	33	45	40	17	24	1	4	3	5	27	
10	24	4	43	15	46	5	35	1	24	17	24	27	38	49	6	37	46	22	10	21	43	50	45	39	20	12	33	19	25	17	3	18	25	41	4	14	41	14	41	
6	3	2	23	8	7	35	46	50	39	41	24	35	18	37	15	13	50	45	26	20	24	3	16	4	43	40	43	1	21	41	36	33	43	42	29	39	10	2	6	
24	12	19	32	1	35	16	11	8	4	34	4	49	23	43	4	8	4	27	47	42	37	13	30	31	39	12	32	2	25	50	36	19	32	32	44	26	31	22	11	
24	10	48	33	28	9	11	19	13	27	47	16	36	10	3	47	34	8	44	16	31	44	7	44	2	32	21	41	22	17	14	35	32	11	39	37	3	40	8	31	
19	18	31	37	5	22	11	25	34	43	38	17	15	9	49	45	43	46	17	45	17	42	50	43	5	29	16	28	3	45	31	11	30	10	47	45	37	44	31	7	
37	13	1	34	44	4	11	40	44	35	48	16	30	47	15	38	38	12	36	27	15	31	23	5	49	40	2	20	11	2	6	43	20	23	38	32	46	40	42	15	
14	49	3	26	13	33	35	6	8	9	31	44	41	11	50	16	8	22	14	30	7	17	35	22	35	23	44	27	50	17	15	35	47	14	1	35	6	3	21	37	
34	17	48	32	39	22	12	43	31	43	33	20	6	49	34	47	12	32	29	34	25	24	34	48	8	11	18	11	18	6	40	13	17	34	41	49	37	7	19	46	
3	11	20	37	12	47	42	18	6	49	32	31	9	27	48	16	33	47	13	28	12	12	22	2	44	2	33	30	47	19	23	43	44	31	27	43	13	2	44	3	
43	41	49	12	39	48	15	37	22	34	21	37	20	30	10	4	44	20	33	13	18	50	42	26	41	9	36	49	2	12	24	16	48	37	45	23	26	48	41	37	
18	42	38	24	12	47	7	19	27	42	33	30	21	31	50	41	20	46	11	15	9	32	39	43	21	20	3	22	49	48	10	29	31	2	39	23	10	38	25	11	
43	49	36	20	46	20	3	31	25	47	37	49	47	26	42	27	8	17	43	2	42	8	13	5	6	13	10	2	6	38	10	27	10	11	6	45	35	31	19	4	
7	11	33	43	20	45	17	16	30	41	42	37	22	44	8	38	45	37	48	41	25	16	50	11	13	24	18	22	49	35	39	36	30	23	44	37	30	19	38	4	
11	17	24	16	15	17	43	23	32	19	30	22	18	41	7	24	47	3	9	48	40	45	40	17	2	48	8	37	38	31	28	3	10	43	38	12	9	41	15	44	
8	38	8	25	37	48	45	13	20	43	27	37	22	27	37	1	44	19	27	29	20	6	20	39	7	36	49	11	1	37	13	29	31	5	49	14	50	50	34	18	
48	26	49	19	4	11	26	46	37	14	32	19	40	43	43	38	14	11	11	19	7	22	39	44	31	43	13	34	17	35	8	47	15	24	46	18	10	28	15	2	
26	34	12	26	49	33	50	22	4	19	29	4	9	15	22	45	5	30	3	25	31	44	45	41	40	2	18	14	33	6	21	41	42	34	35	50	35	6	25	17	
31	1	48	50	30	27	19	17	7	20	38	50	21	28	19	24	31	34	26	49	7	22	25	31	44	13	2	25	38	31	14	27	3	10	10	39	12	43	50	9	
41	38	44	16	39	12	46	15	46	45	25	13	14	34	17	4	1	28	18	19	49	4	26	7	13	17	18	41	13	40	29	41	14	22	44	47	21	45	22	36	
50	22	31	49	41	6	36	47	8	40	3	12	18	12	26	27	28	24	37	17	50	2	47	44	21	25	5	15	23	1	6	24	24	42	43	27	30	24	45	4	
26	4	42	50	24	31	46	6	15	48	43	17	5	34	41	50	28	16	23	27	39	39	17	31	6	22	46	19	7	30	3	9	23	30	24	17	41	26	27	13	
27	22	22	35	47	19	12	5	33	50	23	2	46	49	16	23	16	38	12	13	3	29	46	6	49	19	21	38	37	40	20	47	41	47	25	49	18	10	49	37	
10	40	20	28	11	8	13	34	49	3	1	45	50	10	26	43	12	30	16	9	7	37	7	7	48	18	43	21	44	6	8	10	29	7	30	6	20	36	44	12	
31	23	24	49	36	8	50	29	1	12	4	37	47	20	47	27	11	34	19	11	38	22	21	35	2	44	43	4	29	6	26	24	46	11	32	11	14	29	25	23	
47	22	37	2	36	37	27	20	49	6	13	9	32	23	1	2	43	7	46	6	27	37	14	48	10	39	38	29	14	36	50	37	30	39	35	25	12	9	29	46	
48	31	43	8	46	40	17	4	17	17	2	26	30	50	16	29	46	34	2	4	45	2	19	12	2	36	43	48	11	46	11	36	30	18	45	46	1	50	5	16	
11	43	40	12	48	44	13	30	11	13	26	14	24	20	7	18	1	8	32	26	10	47	48	2	21	27	4	12	40	1	10	10	14	8	43	46	18	25	32	43	
33	1	28	6	20	29	44	15	1	22	39	45	1	39	3	35	50	49	48	29	7	16	5	8	18	11	45	4	10	2	45	46	26	17	16	11	37	35	31	5	
11	40	40	28	32	5	39	27	35	43	19	47	20	42	40	14	37	37	22	19	49	48	19	27	8	17	44	5	34	41	21	26	46	11	29	27	20	34	11	3	
8	44	2	22	27	32	46	32	16	19	29	47	29	20	49	14	14	30	46	16	38	37	34	48	24	10	8	43	5	40	19	3	25	13	43	19	18	31	14	31	
28	40	33	31	46	2	7	10	36	29	14	3	31	4	17	38	31	34	5	26	7	26	25	16	30	33	3	23	16	8	44	44	42	46	12	16	1	6	46	5	
16	9	40	6	47	34	26	14	6	6	30	10	5	4	4	12	32	45	47	16	16	6	3	39	50	2	5	39	46	26	43	34	17	5	23	48	7	36	34	43	
27	39	5	9	43	45	23	30	30	31	27	47	14	25	31	31	46	2	45	7	39	20	6	21	22	10	42	21	1	33	20	6	4	36	24	39	6	23	30	2	
25	10	34	28	12	22	17	36	12	26	12	10	21	1	5	47	35	11	20	12	7	19	26	49	22	9	17	43	48	5	14	18	21	31	39	23	14	10	6	16	
30	31	29	1	23	7	19	48	42	45	41	25	36	27	25	22	33	7	36	2	21	50	46	6	8	11	25	44	7	30	10	19	7	14	31	49	9	47	23	25	
23	47	35	30	39	49	46	50	42	22	31	26	36	6	38	38	47	29	50	1	36	25	50	4	32	45	32	42	17	39	6	40	18	21	29	27	5	36	35	30	
