Factories	3
Families	40
Machines	6
SetupType	2

Number of Jobs in each Family
8	8	1	7	3	4	2	6	8	10	10	2	3	5	1	4	7	3	3	6	2	8	2	4	4	5	4	6	5	2	5	2	10	7	3	7	2	4	7	7	

Jobs in each Family
0	1	2	3	4	5	6	7	
8	9	10	11	12	13	14	15	
16	
17	18	19	20	21	22	23	
24	25	26	
27	28	29	30	
31	32	
33	34	35	36	37	38	
39	40	41	42	43	44	45	46	
47	48	49	50	51	52	53	54	55	56	
57	58	59	60	61	62	63	64	65	66	
67	68	
69	70	71	
72	73	74	75	76	
77	
78	79	80	81	
82	83	84	85	86	87	88	
89	90	91	
92	93	94	
95	96	97	98	99	100	
101	102	
103	104	105	106	107	108	109	110	
111	112	
113	114	115	116	
117	118	119	120	
121	122	123	124	125	
126	127	128	129	
130	131	132	133	134	135	
136	137	138	139	140	
141	142	
143	144	145	146	147	
148	149	
150	151	152	153	154	155	156	157	158	159	
160	161	162	163	164	165	166	
167	168	169	
170	171	172	173	174	175	176	
177	178	
179	180	181	182	
183	184	185	186	187	188	189	
190	191	192	193	194	195	196	

Total number of jobs
197

Processing times of jobs
4	1	1	3	2	9	
8	3	5	3	10	3	
10	2	9	8	8	1	
2	9	5	4	1	9	
10	5	1	3	6	5	
1	5	3	2	5	2	
1	10	8	1	1	9	
2	1	8	9	6	7	
4	8	4	9	5	9	
2	3	9	7	2	3	
7	8	2	2	1	3	
8	5	6	9	4	6	
7	5	8	10	6	3	
7	7	5	1	9	10	
6	10	8	10	6	8	
7	3	1	10	4	5	
4	3	8	10	5	5	
3	4	5	10	5	8	
8	5	5	7	5	7	
5	6	4	8	6	2	
8	3	5	6	9	3	
6	10	4	4	1	9	
7	9	3	9	9	4	
7	9	9	7	2	2	
6	10	1	2	3	8	
9	5	8	5	10	9	
9	3	9	8	5	6	
8	8	5	3	3	1	
8	2	9	2	1	10	
9	6	7	1	10	2	
9	9	1	7	5	5	
8	10	5	9	9	7	
3	6	4	4	10	6	
10	3	1	2	7	3	
9	1	1	9	8	8	
4	9	5	6	2	5	
8	2	7	2	2	7	
5	9	1	1	4	7	
6	5	8	2	1	8	
4	7	2	9	6	1	
9	6	6	8	1	9	
3	1	9	4	1	3	
6	2	10	7	6	7	
6	9	7	1	10	8	
9	8	3	3	9	3	
3	4	4	3	8	3	
9	7	6	7	4	10	
3	9	2	7	6	6	
6	9	5	8	8	5	
4	10	4	2	8	3	
8	9	5	1	8	10	
1	6	6	9	7	3	
3	7	4	10	10	7	
2	2	3	1	9	10	
9	9	1	10	9	7	
10	7	5	10	8	3	
6	4	6	3	10	2	
6	9	7	4	8	8	
10	5	7	4	4	8	
5	9	8	4	4	2	
7	8	10	2	4	3	
4	2	8	9	7	8	
6	5	4	7	5	6	
8	5	7	2	1	10	
9	10	4	5	6	6	
7	8	5	5	2	1	
3	1	10	1	10	4	
9	1	1	1	9	9	
1	2	9	3	1	9	
4	9	2	2	6	4	
10	6	1	1	1	9	
7	8	2	9	6	2	
6	1	2	6	8	7	
4	1	3	1	9	5	
5	6	3	9	3	1	
2	7	6	8	4	9	
9	6	2	4	9	2	
2	3	7	9	9	2	
7	6	4	7	3	2	
5	9	5	8	7	1	
5	8	2	2	8	9	
7	1	6	10	1	3	
9	9	4	10	9	10	
5	3	1	2	8	10	
2	4	3	10	9	10	
3	2	9	2	9	6	
2	6	9	2	8	2	
10	7	7	5	1	3	
2	9	8	1	5	6	
6	2	4	1	10	7	
4	3	6	6	5	3	
8	4	6	10	6	6	
3	3	8	4	1	1	
1	2	1	7	7	2	
1	10	2	10	9	10	
7	2	10	6	6	6	
9	2	1	10	3	8	
9	8	10	5	4	4	
7	3	1	2	7	7	
7	10	7	4	4	3	
2	6	2	9	9	10	
5	8	9	10	5	4	
2	10	3	5	3	5	
7	3	10	10	4	1	
10	4	4	1	4	7	
10	8	2	4	10	3	
6	4	6	9	6	10	
5	1	9	5	6	2	
1	1	2	3	10	7	
3	10	6	6	9	7	
8	10	2	6	5	5	
10	7	3	10	2	7	
1	5	3	6	2	10	
1	10	6	5	9	6	
1	9	6	10	8	4	
9	7	10	7	8	9	
5	3	2	9	2	9	
1	2	10	10	4	1	
8	8	1	7	2	8	
8	7	4	1	9	5	
6	10	4	5	4	5	
2	4	6	9	2	8	
8	1	6	8	7	6	
2	7	5	2	2	8	
8	10	10	2	5	8	
2	1	8	7	1	6	
6	10	6	1	8	9	
5	2	7	1	4	5	
10	4	6	4	3	5	
5	3	8	3	10	8	
4	9	1	10	6	7	
6	9	9	9	5	9	
9	8	4	1	6	3	
7	7	8	5	9	6	
9	8	1	10	8	3	
8	4	8	8	10	6	
9	7	6	6	5	4	
6	6	5	10	6	1	
1	10	2	4	7	9	
5	1	3	4	6	3	
7	1	1	8	7	2	
10	6	10	6	6	3	
4	6	6	5	6	6	
4	8	10	5	7	3	
5	3	1	3	3	2	
8	4	9	9	6	4	
8	6	4	10	1	4	
6	7	2	10	7	5	
4	9	10	10	6	10	
9	10	5	4	8	10	
10	10	10	9	2	8	
1	7	7	5	5	2	
4	8	5	1	4	3	
3	10	9	6	8	3	
1	6	9	1	6	9	
8	9	2	5	3	4	
7	8	9	9	6	6	
9	6	1	10	10	9	
7	10	5	3	9	2	
9	4	6	1	9	6	
4	5	9	10	8	8	
2	5	4	10	5	5	
10	8	2	8	1	1	
7	10	3	7	10	2	
2	9	6	9	9	4	
8	9	1	3	7	4	
4	10	1	5	6	9	
7	9	9	6	3	4	
2	1	6	6	6	9	
4	4	1	2	1	7	
8	5	1	4	1	10	
4	8	6	10	8	4	
5	4	5	6	3	5	
9	6	4	3	10	1	
10	10	2	7	7	1	
3	9	8	1	2	1	
4	9	6	10	7	9	
3	1	3	2	6	10	
1	10	1	2	10	2	
6	1	6	1	3	4	
3	7	1	7	5	3	
6	8	4	9	9	4	
7	4	6	5	1	7	
5	3	1	1	10	4	
5	7	1	2	9	10	
7	8	1	10	9	5	
1	2	10	7	7	4	
3	10	9	3	5	8	
3	4	1	9	9	3	
6	7	3	1	6	4	
6	10	1	2	7	9	
2	6	1	9	4	7	
5	3	10	4	5	1	
10	2	2	5	4	3	
10	5	3	5	8	10	
7	5	8	6	10	1	
6	3	9	9	9	10	

Stepup times between Families, where [f][f] represents initial setup time
On machine	1
11	32	6	33	28	41	27	26	29	22	2	23	25	15	1	30	40	27	15	15	48	37	42	48	6	31	42	48	20	2	11	22	45	28	42	43	1	8	18	39	
28	50	43	32	35	20	24	13	44	40	40	12	12	7	23	29	20	15	19	19	2	6	22	22	17	43	8	22	45	25	10	18	20	45	44	29	18	35	15	17	
9	43	37	48	20	35	18	39	29	20	20	32	20	9	37	35	8	3	9	44	1	11	17	41	50	15	15	17	37	26	39	15	2	47	40	31	18	9	30	19	
41	48	31	12	44	7	4	25	32	28	23	4	6	32	42	22	7	13	14	41	18	8	42	49	16	18	48	44	33	27	29	15	10	24	35	23	38	32	39	18	
46	40	26	38	21	8	41	4	9	45	4	34	32	10	46	38	19	49	36	30	16	9	7	28	5	12	10	4	15	12	48	24	50	42	21	9	6	5	6	3	
20	11	20	8	28	27	5	22	47	35	30	3	13	35	5	3	49	6	46	50	26	25	37	15	27	36	40	19	29	22	32	7	47	31	49	42	32	4	44	21	
43	4	26	34	37	39	7	25	17	31	6	30	40	49	15	2	32	22	25	9	7	23	35	30	27	23	27	29	50	17	27	38	44	29	4	35	3	34	43	1	
24	29	8	23	31	27	47	5	3	16	16	30	49	21	48	23	41	36	16	14	15	43	32	38	3	4	49	45	47	16	50	15	32	25	35	29	7	17	33	13	
21	36	40	21	41	28	29	34	45	18	28	2	21	38	11	9	13	17	1	6	27	13	36	20	45	41	29	23	18	26	23	12	43	12	14	13	50	7	32	29	
46	18	45	40	8	44	4	11	14	40	34	3	32	3	8	16	50	34	30	36	42	11	42	10	41	40	38	12	3	50	4	34	23	15	19	45	10	49	34	15	
24	30	41	13	11	46	48	24	42	6	33	9	1	26	50	34	47	50	18	45	4	35	41	16	38	37	4	44	38	41	28	47	22	21	19	15	9	16	2	20	
27	47	38	38	49	11	7	9	23	39	8	17	6	1	11	13	10	32	8	6	35	8	33	24	17	34	6	34	31	23	23	25	8	23	29	11	14	17	12	29	
36	13	21	3	18	5	17	24	5	38	29	3	17	2	17	3	43	20	34	2	45	5	35	46	50	20	10	38	36	13	2	14	22	33	20	37	30	39	32	21	
3	3	27	18	16	7	16	49	49	29	48	4	45	18	26	3	25	23	4	39	37	35	14	41	9	26	23	45	27	6	18	49	9	48	8	22	6	44	19	35	
24	13	4	34	6	1	27	17	38	44	24	7	27	16	22	28	18	46	14	7	4	28	19	25	23	15	4	46	39	41	4	6	40	50	18	31	45	22	36	2	
19	50	34	24	18	4	38	16	50	3	19	13	19	23	19	28	39	26	42	27	15	33	49	33	44	6	22	37	42	34	1	33	45	5	50	47	45	47	26	36	
35	48	29	44	24	27	38	9	15	19	13	40	8	1	21	42	31	28	35	1	40	8	13	4	37	22	43	24	7	11	4	45	13	38	40	20	16	8	13	23	
20	48	35	6	38	6	22	36	35	43	12	14	6	40	43	36	9	45	3	45	12	22	44	40	35	9	18	18	20	48	37	5	31	15	20	49	5	27	39	39	
9	47	31	24	6	48	37	4	22	2	4	3	17	42	50	8	15	28	16	6	7	47	6	9	8	24	7	36	37	28	34	50	28	31	36	4	47	15	41	45	
49	20	29	5	3	1	32	26	43	15	37	12	39	19	2	48	4	41	50	21	36	16	15	27	32	39	9	32	18	3	5	32	38	39	26	7	14	40	6	30	
23	2	43	50	12	28	24	43	30	48	27	22	38	34	33	34	3	27	1	45	49	41	33	15	19	50	13	29	7	33	21	29	20	5	26	26	28	35	14	5	
48	47	50	24	2	6	38	7	20	21	36	5	18	43	45	49	48	27	13	46	30	39	12	40	25	38	20	41	4	2	42	35	9	49	50	40	37	7	1	43	
6	41	36	27	12	34	21	32	39	43	3	22	48	31	2	2	8	31	39	30	48	23	39	24	29	18	12	22	8	9	32	8	14	9	46	22	14	26	37	20	
42	34	26	14	14	29	17	48	35	48	23	24	34	6	35	25	3	34	26	14	43	16	37	49	4	46	29	39	21	9	27	20	47	38	31	3	48	39	36	47	
34	16	30	25	13	27	14	42	16	7	34	15	18	50	1	13	19	4	39	33	18	10	43	5	38	23	3	26	47	32	9	30	42	11	20	10	27	27	45	24	
36	49	12	17	18	12	4	26	42	50	10	2	25	49	22	48	45	41	47	26	50	7	18	33	25	29	23	12	35	43	35	23	6	49	41	19	6	4	20	36	
39	3	17	33	2	17	7	34	28	25	2	6	9	34	21	33	27	24	39	6	2	15	13	21	49	34	6	7	41	27	19	14	19	45	36	4	8	50	44	21	
5	6	47	43	24	30	7	28	7	6	5	41	28	48	22	1	49	28	30	49	23	14	10	25	16	42	31	2	26	21	11	21	8	2	30	3	18	27	39	13	
28	47	26	41	32	26	47	26	50	36	48	26	36	13	8	3	47	22	36	3	20	14	29	43	12	26	33	9	28	21	48	20	22	3	48	33	37	19	23	28	
11	12	43	37	38	22	45	44	36	1	50	22	49	31	50	29	40	22	12	26	5	12	33	18	27	11	47	21	22	11	39	15	31	12	42	48	33	3	7	15	
40	40	48	2	14	20	48	2	5	36	20	43	38	28	49	42	14	6	40	18	11	18	4	2	25	22	28	17	37	4	16	42	24	17	6	7	29	1	19	3	
35	30	36	5	33	29	36	42	13	42	13	8	40	6	30	13	16	8	38	11	26	15	29	24	14	40	2	8	21	19	40	35	18	46	22	31	40	11	6	31	
12	36	22	50	26	5	33	41	24	6	28	4	22	34	9	18	33	19	34	35	27	23	30	23	39	25	46	50	36	17	3	43	49	4	7	45	10	32	29	26	
29	1	24	9	41	2	4	21	16	12	5	9	43	25	25	15	41	43	24	11	26	37	28	5	23	46	13	14	14	11	9	12	40	37	21	31	12	25	16	2	
6	25	19	22	31	20	47	50	14	37	13	23	10	46	17	17	41	42	21	24	37	5	44	17	10	31	19	31	42	45	15	43	25	48	18	27	30	36	40	11	
9	32	39	2	19	1	10	34	39	24	35	45	38	27	48	31	39	30	2	30	12	32	42	27	27	19	45	15	22	33	47	49	39	48	12	21	40	38	14	23	
3	37	7	22	7	16	17	23	2	44	9	20	20	28	9	48	23	6	15	1	49	35	21	44	43	21	33	9	9	15	10	38	41	7	45	42	43	15	19	48	
22	3	16	18	22	17	28	40	22	16	30	42	37	2	28	48	25	3	17	37	39	33	46	5	24	47	8	48	9	48	39	5	29	17	33	14	37	19	50	10	
40	29	40	20	17	5	42	37	13	48	38	50	3	43	24	15	2	50	13	24	27	4	37	16	36	44	7	25	12	4	28	23	44	48	22	20	37	34	19	27	
50	37	36	49	5	49	31	10	35	22	24	46	14	4	37	40	32	9	7	39	21	21	4	16	41	6	36	4	36	42	5	9	23	3	21	45	8	16	11	23	
On machine	2
48	21	11	26	1	36	2	48	49	36	21	19	1	2	34	6	35	18	44	43	31	18	31	14	45	44	41	20	21	10	40	45	23	3	32	40	28	21	15	33	
34	14	21	2	49	15	18	43	23	29	46	29	20	30	30	32	26	25	30	49	30	29	16	43	25	26	46	15	29	9	30	46	9	47	35	32	25	38	2	21	
32	39	43	43	10	13	42	40	37	24	8	45	33	21	40	38	23	7	49	25	19	18	1	29	11	24	42	10	16	3	38	27	32	7	26	30	22	34	7	26	
42	3	47	31	9	30	15	45	23	34	21	43	41	48	39	11	17	15	44	28	37	20	34	35	8	44	37	2	18	8	18	50	19	22	25	18	43	36	33	1	
20	42	1	41	12	31	36	50	37	3	41	37	48	35	48	10	35	30	6	13	9	18	39	14	26	43	22	27	2	47	36	33	39	49	43	29	49	32	28	25	
6	6	42	27	40	41	42	43	35	36	29	30	30	10	2	24	8	23	19	35	30	44	38	27	31	22	38	3	10	13	47	6	20	7	21	9	42	46	46	47	
8	40	43	37	29	49	46	15	47	18	1	26	33	29	20	42	12	9	31	37	33	21	14	22	22	4	25	40	50	25	29	11	1	46	18	11	3	11	41	41	
45	3	44	23	27	47	6	26	8	42	5	32	1	35	38	24	17	48	2	15	23	20	44	47	19	28	30	3	36	8	32	1	41	33	4	44	24	21	48	39	
38	2	10	5	7	45	13	3	35	31	20	3	7	34	1	22	47	41	6	6	47	16	31	48	28	12	10	44	30	21	41	10	19	33	50	5	39	13	19	26	
3	1	2	29	19	7	42	46	31	3	27	19	11	11	18	10	14	46	10	21	33	3	10	12	26	30	33	34	16	29	26	1	10	18	40	46	28	26	48	4	
27	19	11	47	20	33	16	23	50	49	22	44	41	20	9	23	31	3	20	1	13	19	17	23	2	12	9	28	24	25	3	4	7	6	10	5	7	22	43	29	
35	9	1	10	32	21	20	29	2	47	24	25	22	20	18	49	44	21	11	20	16	41	27	9	15	30	31	15	32	1	43	46	25	27	39	19	39	12	14	23	
33	2	44	45	43	6	5	22	23	39	10	49	48	24	25	26	45	27	36	2	22	8	9	13	41	48	12	46	13	6	1	25	44	42	2	28	7	28	25	47	
23	5	11	8	41	25	27	17	49	9	21	4	42	12	8	46	30	8	1	43	25	39	9	24	5	21	35	12	19	8	41	33	39	43	6	18	22	6	41	35	
9	26	2	47	24	50	39	16	18	2	6	17	31	21	34	21	44	49	7	28	16	47	27	47	46	7	21	6	3	1	4	8	17	5	14	14	41	38	24	19	
27	10	14	32	28	20	43	35	33	27	26	30	45	29	35	46	26	17	19	9	5	36	48	3	31	25	46	30	30	46	1	9	4	10	49	9	26	46	9	33	
44	9	27	27	12	39	43	31	43	45	50	17	41	45	30	14	27	16	10	9	5	5	18	45	12	46	37	29	47	45	4	50	38	29	28	7	39	41	10	22	
22	39	34	13	23	18	10	22	21	35	48	21	25	28	1	30	4	10	41	43	23	9	22	15	6	22	17	43	25	48	37	16	32	3	10	22	22	17	30	34	
50	42	44	49	9	17	37	4	12	28	43	12	15	35	43	30	19	6	38	36	11	8	25	50	4	17	3	21	5	1	7	47	31	13	15	11	7	31	26	15	
18	43	30	4	11	27	32	20	23	12	50	43	2	2	29	19	30	50	11	50	16	26	25	16	25	18	33	36	46	16	44	22	26	7	40	44	11	11	28	36	
10	21	20	45	12	22	39	8	12	30	48	23	11	2	22	18	22	15	40	5	12	50	31	21	3	14	31	30	46	9	2	33	19	31	48	12	3	28	17	24	
18	22	34	40	9	31	39	25	40	42	29	31	8	43	34	49	45	30	34	20	3	29	29	10	15	19	4	25	15	48	9	18	38	21	5	43	21	5	19	10	
26	36	15	25	7	19	3	1	26	44	45	7	18	21	22	38	7	49	14	34	44	6	17	14	30	4	37	19	4	8	45	25	3	15	32	30	35	2	20	12	
17	25	16	16	22	25	48	14	33	30	37	3	6	40	12	41	24	32	42	8	11	28	46	26	23	30	34	9	9	34	10	43	10	42	37	6	20	10	38	40	
45	38	4	45	4	10	15	39	48	13	34	39	36	32	47	14	35	2	26	49	5	3	14	9	2	26	45	46	48	23	1	9	35	15	15	5	41	19	3	1	
8	40	47	5	39	38	1	8	28	25	22	12	16	48	26	1	8	45	3	12	4	36	27	21	43	1	8	13	12	39	24	33	21	36	35	15	25	45	19	7	
24	35	48	35	27	19	12	1	12	12	25	4	31	28	10	37	37	2	37	41	25	20	26	43	34	39	39	10	37	20	14	46	38	44	22	25	33	6	37	46	
23	43	45	14	14	47	15	37	29	8	29	20	15	34	46	29	34	40	36	47	21	41	2	19	11	16	13	17	24	23	9	16	44	16	48	19	20	9	10	29	
25	39	48	38	12	13	5	4	41	7	22	29	14	40	35	29	49	46	26	34	6	24	32	17	26	43	10	45	22	8	13	39	27	14	24	4	9	7	14	46	
17	10	13	16	31	27	19	33	1	28	39	9	40	5	36	20	9	16	23	2	28	6	17	8	16	19	28	36	23	16	17	27	3	35	48	39	14	16	27	46	
9	22	28	13	37	34	14	16	1	15	48	12	18	48	32	46	49	6	14	30	38	36	28	31	20	49	13	38	4	14	6	27	48	36	11	10	50	40	19	25	
3	46	5	32	21	8	36	21	45	7	23	31	47	50	17	7	15	18	4	44	15	15	38	21	33	30	21	17	45	3	3	15	6	18	26	32	8	45	14	26	
20	20	36	16	2	34	4	2	10	41	47	13	10	26	23	35	26	8	14	47	47	34	40	43	3	35	34	37	13	18	17	27	14	45	50	15	4	17	49	17	
13	32	9	23	44	21	33	44	50	26	12	1	45	11	22	3	26	38	6	11	33	15	3	31	50	44	15	32	46	10	44	11	4	4	25	40	35	7	8	3	
8	24	46	4	5	27	26	2	21	48	3	11	39	42	30	21	9	31	35	12	16	3	20	48	26	37	49	11	46	20	9	22	10	4	11	37	37	9	21	1	
14	17	7	18	33	19	28	17	34	32	36	11	15	8	28	4	32	9	9	36	50	33	17	16	48	3	11	41	32	27	25	33	21	49	18	1	44	34	27	29	
29	26	11	2	4	12	22	44	25	29	13	3	47	12	48	26	8	21	12	13	23	8	42	11	40	11	26	39	15	22	14	14	12	5	23	22	7	6	24	20	
12	4	10	14	21	26	22	19	2	9	25	42	6	6	48	48	30	36	19	49	12	50	42	30	27	27	7	10	7	12	13	11	19	46	36	38	44	11	30	48	
24	2	40	38	4	43	36	5	26	40	44	44	50	2	21	12	30	48	31	15	50	17	17	22	44	44	25	8	3	50	48	10	44	13	7	36	18	24	24	12	
43	6	31	4	40	27	29	17	5	44	36	11	45	41	36	44	33	4	19	41	12	5	38	10	8	21	6	13	45	47	44	22	7	12	30	20	48	7	11	28	
On machine	3
30	35	32	43	25	18	37	44	42	30	46	18	47	10	33	40	44	42	40	2	9	18	49	18	23	6	11	24	42	38	5	50	13	25	13	47	22	50	30	15	
6	10	19	37	29	27	19	19	5	37	16	28	14	17	49	33	21	16	13	4	31	34	45	14	22	17	46	4	45	35	21	4	40	12	35	24	7	18	17	38	
42	33	42	22	24	46	3	12	14	36	15	5	2	37	22	23	36	13	17	48	45	25	23	35	48	24	35	14	7	28	37	14	14	40	14	39	13	18	41	40	
5	40	11	50	38	44	48	6	32	49	46	20	4	33	16	19	20	10	21	45	17	48	39	35	27	17	48	27	35	15	47	42	12	40	1	11	49	13	16	15	
45	23	45	3	16	37	37	11	18	22	5	48	38	40	40	19	48	40	11	19	7	32	40	15	28	43	5	42	43	19	30	25	21	17	5	22	3	18	40	38	
17	43	32	28	31	27	6	32	5	29	43	12	20	49	28	36	11	19	44	34	2	37	40	19	20	47	43	40	25	21	33	35	3	1	34	46	35	15	42	38	
5	42	32	23	47	43	18	15	12	43	44	3	4	21	3	20	31	9	27	31	16	38	9	45	26	43	45	23	35	46	24	8	31	18	25	43	20	6	24	7	
26	2	33	4	39	29	11	45	33	33	27	4	44	47	50	33	47	18	22	33	43	22	10	32	31	41	1	5	33	30	10	25	9	50	44	34	43	47	10	29	
39	30	33	45	9	4	23	41	35	16	23	29	47	31	15	45	46	32	30	48	11	7	47	18	32	21	43	32	44	29	31	37	1	10	40	18	41	1	48	48	
6	33	8	33	2	25	39	4	42	10	30	3	17	44	23	33	24	34	19	7	50	44	12	2	3	48	29	18	30	9	49	8	23	28	42	44	5	25	36	24	
36	39	10	25	18	45	12	49	11	6	29	28	14	25	5	5	9	39	32	8	40	35	35	19	39	8	26	18	45	45	46	28	17	39	44	26	32	31	9	43	
44	19	4	24	17	40	19	28	37	19	37	18	37	49	36	30	40	31	30	36	42	20	44	11	7	38	48	39	15	9	29	29	22	22	2	41	32	22	48	12	
23	48	16	2	28	36	36	38	4	36	30	49	28	31	43	26	21	38	36	43	29	43	23	44	37	27	11	22	31	1	39	6	15	13	46	27	48	50	18	9	
20	43	18	19	13	42	9	3	50	14	45	37	14	5	28	19	27	16	33	30	13	25	46	49	15	35	5	27	10	41	8	49	7	42	41	14	31	17	12	41	
50	29	48	44	40	9	1	7	9	15	8	20	50	38	37	6	29	50	27	47	22	41	46	25	46	17	15	43	18	16	8	14	19	29	19	47	23	41	21	1	
40	2	14	7	2	38	19	47	34	11	29	23	22	1	11	27	8	4	44	22	16	3	2	26	20	41	6	17	17	48	17	34	29	3	45	40	49	34	20	15	
41	34	1	15	25	1	35	32	15	37	33	24	13	3	9	28	39	37	5	18	14	41	38	1	6	28	18	32	36	50	35	46	33	37	34	36	38	20	3	28	
13	49	42	14	41	24	11	5	10	45	3	3	11	20	22	15	34	18	18	34	17	13	16	33	26	36	23	13	35	4	3	11	45	22	50	45	31	10	40	43	
45	19	20	31	33	28	7	1	2	9	35	3	26	32	29	42	28	27	19	8	45	50	41	47	48	3	23	12	20	15	18	36	35	33	32	21	37	27	21	39	
28	10	11	39	42	27	1	48	44	26	18	25	15	48	30	46	2	41	11	2	9	29	20	21	28	41	48	48	21	43	9	14	41	42	7	13	22	40	22	30	
5	43	28	13	15	28	18	25	2	44	37	8	44	24	6	8	41	32	17	11	13	2	19	41	31	7	39	42	32	5	4	43	22	41	21	6	28	45	20	5	
19	44	43	15	15	4	40	12	45	4	7	33	4	26	21	35	17	41	7	9	5	10	12	50	49	46	44	13	1	22	8	1	17	31	40	11	25	5	39	41	
27	46	20	11	41	23	19	41	30	28	34	11	12	8	50	23	36	36	6	3	4	35	4	37	11	33	26	31	37	27	22	47	49	41	31	34	39	34	5	26	
44	36	44	34	41	48	4	17	13	15	28	33	42	21	19	38	2	9	1	44	42	38	47	48	23	3	48	12	36	43	26	47	11	14	45	3	20	50	17	20	
14	29	28	20	8	32	49	9	10	13	2	15	26	7	40	24	15	16	21	30	36	23	43	2	48	28	22	34	44	45	17	24	27	14	11	1	8	24	44	41	
29	18	39	15	37	28	30	12	25	26	30	1	17	25	9	12	12	38	39	34	14	29	49	40	47	26	23	23	14	31	40	5	18	30	2	35	19	3	49	7	
13	31	28	4	21	1	12	6	26	10	33	3	13	34	1	45	31	20	8	8	39	37	40	5	9	4	40	12	40	40	1	45	50	42	22	32	16	35	8	39	
21	22	46	44	34	24	7	34	48	31	15	49	24	8	7	8	50	8	3	22	34	23	8	13	1	19	20	34	2	26	24	20	7	50	36	20	47	41	8	28	
42	45	30	31	6	10	17	2	31	45	25	30	26	43	9	31	43	6	18	47	35	37	8	16	40	4	16	50	2	14	16	21	40	47	9	13	31	9	18	18	
21	13	49	42	41	27	36	5	32	45	32	1	37	2	26	38	19	10	36	13	44	19	24	47	27	35	10	46	11	31	47	10	18	47	46	24	42	19	35	33	
34	44	11	33	7	48	15	33	5	24	47	9	10	13	36	2	17	27	10	19	50	11	8	37	31	29	18	45	41	42	8	49	12	9	31	36	4	21	47	25	
7	5	41	45	50	39	20	33	20	3	8	13	13	37	41	2	31	8	25	2	13	2	9	2	23	30	12	45	15	49	15	25	5	39	40	19	45	1	47	30	
7	27	22	34	10	41	25	13	14	10	5	13	6	41	47	10	50	45	33	19	26	24	15	23	15	50	25	24	50	7	45	9	25	44	40	41	45	29	6	36	
41	35	12	38	17	29	13	13	6	40	9	5	27	6	47	31	43	38	42	6	1	25	24	42	50	16	2	6	39	29	2	30	35	41	22	28	3	18	40	17	
15	18	24	46	11	1	28	16	7	41	29	1	25	27	1	24	41	20	35	7	32	12	34	41	26	6	29	41	16	14	28	7	29	31	14	37	45	15	46	21	
39	9	4	19	49	14	28	39	11	31	20	25	17	17	7	6	9	38	30	6	35	16	31	20	47	28	38	15	6	41	29	48	29	44	26	15	23	37	25	50	
39	9	7	37	11	18	15	38	41	47	10	15	2	42	2	7	8	28	20	28	16	29	36	36	29	43	22	47	28	32	19	7	29	44	16	22	26	18	6	8	
4	38	40	30	22	9	5	17	34	27	26	41	13	18	33	31	23	6	6	47	41	28	35	1	17	24	37	23	19	3	10	5	45	19	28	21	6	16	50	18	
40	23	38	33	27	11	36	8	34	45	12	24	48	41	23	31	14	7	11	50	11	9	33	34	37	42	47	32	32	41	4	4	17	45	39	3	30	40	50	29	
37	24	11	26	29	1	33	36	29	46	38	41	29	36	26	32	46	47	33	48	37	34	37	12	21	39	6	42	10	9	32	29	43	37	25	40	13	38	37	13	
On machine	4
29	42	12	26	17	2	18	34	20	36	30	28	18	38	18	16	50	16	45	15	47	14	10	37	14	12	14	13	35	46	39	49	42	15	22	20	27	3	5	30	
50	27	45	37	21	46	41	49	49	2	36	11	49	5	30	36	22	25	25	30	30	38	17	7	47	2	4	34	42	39	33	29	39	4	50	1	1	22	18	16	
39	40	29	8	4	47	28	35	18	18	24	36	24	20	19	37	27	49	3	17	19	7	38	38	33	17	37	13	5	23	46	16	39	36	21	27	45	34	36	34	
11	49	29	47	23	1	26	30	12	40	28	10	14	1	23	32	25	33	18	48	47	7	11	2	8	16	40	45	47	28	28	20	25	7	45	40	11	40	9	39	
14	7	12	43	42	50	15	16	2	46	42	33	31	14	17	4	38	50	4	45	31	41	16	41	13	48	50	12	32	43	41	3	2	13	5	20	14	47	8	45	
13	6	44	5	10	16	3	7	27	11	12	6	31	31	27	34	18	44	38	20	28	48	30	19	25	20	11	22	18	19	14	4	32	21	14	22	11	35	32	3	
24	35	9	23	25	42	28	13	30	11	40	26	15	25	6	10	25	5	24	1	5	39	3	1	33	41	8	35	43	25	34	9	36	41	31	5	18	14	2	11	
4	7	23	38	5	30	48	3	9	46	1	16	36	33	26	31	48	38	6	18	7	4	43	1	31	32	48	13	43	19	7	23	3	12	45	14	26	30	45	19	
42	38	23	36	17	6	41	32	3	8	21	5	49	26	11	42	24	6	31	22	15	15	32	13	15	12	44	22	43	42	18	19	36	35	7	50	49	45	42	35	
6	24	39	15	27	24	12	7	6	31	10	24	4	39	41	40	47	38	31	39	7	18	39	19	46	15	7	43	11	22	40	8	22	25	12	30	12	46	5	22	
47	5	31	22	15	11	48	34	46	24	22	17	7	39	4	44	7	14	10	34	45	24	2	11	32	19	47	2	17	25	19	26	46	42	42	43	41	32	2	18	
2	30	49	11	13	37	29	27	47	6	30	6	1	35	48	44	7	27	5	27	36	26	22	11	10	4	46	2	42	7	9	20	5	21	50	17	25	8	12	5	
23	28	43	45	28	7	16	32	33	37	2	22	22	11	32	30	29	5	32	42	37	49	43	45	38	10	46	45	20	16	27	27	22	34	16	44	17	38	33	23	
38	17	34	27	6	42	21	41	36	22	44	8	40	25	32	20	10	38	16	36	49	40	44	47	20	8	35	24	5	12	25	23	33	19	38	45	50	32	46	11	
40	31	10	9	9	19	3	26	42	34	22	13	49	20	25	24	12	17	20	26	39	10	44	14	1	12	6	14	43	4	38	11	47	6	28	39	15	26	25	10	
35	20	14	2	45	35	34	28	14	29	15	15	29	28	6	29	41	10	28	15	16	38	27	24	23	41	33	17	26	10	34	34	33	6	26	35	25	27	35	18	
11	43	47	16	11	11	16	31	9	46	18	21	13	21	15	19	31	6	47	40	30	30	2	37	26	33	15	7	7	3	50	12	10	8	47	28	38	22	31	5	
29	19	23	7	26	13	40	10	10	27	44	39	35	34	41	19	33	19	39	16	36	35	33	47	47	50	33	21	33	35	47	26	15	23	12	44	38	2	7	30	
29	6	3	41	40	13	44	15	31	5	44	49	3	13	45	40	5	36	11	22	36	46	10	28	7	21	41	9	28	8	14	23	32	16	3	29	40	9	10	37	
44	26	45	39	8	23	13	12	28	8	21	3	14	11	38	49	31	10	36	36	3	5	5	40	28	39	46	24	39	15	28	38	25	3	8	39	14	19	21	24	
21	11	4	24	12	22	34	38	17	15	39	30	15	42	31	23	2	12	36	25	39	35	15	11	21	1	40	26	11	38	35	32	15	3	45	16	20	50	22	17	
43	9	33	9	11	23	14	33	18	20	28	19	2	8	16	22	22	40	30	37	38	46	46	43	24	43	40	42	4	35	12	13	47	38	1	11	48	47	7	47	
19	11	18	18	19	22	8	10	14	17	9	47	22	8	44	25	1	24	45	45	11	13	49	29	15	7	31	31	14	30	5	7	5	17	50	23	22	34	22	25	
16	14	21	24	7	28	41	4	33	49	32	36	16	37	34	26	41	38	13	42	38	7	39	36	45	18	42	45	9	8	9	6	16	10	32	7	46	49	49	11	
46	23	10	25	4	9	3	37	15	37	25	19	30	6	5	42	11	28	13	33	23	48	41	47	36	21	16	27	20	5	5	3	49	20	11	32	38	32	10	3	
38	40	46	47	45	41	23	12	44	42	18	46	31	4	8	19	26	40	27	39	6	40	44	9	27	23	47	5	8	21	48	23	41	17	28	4	30	23	33	20	
7	4	17	13	31	26	3	33	29	46	43	40	26	17	8	34	8	36	39	9	20	6	13	19	12	4	3	3	13	31	25	49	14	24	4	9	15	11	40	4	
50	13	8	15	10	28	39	38	35	25	41	5	39	38	37	22	25	17	48	35	16	7	47	40	18	28	47	44	20	7	19	27	37	16	7	9	37	50	19	7	
26	26	12	24	22	27	20	17	40	6	37	47	38	12	29	38	20	22	11	39	30	43	43	34	38	31	7	5	46	41	29	17	14	19	16	25	8	24	1	33	
2	38	49	28	25	36	4	32	15	14	38	21	3	47	36	12	9	46	16	46	21	10	7	17	40	18	47	20	45	1	21	21	45	25	50	5	47	19	11	33	
9	28	32	9	27	16	21	9	14	2	8	46	23	27	41	14	42	39	8	49	11	38	42	22	3	48	26	15	40	1	42	28	36	32	6	10	35	22	32	31	
3	35	44	12	41	34	40	23	1	42	21	7	12	11	26	39	35	36	46	33	49	18	39	9	27	14	23	23	38	27	13	3	48	33	8	7	45	33	15	49	
27	7	9	14	46	28	25	26	12	49	38	12	33	10	1	9	39	29	19	39	42	21	37	48	1	46	50	36	14	44	2	38	9	45	32	11	27	11	26	14	
16	49	27	8	24	27	44	5	22	9	46	5	47	45	22	3	42	12	39	42	5	38	33	40	30	12	38	35	42	18	1	41	44	11	15	2	38	23	38	42	
27	5	11	24	17	19	30	7	13	28	21	28	38	47	47	2	34	2	44	43	28	4	12	21	14	8	48	35	15	31	38	27	9	2	26	42	41	48	18	32	
50	12	36	21	42	20	36	8	44	39	18	16	46	39	20	37	49	50	17	18	10	49	24	39	6	12	19	44	3	37	22	40	17	43	33	19	9	27	10	47	
27	45	1	27	2	25	25	34	4	24	28	40	1	28	22	15	35	17	24	25	49	20	24	40	25	37	12	31	12	13	1	2	11	8	21	23	19	50	30	30	
25	20	7	42	14	15	33	33	35	30	8	14	6	17	45	10	11	41	10	36	12	10	26	46	39	18	4	40	39	12	40	47	43	22	35	11	6	4	25	26	
28	31	46	40	25	26	8	1	6	47	33	23	5	28	22	10	44	42	35	7	25	45	50	18	41	20	30	23	7	11	5	21	33	43	46	30	20	31	25	44	
38	17	25	23	10	32	47	29	38	50	14	27	42	33	34	17	24	30	8	43	28	27	47	17	23	48	4	43	18	31	8	20	27	12	31	37	45	12	27	50	
On machine	5
16	10	15	5	26	20	44	5	44	38	44	9	22	48	29	3	22	19	36	23	37	21	27	22	26	38	19	26	19	29	10	7	26	38	46	10	50	41	30	18	
17	25	31	23	41	47	50	26	14	14	41	7	44	17	48	34	28	38	23	8	5	43	43	25	21	16	34	49	36	20	14	4	34	7	31	18	46	50	44	41	
26	39	27	24	16	28	11	9	5	16	32	40	4	11	48	5	22	42	10	35	1	38	4	13	16	15	8	27	26	30	49	43	33	34	32	5	39	50	44	12	
26	15	39	38	26	37	29	20	19	12	28	42	36	22	44	35	27	14	18	49	16	11	6	35	18	20	35	45	48	25	7	48	4	1	6	9	11	29	46	19	
27	24	8	29	31	46	30	39	46	46	11	29	10	45	27	43	43	17	1	23	20	27	36	11	27	14	47	49	13	23	11	37	4	39	22	50	3	20	14	30	
24	9	13	33	32	6	24	16	2	28	14	50	9	34	13	3	34	38	14	29	42	5	41	7	41	49	15	14	47	33	17	39	45	27	22	2	1	11	48	47	
11	4	28	35	36	16	45	18	18	9	29	44	24	30	3	30	19	47	18	9	35	42	28	6	22	44	17	19	14	28	34	33	34	13	48	19	10	30	5	4	
23	26	47	46	44	46	2	15	16	10	31	5	20	35	6	8	26	17	15	22	46	24	24	47	13	21	2	14	21	30	41	2	18	23	31	44	15	4	46	16	
39	42	24	36	28	33	49	48	39	38	19	41	49	34	10	16	20	24	20	3	40	19	47	11	34	45	27	20	14	22	47	38	39	3	19	41	2	22	23	1	
7	29	23	45	5	22	5	47	17	6	2	29	43	18	28	21	31	10	37	15	27	11	35	48	10	12	43	34	27	20	29	36	5	9	50	13	6	1	25	48	
48	45	31	27	41	27	2	41	11	45	15	13	2	37	11	35	43	40	42	17	1	45	25	45	34	2	50	13	22	38	40	22	19	21	34	38	19	46	27	9	
27	44	48	15	32	12	28	28	23	9	32	2	31	47	19	25	7	10	21	19	3	40	20	25	26	9	17	9	7	26	15	3	18	21	13	36	6	31	46	33	
46	36	30	8	20	8	4	30	31	17	34	32	9	4	24	11	15	5	10	11	16	28	9	7	43	49	42	11	5	4	39	43	36	37	44	9	16	11	15	43	
24	8	43	42	10	8	31	31	7	49	45	44	31	38	30	46	33	22	33	35	24	8	21	26	32	16	47	7	47	50	36	34	36	15	26	28	42	41	24	20	
21	33	5	7	50	49	12	34	34	45	22	42	35	33	41	43	13	35	3	8	15	4	37	28	24	4	45	29	46	47	18	46	16	47	14	45	1	23	29	46	
16	10	14	5	22	6	4	42	6	26	6	25	36	2	28	30	25	8	31	40	49	48	20	39	16	47	12	27	7	4	23	12	18	22	1	42	46	47	14	48	
46	37	45	12	38	38	1	14	5	19	37	48	48	34	19	18	23	37	44	28	47	36	39	35	15	35	13	41	46	48	15	8	33	46	38	18	27	20	5	44	
41	21	17	11	25	9	26	25	32	38	23	29	18	27	28	44	15	37	13	15	10	25	19	27	9	34	26	45	1	6	5	13	18	20	31	30	34	27	22	29	
18	2	35	21	9	35	40	40	23	28	36	37	31	20	6	18	49	23	5	34	6	22	41	1	22	14	23	29	46	24	41	35	49	14	14	1	36	32	15	18	
48	10	4	1	33	14	13	17	32	27	37	4	16	23	35	29	46	10	38	41	6	18	3	42	40	25	3	40	45	8	29	27	18	2	41	39	39	11	11	33	
38	50	21	12	29	29	30	26	45	31	48	20	40	28	45	7	14	49	46	16	27	36	7	6	36	17	26	14	42	10	42	18	22	20	47	7	27	45	40	11	
3	37	5	31	1	2	15	41	27	38	3	14	33	50	49	39	48	5	3	41	20	27	34	14	19	23	34	12	33	43	29	11	33	33	48	9	20	38	21	49	
42	2	26	11	41	20	23	47	15	29	26	46	42	43	32	50	7	1	28	24	16	38	18	43	6	23	6	32	37	2	32	23	20	7	50	40	46	30	32	40	
24	1	47	40	23	22	24	35	11	5	23	29	23	32	13	32	26	45	9	35	27	6	16	50	47	14	14	26	31	32	50	26	23	17	37	47	6	43	12	33	
14	6	36	38	28	27	6	25	21	3	39	26	3	44	44	2	6	1	44	32	10	24	4	10	7	21	25	29	29	18	19	44	46	40	35	4	3	36	24	46	
34	13	33	22	41	46	26	49	41	44	4	49	10	22	10	31	47	23	41	6	6	40	39	33	33	42	26	18	11	41	1	24	16	43	47	47	48	39	40	44	
25	17	6	21	18	39	48	11	25	14	17	37	18	1	20	34	44	42	35	31	11	37	20	46	47	28	7	46	5	46	35	38	7	14	3	3	48	21	5	34	
5	2	5	8	2	30	9	4	10	26	3	32	25	23	3	7	4	30	9	42	42	43	27	15	33	23	17	38	44	14	39	5	9	42	27	42	8	13	45	29	
24	6	33	2	20	23	8	24	40	16	18	46	30	21	39	21	42	34	40	43	45	28	25	6	4	9	42	23	31	25	16	49	23	14	39	47	37	50	14	40	
20	33	3	11	21	18	11	9	35	35	47	27	32	41	9	6	36	5	45	6	12	23	14	27	37	27	45	44	16	31	49	38	20	41	2	46	44	22	37	23	
24	12	3	23	18	9	23	18	29	34	36	6	1	26	3	20	28	25	23	47	24	5	48	24	12	2	23	20	6	21	14	12	3	18	28	38	40	24	2	9	
17	48	31	8	29	3	46	22	33	17	50	33	38	11	49	13	12	26	12	23	41	36	42	32	38	5	40	17	16	10	2	40	49	33	1	25	19	8	13	35	
37	14	25	18	48	9	40	41	30	39	48	2	14	31	43	19	43	40	12	33	26	23	15	44	33	38	39	8	7	42	42	4	32	22	30	11	7	20	16	23	
40	34	50	32	31	41	21	7	28	6	40	48	9	34	18	44	21	28	22	50	42	21	24	47	25	35	35	27	42	12	39	11	41	31	38	40	47	19	37	28	
29	17	18	45	50	11	26	40	11	19	12	19	28	10	3	37	35	5	30	6	11	7	11	31	12	5	20	31	27	43	36	3	26	21	14	35	11	7	8	1	
12	26	11	4	8	41	12	41	38	40	24	27	48	5	47	31	44	10	6	48	27	31	2	39	13	15	29	35	3	43	16	25	13	9	39	35	41	29	33	48	
25	43	49	10	36	42	23	24	3	35	44	26	20	25	19	42	45	27	4	18	25	34	8	50	11	48	36	20	25	37	38	37	17	1	49	16	50	50	11	38	
19	14	47	43	21	7	29	33	21	50	13	17	11	45	12	15	18	3	12	2	45	7	34	13	6	16	13	49	25	29	44	45	19	33	4	12	40	19	19	48	
2	46	36	3	18	44	24	25	20	18	29	20	49	16	13	3	20	39	13	48	41	43	50	29	2	27	37	23	50	39	4	9	24	22	37	40	49	24	43	4	
4	18	4	48	2	44	6	43	12	2	40	16	26	20	32	21	19	44	6	26	48	10	16	11	24	38	35	13	38	50	25	34	11	9	4	6	39	46	47	42	
On machine	6
11	39	22	41	36	43	46	4	42	1	22	38	48	40	37	29	10	48	36	48	27	18	8	4	34	48	5	1	13	14	20	49	12	14	7	4	34	20	48	43	
43	27	19	26	4	1	25	39	9	26	30	17	21	39	34	30	19	8	13	33	50	21	48	39	32	8	30	27	14	13	15	33	38	36	47	6	1	15	33	26	
20	45	44	9	35	3	16	29	34	43	39	23	42	22	43	9	39	15	13	5	14	12	13	20	1	8	29	4	2	22	43	18	39	5	27	23	34	22	20	16	
33	23	35	2	23	38	31	46	7	48	11	26	2	29	26	12	38	3	39	5	30	26	15	33	41	43	29	33	35	19	48	42	36	16	15	25	37	22	27	31	
11	49	20	31	41	1	5	42	49	15	6	33	4	27	2	8	44	12	20	19	26	50	37	16	5	42	20	35	12	44	3	49	16	45	2	39	19	19	43	12	
10	18	10	37	20	29	5	28	13	28	25	2	17	38	30	37	49	33	6	35	31	21	9	12	48	44	24	39	2	5	14	19	11	24	37	22	18	33	32	14	
39	23	2	10	49	37	23	48	39	5	17	2	27	35	24	19	16	38	8	16	22	46	50	14	3	36	6	17	5	19	9	45	24	31	33	46	23	2	12	29	
4	41	2	34	39	3	40	44	1	31	41	7	34	44	33	42	31	28	41	11	26	39	34	9	3	30	16	19	35	49	32	19	38	19	43	22	5	41	6	5	
17	47	1	9	43	19	31	20	16	22	36	45	7	37	19	48	15	18	4	12	12	16	21	47	46	19	9	31	7	44	6	39	39	23	50	44	28	5	1	37	
30	6	4	6	19	29	18	33	50	41	36	50	37	1	3	32	40	37	10	32	22	27	42	27	32	27	37	37	13	18	2	44	16	30	13	20	43	9	5	36	
40	26	38	14	10	6	19	19	19	17	4	6	37	48	41	23	44	28	30	9	34	6	46	47	50	32	47	34	41	39	36	42	28	31	6	9	4	26	21	7	
32	1	4	36	35	36	43	22	33	46	3	33	26	35	31	39	50	44	31	22	34	28	7	40	6	16	38	33	42	10	21	7	1	47	42	1	9	1	13	40	
36	28	14	28	44	18	40	11	32	50	22	17	38	36	50	9	2	7	19	37	20	38	24	34	1	16	38	36	15	18	19	22	16	42	40	33	28	33	49	4	
21	33	18	37	32	18	50	40	16	42	21	31	32	37	20	43	4	10	31	15	3	9	11	18	34	19	12	29	27	26	44	39	3	21	33	48	37	18	8	43	
19	43	18	35	35	3	17	16	15	36	46	19	36	49	46	1	41	21	16	4	18	39	40	23	42	47	37	46	5	41	4	19	11	34	3	40	42	10	12	22	
43	17	27	6	37	45	34	34	21	11	40	3	5	32	15	7	17	6	16	48	15	7	10	30	25	34	9	29	16	18	36	24	12	3	42	22	6	48	3	24	
50	17	24	12	23	47	5	47	47	24	46	16	24	37	9	41	48	43	20	24	30	19	9	39	43	50	7	38	23	27	34	32	33	34	27	26	17	8	45	22	
16	29	39	26	16	17	1	12	1	16	22	21	48	2	37	46	15	23	26	49	13	22	15	46	19	20	48	29	41	36	26	22	19	48	10	28	24	32	40	22	
30	20	6	11	18	21	44	42	18	39	8	7	12	48	48	41	4	16	37	44	16	20	25	27	26	3	8	7	19	16	47	44	45	35	32	20	47	15	39	36	
7	16	30	3	16	39	10	18	27	15	46	4	19	16	37	4	40	35	22	30	7	36	18	42	32	11	12	17	2	23	42	42	13	17	6	37	1	43	44	18	
3	38	33	31	40	41	13	14	4	36	42	48	35	38	13	35	21	46	14	13	31	27	15	15	28	40	20	36	20	25	32	7	30	40	39	22	49	49	22	23	
26	7	28	40	27	40	17	17	6	36	39	39	23	49	49	36	22	31	8	44	22	50	6	9	49	9	46	29	11	22	1	23	7	38	9	6	38	2	46	39	
42	26	10	4	17	35	34	22	12	34	43	2	16	13	24	36	8	32	16	49	15	28	11	13	28	31	36	6	19	20	41	43	28	10	37	23	7	21	45	2	
41	45	20	21	24	9	40	40	24	45	38	32	18	49	48	15	28	4	30	5	26	23	10	30	7	48	32	17	4	3	50	27	32	4	17	22	44	14	47	20	
36	46	16	39	47	50	8	42	11	42	28	29	17	36	15	5	1	48	9	50	11	31	45	38	15	21	50	14	37	40	26	8	48	21	23	1	46	43	45	46	
23	11	7	21	41	37	21	31	28	20	37	7	44	16	1	34	7	5	23	31	10	10	11	31	7	18	41	42	21	7	12	9	7	42	14	6	44	47	28	47	
49	18	4	50	46	20	24	4	25	10	5	50	11	16	36	37	40	1	50	42	19	39	50	11	50	49	12	43	46	10	26	33	37	34	18	29	19	37	23	14	
23	27	42	17	5	14	42	36	49	18	49	26	1	29	21	30	32	49	4	19	33	12	4	38	27	36	24	37	18	43	46	17	12	9	28	24	45	24	37	39	
1	47	46	36	23	39	5	33	16	32	12	46	50	43	39	22	16	30	35	23	50	14	23	6	18	8	26	16	1	20	19	5	3	50	28	25	36	9	36	41	
5	48	28	21	37	39	30	38	8	3	19	25	21	8	23	18	24	14	21	16	2	36	17	26	31	6	9	38	15	47	1	37	13	20	46	36	47	4	8	26	
25	19	46	9	50	47	36	30	29	8	21	49	23	42	16	6	14	3	33	8	2	8	8	41	5	41	29	6	43	39	46	49	14	15	41	28	47	22	20	23	
39	23	46	36	48	41	9	38	32	21	35	10	47	16	47	32	50	37	49	21	34	10	49	32	48	40	12	10	21	35	18	40	42	43	43	1	10	29	32	42	
40	30	19	43	31	5	1	47	50	47	22	10	20	18	44	19	33	42	41	8	23	41	11	11	19	1	42	46	47	42	31	7	23	38	22	44	9	30	1	27	
49	27	23	44	35	28	42	12	32	35	26	49	31	9	37	25	45	25	43	10	18	26	22	16	9	33	8	46	18	9	17	25	6	17	13	32	37	20	11	10	
38	32	2	48	4	23	30	11	43	45	16	25	34	13	21	24	23	37	35	17	5	43	5	31	20	19	40	43	12	10	1	27	23	45	44	30	29	17	50	38	
26	7	18	12	5	13	16	12	47	35	20	36	44	17	6	44	6	19	50	3	12	6	38	22	1	1	10	26	2	8	39	1	4	37	42	34	4	22	13	33	
14	47	17	6	39	27	50	34	37	37	34	45	45	38	25	12	19	28	46	9	50	27	10	17	1	27	1	11	27	36	6	16	47	23	14	32	21	22	17	50	
15	23	12	40	15	33	29	36	46	17	50	41	42	36	14	29	34	39	10	1	5	11	9	45	34	29	19	1	49	32	45	46	38	43	10	5	42	15	12	9	
17	26	39	9	10	2	37	34	28	12	24	25	43	8	37	31	20	15	9	34	46	2	35	49	33	29	42	9	33	25	26	18	11	11	3	5	31	49	19	24	
42	34	46	7	6	17	27	39	16	29	33	30	40	10	30	26	35	30	37	31	31	39	9	40	32	30	16	17	9	41	4	42	42	30	35	10	22	10	36	42	
