Factories	2
Families	20
Machines	4
SetupType	3

Number of Jobs in each Family
9	1	1	1	1	5	1	2	8	1	5	7	4	7	8	7	3	1	6	1	

Jobs in each Family
0	1	2	3	4	5	6	7	8	
9	
10	
11	
12	
13	14	15	16	17	
18	
19	20	
21	22	23	24	25	26	27	28	
29	
30	31	32	33	34	
35	36	37	38	39	40	41	
42	43	44	45	
46	47	48	49	50	51	52	
53	54	55	56	57	58	59	60	
61	62	63	64	65	66	67	
68	69	70	
71	
72	73	74	75	76	77	
78	

Total number of jobs
79

Processing times of jobs
8	8	10	5	
6	5	8	1	
7	9	10	7	
6	2	3	6	
1	6	6	5	
8	9	3	4	
4	5	9	5	
2	9	7	8	
3	10	9	3	
3	7	6	1	
7	6	1	7	
7	7	5	8	
1	7	6	6	
6	2	9	6	
7	7	2	4	
3	4	5	8	
4	3	6	5	
8	6	8	8	
4	5	7	7	
6	5	5	7	
9	2	3	10	
2	8	6	10	
4	3	4	6	
3	10	2	10	
7	2	6	2	
8	3	10	2	
5	8	8	6	
10	3	7	1	
2	8	7	8	
4	7	1	8	
8	7	6	6	
5	1	10	10	
5	10	9	8	
1	6	2	1	
4	5	5	6	
2	1	6	4	
6	1	10	4	
9	9	8	9	
4	7	10	5	
7	3	4	3	
6	3	9	2	
5	9	9	8	
3	4	6	6	
6	1	10	7	
10	1	6	2	
2	8	9	9	
1	8	4	6	
7	2	8	8	
4	9	5	5	
4	4	4	2	
4	6	2	8	
5	3	6	5	
5	10	7	9	
4	10	3	7	
7	8	7	8	
4	8	8	6	
1	8	4	4	
4	7	5	3	
2	1	7	3	
10	5	2	9	
1	8	5	9	
4	9	6	1	
2	8	8	1	
5	9	4	2	
8	8	6	10	
3	5	4	9	
5	6	7	9	
7	10	2	7	
9	1	4	3	
10	1	6	10	
9	1	10	2	
7	7	8	8	
3	6	9	8	
2	6	6	5	
3	2	7	5	
7	7	7	2	
4	3	10	2	
8	9	10	7	
9	1	5	1	

Stepup times between Families, where [f][f] represents initial setup time
On machine	1
96	57	99	56	8	9	81	35	58	9	57	51	59	89	11	16	7	4	73	89	
30	3	93	87	99	41	48	88	92	60	81	21	70	3	66	55	99	57	72	15	
74	6	85	60	22	53	95	42	93	34	70	59	89	17	90	97	16	90	74	98	
9	94	56	34	71	91	62	55	65	75	20	13	54	2	52	37	98	25	82	16	
61	97	64	55	32	77	32	93	5	51	83	67	10	85	30	39	6	87	39	17	
11	75	15	94	66	29	57	5	11	24	33	10	92	45	26	17	26	3	49	12	
19	87	47	80	34	80	25	61	58	25	57	28	4	21	27	97	19	15	5	77	
46	88	33	1	77	26	65	8	68	31	23	29	25	25	1	81	10	71	15	96	
62	71	7	1	36	89	50	35	100	57	4	24	83	36	16	9	53	57	29	20	
81	81	91	94	99	95	23	33	36	70	64	51	23	91	23	67	95	71	30	59	
42	81	62	39	28	36	70	57	35	16	30	66	85	17	9	96	98	56	23	61	
31	1	86	70	99	80	67	19	66	12	100	98	56	12	95	78	87	36	5	46	
47	20	87	82	28	59	21	33	85	99	18	12	80	72	52	74	85	70	44	41	
60	66	79	19	30	42	50	12	23	36	15	84	61	45	22	95	51	72	55	9	
40	50	24	23	94	7	13	91	26	21	62	36	50	74	73	64	64	64	80	10	
61	52	49	49	94	72	93	90	25	34	26	35	51	100	29	57	13	78	46	88	
9	60	28	36	2	93	40	14	39	32	78	27	55	44	7	32	5	43	93	79	
82	79	3	100	87	69	92	31	5	73	11	74	2	50	56	30	46	25	25	59	
42	36	97	80	55	29	77	27	34	100	54	56	15	49	74	28	27	81	38	25	
67	96	24	64	14	80	28	94	74	92	28	63	77	62	72	40	69	97	67	3	
On machine	2
62	86	44	84	11	6	47	86	28	88	100	2	54	100	16	15	67	75	61	63	
36	28	33	61	21	32	98	68	4	61	36	39	20	72	30	5	86	28	86	14	
24	11	44	87	54	51	76	91	31	91	47	98	14	19	75	2	32	97	78	84	
24	82	66	16	12	68	21	28	53	73	34	98	30	32	38	63	12	34	45	63	
50	84	74	83	47	64	84	2	81	41	49	99	25	98	91	61	22	9	61	44	
15	16	97	55	35	4	92	3	39	50	81	7	15	11	5	57	40	46	66	20	
13	47	55	45	64	35	27	39	83	35	94	10	40	80	25	52	45	44	12	66	
3	45	32	12	58	54	6	84	92	31	86	56	22	33	72	83	56	31	52	21	
98	46	72	33	25	7	94	90	39	98	47	9	69	85	64	2	95	2	43	21	
59	98	96	51	43	78	47	61	13	44	89	88	56	14	47	14	24	48	30	48	
9	15	45	8	64	81	95	44	83	40	53	48	98	75	31	53	93	98	34	50	
43	9	85	60	52	3	6	12	24	43	48	44	28	76	58	98	76	97	67	47	
57	50	11	64	55	10	49	17	95	37	83	15	83	13	73	32	94	81	42	8	
70	44	79	2	11	24	10	4	86	8	2	59	33	50	95	34	77	63	92	72	
57	8	19	76	61	58	37	5	70	48	19	74	4	19	44	23	82	70	24	41	
73	44	48	99	67	19	83	73	33	42	57	53	59	85	70	44	67	63	17	22	
77	100	33	41	61	53	15	79	81	92	29	50	73	44	3	31	100	73	93	58	
25	7	60	73	30	81	32	87	23	92	4	100	58	69	88	94	37	44	52	85	
93	33	57	94	22	68	86	60	12	23	11	53	80	99	68	48	41	36	36	98	
8	97	44	94	34	16	19	80	61	9	66	62	78	33	76	30	81	20	68	30	
On machine	3
29	83	93	81	54	72	7	37	76	59	55	29	98	6	67	69	3	67	3	64	
84	13	91	5	74	32	90	33	73	92	6	56	89	28	33	22	32	67	83	36	
32	88	93	83	66	35	58	96	43	20	16	41	22	66	45	83	67	2	7	40	
51	89	44	99	75	70	94	49	25	73	93	23	80	29	26	61	7	13	89	57	
10	97	74	60	84	33	65	40	84	83	70	79	57	61	82	90	84	17	71	54	
9	56	17	7	4	52	66	83	50	50	15	33	70	92	25	93	9	91	79	59	
2	11	60	97	1	45	35	70	50	10	37	92	85	6	23	11	37	95	97	27	
49	39	82	54	1	27	24	39	61	67	95	64	35	22	61	71	19	62	8	19	
27	55	28	36	16	54	35	60	50	93	34	32	55	93	20	88	26	60	28	18	
5	36	12	20	17	16	93	32	42	10	26	24	11	57	19	90	94	19	56	61	
63	14	34	56	77	66	78	74	14	10	30	43	92	24	15	35	88	98	11	1	
26	39	63	13	41	88	24	73	40	99	51	52	41	90	89	84	21	36	60	61	
8	1	60	50	42	70	40	52	34	30	45	25	59	47	15	23	1	53	21	69	
33	77	32	85	90	88	59	91	89	21	90	73	68	17	82	99	32	98	79	92	
53	46	53	73	21	16	100	30	55	18	63	51	49	49	67	17	33	6	75	74	
44	31	43	5	63	10	2	72	37	44	8	18	21	76	4	9	25	40	88	49	
12	53	38	47	60	95	7	80	99	7	39	24	7	85	48	61	71	64	22	80	
57	64	90	95	92	50	34	80	7	33	1	5	55	92	2	76	99	75	62	77	
34	88	53	22	32	19	22	54	18	31	87	85	88	94	43	35	64	62	78	30	
97	22	13	98	84	33	83	83	57	69	90	89	57	43	26	35	98	84	99	100	
On machine	4
76	23	9	11	23	50	1	17	49	10	50	93	25	83	20	99	8	43	76	67	
59	33	4	68	100	33	34	28	14	50	35	58	56	24	68	40	81	36	57	2	
65	17	24	22	46	76	40	84	45	49	82	89	51	79	4	40	76	50	88	17	
15	32	40	97	86	47	84	37	7	100	83	17	82	10	17	100	45	41	72	78	
30	17	5	65	16	64	42	76	40	87	42	13	97	62	72	21	38	70	76	1	
11	75	10	67	11	47	13	65	97	2	71	5	4	42	85	98	23	26	89	14	
25	66	46	80	88	56	16	12	25	38	5	13	31	7	88	99	73	19	99	77	
10	31	78	68	89	16	62	20	74	54	7	39	41	44	57	12	9	11	72	25	
10	28	95	20	31	61	15	98	3	14	1	57	52	16	89	40	52	67	51	21	
32	21	38	38	14	46	67	87	7	5	60	22	97	82	14	84	37	14	84	23	
13	20	45	81	52	94	84	72	70	87	33	74	53	45	15	7	12	23	72	77	
27	99	88	72	3	42	26	97	39	96	67	75	27	57	28	48	1	51	30	21	
97	100	28	86	90	64	21	88	13	62	3	79	71	38	83	86	55	83	2	72	
85	49	59	30	82	14	86	83	19	88	80	15	4	63	56	78	90	61	30	55	
75	49	30	44	9	80	27	81	61	9	16	49	17	32	10	67	21	73	19	33	
19	90	43	93	100	30	45	73	93	67	32	28	33	3	23	17	33	34	18	80	
6	91	78	55	45	20	18	43	5	51	35	39	8	55	45	67	43	90	87	73	
71	36	4	100	4	4	59	98	33	25	76	84	16	3	1	43	100	3	4	53	
36	33	77	96	58	33	30	54	68	64	13	78	21	63	10	3	43	71	14	46	
59	24	75	32	2	12	100	24	11	88	44	70	28	65	58	57	66	18	68	50	
