Factories	2
Families	60
Machines	4
SetupType	3

Number of Jobs in each Family
3	1	10	9	8	5	3	10	4	8	9	5	9	8	10	4	2	9	8	1	9	9	10	10	8	4	3	1	3	9	3	9	10	7	9	1	6	4	8	1	5	5	4	9	10	9	9	9	2	6	7	6	5	5	8	1	6	3	4	8	

Jobs in each Family
0	1	2	
3	
4	5	6	7	8	9	10	11	12	13	
14	15	16	17	18	19	20	21	22	
23	24	25	26	27	28	29	30	
31	32	33	34	35	
36	37	38	
39	40	41	42	43	44	45	46	47	48	
49	50	51	52	
53	54	55	56	57	58	59	60	
61	62	63	64	65	66	67	68	69	
70	71	72	73	74	
75	76	77	78	79	80	81	82	83	
84	85	86	87	88	89	90	91	
92	93	94	95	96	97	98	99	100	101	
102	103	104	105	
106	107	
108	109	110	111	112	113	114	115	116	
117	118	119	120	121	122	123	124	
125	
126	127	128	129	130	131	132	133	134	
135	136	137	138	139	140	141	142	143	
144	145	146	147	148	149	150	151	152	153	
154	155	156	157	158	159	160	161	162	163	
164	165	166	167	168	169	170	171	
172	173	174	175	
176	177	178	
179	
180	181	182	
183	184	185	186	187	188	189	190	191	
192	193	194	
195	196	197	198	199	200	201	202	203	
204	205	206	207	208	209	210	211	212	213	
214	215	216	217	218	219	220	
221	222	223	224	225	226	227	228	229	
230	
231	232	233	234	235	236	
237	238	239	240	
241	242	243	244	245	246	247	248	
249	
250	251	252	253	254	
255	256	257	258	259	
260	261	262	263	
264	265	266	267	268	269	270	271	272	
273	274	275	276	277	278	279	280	281	282	
283	284	285	286	287	288	289	290	291	
292	293	294	295	296	297	298	299	300	
301	302	303	304	305	306	307	308	309	
310	311	
312	313	314	315	316	317	
318	319	320	321	322	323	324	
325	326	327	328	329	330	
331	332	333	334	335	
336	337	338	339	340	
341	342	343	344	345	346	347	348	
349	
350	351	352	353	354	355	
356	357	358	
359	360	361	362	
363	364	365	366	367	368	369	370	

Total number of jobs
371

Processing times of jobs
9	2	5	3	
4	2	7	4	
7	3	1	1	
8	6	6	8	
1	10	4	3	
4	10	7	6	
10	9	10	3	
9	3	8	5	
7	2	8	10	
5	10	10	1	
3	10	9	6	
8	6	6	8	
2	8	8	1	
5	1	7	7	
8	1	2	3	
2	2	3	1	
6	4	2	8	
6	9	3	5	
2	4	4	7	
7	5	2	10	
2	8	4	7	
1	1	1	8	
5	6	10	7	
8	1	1	6	
10	6	9	1	
4	9	3	6	
3	3	10	1	
4	8	4	3	
8	4	3	9	
7	8	4	2	
3	3	7	10	
7	8	4	1	
2	5	4	8	
7	6	2	5	
7	5	8	5	
1	5	10	9	
10	1	3	6	
10	4	4	4	
4	6	5	5	
10	1	2	3	
1	9	7	6	
8	5	10	10	
7	6	5	4	
1	2	1	1	
5	4	6	10	
10	10	5	9	
6	9	4	5	
1	2	5	9	
5	2	4	4	
4	6	2	10	
5	6	4	4	
7	7	7	1	
6	8	4	8	
3	4	4	10	
7	9	7	1	
7	1	3	8	
1	5	8	9	
9	5	4	5	
5	9	9	8	
5	10	8	8	
7	4	4	5	
4	9	1	8	
7	1	6	4	
9	2	8	1	
3	2	1	3	
6	5	4	8	
6	10	4	1	
2	1	5	6	
7	10	1	10	
4	3	5	5	
2	7	3	5	
7	7	6	7	
10	8	9	4	
5	10	10	6	
1	9	9	9	
2	5	10	2	
3	9	9	6	
4	9	4	10	
1	8	9	3	
8	7	7	6	
3	4	9	6	
9	1	5	2	
8	7	2	2	
8	6	4	5	
1	3	6	4	
9	4	8	3	
1	4	2	5	
10	6	4	3	
7	4	8	2	
9	7	4	3	
10	9	7	1	
7	9	7	8	
5	8	4	7	
7	8	10	10	
5	9	2	1	
6	3	6	10	
10	1	10	10	
1	4	9	1	
10	5	2	1	
8	3	5	4	
8	8	2	8	
10	2	4	4	
9	9	4	4	
7	1	8	6	
2	10	7	6	
8	9	6	5	
6	9	10	10	
7	4	7	2	
5	5	8	1	
9	4	4	4	
3	2	9	1	
1	4	10	1	
7	10	3	8	
10	4	5	8	
9	1	2	2	
6	8	7	1	
7	3	4	7	
3	4	1	2	
8	6	7	3	
7	2	8	6	
7	6	6	5	
4	2	1	9	
8	5	2	6	
7	3	6	3	
5	8	1	9	
8	3	5	4	
9	1	6	9	
10	1	1	6	
6	8	5	5	
7	3	9	6	
3	10	10	8	
8	7	2	9	
3	8	5	6	
9	9	6	5	
9	8	8	6	
10	3	9	1	
1	3	1	5	
9	5	5	1	
1	10	9	1	
5	1	5	2	
1	2	3	5	
7	2	1	7	
2	1	4	1	
8	1	6	6	
7	1	4	3	
3	6	3	8	
1	6	3	8	
1	5	10	3	
10	10	7	9	
4	8	4	9	
8	5	10	10	
5	9	7	3	
3	1	4	2	
10	10	1	3	
9	8	6	2	
3	5	9	1	
1	6	9	3	
7	1	10	6	
3	5	2	6	
3	7	8	1	
7	1	4	7	
2	9	10	3	
1	7	9	8	
6	4	2	3	
2	2	4	3	
1	6	9	3	
7	9	9	4	
10	9	10	2	
1	2	4	3	
8	5	10	2	
6	9	8	2	
10	10	8	10	
2	4	5	4	
2	2	3	5	
8	9	3	5	
5	1	3	7	
2	1	6	1	
9	9	5	1	
9	8	7	5	
9	2	5	10	
4	8	6	5	
7	9	1	3	
2	3	5	4	
7	7	5	9	
9	4	9	4	
5	7	2	4	
3	3	9	7	
10	1	9	2	
8	2	4	3	
9	6	7	10	
5	7	9	8	
7	7	1	5	
3	2	1	1	
3	5	1	3	
6	8	2	7	
10	3	5	9	
7	9	2	5	
2	9	2	6	
5	10	5	10	
6	9	7	10	
5	7	1	4	
9	9	5	10	
9	4	7	9	
10	5	8	10	
8	8	7	10	
2	10	10	2	
7	4	8	7	
8	7	8	8	
5	8	3	8	
10	1	3	1	
7	6	4	10	
6	1	6	10	
5	3	1	3	
2	3	1	6	
4	1	10	10	
5	2	6	10	
1	3	9	4	
3	7	6	5	
6	4	3	7	
4	8	7	10	
2	9	3	9	
3	10	2	10	
5	3	6	3	
4	10	9	8	
4	3	4	7	
8	5	8	3	
5	3	7	3	
8	2	5	3	
2	2	9	1	
2	8	3	7	
2	8	6	5	
4	3	4	4	
3	9	10	6	
4	3	9	10	
4	10	8	9	
2	3	10	6	
4	8	3	5	
3	1	10	4	
3	10	10	9	
5	3	1	7	
2	8	3	4	
5	1	9	2	
2	2	3	3	
10	9	8	4	
3	2	6	8	
4	2	4	9	
1	1	7	10	
4	6	2	6	
4	9	6	4	
4	4	7	4	
4	8	10	10	
8	8	7	1	
5	8	2	7	
3	7	5	2	
1	9	5	1	
6	4	1	1	
1	6	7	1	
2	2	2	9	
10	2	7	5	
4	1	7	6	
3	1	7	7	
1	3	9	10	
8	6	6	5	
1	9	3	4	
10	10	6	6	
5	1	3	10	
4	3	9	5	
6	1	6	4	
6	7	5	1	
6	8	1	7	
2	5	9	3	
3	6	9	6	
2	9	2	3	
10	7	10	2	
5	5	8	10	
9	8	2	4	
10	1	7	4	
2	10	9	10	
6	2	7	9	
9	7	7	8	
7	6	9	9	
4	2	6	3	
8	6	8	6	
2	1	4	7	
6	9	4	7	
1	6	10	2	
7	2	6	6	
7	2	7	2	
10	1	6	3	
3	10	9	4	
8	10	10	1	
10	6	3	8	
4	1	6	4	
4	1	2	4	
1	4	4	1	
5	7	6	1	
2	3	5	8	
2	7	1	3	
6	9	4	9	
5	1	9	2	
9	5	1	2	
1	5	1	3	
9	7	7	3	
1	6	10	5	
8	3	6	7	
6	2	5	3	
2	1	8	7	
10	2	2	7	
4	5	8	3	
8	3	10	8	
5	10	1	5	
10	5	3	10	
4	3	4	8	
1	3	1	6	
6	8	9	9	
7	1	1	8	
3	3	9	3	
7	3	1	4	
7	9	3	10	
2	10	10	2	
6	10	7	8	
8	4	9	3	
1	4	1	6	
10	10	8	1	
8	7	8	3	
3	3	7	1	
2	7	10	5	
2	5	9	4	
3	6	2	1	
9	5	7	7	
2	5	1	1	
9	9	3	7	
2	2	2	8	
3	7	10	10	
6	8	4	1	
3	8	6	2	
6	2	9	8	
5	10	2	1	
8	6	3	7	
7	5	10	6	
5	4	9	6	
6	3	10	7	
9	3	7	6	
2	6	6	7	
9	4	2	7	
9	5	9	2	
1	5	5	9	
2	2	10	4	
7	7	9	7	
6	7	4	3	
5	6	3	7	
3	7	6	1	
3	3	6	5	
7	8	2	4	
5	2	8	10	
2	10	2	3	
2	7	3	10	
7	5	4	6	
9	2	7	8	
8	3	5	5	
5	4	3	7	
10	5	3	4	
8	9	4	9	
2	5	2	6	
7	10	5	7	
2	5	2	2	
10	7	1	9	
7	6	8	10	
7	8	7	10	
8	3	8	4	
8	8	6	1	

Stepup times between Families, where [f][f] represents initial setup time
On machine	1
69	93	22	81	42	92	93	27	56	22	25	52	26	94	81	69	54	90	56	91	88	58	55	7	70	26	10	46	99	22	74	94	17	40	94	75	16	75	82	93	37	2	7	28	55	39	39	65	5	1	16	81	53	56	29	92	39	75	92	67	
96	58	2	21	21	14	71	7	78	49	81	38	72	31	20	65	15	33	63	79	4	27	25	73	26	85	45	24	41	29	82	78	48	4	91	38	3	70	38	13	5	83	80	55	20	55	41	55	13	12	28	2	69	67	12	44	72	9	28	87	
17	26	52	25	66	11	37	81	82	83	100	11	83	7	73	19	1	8	34	69	1	81	49	14	82	37	89	42	65	28	6	91	34	56	90	100	42	35	8	9	35	43	78	50	42	23	21	3	96	68	46	47	75	74	11	24	54	65	92	90	
96	73	10	65	20	58	39	64	76	60	3	75	36	53	19	61	94	25	24	35	48	33	83	75	44	61	2	24	54	99	73	88	58	43	41	100	100	83	29	89	85	70	64	19	20	69	86	10	89	79	86	30	29	50	31	43	59	8	78	69	
49	99	71	42	97	31	36	10	25	5	74	18	24	81	65	4	84	59	26	5	61	11	11	64	4	43	35	15	84	81	34	4	31	45	15	62	32	34	69	31	7	75	79	71	66	9	19	54	82	43	44	31	22	51	6	39	32	23	23	32	
95	79	100	60	88	93	49	68	31	44	17	24	22	93	64	6	90	2	6	50	73	54	96	76	90	26	53	8	5	84	42	38	81	97	42	98	5	87	73	21	39	89	91	77	7	75	4	88	88	73	13	28	98	74	58	39	67	60	30	22	
3	65	62	52	38	1	29	66	61	19	7	88	75	62	77	61	25	21	28	28	100	68	94	47	3	36	25	57	64	76	89	15	7	91	5	70	44	18	37	3	92	94	22	78	8	49	61	80	37	79	85	36	7	65	7	96	23	89	47	9	
38	68	20	83	56	100	76	25	53	8	5	41	3	66	12	7	16	44	96	56	94	13	73	68	4	74	45	15	90	27	58	80	56	23	46	47	19	13	7	61	32	31	15	33	53	8	19	30	89	33	78	2	12	67	16	21	27	37	40	35	
65	63	47	98	62	29	26	15	22	34	42	26	58	47	13	91	34	41	44	44	95	6	35	61	67	38	88	63	29	96	92	48	35	94	90	62	80	75	93	54	59	15	16	74	53	12	88	82	99	32	70	52	12	13	30	23	100	100	48	37	
37	25	4	3	48	27	79	12	47	11	79	88	82	61	51	40	52	51	60	35	59	32	71	35	34	76	1	44	10	83	11	96	91	31	85	36	85	21	97	65	42	90	88	67	69	50	85	58	100	18	53	66	58	75	1	8	28	78	18	33	
89	25	42	95	7	49	75	42	49	54	45	77	58	28	59	61	98	20	79	41	87	34	30	14	65	12	74	100	75	3	90	58	94	52	29	67	50	21	90	74	8	13	43	75	61	78	70	34	5	49	13	40	48	88	89	43	11	39	84	43	
34	99	60	78	44	2	11	20	60	46	78	43	90	6	31	32	69	18	31	39	52	3	86	15	95	62	96	78	20	3	51	44	41	82	78	6	83	65	82	97	87	28	59	82	52	53	37	92	74	66	27	19	69	29	52	36	21	46	24	63	
16	2	77	84	44	64	26	17	52	12	20	54	97	67	88	82	13	58	8	70	10	64	78	12	76	86	81	73	29	18	12	1	80	47	52	18	4	25	94	40	86	26	58	84	65	31	90	92	86	41	10	94	63	26	35	39	87	20	34	74	
63	32	38	53	55	31	54	43	24	77	36	62	13	81	48	91	43	17	61	52	10	38	61	97	24	99	28	86	48	26	23	64	20	67	48	70	82	64	77	94	89	64	12	28	93	24	62	82	64	23	33	89	89	65	70	51	66	54	15	25	
30	76	79	70	66	70	60	93	24	71	38	48	89	62	88	74	79	91	60	74	35	46	42	92	19	22	29	71	72	5	97	51	34	30	88	98	20	23	92	90	77	92	72	24	35	12	95	91	18	62	17	90	13	82	23	72	61	26	81	78	
70	59	74	89	86	28	88	89	39	1	68	48	65	20	37	12	72	88	36	96	19	69	66	63	60	60	85	30	2	39	28	99	65	88	18	83	13	58	36	61	29	52	14	47	5	57	39	45	66	32	52	96	53	92	59	29	90	70	8	57	
54	74	20	39	76	64	100	100	64	93	44	42	73	16	93	60	8	92	75	29	20	46	83	88	84	28	100	67	91	42	36	6	62	96	30	5	31	27	1	100	17	51	76	28	32	69	36	47	50	30	25	44	54	36	77	95	72	87	13	29	
61	30	89	81	65	47	82	18	70	81	1	69	83	69	15	93	44	19	80	27	32	21	25	77	64	4	13	62	74	62	41	45	46	96	18	13	27	89	87	66	14	26	16	12	94	99	67	52	28	6	29	77	17	67	62	57	23	88	12	92	
5	98	81	12	37	59	48	90	45	29	11	80	22	67	66	96	15	74	86	91	45	3	90	29	65	51	46	20	87	87	63	79	9	85	85	73	67	75	72	26	38	26	36	69	6	2	7	74	73	44	85	39	1	80	77	42	61	73	35	73	
82	69	87	72	59	65	21	10	83	32	19	86	58	54	35	76	51	64	66	61	52	75	92	31	83	6	4	28	19	48	10	32	86	98	15	13	90	92	13	79	73	49	24	69	18	68	32	22	88	54	40	27	1	46	22	43	19	54	88	28	
50	38	39	58	18	74	78	70	62	40	36	9	42	44	54	21	56	8	35	2	93	66	93	64	31	52	49	61	18	54	17	70	23	58	9	79	11	25	75	62	68	96	88	72	36	37	48	18	75	26	7	17	19	34	29	25	10	75	23	7	
99	44	15	41	4	36	26	34	8	83	11	38	59	96	83	43	14	42	83	93	36	58	2	11	33	16	20	86	7	74	57	45	58	55	42	18	88	48	16	4	61	8	26	2	79	23	90	42	77	8	3	66	33	92	18	63	11	42	73	78	
80	93	79	48	40	82	29	68	96	55	92	72	70	60	64	81	72	83	33	31	75	51	24	52	17	92	48	65	42	71	1	58	88	24	36	95	64	27	41	84	10	31	54	35	48	99	5	59	39	55	83	3	67	15	98	19	100	43	99	15	
57	63	84	73	44	7	98	8	94	85	82	14	44	33	21	25	82	18	64	13	47	7	5	5	57	49	44	65	95	43	69	82	36	42	10	28	94	34	87	44	74	16	92	65	2	69	99	17	72	39	95	11	53	19	80	47	94	95	23	39	
69	73	72	81	68	63	63	51	45	41	8	41	93	16	15	65	18	28	46	27	31	20	88	8	44	56	42	17	5	99	59	84	55	30	10	62	87	84	2	61	65	52	25	71	50	9	26	40	90	12	7	13	82	15	100	85	36	96	11	80	
30	67	20	66	11	92	5	85	39	61	89	34	83	71	86	86	90	23	78	95	74	11	82	68	25	46	62	81	5	32	97	72	50	77	70	73	95	21	97	51	80	12	86	71	58	15	54	40	68	82	55	37	88	91	87	67	9	31	72	93	
24	44	91	32	96	99	80	90	54	59	84	36	13	90	94	96	7	86	55	32	84	74	45	23	46	6	94	83	89	92	64	5	24	57	8	49	4	11	92	85	33	68	45	51	18	47	16	24	76	70	91	32	50	23	40	4	24	87	26	39	
1	12	11	28	1	13	81	78	63	80	48	89	3	87	47	89	19	67	26	28	43	97	91	85	59	50	36	86	56	18	96	93	94	39	53	63	44	2	98	20	32	46	93	19	32	40	11	77	53	67	98	36	44	17	3	10	42	41	96	69	
76	62	68	77	90	25	70	33	4	62	30	78	19	77	10	54	17	99	45	20	67	61	82	67	9	60	90	31	15	82	21	6	7	69	90	100	64	50	10	22	25	51	71	33	76	77	21	59	13	88	76	61	53	31	24	1	32	40	74	86	
67	91	83	13	6	34	1	42	93	94	20	4	16	72	67	41	68	78	80	26	4	75	50	53	84	55	76	71	100	84	25	13	69	86	22	89	20	33	23	58	39	37	89	5	44	45	83	93	2	80	44	38	70	80	33	19	7	47	64	37	
30	4	4	60	1	81	13	63	61	30	34	77	73	23	9	49	5	38	39	26	99	83	45	31	20	39	14	29	82	50	42	14	65	59	23	84	56	94	74	86	97	34	95	71	43	64	40	45	91	34	39	15	89	51	47	38	89	68	29	52	
82	7	8	75	77	59	13	44	37	36	19	67	33	67	90	46	78	68	10	97	23	3	43	77	50	81	50	11	42	35	6	70	22	96	60	51	67	27	60	82	92	55	1	38	60	6	55	57	49	12	86	96	80	92	94	35	34	35	93	29	
1	88	57	39	30	56	31	63	29	72	34	3	49	27	76	54	70	75	77	94	41	34	38	58	39	66	25	86	75	6	17	25	24	92	81	86	46	95	92	55	53	48	28	29	45	100	71	64	12	11	33	22	80	76	72	93	35	39	20	70	
15	91	34	58	59	25	95	48	55	17	53	98	91	92	86	84	63	46	48	71	33	68	52	80	8	8	97	94	36	4	83	98	46	80	24	13	12	85	39	1	52	62	88	16	22	60	4	100	32	77	73	35	73	84	80	17	76	36	24	20	
34	9	38	54	30	99	3	62	57	14	5	28	10	34	14	62	86	52	1	83	23	33	15	78	1	77	21	84	13	62	71	49	50	47	96	36	49	71	26	36	94	74	37	21	48	1	47	76	19	89	47	80	52	54	78	6	80	49	61	46	
62	88	88	81	35	60	54	41	59	51	51	56	81	40	98	46	62	32	39	21	86	69	32	81	51	44	38	55	34	83	42	2	71	17	64	13	33	5	96	12	58	97	68	33	44	35	42	72	28	93	81	54	10	78	33	11	57	44	38	82	
52	78	25	29	9	81	23	29	17	59	90	63	96	28	42	72	98	69	3	14	99	53	99	22	79	10	46	41	25	88	96	66	81	84	90	11	15	80	93	68	86	77	28	18	60	64	72	32	88	97	73	93	38	41	23	26	42	15	86	79	
47	13	94	49	61	96	37	71	9	10	6	31	4	30	17	38	55	89	28	62	89	91	30	68	21	23	18	30	74	56	59	11	36	20	53	24	1	94	22	5	55	3	93	73	60	72	23	63	60	55	48	5	33	3	69	9	37	29	20	49	
11	44	19	59	7	44	96	45	27	6	80	23	66	55	95	7	40	74	92	36	99	78	42	26	52	37	41	56	17	85	100	60	21	41	75	87	92	48	53	24	5	44	76	98	61	26	52	4	91	20	93	41	76	74	88	81	71	77	15	94	
5	89	36	94	65	90	23	36	68	66	18	93	87	32	86	89	41	44	72	25	18	46	50	72	8	92	66	49	73	59	47	11	22	32	38	76	98	15	42	17	22	29	93	79	24	15	78	18	80	69	3	90	95	100	70	94	18	42	98	67	
75	100	81	38	66	6	87	85	69	92	6	52	50	64	80	62	28	47	4	21	36	94	60	6	49	50	82	50	10	5	2	62	84	62	44	48	20	71	35	94	25	77	97	66	64	69	51	51	3	69	3	75	77	73	64	74	9	8	35	50	
37	94	4	87	36	94	86	84	1	15	70	62	70	10	28	61	85	35	52	74	18	6	33	60	46	32	72	49	25	38	27	18	22	15	66	49	99	61	9	99	47	62	15	10	40	44	23	45	12	58	25	54	36	24	40	31	99	57	5	16	
84	88	14	83	37	82	48	49	30	73	34	89	69	100	99	14	64	17	66	1	90	62	88	100	13	81	21	21	40	6	98	10	91	50	38	81	35	65	56	78	52	60	37	49	92	81	19	41	33	82	88	86	42	40	59	83	70	43	96	33	
45	61	14	28	20	69	26	87	43	42	89	82	81	96	78	91	82	93	73	16	100	39	11	64	100	78	59	60	50	96	100	44	75	44	52	90	38	71	89	54	33	16	90	98	25	43	72	28	21	20	33	18	43	41	9	70	44	33	47	50	
65	7	94	73	66	38	21	71	37	66	96	5	90	95	68	24	61	40	20	84	1	46	73	88	40	18	75	84	99	61	53	26	16	23	55	13	28	95	93	39	42	40	67	73	77	46	35	44	21	11	10	86	89	88	67	21	27	20	21	60	
96	83	39	20	33	78	45	32	23	95	48	19	36	3	73	29	66	75	43	1	31	63	82	7	1	60	96	6	34	10	14	87	19	81	6	87	79	51	48	1	86	54	66	95	31	9	44	22	45	49	7	64	85	50	96	22	29	12	8	51	
55	35	8	68	89	9	94	71	71	6	2	37	66	52	30	70	36	96	22	4	43	4	21	57	98	11	31	84	46	86	23	59	77	57	73	76	45	49	75	78	27	87	29	27	89	1	29	9	49	51	8	70	3	4	7	95	51	62	89	53	
62	32	97	87	17	55	70	26	99	19	93	65	22	54	75	100	62	81	19	100	69	74	54	21	10	50	62	82	18	76	56	92	44	25	53	86	18	85	43	8	44	34	95	87	65	19	66	59	30	100	60	86	21	17	32	100	62	72	17	83	
70	67	69	10	25	8	88	61	84	59	59	82	83	5	30	50	50	39	87	81	23	2	16	35	23	80	34	56	70	99	74	18	100	68	24	86	91	59	35	43	19	1	68	53	100	82	54	86	11	20	5	85	12	64	86	8	90	79	71	80	
87	96	71	98	6	63	64	9	69	85	91	21	48	83	76	65	51	40	87	20	100	87	78	28	81	56	7	53	31	78	8	69	79	21	82	24	3	49	23	6	32	58	63	38	62	29	40	69	45	59	89	64	4	13	12	42	27	56	51	45	
16	57	29	63	89	71	85	56	75	4	19	82	63	18	26	31	46	43	72	90	29	15	23	89	67	84	72	34	21	30	94	49	12	12	6	5	73	3	61	9	99	94	89	12	26	37	55	60	79	77	36	59	32	48	54	56	29	70	70	17	
15	88	16	84	44	88	63	15	32	76	25	55	46	25	93	13	93	19	99	8	1	4	15	85	93	34	86	52	95	57	10	10	38	96	97	31	34	79	43	87	9	45	35	95	80	95	42	77	85	32	74	16	48	38	15	48	28	14	55	86	
91	47	11	78	65	92	56	94	65	26	43	54	60	4	77	49	98	78	34	67	29	45	100	83	17	17	22	67	33	58	37	89	80	23	83	21	48	75	82	64	81	90	47	27	21	4	12	28	55	32	19	24	70	92	68	62	67	19	17	38	
81	71	11	54	11	84	84	14	51	13	67	26	55	9	59	83	5	33	72	69	67	64	34	27	90	6	36	68	18	14	28	31	59	90	91	97	34	44	31	41	83	38	71	87	22	9	67	49	35	79	53	31	46	30	71	29	23	52	2	38	
19	12	38	87	27	85	27	53	24	2	88	27	64	82	57	47	42	25	14	19	48	26	26	99	33	2	74	57	45	28	63	64	77	11	17	57	62	90	40	86	86	70	10	36	24	41	63	64	7	12	98	97	55	58	97	80	63	100	70	48	
74	64	23	33	64	90	19	98	83	71	90	50	51	76	71	71	9	11	23	48	70	8	33	29	48	91	8	7	65	60	45	10	12	87	53	85	80	77	21	77	86	30	100	54	47	96	97	13	38	88	78	3	75	64	88	32	99	9	36	68	
30	34	1	90	35	92	63	54	86	79	87	96	48	29	36	1	62	26	33	49	43	64	72	26	64	48	19	65	21	24	33	42	10	22	95	80	29	73	63	29	69	58	28	3	56	34	32	81	13	38	47	4	37	68	85	1	7	76	33	61	
41	52	46	34	53	76	34	78	96	57	2	25	14	53	50	51	74	40	89	10	11	93	22	14	75	22	32	71	67	80	60	95	96	38	33	71	68	93	84	53	47	32	32	44	100	56	71	68	47	43	47	29	29	61	100	86	21	51	34	100	
5	76	46	13	68	92	84	38	58	87	23	20	71	90	72	50	63	72	100	53	93	3	49	66	1	99	71	36	92	80	47	14	39	92	28	3	51	92	28	10	55	87	57	29	3	87	16	28	75	87	33	83	51	80	9	76	57	44	48	53	
7	27	63	94	87	76	26	62	85	12	93	88	52	42	4	40	87	11	22	22	97	74	50	73	58	66	41	4	21	50	95	69	2	18	78	11	25	57	79	58	84	30	14	28	4	11	40	54	15	82	55	63	20	17	50	12	76	85	98	53	
On machine	2
43	19	64	19	90	68	55	27	56	41	85	34	78	17	97	77	27	37	95	79	88	52	15	12	28	53	55	100	68	61	100	48	37	2	27	48	62	32	100	62	16	58	86	43	74	80	44	7	66	46	16	62	53	41	6	80	38	96	39	72	
14	83	75	72	46	66	7	44	86	60	15	93	29	14	51	8	89	25	36	80	24	13	34	27	34	98	100	76	57	16	27	72	7	37	14	66	7	61	81	30	79	3	9	88	88	35	68	94	18	55	85	81	37	61	74	36	36	41	40	27	
53	23	35	22	10	12	18	62	83	50	81	6	96	9	94	38	76	59	8	40	69	74	39	21	34	64	8	59	38	83	39	22	95	87	58	79	7	93	88	15	66	49	91	81	41	94	81	24	37	8	65	95	94	82	17	34	69	9	95	8	
1	41	81	37	38	83	54	46	55	30	25	38	45	86	47	35	30	70	92	85	11	53	85	43	58	15	77	76	97	68	85	32	59	25	50	39	6	74	25	60	21	9	40	98	66	73	72	55	56	85	77	54	3	45	65	47	100	37	9	64	
27	25	8	26	98	49	2	88	80	6	64	72	89	13	8	92	44	70	75	74	90	15	61	82	41	58	61	8	77	84	10	38	37	16	85	87	41	24	28	33	39	38	51	4	16	53	76	3	48	21	88	91	49	72	40	14	15	71	41	1	
16	84	12	57	62	94	56	91	65	26	25	14	19	78	17	16	73	47	61	40	44	50	59	19	91	65	73	54	79	20	1	11	29	2	46	45	98	89	13	49	81	30	89	63	56	50	48	13	8	6	51	34	95	66	24	74	58	68	62	25	
48	53	48	93	36	32	22	80	38	50	36	18	53	78	24	30	11	62	14	7	14	42	66	10	89	91	70	15	98	90	77	80	63	2	15	12	38	4	78	27	1	41	88	25	54	45	98	98	7	70	40	13	97	67	34	80	79	98	43	75	
73	4	23	22	62	47	22	40	42	76	59	81	72	79	22	39	66	67	86	1	61	78	38	92	40	21	50	15	8	40	69	25	57	48	44	84	43	17	5	88	72	10	45	24	57	54	10	72	20	52	2	32	87	39	72	75	68	16	48	44	
52	55	29	77	2	60	16	89	34	22	88	76	29	28	56	28	62	16	12	39	89	68	88	6	91	23	25	35	23	24	94	18	80	29	58	57	2	43	90	14	90	91	14	97	88	88	7	26	54	88	4	96	59	20	65	67	45	47	35	20	
88	53	61	14	55	61	14	23	67	64	84	63	91	33	48	19	9	81	27	6	94	45	49	12	25	74	16	13	76	48	92	17	91	75	24	31	33	70	99	43	49	93	52	95	85	38	74	50	24	26	72	11	69	49	69	91	63	31	35	30	
76	4	73	54	73	27	61	94	3	54	78	94	42	97	87	94	9	16	60	4	46	13	74	46	31	3	30	80	94	91	44	66	1	85	6	1	53	47	54	51	80	96	63	60	92	8	49	37	98	53	98	40	67	93	65	2	93	67	25	64	
45	87	77	26	63	2	42	99	92	37	20	73	4	92	90	96	18	90	69	88	80	91	95	84	21	86	81	32	58	9	97	71	96	81	64	33	7	18	19	67	32	31	15	57	79	54	43	34	17	7	49	2	79	17	49	8	22	76	61	44	
98	17	44	4	32	71	5	76	69	79	23	94	27	63	27	22	74	78	97	48	67	55	59	28	48	98	74	90	61	11	46	33	73	95	80	3	52	20	10	63	83	12	63	47	40	99	83	77	80	8	77	47	55	94	4	2	98	88	7	15	
42	76	84	91	76	27	10	85	100	19	85	57	75	29	71	28	80	5	49	93	54	36	31	54	46	88	64	51	74	54	36	9	14	17	55	63	58	81	22	74	65	98	76	51	68	86	26	85	34	12	55	59	10	38	23	27	86	94	82	27	
75	48	36	4	36	47	42	21	36	5	28	33	46	80	97	24	79	59	30	39	66	80	74	58	95	39	9	34	62	70	12	7	65	66	69	8	77	78	71	92	48	35	20	67	87	25	1	13	51	36	73	82	89	5	78	31	14	77	56	16	
42	41	4	91	40	24	17	68	87	91	96	93	100	16	49	55	44	89	39	82	60	93	60	17	22	82	43	74	69	9	94	57	71	64	15	34	17	87	13	72	60	92	46	67	92	10	84	82	86	28	5	82	70	82	55	17	97	5	80	6	
87	72	33	12	72	25	37	53	47	97	45	49	36	27	85	47	46	31	45	7	24	62	25	89	82	7	38	65	94	98	6	76	60	52	38	78	81	82	66	52	7	19	20	3	29	3	81	57	20	73	8	99	83	47	64	5	83	21	8	86	
2	19	73	15	41	19	61	58	75	86	33	57	31	61	68	41	37	59	69	76	30	14	1	98	98	35	54	51	93	58	87	8	20	57	69	52	9	92	37	65	81	88	8	59	57	84	99	84	63	37	90	45	18	45	71	19	13	10	99	78	
61	4	81	70	28	68	54	34	72	34	95	50	99	42	61	32	45	94	82	87	60	8	21	23	58	73	87	19	56	57	6	23	58	89	51	16	15	9	19	6	66	31	76	6	77	31	1	45	49	85	37	83	91	40	7	31	49	56	1	25	
96	58	85	85	24	63	77	100	84	62	34	96	56	14	46	1	8	35	71	53	87	27	67	11	28	73	67	44	56	69	89	10	12	62	46	82	24	56	90	11	48	84	29	27	69	63	85	38	95	70	89	9	39	10	70	52	92	6	84	31	
34	64	11	49	32	18	42	90	49	82	12	88	29	24	9	12	26	74	67	2	19	84	69	16	11	5	56	58	45	42	49	15	99	45	79	95	93	37	57	46	87	36	13	100	33	32	50	86	74	91	14	80	39	21	1	71	5	64	90	92	
30	14	19	13	67	32	92	40	10	98	78	42	55	94	54	66	40	26	59	10	57	10	36	69	95	93	39	29	84	23	92	55	32	19	90	29	11	61	39	83	43	79	67	25	96	83	79	72	72	53	85	3	47	39	63	36	67	12	44	67	
73	65	34	54	17	89	62	94	34	16	92	97	65	91	82	4	82	81	87	46	71	93	13	38	45	70	76	94	52	87	47	21	59	24	8	42	60	20	35	61	33	62	43	29	91	73	24	42	13	43	64	29	84	93	93	82	78	11	10	58	
53	92	82	50	54	51	57	74	17	77	80	41	67	81	71	68	49	71	61	60	18	77	80	29	36	31	49	93	71	19	91	89	54	68	15	2	2	43	82	47	85	86	6	35	56	6	42	9	11	88	29	2	20	72	60	29	34	86	7	80	
70	32	25	51	52	56	55	87	72	10	31	1	75	41	89	2	80	82	74	21	30	32	3	39	4	98	16	58	58	98	98	17	25	72	9	51	18	26	10	35	99	85	44	47	43	32	13	27	20	71	72	47	1	7	60	95	48	44	12	11	
4	79	85	32	44	73	55	34	4	84	92	66	40	12	45	37	22	89	58	13	43	51	96	4	97	17	49	23	94	10	63	65	13	2	37	76	25	25	35	23	75	65	84	93	85	52	77	100	91	30	79	62	17	16	21	16	36	31	51	95	
10	17	11	64	32	73	94	26	34	58	100	11	2	72	3	87	16	11	37	68	38	17	34	91	2	8	81	50	17	51	21	10	94	31	74	63	26	97	95	82	63	58	60	1	5	7	6	73	45	50	41	17	32	33	81	14	55	86	90	75	
45	10	82	25	4	34	65	58	33	46	90	35	62	92	41	34	17	1	83	3	42	10	61	93	83	2	85	35	60	22	57	74	42	9	25	84	60	24	80	51	39	25	21	97	49	72	24	30	77	22	62	52	45	14	53	23	54	76	9	77	
59	39	2	64	71	78	15	90	44	51	34	83	8	68	9	77	99	30	77	8	5	34	41	85	82	97	24	33	74	7	27	61	62	43	69	8	76	83	84	39	98	10	33	41	78	77	74	35	49	46	19	37	1	33	86	89	7	85	40	27	
61	79	73	27	36	53	89	7	10	86	68	48	94	44	63	78	39	18	8	26	98	80	24	20	74	83	3	81	74	77	15	18	38	8	92	38	10	73	80	37	72	17	39	93	62	83	1	97	87	25	3	91	74	76	18	2	79	12	98	96	
62	93	18	58	10	10	96	18	10	56	8	13	38	2	4	5	100	38	43	32	28	29	22	1	29	62	14	70	81	80	47	31	48	1	37	70	55	33	1	48	87	100	66	91	96	3	44	9	27	65	68	31	20	93	66	45	16	46	12	85	
90	80	32	2	99	85	47	23	3	58	55	96	22	90	93	36	15	11	71	84	28	72	82	15	26	47	39	7	46	84	64	15	64	70	36	84	79	9	46	89	22	95	49	25	25	22	55	20	39	50	73	35	13	51	3	44	91	22	45	26	
91	85	41	67	3	7	42	14	48	21	12	83	62	89	40	52	31	81	98	55	54	44	2	57	57	74	8	85	66	42	96	98	52	35	36	89	49	16	43	79	27	53	46	93	17	53	56	53	40	93	60	91	98	49	81	4	93	61	89	15	
55	35	3	12	92	40	61	6	28	83	95	28	31	81	72	80	27	25	93	95	77	40	59	23	82	21	8	17	19	17	62	13	98	93	15	80	67	54	16	14	76	66	29	64	37	69	61	48	6	51	87	98	65	48	7	85	63	44	77	30	
58	92	94	72	88	40	85	1	98	11	49	84	35	48	43	20	47	62	43	40	16	70	73	47	52	95	30	17	43	74	89	67	94	91	39	88	24	32	66	72	96	29	68	93	31	48	39	12	31	14	96	41	33	85	25	78	83	71	43	69	
68	27	48	11	76	63	3	32	51	26	85	73	37	10	60	61	36	52	22	19	17	39	21	74	3	6	21	86	29	86	13	26	98	56	93	99	79	6	79	48	59	76	37	47	26	69	6	79	92	43	100	73	91	91	38	72	60	100	38	92	
26	31	61	23	99	7	33	94	7	70	15	90	50	67	85	22	90	70	2	47	29	37	85	99	39	44	18	74	75	39	27	71	34	10	27	93	89	66	17	17	89	86	42	15	72	88	98	23	25	93	32	74	14	82	57	49	41	52	59	93	
69	23	74	24	10	47	7	15	60	11	91	80	20	65	82	26	47	21	12	94	83	70	32	40	32	90	99	27	67	21	35	49	37	20	1	42	73	42	44	7	14	56	75	14	88	5	73	28	45	52	3	74	81	9	93	32	37	9	32	27	
55	70	47	5	55	30	1	74	36	19	7	61	1	11	59	48	74	49	72	72	82	28	46	20	62	74	24	15	40	83	16	40	68	67	15	94	75	53	2	92	6	10	48	42	49	58	34	29	88	57	95	44	80	64	23	19	31	73	21	24	
18	56	75	76	31	64	43	91	98	86	36	59	19	67	75	26	60	4	95	30	5	69	69	8	13	10	16	12	23	98	68	4	69	37	73	35	95	61	23	49	63	91	71	96	71	22	44	24	20	24	39	82	22	13	84	33	28	77	46	31	
30	89	33	71	64	68	41	46	8	38	66	55	94	97	78	14	91	92	71	25	88	28	70	74	69	93	42	31	18	9	1	99	76	39	71	16	19	90	53	57	46	95	5	42	88	69	66	46	30	7	51	92	73	55	23	49	69	33	68	17	
54	18	8	96	46	50	60	39	63	44	11	75	82	12	24	14	56	29	12	19	68	13	73	26	90	45	8	12	6	37	74	20	20	48	97	27	19	44	26	14	71	32	60	65	11	85	59	82	86	7	61	50	86	40	73	71	35	2	67	87	
61	57	56	3	76	39	66	52	67	91	18	18	91	60	43	15	94	91	70	34	47	25	68	11	19	98	43	10	48	31	81	25	73	66	65	75	95	67	16	59	95	45	3	42	88	99	78	4	53	92	64	95	82	41	16	1	67	81	27	35	
50	66	34	67	79	46	39	80	28	4	87	22	30	4	39	11	37	16	15	68	6	61	74	1	47	78	64	72	91	99	24	43	68	76	14	44	73	99	68	41	4	91	55	8	32	22	96	96	54	13	43	100	61	27	84	59	11	24	5	6	
46	43	20	74	47	61	40	13	17	39	61	50	61	62	95	75	21	62	71	71	39	57	54	52	92	60	62	50	53	66	35	36	16	84	81	7	1	90	10	85	31	100	82	80	85	58	25	35	78	40	44	52	1	80	8	31	1	54	100	66	
29	26	86	57	14	16	68	63	100	93	50	65	93	60	14	39	8	12	59	97	79	52	83	33	91	14	37	70	48	76	37	66	75	19	29	19	78	6	88	70	84	100	61	13	49	85	27	10	68	26	54	89	94	77	72	75	42	55	40	24	
91	49	7	90	72	65	1	30	79	78	75	94	7	41	11	80	2	86	75	18	19	2	33	30	89	14	86	52	97	31	90	42	48	11	88	15	79	81	47	55	10	32	43	78	35	14	39	75	53	23	35	59	93	70	58	97	91	36	86	76	
44	74	59	91	66	45	53	93	65	13	9	18	65	56	61	72	44	9	87	29	61	39	35	8	96	96	23	25	88	4	17	99	47	8	91	100	54	87	54	83	76	10	3	62	95	15	21	33	56	24	33	35	14	28	90	41	50	79	30	39	
97	94	76	48	87	94	66	57	47	85	34	18	43	52	83	59	80	27	31	56	5	14	26	4	97	97	38	47	54	79	81	55	97	62	86	91	83	22	67	1	41	39	55	38	31	20	67	39	97	89	87	82	34	39	18	9	52	34	29	86	
85	60	16	12	93	49	18	37	3	85	48	1	64	65	31	58	94	56	17	15	49	50	36	54	68	23	61	77	57	16	8	93	30	82	45	6	19	77	63	34	60	72	95	12	69	23	63	30	23	38	23	2	68	40	15	25	6	86	14	61	
44	25	35	9	21	37	46	27	5	83	34	5	9	38	5	83	71	29	7	19	90	8	50	62	79	36	12	22	60	52	71	5	76	2	58	49	70	85	69	84	75	88	95	47	18	2	69	17	15	44	2	29	80	76	33	19	5	35	3	78	
54	41	62	8	9	99	76	38	34	50	32	48	47	27	66	63	68	54	89	79	3	42	42	99	20	12	10	54	62	12	48	69	25	37	88	95	63	17	11	40	12	88	24	8	67	51	82	66	82	76	31	20	37	84	9	50	82	26	51	7	
27	26	94	74	52	60	84	45	87	6	69	90	17	55	36	19	47	94	68	7	96	90	36	85	45	47	100	5	86	89	1	37	71	87	10	50	91	95	60	35	20	100	11	68	71	40	98	19	85	71	5	11	91	43	76	74	81	54	71	29	
93	69	8	33	30	50	16	28	15	88	54	56	66	45	49	59	77	61	72	72	15	82	87	14	58	51	99	78	31	8	61	29	78	38	20	2	33	23	20	9	3	25	83	65	90	75	82	23	48	40	27	35	96	38	30	87	1	30	49	46	
39	35	96	18	26	32	88	13	67	58	50	72	15	84	95	38	19	69	32	27	42	91	35	52	49	5	40	46	100	92	45	85	79	70	22	16	68	15	38	90	52	27	50	34	88	47	42	10	73	18	69	12	93	68	68	94	89	26	39	13	
52	17	8	56	21	32	4	18	44	23	92	48	100	50	19	23	37	56	12	5	68	72	54	26	84	17	70	22	92	30	5	49	24	17	94	83	92	27	62	25	42	88	47	59	88	95	14	2	90	93	64	41	49	22	31	56	40	24	88	20	
98	23	32	25	69	69	31	41	85	2	68	80	59	74	35	88	83	46	39	79	84	65	96	23	87	76	31	98	31	32	39	94	8	34	5	51	77	15	15	98	87	93	14	32	38	78	23	19	82	3	86	68	70	48	34	50	83	58	8	25	
73	57	43	79	81	67	23	11	90	64	45	83	10	80	75	4	67	94	85	99	11	15	34	90	8	17	50	40	64	44	100	13	92	74	56	97	73	82	12	62	24	25	58	44	98	95	20	29	79	51	91	61	24	44	85	8	71	46	14	41	
54	54	96	77	26	97	38	29	5	16	46	40	73	100	95	20	88	86	65	10	17	78	90	32	37	39	53	56	77	6	1	54	37	60	76	46	58	1	16	46	52	91	86	80	79	99	93	44	79	82	82	93	70	97	26	61	24	29	79	10	
89	37	86	39	94	83	36	51	49	63	91	40	90	9	48	31	26	56	71	71	63	93	59	31	36	70	50	88	91	24	55	23	80	76	86	79	96	57	27	65	37	21	31	1	56	56	100	80	8	77	40	46	29	12	43	50	61	52	52	44	
On machine	3
38	18	56	19	68	57	81	83	16	35	55	68	8	16	76	35	77	34	29	56	3	97	87	5	60	52	95	86	36	98	18	50	91	86	84	61	16	49	95	14	80	18	74	47	58	88	66	42	45	26	77	26	26	15	65	75	1	67	35	10	
62	98	77	17	40	19	53	22	100	20	47	29	50	20	61	98	90	41	13	47	81	64	38	67	78	33	2	72	90	67	63	75	18	7	25	50	68	27	36	49	73	71	67	7	78	75	80	58	92	12	96	65	100	63	25	63	66	50	22	42	
29	74	71	1	92	9	94	40	56	29	89	63	66	64	49	17	46	30	14	67	92	35	4	2	42	89	74	69	10	30	92	78	13	94	66	51	56	24	87	40	75	65	56	55	87	65	26	54	28	80	65	44	67	48	53	51	47	85	68	18	
75	69	46	7	99	46	14	61	55	36	78	21	93	23	32	62	25	36	34	72	31	71	23	78	68	81	71	34	12	47	85	81	35	99	86	6	38	1	29	12	16	61	73	52	6	3	71	27	43	75	44	8	88	98	97	37	91	4	49	27	
100	19	47	3	16	80	21	82	10	45	12	88	8	47	85	53	7	93	39	32	53	41	34	64	90	69	47	88	80	12	85	34	64	30	3	71	14	73	27	93	92	77	87	80	78	79	98	71	15	25	93	98	44	93	78	96	61	44	24	47	
56	37	13	42	87	50	85	46	8	68	84	59	51	49	61	89	54	31	59	43	43	84	8	91	15	25	61	52	49	31	30	67	51	74	34	3	81	40	45	95	18	94	75	58	51	93	64	55	4	20	94	64	65	68	82	83	42	28	67	34	
3	86	51	8	39	85	56	22	86	72	22	59	12	8	53	19	52	89	42	56	13	23	25	51	56	22	29	85	17	58	84	73	26	49	64	5	10	33	54	31	3	35	41	22	71	96	74	100	75	2	64	19	40	82	13	79	9	47	19	82	
73	39	67	55	55	8	61	67	63	42	42	49	27	67	82	39	14	84	30	85	67	42	50	2	25	75	22	49	54	85	6	70	57	91	13	21	17	31	58	41	11	72	34	89	82	22	9	39	45	58	17	10	40	6	75	10	17	8	87	52	
10	34	31	12	58	34	18	38	4	7	54	52	72	47	83	18	21	66	74	61	77	4	35	70	31	70	33	50	43	23	78	34	61	32	21	84	11	56	82	98	68	2	71	64	84	56	77	97	23	21	49	50	65	9	15	53	7	27	38	43	
79	27	33	32	83	77	94	4	64	42	9	83	90	34	15	12	59	89	8	41	96	18	21	90	81	88	66	100	97	19	55	44	73	55	65	76	85	8	48	89	73	74	39	30	45	69	79	76	84	67	71	59	45	41	71	40	37	27	28	15	
19	4	72	54	90	13	18	86	99	49	4	6	43	1	47	70	69	89	11	9	63	43	63	15	64	85	63	100	26	9	13	21	95	52	29	44	70	72	44	37	51	4	38	56	21	8	14	89	27	24	42	71	8	3	53	64	84	68	13	79	
51	46	100	67	36	21	17	95	31	32	26	98	35	64	74	86	99	73	20	31	46	88	94	93	12	65	11	18	22	49	25	57	61	54	43	92	15	14	17	27	71	61	22	25	34	31	27	78	82	46	21	65	78	76	69	84	42	79	77	83	
96	76	54	21	15	77	92	25	67	51	61	99	97	91	22	1	29	93	62	24	85	33	37	15	75	32	96	92	46	95	29	48	81	9	45	36	85	95	40	89	56	99	1	16	29	91	23	30	58	84	36	93	68	52	59	64	14	47	87	72	
85	96	81	36	50	88	94	37	51	85	47	61	39	12	9	85	100	55	57	77	60	21	50	89	36	42	84	85	98	67	5	20	25	25	14	17	1	10	17	1	10	21	8	9	2	89	45	91	85	48	23	30	96	4	99	27	39	79	8	77	
64	47	36	73	53	32	52	27	32	45	50	12	33	12	57	92	28	78	84	21	73	98	63	64	28	81	30	96	72	71	35	25	3	95	86	75	26	28	47	87	31	50	12	29	36	35	64	27	90	44	27	8	26	2	15	48	75	53	6	55	
72	93	69	9	75	68	44	9	82	89	95	45	80	66	17	84	16	60	2	21	94	33	90	23	58	18	24	42	17	62	80	41	93	83	81	64	28	68	90	36	72	27	55	72	62	79	91	82	80	93	79	71	3	42	45	79	57	40	6	93	
67	6	24	66	30	13	53	50	11	16	88	87	89	82	29	29	82	59	47	71	76	72	7	100	13	83	16	96	21	91	41	77	60	95	30	45	56	53	95	85	31	48	53	35	39	62	51	67	9	92	56	39	37	67	69	85	77	81	46	65	
64	62	52	91	96	91	42	34	21	4	92	74	88	17	91	60	41	7	26	63	72	12	72	12	2	13	51	97	46	46	32	87	73	11	96	55	72	1	23	2	91	38	63	51	15	21	92	85	20	58	29	84	99	38	1	61	91	77	71	97	
64	71	26	5	53	57	65	16	39	84	27	85	42	19	34	4	35	46	65	2	54	49	74	87	40	65	72	60	33	61	58	1	36	29	96	100	79	56	55	43	85	14	56	98	57	16	95	13	36	86	74	48	58	53	71	20	45	79	33	25	
39	96	4	16	97	43	34	28	11	60	34	27	86	46	67	26	36	91	44	13	67	59	34	67	28	39	9	22	21	75	16	49	61	14	40	43	75	16	80	52	18	21	38	89	83	20	3	64	19	78	79	32	35	60	83	74	9	41	72	21	
9	33	9	96	63	79	36	37	95	6	97	76	78	91	2	100	11	88	30	13	63	71	36	23	12	32	75	62	16	25	52	39	4	81	83	69	90	19	58	79	8	48	2	77	18	50	7	61	99	86	62	49	31	68	21	94	99	73	87	27	
49	26	77	17	34	95	67	49	29	30	51	5	94	26	63	75	7	50	61	60	38	34	4	55	67	28	8	8	55	58	47	8	17	39	42	58	23	3	42	55	13	5	23	10	94	8	4	61	27	71	48	76	48	64	44	88	27	10	11	26	
68	11	38	17	39	98	48	20	52	14	69	48	52	38	53	78	10	78	96	36	37	93	52	14	9	28	58	43	44	8	76	59	22	8	94	75	15	98	31	51	32	50	71	28	68	18	59	86	9	36	5	71	73	97	60	1	98	91	10	93	
61	81	56	12	30	73	69	78	53	67	31	92	71	52	19	70	29	74	59	2	80	94	77	83	88	57	97	22	82	99	47	49	71	17	2	81	31	10	72	57	42	65	92	39	70	9	72	23	13	56	78	13	45	84	13	92	5	19	59	52	
29	50	70	32	37	72	76	17	26	7	31	21	49	20	57	47	24	59	75	10	42	26	40	36	87	18	1	61	64	25	42	92	64	22	71	65	75	2	36	96	77	37	94	21	19	56	43	93	90	88	60	27	20	66	41	74	14	24	48	91	
50	17	14	98	42	77	22	53	5	27	79	19	11	50	60	46	71	65	2	80	86	98	11	80	57	98	80	92	67	79	16	61	90	1	10	49	79	57	51	68	100	99	41	46	9	47	51	92	9	71	90	33	94	75	99	79	47	9	59	74	
9	9	83	20	56	51	39	85	20	24	41	57	3	71	90	88	21	81	5	98	77	95	99	3	21	18	18	8	89	14	48	31	4	56	50	27	33	38	78	36	36	49	57	77	75	25	65	86	22	82	51	40	32	23	20	31	4	42	74	28	
100	99	56	95	73	10	5	47	51	34	36	51	95	92	55	91	82	46	12	36	16	68	69	7	9	12	23	49	74	13	68	7	3	11	95	28	67	45	20	19	17	39	100	77	26	56	43	4	74	15	73	57	31	34	22	23	20	79	38	76	
23	46	47	16	2	66	12	75	98	47	54	56	16	25	21	12	83	99	45	23	79	78	1	93	64	59	100	55	58	10	6	93	72	69	53	3	14	44	57	79	7	22	20	46	46	24	54	48	89	56	77	69	63	17	80	13	3	9	73	44	
58	87	31	3	3	26	5	58	61	57	52	34	29	25	50	48	14	36	92	66	85	15	70	34	44	42	65	77	26	91	2	6	68	28	24	67	95	13	14	42	17	17	54	28	92	88	64	67	41	93	31	6	49	76	45	17	50	67	50	64	
79	33	63	28	13	79	35	68	17	38	9	94	66	69	55	38	57	63	34	42	89	27	35	31	16	24	42	90	83	99	61	51	69	43	23	38	96	23	10	15	71	94	74	88	67	87	18	67	74	50	84	26	72	3	40	61	82	25	53	3	
29	82	63	65	29	13	68	9	1	72	38	75	84	55	76	8	24	80	13	41	26	65	93	6	74	79	49	42	40	28	89	41	47	24	92	95	86	83	68	17	52	70	75	69	12	10	41	15	57	89	38	41	54	72	58	47	29	52	71	71	
45	98	84	35	78	97	20	20	64	9	80	13	90	61	12	45	40	32	7	73	59	88	2	78	64	19	31	56	79	51	50	79	77	45	56	19	5	41	50	77	47	27	84	22	62	57	47	6	47	7	71	21	37	15	81	45	51	34	84	42	
16	98	34	80	13	3	10	37	24	28	31	90	48	93	76	11	65	98	10	49	73	9	81	40	43	72	87	69	11	62	73	61	70	87	39	78	24	78	38	6	75	94	8	42	42	76	7	85	34	92	6	57	87	52	73	17	6	33	99	24	
33	97	41	4	87	41	52	42	42	68	83	50	79	43	98	78	29	26	15	92	57	79	71	75	20	74	98	13	1	97	7	14	64	80	53	40	91	48	31	24	64	11	11	68	63	75	20	25	10	45	22	19	94	31	81	34	96	57	2	31	
12	99	29	100	16	40	93	76	48	99	2	3	9	69	40	64	3	58	33	40	72	47	73	26	18	21	79	59	68	67	75	12	3	41	90	34	30	79	97	93	72	80	94	48	29	13	39	20	52	93	28	70	71	66	96	86	16	51	82	66	
83	87	34	8	19	54	85	23	5	91	21	83	86	10	6	86	37	67	100	22	41	42	2	52	56	48	74	39	16	22	75	26	53	45	43	42	11	2	48	64	37	79	41	5	27	9	44	34	72	3	99	30	79	7	87	46	2	23	13	68	
59	71	43	100	78	89	25	11	44	49	41	16	83	30	20	99	6	61	10	100	34	73	99	13	52	46	19	3	13	38	31	66	100	65	45	43	95	47	18	54	61	91	6	24	94	82	75	10	83	82	13	83	87	13	86	46	62	93	70	32	
22	17	73	97	67	35	40	64	27	95	16	16	50	24	81	91	50	86	6	22	62	20	1	3	56	11	26	78	16	71	15	64	56	39	35	32	5	47	59	66	99	93	32	84	11	41	42	14	27	10	69	94	56	24	54	77	60	99	44	33	
71	75	99	92	3	62	96	83	65	32	3	38	25	85	98	19	21	100	39	77	94	38	7	91	92	40	24	5	48	93	48	42	94	99	70	27	15	29	94	39	79	86	40	99	51	60	66	88	35	62	19	55	14	34	14	56	74	81	66	18	
58	94	1	42	93	66	48	42	69	60	15	60	59	68	10	86	17	24	43	32	53	84	1	49	48	46	4	34	51	92	69	97	96	12	52	44	61	32	85	64	72	64	68	13	26	76	57	63	22	66	54	67	88	20	42	82	15	6	46	49	
50	47	97	21	62	48	70	37	28	21	73	46	25	27	81	39	11	1	24	85	30	59	43	16	95	28	2	35	63	58	60	28	43	92	78	55	46	79	9	45	45	21	39	32	90	86	34	89	27	3	97	97	65	53	78	76	78	26	9	79	
4	31	21	8	15	33	48	55	38	99	78	35	65	84	12	21	93	93	62	52	29	39	26	66	12	54	7	18	14	4	94	79	75	35	23	64	25	12	42	36	86	86	4	15	26	66	96	70	18	53	51	60	17	99	31	53	49	77	70	51	
62	45	94	18	43	95	44	48	13	68	70	3	36	99	69	34	71	16	91	62	79	12	75	80	71	4	74	41	55	57	22	30	22	100	46	42	68	56	21	86	32	73	38	83	58	78	7	80	28	84	4	2	18	72	95	60	80	42	82	71	
63	76	44	12	79	55	60	16	7	5	38	40	9	62	95	97	55	46	71	84	66	55	81	53	7	47	55	17	47	70	86	7	7	33	32	65	87	57	44	66	11	17	3	18	20	73	88	20	20	45	37	15	32	78	64	68	72	3	90	47	
16	2	19	4	10	40	2	96	53	54	48	8	24	46	7	1	81	9	39	21	12	62	65	85	18	31	70	91	79	83	86	81	80	60	53	43	29	61	58	86	22	94	22	81	55	63	31	41	25	70	2	91	47	1	66	77	97	96	19	57	
12	18	81	60	42	58	96	91	11	8	23	22	56	89	87	82	71	87	39	65	27	89	71	43	37	82	41	51	16	84	66	90	53	18	36	100	82	82	23	77	100	41	74	69	26	84	68	31	68	88	19	9	72	64	72	53	27	5	79	72	
67	6	37	8	48	78	27	88	25	11	16	84	68	36	75	94	81	89	54	71	6	17	75	83	58	60	5	80	84	22	82	16	59	40	26	16	68	70	21	20	10	92	25	89	48	85	74	10	47	13	80	6	2	74	99	69	64	41	4	81	
5	66	78	26	71	93	98	13	14	22	4	33	17	39	3	56	35	97	39	33	98	100	76	29	39	7	34	91	7	36	75	31	16	19	13	27	67	41	21	85	12	38	78	39	6	31	38	76	86	94	61	54	18	55	80	88	26	48	13	46	
21	71	60	67	4	78	17	46	19	24	66	76	89	42	36	89	82	12	57	61	83	13	82	73	33	52	62	90	98	77	88	5	49	76	33	80	50	92	79	20	44	14	75	91	26	38	90	72	96	90	58	16	40	11	28	63	85	97	35	68	
55	23	63	81	15	41	10	19	64	19	67	56	37	83	90	22	5	47	68	23	41	9	3	69	65	90	84	36	26	92	74	9	25	64	62	62	84	92	9	59	85	73	41	7	75	67	60	20	97	71	57	15	56	41	29	39	24	36	81	15	
82	11	97	58	61	93	60	71	67	51	17	98	77	81	13	97	73	70	1	58	74	27	59	28	57	63	76	3	83	52	45	25	31	85	54	19	46	55	90	77	56	44	89	21	68	50	46	57	95	60	33	67	65	84	32	49	76	77	16	93	
33	17	46	38	56	18	2	19	92	72	100	55	83	58	86	10	83	74	26	92	17	38	80	4	29	24	17	6	18	88	96	100	27	1	13	61	90	41	97	74	72	86	30	54	61	13	72	65	38	24	87	17	92	2	33	48	18	13	14	36	
34	69	98	4	80	51	94	10	40	88	35	26	53	87	100	62	49	29	11	81	75	92	90	17	83	17	57	36	49	30	2	15	20	18	36	46	32	31	89	78	94	58	80	8	95	13	86	10	48	58	74	7	72	14	42	87	66	84	16	28	
29	6	55	26	53	41	35	54	24	53	18	61	48	47	99	75	59	19	19	66	73	16	99	87	60	78	9	28	30	29	14	43	98	51	91	26	52	68	82	47	86	45	20	98	47	83	29	41	28	72	80	11	12	55	28	16	72	20	73	16	
6	82	23	21	21	96	55	47	45	33	7	70	13	19	57	2	78	63	78	10	14	94	73	61	5	91	42	18	62	92	3	34	70	38	50	64	24	81	75	28	9	34	72	90	58	67	7	24	42	13	22	75	25	52	18	43	65	68	52	6	
53	62	23	71	11	57	8	25	66	66	66	13	99	37	11	32	7	97	2	93	14	58	9	24	34	94	58	90	19	71	80	84	90	78	77	90	96	30	45	55	92	59	98	91	79	1	26	80	3	2	96	77	50	58	86	96	68	20	55	9	
71	42	12	79	15	40	57	32	69	15	45	24	84	84	57	22	26	58	25	5	86	20	28	15	18	38	75	27	88	46	55	13	70	26	74	44	99	29	14	40	86	71	64	92	81	45	84	41	26	68	82	71	57	72	21	23	95	52	98	7	
81	1	95	58	43	68	92	87	74	75	49	67	16	18	57	12	51	30	43	21	50	55	12	99	11	99	56	27	40	90	80	81	95	95	27	39	95	10	63	39	33	56	86	72	2	12	54	28	55	11	46	13	71	47	62	1	72	51	65	20	
85	6	84	24	74	93	26	25	76	26	22	92	63	66	97	56	37	41	17	7	20	73	92	6	47	100	85	44	61	34	64	9	11	86	8	30	23	71	54	27	48	91	7	27	80	51	46	95	87	90	47	5	31	50	39	31	77	38	1	57	
On machine	4
89	63	24	4	8	17	22	51	41	22	89	61	18	44	56	48	97	2	44	68	35	9	47	72	98	28	57	26	41	18	37	88	64	5	39	89	47	83	95	100	56	20	100	53	35	23	14	50	85	58	28	100	70	83	91	46	67	5	75	100	
64	58	55	44	91	10	83	25	73	31	71	9	57	23	71	1	98	99	93	54	44	13	18	18	62	96	53	23	74	63	5	75	77	47	17	57	33	77	89	11	12	47	94	69	95	69	78	45	11	76	9	35	2	38	54	27	26	97	82	56	
49	64	78	43	96	38	60	16	50	18	41	89	67	46	44	97	50	16	44	30	94	86	81	94	52	21	64	70	54	64	26	56	86	58	84	3	46	13	20	33	62	29	6	4	55	72	72	64	27	99	50	12	44	33	99	54	9	34	28	100	
51	47	5	93	72	4	93	64	94	26	5	11	86	90	78	14	67	73	99	3	29	6	28	82	4	49	21	100	54	61	45	9	32	89	39	56	24	82	66	74	56	24	91	11	97	61	63	15	75	62	81	97	52	4	66	44	27	34	44	36	
94	38	68	28	89	1	87	95	85	15	79	19	57	54	93	16	36	18	26	7	27	45	14	27	20	11	32	76	76	17	64	57	33	49	69	97	62	61	79	18	27	49	31	98	100	66	92	3	2	85	51	69	52	35	26	61	54	62	54	55	
27	96	84	20	99	95	76	33	100	44	13	21	51	7	76	13	33	71	44	4	87	6	37	85	21	72	48	90	1	5	75	44	36	100	42	32	21	90	100	88	67	90	21	58	83	61	84	9	85	49	37	74	51	2	42	80	86	65	21	99	
70	5	28	37	100	90	12	98	50	31	75	58	97	75	77	76	49	36	80	69	26	76	31	93	43	11	8	86	40	52	82	27	64	8	29	6	98	92	39	9	34	99	83	77	12	3	88	41	33	2	40	86	39	96	21	35	42	23	96	42	
58	7	4	39	83	43	18	96	18	100	3	14	86	56	97	92	39	78	29	49	46	44	32	91	85	17	40	57	56	72	54	29	56	32	70	90	19	54	51	63	93	72	87	53	41	80	77	49	19	72	17	82	96	34	35	93	2	47	57	14	
54	12	18	66	99	65	95	25	29	38	71	30	2	98	81	57	31	97	66	76	70	21	100	13	87	89	91	35	9	26	9	15	31	77	75	50	94	9	62	48	60	33	43	66	33	1	71	14	21	85	62	3	22	93	34	45	48	43	86	42	
34	26	39	27	47	85	67	48	93	96	60	18	24	68	83	78	22	100	86	38	62	99	83	35	19	57	38	27	70	46	33	42	18	52	58	72	54	35	20	37	93	93	81	19	62	48	95	15	82	21	90	62	74	47	66	87	43	75	10	10	
41	28	60	34	44	74	81	66	1	7	15	33	68	34	53	28	73	64	3	1	69	47	47	81	1	52	67	44	29	48	8	96	10	39	18	31	44	94	25	82	64	33	20	27	9	50	72	41	53	87	15	31	85	30	60	45	84	20	66	1	
50	9	1	45	84	6	9	80	91	14	78	48	45	25	54	15	77	5	41	49	59	71	26	41	44	22	3	94	59	2	90	92	27	85	57	42	3	76	55	74	4	100	64	51	78	43	59	39	82	27	29	65	42	19	53	12	5	71	50	29	
52	38	25	93	93	3	47	63	31	43	33	44	15	18	42	100	90	67	25	40	47	13	76	93	50	51	32	60	36	62	46	38	89	77	37	21	60	29	49	39	29	82	71	95	33	2	46	30	1	89	1	9	4	53	62	60	55	99	51	44	
22	5	7	100	57	53	19	64	78	86	5	95	89	21	16	7	77	79	38	34	64	17	51	4	30	76	63	18	30	15	17	65	18	17	84	51	36	83	11	21	85	33	32	10	89	32	6	99	47	49	91	28	54	43	95	93	80	74	30	44	
70	63	96	62	33	10	99	89	67	99	76	29	24	64	14	57	11	7	27	32	52	36	9	83	80	40	72	49	23	36	84	70	36	59	98	16	77	61	42	95	89	50	32	99	16	66	39	96	26	18	88	73	47	72	3	95	8	62	7	92	
1	20	45	87	46	67	60	51	48	80	42	80	98	30	77	20	32	31	30	46	70	85	17	67	64	13	19	22	100	15	13	73	40	48	9	8	51	63	2	58	18	45	63	10	23	53	36	48	80	11	16	51	40	13	94	25	15	87	71	5	
48	17	19	93	8	38	68	40	60	79	99	9	1	95	4	41	83	13	49	86	20	62	93	44	91	20	18	40	57	50	12	15	2	38	80	19	15	80	90	12	11	56	77	82	27	37	3	22	62	20	43	74	53	69	61	17	44	75	47	75	
21	26	98	77	44	64	31	32	87	25	42	8	3	20	50	58	35	45	66	89	5	100	68	93	26	50	92	17	45	63	51	35	55	3	53	42	82	93	31	83	27	57	29	7	100	49	19	64	78	58	38	5	83	27	22	67	64	22	90	49	
68	14	59	96	48	38	72	84	18	44	57	97	16	60	59	42	55	29	4	30	83	12	31	91	96	92	62	91	69	70	66	45	53	78	15	13	35	81	53	99	50	45	73	10	45	49	44	4	19	70	77	64	90	11	61	86	73	35	28	70	
23	40	65	88	62	86	54	11	29	53	30	44	5	44	63	93	82	6	31	41	72	58	97	11	88	23	80	95	5	76	80	80	86	82	71	58	21	17	62	89	88	39	40	99	4	5	31	27	79	78	6	63	55	67	77	59	35	48	11	6	
76	19	29	71	92	6	4	56	53	33	9	56	14	90	58	31	62	72	32	3	93	78	19	96	34	80	18	67	46	54	79	70	98	52	44	6	59	26	16	74	7	13	24	27	22	53	62	37	87	5	11	14	31	16	63	96	8	33	69	39	
70	5	48	23	48	7	46	47	15	20	34	27	58	81	51	55	5	78	30	33	87	48	96	31	6	37	66	72	66	46	5	85	5	33	14	98	93	72	5	71	94	98	87	56	14	81	54	40	98	44	80	93	63	93	3	31	81	17	88	96	
62	83	17	18	62	2	12	47	98	43	13	21	50	67	39	56	39	69	20	81	85	98	98	52	6	80	36	65	28	97	64	91	43	60	16	65	61	73	16	13	21	5	52	22	10	71	26	52	98	53	86	59	91	54	40	64	8	34	50	59	
95	19	63	73	54	9	99	20	3	8	64	1	16	20	20	33	79	82	84	52	78	89	44	21	55	19	32	10	86	25	19	42	47	88	25	20	61	10	86	91	95	1	69	34	99	1	34	59	8	72	20	27	100	49	70	96	25	5	4	61	
19	74	73	56	55	45	26	57	67	59	13	87	61	10	43	61	12	13	66	75	93	13	48	69	7	17	32	47	97	88	22	77	47	86	61	81	71	25	10	43	29	1	72	32	34	61	6	58	25	99	76	66	74	9	46	95	7	66	10	83	
76	41	20	80	7	12	14	36	24	31	60	56	69	62	6	81	25	77	9	88	42	18	8	88	4	96	63	81	68	10	43	83	13	70	3	44	62	87	58	18	56	1	62	32	38	51	12	71	58	81	77	4	17	48	25	40	78	42	23	90	
91	87	20	100	37	48	14	1	68	29	31	95	86	34	2	32	80	29	75	9	2	95	2	21	12	44	81	95	72	16	45	11	31	43	85	98	86	79	31	12	82	1	94	42	43	98	73	72	68	66	28	12	99	6	48	72	74	49	42	32	
7	80	90	92	76	12	2	12	82	68	100	20	15	55	63	75	5	24	3	27	1	88	30	99	76	66	15	52	16	17	69	4	10	4	23	99	7	40	86	51	85	49	74	3	11	50	70	19	23	46	23	98	75	66	92	3	34	63	39	10	
45	55	37	38	61	82	74	31	67	25	75	98	37	92	41	18	6	36	35	6	30	91	67	4	14	87	73	60	55	45	23	89	61	15	12	39	45	80	11	2	60	10	23	78	24	95	57	87	69	40	65	7	1	92	37	62	71	21	58	81	
94	96	44	54	28	1	40	79	61	56	44	57	18	91	39	54	46	92	82	22	91	7	54	67	24	39	42	39	26	87	15	51	92	32	82	61	71	97	26	41	85	76	43	59	70	43	19	35	73	82	47	55	61	95	80	5	67	97	26	100	
17	85	32	29	59	1	85	21	41	40	94	49	42	31	58	33	71	60	79	97	31	60	85	13	30	13	75	18	71	22	100	61	50	99	52	16	57	16	37	39	87	76	84	1	95	45	67	26	38	49	18	95	15	24	32	76	74	17	61	38	
95	75	50	97	20	29	37	83	90	55	93	42	83	38	28	66	56	77	55	43	14	66	93	22	70	69	96	85	33	84	77	72	35	46	26	77	56	87	33	47	40	63	10	83	99	6	5	59	50	85	77	43	7	52	12	45	83	55	85	36	
76	100	78	4	8	24	53	24	76	5	9	28	1	85	84	37	3	81	52	30	7	24	59	15	85	25	3	9	22	42	78	52	98	70	45	24	33	98	55	51	62	95	85	21	13	64	11	69	86	37	25	7	78	50	91	35	77	58	46	25	
95	22	92	42	23	47	10	25	46	91	96	97	26	86	4	62	90	71	59	70	67	4	96	23	48	48	74	34	6	35	41	54	27	87	43	77	36	34	57	50	60	18	39	59	71	20	92	29	62	84	31	22	33	93	97	18	23	72	72	73	
60	61	43	91	17	26	23	14	84	82	89	40	66	69	54	21	65	58	95	39	69	6	1	26	25	27	71	43	46	39	25	31	52	82	25	41	78	93	88	4	75	57	68	14	100	27	47	94	100	41	14	83	93	76	79	48	17	16	55	51	
45	1	68	13	89	100	47	48	100	45	33	56	46	10	100	66	43	8	23	46	1	91	69	27	32	100	10	72	77	83	38	73	89	75	83	18	75	29	89	31	85	3	24	66	59	36	18	28	17	95	30	34	83	18	100	75	25	13	45	9	
31	68	57	46	57	7	12	63	43	35	50	51	45	49	27	57	45	53	6	41	97	2	79	42	94	41	66	8	61	83	2	92	37	59	75	13	77	79	72	28	84	29	84	39	6	37	47	73	21	20	99	85	60	44	56	41	38	31	12	82	
99	78	71	45	14	92	3	59	86	37	15	80	86	6	29	4	2	49	24	20	69	85	23	51	36	34	15	96	88	42	7	20	51	66	45	51	7	55	76	11	99	95	64	44	66	12	78	61	49	71	69	55	68	72	52	32	28	82	13	59	
4	9	32	94	1	43	84	82	90	48	79	67	8	95	45	35	67	38	43	31	5	13	96	65	23	62	51	100	84	65	10	41	76	84	62	46	82	42	20	67	33	23	20	100	22	83	84	62	61	96	56	78	40	93	87	92	32	9	68	29	
1	59	1	78	26	99	56	57	37	25	57	94	68	12	91	92	20	98	14	52	48	74	100	5	37	90	95	32	25	22	70	74	82	9	88	31	1	2	89	86	18	21	30	74	18	32	35	63	98	84	35	30	57	80	16	21	89	80	12	78	
90	57	51	57	12	17	73	80	78	93	62	63	26	95	48	8	39	45	22	8	96	13	87	71	43	2	28	45	67	43	61	42	45	55	49	11	85	60	29	100	23	52	59	60	4	1	55	88	43	100	66	32	99	57	9	80	27	80	80	70	
87	87	8	95	4	34	61	7	75	43	64	56	6	40	84	54	8	37	99	65	43	58	76	75	66	88	47	49	51	67	36	59	9	56	15	98	39	100	67	61	34	69	58	4	19	3	61	1	71	25	64	43	74	29	8	56	42	78	79	29	
94	65	80	21	42	22	19	38	20	3	71	27	56	41	26	18	17	66	33	92	4	23	69	55	72	43	73	31	42	27	90	25	53	91	15	67	1	25	92	56	9	13	92	99	51	29	54	73	48	42	97	28	31	54	40	89	62	39	37	2	
30	39	99	72	62	82	66	22	15	74	42	51	66	13	72	77	70	68	28	27	92	85	6	84	85	6	67	56	67	76	50	2	14	15	64	23	44	84	9	78	22	3	80	84	9	67	5	6	78	22	9	97	54	73	93	41	13	98	15	93	
3	28	49	49	15	17	43	57	87	31	40	70	44	49	55	67	20	58	4	70	82	27	88	26	1	92	17	90	39	52	15	59	18	86	26	95	96	15	33	47	71	2	42	43	77	85	52	39	74	84	5	24	70	10	99	11	29	84	53	60	
31	19	73	39	49	86	57	68	1	71	34	85	9	28	21	12	59	41	57	96	12	56	91	32	6	6	8	75	94	100	96	87	70	51	91	72	67	48	37	67	83	15	14	90	69	87	27	70	80	87	26	92	29	70	40	36	67	40	21	31	
49	11	63	18	47	97	46	59	1	76	20	4	73	41	45	2	49	74	41	12	68	54	57	68	85	70	42	45	8	77	76	18	74	3	22	2	67	71	18	88	6	90	72	92	15	47	2	23	47	65	55	79	33	41	76	63	72	49	10	14	
62	9	50	29	43	43	97	66	76	22	87	38	38	54	50	91	34	56	98	6	82	52	85	51	61	78	84	31	3	81	44	69	3	28	22	84	26	47	27	43	1	30	5	14	41	21	98	96	24	96	14	2	39	43	34	79	51	96	85	56	
93	59	64	10	58	63	46	58	86	15	10	72	79	8	27	75	28	21	43	12	68	22	67	81	61	94	55	24	48	23	19	11	78	19	41	46	56	100	4	15	15	95	24	2	60	66	10	42	66	35	35	50	19	28	80	35	24	45	24	89	
39	51	62	60	95	22	100	61	79	65	53	17	70	84	6	89	3	50	83	22	19	60	76	31	47	33	8	21	92	16	1	47	88	76	57	90	71	34	22	42	50	44	53	41	98	92	44	92	80	66	75	48	84	42	87	15	95	61	14	79	
66	79	34	81	75	54	90	46	98	77	68	54	1	95	32	94	8	16	9	15	44	24	21	44	80	75	76	33	88	33	59	44	65	19	59	16	89	45	11	63	61	53	93	100	12	100	89	70	38	32	31	36	85	30	92	25	23	1	38	61	
28	99	47	73	45	38	59	79	97	5	9	34	39	48	100	93	44	49	25	89	91	1	88	4	14	58	59	59	26	82	23	48	61	44	46	13	19	86	43	43	44	54	75	42	8	61	80	48	97	57	81	96	56	97	17	46	12	79	67	12	
24	25	29	50	47	20	95	5	62	29	71	88	20	17	39	28	73	7	10	62	17	8	63	91	94	10	34	23	77	65	96	33	21	86	77	94	53	44	72	44	42	49	91	29	96	44	31	24	61	20	22	67	98	18	47	65	86	46	15	46	
16	16	94	69	9	5	43	53	95	30	55	83	60	76	66	95	13	57	84	85	68	11	100	34	43	35	51	67	80	95	51	57	14	4	48	18	49	69	51	2	65	92	61	34	7	24	18	85	1	38	38	56	78	44	12	48	33	39	57	68	
46	60	55	80	2	61	47	72	88	84	16	62	100	76	74	64	71	88	85	40	58	73	33	40	44	31	49	28	95	10	87	1	90	61	28	41	20	87	84	12	43	2	71	57	83	96	85	65	37	80	60	75	35	8	44	98	41	32	20	71	
33	92	63	85	71	33	19	41	88	14	85	78	53	25	37	18	74	95	52	87	12	23	55	79	89	29	21	81	42	23	57	80	95	29	45	65	18	62	35	91	7	42	50	33	86	2	84	54	9	16	69	35	36	95	2	80	26	15	46	98	
78	65	40	32	78	97	99	9	14	79	35	72	16	32	49	29	42	1	72	12	9	69	1	76	41	55	84	17	26	10	4	80	77	28	41	10	53	5	56	44	7	100	30	75	71	46	84	80	78	70	83	45	65	61	84	28	60	7	42	31	
47	62	19	84	31	5	79	7	36	27	51	51	73	26	17	66	73	13	97	19	81	42	79	16	18	100	53	35	44	76	32	41	31	46	19	58	89	1	64	23	56	69	25	5	17	99	48	13	29	62	66	5	99	27	46	62	51	90	86	70	
82	32	34	40	25	40	63	37	98	2	26	61	20	69	54	71	70	52	95	97	95	15	3	88	77	23	90	90	28	71	25	57	16	60	76	59	58	20	52	86	98	46	78	70	12	33	49	68	25	93	82	38	72	98	30	40	18	72	35	53	
53	11	83	47	24	32	78	39	68	24	54	20	58	19	87	37	29	95	60	45	36	19	84	95	39	70	62	94	22	4	27	75	15	82	12	80	6	33	7	91	73	61	41	84	41	55	79	23	46	61	5	70	89	4	66	69	16	18	26	70	
