Factories	2
Families	20
Machines	4
SetupType	1

Number of Jobs in each Family
3	10	10	4	7	8	6	7	6	9	1	7	5	10	7	3	4	8	10	6	

Jobs in each Family
0	1	2	
3	4	5	6	7	8	9	10	11	12	
13	14	15	16	17	18	19	20	21	22	
23	24	25	26	
27	28	29	30	31	32	33	
34	35	36	37	38	39	40	41	
42	43	44	45	46	47	
48	49	50	51	52	53	54	
55	56	57	58	59	60	
61	62	63	64	65	66	67	68	69	
70	
71	72	73	74	75	76	77	
78	79	80	81	82	
83	84	85	86	87	88	89	90	91	92	
93	94	95	96	97	98	99	
100	101	102	
103	104	105	106	
107	108	109	110	111	112	113	114	
115	116	117	118	119	120	121	122	123	124	
125	126	127	128	129	130	

Total number of jobs
131

Processing times of jobs
3	6	6	4	
2	2	4	2	
4	1	7	5	
3	9	6	7	
4	9	8	6	
10	9	10	10	
3	1	9	6	
9	4	4	1	
5	3	5	9	
6	3	4	8	
6	5	4	4	
7	8	5	6	
5	1	1	9	
2	2	9	1	
4	6	1	8	
1	3	7	5	
6	1	1	4	
3	9	8	4	
5	9	2	8	
5	7	1	2	
5	6	5	4	
6	8	8	9	
9	10	2	2	
6	8	1	9	
4	3	9	8	
5	4	6	4	
8	4	6	7	
1	5	9	5	
8	5	10	4	
6	3	7	7	
8	5	1	1	
5	9	9	10	
6	7	2	1	
7	6	10	7	
7	9	1	10	
10	4	1	4	
9	4	7	6	
8	10	9	4	
5	9	8	6	
1	6	8	9	
4	3	4	3	
10	4	9	4	
1	8	3	1	
7	9	2	8	
5	2	10	9	
6	2	4	2	
5	2	9	10	
8	3	10	3	
3	7	9	5	
10	3	4	2	
1	5	10	1	
9	2	10	2	
7	2	7	10	
8	5	2	6	
3	4	6	10	
4	8	5	4	
8	7	1	9	
5	9	9	10	
3	7	7	1	
2	5	7	5	
9	4	3	8	
3	10	6	5	
10	7	6	8	
10	3	2	9	
9	3	5	2	
8	3	6	6	
8	1	4	4	
8	1	10	2	
3	5	8	6	
2	5	7	4	
1	4	10	9	
1	6	3	9	
10	1	4	3	
3	1	3	4	
3	5	5	9	
6	2	5	6	
4	7	5	2	
4	8	9	2	
8	1	9	2	
4	3	10	5	
6	8	6	5	
8	3	7	1	
4	2	1	6	
5	7	8	2	
9	3	8	5	
1	5	2	10	
3	1	2	2	
5	8	5	4	
5	10	7	7	
1	5	7	9	
10	4	10	10	
1	2	6	3	
4	7	9	4	
5	10	4	5	
7	5	1	4	
10	6	5	3	
7	7	9	5	
9	7	10	3	
5	3	7	3	
5	8	6	9	
8	10	1	4	
5	1	3	7	
3	3	6	1	
1	5	7	9	
6	3	3	10	
10	7	5	6	
6	7	4	6	
2	3	4	3	
10	7	10	2	
2	9	3	9	
7	5	7	10	
6	3	1	7	
9	10	1	4	
1	4	9	7	
8	10	1	9	
10	5	10	4	
10	1	8	3	
3	2	2	9	
4	3	2	1	
9	4	1	2	
5	10	3	4	
7	10	7	7	
5	2	3	3	
4	2	10	9	
9	5	2	10	
8	1	8	3	
1	5	6	5	
10	6	1	6	
6	9	4	8	
7	2	8	6	
2	3	4	5	

Stepup times between Families, where [f][f] represents initial setup time
On machine	1
11	4	12	9	12	7	4	18	11	3	3	4	6	2	4	12	15	18	20	12	
18	9	13	17	13	19	3	3	13	6	10	3	3	16	15	7	11	14	2	8	
8	10	15	5	7	14	19	3	4	11	17	1	7	5	6	8	19	5	14	14	
9	3	16	12	19	18	20	4	11	8	7	14	9	10	15	9	7	10	15	16	
20	15	12	16	15	19	13	3	15	4	5	7	3	17	8	18	10	17	11	4	
18	8	11	11	20	9	2	15	18	20	12	18	16	17	1	14	16	13	12	17	
7	3	4	7	11	9	12	18	20	19	4	18	3	20	13	16	12	13	6	5	
6	7	17	6	11	17	8	6	6	1	1	18	13	9	6	1	10	1	13	4	
13	15	3	3	19	7	15	8	18	5	13	7	13	15	11	8	13	7	9	17	
3	17	8	19	16	4	16	18	11	19	18	7	2	13	19	18	20	6	11	12	
9	4	8	3	18	17	3	15	6	11	7	7	9	19	15	16	5	7	2	5	
18	17	17	4	14	5	5	8	13	11	18	12	17	20	19	14	1	11	11	3	
7	13	11	19	20	17	20	4	3	2	20	4	20	13	12	18	10	11	1	20	
2	7	4	15	19	4	2	2	15	6	15	14	15	1	13	1	10	18	13	4	
2	13	10	3	12	10	5	18	13	12	7	15	12	10	16	13	2	8	16	19	
15	2	17	1	19	20	1	15	5	6	4	7	2	16	15	3	10	12	10	16	
15	10	3	13	6	5	12	11	6	8	15	5	14	20	15	14	6	12	2	14	
12	12	6	6	12	15	16	16	7	7	19	15	16	14	4	9	5	14	2	13	
7	16	1	7	6	2	3	5	12	6	2	1	12	2	14	1	3	14	10	9	
10	15	18	7	9	1	20	11	11	14	11	10	2	12	19	1	1	13	19	2	
On machine	2
5	7	7	18	12	3	6	19	4	1	14	7	3	16	6	13	5	5	13	16	
10	2	11	3	10	5	9	8	3	2	16	12	2	17	18	5	12	3	8	8	
10	8	19	17	6	10	2	5	12	8	16	8	10	5	10	3	3	13	10	12	
6	4	13	3	14	14	19	19	8	19	17	17	5	20	4	16	20	13	7	18	
11	12	20	10	1	6	7	7	14	1	12	8	8	18	8	4	13	12	9	12	
17	5	9	10	1	3	16	8	8	9	17	17	1	15	11	15	5	15	12	15	
6	10	13	9	16	18	19	7	19	5	6	7	18	10	4	14	19	18	8	16	
6	6	7	6	10	4	3	7	13	15	7	14	8	18	14	18	19	3	19	19	
5	8	20	16	4	10	17	2	2	2	8	12	19	1	3	20	15	14	17	5	
10	2	9	8	10	7	15	8	20	9	20	1	19	17	20	1	13	2	6	10	
18	18	16	10	14	12	7	7	6	11	17	9	11	12	10	7	2	19	16	2	
19	20	10	16	19	3	14	7	19	20	13	4	20	1	12	19	20	5	12	20	
6	2	11	20	8	20	1	20	3	4	16	17	17	4	16	17	11	12	2	9	
18	6	3	3	7	13	19	18	19	18	18	15	4	15	11	6	9	13	16	6	
14	1	9	13	8	1	8	7	18	11	3	9	12	18	16	13	19	17	18	16	
1	17	5	11	18	10	12	14	7	4	13	2	2	2	5	1	3	7	4	19	
17	20	19	19	7	10	11	7	12	12	17	12	13	20	17	13	19	7	20	9	
13	10	17	15	19	14	5	6	7	10	5	1	10	16	20	20	3	12	10	8	
19	4	4	4	16	13	13	12	12	2	1	18	16	15	16	11	14	3	12	3	
6	18	3	12	12	1	7	4	14	14	19	9	15	12	15	4	5	7	10	17	
On machine	3
15	8	19	6	10	3	17	2	14	16	20	1	7	20	1	5	16	8	20	6	
2	19	11	5	5	20	17	1	16	10	8	16	18	3	4	5	2	3	10	18	
7	1	7	3	14	10	17	3	16	13	2	7	10	7	6	1	20	4	19	19	
2	5	11	8	5	20	11	18	1	13	1	4	1	10	11	2	4	5	9	3	
19	1	2	2	15	14	16	12	4	17	10	9	14	6	11	1	3	16	15	17	
9	14	19	18	1	16	2	2	8	18	6	8	5	18	17	20	12	16	8	15	
1	5	15	4	8	20	15	1	8	13	13	4	5	19	4	16	6	1	16	6	
14	7	12	11	19	6	13	5	9	5	7	18	12	1	5	15	20	12	4	1	
12	13	17	16	1	11	16	6	20	10	3	10	3	18	10	16	12	3	19	20	
2	13	6	16	4	1	11	3	15	12	14	8	3	10	11	16	1	13	10	7	
8	11	1	19	6	14	18	2	16	15	2	1	16	16	15	10	5	10	16	20	
16	17	17	15	6	18	14	10	18	15	20	15	5	5	4	9	19	18	2	1	
20	12	12	9	14	15	6	11	20	2	9	9	12	3	13	13	1	20	16	2	
12	4	4	11	15	6	6	20	11	12	11	3	11	12	7	16	16	4	13	16	
8	7	10	2	17	10	2	16	10	15	3	13	5	20	15	19	11	12	12	18	
20	3	1	5	1	2	4	13	11	8	18	4	5	7	7	13	9	15	15	20	
11	5	16	14	15	3	20	6	20	2	5	10	17	11	16	6	6	18	15	17	
14	20	6	4	4	20	16	19	20	4	13	10	19	1	14	3	13	17	13	5	
10	11	7	10	11	8	15	12	3	4	8	12	9	18	17	12	20	1	12	7	
20	3	4	2	11	15	7	9	20	6	12	19	14	9	8	2	16	18	8	7	
On machine	4
19	16	14	1	17	12	11	11	1	1	20	6	11	14	16	15	6	15	6	18	
3	18	15	1	15	19	17	12	15	17	5	20	3	14	10	12	9	8	8	10	
16	2	8	3	5	15	4	2	12	13	10	2	10	9	16	14	13	5	10	9	
1	13	11	11	6	10	13	2	1	4	3	8	12	19	4	16	8	1	6	6	
1	13	8	9	1	19	3	7	17	2	15	7	20	10	14	15	20	8	5	7	
18	11	1	10	9	20	12	1	2	8	20	4	14	20	4	18	1	8	6	12	
1	20	19	6	18	13	13	4	13	8	6	18	11	9	18	7	19	17	3	3	
6	15	3	8	6	16	9	9	5	1	20	4	12	18	20	6	7	20	10	16	
14	3	2	20	4	9	10	12	7	14	2	6	9	16	15	13	18	14	13	19	
5	8	4	16	7	13	4	14	1	17	7	16	6	7	7	16	14	13	1	20	
12	3	10	13	6	18	19	7	16	11	18	16	14	7	7	19	8	3	12	10	
2	14	1	19	9	10	10	15	7	20	19	16	3	8	20	17	17	9	13	20	
10	9	9	15	3	12	17	14	2	5	20	7	2	13	8	7	8	18	19	8	
18	2	11	16	6	10	7	9	18	5	7	1	20	10	6	1	12	17	6	12	
13	11	19	17	3	16	7	4	10	5	10	16	16	8	10	15	4	15	18	18	
6	6	14	1	12	8	1	17	14	16	9	10	14	14	7	19	15	17	12	19	
19	1	3	7	3	8	8	10	18	4	20	8	16	9	6	6	4	17	9	8	
20	7	19	19	16	12	14	10	10	7	13	4	8	12	5	8	18	3	1	16	
18	18	14	10	13	8	19	4	11	15	4	13	6	9	17	4	7	19	9	1	
18	13	15	18	12	13	6	4	13	9	4	10	3	11	12	20	11	16	16	4	
