Factories	2
Families	20
Machines	4
SetupType	1

Number of Jobs in each Family
4	6	8	6	10	2	8	1	5	6	1	4	4	9	9	3	6	3	6	3	

Jobs in each Family
0	1	2	3	
4	5	6	7	8	9	
10	11	12	13	14	15	16	17	
18	19	20	21	22	23	
24	25	26	27	28	29	30	31	32	33	
34	35	
36	37	38	39	40	41	42	43	
44	
45	46	47	48	49	
50	51	52	53	54	55	
56	
57	58	59	60	
61	62	63	64	
65	66	67	68	69	70	71	72	73	
74	75	76	77	78	79	80	81	82	
83	84	85	
86	87	88	89	90	91	
92	93	94	
95	96	97	98	99	100	
101	102	103	

Total number of jobs
104

Processing times of jobs
1	6	2	9	
1	5	3	4	
3	9	5	9	
9	2	3	3	
8	6	5	3	
2	1	5	6	
6	2	7	2	
4	9	7	8	
6	9	6	7	
6	1	6	3	
6	4	7	2	
2	1	10	4	
9	3	7	6	
8	7	5	1	
10	7	4	1	
9	3	1	8	
5	5	1	9	
8	5	10	4	
2	1	4	7	
7	3	7	4	
2	6	2	8	
2	6	2	7	
9	10	2	5	
1	9	10	4	
7	3	8	2	
2	9	9	10	
10	4	4	8	
7	8	6	7	
6	3	6	8	
6	7	7	7	
2	9	7	4	
8	1	6	8	
9	2	3	8	
8	1	10	2	
1	5	9	6	
5	10	8	1	
3	1	2	5	
6	2	6	9	
10	4	2	9	
3	2	6	3	
4	8	2	10	
6	6	3	1	
10	6	8	8	
8	1	9	1	
7	8	1	10	
9	2	1	8	
5	7	7	10	
7	7	5	4	
2	6	3	4	
3	7	10	8	
4	9	5	8	
4	10	5	3	
1	9	9	6	
8	3	2	6	
5	2	6	7	
3	4	5	10	
6	8	5	9	
7	2	6	2	
3	6	8	10	
5	3	7	10	
2	2	4	10	
6	4	1	5	
9	2	7	7	
1	2	6	4	
10	4	10	5	
2	4	3	10	
3	10	2	7	
5	7	10	4	
7	1	4	3	
7	1	4	3	
10	1	1	9	
10	7	2	6	
3	10	4	7	
8	7	3	10	
7	3	2	9	
1	5	6	9	
1	7	7	2	
3	4	7	2	
2	3	3	5	
6	1	8	3	
6	3	8	6	
6	7	3	7	
6	5	1	9	
4	7	9	2	
4	4	9	1	
8	3	8	7	
2	10	5	5	
8	10	2	3	
1	7	7	5	
7	10	2	10	
10	8	10	8	
7	9	5	8	
6	5	4	1	
8	4	1	7	
3	6	9	2	
9	4	10	5	
7	1	5	3	
1	4	2	6	
6	6	2	1	
5	4	5	5	
8	10	8	2	
3	7	7	7	
5	3	7	8	
5	3	1	5	

Stepup times between Families, where [f][f] represents initial setup time
On machine	1
8	10	16	12	13	20	9	8	17	15	14	7	18	19	7	9	11	16	3	4	
14	20	1	17	9	17	14	18	1	14	1	16	1	8	15	7	10	20	7	19	
17	3	1	5	6	14	5	7	11	15	3	12	20	12	20	16	10	11	3	10	
13	13	5	15	7	15	6	18	10	17	13	8	8	17	6	10	13	8	14	9	
9	15	15	17	12	1	12	1	10	2	19	18	14	3	16	1	18	1	5	2	
8	16	17	11	15	9	17	18	17	13	2	6	12	3	14	3	6	15	17	11	
6	8	3	20	15	17	19	3	19	8	8	11	16	3	5	11	6	11	2	12	
17	1	20	15	20	10	6	5	7	10	2	3	12	12	2	16	16	5	4	17	
9	7	10	4	7	16	2	13	15	15	13	5	18	16	18	19	6	14	17	15	
13	18	9	13	3	2	3	11	2	17	19	6	8	13	8	14	8	13	16	16	
12	17	9	20	2	14	2	19	1	14	4	2	19	3	12	12	8	6	17	16	
16	8	6	19	8	16	18	13	15	8	2	9	8	1	19	10	20	15	1	10	
17	10	11	14	10	13	16	20	13	4	13	5	14	5	11	15	10	19	16	12	
5	19	17	7	11	19	15	2	1	15	19	9	10	9	18	14	4	16	4	6	
1	17	15	11	1	10	8	19	10	14	2	3	4	16	2	3	14	7	17	17	
11	19	15	20	9	17	1	15	20	5	14	2	8	7	19	20	20	14	3	2	
2	9	11	15	19	2	11	12	12	1	9	6	5	17	15	6	13	17	7	20	
14	6	12	11	11	19	20	16	3	9	9	17	8	20	13	12	19	13	5	20	
14	18	18	2	11	10	1	20	19	18	5	14	11	16	20	2	9	2	20	18	
6	3	5	11	11	7	2	5	10	9	19	4	18	8	2	17	6	19	18	5	
On machine	2
14	2	15	13	2	8	8	14	18	18	1	11	18	8	17	5	7	10	11	7	
15	2	15	18	14	12	19	14	13	18	18	2	2	10	1	4	7	8	1	16	
3	12	12	15	10	4	19	15	13	14	15	1	3	20	11	14	2	11	2	18	
8	5	9	10	3	10	7	20	11	6	14	4	11	1	1	17	7	19	20	20	
12	17	16	4	16	11	16	7	16	12	2	12	4	3	18	18	6	11	8	20	
13	1	5	5	6	8	7	17	16	17	16	5	5	8	12	20	17	7	10	10	
6	6	17	1	4	11	19	6	2	7	5	5	5	20	4	16	5	8	16	1	
5	18	15	17	14	4	12	12	15	17	4	19	20	7	17	5	16	3	18	9	
19	12	18	18	16	9	4	8	7	15	18	18	10	19	16	17	13	11	8	12	
16	15	16	9	12	6	20	7	4	6	8	15	6	4	7	4	16	11	17	18	
20	8	2	10	16	10	13	20	10	11	8	13	19	6	8	4	16	19	4	15	
17	12	9	17	14	1	4	2	12	2	19	17	5	3	8	17	10	4	20	19	
15	14	16	7	20	19	1	13	11	5	5	10	14	13	20	3	7	13	16	13	
17	10	1	6	5	12	4	7	12	6	10	18	10	14	7	1	8	16	7	8	
10	18	1	20	16	17	7	12	2	18	9	5	13	11	9	8	4	7	9	7	
11	18	7	20	14	18	18	16	6	3	6	12	8	5	14	12	14	16	8	1	
17	15	9	9	11	17	5	12	10	20	17	17	18	2	6	2	12	6	17	20	
10	7	2	6	17	11	2	11	8	10	16	10	11	12	13	18	20	20	14	6	
12	7	6	18	17	13	1	19	11	2	8	16	17	11	14	1	1	2	19	16	
6	7	3	18	1	13	8	3	2	13	12	17	9	12	5	2	9	11	18	20	
On machine	3
19	10	3	4	18	9	19	6	1	19	1	8	17	20	12	5	1	14	20	9	
3	10	14	14	2	15	10	4	9	7	10	8	8	14	1	9	13	20	5	5	
4	6	14	3	12	7	5	4	10	7	11	7	15	20	14	12	13	5	8	5	
5	7	5	16	15	6	12	3	18	8	8	9	6	4	5	4	7	9	8	7	
5	20	3	14	12	8	10	8	4	16	13	12	9	14	7	11	15	10	2	9	
18	13	20	10	12	3	1	19	7	3	10	5	16	17	10	1	16	16	7	13	
11	13	7	2	14	4	3	14	13	10	16	4	20	3	16	1	1	16	19	1	
15	3	19	11	10	2	12	1	11	14	1	12	8	9	11	19	7	5	11	5	
8	6	9	3	13	14	9	2	1	8	7	2	11	3	7	4	4	19	19	6	
7	4	7	17	9	14	9	18	17	17	5	15	8	15	7	11	4	14	16	12	
13	18	13	9	4	18	9	13	8	9	1	3	6	4	19	11	6	10	4	11	
14	1	2	5	1	7	20	4	1	15	6	8	20	13	4	19	9	3	19	18	
5	14	16	13	4	5	15	2	17	20	18	11	17	19	13	18	4	11	17	13	
20	9	2	10	14	19	2	20	10	20	15	14	19	8	14	3	11	18	20	11	
8	20	17	2	3	12	12	19	4	8	10	6	10	9	3	13	16	11	9	19	
12	4	18	6	3	1	4	10	5	9	18	14	14	5	14	11	10	13	1	11	
13	5	15	16	14	5	16	13	5	20	2	20	18	11	15	13	4	11	9	2	
13	13	9	15	8	17	1	11	13	12	13	19	12	13	8	3	8	11	18	3	
5	16	5	16	12	1	4	15	10	4	7	2	20	18	20	12	9	7	6	17	
8	14	12	19	12	18	12	10	1	9	17	11	20	6	17	3	14	18	11	2	
On machine	4
14	14	4	6	5	8	13	8	13	11	12	2	16	12	2	18	9	3	8	10	
20	1	5	4	3	10	4	12	1	2	2	12	18	16	13	15	4	11	14	13	
8	17	4	18	16	17	19	8	3	3	20	19	13	17	1	19	5	12	12	4	
20	17	15	5	5	10	14	5	17	12	4	3	15	9	19	4	4	12	14	7	
15	16	16	4	5	11	15	3	11	13	2	2	4	3	3	6	20	4	3	15	
17	9	11	12	9	3	11	13	8	11	17	12	20	13	12	9	7	6	1	9	
16	7	6	11	3	13	9	3	1	6	8	6	11	3	10	1	7	16	8	20	
17	5	18	10	15	2	7	15	19	18	16	5	4	11	3	3	19	17	7	11	
11	16	4	17	15	14	15	8	3	10	16	18	15	18	5	11	11	11	7	10	
5	15	12	10	3	13	7	5	8	20	19	14	11	10	12	17	14	7	12	9	
16	2	9	10	8	2	4	19	8	16	10	1	6	5	4	16	6	2	20	14	
4	7	10	6	19	16	20	6	19	16	10	8	7	9	9	17	14	5	2	11	
2	10	5	5	13	8	6	16	16	20	3	5	9	4	20	4	17	14	4	7	
2	7	1	16	6	13	10	6	4	3	2	11	14	15	11	1	7	8	8	2	
9	17	20	2	7	1	9	11	5	5	16	9	16	7	5	9	20	20	8	2	
7	8	5	6	15	12	6	14	15	5	19	9	6	19	3	11	12	9	16	5	
6	7	3	15	20	15	17	16	17	16	17	9	13	20	7	13	17	2	12	8	
17	7	11	18	18	12	16	14	2	7	10	2	12	5	6	9	14	5	6	17	
17	3	19	18	16	11	12	7	9	3	6	14	13	10	20	17	1	3	10	3	
13	13	4	3	11	8	13	17	3	8	8	3	17	20	8	2	20	18	3	13	
