Factories	3
Families	60
Machines	2
SetupType	2

Number of Jobs in each Family
3	9	8	6	3	8	2	2	6	3	4	2	7	5	1	6	6	1	10	7	3	8	3	3	2	9	9	1	7	6	9	4	10	6	7	1	2	10	9	5	6	8	3	7	3	2	10	1	4	10	7	1	8	6	2	1	2	9	2	1	

Jobs in each Family
0	1	2	
3	4	5	6	7	8	9	10	11	
12	13	14	15	16	17	18	19	
20	21	22	23	24	25	
26	27	28	
29	30	31	32	33	34	35	36	
37	38	
39	40	
41	42	43	44	45	46	
47	48	49	
50	51	52	53	
54	55	
56	57	58	59	60	61	62	
63	64	65	66	67	
68	
69	70	71	72	73	74	
75	76	77	78	79	80	
81	
82	83	84	85	86	87	88	89	90	91	
92	93	94	95	96	97	98	
99	100	101	
102	103	104	105	106	107	108	109	
110	111	112	
113	114	115	
116	117	
118	119	120	121	122	123	124	125	126	
127	128	129	130	131	132	133	134	135	
136	
137	138	139	140	141	142	143	
144	145	146	147	148	149	
150	151	152	153	154	155	156	157	158	
159	160	161	162	
163	164	165	166	167	168	169	170	171	172	
173	174	175	176	177	178	
179	180	181	182	183	184	185	
186	
187	188	
189	190	191	192	193	194	195	196	197	198	
199	200	201	202	203	204	205	206	207	
208	209	210	211	212	
213	214	215	216	217	218	
219	220	221	222	223	224	225	226	
227	228	229	
230	231	232	233	234	235	236	
237	238	239	
240	241	
242	243	244	245	246	247	248	249	250	251	
252	
253	254	255	256	
257	258	259	260	261	262	263	264	265	266	
267	268	269	270	271	272	273	
274	
275	276	277	278	279	280	281	282	
283	284	285	286	287	288	
289	290	
291	
292	293	
294	295	296	297	298	299	300	301	302	
303	304	
305	

Total number of jobs
306

Processing times of jobs
1	2	
1	9	
7	3	
1	3	
2	10	
9	5	
8	6	
5	4	
2	9	
5	3	
2	3	
2	5	
10	1	
4	3	
7	8	
1	3	
3	3	
8	8	
5	5	
2	7	
3	9	
3	2	
6	10	
1	8	
7	3	
6	4	
6	1	
10	10	
3	10	
9	1	
5	3	
9	9	
1	6	
8	1	
8	3	
3	6	
10	9	
7	4	
8	6	
3	5	
5	1	
5	4	
8	5	
7	10	
10	6	
3	9	
4	3	
1	8	
1	5	
5	10	
7	1	
9	8	
1	9	
5	7	
9	3	
10	4	
6	6	
3	9	
5	2	
4	7	
3	2	
4	1	
5	1	
9	8	
6	8	
9	9	
4	10	
8	7	
4	5	
6	5	
9	4	
8	8	
8	5	
5	2	
9	3	
8	8	
3	3	
10	6	
8	2	
7	8	
3	6	
2	9	
9	10	
5	6	
8	6	
5	9	
10	6	
4	1	
2	1	
4	1	
6	5	
1	10	
7	8	
4	7	
3	3	
1	1	
2	6	
4	9	
7	1	
9	10	
2	10	
9	5	
6	4	
5	9	
6	6	
4	3	
1	5	
8	1	
8	4	
7	10	
7	4	
5	1	
3	6	
3	5	
10	2	
8	7	
4	2	
2	6	
2	1	
7	2	
2	3	
5	9	
1	5	
10	4	
8	5	
2	2	
6	6	
5	10	
10	8	
8	4	
4	10	
2	6	
4	7	
2	1	
5	6	
1	10	
2	1	
7	1	
1	6	
7	5	
3	4	
1	1	
7	8	
5	5	
8	3	
10	10	
10	3	
6	5	
10	7	
3	6	
7	7	
2	2	
3	1	
10	9	
6	5	
1	4	
9	8	
5	5	
4	7	
1	9	
3	1	
4	3	
2	3	
3	8	
5	4	
5	7	
4	9	
2	3	
10	10	
4	9	
5	1	
9	1	
8	4	
10	8	
7	2	
3	6	
3	9	
8	5	
4	9	
2	7	
7	5	
8	10	
8	4	
3	7	
1	9	
5	9	
3	9	
2	6	
10	9	
2	8	
9	3	
2	7	
1	5	
10	7	
1	1	
10	8	
6	6	
10	1	
6	10	
6	7	
10	1	
5	6	
9	6	
5	5	
5	8	
9	4	
2	7	
7	10	
9	7	
7	1	
9	6	
7	3	
3	8	
3	7	
9	4	
7	9	
1	6	
10	5	
8	9	
8	10	
2	6	
8	10	
7	8	
5	5	
10	8	
2	2	
1	2	
3	9	
2	2	
5	2	
9	3	
8	3	
1	7	
5	2	
10	7	
8	10	
8	6	
9	1	
10	1	
4	6	
5	3	
3	6	
5	5	
5	6	
10	5	
1	4	
2	5	
5	3	
10	9	
3	6	
3	9	
10	7	
7	1	
8	10	
1	8	
4	7	
9	8	
3	6	
5	1	
8	9	
3	2	
6	3	
6	2	
7	3	
4	3	
5	1	
5	5	
10	8	
9	3	
4	5	
5	4	
6	8	
4	3	
7	4	
6	2	
10	3	
9	2	
9	1	
4	9	
10	7	
2	4	
7	5	
3	4	
7	8	
9	3	
4	8	
8	4	
3	7	
2	1	
1	8	
8	3	
8	8	
5	10	
10	10	
4	10	
5	4	
3	3	
7	2	
9	7	
1	3	
7	10	
2	5	
10	5	
4	5	
1	4	
4	7	

Stepup times between Families, where [f][f] represents initial setup time
On machine	1
14	3	45	12	29	41	25	6	24	26	41	12	5	37	16	4	41	5	49	45	17	13	17	38	18	48	29	20	12	39	11	6	46	17	11	13	48	17	49	33	9	47	33	10	50	19	41	37	17	27	28	30	50	11	22	46	26	11	42	32	
40	17	36	21	4	35	5	47	42	31	7	49	28	27	15	11	43	28	45	16	31	28	26	36	16	12	13	14	32	31	27	1	10	17	46	41	13	36	14	19	7	24	26	4	39	20	13	29	10	10	30	11	30	15	45	12	9	27	22	26	
15	42	22	37	8	24	16	22	5	7	40	5	16	7	6	49	18	20	15	48	47	50	18	9	25	4	16	6	42	36	26	13	17	4	11	12	7	43	6	48	44	39	27	24	25	19	31	14	44	50	17	14	38	7	5	47	19	30	14	14	
33	32	26	25	19	28	7	14	35	3	16	7	34	35	16	18	46	1	9	15	17	37	15	25	18	14	29	41	32	8	12	34	1	47	5	40	23	41	17	30	18	8	13	15	46	35	25	6	24	8	26	14	5	49	26	42	44	14	30	43	
6	7	41	26	38	16	6	22	49	38	42	13	41	19	2	38	7	38	16	24	27	30	16	23	48	9	37	25	24	2	4	2	50	4	11	2	2	38	49	17	20	40	12	17	4	39	6	42	11	32	47	25	7	50	22	37	35	19	21	18	
22	19	25	49	30	34	28	4	38	14	34	50	30	41	18	41	49	9	3	25	42	48	5	25	21	24	33	47	48	17	2	13	50	27	15	32	8	22	41	8	32	5	38	15	26	25	31	19	48	12	37	17	47	22	20	23	26	36	48	15	
1	19	14	18	29	13	23	46	25	15	29	20	17	47	34	19	40	6	47	33	14	5	48	31	20	49	1	37	20	19	11	32	42	27	2	39	13	20	8	5	35	41	47	49	35	11	22	23	26	27	26	49	10	19	15	9	47	14	1	12	
17	38	29	36	47	22	5	16	26	33	25	1	31	25	47	31	8	49	47	45	23	32	39	45	40	10	34	15	25	25	34	46	5	11	18	19	3	4	24	37	29	11	6	12	9	39	41	22	49	32	32	11	23	37	15	2	6	23	9	5	
18	48	47	35	20	48	43	33	23	49	22	38	37	1	13	44	19	13	3	8	40	10	45	39	40	28	34	46	34	8	7	39	26	42	41	5	2	50	25	16	36	27	41	40	34	46	3	25	10	14	1	9	33	33	17	1	19	50	33	22	
33	47	22	24	34	35	32	34	49	25	34	38	10	9	47	41	24	23	7	25	24	3	49	7	50	47	3	48	16	41	29	41	16	35	29	31	19	50	33	30	8	20	17	34	49	46	7	12	12	23	6	19	35	46	41	40	28	39	7	49	
33	42	33	41	19	17	27	34	39	32	33	3	46	41	48	4	24	7	28	50	44	22	22	43	2	50	25	37	48	49	10	36	29	25	49	48	26	40	14	36	24	34	46	26	16	18	14	15	13	9	46	5	32	7	7	50	27	29	3	30	
6	45	3	42	15	27	13	18	13	11	29	23	40	49	5	21	44	39	12	48	44	2	44	7	8	3	9	11	8	22	16	17	36	18	22	15	23	15	36	23	3	8	25	31	39	10	47	26	21	12	34	17	34	30	31	35	9	9	50	26	
50	9	35	26	41	16	33	3	35	28	27	34	10	37	15	10	12	8	24	45	29	40	35	36	3	12	27	35	40	20	18	13	10	43	25	37	47	8	47	50	41	13	35	20	50	42	25	10	48	10	48	48	34	32	30	34	20	8	48	18	
29	29	11	36	16	17	30	10	42	27	49	18	13	7	42	33	8	6	39	31	29	38	46	3	39	3	29	36	29	15	7	10	2	11	1	13	14	32	22	21	27	40	24	20	11	23	5	42	24	8	26	1	1	37	35	12	34	29	5	6	
42	24	39	4	9	30	12	23	22	15	2	12	32	24	48	12	15	11	11	29	3	11	25	21	18	46	47	39	11	21	23	33	24	48	31	6	1	35	23	28	8	12	47	23	11	31	27	3	10	12	22	10	44	42	24	17	15	40	7	19	
50	18	29	43	25	26	10	42	34	7	31	8	46	32	45	47	1	20	45	20	45	47	32	49	44	45	42	18	1	6	2	46	14	15	9	44	17	20	32	32	48	29	3	39	44	19	17	18	30	38	46	15	47	1	46	27	3	10	18	17	
38	3	13	20	6	31	2	22	39	47	31	49	38	26	9	15	1	46	6	44	42	24	22	48	38	43	45	6	7	32	44	41	6	12	50	17	16	28	49	35	4	17	20	29	17	47	23	44	12	41	2	27	50	26	39	35	16	24	21	31	
18	31	3	13	39	41	1	1	18	3	45	1	42	15	24	41	21	33	22	34	14	23	28	3	7	16	9	50	46	43	31	12	11	34	38	9	6	21	34	12	6	16	5	42	37	49	29	38	2	13	35	25	47	33	43	6	3	38	10	10	
45	17	40	26	31	24	23	16	33	22	7	46	11	15	43	40	41	32	14	18	35	8	45	39	50	7	39	36	8	24	7	32	20	7	10	13	31	26	27	7	28	25	10	26	37	37	35	14	46	3	38	49	46	32	22	49	37	50	23	28	
37	5	1	18	29	33	46	15	29	39	11	36	20	48	44	9	50	14	16	30	25	10	21	29	49	34	39	21	4	10	38	44	34	11	13	49	46	16	15	36	48	18	49	40	26	1	4	17	43	48	35	3	25	38	12	22	42	41	3	28	
4	10	46	48	35	33	17	7	41	39	31	18	34	10	27	3	34	16	47	7	41	35	50	48	14	15	36	40	28	4	42	21	39	14	33	37	10	3	9	6	44	43	33	30	45	19	26	27	14	4	23	13	28	42	32	9	10	26	15	47	
46	48	25	49	1	5	50	6	30	9	16	24	11	23	40	8	34	6	37	10	25	45	46	7	50	27	48	34	35	29	14	20	40	18	16	11	50	28	38	32	24	46	43	40	48	1	32	4	1	24	47	36	29	45	41	41	12	7	38	50	
14	23	10	17	38	23	23	23	49	36	22	8	36	19	23	48	31	36	32	3	2	28	35	36	42	18	27	48	2	38	27	16	42	15	9	16	38	7	35	48	49	18	49	10	2	36	31	23	10	48	28	37	45	23	47	38	16	33	17	10	
32	19	46	26	17	2	45	39	25	39	34	50	36	8	31	44	38	15	41	25	13	46	1	41	25	44	1	23	2	35	3	28	12	19	7	3	41	39	45	28	21	48	26	6	32	45	26	1	33	33	3	11	48	48	8	28	41	26	32	18	
29	41	41	15	7	17	16	39	2	4	16	5	18	19	37	28	49	43	49	35	49	20	30	3	1	41	21	10	43	39	49	1	39	30	27	33	4	34	42	4	5	16	45	40	41	25	30	25	12	5	31	1	10	49	9	41	33	42	5	18	
19	28	24	14	14	14	37	13	23	43	28	22	48	33	40	38	23	49	18	7	24	11	28	38	17	35	44	11	3	22	4	30	45	29	24	13	36	35	11	16	8	50	17	27	43	42	46	35	16	16	5	31	2	28	43	45	22	13	30	35	
31	10	5	5	44	38	44	26	44	24	15	35	19	6	25	26	5	49	12	14	20	3	43	19	17	17	23	41	10	46	7	46	15	8	43	37	15	18	6	6	26	3	41	11	3	47	35	33	24	1	38	28	44	1	12	28	46	12	8	10	
24	3	14	14	28	27	10	17	44	46	12	43	10	31	31	4	11	11	18	33	3	39	13	25	16	4	49	28	16	34	2	35	27	9	28	4	46	17	13	20	47	37	41	23	9	15	49	37	31	11	30	28	37	9	9	37	48	13	8	40	
8	15	20	30	45	14	43	34	45	22	21	17	50	16	50	49	38	44	25	32	21	34	18	31	7	12	41	26	22	39	1	50	23	12	22	24	30	25	12	33	41	19	10	31	26	25	10	23	1	5	17	45	23	23	24	6	9	42	49	10	
7	31	35	26	33	19	26	33	38	41	16	49	49	37	21	50	25	20	48	30	20	21	40	30	34	31	35	35	13	4	42	30	44	48	31	50	28	25	50	50	23	49	32	44	40	1	25	43	27	13	8	21	2	41	11	21	6	32	34	11	
27	4	15	48	25	19	37	40	33	37	37	36	13	46	32	31	24	34	32	28	17	37	24	8	29	37	50	22	39	43	13	45	5	7	14	24	12	1	9	43	16	42	42	33	2	17	28	2	25	46	35	7	35	21	15	42	47	22	13	49	
24	5	12	15	31	22	10	16	19	8	20	25	23	49	31	34	7	39	3	34	25	23	34	30	22	10	2	33	42	17	46	20	21	29	48	14	31	12	22	34	33	7	18	29	25	4	16	47	31	31	42	35	37	41	16	13	24	31	10	14	
17	33	26	16	23	22	31	14	10	30	9	32	24	43	11	19	28	16	3	10	14	50	29	14	35	49	50	2	21	14	19	11	49	3	19	17	14	11	17	41	3	23	45	34	50	17	41	38	9	29	10	14	30	46	11	41	21	4	28	45	
48	31	7	50	14	22	45	4	30	33	6	49	20	42	14	44	6	22	37	48	30	17	33	27	40	8	27	8	40	21	13	38	9	9	30	7	42	21	27	6	8	31	29	10	3	15	15	50	5	7	28	21	39	23	12	23	10	49	11	17	
35	5	15	25	45	36	18	26	3	8	22	1	40	22	9	28	1	7	19	21	33	27	20	33	41	34	31	34	26	6	10	6	24	2	23	35	34	21	3	11	48	46	44	15	19	30	14	39	30	27	44	7	42	29	31	25	4	23	24	30	
39	8	31	42	25	12	2	42	38	33	40	20	35	23	22	41	47	4	24	29	10	38	41	9	7	2	39	17	22	43	29	44	45	40	26	29	41	32	32	22	42	43	48	8	22	35	10	20	38	49	15	13	14	15	33	12	4	24	1	32	
6	34	50	26	16	11	28	12	50	46	18	31	50	4	20	27	42	1	45	26	47	44	6	25	36	19	40	10	29	30	1	39	38	26	19	5	37	5	25	29	44	43	27	9	31	35	16	33	9	48	18	14	48	28	43	30	20	19	43	39	
48	47	3	8	50	42	43	47	40	45	40	25	5	24	37	12	49	19	37	42	8	26	7	24	35	42	20	11	17	29	3	8	32	8	48	23	49	28	13	31	44	46	38	32	32	26	41	44	48	24	29	6	12	43	25	8	3	41	26	44	
13	14	6	47	2	20	5	50	40	3	42	35	41	29	43	10	48	48	4	8	27	11	19	9	16	32	23	20	20	15	23	27	11	33	35	33	34	32	38	41	35	44	8	3	7	25	46	24	43	25	24	6	22	1	26	31	30	13	24	44	
6	29	40	5	39	3	35	44	24	31	24	9	46	4	49	46	37	17	43	14	25	4	28	38	39	17	14	20	16	1	12	16	50	25	48	2	7	31	44	21	38	33	31	35	43	22	32	20	49	2	47	9	28	19	14	38	18	42	10	43	
14	14	35	35	9	1	31	27	14	28	10	4	25	21	44	49	24	50	50	50	27	30	13	33	13	45	35	38	4	1	18	24	42	50	20	31	17	26	32	24	12	35	32	35	25	24	4	46	15	9	29	26	10	40	42	11	38	33	12	4	
46	25	37	44	44	41	20	3	2	29	26	48	3	29	31	36	30	9	15	36	26	46	34	5	23	34	44	47	39	6	35	14	30	2	44	30	28	13	31	16	34	13	12	5	14	45	26	46	15	3	12	29	35	48	46	39	14	1	9	49	
8	13	1	48	8	27	11	38	8	17	50	12	35	5	2	33	21	45	43	49	13	3	40	17	42	9	3	50	29	37	41	3	43	39	4	3	38	18	5	14	4	8	46	39	27	21	20	20	36	10	44	48	8	16	17	24	47	35	44	22	
2	45	50	13	43	17	17	35	29	20	3	29	19	17	35	21	26	20	3	19	46	33	45	48	4	5	32	42	39	16	12	41	41	6	12	30	7	48	21	23	48	35	13	40	24	34	30	20	29	49	30	12	18	43	28	45	6	43	44	42	
27	18	1	6	33	4	44	24	26	9	44	8	9	19	2	35	46	18	34	25	49	14	26	2	12	31	49	9	42	42	11	10	41	50	30	33	23	30	13	42	40	50	43	30	50	20	32	17	1	8	47	10	11	45	25	6	34	42	16	36	
42	17	50	17	25	25	48	3	11	34	42	2	43	30	1	13	11	13	28	8	19	11	33	47	5	11	27	20	15	47	5	24	6	15	9	2	34	1	11	16	45	43	35	19	1	48	48	12	1	26	25	8	37	46	49	9	40	9	42	11	
21	40	46	19	35	17	45	29	36	5	43	31	29	19	40	5	29	43	7	30	48	29	3	35	27	5	28	16	30	21	4	6	22	38	9	33	2	32	29	16	39	39	25	28	18	17	50	40	16	12	45	21	36	2	5	39	15	17	19	6	
41	39	31	20	6	33	8	45	17	39	5	14	37	49	18	35	25	34	36	37	36	25	44	20	18	28	16	20	12	40	43	27	44	14	1	10	46	43	39	47	42	13	2	20	27	37	27	29	10	37	33	20	49	43	28	11	30	17	34	7	
17	35	4	32	11	36	16	40	39	5	41	47	9	32	5	30	8	42	1	32	25	7	32	16	1	34	50	12	31	35	19	30	32	26	16	3	34	2	26	35	18	36	47	37	1	49	30	27	18	46	36	3	38	42	23	19	41	41	7	3	
35	6	9	36	27	20	22	24	11	15	12	17	48	4	2	7	42	9	19	19	13	24	20	48	36	1	22	2	6	16	8	34	22	43	2	4	30	4	41	24	37	38	11	12	36	21	44	13	22	27	45	36	35	6	38	26	15	16	26	3	
36	30	24	35	9	36	26	24	47	38	39	17	33	8	24	24	39	24	43	41	36	32	41	36	29	13	19	19	33	29	24	14	7	48	37	34	50	12	19	8	13	18	25	33	3	1	29	43	32	23	44	16	47	37	50	45	28	38	21	19	
7	49	50	1	13	25	39	26	4	9	15	46	7	37	20	46	7	32	2	37	14	1	40	18	41	33	47	21	36	18	45	40	36	49	1	6	20	24	37	5	49	18	24	14	5	7	24	4	39	43	10	28	19	49	13	36	20	17	12	4	
39	30	22	38	46	41	1	28	47	31	46	31	29	26	6	17	43	3	16	14	12	17	34	16	17	48	46	3	41	42	9	16	13	37	26	10	39	25	37	35	47	5	28	44	29	4	41	25	50	32	15	17	30	26	14	2	13	37	30	33	
48	22	29	12	19	50	28	23	30	46	20	26	48	48	38	36	3	37	43	43	4	17	41	37	9	31	39	2	1	13	35	28	37	24	23	44	7	17	24	41	49	19	28	3	42	2	11	29	38	12	21	25	5	17	21	15	10	21	4	50	
11	45	10	48	10	25	37	50	41	23	25	13	28	2	12	47	10	46	25	29	48	44	26	22	38	49	30	19	8	24	35	40	8	11	12	9	48	8	12	28	28	50	18	33	23	42	23	18	22	7	37	23	9	37	5	36	45	20	50	23	
1	39	21	20	28	12	49	40	44	48	35	16	24	2	1	47	37	27	36	17	12	45	16	14	20	34	32	15	14	13	13	27	21	42	43	2	42	6	18	15	24	8	20	26	6	2	19	49	49	5	39	2	39	14	24	20	35	20	11	26	
44	34	26	1	23	50	45	48	28	45	45	14	48	29	8	42	22	39	43	31	39	28	14	34	29	11	37	44	24	22	41	15	15	12	8	13	27	37	48	17	28	14	21	11	50	23	4	27	38	3	23	20	21	5	38	23	30	20	24	34	
31	5	13	31	28	34	7	12	45	48	19	18	41	32	45	46	29	41	40	45	41	42	37	6	33	4	2	44	39	16	16	40	33	26	49	1	23	27	32	46	37	24	2	9	37	1	31	29	25	30	24	6	3	47	25	44	29	34	38	5	
27	49	6	10	43	34	48	21	40	44	18	46	36	40	4	13	17	49	32	28	12	39	13	6	49	14	4	9	18	11	41	27	50	27	13	40	15	49	37	50	22	10	16	27	11	17	41	4	43	29	17	35	19	27	38	19	11	30	20	35	
45	40	2	35	18	13	3	43	37	34	20	15	19	40	16	49	50	32	28	2	5	17	16	18	7	27	12	23	3	8	47	12	42	18	21	48	27	14	20	31	13	7	50	41	12	44	26	24	29	18	36	45	18	30	37	48	14	46	40	24	
On machine	2
10	33	19	24	11	16	29	35	22	6	1	45	6	13	36	49	25	15	44	12	8	33	35	18	50	42	32	41	40	29	4	28	38	30	35	39	5	11	49	50	9	45	13	32	29	36	18	49	10	11	30	7	34	24	4	7	19	3	29	14	
12	49	2	9	29	50	3	42	49	40	17	44	40	22	34	12	50	49	31	44	48	25	40	16	26	16	35	11	1	33	6	36	22	50	23	38	10	34	25	30	6	28	14	33	42	23	21	47	21	3	38	38	33	13	41	27	22	36	15	33	
35	46	49	3	32	1	2	1	46	46	49	19	20	43	48	32	41	21	39	7	14	20	11	35	31	33	30	15	44	39	23	1	38	45	6	13	10	13	19	33	6	41	34	6	43	6	40	41	2	33	18	14	24	11	38	35	29	33	12	2	
38	18	37	47	40	23	3	13	7	49	49	37	42	31	19	37	45	33	21	39	11	48	31	7	47	14	48	24	49	8	39	41	48	26	44	35	11	50	27	31	46	4	9	14	44	4	19	24	48	46	17	7	18	45	31	37	13	8	48	34	
49	22	23	34	9	5	41	11	39	33	45	10	5	39	33	43	26	3	42	27	48	24	17	37	16	29	14	42	25	11	45	15	26	29	23	35	6	36	24	49	33	22	18	12	10	29	28	42	16	47	46	22	39	20	19	24	15	27	4	37	
41	48	33	13	44	45	24	43	47	9	30	31	4	7	32	12	43	20	15	26	31	42	46	20	38	12	34	44	28	43	4	40	16	18	40	10	20	5	41	24	6	24	42	28	34	19	42	16	23	47	42	20	23	38	5	9	12	48	1	24	
21	32	29	17	14	31	22	35	46	38	32	45	12	16	38	34	9	11	20	50	6	36	19	6	34	42	12	28	19	39	5	34	14	15	6	14	47	32	24	46	42	9	1	3	49	16	40	39	33	45	29	34	32	9	1	45	38	16	31	4	
1	49	22	1	12	45	2	48	36	25	26	41	21	49	46	26	35	8	1	47	27	42	32	41	28	37	21	45	30	49	30	19	1	35	44	30	9	23	17	27	17	41	48	42	13	36	27	12	7	18	48	48	23	8	43	7	43	23	40	32	
30	20	31	47	3	10	5	6	17	36	29	32	13	32	8	11	20	28	14	21	7	31	40	28	49	47	5	1	27	37	15	15	18	12	50	38	25	29	49	50	33	29	9	5	38	7	1	35	11	40	43	47	14	39	10	23	22	14	50	26	
50	9	26	14	3	2	3	12	36	35	4	32	11	5	22	9	36	3	1	5	25	10	22	32	26	5	22	1	11	26	11	48	37	46	5	20	24	7	49	33	46	13	3	19	37	26	30	30	24	23	6	43	8	17	41	2	43	2	2	31	
24	36	29	17	46	26	25	37	45	34	23	3	31	26	29	11	22	23	24	14	6	38	30	18	6	12	33	28	2	9	35	11	5	9	24	13	9	48	5	38	44	31	22	19	22	4	21	39	8	24	35	29	37	49	14	36	33	40	11	2	
27	15	2	25	48	47	45	36	24	25	5	3	42	37	40	45	37	20	17	37	26	43	27	35	13	39	45	45	43	50	14	10	30	29	29	17	37	28	17	12	44	22	20	6	9	31	32	43	27	25	49	50	46	35	7	15	10	44	34	33	
7	17	28	40	38	2	5	3	22	37	44	41	8	14	1	9	19	50	10	9	2	22	44	43	2	31	26	9	13	7	41	48	20	24	32	46	37	28	43	9	45	32	26	32	42	32	44	32	13	3	23	19	20	24	39	24	3	35	14	50	
22	17	34	38	8	9	16	12	29	4	37	33	12	12	24	43	42	31	44	38	25	25	20	1	26	50	17	22	25	42	29	40	43	11	30	1	37	19	34	38	3	22	44	48	37	34	44	2	24	9	20	40	3	41	23	45	38	11	21	47	
15	18	40	12	20	44	20	36	8	23	34	26	34	11	44	50	16	13	50	31	19	49	36	36	34	34	7	44	8	24	7	24	23	26	46	48	44	19	26	3	11	34	41	23	20	11	34	26	34	18	6	22	3	15	4	21	8	9	12	36	
25	49	25	43	17	30	40	15	32	35	47	48	18	1	23	43	25	16	3	2	46	45	1	47	32	23	27	5	33	48	39	10	46	49	38	43	22	3	23	39	2	48	42	13	8	35	30	15	37	44	17	1	10	13	35	26	17	14	40	48	
6	38	1	39	19	14	1	31	30	12	29	19	24	17	1	8	45	1	5	38	6	8	41	11	20	48	41	32	5	7	2	24	8	6	22	23	40	26	50	44	1	10	16	47	6	14	41	25	29	41	3	38	26	38	46	35	5	1	24	47	
48	6	4	43	9	5	37	50	29	38	47	1	2	26	25	4	25	16	7	20	13	34	40	7	27	10	2	41	33	46	19	26	32	25	28	44	15	28	43	21	22	27	17	6	3	48	5	12	44	39	3	18	38	34	43	40	38	24	6	50	
8	48	8	36	48	1	36	49	32	40	30	35	28	31	46	42	6	33	48	48	31	24	32	36	49	21	50	27	44	33	15	10	19	12	15	7	38	14	3	29	23	50	3	10	6	5	30	43	20	18	47	19	6	4	39	34	5	30	32	23	
48	18	49	24	26	2	44	39	18	15	14	5	36	40	43	9	6	3	45	7	6	44	49	32	9	19	50	11	25	40	14	38	8	48	23	20	7	19	25	30	2	15	13	27	37	29	42	12	26	12	44	49	14	41	2	6	13	30	13	21	
46	17	4	41	34	2	29	16	29	25	20	26	9	45	11	17	49	16	20	1	38	34	26	2	8	1	29	15	36	25	47	46	37	49	35	36	5	48	4	4	12	39	48	22	12	14	25	39	12	36	44	2	47	20	18	25	46	36	14	28	
22	15	23	4	41	39	24	43	40	10	13	16	43	35	26	12	21	37	21	43	1	32	7	43	48	35	38	31	14	48	6	45	42	36	30	27	22	41	24	30	24	21	34	13	16	46	15	6	30	35	6	11	34	23	32	50	1	14	38	46	
41	36	44	36	18	13	31	30	44	50	7	50	12	7	39	2	7	45	1	12	7	22	19	7	39	50	17	15	8	2	11	32	22	32	32	1	41	45	2	7	25	22	37	33	49	11	9	29	49	13	20	40	49	33	22	10	23	12	25	47	
5	15	14	30	27	13	17	20	25	24	31	41	36	17	39	28	28	8	26	1	42	21	1	44	16	12	30	32	24	34	27	50	11	30	45	28	22	27	26	43	14	12	1	7	18	19	32	17	34	7	24	40	26	31	31	16	12	13	9	35	
19	10	27	47	22	25	19	36	30	34	43	32	47	16	5	49	1	38	32	13	16	13	25	36	40	28	31	24	50	7	46	9	2	11	50	27	14	46	39	6	13	45	21	1	42	46	49	11	29	41	34	28	14	2	38	43	11	4	44	24	
43	47	48	16	7	34	40	24	36	16	25	12	47	19	49	26	22	23	16	15	22	31	23	8	38	39	39	33	38	44	46	3	9	21	25	28	3	30	48	10	5	44	6	38	47	48	3	4	19	6	17	5	31	27	49	44	46	16	45	24	
20	6	23	25	18	41	42	35	26	8	19	34	29	23	7	22	34	36	12	41	9	14	26	36	32	31	41	29	37	16	5	3	44	21	4	27	45	14	27	46	38	17	31	47	28	6	12	31	29	44	6	31	9	36	25	28	1	22	4	39	
29	43	42	18	33	28	30	8	48	50	7	27	46	50	50	33	49	17	36	47	4	6	40	30	9	39	31	19	49	37	22	31	10	44	24	2	14	7	7	16	9	2	29	1	35	5	11	21	4	40	21	2	23	11	49	28	10	28	31	46	
43	17	21	43	1	40	3	6	48	42	16	15	26	47	25	5	39	35	39	43	29	50	22	14	34	28	43	45	44	50	12	27	21	47	46	29	31	40	1	42	3	14	14	18	34	50	4	37	10	37	3	11	26	43	50	43	35	44	33	39	
37	9	3	13	3	3	10	13	48	31	40	8	47	23	41	37	8	36	17	17	8	30	20	3	2	26	19	3	50	40	33	9	38	48	14	39	48	16	14	27	34	3	36	30	2	10	29	49	6	36	28	44	7	27	50	31	32	44	30	40	
17	37	26	43	33	38	13	1	36	6	45	9	40	39	33	6	43	24	39	32	24	23	14	13	6	9	31	19	15	17	1	46	12	28	35	9	46	2	17	30	15	22	41	9	8	14	17	45	15	40	8	27	10	9	44	8	38	37	48	11	
48	35	9	49	35	15	30	37	49	41	17	42	37	18	32	43	14	41	22	3	2	37	39	42	31	13	18	42	39	8	26	32	18	5	9	6	33	9	42	13	5	12	18	14	21	3	27	11	36	7	27	7	2	20	25	33	27	13	27	25	
49	32	42	2	14	15	2	25	43	25	14	49	45	46	2	24	28	12	47	26	39	41	21	15	21	34	38	8	22	29	11	17	44	16	8	28	27	32	16	46	4	36	14	27	37	12	13	18	50	7	38	50	42	46	39	14	32	32	32	2	
27	16	19	14	3	4	8	33	20	43	41	5	8	9	11	41	19	44	23	34	1	50	47	15	1	49	7	10	15	8	18	21	39	43	28	40	26	4	16	17	7	30	45	10	19	29	28	38	31	39	14	18	17	18	25	47	6	15	35	6	
14	25	5	32	28	14	28	1	13	19	46	18	40	31	24	29	50	11	39	42	18	11	16	40	33	39	6	6	3	38	6	38	48	44	9	22	44	25	36	39	2	42	16	19	40	6	36	48	38	7	11	14	25	26	18	10	23	36	35	1	
39	47	3	41	35	12	47	41	28	17	46	42	5	39	15	37	15	7	16	18	6	42	18	31	38	7	5	31	47	4	33	7	33	49	15	17	50	2	26	37	26	34	1	17	31	35	48	22	43	27	13	5	23	2	21	47	9	23	22	39	
18	28	18	32	37	7	12	47	3	41	32	10	32	27	18	46	11	26	28	23	35	16	50	25	40	12	49	36	28	28	9	6	1	19	19	47	9	40	8	13	22	36	30	40	14	39	10	19	14	19	15	2	28	49	31	44	18	38	18	21	
37	33	5	32	18	28	40	8	9	9	31	15	24	13	15	23	5	37	17	18	26	26	30	23	42	20	22	24	8	33	50	37	33	12	18	3	5	28	4	1	35	35	33	13	10	21	39	21	14	30	9	11	23	50	37	12	31	23	16	45	
31	30	46	6	13	40	44	33	24	36	2	14	18	6	46	21	20	39	1	13	33	47	1	48	30	2	15	33	41	15	16	19	11	49	6	45	33	21	3	40	50	6	30	47	47	7	47	32	45	46	48	41	6	45	36	43	11	33	1	26	
16	21	39	22	8	1	16	24	11	12	8	20	18	1	19	34	26	10	27	39	48	19	48	31	15	20	31	11	34	34	47	19	41	29	29	48	18	36	16	7	24	48	35	6	27	10	19	44	15	15	15	20	26	35	19	39	29	7	38	14	
34	5	12	34	15	27	25	38	40	15	3	28	36	34	4	6	34	8	23	23	25	7	7	32	47	33	8	23	4	18	32	14	17	1	2	28	32	22	44	16	30	22	36	1	23	35	34	17	45	50	50	18	8	49	12	47	32	42	20	7	
12	39	34	36	10	20	20	7	12	14	30	6	8	28	17	6	24	23	32	50	38	41	49	46	46	11	9	5	23	31	8	9	16	41	28	45	43	31	45	25	20	24	8	28	33	16	30	39	7	27	22	45	11	16	44	15	30	33	48	28	
12	10	14	36	29	27	24	46	46	16	49	34	4	1	44	38	34	41	35	45	31	32	37	14	14	15	9	39	16	36	33	20	16	44	49	22	37	35	45	30	6	22	19	6	14	46	2	38	29	48	37	50	24	47	38	44	2	19	44	44	
33	26	35	49	15	10	14	34	24	27	42	5	45	30	18	39	23	24	23	48	50	23	34	31	48	9	31	8	12	48	7	22	29	2	49	2	15	3	7	9	15	28	43	25	3	4	20	37	5	16	27	3	36	43	20	13	20	7	35	46	
23	15	38	14	4	50	1	27	22	48	1	43	4	48	39	13	27	17	46	45	36	35	26	35	29	43	4	3	44	8	28	45	31	6	6	28	31	38	44	7	27	6	34	38	5	4	13	21	13	3	43	47	47	47	30	26	7	30	35	6	
26	49	19	7	36	49	38	19	30	48	41	11	45	32	5	4	48	41	48	18	47	49	5	7	24	25	8	26	34	36	9	46	9	45	9	34	5	40	23	43	49	44	18	33	8	36	38	7	4	24	14	41	32	1	50	19	18	16	25	13	
27	19	14	10	4	50	44	28	29	26	15	37	47	9	14	3	2	19	8	26	30	46	1	20	41	28	29	47	3	9	42	1	23	7	39	15	13	7	1	5	35	1	24	19	28	36	42	1	30	21	26	3	16	20	22	25	4	43	37	49	
23	35	29	50	48	36	28	1	4	19	49	13	15	39	11	10	8	24	14	21	38	30	22	32	26	19	36	19	15	27	9	21	5	27	36	6	10	21	23	49	47	27	34	1	17	22	9	26	30	47	19	22	18	13	1	5	8	5	12	48	
26	41	32	3	35	32	22	11	39	10	26	43	36	32	36	15	31	15	35	48	16	18	38	14	1	39	48	30	29	33	50	25	39	1	14	19	47	31	28	8	18	32	18	15	48	23	23	50	39	35	27	44	15	42	33	39	25	42	38	31	
47	27	27	48	44	28	45	10	30	1	4	1	1	1	10	31	32	49	45	19	3	45	9	13	40	48	10	35	42	36	29	12	50	7	12	26	1	18	12	30	9	8	27	16	10	43	20	19	38	29	46	14	49	24	45	31	46	21	20	26	
43	38	39	47	17	14	23	1	21	29	42	35	14	7	38	7	38	3	48	28	22	28	48	45	42	20	43	12	19	39	42	32	40	10	15	36	45	17	4	33	37	2	41	43	9	45	5	46	44	38	38	16	24	32	33	36	13	7	43	18	
50	1	1	9	27	1	30	36	36	34	12	47	34	8	48	42	28	25	41	33	16	10	43	28	35	48	31	29	36	48	11	41	2	47	32	41	41	36	18	45	26	15	28	15	36	22	24	32	11	28	37	8	34	21	31	7	40	47	14	13	
31	1	39	7	39	44	29	48	17	12	14	30	38	47	1	8	48	45	27	29	13	20	11	4	21	48	12	27	3	34	50	42	11	7	19	26	45	30	34	46	29	2	39	28	50	42	17	50	50	1	43	34	29	10	43	19	3	27	43	14	
44	42	1	19	38	5	50	35	41	36	20	2	19	1	47	31	42	1	32	26	40	36	5	11	41	16	44	5	24	13	7	38	21	29	42	50	10	2	11	10	17	13	48	30	50	48	21	9	46	35	40	22	19	7	23	8	15	11	18	24	
32	41	16	7	26	38	8	34	32	35	25	3	33	41	28	30	6	19	20	5	31	43	31	24	23	44	15	35	5	11	43	24	42	32	10	6	38	7	30	25	8	27	26	36	4	21	33	12	21	31	14	33	20	34	11	46	46	32	31	22	
34	3	31	35	43	33	26	22	22	33	48	37	14	27	45	29	27	9	24	40	1	44	38	50	23	5	42	24	28	14	14	47	11	16	35	1	9	31	27	43	48	48	32	21	11	25	6	32	9	24	15	25	37	39	49	36	34	27	32	5	
34	9	4	36	32	3	39	34	18	21	20	34	38	13	15	21	49	48	11	15	19	6	43	24	27	42	5	16	3	32	37	18	31	26	34	13	49	9	4	24	48	21	24	45	33	9	22	20	45	35	24	24	2	34	23	1	15	17	38	14	
13	37	4	13	39	47	31	4	12	18	19	16	48	8	37	42	29	45	41	47	23	29	22	12	37	47	19	45	5	46	27	38	38	4	44	15	46	27	20	48	44	3	33	48	5	31	35	39	6	18	5	46	3	17	7	41	37	22	17	28	
35	48	45	8	50	19	28	18	48	46	15	33	37	14	40	44	10	29	23	3	17	32	39	42	16	22	27	7	23	14	6	40	44	21	45	47	12	21	4	34	36	28	48	31	3	6	50	10	4	35	14	24	48	16	17	32	42	29	27	22	
49	48	27	21	11	26	19	23	19	45	18	21	29	30	9	44	23	13	46	16	16	36	19	1	40	41	4	21	46	10	10	50	25	42	39	39	31	46	45	9	43	29	25	19	13	25	32	44	32	18	7	32	11	13	42	26	21	48	47	32	
