Factories	3
Families	20
Machines	4
SetupType	2

Number of Jobs in each Family
2	7	2	5	8	3	3	5	6	10	6	1	2	9	3	10	6	1	3	9	

Jobs in each Family
0	1	
2	3	4	5	6	7	8	
9	10	
11	12	13	14	15	
16	17	18	19	20	21	22	23	
24	25	26	
27	28	29	
30	31	32	33	34	
35	36	37	38	39	40	
41	42	43	44	45	46	47	48	49	50	
51	52	53	54	55	56	
57	
58	59	
60	61	62	63	64	65	66	67	68	
69	70	71	
72	73	74	75	76	77	78	79	80	81	
82	83	84	85	86	87	
88	
89	90	91	
92	93	94	95	96	97	98	99	100	

Total number of jobs
101

Processing times of jobs
1	6	9	4	
2	3	5	6	
3	1	5	5	
5	7	8	6	
8	5	7	4	
6	4	10	8	
1	4	9	5	
2	2	10	7	
3	1	8	8	
10	1	7	7	
6	9	7	4	
6	4	3	10	
9	5	9	1	
2	5	5	7	
9	4	7	3	
10	9	2	6	
7	8	10	6	
5	4	3	5	
1	4	5	1	
5	10	3	7	
9	6	2	7	
3	7	3	1	
7	5	9	5	
5	8	4	5	
5	8	9	1	
10	7	5	7	
2	2	5	10	
3	3	2	2	
6	10	3	2	
6	3	10	5	
8	1	1	7	
4	8	3	4	
10	3	5	9	
9	8	5	9	
3	10	10	2	
7	1	2	8	
3	10	7	1	
8	3	10	8	
4	3	2	5	
9	3	4	6	
4	9	9	9	
3	10	4	4	
4	3	3	1	
3	3	9	2	
3	9	6	6	
5	10	10	5	
8	1	9	8	
4	6	8	1	
10	4	1	8	
1	5	10	7	
8	9	8	4	
2	7	10	5	
6	9	4	3	
1	1	6	6	
5	6	4	7	
6	7	6	2	
9	2	1	2	
7	3	1	9	
6	5	9	6	
9	8	2	3	
9	2	3	5	
6	8	10	10	
3	10	5	2	
4	1	3	7	
3	7	10	6	
7	8	2	5	
1	5	2	1	
9	9	9	2	
9	1	3	9	
10	5	3	4	
4	6	1	2	
5	10	2	5	
1	9	7	4	
4	10	9	2	
7	3	10	8	
10	4	5	7	
8	8	4	8	
1	6	7	7	
1	10	6	1	
8	2	2	3	
1	3	9	1	
7	5	4	3	
2	1	9	5	
6	3	2	6	
8	2	10	5	
1	5	3	8	
3	6	4	9	
7	4	3	7	
8	9	2	9	
3	1	2	4	
9	5	5	7	
10	3	7	10	
8	9	9	4	
6	4	7	10	
1	7	10	8	
8	4	5	4	
7	5	10	9	
8	8	9	4	
9	9	5	10	
1	2	3	2	
7	2	7	1	

Stepup times between Families, where [f][f] represents initial setup time
On machine	1
34	47	47	50	4	7	6	47	40	35	34	26	24	49	15	20	46	25	28	20	
11	18	21	27	48	3	8	11	16	17	23	21	48	49	26	49	18	29	20	24	
14	47	31	42	14	29	41	4	41	20	9	39	34	22	44	41	25	30	24	4	
20	28	44	20	47	50	10	4	13	47	3	28	36	47	48	30	36	7	37	10	
36	20	10	24	28	20	28	25	17	18	31	45	39	9	49	9	22	46	42	47	
40	18	30	25	23	39	21	45	22	47	3	12	41	38	6	50	39	9	21	18	
22	41	20	17	41	49	16	33	19	47	22	15	12	30	14	20	12	49	43	36	
9	47	27	21	28	30	47	32	46	17	30	25	5	19	3	46	41	18	43	39	
50	27	10	21	35	19	3	28	3	45	27	24	38	50	17	9	45	6	32	12	
36	6	45	1	37	40	42	19	44	1	29	2	40	28	45	14	12	37	13	34	
13	31	39	6	47	34	50	15	7	23	17	19	39	18	29	18	38	7	20	24	
20	35	13	18	20	38	15	5	40	2	18	1	29	26	13	34	3	6	22	42	
36	2	22	25	3	47	46	9	5	20	26	44	32	34	36	40	3	50	12	27	
27	49	40	48	5	32	4	1	34	11	35	49	32	17	42	10	15	50	30	45	
30	14	16	2	23	18	38	48	29	14	45	39	10	25	42	32	22	46	38	8	
29	3	23	15	25	39	25	41	11	19	2	39	14	5	14	8	11	15	49	27	
50	19	47	37	1	46	38	7	38	4	9	46	39	24	28	15	4	18	1	15	
17	40	2	46	22	10	20	35	47	41	39	5	14	18	37	44	13	9	26	26	
6	35	47	13	8	11	27	12	8	8	39	44	23	4	40	41	14	7	30	41	
22	42	8	45	7	43	16	5	13	10	28	37	25	37	35	19	13	3	45	44	
On machine	2
14	27	15	6	16	31	13	45	45	28	14	45	6	48	30	42	21	48	45	41	
19	11	17	16	39	22	30	40	34	18	1	2	16	7	33	32	41	40	5	32	
44	34	44	7	2	34	45	8	18	30	31	27	24	22	2	38	33	3	38	14	
6	9	15	41	48	30	26	44	4	50	2	1	7	18	46	24	49	28	33	48	
38	4	39	50	1	37	47	24	41	22	19	4	50	10	23	18	43	29	40	23	
12	11	9	42	21	26	32	5	23	38	10	26	37	2	36	33	30	31	50	34	
42	6	19	10	38	21	16	50	44	30	10	3	8	6	3	37	37	15	32	27	
38	24	45	29	30	35	42	25	9	42	15	20	7	13	37	41	49	8	26	28	
3	16	10	16	36	1	30	21	47	11	47	15	41	22	23	33	10	33	13	1	
44	13	47	39	35	34	29	31	10	3	15	31	7	48	10	28	15	11	20	43	
27	4	16	13	37	42	37	7	48	22	41	23	18	17	38	41	6	43	47	22	
23	50	36	17	45	16	41	13	29	14	45	37	26	48	31	38	29	2	49	8	
10	14	21	12	43	4	32	47	26	10	36	7	22	31	25	29	41	50	15	6	
37	40	25	11	7	33	16	18	28	41	23	3	42	31	5	29	9	48	46	6	
47	23	7	13	17	23	5	19	28	22	1	46	42	49	16	36	11	45	38	20	
10	11	24	15	31	17	9	11	38	49	47	37	31	38	10	32	13	2	40	16	
35	8	35	48	44	21	50	50	21	38	45	34	7	29	25	24	46	26	5	49	
23	27	39	19	2	4	13	18	8	45	24	2	50	13	7	50	22	44	39	2	
19	12	43	9	38	32	33	35	16	16	3	11	10	15	14	19	47	39	37	32	
46	45	24	20	10	24	10	13	31	12	19	15	13	36	19	34	40	48	40	8	
On machine	3
11	42	14	37	31	26	34	32	13	10	24	40	36	40	30	19	8	31	8	24	
37	32	24	50	38	8	17	39	1	47	24	30	3	20	35	42	36	28	27	24	
25	1	2	17	27	38	44	37	36	3	1	42	2	10	15	14	43	43	17	9	
38	39	39	27	38	24	33	46	50	34	11	50	35	25	35	14	47	28	27	19	
30	24	39	2	35	50	49	48	36	24	34	4	25	40	1	32	23	2	32	32	
28	24	40	11	43	14	22	50	20	11	26	5	3	28	47	12	35	40	42	21	
38	46	22	45	1	11	18	20	9	6	2	33	19	8	2	10	8	28	36	24	
49	43	40	4	14	49	48	35	17	48	26	8	16	4	34	22	13	44	32	5	
13	34	6	44	15	30	27	10	35	32	17	39	14	25	3	36	32	4	40	27	
4	44	38	45	28	10	30	2	41	19	35	26	8	2	42	50	40	18	25	30	
7	16	9	24	21	25	21	42	22	21	3	37	48	28	16	17	13	41	38	24	
22	10	31	45	34	41	40	8	43	31	47	31	17	41	24	13	40	27	4	23	
26	31	38	1	47	16	4	8	38	20	7	35	23	7	1	33	4	29	37	20	
35	23	44	48	21	17	45	17	20	45	28	19	16	14	3	28	28	9	48	4	
15	41	21	40	41	34	18	50	45	12	9	21	7	3	40	5	19	33	25	33	
36	27	42	26	41	15	2	39	8	35	45	2	14	27	18	16	12	31	23	13	
12	17	45	11	7	10	25	1	6	29	21	20	24	37	14	17	28	26	14	42	
5	42	32	37	22	16	21	2	40	36	44	49	5	39	9	43	33	14	12	8	
23	45	40	41	34	6	14	4	31	7	3	17	44	26	29	19	32	14	41	38	
4	17	29	5	1	35	1	47	9	37	15	8	20	49	31	35	10	42	18	6	
On machine	4
35	33	5	9	30	13	30	47	5	41	11	9	27	31	27	6	22	44	38	22	
3	27	22	36	10	13	7	49	5	8	35	48	35	11	19	28	29	31	27	47	
21	50	29	22	29	8	9	16	2	26	44	47	11	24	32	5	1	6	3	17	
19	29	29	1	35	47	22	15	36	24	3	1	49	41	31	42	23	33	34	20	
39	19	25	38	44	41	25	17	46	12	24	50	48	29	34	38	5	12	40	47	
4	31	42	12	42	49	9	24	2	25	42	48	20	44	26	2	35	11	25	31	
8	46	28	16	13	34	2	6	24	28	3	9	37	25	30	47	6	9	37	31	
2	12	31	3	31	19	31	35	1	50	47	29	13	26	45	22	33	14	7	30	
31	13	9	30	28	30	25	39	38	49	46	34	38	28	3	9	34	33	38	12	
34	5	25	20	14	17	36	2	2	45	8	5	15	21	28	43	17	19	21	17	
30	36	2	27	19	34	22	19	22	3	2	27	37	22	12	2	42	31	5	9	
10	44	2	19	3	34	33	21	41	28	15	17	37	33	7	27	15	26	16	38	
30	29	12	33	10	45	48	44	42	30	20	26	26	48	36	49	3	20	31	31	
9	41	6	13	24	1	49	27	29	47	25	32	6	43	50	9	46	20	25	11	
32	13	6	23	32	45	48	14	21	43	36	13	17	30	47	20	33	33	37	24	
18	41	43	6	42	28	8	38	18	37	8	6	14	36	23	43	32	50	42	39	
36	3	30	44	46	44	28	14	4	25	50	27	4	1	4	38	25	14	22	11	
24	6	13	38	31	26	17	4	16	31	9	9	9	28	13	45	46	49	41	24	
36	2	2	49	5	33	9	1	21	30	10	46	27	4	39	9	22	9	5	35	
45	36	13	11	11	15	6	45	10	44	15	39	43	22	29	11	50	45	29	3	
