Factories	3
Families	60
Machines	6
SetupType	3

Number of Jobs in each Family
8	4	6	7	9	4	6	4	3	4	10	1	2	2	6	5	9	7	10	9	7	1	3	1	10	7	6	10	5	7	7	3	10	2	7	1	3	9	10	5	1	1	4	6	9	4	4	4	3	9	3	2	6	8	6	1	1	7	10	2	

Jobs in each Family
0	1	2	3	4	5	6	7	
8	9	10	11	
12	13	14	15	16	17	
18	19	20	21	22	23	24	
25	26	27	28	29	30	31	32	33	
34	35	36	37	
38	39	40	41	42	43	
44	45	46	47	
48	49	50	
51	52	53	54	
55	56	57	58	59	60	61	62	63	64	
65	
66	67	
68	69	
70	71	72	73	74	75	
76	77	78	79	80	
81	82	83	84	85	86	87	88	89	
90	91	92	93	94	95	96	
97	98	99	100	101	102	103	104	105	106	
107	108	109	110	111	112	113	114	115	
116	117	118	119	120	121	122	
123	
124	125	126	
127	
128	129	130	131	132	133	134	135	136	137	
138	139	140	141	142	143	144	
145	146	147	148	149	150	
151	152	153	154	155	156	157	158	159	160	
161	162	163	164	165	
166	167	168	169	170	171	172	
173	174	175	176	177	178	179	
180	181	182	
183	184	185	186	187	188	189	190	191	192	
193	194	
195	196	197	198	199	200	201	
202	
203	204	205	
206	207	208	209	210	211	212	213	214	
215	216	217	218	219	220	221	222	223	224	
225	226	227	228	229	
230	
231	
232	233	234	235	
236	237	238	239	240	241	
242	243	244	245	246	247	248	249	250	
251	252	253	254	
255	256	257	258	
259	260	261	262	
263	264	265	
266	267	268	269	270	271	272	273	274	
275	276	277	
278	279	
280	281	282	283	284	285	
286	287	288	289	290	291	292	293	
294	295	296	297	298	299	
300	
301	
302	303	304	305	306	307	308	
309	310	311	312	313	314	315	316	317	318	
319	320	

Total number of jobs
321

Processing times of jobs
2	1	6	2	7	8	
8	4	5	4	5	2	
3	1	3	1	7	1	
6	7	2	9	6	3	
10	10	9	7	2	8	
4	9	8	4	8	3	
7	8	5	9	6	10	
2	1	5	6	5	3	
9	10	10	2	5	1	
7	6	4	7	10	6	
5	8	6	7	4	10	
1	1	1	9	8	7	
7	2	8	3	7	2	
6	6	1	3	10	2	
8	3	6	8	10	5	
7	3	4	8	9	1	
3	7	2	3	9	7	
5	3	4	10	3	6	
5	1	2	7	10	4	
5	1	3	9	3	3	
8	6	4	9	3	3	
3	3	8	3	3	4	
10	9	8	6	8	2	
5	7	10	10	1	9	
9	5	9	3	4	7	
7	10	7	6	9	7	
6	5	2	10	7	8	
10	1	7	1	4	6	
10	4	4	2	7	1	
5	4	8	4	9	9	
8	1	7	4	2	5	
10	3	2	1	5	2	
10	4	8	10	6	6	
8	6	6	4	9	10	
3	6	2	3	8	10	
5	10	5	9	9	2	
8	1	9	2	10	1	
3	10	8	6	9	8	
6	10	8	1	1	3	
9	10	6	6	4	8	
6	9	3	6	8	1	
9	7	5	4	2	6	
7	3	10	9	2	4	
10	2	7	2	6	6	
5	1	6	5	9	6	
2	10	4	2	8	5	
2	1	9	5	2	9	
9	2	3	3	10	2	
6	1	9	7	8	2	
1	2	5	4	2	4	
4	3	9	9	8	3	
4	6	6	6	2	5	
6	6	2	2	4	3	
4	4	5	2	6	2	
10	1	1	6	4	3	
3	3	3	4	10	2	
7	7	2	7	10	6	
2	1	3	3	9	9	
5	7	6	9	10	7	
2	8	7	9	10	3	
10	6	4	3	6	3	
3	4	8	4	8	3	
8	3	5	5	6	8	
1	2	5	6	8	4	
9	4	9	8	10	4	
7	8	8	3	7	8	
6	8	10	4	10	8	
6	1	6	7	10	4	
3	7	1	2	10	8	
8	6	3	1	10	6	
6	10	10	10	9	10	
10	1	7	7	6	7	
4	1	9	2	6	6	
4	7	4	2	7	8	
1	8	5	8	5	10	
7	3	1	3	6	5	
1	10	8	2	1	1	
4	9	2	10	3	3	
8	2	5	8	4	3	
1	10	7	7	7	6	
9	8	8	9	10	5	
3	2	4	3	5	2	
9	2	1	9	4	9	
2	3	8	3	5	3	
9	7	6	1	1	1	
6	2	6	6	2	2	
4	4	3	8	4	7	
8	10	6	4	9	3	
7	9	3	7	4	8	
7	9	9	4	4	1	
5	4	1	10	1	4	
7	5	1	3	1	8	
2	5	6	4	8	9	
6	4	8	7	7	5	
6	9	5	3	4	4	
5	6	5	10	3	8	
6	3	1	1	8	4	
9	7	8	5	10	10	
8	5	4	8	7	7	
9	4	7	6	5	7	
1	3	9	5	2	3	
4	9	1	3	1	9	
2	5	3	8	4	7	
4	7	7	1	5	10	
7	1	5	4	6	10	
1	6	7	3	9	7	
5	8	2	3	1	10	
9	4	5	10	8	4	
3	7	10	1	1	4	
9	5	3	1	9	3	
10	2	8	9	1	2	
2	3	3	6	10	3	
3	6	3	2	7	9	
10	9	2	1	6	3	
8	8	6	3	7	7	
3	1	1	5	1	1	
7	4	6	4	10	1	
8	3	10	2	10	3	
7	10	1	10	1	2	
2	2	5	4	10	9	
8	4	7	6	5	4	
4	1	3	3	1	10	
9	2	2	5	1	2	
4	7	10	7	2	9	
4	3	10	5	9	10	
3	1	1	1	8	1	
9	5	7	1	6	5	
9	1	1	3	1	7	
4	1	10	9	1	10	
4	5	4	4	6	5	
3	6	8	2	2	10	
4	7	2	6	4	5	
7	9	3	9	4	6	
1	1	7	3	4	4	
2	8	9	8	10	10	
5	7	4	2	4	8	
4	4	3	5	10	10	
2	4	2	1	7	5	
6	9	10	4	3	1	
4	9	3	1	7	4	
3	1	4	6	4	8	
8	2	7	5	3	1	
6	9	7	2	8	3	
3	5	10	6	5	7	
3	9	1	9	10	2	
4	7	8	9	7	3	
1	5	4	5	10	1	
3	4	3	4	7	10	
6	9	6	7	9	2	
8	1	7	3	7	6	
9	8	8	4	9	8	
4	6	4	1	2	10	
8	4	3	3	7	10	
1	5	8	9	9	1	
1	7	2	8	4	4	
4	10	4	10	3	1	
6	10	6	2	10	5	
9	8	5	8	9	1	
9	6	3	10	9	9	
10	8	7	4	5	9	
7	5	3	6	5	7	
3	9	2	3	9	8	
10	8	8	4	2	1	
6	3	10	9	4	10	
10	7	7	2	10	10	
7	1	2	2	7	4	
10	9	1	1	4	4	
1	7	2	8	6	2	
9	4	9	8	6	9	
3	2	9	2	3	6	
3	3	5	1	5	6	
10	1	5	7	10	9	
5	1	7	6	4	4	
3	5	5	9	2	3	
4	3	9	3	3	2	
8	2	8	7	3	10	
1	1	2	8	7	10	
3	5	9	5	9	6	
5	7	9	3	1	5	
3	4	5	9	8	9	
6	9	10	7	3	2	
9	2	9	1	9	2	
9	6	8	4	8	1	
3	10	10	6	8	2	
5	5	5	2	3	2	
10	1	3	7	5	6	
7	6	8	10	2	8	
5	8	6	6	5	1	
2	9	8	10	8	6	
6	3	4	7	8	4	
4	4	9	7	1	8	
8	2	3	6	4	2	
5	4	9	4	10	8	
3	10	3	5	2	7	
9	9	9	3	9	1	
4	3	7	2	1	7	
10	2	6	6	2	6	
3	9	10	3	2	5	
3	2	3	9	9	7	
8	8	8	4	3	4	
2	10	4	10	5	1	
8	1	5	3	7	1	
8	7	6	7	5	7	
2	1	2	6	5	3	
2	5	2	6	10	9	
4	8	2	3	2	4	
3	9	10	1	10	1	
7	8	6	1	4	1	
7	10	1	9	6	1	
1	8	10	6	4	4	
5	10	4	6	8	8	
10	8	6	5	8	6	
6	8	6	7	2	1	
1	8	7	2	6	1	
6	3	1	9	3	2	
7	1	7	1	6	8	
2	8	9	9	8	1	
3	5	10	7	7	5	
1	9	9	5	8	8	
1	6	6	1	9	7	
4	7	9	2	9	2	
7	3	9	1	5	6	
7	9	9	5	5	10	
6	1	2	3	9	9	
8	6	4	5	2	7	
10	3	10	7	2	4	
2	9	8	8	7	5	
10	7	6	6	4	6	
9	3	3	2	7	8	
7	2	3	6	8	7	
8	4	5	2	10	4	
5	10	1	6	7	4	
7	2	5	7	6	4	
3	9	10	4	3	5	
3	4	5	5	9	10	
3	1	1	6	8	4	
2	2	4	2	5	9	
2	4	10	4	9	9	
7	3	8	1	3	1	
1	1	2	10	9	8	
8	8	1	3	3	9	
9	6	4	5	7	1	
6	3	2	3	8	1	
4	4	8	1	1	5	
3	2	9	9	9	3	
8	7	10	9	5	10	
6	8	6	6	3	7	
7	4	6	10	6	8	
4	3	6	7	8	2	
7	6	1	3	5	8	
3	9	6	3	4	4	
6	7	6	4	6	5	
8	8	7	2	4	8	
5	3	2	5	7	7	
5	3	8	5	3	5	
2	5	4	7	5	9	
5	3	9	1	4	9	
9	7	4	4	1	2	
9	5	7	7	9	5	
4	3	6	2	8	3	
10	4	8	6	9	4	
2	9	6	5	3	10	
10	2	1	7	1	2	
9	9	5	9	4	4	
10	2	5	7	1	10	
2	10	3	4	5	6	
9	9	4	3	9	10	
5	4	10	7	5	2	
3	8	6	10	5	6	
6	4	7	7	2	6	
7	7	2	5	4	5	
3	2	8	9	3	2	
5	8	8	9	10	2	
8	4	8	8	6	5	
7	6	3	8	3	6	
4	1	7	10	5	7	
5	5	3	3	3	8	
9	4	8	9	3	7	
1	9	2	6	2	6	
3	5	6	6	9	3	
3	9	7	9	9	3	
7	3	7	6	8	6	
5	5	5	8	6	1	
7	9	6	10	7	10	
1	2	1	4	1	8	
4	8	5	6	4	7	
10	10	10	8	9	2	
10	9	6	8	1	2	
9	4	6	3	1	3	
10	9	6	1	3	4	
10	4	6	10	2	1	
10	8	1	2	3	9	
10	5	9	5	1	3	
1	2	10	6	2	8	
7	2	7	9	8	6	
6	6	4	9	3	5	
1	7	6	3	8	7	
10	3	8	3	1	2	
8	5	6	5	5	2	
1	9	1	5	6	3	
2	3	7	1	4	7	
6	6	4	4	4	1	
5	6	7	8	3	3	
5	1	10	5	8	2	
2	2	6	3	9	2	
9	6	6	5	7	5	
5	2	6	2	4	10	
7	7	8	3	3	1	
5	1	8	6	10	4	
1	1	2	1	8	7	
10	6	7	9	3	6	
3	10	5	4	8	10	
4	5	10	3	3	3	
1	2	5	1	10	10	
4	3	8	2	2	6	
9	2	10	5	3	3	
5	2	6	3	6	8	
4	7	10	9	7	10	
10	10	3	2	7	3	
9	2	3	6	3	6	
6	8	9	5	8	9	

Stepup times between Families, where [f][f] represents initial setup time
On machine	1
99	77	99	31	57	86	17	66	78	94	28	12	68	59	43	80	43	41	23	33	85	13	37	19	79	77	27	98	50	93	83	38	61	36	84	11	15	60	21	62	23	58	3	72	22	89	30	17	9	28	27	51	16	14	25	69	30	74	86	74	
53	51	27	34	77	70	94	18	84	26	90	51	5	42	96	29	33	97	97	49	93	50	52	1	85	79	42	42	32	4	47	91	94	11	51	84	42	74	60	57	48	47	53	99	10	71	35	55	45	83	36	27	38	7	54	86	85	99	68	64	
38	6	43	4	99	88	10	47	9	21	54	90	98	48	69	24	19	37	61	23	1	69	65	47	37	42	91	6	36	26	40	9	84	97	88	3	29	15	56	65	14	58	65	54	28	72	58	56	59	75	25	99	50	38	98	92	38	39	9	25	
70	2	93	67	58	65	73	71	19	87	65	57	81	6	56	46	32	92	1	9	48	98	24	56	8	28	14	28	9	87	27	75	14	24	23	8	39	73	31	28	71	89	14	31	54	24	35	64	79	100	9	14	20	53	32	95	31	36	14	98	
2	86	10	20	6	83	19	22	21	57	12	58	23	93	2	39	29	81	59	70	1	15	18	82	1	65	35	83	43	81	33	30	24	39	68	88	80	25	68	44	86	98	39	45	52	66	26	85	57	21	59	95	73	45	61	7	97	65	96	83	
4	72	95	4	68	27	88	43	45	54	14	94	71	12	48	69	70	28	77	21	7	23	43	30	69	23	65	32	37	94	60	29	9	12	24	12	14	1	3	77	77	31	34	4	31	26	56	15	25	28	39	79	35	11	36	5	67	73	86	85	
36	28	46	52	27	58	69	95	62	90	91	50	24	7	62	26	8	5	54	25	1	2	96	12	17	19	69	43	16	7	40	70	32	90	18	48	94	94	41	11	64	94	7	87	65	28	65	92	28	24	15	80	53	45	89	82	48	48	86	4	
68	63	40	79	43	5	89	76	82	59	80	65	23	88	51	46	57	23	32	82	76	96	17	93	6	74	53	38	78	45	11	44	74	72	25	52	46	8	10	34	35	81	55	50	1	52	36	49	56	19	53	60	84	9	58	38	88	33	88	77	
9	28	45	51	64	84	96	42	33	8	49	81	64	17	93	32	76	80	49	18	18	93	75	6	40	94	10	93	63	85	87	77	62	25	67	49	60	76	83	19	88	20	50	73	86	79	86	1	45	65	62	75	75	20	42	80	20	83	19	32	
31	90	5	100	45	1	34	22	27	15	8	4	74	69	70	71	86	66	19	91	59	46	52	7	91	62	27	95	47	58	83	29	95	93	58	56	53	100	81	58	1	57	27	98	17	82	8	29	85	39	71	88	92	100	10	29	33	3	93	73	
39	32	10	23	29	2	23	3	36	1	20	41	50	20	19	83	19	100	77	4	42	50	18	91	66	14	72	63	42	56	4	60	94	32	46	86	11	8	39	84	24	61	11	24	82	6	24	60	9	67	99	16	20	2	97	15	26	46	86	92	
58	53	81	42	33	56	57	21	18	68	6	23	6	75	23	53	4	47	46	78	98	34	44	54	46	63	71	94	36	96	77	96	25	53	43	97	27	8	50	34	33	21	20	55	58	48	3	13	97	96	17	100	56	62	92	68	25	54	100	7	
80	38	81	91	58	5	66	76	38	37	10	56	46	4	38	74	72	23	11	49	77	96	30	5	65	50	65	44	61	87	5	50	94	53	80	57	43	48	27	50	76	31	67	91	75	40	12	47	59	85	52	75	96	16	41	23	35	39	69	32	
26	33	68	35	33	63	100	74	30	79	25	41	42	81	32	40	13	46	52	94	57	93	73	5	78	48	96	65	56	44	84	14	63	85	99	90	10	64	80	86	12	17	92	84	88	23	54	97	56	26	68	52	16	49	34	14	78	39	73	91	
73	54	32	41	90	26	70	23	22	92	68	5	49	75	84	95	86	35	67	63	4	43	63	3	9	54	8	14	93	66	79	41	17	33	55	56	85	1	48	27	46	89	93	72	36	21	22	10	27	98	46	66	89	18	33	80	27	26	78	44	
55	56	47	7	10	48	64	41	5	6	61	8	57	10	58	97	75	14	53	41	57	3	79	39	18	94	71	99	20	85	4	82	32	66	4	97	86	44	56	75	38	32	65	91	42	9	15	85	100	71	86	88	6	48	31	72	96	8	64	25	
50	94	26	67	60	8	42	99	6	72	34	2	43	59	77	81	8	55	93	45	52	31	92	99	27	69	81	63	4	51	92	36	71	54	29	71	82	81	9	85	14	25	46	30	50	24	44	32	52	51	31	47	7	27	3	34	56	79	49	66	
87	72	68	30	85	77	8	34	8	13	54	7	6	34	56	35	57	23	38	14	54	14	13	97	9	78	11	6	16	66	4	11	96	47	27	81	20	10	4	24	84	90	16	38	33	40	1	25	1	7	64	13	18	27	36	98	73	33	5	41	
89	89	21	84	86	71	69	55	86	13	99	78	27	17	99	24	1	90	32	9	86	85	49	63	63	55	75	49	21	91	36	48	33	81	92	79	12	64	23	54	82	84	96	98	92	93	32	71	96	37	78	21	20	93	53	15	98	97	14	56	
3	50	12	88	69	17	50	47	35	76	76	76	23	28	64	17	1	71	74	57	99	77	45	2	14	86	97	100	84	98	86	82	48	23	10	99	97	14	42	44	83	72	80	24	82	60	25	35	80	2	77	84	37	45	19	89	86	44	91	68	
67	42	30	95	48	88	93	71	77	91	92	22	24	47	80	22	83	97	10	85	95	20	26	30	28	18	64	48	50	8	82	50	79	16	34	91	34	9	93	11	48	49	68	1	93	18	83	74	34	2	27	97	40	85	60	93	6	79	86	85	
95	74	39	22	78	20	30	2	8	41	99	2	76	88	83	97	63	60	21	68	34	77	65	33	87	82	51	52	29	85	71	30	44	61	28	16	2	60	95	24	40	33	62	86	7	55	64	94	43	71	94	40	64	94	23	24	42	55	100	99	
39	35	51	85	59	78	76	40	77	13	16	17	71	21	30	78	78	67	48	40	11	7	91	42	97	6	9	61	11	67	66	46	97	34	100	13	2	96	72	54	49	34	58	9	77	100	43	46	44	15	13	83	15	14	31	74	18	69	11	42	
76	43	5	84	18	94	8	77	7	4	30	35	51	49	99	93	37	54	38	42	15	36	21	72	41	29	31	20	74	46	66	22	15	30	33	55	72	2	70	43	44	18	64	73	34	58	29	27	37	60	46	30	17	33	76	49	75	47	29	45	
24	42	50	93	81	65	63	83	45	19	31	38	85	45	14	73	8	70	48	68	27	18	92	90	68	55	93	27	79	17	63	95	19	68	49	47	61	12	66	38	14	80	46	22	8	49	79	92	27	1	66	41	64	83	31	22	98	58	32	51	
43	86	1	36	92	45	69	4	81	54	79	9	39	58	47	55	23	16	55	100	4	74	9	100	8	72	11	3	63	69	33	27	32	16	33	78	35	65	53	88	99	67	96	32	68	4	78	29	48	59	66	19	39	18	77	99	87	88	40	95	
73	24	44	33	81	99	81	83	52	95	26	51	48	20	43	63	32	75	96	36	33	13	65	83	16	4	48	25	32	28	27	7	18	69	30	8	60	48	29	61	75	75	54	45	60	37	4	67	57	98	68	32	35	35	98	10	38	77	48	61	
81	44	35	68	16	17	95	23	75	35	51	6	15	90	19	90	39	65	93	62	45	82	7	6	77	80	8	66	99	56	13	29	36	47	60	16	29	31	89	20	71	23	57	57	42	92	81	71	24	77	20	82	57	35	67	44	89	18	28	69	
41	66	21	44	6	69	59	45	14	73	42	34	92	97	78	37	74	12	38	34	93	37	21	5	40	44	18	3	33	81	60	82	61	75	34	54	3	72	79	25	74	83	97	69	22	32	79	56	88	55	9	96	24	96	26	33	96	2	8	100	
14	58	27	21	43	22	87	75	74	1	68	46	71	6	3	25	80	65	79	65	75	96	51	6	66	66	29	77	7	8	91	85	100	29	18	46	58	56	29	87	36	31	35	47	51	66	59	38	56	52	66	36	85	88	33	43	39	80	18	64	
83	71	73	44	31	97	48	37	96	64	18	2	78	24	11	43	79	22	73	8	8	8	84	89	80	23	8	50	98	34	7	8	46	70	34	60	87	87	93	54	99	11	29	32	22	100	60	8	7	74	97	99	97	73	10	24	17	32	68	41	
69	39	42	100	9	30	32	12	79	18	93	73	64	96	39	21	61	72	42	57	7	68	64	12	23	76	11	62	32	24	15	91	46	72	62	16	71	47	37	50	92	67	81	54	7	100	14	46	26	8	10	90	38	49	81	5	53	37	20	65	
21	46	35	75	94	60	32	80	18	88	100	85	10	30	84	70	64	70	89	13	51	99	75	23	46	80	72	11	61	35	59	18	96	51	55	3	81	28	14	100	20	66	46	97	93	98	27	11	22	35	16	63	70	97	50	20	93	87	34	91	
85	71	18	50	52	34	16	82	11	52	67	64	2	64	46	62	97	51	24	14	58	59	24	5	24	8	70	29	32	42	78	3	70	36	45	75	78	100	1	16	59	35	72	45	76	7	16	56	85	27	25	4	68	13	52	9	89	29	99	79	
99	26	92	9	64	47	83	90	78	24	70	9	70	69	11	93	38	30	84	23	58	19	2	15	100	46	52	13	9	83	33	80	53	91	77	99	50	12	67	4	76	23	67	1	89	39	23	81	39	70	91	35	16	50	89	33	54	77	53	88	
67	16	93	93	72	96	44	63	50	94	100	12	52	89	9	61	33	85	44	58	17	42	52	100	99	58	84	93	86	3	30	33	80	28	94	95	18	42	17	92	86	14	75	21	1	85	59	87	57	6	71	26	62	67	96	90	47	11	46	10	
3	24	67	18	73	48	48	76	40	4	29	5	19	51	14	25	44	52	94	84	84	91	31	66	83	73	97	78	40	34	28	54	98	83	28	78	68	60	28	46	78	99	27	60	77	73	69	63	49	1	96	49	73	51	8	79	43	95	73	98	
25	74	9	36	87	64	90	9	25	39	33	23	20	46	99	40	28	78	82	91	40	21	67	48	85	91	19	44	28	78	56	20	19	5	1	88	70	56	40	11	46	50	27	17	73	10	17	65	39	44	63	13	29	71	15	78	56	39	71	56	
4	69	16	78	10	20	73	22	99	59	75	12	61	48	35	47	71	95	94	51	52	15	11	85	12	20	58	36	86	10	4	97	29	61	75	42	22	41	91	66	81	8	38	44	76	82	4	17	60	12	21	50	73	56	91	7	4	44	98	85	
15	17	51	26	9	85	65	74	50	44	50	32	45	20	85	67	97	19	18	42	9	46	35	11	83	23	93	67	42	58	11	16	50	55	2	19	77	78	92	8	56	97	35	80	67	10	12	9	68	24	17	60	41	56	51	12	62	95	3	97	
18	18	83	27	4	17	52	36	44	56	78	7	6	90	100	50	15	43	100	63	3	81	70	54	98	75	93	2	29	9	69	81	4	90	84	73	25	14	78	17	48	70	22	35	5	42	88	67	9	83	36	19	85	65	76	56	6	42	1	25	
6	60	66	52	31	43	57	14	65	19	62	86	43	81	33	20	25	91	71	37	84	73	20	2	97	77	92	46	83	74	56	62	15	33	30	56	49	92	59	6	44	27	43	15	70	24	66	54	9	66	18	17	38	93	65	37	100	72	41	89	
95	23	53	87	53	35	93	22	92	87	89	73	86	91	89	60	57	72	21	33	3	90	56	44	77	36	26	42	82	99	35	63	62	20	28	78	16	67	16	99	81	20	59	67	86	19	29	89	84	44	74	81	21	39	45	36	70	98	7	75	
75	29	54	97	26	65	34	42	71	20	86	77	24	28	29	44	73	78	54	23	86	61	50	90	16	51	70	31	32	14	85	87	42	59	67	67	81	72	98	86	24	39	19	70	84	51	32	56	15	61	17	96	17	86	48	48	12	16	42	80	
37	65	19	29	20	9	9	66	41	54	60	16	45	32	60	69	75	36	15	87	16	47	96	94	15	60	13	11	65	86	37	82	75	35	9	23	14	86	40	36	72	6	36	71	79	58	47	81	31	39	70	90	47	77	37	79	77	91	4	36	
2	34	60	55	23	15	40	16	97	26	17	35	27	57	59	55	6	38	15	32	73	58	66	79	54	78	40	69	78	34	53	73	24	92	74	62	45	73	67	24	48	22	23	2	45	50	32	4	42	47	57	25	73	95	18	4	47	39	3	26	
56	46	8	43	64	47	71	83	25	18	94	63	82	86	2	56	56	27	44	86	39	54	99	84	95	26	18	11	11	4	20	100	61	62	94	31	92	47	39	82	67	62	69	45	14	61	99	39	34	44	90	69	52	51	24	45	14	72	3	82	
62	72	46	82	67	23	78	88	16	94	27	71	26	60	53	50	1	40	77	2	48	63	78	53	42	49	13	28	68	24	56	59	91	72	30	20	64	44	44	93	46	81	78	42	47	9	17	22	31	15	36	81	50	17	96	70	69	24	73	1	
7	15	37	24	24	15	47	70	33	78	48	32	96	95	33	7	59	12	10	73	32	25	32	91	12	17	41	52	65	37	40	48	72	17	51	84	19	46	5	43	37	57	63	16	83	42	54	22	43	78	58	12	68	42	86	2	25	44	56	27	
33	44	10	38	55	13	13	14	45	24	37	97	30	16	37	92	27	54	8	64	38	27	35	81	2	91	13	62	67	57	62	60	43	88	44	81	35	56	19	24	2	74	69	72	82	100	28	38	16	56	80	87	63	14	25	85	8	88	86	1	
4	18	25	9	37	70	29	46	9	73	10	53	25	39	27	90	18	60	42	33	78	60	56	64	29	8	54	1	56	40	44	100	53	67	55	4	92	50	77	10	34	37	32	41	92	56	63	88	82	53	62	53	40	5	15	84	97	12	32	31	
55	80	19	55	18	49	8	35	56	43	1	71	76	88	20	92	45	17	20	54	6	46	49	38	4	84	65	49	15	74	7	49	84	27	3	10	90	16	82	96	45	89	36	71	64	77	43	10	33	73	6	24	73	80	41	33	68	16	7	45	
51	16	77	22	93	62	53	94	47	95	91	10	46	21	18	72	73	96	55	100	4	97	57	51	21	66	56	40	73	46	4	39	60	64	16	85	100	53	16	81	51	55	22	64	84	59	40	16	37	42	19	92	46	56	38	65	72	93	58	100	
94	37	48	14	84	54	76	76	26	95	72	97	87	35	80	16	19	46	89	94	70	23	43	23	15	3	40	52	71	57	18	17	9	50	59	40	81	63	87	26	63	37	26	80	91	84	8	85	11	23	85	46	13	82	80	94	70	85	15	42	
13	25	88	96	32	97	86	60	68	39	27	67	71	54	13	24	87	25	62	59	64	45	4	96	54	76	61	67	8	7	80	17	16	42	64	3	48	85	36	42	76	41	79	99	50	46	61	31	82	55	15	22	10	65	55	79	5	97	62	8	
61	61	10	72	14	55	23	44	45	74	82	62	95	65	44	50	31	3	27	55	42	78	77	58	56	90	5	53	61	12	4	79	33	66	77	86	65	25	48	81	79	22	87	84	64	53	64	84	87	3	61	35	13	5	42	83	11	53	51	86	
39	65	18	10	28	30	77	21	43	47	71	52	78	66	47	84	6	78	94	29	90	50	14	55	32	53	78	81	87	10	84	96	12	73	48	27	53	87	75	52	77	62	68	84	37	81	50	54	38	99	99	13	52	73	55	15	54	81	68	32	
100	72	88	16	98	24	83	60	89	90	90	39	82	82	92	8	25	53	45	6	24	74	57	61	53	56	26	99	21	90	4	49	66	44	11	98	73	49	22	32	84	58	75	22	96	26	43	90	10	66	11	60	83	35	91	31	40	10	86	39	
95	87	90	78	8	53	98	38	3	53	77	67	22	25	5	25	69	23	95	89	100	61	21	93	89	27	65	80	35	99	32	83	90	85	75	65	83	84	16	53	2	47	36	57	23	87	88	20	46	72	38	33	71	34	73	91	100	98	28	1	
60	49	14	95	8	40	86	84	87	80	97	5	3	84	68	22	46	97	92	64	19	50	71	82	34	4	1	28	93	3	35	12	40	73	83	87	1	47	95	81	16	6	70	40	98	91	52	86	85	31	14	23	72	72	39	96	38	20	25	86	
On machine	2
68	7	86	3	38	10	48	55	79	74	87	94	70	54	86	84	27	69	77	69	70	56	9	18	68	27	96	63	3	13	99	39	9	45	30	93	20	22	47	8	68	34	89	65	52	3	97	83	50	58	46	23	34	29	98	54	97	46	45	76	
17	12	69	33	87	98	22	33	52	61	15	4	50	75	73	69	71	25	80	96	50	5	39	100	80	65	27	9	65	2	63	89	4	32	11	74	28	49	98	77	43	72	76	21	23	57	24	73	4	82	74	94	61	35	80	17	50	69	38	52	
33	3	8	23	27	82	59	41	74	91	6	40	97	23	23	81	40	10	4	51	60	59	79	71	69	43	6	56	86	72	3	100	12	4	79	99	84	26	79	66	90	60	39	38	94	69	39	58	76	9	24	6	26	35	24	66	15	66	64	35	
33	27	16	80	4	30	92	67	41	19	98	29	92	59	64	19	82	95	68	7	89	32	97	38	21	7	32	99	94	47	14	32	75	78	39	7	27	48	4	49	3	6	69	94	51	37	34	63	44	72	19	63	25	31	25	83	64	70	55	42	
84	39	93	61	64	92	27	43	55	99	18	59	78	90	7	5	25	17	4	82	33	65	58	16	85	72	47	73	16	70	5	47	87	34	16	68	56	61	29	31	78	30	46	15	41	68	56	22	88	28	14	56	9	25	84	33	85	52	83	8	
5	79	23	82	20	31	11	63	74	34	88	99	77	98	17	63	42	87	88	89	5	73	12	61	96	33	54	98	33	17	98	85	31	63	80	31	59	3	15	25	48	87	76	55	15	31	65	85	63	24	4	66	24	61	95	74	26	57	54	11	
52	47	3	34	62	39	72	62	60	97	78	26	76	16	93	91	46	100	41	28	89	78	31	57	81	43	98	1	30	88	31	88	56	2	83	16	33	54	92	24	39	2	95	9	26	39	68	79	72	82	2	36	44	38	25	55	31	12	41	20	
45	11	62	61	7	9	4	28	21	41	91	79	91	45	39	48	36	71	24	75	54	28	22	53	87	52	71	98	83	100	85	33	12	97	17	42	90	76	12	96	38	59	22	41	69	31	28	82	81	14	14	83	68	63	16	55	48	23	80	72	
33	46	69	82	4	79	94	95	45	80	27	46	96	26	23	72	81	67	89	15	68	93	81	59	46	86	13	18	93	80	60	15	97	63	77	37	36	44	21	97	59	9	83	68	79	46	68	18	15	38	31	52	82	59	33	4	3	70	83	50	
55	42	48	13	7	6	42	100	55	73	53	74	46	54	58	88	42	52	25	37	51	36	4	95	71	20	6	36	45	62	13	91	42	50	39	100	19	68	35	42	12	2	70	71	68	84	76	29	7	32	16	39	84	92	6	45	55	74	65	57	
62	83	96	46	94	71	57	26	8	20	76	94	64	22	20	13	42	74	3	43	68	97	35	83	35	11	13	70	57	42	1	81	63	97	6	85	90	98	91	58	99	3	30	26	67	85	40	38	72	37	85	86	54	16	97	8	40	72	76	3	
71	39	66	74	11	3	94	81	43	11	88	76	76	1	36	37	85	100	33	4	46	64	81	77	64	16	15	4	23	64	59	42	59	99	45	50	24	78	24	35	74	81	88	12	3	37	50	23	46	99	91	50	7	52	92	70	4	82	28	42	
28	46	6	85	54	18	77	39	36	73	5	13	32	5	99	10	36	76	4	16	85	37	74	95	21	37	32	80	8	54	4	10	51	87	70	62	92	81	34	52	5	77	88	53	12	2	50	34	46	57	39	44	7	95	67	77	66	98	60	92	
89	31	7	76	7	63	50	67	44	96	16	17	5	57	37	50	41	49	4	92	94	25	10	35	52	77	82	47	79	52	77	52	23	1	94	60	69	21	90	63	52	94	16	78	65	18	29	71	46	81	82	12	60	99	18	86	96	10	93	73	
83	90	33	77	94	77	84	63	57	53	78	41	62	68	25	26	100	72	83	14	96	23	99	2	76	40	5	19	87	78	38	39	20	49	87	47	18	99	26	67	83	56	47	63	55	29	24	3	80	38	31	74	27	90	35	54	94	84	61	27	
72	26	12	77	16	32	75	7	18	58	26	37	6	2	9	84	83	82	60	33	91	45	49	47	79	55	62	41	53	70	86	3	40	54	12	67	89	56	82	67	51	7	90	22	44	35	18	96	66	91	37	86	42	60	94	25	60	50	81	49	
47	14	90	1	79	49	20	73	37	41	67	73	45	21	82	16	31	73	44	87	95	39	91	51	61	24	65	4	17	94	87	51	86	73	67	43	81	96	54	43	48	50	2	99	96	33	60	1	56	79	98	13	63	70	51	32	96	88	71	40	
100	100	72	36	35	43	49	83	10	30	90	2	32	51	4	87	8	67	50	3	27	51	36	26	70	18	8	49	78	41	3	93	59	67	21	3	45	95	14	43	98	16	67	28	47	89	68	11	80	70	64	100	39	98	63	14	48	72	14	3	
65	78	93	51	83	92	13	3	22	42	56	74	44	38	85	15	75	80	66	45	22	47	80	82	6	67	90	94	33	82	18	76	95	40	89	70	63	54	24	6	56	100	10	59	89	7	36	37	14	51	83	92	44	25	72	27	62	14	10	84	
1	88	59	70	93	71	12	39	97	98	90	59	92	64	89	84	73	92	45	84	53	31	82	56	23	92	40	90	96	37	89	65	23	18	41	31	74	54	65	44	79	52	76	94	94	30	52	96	8	48	95	62	63	28	3	9	10	58	78	43	
12	69	13	22	84	91	65	93	40	86	28	71	46	39	42	90	10	43	35	11	41	60	98	61	6	53	98	83	59	89	44	42	74	25	38	1	96	19	86	67	5	30	58	38	34	72	6	45	80	83	55	9	90	99	94	52	92	62	32	82	
24	9	89	59	93	55	2	48	47	3	28	80	47	95	58	95	51	54	86	70	59	69	2	2	9	62	20	18	54	48	12	70	31	35	26	10	3	83	87	41	25	3	72	78	88	96	76	24	72	78	25	26	57	34	50	34	87	36	72	65	
12	47	27	79	42	39	61	99	90	78	21	26	21	98	97	88	9	22	37	75	15	95	95	55	36	77	15	86	52	66	40	76	38	34	3	9	21	84	100	10	27	44	6	14	64	65	7	18	5	69	44	27	26	82	29	50	80	79	88	96	
68	88	10	83	55	26	54	57	38	55	39	75	6	28	96	77	54	99	2	60	66	40	13	28	94	2	54	51	91	56	77	41	66	93	65	70	77	47	100	49	63	99	69	79	6	87	82	27	23	89	11	86	26	44	36	54	7	12	63	15	
92	31	98	98	51	97	46	1	34	60	40	14	6	49	10	48	61	48	73	99	43	47	57	52	78	68	54	84	24	28	2	80	90	4	80	1	27	42	55	56	11	69	50	81	41	32	78	99	21	48	84	71	89	40	25	31	66	69	14	28	
75	17	53	67	82	17	30	60	38	25	94	32	80	55	86	72	84	29	50	93	91	95	79	79	71	28	93	41	22	46	13	94	26	44	24	81	48	47	32	77	96	1	55	71	28	2	48	17	21	15	97	8	31	40	30	25	35	96	3	19	
61	40	86	24	46	92	49	41	24	17	15	90	16	16	93	2	37	73	81	35	3	88	51	38	16	75	90	14	34	52	91	50	57	30	53	23	39	38	58	78	97	84	54	66	16	6	56	2	1	65	9	17	85	1	73	58	48	97	22	46	
52	27	20	100	64	37	42	63	13	82	43	46	9	23	1	40	18	64	24	93	5	89	98	53	64	100	85	60	41	46	3	57	80	42	82	86	59	25	94	85	15	15	90	76	86	72	20	46	15	74	70	85	17	58	94	62	36	89	74	15	
100	1	15	12	11	77	29	73	37	93	60	55	91	49	81	84	77	15	20	51	99	79	24	32	29	63	88	64	65	59	13	49	49	83	60	41	74	3	77	76	52	86	36	10	59	93	91	97	82	78	20	83	1	76	21	8	16	33	17	11	
54	95	80	33	32	20	78	78	3	12	3	90	70	19	31	55	40	43	25	65	52	22	21	42	91	88	46	32	40	40	60	87	77	5	74	19	12	11	55	85	30	57	11	61	49	85	96	52	57	14	14	15	65	89	30	56	3	96	53	8	
51	91	41	8	8	20	60	79	6	32	93	56	65	14	31	48	63	47	63	3	40	55	86	91	43	23	35	53	14	35	89	87	18	43	64	90	92	28	93	29	83	68	35	22	14	14	61	31	73	78	41	39	83	97	97	86	67	44	36	94	
32	70	95	71	28	51	78	82	12	46	61	5	33	7	34	38	23	14	20	66	30	58	49	92	20	1	28	74	5	11	10	5	36	49	6	11	59	16	74	62	86	74	44	56	96	80	25	34	6	93	93	61	68	38	87	21	89	47	58	80	
72	92	80	11	80	51	54	3	37	45	24	43	68	75	51	80	6	92	84	1	16	92	91	8	9	46	31	92	26	10	27	44	78	64	46	69	78	73	63	31	12	19	45	70	84	66	85	26	41	54	4	59	4	38	54	43	26	52	2	96	
45	50	4	23	13	75	53	69	91	6	90	92	82	94	28	53	60	91	78	23	38	19	47	100	64	48	82	90	15	61	67	29	89	92	48	51	22	12	24	1	75	67	14	96	3	29	13	2	61	81	91	49	85	14	64	12	22	2	40	85	
24	60	71	47	73	80	51	18	37	8	59	83	26	23	48	72	17	28	17	23	86	92	43	34	58	72	8	15	43	31	51	81	52	67	1	43	18	13	34	58	42	66	75	5	43	7	26	96	50	36	35	58	73	41	18	53	17	69	85	61	
59	60	67	44	21	82	93	39	44	88	40	89	76	31	91	50	28	71	18	65	16	37	39	14	96	64	61	65	9	84	70	3	42	4	69	28	69	42	91	24	42	85	13	46	97	54	47	69	19	90	52	49	81	54	14	95	64	56	43	80	
4	74	59	23	63	68	32	63	57	59	52	86	10	47	90	77	47	96	88	80	25	100	14	74	66	52	23	36	25	38	64	53	20	2	53	6	100	15	92	99	32	52	11	46	10	70	66	45	59	89	73	66	22	58	90	47	42	39	38	11	
27	85	20	24	66	5	99	33	63	66	82	66	28	46	48	54	11	11	69	100	81	40	6	39	25	80	60	55	39	26	47	87	21	66	36	81	69	94	57	18	5	97	93	10	63	8	88	64	17	14	19	5	52	97	67	15	20	6	94	36	
99	1	79	96	33	4	27	28	75	86	64	7	10	43	13	94	43	47	34	26	68	50	33	68	62	50	85	6	93	98	98	77	23	93	9	74	53	80	42	85	50	41	3	46	65	97	27	94	94	10	98	54	8	80	86	21	85	92	95	24	
33	11	99	46	63	2	58	18	42	70	88	20	47	58	34	13	32	6	42	38	93	86	41	99	16	87	19	37	86	62	50	78	68	55	90	26	91	3	89	94	68	33	33	17	74	9	94	51	37	79	98	33	7	71	98	40	77	80	63	42	
81	34	72	46	93	98	90	87	99	49	46	63	30	58	9	8	23	44	34	36	45	11	63	5	22	100	53	23	43	59	46	77	38	28	71	1	78	1	79	8	98	60	49	90	34	56	41	77	6	80	82	8	92	59	98	62	40	85	31	27	
6	79	24	98	80	69	63	52	57	48	33	90	53	2	31	1	54	28	16	89	86	84	42	75	14	98	58	58	22	80	38	96	22	52	18	78	48	21	42	5	35	10	57	11	48	46	35	57	35	33	14	86	52	22	35	9	86	1	64	62	
76	38	57	6	22	19	3	71	7	91	14	66	56	52	82	100	55	38	17	51	89	20	48	2	40	38	20	82	53	92	58	98	2	62	13	33	71	40	55	47	34	60	67	37	32	98	69	69	98	31	78	74	35	65	21	11	10	49	74	30	
28	54	18	34	15	90	48	17	6	66	75	24	100	79	27	56	78	90	4	79	20	16	61	49	95	95	65	43	6	79	80	57	61	96	12	55	89	2	45	67	96	42	94	72	60	13	4	26	80	67	73	4	18	30	90	66	55	66	9	5	
91	27	34	63	4	49	34	27	10	87	32	85	52	100	36	6	53	61	49	46	24	87	52	38	76	80	65	48	44	60	8	88	18	98	12	16	83	2	46	68	91	41	18	12	85	63	90	93	8	68	27	86	71	3	79	87	30	47	99	47	
58	74	78	34	24	39	67	85	88	34	68	8	28	63	86	16	74	47	66	47	5	50	45	41	12	54	24	41	4	54	51	51	29	39	100	66	30	3	30	64	52	82	78	29	68	66	32	34	72	89	11	99	44	30	23	79	49	41	15	70	
73	98	22	44	28	36	44	52	51	17	77	19	71	74	90	26	85	97	65	100	99	21	26	29	13	73	62	96	12	19	74	32	35	51	59	78	93	76	49	16	14	50	29	48	49	61	72	78	97	81	72	48	47	94	45	97	51	50	36	20	
75	69	55	94	4	20	86	1	66	21	8	94	2	9	49	77	26	83	90	47	49	17	81	45	75	53	27	15	51	42	99	47	76	26	37	8	81	94	39	29	92	28	79	2	52	80	17	37	73	10	6	76	69	78	37	86	81	97	29	75	
93	32	87	38	60	19	61	42	57	28	3	78	87	44	17	76	88	84	86	83	39	27	75	89	72	8	91	73	31	87	65	86	9	17	7	19	38	68	30	80	74	59	1	60	2	5	66	33	18	51	23	13	5	85	14	62	60	26	11	65	
94	71	49	6	87	96	83	79	96	80	76	54	58	26	38	56	59	73	71	3	37	89	40	82	52	54	65	51	55	28	38	26	78	88	53	40	62	79	47	47	52	23	55	44	59	42	96	40	48	97	35	67	95	5	25	46	7	62	39	60	
30	16	94	48	90	34	43	13	64	79	48	41	95	87	92	82	11	62	37	26	98	24	55	58	94	56	79	29	89	94	1	82	49	63	14	59	12	99	18	59	35	54	5	87	85	18	98	12	66	84	65	88	5	16	57	18	55	66	49	19	
29	62	49	15	56	52	39	51	90	92	99	100	40	68	54	3	50	56	86	30	70	41	62	68	5	97	31	77	54	2	92	68	88	97	38	80	54	41	27	48	45	52	39	38	98	56	8	11	89	30	26	13	77	11	58	73	65	16	93	9	
50	72	75	32	34	92	56	13	29	90	77	6	65	100	51	59	15	31	26	62	3	59	84	19	41	78	92	42	94	77	53	44	93	26	46	60	39	94	48	99	55	8	69	82	42	91	79	94	45	45	8	39	1	20	24	26	56	33	17	81	
68	75	49	53	17	17	29	70	38	76	25	100	93	3	60	62	35	95	21	26	70	57	2	96	85	81	64	88	11	41	60	93	67	63	16	28	75	44	61	11	13	65	87	34	87	62	17	67	46	12	47	89	83	67	1	12	3	33	26	79	
13	10	29	82	7	84	51	8	75	40	21	100	6	18	35	32	4	78	20	50	73	31	80	94	3	48	8	3	37	57	86	22	88	51	9	16	8	39	73	47	45	20	5	83	2	43	28	5	66	50	62	29	21	64	9	5	1	16	4	49	
1	28	18	52	14	84	30	95	57	52	38	52	28	34	14	74	85	43	18	83	43	55	10	54	29	14	81	34	32	58	16	30	85	7	24	91	92	38	2	87	47	6	22	71	62	38	31	84	78	42	58	77	28	4	12	39	11	74	40	73	
74	3	48	90	79	50	67	6	6	49	45	24	42	37	2	45	29	69	84	56	39	90	22	47	33	54	29	70	77	95	26	34	21	22	16	74	75	31	40	17	28	24	22	2	38	78	45	52	38	99	10	4	30	60	17	33	89	69	96	90	
81	54	4	42	57	92	81	56	71	57	94	88	18	80	9	54	70	49	84	29	81	7	91	67	16	83	76	95	50	16	61	15	5	83	69	35	52	97	82	13	65	18	9	3	19	9	94	6	12	25	9	56	1	82	26	89	65	13	61	73	
18	75	85	21	41	69	45	6	61	60	67	18	31	31	29	26	96	37	10	88	34	11	42	66	68	19	16	74	48	94	95	55	86	96	38	20	15	29	49	92	59	81	69	45	3	35	59	37	1	75	100	26	85	62	31	69	32	87	15	62	
39	31	62	45	66	4	7	56	21	30	60	15	7	2	91	32	26	95	94	64	6	65	20	46	9	99	50	31	30	98	50	25	48	48	43	99	86	66	81	1	29	36	19	45	89	32	85	49	11	66	99	56	67	60	71	6	58	58	41	94	
On machine	3
22	99	30	99	24	96	77	18	65	20	70	67	69	1	92	100	37	30	48	34	8	61	24	35	27	87	28	96	19	38	68	52	51	82	5	56	83	15	1	20	41	14	21	90	82	63	13	82	74	85	55	22	35	84	87	78	83	47	83	7	
81	28	57	47	83	80	73	28	77	7	77	7	36	1	66	78	43	26	5	42	42	4	22	81	13	58	68	46	87	47	4	26	5	71	66	5	68	65	42	84	66	22	31	93	95	13	10	36	98	11	21	43	99	61	82	10	2	3	37	77	
75	4	36	7	20	71	46	33	11	16	31	22	5	76	51	12	46	81	4	66	93	1	44	3	26	4	9	43	94	61	96	29	71	5	3	5	93	90	6	51	68	86	72	43	27	6	83	74	4	50	13	70	13	70	46	85	59	26	26	11	
89	29	73	73	14	15	7	68	59	74	89	67	51	70	5	76	96	71	5	81	43	71	43	50	46	75	36	33	17	59	94	10	86	66	58	96	38	38	30	84	25	67	27	1	87	37	55	83	48	57	52	8	49	33	16	8	48	74	8	79	
6	38	91	4	22	13	5	68	89	49	27	1	64	34	53	53	61	95	16	30	23	5	61	83	31	35	59	74	15	43	93	63	20	12	72	54	5	81	57	76	36	37	38	35	24	31	53	79	78	91	35	8	28	81	55	81	85	82	17	14	
74	82	44	81	4	33	69	18	47	92	59	52	2	57	76	67	53	37	85	43	92	86	65	45	76	77	58	64	26	54	77	59	94	49	11	74	58	59	27	93	24	34	78	80	29	46	100	43	35	89	61	29	43	7	8	64	15	5	87	39	
56	70	3	5	11	95	73	64	69	61	33	67	55	17	46	92	11	7	15	76	57	82	88	70	33	27	39	27	29	67	84	63	97	58	72	47	97	90	70	60	75	13	24	1	26	70	55	36	98	57	3	11	12	33	6	80	4	57	83	89	
38	30	27	6	22	52	39	79	64	35	67	51	66	96	74	49	91	55	58	76	56	83	58	90	60	85	43	88	98	50	7	6	69	76	48	57	27	61	36	60	87	81	63	7	91	33	9	33	79	84	38	92	5	14	20	91	33	71	96	7	
97	65	55	98	48	81	10	20	92	68	75	51	19	72	46	82	46	88	97	75	49	29	40	45	55	54	3	20	63	14	84	64	13	71	87	21	37	83	69	15	84	27	45	74	76	14	69	42	15	99	16	93	35	85	98	9	64	10	37	87	
21	96	23	70	40	76	36	60	73	67	13	43	25	38	45	86	14	97	79	77	5	76	92	42	39	4	82	14	14	3	93	95	49	86	58	83	92	91	49	33	55	52	55	86	21	70	23	11	93	37	84	49	6	39	92	38	98	99	52	66	
39	88	92	84	21	14	27	46	71	9	19	57	61	75	2	14	97	35	68	1	5	11	21	76	60	13	33	64	88	2	30	91	24	98	61	58	50	100	33	14	95	25	12	16	65	67	26	5	69	20	15	77	17	15	21	57	68	98	38	70	
85	72	34	59	8	73	8	52	87	87	1	29	41	8	14	91	13	46	24	25	68	82	77	93	94	36	8	4	78	1	43	3	73	58	43	60	53	92	18	36	50	8	57	10	100	69	81	96	87	24	23	53	48	56	44	31	76	22	38	81	
93	70	64	11	99	31	30	65	37	75	21	77	29	55	84	29	22	29	83	13	7	2	75	16	47	83	54	77	3	11	28	32	71	27	62	74	20	56	98	93	93	51	60	76	49	75	31	38	37	44	70	85	95	40	32	96	58	10	55	13	
50	92	85	17	22	1	40	69	92	52	75	14	73	88	20	31	6	76	37	5	66	13	38	23	9	85	71	48	25	94	69	54	35	88	50	48	7	63	15	6	75	32	54	79	81	61	67	71	32	19	70	83	81	44	53	5	79	78	63	84	
15	63	2	80	4	37	21	81	78	87	14	94	65	32	86	20	77	87	76	28	27	60	30	2	10	19	37	6	67	82	9	28	14	88	69	2	78	39	60	93	3	25	41	77	29	7	87	53	72	89	3	99	62	74	74	79	29	23	81	34	
10	86	36	52	24	77	31	70	13	51	59	38	69	70	80	28	5	78	65	42	31	32	45	42	14	30	57	78	5	19	26	29	11	34	68	12	38	52	59	91	68	53	65	89	53	54	96	53	95	48	57	35	38	88	13	87	91	56	59	80	
91	77	23	63	80	97	89	81	100	34	1	9	41	16	26	67	52	48	92	58	12	18	30	61	65	100	95	24	77	99	25	79	91	5	100	8	91	31	80	77	74	58	85	32	62	1	82	42	11	1	20	13	31	75	8	30	68	57	60	47	
20	31	58	21	29	88	97	68	93	89	80	37	11	30	84	36	68	59	70	100	1	32	77	56	38	32	16	71	58	50	51	10	7	53	58	97	85	18	67	11	2	79	26	45	81	30	49	94	63	35	17	8	41	70	37	54	83	56	1	93	
32	80	24	39	64	85	86	18	22	58	41	41	6	32	80	38	74	79	9	44	55	60	83	17	6	82	19	43	87	76	76	86	74	90	16	21	81	38	97	42	57	48	91	91	60	69	68	94	35	73	2	23	23	27	20	93	57	13	20	54	
42	44	43	92	88	61	70	44	23	49	43	76	63	34	6	59	26	38	78	15	92	11	82	36	48	16	45	83	74	79	50	89	44	99	8	33	62	48	10	92	21	77	100	8	61	70	49	78	98	6	56	48	28	74	45	85	83	66	65	19	
25	35	60	79	89	74	62	15	71	48	40	53	81	7	45	78	30	16	29	81	9	37	80	20	81	41	97	72	78	5	53	13	98	82	51	52	76	92	66	25	49	33	73	43	5	46	77	38	33	41	100	27	27	80	53	45	37	73	60	63	
93	55	72	93	96	23	30	40	46	66	3	67	6	46	100	78	70	27	25	92	53	52	28	47	59	79	8	18	41	65	98	24	22	57	50	3	48	71	53	36	3	100	85	24	83	72	58	42	88	38	16	92	59	34	56	3	47	65	72	47	
21	58	49	54	27	82	75	3	66	45	52	34	59	21	89	66	63	70	61	47	75	26	66	38	75	11	73	54	69	95	1	92	92	64	39	16	9	52	32	1	50	6	72	95	94	49	50	76	60	41	71	10	15	28	59	46	77	10	46	23	
6	16	11	61	56	2	95	8	72	51	64	22	20	21	68	75	23	25	64	86	32	56	56	73	95	3	68	17	92	4	51	72	42	33	15	42	67	100	98	89	20	52	12	72	79	67	40	67	99	17	59	76	29	32	66	81	40	72	64	29	
70	72	45	56	1	42	84	43	34	60	67	23	97	51	74	72	21	24	33	25	47	80	56	79	17	88	27	47	47	42	11	47	81	67	62	31	70	26	55	84	17	23	34	66	82	3	16	63	24	15	38	7	56	31	2	37	84	21	15	45	
41	14	38	16	78	49	49	85	46	29	23	69	32	4	11	14	25	53	94	95	53	37	55	99	25	73	73	47	72	67	8	49	29	44	64	30	37	49	27	38	58	52	44	51	10	61	55	55	44	68	58	38	59	61	65	87	17	3	10	53	
7	69	4	2	78	79	73	67	86	43	34	11	39	87	6	64	9	90	65	13	92	9	90	11	48	32	91	26	67	73	44	80	71	12	75	7	27	23	42	86	72	80	81	54	28	45	22	94	31	96	22	45	96	59	33	45	42	1	1	64	
80	58	3	70	30	19	39	38	21	42	10	26	96	16	28	84	64	3	99	3	73	23	12	69	86	59	20	26	87	29	12	84	100	62	44	81	69	23	26	98	40	17	77	81	46	46	44	86	22	21	41	77	47	90	73	42	56	41	86	49	
13	48	14	4	35	43	50	51	95	96	75	23	32	27	40	54	62	7	76	6	15	85	49	10	52	58	85	81	43	24	19	30	36	65	78	39	68	46	65	38	2	85	7	17	84	5	53	1	72	11	84	25	27	42	78	84	42	58	70	72	
51	57	12	97	62	61	17	1	49	82	66	9	36	10	17	44	17	78	3	26	87	41	5	60	42	90	52	94	87	67	66	97	20	7	75	62	45	91	25	2	32	44	20	20	94	32	81	40	60	24	3	49	77	89	22	18	84	90	51	16	
16	64	89	75	93	71	55	53	31	52	41	91	6	87	55	71	64	87	51	37	71	52	59	70	92	56	27	46	76	57	56	77	73	6	93	49	52	96	57	78	46	79	13	6	67	89	32	13	50	50	60	32	82	57	74	41	73	82	93	54	
47	64	70	87	21	89	52	5	79	95	47	97	42	17	70	60	11	86	1	48	12	38	83	87	31	91	80	63	12	46	35	85	97	74	94	69	82	80	13	54	27	63	52	51	21	50	15	62	69	36	13	91	25	6	8	99	20	36	2	82	
20	5	81	11	26	44	55	100	26	27	37	40	20	25	96	62	38	1	1	50	46	88	73	39	90	87	68	97	59	21	59	63	99	18	39	40	38	17	77	30	10	12	95	75	50	29	64	35	68	38	54	65	46	52	55	6	91	85	6	39	
90	45	100	87	99	90	58	12	8	30	44	100	46	60	3	67	80	42	67	27	40	98	48	80	81	56	22	21	64	79	42	87	94	18	35	48	25	28	1	31	46	75	69	30	66	6	89	60	7	97	13	72	70	97	3	98	95	24	34	28	
69	54	13	63	90	16	70	60	69	85	9	1	66	3	27	24	85	88	58	62	35	9	71	24	58	54	45	22	36	99	48	56	81	5	62	93	96	72	69	13	42	85	33	90	85	87	86	31	41	18	61	77	4	55	36	17	59	98	52	22	
23	85	79	11	97	64	13	32	38	70	26	85	42	59	37	2	23	94	43	53	92	53	95	14	86	2	68	1	47	65	7	65	45	43	71	23	69	9	99	68	73	25	99	99	19	80	61	38	3	77	25	40	79	21	30	7	92	75	88	75	
84	94	75	19	26	25	65	94	65	86	99	88	33	38	35	31	78	59	26	60	19	83	16	54	34	89	20	61	40	54	7	55	83	5	63	47	94	2	60	50	77	83	5	46	50	36	83	1	11	85	63	38	33	17	65	13	72	2	29	81	
12	78	69	37	44	55	27	83	12	75	84	61	12	33	85	61	59	36	82	48	58	85	80	34	10	71	15	44	31	75	95	65	97	76	46	33	54	40	63	22	18	67	30	17	100	72	88	17	34	14	64	94	18	60	66	10	85	64	38	26	
97	1	40	15	83	35	3	39	55	67	16	29	78	91	49	53	91	11	69	30	17	33	61	42	9	86	52	64	100	5	99	21	47	75	28	29	33	64	99	67	37	81	73	30	1	82	85	21	86	34	1	49	85	17	98	9	97	78	82	22	
30	25	25	72	45	6	33	41	9	98	59	41	81	1	67	86	31	5	83	21	9	35	62	88	22	11	94	61	7	93	77	43	50	49	72	71	70	70	9	46	45	30	30	37	87	88	41	57	47	44	9	37	31	12	15	60	43	87	62	83	
14	62	4	22	77	56	88	90	60	90	23	40	78	75	56	79	38	10	51	36	67	6	98	69	85	73	61	78	6	4	76	7	16	90	7	81	95	51	22	89	33	90	84	87	80	38	45	8	44	74	97	77	41	28	71	97	84	99	18	20	
1	15	42	82	91	88	10	79	59	29	77	40	66	40	79	47	26	51	66	10	27	96	92	5	94	29	86	85	94	77	45	63	89	95	92	34	13	9	46	4	27	43	90	96	87	81	8	44	98	1	78	27	100	66	91	9	86	26	22	45	
71	4	14	16	34	77	84	45	32	80	94	44	57	37	87	95	76	96	83	6	42	33	41	41	95	81	30	76	9	58	23	5	57	16	10	54	35	85	8	41	24	66	79	88	50	74	62	22	32	75	25	57	79	14	40	58	96	44	54	93	
98	86	62	78	43	88	60	84	98	66	12	68	87	11	67	18	70	83	67	13	13	14	37	53	97	5	86	60	75	1	21	78	87	29	38	86	12	5	4	12	29	25	38	17	31	94	41	23	89	75	49	85	21	18	28	82	88	89	23	49	
55	68	2	50	14	32	11	7	61	26	58	9	37	89	96	27	94	40	58	51	47	91	48	36	53	99	56	1	11	7	87	8	81	74	74	25	88	95	6	95	14	48	55	47	70	78	85	92	94	8	20	19	83	26	68	16	21	8	24	28	
99	91	75	33	17	18	31	50	53	77	38	60	6	79	98	62	76	38	66	83	40	39	42	9	14	1	41	56	56	6	77	16	20	28	15	72	47	74	44	43	56	59	19	20	67	62	44	22	74	67	62	88	23	8	84	3	88	60	60	67	
48	24	73	50	46	31	25	21	74	55	26	51	15	80	58	17	75	53	52	95	54	21	93	11	93	100	15	79	25	38	13	79	99	7	47	81	49	3	23	92	88	83	4	19	52	5	90	34	95	81	66	81	42	53	4	72	48	75	18	51	
44	91	82	3	70	98	15	56	73	5	84	45	99	22	50	57	88	54	75	7	47	46	38	44	99	99	69	39	41	32	21	93	39	5	77	99	73	90	69	93	97	88	80	24	36	76	12	42	19	70	42	88	3	23	1	16	57	90	58	96	
44	43	92	19	72	17	37	75	39	43	78	3	74	93	80	53	83	52	51	86	72	89	73	9	87	97	62	61	51	11	35	43	53	89	52	36	8	94	31	55	54	96	26	2	88	19	43	40	8	2	6	98	17	4	87	86	78	23	46	76	
19	9	59	29	44	94	61	52	47	22	50	47	56	89	3	97	31	92	26	10	66	51	61	48	88	31	21	83	41	34	47	51	35	17	82	84	48	50	89	75	29	45	54	7	70	43	51	70	59	53	79	65	66	99	45	45	58	45	17	16	
60	66	79	52	44	62	88	22	54	59	90	9	25	100	91	71	72	50	49	96	71	44	16	95	5	85	97	62	35	75	70	77	39	66	62	33	26	25	18	5	98	68	91	94	81	47	78	27	62	42	62	51	97	93	77	2	96	22	69	34	
67	44	8	15	70	18	98	88	32	81	79	11	72	91	100	98	11	1	18	12	87	58	92	8	7	83	64	40	74	97	22	32	1	97	20	20	28	20	29	8	16	28	67	98	88	53	2	93	64	39	15	76	89	78	25	73	5	59	39	75	
62	39	99	26	23	38	89	69	46	33	14	48	68	19	47	80	9	85	60	79	95	24	34	21	54	91	89	87	69	21	30	25	99	15	52	83	87	58	91	23	72	4	54	30	13	32	37	44	20	27	51	57	26	45	66	61	27	25	59	86	
74	24	87	57	46	70	78	35	18	77	67	52	10	11	60	9	83	39	92	97	26	93	57	61	83	49	31	62	72	47	51	75	35	84	92	51	51	52	51	82	12	69	84	14	84	46	56	69	42	99	53	97	48	100	80	21	63	5	10	38	
36	1	29	88	37	74	56	3	14	20	94	55	96	31	38	48	1	70	46	30	61	61	30	83	33	11	60	35	98	9	46	87	93	73	2	63	68	22	48	61	55	2	68	21	75	90	18	73	27	87	75	76	78	1	22	39	44	28	51	1	
24	76	43	52	93	17	21	62	84	47	35	53	81	40	87	37	86	88	43	95	8	76	2	91	3	18	94	37	28	91	87	77	13	82	34	61	49	33	18	23	12	62	41	55	85	12	2	68	67	97	25	97	49	21	64	55	13	32	36	61	
90	85	44	97	40	29	14	57	89	58	1	73	18	98	58	95	47	2	81	74	63	14	8	47	2	16	76	52	24	24	67	80	86	66	8	16	19	38	3	34	60	8	23	79	100	16	67	13	31	7	33	47	85	87	93	29	78	26	30	27	
87	66	68	8	92	97	81	94	60	56	85	31	100	98	20	35	27	32	47	69	93	26	49	48	87	95	11	7	38	58	62	58	92	17	81	10	3	83	74	22	51	21	73	73	95	92	62	72	75	17	38	68	68	100	62	31	51	2	23	65	
63	26	57	59	93	62	77	71	69	35	44	26	14	29	38	30	86	91	43	82	15	35	73	64	86	13	82	54	2	34	80	31	55	50	42	4	55	45	52	17	24	74	58	93	4	65	85	59	69	3	26	93	65	7	15	98	21	88	35	71	
32	36	98	17	66	63	53	71	6	29	3	61	25	60	60	11	16	5	72	96	56	44	56	61	71	45	88	87	6	86	21	72	37	15	21	88	74	65	43	34	82	6	81	32	44	92	74	1	47	16	25	61	50	68	55	46	18	84	45	70	
On machine	4
60	46	18	75	80	33	54	82	70	99	39	99	18	57	70	73	45	10	5	49	65	22	32	55	37	10	26	73	30	17	65	94	53	13	52	66	99	10	64	97	1	50	13	41	87	54	15	75	7	31	96	40	6	73	3	60	23	4	78	92	
63	28	88	29	11	38	58	64	64	87	43	39	68	9	17	63	1	24	55	48	31	11	8	90	41	39	48	46	69	63	69	96	80	24	87	22	12	14	85	17	84	68	16	98	91	41	80	71	40	20	22	15	73	77	7	52	84	84	39	91	
23	6	2	2	79	33	25	41	50	41	56	41	70	76	66	48	9	86	78	100	84	53	80	48	5	2	11	4	77	61	70	61	48	57	53	64	26	48	94	29	9	94	43	52	36	28	5	43	48	23	93	86	21	56	50	3	23	30	44	96	
5	81	3	3	66	54	51	68	94	81	14	52	63	18	58	30	32	27	74	22	22	40	59	29	6	52	19	16	70	76	44	6	20	46	94	8	47	67	95	60	54	99	70	53	66	4	98	19	48	6	8	4	96	30	47	29	32	26	100	7	
16	68	25	80	9	45	89	26	20	12	69	94	20	99	37	29	28	13	98	67	38	16	3	23	22	97	13	19	59	50	100	44	79	39	50	97	66	64	66	80	61	78	30	49	70	96	56	86	79	16	75	82	62	38	83	66	72	80	54	61	
55	51	87	79	32	61	88	32	85	75	32	14	69	28	80	72	22	67	90	17	100	22	55	40	86	72	69	65	38	32	13	88	20	18	93	44	67	49	90	95	99	41	20	84	30	32	38	45	62	44	35	30	62	14	81	86	41	45	8	68	
31	8	79	60	57	62	11	88	63	24	84	93	40	83	56	98	82	99	29	11	10	82	47	82	87	22	30	58	98	6	9	75	16	73	14	74	43	84	60	9	54	13	43	34	16	49	67	44	50	47	23	14	96	61	79	43	17	39	36	62	
94	94	43	30	45	99	32	88	22	75	20	52	90	21	50	22	30	38	34	27	10	4	71	98	15	54	42	70	13	7	70	72	41	42	74	66	22	29	21	96	74	20	4	14	44	55	1	97	63	10	71	1	94	34	2	71	98	89	8	64	
91	74	84	90	83	5	30	57	71	51	11	56	83	59	83	73	40	68	36	95	27	19	53	35	53	75	18	41	14	49	82	79	19	59	6	54	67	60	32	32	67	27	52	58	68	55	53	55	89	84	8	52	6	66	48	81	57	10	6	48	
3	47	27	49	16	23	45	66	14	78	63	68	43	54	63	57	54	96	79	3	57	34	80	5	88	90	53	72	96	25	27	33	4	47	99	25	60	70	89	93	13	21	67	87	83	75	81	77	70	28	48	40	94	23	60	84	61	40	27	58	
79	17	55	62	99	72	87	71	77	7	96	3	85	70	85	99	87	72	17	38	73	20	76	76	37	98	1	26	52	99	90	37	38	85	41	76	98	6	37	70	80	86	80	28	29	67	16	26	15	33	63	91	34	99	12	98	10	80	34	60	
90	37	23	24	88	73	81	44	22	86	60	52	69	28	92	32	40	12	88	6	74	23	20	90	20	83	58	78	57	28	35	84	75	46	69	14	67	67	52	64	91	76	25	96	99	1	97	79	85	60	62	62	62	78	34	19	38	76	85	4	
41	11	57	64	43	47	32	53	61	89	37	74	29	27	66	30	44	8	6	65	69	24	85	94	25	77	100	28	29	15	22	44	12	5	67	90	98	12	13	68	47	3	68	37	96	84	74	34	94	62	39	50	32	44	73	21	68	68	51	30	
73	52	27	18	40	93	41	28	15	76	70	3	21	50	54	52	55	82	74	65	98	82	60	98	18	11	98	45	79	49	37	9	50	2	19	26	14	95	68	69	75	96	94	82	30	73	82	17	7	78	80	65	88	61	18	65	7	45	33	17	
33	49	17	77	80	33	78	85	9	81	79	73	90	15	34	81	12	62	16	95	88	88	38	91	15	3	64	80	14	55	41	69	23	43	27	15	50	43	81	93	23	16	54	96	80	10	68	24	85	42	68	46	6	87	56	51	21	47	34	29	
61	41	47	13	34	45	52	97	85	13	31	63	2	15	50	29	65	5	3	47	26	47	91	66	1	67	64	34	28	9	73	38	2	94	6	50	32	75	19	5	45	22	93	28	52	64	97	62	36	87	39	74	63	21	52	79	52	22	28	10	
17	79	36	61	62	27	98	54	37	98	64	9	62	68	57	30	91	55	45	51	55	32	41	41	8	80	64	13	44	25	4	33	52	18	59	88	72	11	67	90	91	82	72	55	68	39	49	67	27	57	50	14	16	41	32	69	96	10	46	92	
93	47	42	37	17	69	55	1	30	11	86	2	21	2	38	49	2	20	84	13	58	42	79	4	56	6	65	56	49	78	66	4	91	13	92	76	52	69	15	90	70	79	54	47	74	79	2	29	70	79	71	62	63	93	80	5	42	6	18	56	
37	54	4	73	26	42	62	49	12	77	7	38	65	58	31	35	83	68	81	70	82	79	17	89	41	99	77	37	84	14	1	31	57	83	17	20	62	72	54	4	42	15	12	61	23	81	74	56	68	2	38	72	51	41	22	50	17	55	7	49	
88	94	86	35	53	84	4	31	94	67	98	72	74	51	88	75	88	7	34	16	36	20	45	7	24	72	15	17	95	66	17	55	36	65	67	26	60	49	81	92	59	52	89	3	24	58	42	96	8	52	55	5	13	35	90	43	59	41	19	46	
2	75	99	37	10	71	74	22	96	80	5	21	61	39	12	92	95	52	83	68	34	22	46	58	77	35	70	80	6	72	18	41	88	67	26	5	94	13	26	82	99	83	11	36	40	95	86	83	13	52	9	39	19	79	74	63	29	47	92	86	
62	80	60	54	15	69	45	9	46	51	40	18	98	6	15	51	71	17	51	36	16	23	55	21	87	11	35	88	21	40	77	93	19	5	18	53	72	79	16	24	56	100	59	21	69	6	74	84	72	88	47	64	5	1	37	90	98	63	89	84	
57	89	55	97	77	8	63	90	99	70	12	93	54	33	87	37	11	10	59	46	89	49	7	89	28	28	52	22	16	71	21	85	97	43	36	31	36	13	24	65	20	56	16	26	70	81	61	89	10	24	86	85	11	100	26	52	53	23	35	94	
40	26	78	74	16	61	76	21	3	27	59	58	15	93	20	98	5	65	39	50	4	89	47	45	94	64	28	45	35	44	7	44	8	76	37	48	83	72	37	96	83	87	58	70	15	8	32	49	98	97	47	74	50	23	47	70	61	54	62	5	
19	24	26	82	90	99	1	85	14	16	65	85	56	84	33	11	41	38	37	83	23	12	69	2	60	54	37	4	78	41	75	86	98	34	66	42	63	56	2	18	13	36	84	10	70	35	62	11	29	59	62	40	58	2	84	18	98	14	10	55	
43	85	39	26	22	55	14	98	6	38	100	55	4	52	56	65	73	48	83	48	39	22	84	56	48	20	32	26	79	73	5	31	57	8	59	43	55	74	31	52	1	55	84	25	98	94	63	41	52	86	28	48	15	15	18	35	45	6	81	79	
45	14	6	4	28	52	30	7	23	20	92	74	66	43	69	70	24	91	93	25	33	70	91	22	20	8	28	78	69	23	32	75	82	23	41	82	60	81	44	65	32	60	81	99	22	31	67	15	34	22	48	7	74	11	62	25	8	2	90	51	
43	96	40	100	35	97	87	2	68	20	54	84	75	39	31	91	29	35	51	69	32	33	6	42	4	14	24	67	13	12	57	55	93	68	93	48	68	3	91	66	66	52	7	14	100	5	17	18	15	30	20	19	38	80	58	14	90	70	90	35	
27	91	92	23	81	12	72	69	60	17	85	43	36	83	47	50	43	49	23	76	76	81	38	4	63	28	41	43	70	32	99	69	28	2	71	49	8	20	20	26	53	25	78	38	35	38	11	72	20	3	49	97	79	11	62	46	5	45	66	45	
46	39	19	89	11	11	51	67	74	79	9	30	65	17	53	82	18	39	97	76	74	37	40	77	29	1	74	80	42	10	93	72	64	24	46	31	27	26	27	35	86	62	35	43	73	21	10	6	15	98	99	70	62	64	15	44	66	54	25	26	
47	75	26	72	66	75	73	79	45	64	43	83	54	68	63	40	73	46	90	44	20	15	73	50	100	39	7	58	34	31	20	84	40	66	78	26	100	7	51	69	21	17	56	38	20	22	12	81	12	71	48	27	35	81	70	57	20	20	58	11	
13	84	97	38	28	48	76	80	88	89	61	50	99	12	64	24	1	3	35	74	60	82	48	82	62	12	98	13	74	75	94	64	86	88	19	52	76	96	56	79	16	48	46	20	6	90	46	1	81	84	7	75	71	72	98	7	73	81	65	27	
65	13	47	71	38	12	79	10	97	56	3	4	42	69	74	60	92	94	91	57	80	24	36	24	54	43	91	61	46	52	72	88	23	82	96	26	94	11	95	40	25	84	76	29	92	95	45	35	59	77	33	16	57	44	22	42	69	3	22	4	
59	44	82	30	90	73	29	79	43	66	54	54	48	9	79	32	98	27	52	87	28	67	51	98	5	88	30	63	96	3	72	28	62	38	51	11	99	47	82	56	84	48	61	16	8	99	65	19	62	52	82	82	75	63	70	91	57	87	83	44	
38	64	28	58	73	1	100	97	2	43	67	39	80	22	58	35	64	65	61	32	19	20	19	58	60	5	56	15	43	66	66	17	81	18	58	16	13	26	72	74	34	6	77	18	34	72	8	69	63	92	71	10	76	100	39	45	98	78	91	86	
35	8	93	35	63	100	6	59	41	96	11	9	88	19	80	40	51	9	75	96	6	3	16	25	10	22	83	50	90	34	67	24	39	50	74	60	81	90	65	7	87	20	54	49	9	11	54	25	71	65	80	70	45	63	91	80	1	6	51	97	
24	72	51	78	65	55	45	78	47	42	34	81	45	94	63	96	27	14	29	21	74	1	42	33	87	79	68	13	65	95	37	89	40	93	59	62	58	12	68	52	92	45	93	99	20	41	1	93	90	35	72	8	40	33	37	71	94	32	35	91	
53	22	99	84	98	44	51	26	2	29	5	25	38	70	35	47	80	5	85	72	72	55	32	34	52	64	74	58	8	74	21	14	23	11	20	85	77	74	96	12	49	9	11	31	23	54	95	75	1	92	33	77	27	29	67	79	99	91	87	77	
62	32	1	18	33	13	49	44	79	43	76	2	87	9	35	77	72	48	53	65	59	27	88	36	33	54	52	19	37	38	75	100	44	43	64	68	44	64	92	66	22	50	54	7	75	80	52	23	65	38	70	100	1	97	55	57	84	97	100	34	
94	12	27	75	58	14	36	26	55	61	52	97	47	36	31	2	42	95	70	13	65	56	81	91	76	40	100	69	33	71	5	32	98	17	29	38	96	98	32	57	36	60	58	6	46	80	93	65	53	49	21	71	94	3	34	20	72	24	85	74	
11	59	74	54	16	78	96	69	69	14	37	58	89	4	72	41	30	71	67	35	41	99	34	69	54	91	57	66	45	70	34	65	44	86	23	42	85	79	5	100	74	63	49	87	24	94	45	35	33	4	26	20	45	88	32	31	38	71	55	5	
55	62	62	83	6	52	81	70	77	27	90	79	99	17	47	5	83	90	25	98	73	48	53	92	72	53	32	93	22	68	11	13	61	67	17	10	26	28	55	40	36	19	86	66	44	51	19	41	15	39	25	28	87	78	12	23	33	54	49	11	
38	81	18	34	32	82	71	88	20	63	61	26	38	10	18	42	37	21	66	18	3	17	80	67	35	47	75	49	41	74	87	86	69	83	83	40	4	58	29	99	20	8	64	62	35	13	8	65	53	53	63	91	69	21	90	45	28	79	63	74	
48	22	18	4	21	22	90	40	13	72	17	13	81	60	71	86	42	64	39	12	21	80	70	18	67	39	16	68	64	37	3	67	6	93	71	31	48	85	99	4	35	23	98	13	81	55	66	65	16	22	55	8	61	45	19	22	26	14	81	30	
93	62	40	58	38	12	5	17	95	32	19	37	49	36	21	98	10	100	81	31	49	40	97	27	9	61	91	55	42	19	69	70	52	33	56	84	38	90	40	60	58	1	33	76	1	91	68	50	17	11	93	52	1	57	64	59	53	87	41	37	
47	45	56	44	33	3	85	42	68	64	57	74	20	33	73	91	77	95	50	32	2	81	54	24	3	73	52	7	36	49	42	88	76	77	19	56	80	67	3	62	61	30	99	89	51	47	80	16	98	8	4	24	84	74	94	11	89	78	17	94	
88	87	37	56	3	22	57	94	20	58	96	10	53	71	70	84	73	64	5	17	20	20	29	54	73	61	91	9	97	18	80	22	59	79	18	93	70	45	67	62	39	88	30	45	47	95	2	19	27	19	12	96	70	4	17	66	59	55	32	14	
100	29	85	78	50	74	89	47	22	70	8	44	39	36	81	62	89	36	92	37	45	82	46	15	46	99	56	52	55	75	17	86	42	40	74	94	49	35	99	66	75	8	96	40	77	94	39	55	21	83	59	32	38	65	58	40	82	59	99	56	
97	14	91	18	3	71	17	54	99	23	7	98	12	64	47	34	60	60	2	83	24	51	88	11	12	89	80	66	11	68	89	35	32	76	41	100	66	29	77	58	62	17	50	20	55	97	38	59	54	3	49	70	86	10	90	62	53	82	57	89	
77	67	67	27	38	100	67	25	16	46	83	86	84	95	42	10	30	96	4	93	37	38	69	40	58	88	37	94	2	43	75	69	19	84	63	89	69	34	50	82	77	84	17	2	2	77	13	14	62	32	9	69	15	15	97	49	66	38	65	93	
87	49	69	66	19	42	11	58	74	35	45	57	41	52	65	86	68	96	35	38	51	6	82	64	6	94	77	85	4	4	71	28	56	15	48	72	91	18	67	88	81	3	52	76	4	25	3	31	57	52	22	92	96	10	42	41	86	76	1	100	
1	17	78	87	8	98	70	11	20	47	81	81	78	37	20	22	97	97	2	15	31	88	4	83	35	23	41	7	85	69	70	82	93	38	70	39	33	62	34	7	62	22	67	56	69	18	72	14	90	20	62	32	68	89	88	50	6	17	88	24	
50	20	31	83	48	78	96	98	69	10	52	49	77	26	68	44	9	98	76	70	53	7	75	20	37	14	91	31	54	54	22	99	80	85	76	52	74	46	99	66	9	54	81	23	56	68	21	63	11	36	13	9	95	90	2	41	22	60	8	65	
59	51	43	87	96	30	6	39	46	69	79	57	69	80	56	18	32	44	89	44	71	96	10	43	28	28	22	29	98	66	47	20	69	23	48	98	74	21	4	93	77	36	37	37	12	13	57	19	42	45	96	99	41	55	35	56	63	70	83	78	
91	13	92	64	71	32	59	51	73	70	63	63	83	23	64	49	92	56	9	44	19	80	67	60	25	61	4	28	22	87	25	55	79	21	44	1	87	38	95	50	39	30	85	59	84	65	16	56	15	14	47	43	74	88	48	71	10	33	42	71	
55	44	17	47	95	17	74	27	43	90	1	15	6	24	52	95	68	86	74	4	74	2	19	99	82	30	18	60	41	36	56	29	55	28	55	92	59	38	71	10	100	28	19	14	95	21	59	14	26	3	49	84	81	10	50	27	90	21	46	35	
14	5	27	14	14	16	29	5	43	91	66	46	58	11	52	32	10	93	11	28	87	56	13	40	99	98	11	41	15	38	2	88	13	17	49	3	63	44	61	86	71	61	67	68	16	63	96	35	11	19	91	44	83	77	34	28	82	39	18	20	
45	80	77	96	38	24	28	34	68	71	30	19	54	35	94	2	48	94	12	36	10	56	59	4	82	16	5	24	100	41	96	76	100	36	63	45	80	49	48	84	63	14	45	100	57	14	16	10	28	5	51	3	6	63	56	15	88	56	85	80	
46	91	15	21	8	86	45	8	13	93	35	94	25	12	44	77	100	2	76	86	65	23	30	81	84	13	64	17	8	31	23	4	96	46	30	95	64	69	34	42	99	95	99	66	26	30	93	47	51	10	26	56	75	30	91	64	84	46	82	46	
88	34	65	81	82	5	62	10	34	78	70	81	87	99	24	6	14	23	84	84	70	90	71	10	74	98	72	66	62	81	79	74	6	48	53	81	87	41	89	38	20	32	90	79	44	63	36	17	36	36	72	53	32	71	86	42	17	60	72	46	
On machine	5
98	74	45	38	47	13	23	21	17	70	58	87	27	76	89	3	92	13	81	66	78	41	41	27	2	53	27	71	25	36	20	11	55	58	75	36	30	31	38	70	26	43	65	29	30	73	59	68	5	85	75	91	62	29	35	32	96	44	62	20	
94	5	71	55	51	5	9	5	13	88	90	10	59	56	19	69	7	84	21	44	12	20	48	91	77	84	59	42	18	90	40	43	52	4	41	85	56	94	68	77	22	96	31	39	12	79	35	41	40	21	90	10	25	70	78	30	55	15	48	79	
92	86	49	27	67	24	11	21	63	46	83	85	19	60	9	72	100	21	46	51	46	23	38	30	12	58	16	40	23	22	98	49	57	22	23	56	39	18	52	71	11	89	30	91	70	7	37	4	29	65	58	65	13	87	73	16	25	48	95	85	
51	92	97	7	47	6	12	50	75	94	100	87	2	22	62	93	43	22	83	81	85	68	57	85	65	32	60	64	39	14	57	61	41	6	66	20	8	16	39	89	84	47	83	5	82	89	78	86	80	81	13	98	45	97	74	41	61	3	58	18	
47	97	25	96	2	68	84	10	77	33	8	90	78	1	62	45	56	39	22	97	19	47	89	63	5	22	18	67	67	31	24	38	61	88	28	50	10	73	92	76	42	19	68	67	5	5	20	7	80	96	83	20	42	13	66	36	44	55	76	26	
81	45	72	64	49	13	48	52	44	5	93	2	10	74	10	33	16	27	6	39	62	23	60	82	95	58	93	57	68	85	80	14	72	24	49	89	27	4	36	56	22	41	51	52	47	38	39	68	69	94	26	9	66	93	97	39	63	87	17	18	
63	72	7	27	16	77	60	51	2	38	96	55	62	13	26	10	63	58	37	85	50	59	54	98	39	81	50	47	33	28	42	23	70	15	44	24	21	68	39	7	68	63	5	74	21	12	71	5	27	22	98	90	56	97	54	32	50	76	88	98	
31	100	36	28	17	59	59	99	98	48	17	94	67	70	86	63	91	19	1	15	95	91	62	61	19	41	84	29	55	69	22	44	15	79	64	69	52	83	60	80	96	30	82	66	100	20	39	48	68	74	93	1	6	5	43	41	71	15	66	11	
30	29	45	41	18	67	49	99	74	80	72	21	3	17	55	57	83	52	81	48	83	35	85	43	90	3	71	33	15	98	84	92	67	96	88	73	40	85	43	20	73	78	94	79	39	34	47	54	87	43	99	78	6	25	11	98	57	38	85	15	
92	63	48	31	81	53	67	60	17	84	27	14	19	16	6	10	64	64	2	20	5	80	97	28	7	54	99	8	8	1	70	22	47	5	96	67	73	53	6	19	56	69	76	15	41	38	65	71	69	16	88	9	14	20	87	77	95	55	3	99	
99	57	21	58	57	77	31	58	99	95	74	32	99	3	58	5	19	66	38	44	24	54	38	16	44	99	98	77	81	19	9	73	65	77	14	27	73	54	46	11	31	80	54	48	92	4	42	14	52	21	6	86	59	65	75	89	11	88	97	40	
47	63	61	56	4	78	98	64	46	5	32	14	29	87	70	48	20	52	83	56	26	6	59	46	79	30	24	24	21	4	33	82	75	26	33	83	58	44	39	4	67	53	73	3	41	1	27	79	99	80	5	58	79	62	67	74	92	84	64	65	
28	66	1	15	55	37	27	74	28	38	12	44	61	47	81	98	66	14	40	52	52	48	57	100	72	4	78	88	41	56	39	8	78	39	69	83	41	83	6	65	66	93	2	53	56	95	1	67	57	25	69	45	5	3	14	5	17	86	82	35	
75	29	21	61	97	58	21	30	62	77	63	7	44	52	75	27	84	56	32	62	54	7	87	1	52	54	84	51	77	4	85	95	75	12	11	16	38	100	18	33	45	87	49	66	86	100	6	62	13	87	7	84	49	7	9	95	26	64	99	29	
6	95	2	15	95	36	36	49	100	16	31	66	28	4	44	25	71	24	83	55	82	63	49	43	53	14	63	5	27	54	88	79	42	71	26	73	91	27	53	81	9	31	12	38	9	12	92	49	32	57	39	100	64	89	14	8	36	23	21	34	
27	36	6	90	74	15	28	48	89	94	12	18	3	45	90	54	97	53	30	16	17	71	17	59	71	20	14	92	44	3	4	90	33	77	74	32	82	20	56	48	20	79	59	82	47	29	68	52	68	89	89	23	66	77	73	54	83	41	62	89	
54	97	3	9	22	73	34	94	30	17	74	81	79	74	2	75	21	64	34	38	98	8	98	82	3	27	40	47	52	91	61	77	54	22	95	31	75	5	64	76	1	79	87	24	71	98	75	83	61	37	17	15	38	91	43	54	3	82	29	92	
29	4	43	82	23	2	30	57	41	17	64	99	33	22	10	15	68	96	76	40	54	77	24	50	5	73	74	13	31	10	64	15	8	97	36	82	27	36	7	21	43	4	64	61	16	65	76	59	77	100	97	32	74	51	7	13	24	15	3	52	
39	19	46	35	11	84	65	100	48	97	99	92	68	23	58	48	59	68	87	96	44	33	88	90	83	36	31	3	49	1	68	44	95	55	85	8	71	1	78	44	91	96	92	3	43	22	98	54	26	5	97	95	15	75	35	94	94	16	3	52	
8	38	71	80	55	77	76	18	19	75	53	69	80	22	17	84	65	100	98	97	100	13	70	90	43	35	9	44	7	46	11	92	35	27	8	63	62	47	52	53	93	55	64	13	59	34	18	1	66	21	36	4	51	47	12	19	48	41	19	16	
9	59	87	87	96	87	33	83	14	1	59	61	63	85	46	99	23	1	48	16	82	2	16	54	1	60	77	80	54	12	60	74	42	26	72	65	61	35	100	75	57	52	24	94	38	60	96	59	90	99	6	59	17	19	68	77	91	55	29	7	
89	25	60	62	64	60	57	22	4	38	56	23	96	84	84	32	66	4	4	50	30	43	68	56	14	3	22	80	85	34	42	31	48	47	7	72	20	80	39	18	69	61	42	31	51	56	17	59	59	30	57	2	64	89	22	1	18	79	33	23	
62	9	38	15	32	39	86	80	78	79	60	46	2	88	93	47	97	69	85	20	5	10	68	32	35	2	37	21	77	26	18	46	28	37	48	57	45	49	8	42	58	61	14	64	86	26	73	3	64	95	60	93	55	35	79	72	41	54	57	72	
43	17	19	41	69	42	17	52	59	48	77	67	95	97	65	97	8	44	42	15	66	81	20	91	2	26	93	71	28	57	36	78	4	11	15	80	26	59	64	92	82	100	98	41	18	71	91	34	89	97	89	79	36	83	63	91	74	59	10	91	
34	93	76	95	15	30	67	15	59	97	57	5	29	62	30	38	71	72	50	97	57	2	93	7	98	30	61	35	35	97	23	46	45	61	56	11	74	15	77	87	52	39	72	83	81	10	97	8	18	32	10	8	39	94	99	27	23	58	60	97	
85	64	87	94	69	91	33	46	7	100	32	46	36	74	66	50	91	79	20	57	47	86	81	18	69	38	9	52	73	10	26	52	27	77	82	49	36	23	41	88	51	77	52	93	33	34	6	62	44	62	10	99	26	79	25	46	13	86	61	4	
62	71	63	71	3	72	21	65	61	43	30	53	74	25	18	81	49	54	5	76	71	11	43	4	46	99	42	46	44	81	79	29	55	96	89	28	55	44	43	88	7	36	88	26	51	85	5	40	77	46	17	46	95	65	56	87	52	1	78	65	
70	91	53	13	8	54	66	26	96	46	48	41	99	1	53	89	23	20	49	20	33	64	80	57	83	20	80	12	76	21	27	55	3	41	69	98	92	16	69	1	41	89	64	28	77	71	39	60	71	15	15	52	12	65	6	98	36	69	39	27	
66	32	92	60	55	79	71	6	1	27	51	89	12	6	16	5	33	29	6	49	77	50	30	15	72	20	85	51	90	88	89	28	94	82	22	64	13	45	97	7	45	11	7	22	95	88	55	8	82	89	56	6	93	56	14	3	47	98	87	2	
21	80	79	59	15	26	7	11	62	1	53	56	61	59	45	36	19	84	26	25	89	43	39	73	41	62	84	63	66	18	96	98	4	74	52	80	6	61	22	81	26	70	66	85	97	40	53	95	76	66	4	24	74	92	83	32	48	15	14	87	
41	34	98	22	21	53	81	3	31	54	80	82	33	94	29	14	61	65	64	32	66	97	93	89	77	44	90	22	73	88	15	15	35	6	35	20	54	94	97	20	38	18	11	91	79	9	93	43	77	15	17	73	25	98	21	84	58	10	46	54	
49	80	16	75	2	75	54	7	56	93	96	35	31	37	18	18	63	8	6	20	56	81	68	51	88	12	49	62	29	47	78	70	12	76	47	71	12	49	16	27	19	9	34	9	97	34	85	68	23	75	12	77	63	60	50	59	32	8	96	85	
53	14	59	9	29	91	31	59	90	79	56	56	98	86	96	44	46	41	9	50	29	49	80	26	18	92	6	23	34	45	10	99	51	16	72	11	46	58	52	79	48	58	26	6	27	97	93	30	40	68	29	66	26	27	9	31	89	20	24	37	
7	40	36	66	95	29	13	80	69	73	23	83	82	17	54	17	36	70	1	1	92	56	29	90	57	33	28	37	68	64	73	91	70	65	45	32	9	36	22	53	15	83	19	8	43	65	77	65	26	57	53	79	5	32	6	57	8	78	87	70	
98	53	96	11	42	51	1	23	5	29	20	100	100	97	41	36	37	46	14	22	37	100	48	62	1	85	67	2	93	30	72	39	44	51	81	52	46	86	33	49	46	5	34	22	44	46	19	5	18	83	62	61	77	66	42	4	86	54	64	95	
69	50	95	37	90	69	33	34	43	84	64	33	18	4	9	19	2	87	47	61	63	36	23	20	57	13	23	68	89	81	29	67	28	58	26	70	4	20	63	80	97	10	42	82	91	5	59	60	4	31	77	38	4	42	19	68	27	89	72	70	
22	14	3	18	30	93	35	28	10	28	27	76	72	63	16	54	54	29	54	7	76	83	23	14	88	77	46	10	69	31	65	6	21	79	5	80	7	88	50	18	83	88	61	73	3	89	88	52	86	4	2	26	51	3	63	55	53	24	10	44	
4	3	4	23	38	73	36	49	26	30	25	23	89	72	46	55	99	64	65	64	17	28	53	79	33	42	100	72	53	8	65	40	55	24	91	84	12	34	71	21	56	36	50	17	6	89	73	7	1	53	4	94	29	48	77	64	25	9	67	25	
65	93	43	28	20	39	85	30	72	42	30	92	73	41	68	51	39	95	47	43	87	12	35	58	91	10	50	71	5	3	91	57	85	18	18	74	57	47	74	22	31	17	13	54	21	6	56	25	76	77	46	44	37	20	73	25	95	39	90	30	
83	81	28	62	60	27	76	77	72	41	75	36	18	50	65	36	44	51	49	55	24	72	33	90	41	81	34	77	49	30	35	32	8	22	95	79	92	77	52	97	63	5	67	28	88	45	41	92	93	51	43	9	49	52	77	94	81	57	59	47	
49	24	28	69	64	99	34	100	3	92	87	98	70	42	55	7	48	75	41	83	22	7	66	67	93	64	60	66	87	65	87	16	42	64	58	65	39	39	55	30	2	75	36	40	39	16	73	59	53	24	10	98	85	6	71	25	29	96	77	52	
49	48	46	46	65	3	24	40	56	63	26	55	81	67	31	15	80	85	51	89	52	79	39	92	75	65	41	63	41	45	32	26	100	72	1	50	6	68	42	18	45	79	42	48	56	51	52	83	43	22	13	18	41	5	28	52	87	23	85	10	
4	47	10	30	39	93	35	89	41	92	32	51	68	86	59	93	26	16	20	68	46	66	9	81	4	73	90	32	55	73	73	8	48	77	70	70	72	92	100	74	30	83	99	59	58	45	29	95	13	94	2	26	78	74	89	29	48	60	84	50	
13	70	75	82	83	88	88	20	37	9	73	96	20	56	22	94	86	35	37	32	23	20	79	13	30	33	93	96	62	53	10	92	98	23	83	45	10	35	12	19	11	3	61	65	80	68	57	73	26	29	86	42	17	74	37	18	32	13	23	65	
59	9	17	73	54	68	19	16	17	87	7	71	74	95	28	36	30	46	77	46	52	90	16	71	75	9	15	27	46	46	45	100	1	96	64	77	25	60	69	70	75	79	80	76	42	28	39	81	78	63	29	27	13	71	24	17	60	49	90	58	
41	89	18	80	72	21	19	84	23	84	45	29	46	28	16	6	34	3	81	24	84	26	69	98	89	16	37	59	62	29	88	29	21	54	63	71	10	64	66	74	67	11	85	64	8	86	46	93	40	44	42	1	28	24	6	73	100	60	75	92	
19	90	43	26	94	76	95	16	69	83	30	27	78	38	59	26	26	80	10	5	18	66	66	32	9	13	51	94	70	27	54	94	56	80	6	63	36	84	58	44	63	3	82	23	80	21	98	53	20	47	28	6	29	41	62	85	48	28	32	75	
86	3	51	60	85	86	66	22	94	62	56	29	18	31	39	3	65	67	59	28	94	94	33	28	73	66	65	76	17	5	90	59	82	89	73	30	37	72	61	18	85	16	90	96	83	41	27	77	97	80	93	51	76	6	100	36	85	29	40	41	
8	30	4	54	20	88	85	28	34	75	75	95	29	49	55	21	29	85	52	22	75	53	84	70	73	38	17	56	3	5	77	93	100	52	38	67	100	18	50	30	78	39	98	100	82	15	7	60	46	88	66	43	36	70	72	85	54	23	17	49	
33	99	66	30	95	38	65	8	96	91	24	88	26	47	36	43	36	27	63	86	40	50	27	14	21	2	62	8	67	96	75	80	20	66	87	33	7	54	67	80	47	76	91	10	58	92	72	67	22	24	2	17	8	42	13	41	35	82	53	4	
20	7	16	35	80	59	82	31	77	44	75	23	64	33	64	49	38	73	35	49	69	66	32	27	30	77	72	94	93	97	37	47	33	37	70	12	28	50	25	66	97	25	62	6	28	45	50	39	49	63	95	27	17	7	90	98	10	78	34	43	
78	60	3	66	85	16	83	30	86	2	80	68	42	21	46	99	55	21	86	33	61	42	70	42	34	21	35	100	99	38	41	91	73	75	2	70	41	44	46	80	8	72	9	44	14	31	58	3	33	24	34	32	32	65	56	34	64	8	63	16	
75	60	44	37	99	1	43	85	49	96	60	84	91	3	66	85	27	28	38	86	17	11	88	50	39	92	28	7	83	61	91	46	64	85	76	51	84	54	32	85	13	53	36	29	95	100	70	33	54	55	7	49	69	61	100	89	10	28	34	98	
74	59	34	69	11	33	76	96	20	12	71	24	89	71	98	35	88	54	66	43	51	37	28	86	83	11	84	92	96	81	38	41	54	44	36	51	20	23	32	4	70	4	55	76	88	81	50	86	37	50	93	19	62	97	45	67	24	20	50	58	
67	66	17	74	11	73	65	39	42	24	77	39	72	21	41	28	4	51	37	34	84	63	87	17	82	40	79	50	64	10	37	65	77	44	22	95	1	36	90	25	19	71	17	97	28	76	48	15	55	62	86	63	3	90	76	73	65	5	61	33	
6	18	10	40	3	79	17	70	19	77	2	89	9	45	10	6	11	40	20	91	74	98	66	53	71	55	85	3	77	78	67	11	60	46	96	95	73	74	10	98	95	64	58	56	25	97	88	27	65	7	2	23	85	82	24	21	40	37	1	43	
75	12	54	7	36	50	83	86	2	9	58	43	95	20	41	100	35	24	94	18	70	29	61	95	27	51	20	77	25	73	5	10	34	73	21	51	51	78	23	89	60	5	57	100	24	61	27	14	55	57	84	72	9	16	61	71	66	9	58	2	
16	58	3	34	20	33	44	66	21	32	93	60	33	22	49	99	86	28	24	70	60	73	58	14	35	65	30	99	12	38	55	9	3	41	34	96	43	3	15	8	70	11	100	39	98	95	92	99	56	17	65	25	7	20	29	98	4	70	53	44	
70	93	70	4	15	1	63	29	45	68	67	1	85	97	45	46	47	33	49	96	84	15	81	81	8	21	52	14	8	43	13	84	92	36	75	1	80	35	16	7	8	24	47	97	95	35	91	85	64	51	1	78	16	35	28	60	63	73	95	16	
11	24	18	80	53	36	55	70	1	34	48	96	77	34	44	20	32	92	62	77	12	38	34	73	5	12	59	96	88	79	7	58	9	40	77	44	47	4	69	89	16	80	7	70	11	74	93	86	60	24	10	88	81	26	50	70	39	71	53	75	
On machine	6
23	52	75	91	5	43	53	1	20	89	93	29	95	42	5	55	28	62	42	84	19	81	16	36	77	18	29	23	10	95	18	96	23	44	3	98	4	14	43	25	73	50	75	93	83	50	15	94	26	15	47	60	81	100	87	87	61	58	26	53	
45	93	59	43	1	46	39	33	82	17	33	42	26	20	12	23	60	24	37	75	26	100	81	67	53	12	27	23	45	67	9	17	77	97	70	11	53	90	8	43	47	79	9	90	51	2	48	18	74	39	33	6	4	18	55	86	84	3	69	74	
28	5	58	29	75	26	82	18	31	53	45	8	50	13	82	91	75	13	29	14	80	96	25	38	84	16	29	63	90	17	72	54	32	3	66	79	5	28	12	91	3	83	35	44	73	26	29	84	11	37	57	47	32	87	32	13	81	76	8	12	
55	23	88	90	27	70	68	13	11	73	10	42	60	99	69	63	38	83	81	53	91	37	71	81	56	27	35	83	60	90	7	79	35	45	1	62	74	22	76	49	3	86	87	31	11	98	83	9	34	35	70	1	67	14	91	17	13	20	40	82	
78	27	86	42	89	34	24	93	49	78	19	2	95	86	48	2	88	83	29	27	89	95	53	46	11	75	50	85	3	31	50	59	36	91	50	44	78	27	92	29	19	2	31	19	68	83	59	48	71	99	68	91	98	99	16	55	15	73	23	14	
93	48	62	50	29	97	49	93	2	23	74	25	70	31	63	46	78	5	14	7	64	62	3	78	63	38	10	76	90	63	31	68	57	78	70	35	4	66	78	97	93	11	65	57	72	9	40	62	81	13	5	4	22	63	86	29	18	29	72	42	
1	10	72	76	65	26	57	47	24	93	74	63	91	67	53	78	50	87	68	43	1	19	46	44	87	2	46	82	36	11	76	31	100	85	92	28	30	84	75	64	42	15	59	65	35	94	90	94	48	90	62	1	1	58	88	13	21	52	22	11	
61	17	53	72	91	1	11	86	68	67	33	16	98	8	24	7	39	52	57	58	98	17	51	76	83	95	32	85	5	93	98	18	5	34	95	45	98	10	63	41	27	47	2	45	80	87	46	91	45	27	93	6	15	41	5	76	77	81	51	42	
74	45	71	41	15	75	27	43	64	39	94	48	62	25	14	49	36	12	7	22	74	88	34	91	73	10	11	41	60	25	74	54	50	2	16	15	45	43	96	40	86	21	91	1	94	53	98	67	29	80	41	100	77	37	77	11	26	11	62	12	
35	26	93	36	7	3	17	7	81	31	14	97	48	31	91	51	87	78	41	90	9	99	20	93	12	62	81	84	51	4	32	91	20	9	58	55	6	86	39	87	48	23	86	55	54	86	73	86	1	1	95	28	82	12	99	2	5	43	66	8	
12	94	40	47	57	90	55	93	27	3	25	50	10	94	15	1	60	74	93	94	36	17	4	68	37	8	6	89	86	15	13	29	24	89	82	21	67	72	23	13	70	79	59	64	94	77	93	74	42	58	20	91	96	75	77	82	17	14	53	88	
53	6	65	46	93	72	67	75	70	51	3	95	91	10	41	57	70	27	13	96	95	74	68	97	84	50	13	58	88	31	25	93	74	69	26	34	37	36	46	47	58	17	90	67	93	67	80	25	8	57	26	70	36	35	96	28	77	7	77	64	
32	3	57	34	91	12	97	91	1	77	83	100	55	75	12	5	5	99	99	64	49	71	12	48	33	93	73	64	55	70	92	52	50	9	89	6	10	66	69	92	81	34	23	1	60	96	25	5	72	89	63	35	69	32	80	62	42	39	81	89	
98	50	10	90	34	10	45	100	77	88	66	61	56	87	49	80	6	6	46	40	27	66	14	96	47	56	96	32	38	6	11	47	26	52	79	62	60	33	58	10	74	93	4	74	32	21	29	100	29	17	86	100	57	98	42	72	1	20	95	22	
83	1	3	87	90	3	76	65	56	51	71	27	18	18	96	87	59	100	71	21	69	38	17	26	33	24	83	88	17	24	66	80	23	5	38	51	51	88	36	81	69	75	77	75	96	59	13	40	82	55	32	7	70	33	8	75	46	29	79	66	
84	91	99	2	95	74	43	17	69	82	91	40	4	26	7	42	2	67	92	21	93	63	43	82	7	21	86	81	9	68	88	64	94	2	73	68	19	3	90	59	76	86	2	52	81	95	73	84	26	86	27	67	8	39	17	38	33	47	12	2	
22	69	46	32	43	96	68	6	34	93	64	87	4	88	88	15	76	83	67	21	1	81	77	28	26	40	41	67	100	82	100	36	33	74	63	60	30	2	21	61	38	23	24	75	24	71	1	3	17	66	90	5	27	80	59	41	69	30	83	25	
28	15	32	37	49	57	65	99	57	40	63	23	41	42	78	29	9	71	50	10	83	23	89	21	8	94	55	91	43	44	55	69	9	33	51	4	28	38	87	32	94	85	58	70	44	41	43	52	4	18	42	43	43	79	57	87	15	64	40	8	
9	30	14	85	70	41	26	52	12	42	10	45	18	5	27	56	67	21	81	84	18	97	9	94	53	61	60	20	26	86	50	10	11	73	95	94	13	39	88	15	66	5	93	53	5	94	89	23	18	85	3	61	6	87	48	98	17	74	16	33	
19	79	49	92	84	65	78	81	68	14	29	4	73	66	4	36	2	97	20	25	88	82	22	83	83	86	81	49	31	61	17	8	79	55	66	33	14	73	88	32	8	11	70	51	39	37	28	42	63	89	29	100	22	32	40	18	40	18	95	14	
39	75	97	59	22	47	21	31	7	6	92	29	41	69	93	100	19	44	55	51	6	100	51	35	88	94	28	34	34	100	67	13	44	8	74	96	39	83	60	97	20	44	6	90	74	13	77	11	88	80	91	39	56	82	82	30	38	5	43	95	
29	72	39	82	63	59	76	33	88	42	65	87	1	42	55	61	25	94	91	60	11	16	20	19	5	48	47	5	44	40	47	65	57	93	14	38	4	100	5	77	31	1	71	81	13	28	10	25	40	89	37	8	36	94	33	65	84	65	64	24	
30	16	50	77	18	87	56	79	91	81	47	72	65	87	15	67	10	43	19	94	8	61	42	25	66	66	70	54	59	95	16	39	7	56	8	57	51	64	90	90	71	87	61	58	26	89	56	53	62	27	42	12	17	3	94	4	91	57	15	59	
100	51	12	46	8	25	83	34	29	25	3	100	78	49	88	43	18	54	50	27	94	99	84	23	94	59	82	18	17	67	97	18	12	76	54	25	17	26	21	69	64	97	43	23	26	1	11	99	80	15	17	61	50	52	60	39	69	68	13	85	
9	99	87	41	39	99	9	72	38	72	46	52	4	94	55	21	24	87	94	30	25	100	2	43	94	49	67	100	72	91	31	43	47	70	73	26	93	11	69	100	63	51	20	45	33	24	74	4	96	56	41	8	34	92	12	42	45	67	8	14	
40	47	5	10	99	31	16	15	53	22	91	67	67	54	93	35	2	84	68	34	85	36	73	69	88	32	83	8	5	50	35	21	45	45	62	56	52	79	23	75	9	100	22	50	15	82	85	14	5	30	98	85	25	22	21	45	10	19	80	75	
64	53	76	61	95	84	30	63	16	81	46	5	79	10	42	74	23	10	62	1	32	5	19	83	30	86	89	40	87	6	94	61	67	4	72	71	33	57	94	65	17	14	85	75	56	32	56	13	63	87	74	18	48	14	47	3	73	10	2	87	
14	8	77	96	10	72	74	53	44	44	69	9	36	62	13	16	99	9	31	25	23	37	76	52	16	16	31	97	78	80	19	16	52	62	78	26	40	69	78	44	9	84	63	91	73	12	17	60	42	6	63	45	79	19	37	55	10	28	74	73	
89	56	21	25	1	28	40	85	31	74	93	81	17	6	80	59	15	33	30	35	51	14	9	28	94	73	4	43	32	58	44	51	33	7	90	76	65	57	35	48	69	48	38	95	59	29	89	41	36	60	27	73	64	10	20	80	17	76	69	100	
59	5	73	99	96	40	96	67	48	58	28	11	63	55	9	85	94	98	13	13	94	74	28	34	87	33	44	16	84	48	36	42	71	89	18	5	48	40	46	25	57	30	78	81	77	34	51	17	53	12	77	3	70	94	1	79	64	44	21	40	
83	12	18	50	80	59	30	33	42	31	65	73	73	62	9	88	90	61	83	22	69	100	95	19	64	13	91	34	41	63	88	100	89	37	42	2	74	19	26	35	58	40	16	9	76	37	5	3	40	93	69	28	46	73	13	18	60	66	17	24	
69	97	8	28	32	94	44	79	4	28	44	76	55	8	11	20	18	24	43	50	81	90	53	98	56	40	3	6	65	62	15	74	99	79	42	40	58	32	9	94	31	39	58	70	82	46	75	66	87	18	62	70	86	19	24	26	43	65	68	72	
36	49	30	38	56	68	9	32	36	7	96	53	15	59	100	46	12	39	6	99	7	72	99	49	51	89	13	71	50	35	68	89	53	82	17	74	64	9	25	16	86	78	77	34	20	57	92	85	95	15	19	11	37	30	48	24	24	15	1	93	
63	27	27	75	48	94	12	68	19	9	66	89	15	18	69	79	46	21	92	45	40	73	35	86	10	91	67	47	36	22	7	49	32	76	66	100	37	52	28	74	52	97	37	25	53	34	67	62	64	66	16	40	10	21	24	12	90	80	76	55	
45	38	67	29	77	11	63	47	28	5	88	43	100	92	5	85	10	10	43	54	48	29	74	93	87	8	33	74	17	44	21	30	21	2	57	54	60	79	61	51	8	100	28	94	68	72	30	78	23	8	50	95	72	73	72	80	1	90	86	22	
62	56	44	74	93	58	38	12	8	89	61	62	90	34	97	77	62	34	37	27	76	22	15	88	85	51	77	56	77	94	20	37	3	11	49	97	73	59	9	60	84	73	29	75	38	39	17	7	62	40	41	71	9	60	46	3	2	6	18	63	
87	93	82	4	18	98	98	69	60	65	82	12	57	50	92	74	36	54	63	100	14	38	22	32	49	35	63	75	9	3	18	88	59	31	32	69	56	61	21	65	76	7	18	90	31	69	3	87	20	96	12	68	36	99	53	49	9	35	95	72	
96	69	61	67	4	59	39	46	37	99	38	16	23	30	84	8	14	97	77	90	45	16	26	91	49	88	69	5	53	19	17	95	21	53	95	88	23	33	54	46	48	4	63	32	30	46	28	52	81	31	90	15	24	15	8	82	78	93	66	6	
1	23	50	74	46	59	93	19	5	90	69	80	51	94	42	8	73	10	43	1	14	18	50	34	85	24	43	15	80	89	36	35	93	57	24	6	35	50	58	44	52	34	89	58	4	74	78	16	19	18	32	2	63	3	22	7	44	92	21	67	
86	80	100	24	85	3	18	23	58	15	55	96	92	80	65	91	8	43	8	84	54	75	43	37	13	18	1	43	37	99	52	82	30	91	37	89	56	17	81	22	85	29	6	57	71	49	57	51	63	87	90	16	48	25	36	49	88	18	44	64	
19	72	84	33	82	6	24	30	39	64	83	61	26	29	70	56	19	68	37	78	72	18	51	36	58	83	84	82	47	51	65	7	68	75	79	58	80	64	64	91	82	83	99	2	23	38	24	10	57	10	58	80	13	5	4	48	64	10	2	48	
88	86	82	29	42	49	11	31	1	30	21	69	93	19	53	3	56	9	14	45	57	14	15	61	60	8	99	73	62	37	51	19	73	87	99	32	58	74	64	22	88	59	91	42	60	92	10	58	79	13	43	7	75	33	49	57	94	78	43	45	
3	5	38	39	39	37	50	70	83	37	100	1	59	64	27	71	94	61	81	21	43	48	11	23	91	91	43	4	67	88	36	17	57	94	11	81	58	81	1	42	7	99	61	71	32	81	80	65	60	95	90	18	71	35	78	32	68	19	61	6	
63	69	11	58	82	59	34	15	6	19	43	99	68	64	66	32	60	69	26	82	6	65	5	68	92	88	1	64	24	22	79	96	42	78	91	46	87	92	80	46	58	6	29	7	63	71	80	83	71	80	6	96	4	56	71	27	34	7	64	22	
97	15	50	4	27	94	64	51	36	98	100	79	100	90	6	49	72	72	42	26	57	88	87	29	10	92	47	79	29	87	77	30	76	83	37	99	15	54	79	84	76	53	58	16	78	12	18	53	27	24	8	24	50	58	97	87	32	32	34	44	
48	77	82	60	40	21	16	10	6	86	43	8	81	40	95	59	17	100	2	99	84	59	42	41	17	81	61	25	1	48	79	74	97	53	46	32	51	30	76	67	36	5	96	37	37	16	98	38	4	41	88	15	14	80	21	73	95	3	62	78	
98	85	74	49	50	14	66	14	91	86	48	32	9	55	35	30	53	81	95	91	69	44	7	13	11	68	64	81	92	60	48	100	59	63	87	21	52	12	32	94	33	72	8	100	68	70	22	99	93	38	31	12	6	12	44	85	21	42	8	59	
52	81	27	22	8	37	35	2	86	64	31	4	97	77	13	63	90	71	80	100	36	67	93	35	53	2	85	39	44	95	92	100	19	18	36	64	16	44	77	41	70	6	76	28	27	64	94	48	59	73	90	9	20	21	77	19	8	30	73	36	
98	63	8	28	12	46	70	90	49	55	49	48	26	65	77	98	19	74	63	45	91	14	66	82	31	28	28	96	79	35	48	10	58	53	88	36	49	65	58	48	85	19	36	36	44	94	37	95	20	50	76	13	74	54	47	59	78	23	100	26	
44	81	11	54	79	13	13	78	20	1	51	35	93	24	97	82	18	33	20	81	99	77	2	72	99	46	33	60	21	79	28	33	14	89	57	5	74	1	2	12	50	63	65	29	61	97	37	60	13	49	87	70	80	18	84	78	28	2	21	57	
76	47	53	45	36	39	10	49	43	46	27	56	2	62	44	27	96	43	6	80	96	66	93	88	35	70	15	51	23	85	70	35	42	84	33	18	99	30	91	88	70	19	33	32	42	24	93	37	60	5	66	49	37	65	86	13	60	77	61	44	
17	55	97	28	41	85	35	76	55	23	43	41	90	98	42	91	36	1	11	20	63	31	56	38	42	50	11	72	70	18	5	75	81	62	48	22	79	56	3	76	31	34	78	7	33	35	61	17	25	38	26	50	10	51	29	21	56	16	7	36	
98	18	36	29	57	8	1	47	81	74	30	4	89	38	97	4	5	55	99	61	49	35	95	53	17	59	12	33	59	84	42	31	32	4	24	86	51	57	92	21	63	25	15	13	91	31	31	27	71	93	18	73	20	51	1	99	92	95	13	46	
31	61	8	64	12	13	52	99	12	62	83	6	56	69	38	56	6	70	40	60	83	55	53	100	18	35	88	78	94	40	84	28	59	84	66	55	66	92	76	78	20	34	4	48	82	5	92	19	6	35	44	63	76	22	53	54	94	58	33	93	
36	14	22	11	1	8	31	8	74	22	69	73	63	43	74	78	43	42	12	84	31	93	92	48	8	84	45	51	69	85	35	100	50	44	70	31	47	18	52	43	35	99	78	27	29	78	10	4	100	28	10	2	57	73	63	43	21	69	65	100	
67	35	58	30	56	66	13	52	26	18	68	60	34	86	99	83	9	57	87	53	33	49	83	52	99	26	94	56	12	13	97	79	80	53	26	37	58	90	50	39	70	3	15	79	47	91	100	55	33	52	13	3	5	72	30	84	38	93	84	15	
29	59	2	97	40	43	60	20	16	97	89	54	46	62	57	33	98	27	2	50	31	27	53	77	2	63	35	77	30	74	29	60	43	59	51	62	78	28	7	63	73	78	18	94	60	6	87	68	66	50	97	8	3	36	69	47	62	35	91	75	
63	92	17	80	76	6	60	51	99	25	76	95	94	31	38	88	54	36	24	17	17	88	91	37	91	26	19	38	10	39	36	22	97	91	1	13	2	96	94	66	8	9	38	30	31	92	24	94	37	43	84	93	37	75	2	77	34	63	19	52	
90	32	21	62	59	13	92	49	50	36	92	49	78	9	57	97	56	10	64	38	57	44	44	58	95	58	25	64	7	43	16	78	66	13	71	3	18	15	98	22	36	75	70	70	60	16	93	8	57	69	27	46	65	15	7	90	19	51	1	70	
59	48	50	16	89	91	60	53	75	20	88	54	28	64	25	31	33	7	3	24	13	28	24	76	47	83	41	47	52	78	48	31	74	19	57	55	97	77	71	52	99	1	57	43	45	32	100	3	48	18	2	19	21	24	43	15	61	4	71	75	
